/*--------------------------------*- C++ -*----------------------------------*\
  =========                 |
  \\      /  F ield         | OpenFOAM: The Open Source CFD Toolbox
   \\    /   O peration     | Website:  https://openfoam.org
    \\  /    A nd           | Version:  dev
     \\/     M anipulation  |
\*---------------------------------------------------------------------------*/
FoamFile
{
    format      ascii;
    class       volScalarField;
    location    "40.95";
    object      Uy;
}
// * * * * * * * * * * * * * * * * * * * * * * * * * * * * * * * * * * * * * //

dimensions      [0 1 -1 0 0 0 0];

internalField   nonuniform List<scalar> 
5184
(
-1.27008e-05
-2.08913e-05
-1.72547e-05
-8.20166e-06
2.66647e-06
1.36181e-05
2.38485e-05
3.30535e-05
4.11132e-05
4.80336e-05
5.38762e-05
5.87259e-05
6.26751e-05
6.58148e-05
6.82301e-05
6.99963e-05
7.11779e-05
7.18273e-05
7.19852e-05
7.16814e-05
7.0935e-05
6.97567e-05
6.81492e-05
6.61096e-05
6.36307e-05
6.07028e-05
5.73153e-05
5.34587e-05
4.91258e-05
4.43136e-05
3.90245e-05
3.32679e-05
2.7061e-05
2.04298e-05
1.34099e-05
6.04716e-06
-1.60233e-06
-9.47207e-06
-1.74855e-05
-2.55567e-05
-3.35913e-05
-4.14875e-05
-4.91383e-05
-5.64325e-05
-6.32575e-05
-6.95014e-05
-7.50554e-05
-7.98165e-05
-8.36901e-05
-8.65923e-05
-8.84527e-05
-8.9216e-05
-8.88439e-05
-8.73169e-05
-8.46344e-05
-8.08159e-05
-7.59007e-05
-6.99476e-05
-6.30343e-05
-5.5257e-05
-4.67297e-05
-3.75855e-05
-2.79793e-05
-1.80938e-05
-8.1543e-06
1.54432e-06
1.05777e-05
1.83091e-05
2.37261e-05
2.51365e-05
1.9854e-05
6.24415e-06
-4.58843e-05
-6.5732e-05
-4.05847e-05
7.61731e-06
6.56773e-05
0.000126007
0.000184325
0.000238387
0.00028705
0.000329872
0.000366814
0.000398065
0.000423936
0.000444794
0.000461017
0.000472964
0.000480957
0.000485272
0.000486132
0.000483709
0.000478124
0.000469453
0.000457735
0.00044298
0.000425175
0.000404297
0.000380321
0.000353231
0.000323027
0.000289735
0.000253417
0.000214175
0.000172159
0.000127572
8.06744e-05
3.17846e-05
-1.87181e-05
-7.03952e-05
-0.000122751
-0.000175239
-0.000227264
-0.000278194
-0.000327367
-0.000374104
-0.000417721
-0.000457541
-0.000492913
-0.000523222
-0.000547906
-0.000566471
-0.000578504
-0.000583685
-0.000581799
-0.000572743
-0.000556532
-0.000533306
-0.000503328
-0.000466988
-0.000424802
-0.00037741
-0.00032558
-0.000270218
-0.000212386
-0.000153336
-9.45788e-05
-3.79931e-05
1.39589e-05
5.79719e-05
8.94523e-05
0.000101902
8.65498e-05
3.64971e-05
-8.13381e-05
-9.50864e-05
-1.91802e-05
0.000105911
0.00025467
0.000410647
0.000563525
0.000707166
0.000838118
0.000954675
0.00105624
0.00114291
0.00121519
0.00127381
0.0013196
0.00135337
0.00137591
0.00138787
0.00138983
0.00138223
0.00136539
0.00133954
0.00130481
0.00126126
0.0012089
0.00114772
0.00107772
0.000998894
0.000911322
0.000815138
0.000710574
0.000597976
0.000477816
0.000350711
0.000217427
7.88871e-05
-6.38275e-05
-0.000209481
-0.000356689
-0.000503934
-0.00064958
-0.000791892
-0.000929069
-0.00105927
-0.00118063
-0.00129135
-0.00138966
-0.00147392
-0.00154263
-0.00159446
-0.00162834
-0.00164341
-0.00163911
-0.00161518
-0.00157171
-0.00150907
-0.00142804
-0.0013297
-0.0012155
-0.00108726
-0.000947142
-0.000797719
-0.000642
-0.000483518
-0.000326473
-0.000175954
-3.82811e-05
7.85272e-05
0.000164171
0.000205482
0.000186349
9.04204e-05
-9.77924e-05
-7.32182e-05
8.47349e-05
0.000318365
0.000590162
0.000874495
0.00115432
0.00141886
0.00166163
0.00187909
0.0020697
0.00223318
0.00237012
0.00248154
0.00256871
0.00263297
0.00267559
0.00269774
0.00270039
0.00268433
0.00265015
0.00259829
0.00252902
0.00244249
0.00233878
0.00221794
0.00208001
0.00192512
0.00175347
0.00156541
0.00136146
0.00114235
0.000909077
0.000662864
0.000405229
0.000137975
-0.000136807
-0.000416747
-0.000699209
-0.000981313
-0.00125997
-0.00153193
-0.0017938
-0.00204215
-0.00227353
-0.00248455
-0.00267196
-0.00283271
-0.00296402
-0.00306348
-0.00312905
-0.0031592
-0.0031529
-0.00310971
-0.00302977
-0.00291387
-0.00276345
-0.0025806
-0.00236808
-0.00212936
-0.00186857
-0.00159062
-0.00130124
-0.00100708
-0.000715967
-0.000437185
-0.000181875
3.63474e-05
0.000200761
0.000290968
0.000282672
0.000147333
-8.44646e-05
2.08262e-05
0.000295428
0.000668088
0.00109098
0.00153019
0.00196226
0.00237172
0.00274883
0.00308796
0.00338632
0.00364311
0.00385879
0.00403458
0.00417216
0.00427334
0.00433992
0.00437354
0.00437563
0.00434736
0.00428964
0.00420313
0.00408829
0.00394541
0.00377468
0.00357627
0.00335035
0.00309721
0.00281728
0.00251123
0.00218001
0.0018249
0.00144753
0.00104997
0.00063469
0.000204621
-0.000236878
-0.000686018
-0.00113861
-0.00159009
-0.0020356
-0.00247001
-0.00288803
-0.00328427
-0.00365335
-0.00399
-0.00428915
-0.00454607
-0.00475645
-0.00491652
-0.00502316
-0.00507399
-0.00506743
-0.00500279
-0.00488035
-0.00470136
-0.00446809
-0.00418388
-0.00385309
-0.0034812
-0.00307479
-0.00264158
-0.00219059
-0.00173222
-0.00127853
-0.000843574
-0.000443844
-9.89056e-05
0.000167897
0.000328828
0.000351143
0.000194211
-3.75788e-05
0.000197324
0.000626943
0.00117051
0.00177205
0.00239069
0.00299735
0.00357225
0.00410252
0.00458039
0.00500178
0.0053652
0.0056709
0.00592024
0.0061152
0.00625804
0.00635105
0.00639636
0.00639584
0.00635106
0.00626325
0.00613335
0.00596201
0.00574972
0.00549682
0.00520365
0.00487057
0.00449812
0.00408707
0.00363849
0.00315389
0.00263522
0.00208496
0.00150617
0.00090248
0.000278158
-0.000361932
-0.00101233
-0.00166704
-0.00231954
-0.00296291
-0.00358987
-0.00419291
-0.00476444
-0.00529683
-0.00578266
-0.00621478
-0.00658653
-0.00689184
-0.00712541
-0.00728286
-0.0073608
-0.00735705
-0.00727064
-0.00710196
-0.00685281
-0.00652641
-0.0061275
-0.00566232
-0.00513864
-0.00456581
-0.00395483
-0.00331839
-0.0026711
-0.00202968
-0.00141335
-0.000844234
-0.000348034
4.52711e-05
0.000300732
0.000377528
0.00022461
4.40604e-05
0.000461284
0.0010872
0.00183503
0.00264288
0.0034645
0.00426623
0.00502462
0.00572405
0.00635482
0.00691163
0.00739229
0.00779682
0.00812666
0.00838407
0.00857172
0.00869234
0.00874853
0.00874261
0.00867652
0.00855184
0.00836977
0.00813123
0.00783689
0.00748731
0.00708303
0.00662469
0.00611313
0.00554954
0.00493554
0.00427328
0.00356553
0.00281574
0.00202813
0.00120768
0.000360168
-0.000507825
-0.00138897
-0.00227521
-0.00315786
-0.00402769
-0.00487503
-0.00568992
-0.00646226
-0.00718199
-0.00783927
-0.00842467
-0.00892934
-0.00934527
-0.00966546
-0.00988406
-0.00999663
-0.0100002
-0.00989356
-0.00967712
-0.00935327
-0.00892629
-0.00840244
-0.00778999
-0.00709927
-0.00634265
-0.00553468
-0.00469208
-0.00383397
-0.00298204
-0.0021609
-0.00139849
-0.00072666
-0.00018192
0.000193916
0.000352718
0.000235099
0.00016045
0.000814581
0.00168
0.00266667
0.00370888
0.00475656
0.00577267
0.0067309
0.00761346
0.00840905
0.00911135
0.00971763
0.0102277
0.0106431
0.0109664
0.0112006
0.0113488
0.0114142
0.0113995
0.0113069
0.0111384
0.0108955
0.0105793
0.0101908
0.00973078
0.00919999
0.0085994
0.00793026
0.00719425
0.00639359
0.00553121
0.0046108
0.00363692
0.00261508
0.00155176
0.000454413
-0.000668507
-0.00180761
-0.00295261
-0.00409244
-0.00521537
-0.00630913
-0.00736109
-0.00835846
-0.0092885
-0.0101387
-0.0108973
-0.0115528
-0.0120953
-0.0125158
-0.0128068
-0.0129628
-0.0129798
-0.0128563
-0.0125927
-0.0121919
-0.0116594
-0.0110031
-0.0102332
-0.00936291
-0.00840779
-0.00738613
-0.00631894
-0.00523005
-0.00414633
-0.00309794
-0.00211868
-0.00124653
-0.000524306
-2.29344e-07
0.000271143
0.00022397
0.000310955
0.00125713
0.00240629
0.0036673
0.00497237
0.00626914
0.00751832
0.00869172
0.00976997
0.0107407
0.0115969
0.0123355
0.0129562
0.0134607
0.0138519
0.0141332
0.0143082
0.0143803
0.0143528
0.0142283
0.014009
0.0136968
0.013293
0.0127988
0.0122153
0.0115436
0.0107849
0.00994104
0.00901417
0.00800723
0.00692399
0.00576917
0.00454854
0.00326901
0.00193867
0.0005668
-0.000836146
-0.00225856
-0.0036878
-0.00511024
-0.00651146
-0.00787644
-0.00918967
-0.0104355
-0.0115983
-0.0126628
-0.0136143
-0.0144392
-0.0151248
-0.0156602
-0.0160361
-0.0162456
-0.0162839
-0.0161487
-0.0158405
-0.0153629
-0.0147222
-0.0139279
-0.0129927
-0.0119324
-0.010766
-0.00951566
-0.00820687
-0.00686836
-0.00553227
-0.00423441
-0.00301448
-0.0019165
-0.000989355
-0.000287231
0.000129693
0.000190571
0.000494673
0.00178768
0.00326521
0.00483654
0.00643333
0.00800225
0.00950294
0.0109062
0.0121918
0.013347
0.0143642
0.0152405
0.0159757
0.0165717
0.0170318
0.0173599
0.01756
0.017636
0.0175915
0.0174295
0.0171525
0.0167627
0.0162618
0.0156511
0.0149319
0.0141059
0.0131745
0.01214
0.0110053
0.00977404
0.00845086
0.00704159
0.0055533
0.00399439
0.00237465
0.000705268
-0.00100117
-0.00273076
-0.00446831
-0.00619756
-0.00790126
-0.00956144
-0.0111596
-0.012677
-0.014095
-0.0153953
-0.0165603
-0.0175734
-0.0184198
-0.0190859
-0.0195608
-0.0198357
-0.0199047
-0.019765
-0.0194169
-0.0188643
-0.0181145
-0.0171789
-0.0160721
-0.014813
-0.0134239
-0.0119311
-0.0103646
-0.00875805
-0.00714908
-0.00557919
-0.004094
-0.0027435
-0.00158245
-0.000670635
-7.32506e-05
0.00013482
0.000710571
0.00240435
0.00425466
0.00617242
0.00808996
0.00995416
0.0117246
0.013372
0.0148762
0.0162242
0.0174088
0.0184273
0.0192799
0.019969
0.0204984
0.0208723
0.0210954
0.021172
0.021106
0.020901
0.0205597
0.0200846
0.0194775
0.0187402
0.0178742
0.0168815
0.015764
0.0145245
0.0131664
0.0116943
0.0101136
0.00843154
0.00665634
0.00479799
0.00286804
0.000879671
-0.00115234
-0.00321166
-0.00528054
-0.0073399
-0.00936958
-0.0113485
-0.0132551
-0.0150673
-0.0167632
-0.0183214
-0.0197211
-0.0209429
-0.0219688
-0.0227832
-0.0233726
-0.0237266
-0.0238379
-0.0237028
-0.0233212
-0.0226975
-0.0218398
-0.020761
-0.019478
-0.0180125
-0.0163904
-0.0146419
-0.0128017
-0.0109087
-0.00900596
-0.00714072
-0.00536454
-0.00373339
-0.00230779
-0.00115289
-0.000338526
5.68851e-05
0.000957571
0.00310482
0.00537176
0.00767185
0.00993911
0.0121217
0.0141801
0.0160857
0.0178191
0.019368
0.0207259
0.0218905
0.0228628
0.023646
0.0242443
0.0246627
0.0249064
0.0249802
0.0248885
0.0246351
0.0242232
0.0236554
0.022934
0.0220608
0.0210379
0.0198673
0.0185516
0.0170939
0.0154984
0.0137704
0.0119165
0.00994472
0.00786493
0.00568862
0.00342914
0.00110167
-0.00127675
-0.00368734
-0.00610967
-0.0085218
-0.0109005
-0.0132216
-0.0154602
-0.0175908
-0.0195881
-0.0214272
-0.0230841
-0.0245361
-0.0257623
-0.0267441
-0.0274657
-0.0279144
-0.0280816
-0.0279622
-0.0275558
-0.0268667
-0.025904
-0.0246817
-0.0232191
-0.0215407
-0.0196757
-0.0176588
-0.0155291
-0.0133308
-0.0111126
-0.0089275
-0.00683323
-0.00489167
-0.00316911
-0.00173599
-0.000666698
-4.30171e-05
0.00123458
0.00388655
0.00661309
0.00933091
0.0119766
0.0145004
0.0168648
0.0190426
0.0210158
0.0227733
0.0243097
0.025624
0.0267181
0.0275959
0.0282627
0.0287241
0.028986
0.0290537
0.0289321
0.0286253
0.028137
0.02747
0.0266267
0.0256095
0.0244205
0.0230621
0.0215372
0.0198497
0.0180043
0.016007
0.0138654
0.0115888
0.00918832
0.00667701
0.00407004
0.00138462
-0.00135995
-0.00414241
-0.00693962
-0.00972672
-0.0124774
-0.0151641
-0.0177585
-0.0202317
-0.0225548
-0.0246992
-0.0266372
-0.0283428
-0.0297916
-0.0309621
-0.0318355
-0.0323971
-0.0326358
-0.0325456
-0.0321251
-0.0313784
-0.0303151
-0.0289507
-0.0273063
-0.0254092
-0.0232923
-0.0209941
-0.0185588
-0.0160357
-0.0134793
-0.0109486
-0.00850754
-0.00622401
-0.00417023
-0.00242203
-0.00105841
-0.000164754
0.0015405
0.00474684
0.00797482
0.0111451
0.0141975
0.0170852
0.0197733
0.022237
0.0244603
0.0264339
0.0281542
0.0296215
0.0308391
0.0318121
0.0325468
0.0330497
0.0333274
0.0333859
0.0332306
0.032866
0.0322961
0.031524
0.0305525
0.0293839
0.0280209
0.026466
0.0247227
0.0227951
0.0206888
0.0184103
0.0159684
0.0133733
0.0106374
0.00777553
0.00480446
0.00174344
-0.001386
-0.00456011
-0.00775301
-0.0109369
-0.0140823
-0.0171584
-0.0201331
-0.0229739
-0.0256482
-0.0281234
-0.0303682
-0.0323526
-0.0340486
-0.0354313
-0.0364788
-0.0371735
-0.0375022
-0.0374569
-0.0370352
-0.0362407
-0.0350833
-0.0335795
-0.0317524
-0.0296318
-0.0272541
-0.024662
-0.0219044
-0.0190362
-0.0161177
-0.0132142
-0.0103957
-0.00773674
-0.0053155
-0.00321348
-0.00151465
-0.000308361
0.00187423
0.00568283
0.00945283
0.0131092
0.016596
0.0198699
0.0228993
0.0256625
0.028146
0.0303432
0.0322525
0.0338761
0.035219
0.0362878
0.0370899
0.0376329
0.0379244
0.0379709
0.0377785
0.0373523
0.0366963
0.0358142
0.0347088
0.0333829
0.0318391
0.0300805
0.0281108
0.0259346
0.0235578
0.020988
0.0182345
0.0153088
0.0122246
0.00899798
0.00564754
0.00219446
-0.00133755
-0.00492228
-0.00853116
-0.0121334
-0.0156964
-0.0191857
-0.0225658
-0.0258002
-0.0288524
-0.0316857
-0.0342646
-0.0365551
-0.0385252
-0.0401461
-0.0413925
-0.0422434
-0.0426829
-0.0427009
-0.0422934
-0.0414632
-0.0402201
-0.0385814
-0.0365718
-0.0342237
-0.0315767
-0.0286779
-0.0255811
-0.0223466
-0.0190408
-0.0157354
-0.0125072
-0.00943718
-0.00661013
-0.00411358
-0.00203691
-0.000474107
0.00223464
0.00669157
0.0110427
0.015218
0.0191659
0.0228477
0.0262355
0.0293115
0.0320655
0.0344936
0.036597
0.0383803
0.0398503
0.0410155
0.0418847
0.0424669
0.0427703
0.0428027
0.0425706
0.0420794
0.0413339
0.0403377
0.0390941
0.037606
0.0358762
0.0339079
0.0317053
0.0292733
0.0266183
0.0237485
0.0206741
0.0174075
0.0139634
0.0103594
0.00661565
0.00275525
-0.001196
-0.00520953
-0.00925408
-0.013296
-0.0172992
-0.0212261
-0.0250372
-0.0286923
-0.0321503
-0.0353705
-0.038313
-0.0409391
-0.0432126
-0.0451004
-0.0465731
-0.0476061
-0.0481803
-0.0482828
-0.0479076
-0.0470562
-0.045738
-0.0439706
-0.0417803
-0.0392017
-0.0362777
-0.0330594
-0.0296058
-0.0259828
-0.0222631
-0.0185251
-0.0148527
-0.0113339
-0.00806045
-0.00512645
-0.00262734
-0.000662525
0.00262057
0.00776995
0.0127398
0.0174654
0.0219005
0.0260111
0.0297742
0.033176
0.0362103
0.0388767
0.0411794
0.0431257
0.0447249
0.0459874
0.0469238
0.0475444
0.0478587
0.0478753
0.0476013
0.047043
0.0462052
0.045092
0.0437069
0.0420529
0.0401331
0.0379509
0.0355105
0.0328173
0.029878
0.0267014
0.0232983
0.0196819
0.0158681
0.0118756
0.00772612
0.00344444
-0.000941638
-0.00540123
-0.00990052
-0.0144029
-0.0188693
-0.0232582
-0.0275267
-0.0316302
-0.0355234
-0.0391611
-0.0424984
-0.045492
-0.0481008
-0.050287
-0.0520165
-0.0532607
-0.0539965
-0.0542077
-0.0538859
-0.0530305
-0.0516502
-0.0497627
-0.047395
-0.044584
-0.0413757
-0.0378254
-0.0339971
-0.0299625
-0.0258009
-0.0215979
-0.0174447
-0.0134371
-0.0096741
-0.00625727
-0.00328881
-0.000874449
0.00303082
0.00891469
0.0145391
0.0198452
0.0247924
0.0293522
0.0335067
0.0372471
0.0405714
0.0434833
0.0459905
0.0481035
0.0498342
0.0511952
0.0521992
0.052858
0.0531825
0.0531822
0.0528652
0.0522381
0.0513064
0.0500744
0.0485458
0.0467237
0.0446114
0.0422123
0.0395309
0.0365726
0.0333447
0.0298561
0.0261183
0.0221452
0.0179535
0.0135631
0.00899698
0.00428143
-0.000553833
-0.00547578
-0.0104481
-0.0154314
-0.0203834
-0.0252592
-0.0300118
-0.0345925
-0.0389515
-0.0430386
-0.0468041
-0.0501994
-0.0531781
-0.0556971
-0.0577172
-0.0592048
-0.0601325
-0.0604801
-0.0602359
-0.059397
-0.0579704
-0.0559734
-0.0534337
-0.05039
-0.0468911
-0.0429965
-0.0387752
-0.0343051
-0.0296724
-0.0249701
-0.0202975
-0.0157583
-0.0114601
-0.00751239
-0.004025
-0.00111102
0.00346413
0.0101224
0.0164354
0.0223507
0.0278337
0.0328622
0.0374238
0.041515
0.0451389
0.0483036
0.0510206
0.0533039
0.0551685
0.0566296
0.057702
0.0583994
0.0587341
0.0587166
0.0583561
0.0576597
0.0566334
0.0552819
0.0536089
0.0516179
0.0493119
0.0466947
0.0437706
0.0405453
0.0370261
0.0332223
0.0291457
0.0248107
0.0202349
0.0154388
0.0104466
0.00528616
-1.12957e-05
-0.00541071
-0.0108735
-0.0163574
-0.0218172
-0.0272045
-0.0324683
-0.0375557
-0.0424122
-0.0469825
-0.0512115
-0.0550449
-0.0584307
-0.0613198
-0.0636674
-0.0654343
-0.0665877
-0.067103
-0.0669643
-0.0661656
-0.0647117
-0.0626188
-0.0599149
-0.0566398
-0.0528453
-0.0485947
-0.0439623
-0.0390321
-0.0338977
-0.0286601
-0.023427
-0.0183112
-0.0134292
-0.00889942
-0.00484041
-0.00137372
0.00391916
0.0113894
0.0184231
0.0249747
0.0310162
0.0365318
0.0415155
0.0459695
0.0499023
0.0533268
0.0562589
0.0587164
0.0607177
0.0622808
0.0634229
0.0641597
0.0645051
0.0644709
0.0640671
0.0633018
0.0621814
0.0607107
0.0588939
0.0567343
0.0542351
0.0514
0.0482333
0.0447407
0.0409295
0.0368091
0.0323914
0.0276913
0.0227268
0.0175192
0.0120935
0.00647875
0.000707646
-0.00518298
-0.0111524
-0.0171558
-0.023145
-0.0290682
-0.0348705
-0.0404945
-0.045881
-0.0509694
-0.0556989
-0.0600093
-0.063842
-0.0671417
-0.0698571
-0.0719426
-0.0733596
-0.0740777
-0.0740763
-0.0733453
-0.0718867
-0.0697147
-0.066857
-0.0633542
-0.0592606
-0.0546433
-0.0495818
-0.0441666
-0.0384988
-0.0326881
-0.0268513
-0.0211109
-0.0155935
-0.0104272
-0.00574044
-0.00166434
0.0043945
0.0127118
0.0204963
0.0277097
0.034331
0.0403513
0.0457713
0.0505995
0.0548501
0.0585413
0.0616939
0.0643296
0.0664706
0.0681379
0.0693515
0.070129
0.0704862
0.0704365
0.0699907
0.0691577
0.0679444
0.0663562
0.0643972
0.0620709
0.0593804
0.0563293
0.0529217
0.0491632
0.045061
0.0406245
0.0358655
0.0307991
0.0254435
0.0198204
0.0139557
0.00787916
0.0016247
-0.00476927
-0.0112601
-0.0178007
-0.02434
-0.0308228
-0.0371905
-0.0433813
-0.049331
-0.0549736
-0.0602422
-0.0650702
-0.0693923
-0.073146
-0.0762729
-0.0787202
-0.0804425
-0.0814029
-0.0815748
-0.0809434
-0.0795065
-0.077276
-0.0742782
-0.0705541
-0.0661601
-0.0611667
-0.0556587
-0.0497333
-0.0434996
-0.0370763
-0.0305903
-0.0241747
-0.0179668
-0.012106
-0.00673135
-0.00198502
0.00488867
0.0140857
0.0226489
0.0305477
0.0377686
0.04431
0.0501797
0.055393
0.0599701
0.0639349
0.0673132
0.0701313
0.0724151
0.0741892
0.0754763
0.0762965
0.0766673
0.0766038
0.0761179
0.0752193
0.0739157
0.0722126
0.0701143
0.0676244
0.0647459
0.0614821
0.0578371
0.0538159
0.0494257
0.0446754
0.0395769
0.034145
0.0283979
0.0223578
0.0160506
0.00950673
0.00276123
-0.00414634
-0.0111716
-0.0182655
-0.0253742
-0.0324395
-0.039399
-0.0461865
-0.0527329
-0.0589663
-0.0648139
-0.070202
-0.0750582
-0.0793122
-0.0828977
-0.0857539
-0.0878274
-0.0890739
-0.0894599
-0.0889644
-0.0875804
-0.0853161
-0.0821957
-0.0782601
-0.0735668
-0.0681899
-0.062219
-0.0557585
-0.0489257
-0.0418489
-0.034666
-0.0275214
-0.0205647
-0.0139472
-0.00782031
-0.00233826
0.00540008
0.0155066
0.0248742
0.0334802
0.0413191
0.0483969
0.054729
0.0603375
0.0652494
0.0694943
0.0731035
0.0761081
0.0785382
0.0804219
0.0817849
0.08265
0.0830368
0.0829619
0.0824386
0.0814774
0.0800867
0.0782723
0.0760388
0.0733897
0.0703279
0.0668564
0.0629788
0.0587
0.0540265
0.0489669
0.0435327
0.0377382
0.0316017
0.0251449
0.018394
0.0113798
0.00413779
-0.00329144
-0.0108622
-0.0185236
-0.0262195
-0.0338887
-0.0414652
-0.0488786
-0.0560547
-0.0629161
-0.0693833
-0.0753755
-0.0808125
-0.0856158
-0.0897102
-0.093026
-0.095501
-0.0970821
-0.0977278
-0.0974098
-0.0961148
-0.0938464
-0.0906255
-0.0864919
-0.0815038
-0.0757382
-0.0692898
-0.0622698
-0.0548042
-0.0470318
-0.039102
-0.031172
-0.0234043
-0.0159639
-0.00901539
-0.00272687
0.00592705
0.0169701
0.0271654
0.0364985
0.0449721
0.0526004
0.0594065
0.0654198
0.0706741
0.0752055
0.0790507
0.0822459
0.0848257
0.086822
0.0882637
0.0891764
0.089582
0.0894986
0.0889411
0.0879211
0.0864474
0.0845264
0.0821628
0.07936
0.0761209
0.0724479
0.0683444
0.0638146
0.0588644
0.0535019
0.0477378
0.041586
0.0350641
0.0281935
0.0210003
0.0135151
0.00577366
-0.00218281
-0.0103076
-0.0185484
-0.026847
-0.0351395
-0.0433568
-0.0514241
-0.0592624
-0.0667885
-0.0739162
-0.0805575
-0.0866238
-0.0920275
-0.0966842
-0.100514
-0.103445
-0.105414
-0.106371
-0.106277
-0.105113
-0.102875
-0.099581
-0.0952676
-0.0899931
-0.083837
-0.0768984
-0.0692955
-0.0611637
-0.0526525
-0.043924
-0.0351489
-0.0265043
-0.01817
-0.0103256
-0.00315402
0.00646783
0.0184715
0.0295151
0.0395932
0.0487167
0.0569082
0.0641989
0.0706258
0.0762298
0.0810535
0.0851396
0.0885295
0.0912625
0.0933744
0.0948979
0.0958612
0.0962885
0.0962001
0.0956123
0.0945377
0.0929858
0.0909636
0.088476
0.0855262
0.0821169
0.0782502
0.0739287
0.0691562
0.0639377
0.0582804
0.0521944
0.0456927
0.038792
0.0315131
0.0238814
0.0159273
0.00768629
-0.000800166
-0.00948479
-0.0183141
-0.0272283
-0.0361613
-0.0450407
-0.0537881
-0.0623196
-0.0705462
-0.0783753
-0.085711
-0.092456
-0.0985134
-0.103788
-0.108191
-0.111636
-0.114052
-0.115375
-0.115559
-0.114573
-0.112407
-0.109073
-0.104603
-0.0990555
-0.0925106
-0.0850721
-0.0768649
-0.0680338
-0.0587401
-0.049159
-0.0394763
-0.029885
-0.0205812
-0.0117607
-0.00362322
0.00702057
0.0200057
0.0319159
0.0427545
0.0525413
0.0613075
0.0690924
0.0759409
0.0819012
0.0870228
0.0913543
0.0949428
0.0978323
0.100063
0.101671
0.102688
0.103141
0.103051
0.102437
0.101313
0.0996881
0.0975708
0.094966
0.0918768
0.0883055
0.0842538
0.0797238
0.0747183
0.0692415
0.0632998
0.0569019
0.0500598
0.0427893
0.03511
0.0270465
0.0186284
0.00989074
0.000874677
-0.00837232
-0.0177961
-0.0273358
-0.0369233
-0.0464835
-0.0559346
-0.0651881
-0.0741496
-0.0827196
-0.0907946
-0.0982685
-0.105034
-0.110986
-0.116021
-0.120045
-0.12297
-0.124722
-0.125242
-0.124489
-0.122443
-0.119108
-0.114511
-0.108709
-0.101782
-0.0938378
-0.0850072
-0.0754449
-0.0653245
-0.0548356
-0.0441802
-0.0335683
-0.0232142
-0.0133314
-0.00413834
0.00758333
0.0215675
0.0343598
0.0459725
0.0564343
0.065785
0.0740725
0.0813498
0.0876724
0.0930967
0.0976779
0.101469
0.104518
0.10687
0.108566
0.10964
0.110121
0.110034
0.109398
0.108229
0.106538
0.104332
0.101618
0.0983974
0.0946732
0.0904466
0.0857186
0.0804914
0.074768
0.0685535
0.0618557
0.0546851
0.0470561
0.0389871
0.0305014
0.0216273
0.0123991
0.00285724
-0.00695115
-0.0169718
-0.027143
-0.0373953
-0.0476516
-0.0578268
-0.0678283
-0.0775566
-0.0869055
-0.0957637
-0.104016
-0.111545
-0.118233
-0.123966
-0.128634
-0.132136
-0.134385
-0.135306
-0.134847
-0.132976
-0.129687
-0.125001
-0.11897
-0.111673
-0.103221
-0.0937512
-0.0834278
-0.072437
-0.0609838
-0.0492876
-0.0375774
-0.0260869
-0.0150495
-0.00470356
0.00815413
0.0231517
0.0368388
0.0492368
0.0603833
0.0703271
0.0791245
0.0868366
0.0935267
0.0992581
0.104093
0.108089
0.111301
0.113778
0.115564
0.116698
0.117211
0.11713
0.116478
0.115269
0.113517
0.11123
0.108414
0.105071
0.101204
0.0968129
0.0918987
0.086462
0.0805051
0.0740316
0.0670477
0.0595625
0.0515888
0.0431434
0.0342478
0.024929
0.0152199
0.00515974
-0.00520515
-0.0158209
-0.0266256
-0.037549
-0.0485124
-0.0594281
-0.0702
-0.0807234
-0.0908863
-0.10057
-0.109649
-0.117996
-0.125482
-0.131978
-0.13736
-0.141512
-0.14433
-0.145725
-0.145629
-0.143995
-0.140807
-0.136077
-0.129849
-0.122201
-0.113245
-0.103125
-0.0920129
-0.080109
-0.0676344
-0.0548272
-0.0419368
-0.0292185
-0.0169274
-0.00532344
0.00873093
0.0247529
0.0393445
0.0525367
0.064376
0.0749198
0.084233
0.0923851
0.0994469
0.105489
0.11058
0.114784
0.118161
0.120766
0.122645
0.123841
0.124389
0.124319
0.123654
0.122411
0.120604
0.118243
0.115333
0.111877
0.107878
0.103334
0.0982459
0.0926134
0.0864372
0.0797196
0.0724653
0.0646816
0.0563792
0.0475733
0.0382833
0.0285344
0.0183576
0.00779048
-0.00312182
-0.0143264
-0.0257619
-0.0373579
-0.0490346
-0.0607025
-0.0722624
-0.0836054
-0.0946136
-0.105161
-0.115113
-0.124332
-0.132676
-0.140002
-0.146171
-0.151049
-0.154515
-0.156462
-0.156805
-0.15548
-0.152457
-0.147736
-0.141353
-0.133381
-0.123932
-0.113154
-0.10123
-0.0883721
-0.0748188
-0.0608283
-0.0466723
-0.0326294
-0.0189783
-0.00600285
0.00931165
0.0263654
0.0418687
0.0558617
0.0683995
0.0795486
0.0893824
0.0979784
0.105415
0.111771
0.117121
0.121535
0.125079
0.127812
0.129787
0.131048
0.131634
0.131578
0.130903
0.129631
0.127776
0.125348
0.122352
0.118793
0.114672
0.109987
0.104738
0.0989243
0.0925443
0.0855991
0.0780916
0.0700272
0.0614146
0.0522666
0.0426006
0.0324394
0.0218117
0.0107532
-0.000692953
-0.0124754
-0.024534
-0.0367986
-0.0491894
-0.0616156
-0.0739757
-0.0861574
-0.0980375
-0.109483
-0.120352
-0.130494
-0.139756
-0.147979
-0.155008
-0.160692
-0.164889
-0.167473
-0.168338
-0.167403
-0.164618
-0.159969
-0.153481
-0.145221
-0.135298
-0.123863
-0.111108
-0.0972575
-0.0825688
-0.0673213
-0.0518107
-0.0363409
-0.0212163
-0.00674702
0.0098942
0.0279837
0.0444029
0.0592008
0.0724413
0.0841994
0.094557
0.1036
0.111414
0.118085
0.123695
0.128321
0.132033
0.134896
0.136967
0.138295
0.138921
0.138881
0.138202
0.136905
0.135007
0.132518
0.129446
0.125792
0.12156
0.116746
0.111351
0.10537
0.0988023
0.091647
0.083905
0.0755795
0.066677
0.0572079
0.0471871
0.0366347
0.0255768
0.0140466
0.00208477
-0.0102596
-0.0229278
-0.0358515
-0.0489509
-0.0621353
-0.0753017
-0.088335
-0.101108
-0.113481
-0.125304
-0.136417
-0.146653
-0.15584
-0.163805
-0.170376
-0.175392
-0.178703
-0.180182
-0.179724
-0.177261
-0.172758
-0.166227
-0.157725
-0.147355
-0.135272
-0.121672
-0.106795
-0.0909161
-0.074337
-0.0573795
-0.0403751
-0.0236564
-0.0075615
0.0104765
0.0296024
0.0469388
0.0625434
0.0764886
0.0888577
0.0997409
0.109232
0.117425
0.124412
0.130283
0.13512
0.139001
0.141994
0.144162
0.145557
0.146225
0.146203
0.145522
0.144205
0.142269
0.139726
0.136583
0.132845
0.128512
0.123582
0.118053
0.111921
0.105183
0.0978357
0.0898789
0.0813135
0.0721435
0.0623766
0.0520249
0.0411056
0.0296419
0.0176638
0.00520918
-0.00767569
-0.0209347
-0.0345014
-0.0482977
-0.0622332
-0.0762047
-0.0900953
-0.103774
-0.117097
-0.129907
-0.142034
-0.153298
-0.163512
-0.172486
-0.180027
-0.185952
-0.190087
-0.192278
-0.192396
-0.190347
-0.186076
-0.179575
-0.170888
-0.160111
-0.147396
-0.132946
-0.117014
-0.0998916
-0.0819063
-0.0634069
-0.0447552
-0.026314
-0.00845219
0.0110566
0.0312161
0.0494683
0.0658791
0.080529
0.0935093
0.104918
0.114858
0.123429
0.130733
0.136863
0.141912
0.14596
0.149082
0.151346
0.152808
0.153518
0.153516
0.152835
0.1515
0.14953
0.146939
0.143734
0.139919
0.135495
0.130461
0.124812
0.118544
0.111653
0.104133
0.0959822
0.0871993
0.0777857
0.0677464
0.0570903
0.0458315
0.0339899
0.021592
0.00867212
-0.00472666
-0.0185516
-0.0327389
-0.047213
-0.0618852
-0.0766528
-0.0913986
-0.10599
-0.120278
-0.134099
-0.147275
-0.159614
-0.170916
-0.18097
-0.189564
-0.196491
-0.201549
-0.204556
-0.205356
-0.203826
-0.199884
-0.193499
-0.184698
-0.173564
-0.160246
-0.144949
-0.127939
-0.109525
-0.0900598
-0.0699217
-0.0495049
-0.0292054
-0.00942527
0.0116324
0.0328196
0.0519835
0.0691977
0.0845504
0.0981406
0.110074
0.120461
0.129409
0.137026
0.143415
0.148672
0.152886
0.156136
0.158494
0.160022
0.160772
0.160789
0.160109
0.158758
0.156758
0.154123
0.150861
0.146978
0.142474
0.137346
0.131591
0.125203
0.118175
0.110502
0.102179
0.0932021
0.0835703
0.0732856
0.062354
0.0507859
0.0385976
0.0258119
0.0124591
-0.00142169
-0.0157815
-0.0305605
-0.0456861
-0.0610725
-0.076619
-0.0922088
-0.107708
-0.122967
-0.137816
-0.152069
-0.165525
-0.177967
-0.189169
-0.198897
-0.206917
-0.213001
-0.216936
-0.218533
-0.217636
-0.214132
-0.207963
-0.199131
-0.187706
-0.173825
-0.157696
-0.139593
-0.119844
-0.0988274
-0.0769525
-0.0546485
-0.0323475
-0.0104873
0.0122023
0.0344082
0.0544772
0.0724899
0.0885415
0.102738
0.115193
0.126024
0.135346
0.143274
0.149918
0.15538
0.159755
0.163128
0.165577
0.167168
0.167957
0.167993
0.167312
0.165947
0.163918
0.161242
0.157929
0.153984
0.149408
0.144198
0.138349
0.131856
0.124709
0.116903
0.108429
0.0992823
0.0894588
0.0789575
0.067781
0.0559364
0.0434358
0.030298
0.016549
0.00222325
-0.0126348
-0.0279695
-0.043713
-0.059783
-0.0760819
-0.0924953
-0.10889
-0.125115
-0.140998
-0.156346
-0.170949
-0.184579
-0.19699
-0.207928
-0.217133
-0.224348
-0.229325
-0.23184
-0.2317
-0.228756
-0.222917
-0.214155
-0.202517
-0.188129
-0.171195
-0.151995
-0.130875
-0.108238
-0.0845278
-0.0602105
-0.0357574
-0.011645
0.0127644
0.0359774
0.0569426
0.0757468
0.0924916
0.10729
0.120262
0.131532
0.141223
0.149457
0.15635
0.162012
0.166543
0.170035
0.17257
0.174219
0.175043
0.175093
0.174411
0.173029
0.170972
0.168258
0.164898
0.160897
0.156256
0.150973
0.145043
0.138459
0.131211
0.12329
0.114688
0.105396
0.095408
0.08472
0.0733312
0.0612449
0.0484692
0.0350185
0.020914
0.00618525
-0.00912843
-0.0249768
-0.0412969
-0.0580115
-0.0750276
-0.092234
-0.109501
-0.126676
-0.143587
-0.160038
-0.17581
-0.190662
-0.204336
-0.216554
-0.227032
-0.23548
-0.241617
-0.245178
-0.245929
-0.24368
-0.238298
-0.229721
-0.217968
-0.203145
-0.185446
-0.165157
-0.142638
-0.118318
-0.0926752
-0.0662157
-0.0394529
-0.0129055
0.0133174
0.0375234
0.0593738
0.0789606
0.0963912
0.111784
0.125267
0.13697
0.147024
0.155557
0.162692
0.168546
0.173226
0.176829
0.179442
0.181143
0.181996
0.182056
0.181368
0.179968
0.177882
0.17513
0.171725
0.167672
0.162974
0.157627
0.151627
0.144965
0.137632
0.129616
0.120907
0.111495
0.10137
0.0905265
0.0789592
0.066668
0.0536568
0.0399352
0.0255197
0.0104344
-0.00528718
-0.0216006
-0.038449
-0.0557612
-0.0734496
-0.0914085
-0.109512
-0.127611
-0.145533
-0.163081
-0.180029
-0.19613
-0.211108
-0.224669
-0.2365
-0.246283
-0.253697
-0.258436
-0.260219
-0.25881
-0.254028
-0.24577
-0.234016
-0.218847
-0.200443
-0.179086
-0.155151
-0.129092
-0.101421
-0.0726885
-0.0434521
-0.0142762
0.0138601
0.0390431
0.0617659
0.082125
0.100232
0.116212
0.130197
0.142325
0.152732
0.161555
0.168923
0.17496
0.179779
0.183483
0.186167
0.18791
0.188784
0.188847
0.188148
0.186725
0.184607
0.181817
0.178367
0.174265
0.169514
0.164112
0.158051
0.151325
0.143922
0.135829
0.127035
0.117528
0.107295
0.0963263
0.0846152
0.0721572
0.0589519
0.0450042
0.0303254
0.0149338
-0.00114293
-0.0178671
-0.0351886
-0.0530433
-0.0713504
-0.090011
-0.108905
-0.127888
-0.14679
-0.165415
-0.183536
-0.200896
-0.217209
-0.232163
-0.245421
-0.256632
-0.265438
-0.271488
-0.274452
-0.274039
-0.270015
-0.262225
-0.250605
-0.2352
-0.216167
-0.193782
-0.168428
-0.140581
-0.110792
-0.079653
-0.047773
-0.0157646
0.0143917
0.0405342
0.0641155
0.0852349
0.104008
0.120564
0.135042
0.147583
0.158334
0.167435
0.175025
0.181232
0.186178
0.189972
0.192714
0.194489
0.195374
0.195431
0.194713
0.19326
0.191106
0.188274
0.184779
0.18063
0.17583
0.170377
0.164266
0.157487
0.150028
0.141877
0.133019
0.12344
0.113126
0.102065
0.0902455
0.0776597
0.0643033
0.0501762
0.0352844
0.0196404
0.00326525
-0.0138102
-0.0315435
-0.0498781
-0.0687417
-0.0880431
-0.10767
-0.127485
-0.147324
-0.166993
-0.186265
-0.20488
-0.222544
-0.238927
-0.253672
-0.266397
-0.276706
-0.284201
-0.288497
-0.289245
-0.28615
-0.278996
-0.267663
-0.252152
-0.23259
-0.209235
-0.182473
-0.152803
-0.120809
-0.0871325
-0.0524338
-0.0173784
0.0149115
0.0419953
0.0664202
0.0882871
0.107714
0.124835
0.139793
0.152736
0.163816
0.173182
0.180978
0.187342
0.1924
0.196269
0.199054
0.200849
0.201732
0.201771
0.201023
0.199533
0.197336
0.194457
0.190914
0.186718
0.181871
0.176373
0.170218
0.163396
0.155896
0.147703
0.138801
0.129175
0.118808
0.107686
0.0957933
0.0831194
0.0696556
0.0553972
0.0403447
0.0245047
0.00789161
-0.00947125
-0.0275493
-0.0462949
-0.0656446
-0.0855167
-0.105808
-0.12639
-0.147107
-0.167771
-0.188158
-0.208008
-0.22702
-0.244854
-0.261133
-0.275446
-0.287359
-0.296427
-0.302208
-0.304289
-0.302306
-0.295972
-0.285103
-0.269641
-0.249669
-0.225424
-0.197285
-0.165768
-0.131493
-0.0951494
-0.0574526
-0.0191256
0.0154196
0.0434265
0.0686799
0.0912807
0.111349
0.129021
0.144444
0.157774
0.169168
0.178782
0.186767
0.193268
0.198421
0.202347
0.20516
0.206956
0.207822
0.20783
0.20704
0.205502
0.203253
0.200321
0.196727
0.19248
0.187587
0.182048
0.175855
0.169001
0.161471
0.153252
0.144326
0.134675
0.124282
0.113129
0.101199
0.0884769
0.07495
0.0606093
0.0454499
0.0294724
0.0126844
-0.00489842
-0.0232498
-0.0423314
-0.0620898
-0.0824538
-0.103331
-0.124604
-0.146128
-0.167722
-0.18917
-0.210216
-0.230556
-0.249843
-0.267684
-0.283644
-0.297251
-0.308014
-0.315431
-0.319021
-0.318342
-0.313029
-0.302819
-0.287583
-0.26735
-0.242318
-0.212855
-0.179486
-0.142862
-0.103724
-0.062847
-0.0210141
0.0159165
0.0448291
0.0708962
0.094217
0.114912
0.13312
0.148994
0.162692
0.17438
0.184222
0.192375
0.198994
0.204219
0.208181
0.211
0.212779
0.21361
0.21357
0.212724
0.211125
0.208813
0.20582
0.202167
0.197868
0.192928
0.187348
0.181123
0.174244
0.166696
0.158466
0.149534
0.139881
0.129488
0.118335
0.106402
0.0936711
0.0801255
0.0657517
0.0505397
0.0344844
0.0175864
-0.000146183
-0.0186959
-0.0380339
-0.0581174
-0.0788869
-0.100262
-0.122139
-0.144383
-0.166828
-0.189267
-0.211451
-0.233079
-0.253801
-0.273214
-0.290859
-0.306235
-0.318802
-0.328
-0.333274
-0.3341
-0.330022
-0.320687
-0.305881
-0.285561
-0.259874
-0.229163
-0.193954
-0.154929
-0.112876
-0.0686343
-0.0230521
0.0164033
0.0462061
0.0730733
0.0971007
0.118408
0.137136
0.15344
0.167487
0.179447
0.189492
0.197789
0.204499
0.209772
0.213746
0.216547
0.218287
0.219061
0.218954
0.218034
0.216359
0.213972
0.210907
0.207188
0.20283
0.197842
0.192223
0.185969
0.179071
0.171516
0.163288
0.154367
0.144734
0.134367
0.123243
0.111341
0.0986399
0.0851192
0.0707614
0.0555514
0.0394783
0.0225363
0.00472571
-0.0139446
-0.0334559
-0.0537763
-0.0748586
-0.0966359
-0.119018
-0.141886
-0.165088
-0.18843
-0.211674
-0.234529
-0.256646
-0.277616
-0.296965
-0.314164
-0.328628
-0.339741
-0.346871
-0.349407
-0.346791
-0.338566
-0.324418
-0.304215
-0.278034
-0.246178
-0.209166
-0.167701
-0.122622
-0.074831
-0.0252478
0.0168819
0.0475624
0.0752184
0.0999396
0.121844
0.141074
0.157788
0.172159
0.184365
0.194586
0.202997
0.209768
0.215059
0.219016
0.221772
0.223445
0.22414
0.223943
0.22293
0.221161
0.218683
0.215535
0.211741
0.207319
0.202277
0.196619
0.190339
0.183429
0.175876
0.167662
0.158769
0.149175
0.138857
0.127792
0.115954
0.103321
0.0898679
0.0755742
0.0604202
0.0443893
0.0274693
0.00965321
-0.00905879
-0.0286577
-0.0491232
-0.0704206
-0.0924973
-0.115279
-0.138662
-0.162513
-0.186654
-0.210863
-0.234862
-0.25831
-0.280798
-0.301844
-0.320896
-0.337331
-0.350477
-0.359627
-0.364076
-0.363157
-0.356296
-0.343059
-0.323204
-0.296723
-0.263858
-0.225105
-0.181184
-0.132976
-0.081453
-0.0276093
0.0173551
0.0489055
0.0773416
0.102746
0.125232
0.144944
0.162044
0.176712
0.189132
0.199495
0.207987
0.214785
0.22006
0.223966
0.226645
0.228223
0.228809
0.228498
0.227369
0.225487
0.222903
0.219657
0.215777
0.211282
0.206184
0.200484
0.19418
0.187263
0.179719
0.171532
0.162683
0.153147
0.142902
0.131922
0.120181
0.107651
0.0943083
0.0801259
0.0650807
0.0491509
0.0323184
0.0145691
-0.00410525
-0.0237053
-0.0442218
-0.0656333
-0.0879016
-0.110968
-0.13475
-0.159129
-0.18395
-0.209011
-0.234049
-0.25874
-0.282681
-0.30539
-0.326298
-0.344753
-0.36003
-0.371349
-0.377908
-0.378926
-0.373695
-0.361646
-0.342405
-0.315851
-0.282146
-0.241746
-0.195372
-0.143949
-0.0885149
-0.0301448
0.0178265
0.0502452
0.0794575
0.105535
0.128589
0.148761
0.16622
0.181152
0.193752
0.204219
0.21275
0.219536
0.224754
0.228572
0.231138
0.232586
0.233033
0.23258
0.23131
0.229293
0.226584
0.223225
0.219248
0.214672
0.209511
0.203768
0.19744
0.19052
0.182994
0.174845
0.166053
0.156594
0.146444
0.135576
0.123961
0.111571
0.0983782
0.0843528
0.0694676
0.0536964
0.0370154
0.019404
0.000845945
-0.0186686
-0.0391417
-0.0605641
-0.082913
-0.106147
-0.1302
-0.154978
-0.180347
-0.206127
-0.232081
-0.257902
-0.283204
-0.30751
-0.330247
-0.350741
-0.368221
-0.381839
-0.390697
-0.393889
-0.390568
-0.380004
-0.361672
-0.335309
-0.300972
-0.259053
-0.210259
-0.155549
-0.0960306
-0.0328625
0.0183013
0.0515947
0.0815847
0.10833
0.131936
0.152546
0.170333
0.185492
0.198229
0.208755
0.21728
0.224006
0.229123
0.232808
0.23522
0.236501
0.236775
0.236148
0.23471
0.232535
0.229681
0.226193
0.222105
0.217439
0.212209
0.206419
0.200069
0.193149
0.185648
0.177547
0.168826
0.159462
0.149428
0.138697
0.127238
0.115022
0.102017
0.0881922
0.0735165
0.0579593
0.041492
0.0240876
0.00572287
-0.013621
-0.0339564
-0.0552866
-0.0776032
-0.100882
-0.125077
-0.150115
-0.175887
-0.202241
-0.228965
-0.25578
-0.282322
-0.308131
-0.332638
-0.355155
-0.37488
-0.3909
-0.402225
-0.407825
-0.406696
-0.397937
-0.380839
-0.35497
-0.320249
-0.276977
-0.225827
-0.167781
-0.104013
-0.0357706
0.0187859
0.052971
0.0837476
0.111158
0.135302
0.156324
0.174404
0.189746
0.202571
0.213104
0.221569
0.228181
0.233145
0.236648
0.23886
0.239931
0.239994
0.23916
0.237525
0.235166
0.232146
0.228512
0.224299
0.219533
0.214228
0.208389
0.202016
0.195101
0.187631
0.179588
0.170952
0.161699
0.151802
0.141231
0.129956
0.117946
0.105166
0.0915839
0.0771647
0.0618747
0.0456804
0.0285499
0.0104529
-0.00863731
-0.0287427
-0.0498785
-0.0720501
-0.0952498
-0.119452
-0.144606
-0.170629
-0.197397
-0.22473
-0.25238
-0.280015
-0.3072
-0.33338
-0.35787
-0.379843
-0.398337
-0.412274
-0.420501
-0.421849
-0.415227
-0.399716
-0.374684
-0.339872
-0.295457
-0.242052
-0.180645
-0.112473
-0.0388775
0.0192886
0.0543957
0.0859767
0.114055
0.138723
0.160129
0.17846
0.193935
0.206791
0.217269
0.225611
0.232048
0.236799
0.240064
0.242024
0.24284
0.242649
0.241572
0.239708
0.237139
0.23393
0.230132
0.225782
0.220906
0.215519
0.209628
0.203233
0.196326
0.188894
0.180919
0.172382
0.163256
0.153514
0.143127
0.132064
0.120289
0.10777
0.0944695
0.0803516
0.0653791
0.0495147
0.0327216
0.0149637
-0.00379281
-0.0235788
-0.0444202
-0.0663357
-0.0893334
-0.113407
-0.138528
-0.164642
-0.191654
-0.219419
-0.247727
-0.276281
-0.304683
-0.332405
-0.358775
-0.38296
-0.403961
-0.420624
-0.431674
-0.435778
-0.431635
-0.418094
-0.394281
-0.359719
-0.314419
-0.2589
-0.194137
-0.121422
-0.0421918
0.0198196
0.0558956
0.0883102
0.117064
0.142243
0.163999
0.182534
0.198082
0.210901
0.221253
0.2294
0.235591
0.240062
0.243026
0.244678
0.245185
0.244697
0.243337
0.241211
0.238404
0.234984
0.231004
0.226503
0.221507
0.216033
0.210088
0.203672
0.196776
0.18939
0.181494
0.173067
0.164084
0.154518
0.144337
0.133509
0.122001
0.109775
0.0967937
0.0830194
0.068412
0.052931
0.0365354
0.0191845
0.00083787
-0.0185429
-0.0389936
-0.0605447
-0.0832193
-0.107029
-0.131968
-0.158009
-0.185087
-0.213096
-0.241864
-0.271141
-0.30057
-0.329665
-0.357782
-0.384099
-0.407594
-0.427055
-0.441097
-0.448219
-0.446904
-0.435736
-0.413563
-0.379644
-0.333772
-0.27633
-0.208251
-0.130869
-0.0457225
0.0203921
0.0575044
0.0907949
0.120238
0.145915
0.167984
0.186664
0.202215
0.214917
0.22506
0.232927
0.238791
0.242905
0.245499
0.246778
0.246923
0.246088
0.244404
0.241981
0.238908
0.235255
0.231076
0.22641
0.221287
0.215721
0.20972
0.203285
0.196406
0.189072
0.181265
0.172962
0.164139
0.154766
0.144813
0.134246
0.123031
0.11113
0.0985039
0.085113
0.0709154
0.0558681
0.0399268
0.0230466
0.00518202
-0.0137121
-0.0336799
-0.0547624
-0.0769963
-0.10041
-0.125019
-0.15082
-0.177783
-0.205837
-0.234855
-0.264636
-0.294875
-0.325138
-0.354825
-0.383143
-0.409071
-0.431357
-0.448519
-0.4589
-0.460754
-0.452382
-0.432312
-0.399481
-0.353409
-0.29429
-0.222975
-0.140826
-0.0494794
0.0210225
0.0592637
0.0934886
0.123642
0.149801
0.172138
0.190896
0.206364
0.218855
0.228689
0.23618
0.241625
0.245296
0.247441
0.24828
0.248001
0.246768
0.244718
0.241964
0.238596
0.234687
0.230292
0.225451
0.220192
0.214531
0.208476
0.202024
0.195169
0.187897
0.18019
0.172025
0.163376
0.154216
0.144512
0.13423
0.123335
0.111788
0.0995506
0.0865805
0.0728348
0.0582682
0.0428343
0.0264847
0.00916983
-0.0091609
-0.0285585
-0.0490732
-0.0707533
-0.0936421
-0.117775
-0.143173
-0.169836
-0.197731
-0.226777
-0.256825
-0.287632
-0.318823
-0.349862
-0.38
-0.408245
-0.433325
-0.453689
-0.467534
-0.472887
-0.467746
-0.450276
-0.419038
-0.373205
-0.312716
-0.238295
-0.151301
-0.0534735
0.0217312
0.061225
0.0964617
0.127353
0.153976
0.176525
0.195276
0.210559
0.222727
0.232138
0.239141
0.24406
0.247192
0.248804
0.249126
0.248361
0.246677
0.244217
0.241095
0.237406
0.233221
0.228596
0.22357
0.218171
0.212414
0.206305
0.199843
0.193019
0.185818
0.178224
0.170211
0.161755
0.152825
0.143391
0.133417
0.122868
0.111705
0.0998874
0.0873736
0.074119
0.0600774
0.0452004
0.0294373
0.0127354
-0.00495994
-0.0237053
-0.0435585
-0.0645773
-0.0868182
-0.110333
-0.135167
-0.161347
-0.188877
-0.217722
-0.247788
-0.278897
-0.310747
-0.342874
-0.374602
-0.404986
-0.43277
-0.456358
-0.473826
-0.482983
-0.481511
-0.467175
-0.438091
-0.39301
-0.331534
-0.25419
-0.162307
-0.0577176
0.0225439
0.0634522
0.0998
0.131463
0.158527
0.181217
0.199858
0.214831
0.226542
0.235396
0.24178
0.246055
0.248541
0.249525
0.249252
0.247933
0.245744
0.242829
0.239307
0.235271
0.230792
0.225924
0.220707
0.215166
0.209314
0.203157
0.196692
0.189909
0.182793
0.175325
0.167481
0.159234
0.150555
0.141411
0.131769
0.121591
0.110839
0.0994717
0.0874476
0.0747214
0.0612461
0.0469722
0.0318477
0.0158179
-0.00117493
-0.0191914
-0.0382949
-0.0585511
-0.0800272
-0.10279
-0.126902
-0.152419
-0.179379
-0.207791
-0.237617
-0.268744
-0.300955
-0.333871
-0.366905
-0.39919
-0.429518
-0.456285
-0.477477
-0.490706
-0.493333
-0.48269
-0.456386
-0.412652
-0.350654
-0.270641
-0.173858
-0.0622273
0.0234932
0.0660244
0.103608
0.136082
0.163552
0.186293
0.204693
0.219204
0.230297
0.238436
0.244055
0.24755
0.249273
0.249528
0.248576
0.246635
0.243886
0.240475
0.236521
0.232115
0.227328
0.22221
0.216799
0.211118
0.205177
0.19898
0.192523
0.185794
0.178777
0.171451
0.163793
0.155775
0.147367
0.138536
0.129248
0.119466
0.109152
0.0982647
0.0867623
0.0745997
0.0617297
0.0481025
0.0336654
0.0183626
0.00213483
-0.0150813
-0.0333529
-0.0527515
-0.0733526
-0.0952345
-0.118477
-0.143158
-0.169346
-0.197092
-0.226413
-0.257266
-0.289516
-0.322885
-0.356893
-0.390779
-0.423416
-0.453238
-0.478182
-0.495696
-0.502833
-0.496466
-0.473626
-0.431925
-0.36997
-0.287623
-0.185976
-0.0670223
0.02462
0.0690398
0.108011
0.141339
0.169162
0.191833
0.209828
0.223691
0.233975
0.241214
0.245898
0.248465
0.249296
0.248716
0.246998
0.244366
0.241005
0.23706
0.232647
0.227855
0.222751
0.217381
0.211779
0.205963
0.199944
0.19372
0.187285
0.180627
0.173727
0.166563
0.15911
0.151342
0.143226
0.13473
0.125821
0.11646
0.106611
0.0962329
0.0852833
0.073718
0.0614903
0.0485507
0.0348468
0.0203225
0.00491806
-0.0114311
-0.0287944
-0.0472471
-0.0668703
-0.0877513
-0.109983
-0.133662
-0.158884
-0.185737
-0.214289
-0.244566
-0.276518
-0.309975
-0.344579
-0.379701
-0.414335
-0.446999
-0.475636
-0.497578
-0.509597
-0.508096
-0.489467
-0.450587
-0.389356
-0.305108
-0.198686
-0.0721282
0.0259769
0.0726208
0.113163
0.147381
0.175479
0.197918
0.2153
0.228284
0.237531
0.243655
0.247213
0.248688
0.248491
0.246965
0.244395
0.241008
0.236987
0.232476
0.227585
0.222397
0.216973
0.211356
0.205572
0.199637
0.193554
0.187322
0.18093
0.174363
0.167601
0.160621
0.153397
0.145901
0.138102
0.129966
0.12146
0.112547
0.10319
0.0933493
0.082983
0.0720479
0.0604981
0.0482852
0.0353576
0.0216601
0.00713333
-0.00828706
-0.0246712
-0.042096
-0.0606459
-0.0804142
-0.101503
-0.124024
-0.148095
-0.173836
-0.201361
-0.230758
-0.262066
-0.295222
-0.330004
-0.365937
-0.402175
-0.437371
-0.469539
-0.495959
-0.513171
-0.517119
-0.503504
-0.468344
-0.408659
-0.323066
-0.212026
-0.0775791
0.0276315
0.0769203
0.119247
0.154379
0.18263
0.20462
0.221119
0.232943
0.24088
0.245644
0.247863
0.248068
0.246701
0.24412
0.240615
0.236414
0.231696
0.226596
0.221218
0.215635
0.209901
0.20405
0.198103
0.192069
0.185947
0.179732
0.173408
0.166958
0.160361
0.153592
0.146624
0.139427
0.13197
0.124221
0.116146
0.107708
0.0988711
0.0895965
0.079844
0.0695713
0.058734
0.0472852
0.0351749
0.0223496
0.00875139
-0.0056828
-0.0210222
-0.0373436
-0.0547326
-0.0732854
-0.0931101
-0.114328
-0.137074
-0.161495
-0.187744
-0.215966
-0.246278
-0.27873
-0.31324
-0.349504
-0.386872
-0.424185
-0.459601
-0.490432
-0.513061
-0.52301
-0.515257
-0.484839
-0.427686
-0.341462
-0.22605
-0.0834217
0.0296716
0.0821306
0.126484
0.162522
0.190738
0.211983
0.227256
0.237574
0.24388
0.247005
0.247652
0.246402
0.243722
0.239982
0.235472
0.230413
0.224973
0.219277
0.213416
0.207453
0.20143
0.195372
0.189292
0.183191
0.177064
0.170897
0.164676
0.158377
0.151978
0.145451
0.138769
0.131902
0.124818
0.117485
0.109869
0.101935
0.093648
0.0849697
0.0758618
0.0662836
0.0561927
0.0455442
0.0342904
0.0223802
0.00975794
-0.00363689
-0.0178714
-0.0330205
-0.0491687
-0.0664126
-0.0848625
-0.104646
-0.125909
-0.148817
-0.173553
-0.200314
-0.229287
-0.260625
-0.294388
-0.330457
-0.368402
-0.407308
-0.445554
-0.480586
-0.50873
-0.525166
-0.524149
-0.499623
-0.446191
-0.360249
-0.240833
-0.0897206
0.0322135
0.0884944
0.135136
0.172014
0.199909
0.220006
0.233615
0.242004
0.246307
0.247481
0.246311
0.24342
0.239295
0.234309
0.22874
0.222798
0.216635
0.210357
0.204038
0.197728
0.191455
0.185232
0.179062
0.172939
0.16685
0.160778
0.1547
0.148593
0.142431
0.136185
0.129826
0.123323
0.116646
0.109762
0.102637
0.0952391
0.0875325
0.0794817
0.0710497
0.0621982
0.0528871
0.043074
0.032714
0.0217591
0.0101569
-0.00214989
-0.0152248
-0.0291396
-0.0439757
-0.0598274
-0.0768043
-0.0950352
-0.114672
-0.135892
-0.158901
-0.183933
-0.211236
-0.241055
-0.273585
-0.308894
-0.346794
-0.386657
-0.427165
-0.46601
-0.499603
-0.522898
-0.529485
-0.512127
-0.463842
-0.379362
-0.256477
-0.0965675
0.0354134
0.0963203
0.145507
0.183056
0.210199
0.228602
0.239989
0.245944
0.247819
0.246708
0.243474
0.238771
0.233093
0.2268
0.220153
0.213337
0.206477
0.19966
0.192936
0.186337
0.179873
0.173547
0.167349
0.161263
0.15527
0.149346
0.143466
0.137601
0.131723
0.125802
0.119809
0.113711
0.107479
0.10108
0.094482
0.087653
0.0805599
0.0731687
0.0654447
0.057352
0.0488533
0.0399093
0.0304783
0.020516
0.00997387
-0.0012011
-0.0130681
-0.0256941
-0.0391561
-0.0535437
-0.0689627
-0.0855395
-0.103426
-0.122805
-0.143895
-0.166954
-0.192279
-0.220191
-0.251004
-0.284966
-0.322138
-0.362216
-0.404255
-0.44632
-0.485073
-0.515423
-0.530418
-0.521615
-0.480184
-0.398695
-0.273122
-0.104095
0.039487
0.106002
0.157945
0.195818
0.221566
0.237539
0.246007
0.248935
0.247918
0.244186
0.23866
0.232011
0.224716
0.217106
0.209408
0.20177
0.194285
0.187008
0.179966
0.173164
0.166599
0.160254
0.154108
0.148138
0.142314
0.136607
0.130988
0.125425
0.119887
0.114344
0.108765
0.103118
0.097373
0.0914991
0.0854657
0.0792418
0.0727963
0.0660977
0.0591137
0.0518113
0.0441563
0.0361129
0.0276432
0.0187068
0.00925993
-0.000745617
-0.0113637
-0.0226557
-0.0346922
-0.0475566
-0.0613484
-0.0761878
-0.0922217
-0.109631
-0.128638
-0.149514
-0.172585
-0.198229
-0.22686
-0.258884
-0.294605
-0.334056
-0.376731
-0.421186
-0.464527
-0.501863
-0.525917
-0.527119
-0.494563
-0.418062
-0.290948
-0.112499
0.0447404
0.118042
0.172818
0.210378
0.233786
0.246356
0.251051
0.250285
0.2459
0.239241
0.231256
0.222595
0.213694
0.20483
0.196177
0.187834
0.17985
0.172244
0.16501
0.158131
0.151581
0.145329
0.139341
0.133581
0.128016
0.122609
0.117327
0.112136
0.107003
0.101897
0.0967859
0.0916395
0.0864281
0.0811222
0.0756927
0.0701107
0.0643475
0.058374
0.052161
0.0456785
0.0388958
0.0317809
0.0243001
0.0164176
0.00809457
-0.000711848
-0.0100495
-0.019973
-0.0305459
-0.0418435
-0.0539565
-0.0669962
-0.0811003
-0.0964412
-0.113236
-0.131755
-0.152338
-0.175397
-0.201417
-0.230931
-0.264459
-0.302368
-0.344623
-0.390378
-0.437387
-0.481261
-0.514743
-0.527362
-0.506025
-0.437118
-0.31018
-0.122076
0.051625
0.133082
0.190464
0.22661
0.246315
0.25422
0.254148
0.24899
0.240809
0.231008
0.220509
0.209893
0.199512
0.189563
0.180145
0.171294
0.163007
0.155259
0.148012
0.141221
0.134839
0.128819
0.123115
0.117684
0.112482
0.10747
0.102612
0.0978707
0.0932134
0.0886078
0.0840232
0.0794301
0.0748001
0.0701055
0.0653194
0.0604154
0.0553673
0.050149
0.0447346
0.0390976
0.033211
0.0270468
0.020576
0.0137674
0.00658751
-0.00100057
-0.00903823
-0.0175729
-0.0266599
-0.0363654
-0.0467698
-0.0579726
-0.0700984
-0.0833059
-0.0977977
-0.113834
-0.131748
-0.151961
-0.174996
-0.201475
-0.232087
-0.267497
-0.308138
-0.353836
-0.403182
-0.452634
-0.495431
-0.520658
-0.513148
-0.455221
-0.331062
-0.133288
0.0608348
0.151912
0.211064
0.243965
0.258059
0.259746
0.253832
0.243654
0.231402
0.218437
0.205565
0.193235
0.181665
0.170941
0.161067
0.152004
0.14369
0.136055
0.129024
0.122528
0.1165
0.110879
0.105607
0.100634
0.0959133
0.0914015
0.0870595
0.0828513
0.0787431
0.0747038
0.070704
0.066716
0.0627134
0.0586709
0.0545644
0.0503702
0.0460652
0.0416268
0.0370323
0.032259
0.0272842
0.022084
0.0166339
0.010908
0.00487817
-0.00148641
-0.00822034
-0.0153634
-0.0229623
-0.0310731
-0.0397645
-0.0491224
-0.0592556
-0.0703041
-0.0824497
-0.0959302
-0.111057
-0.128236
-0.147992
-0.170986
-0.198018
-0.229981
-0.267728
-0.311764
-0.36166
-0.41507
-0.466329
-0.504819
-0.51381
-0.471165
-0.353764
-0.146867
0.0734747
0.175433
0.234343
0.261088
0.267027
0.260742
0.24801
0.232448
0.216179
0.20036
0.185563
0.172019
0.159769
0.148755
0.138872
0.130001
0.122019
0.114812
0.108276
0.102317
0.0968541
0.0918147
0.0871358
0.0827618
0.0786435
0.0747375
0.0710045
0.0674095
0.0639205
0.0605083
0.057146
0.0538085
0.0504722
0.0471151
0.0437159
0.0402544
0.0367111
0.0330668
0.0293027
0.0254002
0.0213403
0.0171039
0.0126711
0.00802106
0.00313117
-0.00202325
-0.00747
-0.0132411
-0.0193742
-0.0259152
-0.0329202
-0.0404602
-0.048626
-0.0575359
-0.067345
-0.0782596
-0.0905552
-0.1046
-0.120886
-0.14006
-0.162956
-0.190603
-0.224167
-0.26476
-0.312971
-0.367935
-0.425737
-0.477112
-0.504892
-0.482725
-0.378127
-0.163951
0.0913198
0.204415
0.258947
0.275163
0.269863
0.253969
0.233914
0.213202
0.193558
0.175709
0.159853
0.145928
0.133756
0.123123
0.113815
0.105635
0.0984111
0.0919939
0.0862572
0.0810943
0.0764151
0.0721431
0.0682137
0.0645714
0.0611684
0.0579633
0.0549197
0.0520057
0.0491926
0.0464546
0.0437684
0.0411125
0.0384671
0.0358136
0.0331346
0.0304136
0.0276349
0.024783
0.0218433
0.018801
0.0156414
0.0123498
0.00891089
0.00530876
0.00152625
-0.00245542
-0.00665739
-0.0111041
-0.0158245
-0.0208538
-0.0262358
-0.032026
-0.0382962
-0.0451406
-0.0526843
-0.0610957
-0.070603
-0.0815183
-0.0942682
-0.109436
-0.127812
-0.150439
-0.178645
-0.213974
-0.25792
-0.311202
-0.372243
-0.434416
-0.482007
-0.485944
-0.403029
-0.186192
0.117233
0.23872
0.281154
0.280904
0.261343
0.23509
0.208351
0.183802
0.162319
0.14395
0.1284
0.115272
0.104169
0.0947377
0.0866761
0.0797362
0.0737158
0.0684507
0.0638083
0.0596807
0.0559799
0.0526336
0.0495821
0.0467752
0.044171
0.0417336
0.0394321
0.0372397
0.0351328
0.0330905
0.0310941
0.0291267
0.0271726
0.0252177
0.0232485
0.0212526
0.0192182
0.0171339
0.0149888
0.0127722
0.0104735
0.00808217
0.00558732
0.00297762
0.00024097
-0.00263586
-0.00566786
-0.00887235
-0.01227
-0.0158861
-0.0197522
-0.0239089
-0.0284088
-0.0333215
-0.0387406
-0.0447931
-0.0516534
-0.0595638
-0.0688631
-0.0800277
-0.0937287
-0.110906
-0.132851
-0.161278
-0.198276
-0.245961
-0.305348
-0.373707
-0.439409
-0.47416
-0.425182
-0.215877
0.156131
0.275088
0.291983
0.268806
0.233905
0.199026
0.168431
0.14302
0.122383
0.105741
0.0923075
0.0814022
0.072476
0.0650987
0.0589384
0.0537396
0.0493061
0.0454856
0.0421599
0.0392358
0.0366398
0.0343126
0.0322066
0.0302824
0.0285077
0.0268553
0.0253023
0.0238288
0.0224178
0.0210543
0.019725
0.0184179
0.0171223
0.0158283
0.014527
0.0132097
0.0118686
0.0104963
0.00908546
0.0076292
0.0061207
0.00455315
0.00291964
0.00121297
-0.0005745
-0.00245114
-0.00442644
-0.00651147
-0.00871945
-0.0110667
-0.0135738
-0.0162671
-0.0191816
-0.0223633
-0.0258749
-0.029802
-0.0342635
-0.0394263
-0.0455281
-0.0529109
-0.0620715
-0.0737376
-0.0889766
-0.109342
-0.137031
-0.174952
-0.226329
-0.292941
-0.370146
-0.436582
-0.436772
-0.256244
0.213989
0.300598
0.272375
0.223956
0.178792
0.141949
0.113582
0.0922022
0.0761062
0.0638882
0.0544974
0.0471737
0.0413735
0.0367086
0.0329003
0.0297465
0.0270993
0.0248486
0.0229117
0.0212252
0.0197404
0.0184189
0.0172303
0.01615
0.015158
0.014238
0.0133758
0.01256
0.0117804
0.0110282
0.0102957
0.00957623
0.00886355
0.00815214
0.00743693
0.00671324
0.00597672
0.00522328
0.00444903
0.00365024
0.00282328
0.00196455
0.00107043
0.000137137
-0.000839311
-0.00186333
-0.00293991
-0.0040749
-0.00527537
-0.0065501
-0.00791025
-0.00937031
-0.0109494
-0.0126731
-0.0145764
-0.0167071
-0.0191323
-0.0219471
-0.0252884
-0.0293563
-0.034449
-0.0410182
-0.0497611
-0.0617699
-0.0787733
-0.103491
-0.140014
-0.193639
-0.268269
-0.357424
-0.419018
-0.305816
0.266009
0.275955
0.198596
0.138936
0.0984643
0.071066
0.0526642
0.0402607
0.0317401
0.0257331
0.0213811
0.0181426
0.0156711
0.0137404
0.0122001
0.0109476
0.00991159
0.00904104
0.00829892
0.00765773
0.00709666
0.00659974
0.00615448
0.00575094
0.00538114
0.00503853
0.00471768
0.00441402
0.00412367
0.00384326
0.00356986
0.00330088
0.00303402
0.00276718
0.00249849
0.00222621
0.00194875
0.00166461
0.00137239
0.00107076
0.000758399
0.000434046
9.64046e-05
-0.000255777
-0.000623976
-0.00100977
-0.00141494
-0.00184162
-0.0022924
-0.00277057
-0.00328032
-0.00382718
-0.00441848
-0.0050641
-0.00577756
-0.00657753
-0.00749024
-0.00855304
-0.0098201
-0.0113716
-0.0133289
-0.0158808
-0.0193307
-0.0241841
-0.0313194
-0.0423284
-0.0601787
-0.0903349
-0.141897
-0.2255
-0.331008
-0.319485
0.142935
0.125432
0.0767435
0.0457847
0.0280219
0.0176529
0.0115781
0.00799233
0.00581832
0.00444648
0.00354127
0.00291664
0.00246707
0.00213107
0.00187165
0.00166572
0.00149834
0.00135948
0.00124216
0.00114142
0.0010536
0.000975974
0.000906429
0.000843323
0.000785343
0.000731426
0.000680696
0.000632417
0.000585968
0.000540812
0.000496483
0.00045257
0.000408709
0.000364574
0.000319869
0.000274326
0.0002277
0.000179763
0.000130303
7.91218e-05
2.60245e-05
-2.91831e-05
-8.67036e-05
-0.000146644
-0.000209295
-0.000274898
-0.000343726
-0.000416119
-0.000492512
-0.000573462
-0.000659701
-0.000752205
-0.000852286
-0.000961729
-0.00108299
-0.00121946
-0.00137595
-0.0015593
-0.0017795
-0.00205142
-0.00239794
-0.00285547
-0.0034847
-0.00439273
-0.00578224
-0.00806641
-0.0121427
-0.0200323
-0.0362275
-0.0695591
-0.12766
-0.152141
)
;

boundaryField
{
    movingWall
    {
        type            calculated;
        value           uniform 0;
    }
    fixedWalls
    {
        type            calculated;
        value           uniform 0;
    }
    frontAndBack
    {
        type            empty;
    }
}


// ************************************************************************* //
