/*--------------------------------*- C++ -*----------------------------------*\
  =========                 |
  \\      /  F ield         | OpenFOAM: The Open Source CFD Toolbox
   \\    /   O peration     | Website:  https://openfoam.org
    \\  /    A nd           | Version:  dev
     \\/     M anipulation  |
\*---------------------------------------------------------------------------*/
FoamFile
{
    format      ascii;
    class       volScalarField;
    location    "24.3";
    object      Ux;
}
// * * * * * * * * * * * * * * * * * * * * * * * * * * * * * * * * * * * * * //

dimensions      [0 1 -1 0 0 0 0];

internalField   nonuniform List<scalar> 
5184
(
1.22332e-05
4.50071e-05
8.02058e-05
9.58719e-05
8.20403e-05
3.63493e-05
-4.06461e-05
-0.000146927
-0.000279703
-0.000435919
-0.000612453
-0.000806273
-0.00101451
-0.00123451
-0.0014638
-0.00170013
-0.00194144
-0.0021858
-0.00243143
-0.00267665
-0.00291986
-0.00315949
-0.00339402
-0.00362192
-0.00384167
-0.00405172
-0.00425053
-0.00443652
-0.00460811
-0.00476373
-0.00490182
-0.00502085
-0.00511936
-0.00519599
-0.00524946
-0.00527866
-0.00528266
-0.00526072
-0.00521234
-0.0051373
-0.00503565
-0.00490777
-0.00475437
-0.0045765
-0.00437556
-0.0041533
-0.00391182
-0.00365355
-0.00338119
-0.00309777
-0.00280651
-0.00251085
-0.00221434
-0.00192063
-0.00163341
-0.0013563
-0.00109285
-0.000846428
-0.000620172
-0.000416936
-0.000239216
-8.90911e-05
3.18515e-05
0.000122598
0.000182814
0.000213001
0.000214743
0.000191087
0.000147061
9.07513e-05
3.66145e-05
6.22556e-06
2.07813e-05
6.54765e-05
9.45444e-05
7.26302e-05
-1.9097e-05
-0.000187443
-0.000432985
-0.000752506
-0.00114046
-0.00159008
-0.00209401
-0.0026448
-0.00323515
-0.00385808
-0.00450698
-0.00517566
-0.00585832
-0.00654952
-0.00724412
-0.00793726
-0.00862422
-0.00930046
-0.0099615
-0.0106029
-0.0112204
-0.0118094
-0.0123655
-0.0128845
-0.0133618
-0.0137931
-0.0141743
-0.0145012
-0.0147698
-0.0149767
-0.0151185
-0.0151924
-0.0151959
-0.0151274
-0.0149858
-0.0147706
-0.0144821
-0.0141218
-0.0136916
-0.0131946
-0.0126348
-0.0120169
-0.0113468
-0.0106311
-0.00987714
-0.00909301
-0.00828741
-0.00746953
-0.00664887
-0.00583519
-0.00503825
-0.00426772
-0.00353297
-0.00284292
-0.00220586
-0.00162924
-0.00111955
-0.000682089
-0.000320765
-3.78653e-05
0.00016624
0.00029347
0.000348568
0.000339794
0.000279631
0.000185922
8.63173e-05
1.96693e-05
1.75994e-05
4.12284e-05
1.94556e-05
-8.41463e-05
-0.000290353
-0.000607908
-0.00103807
-0.00157702
-0.0022176
-0.00295063
-0.00376583
-0.0046525
-0.00559991
-0.00659762
-0.00763557
-0.00870421
-0.00979446
-0.0108977
-0.0120058
-0.0131108
-0.0142053
-0.0152817
-0.016333
-0.0173519
-0.0183315
-0.0192645
-0.0201441
-0.0209633
-0.0217152
-0.022393
-0.0229902
-0.0235005
-0.0239179
-0.024237
-0.0244529
-0.0245615
-0.0245591
-0.0244435
-0.0242131
-0.0238674
-0.0234075
-0.0228354
-0.0221545
-0.0213698
-0.0204874
-0.019515
-0.0184615
-0.0173371
-0.0161532
-0.0149222
-0.0136574
-0.0123729
-0.0110831
-0.00980294
-0.00854725
-0.00733075
-0.00616766
-0.00507151
-0.00405483
-0.00312892
-0.00230348
-0.00158642
-0.000983476
-0.000497877
-0.000129943
0.000123393
0.00026922
0.000319371
0.000290967
0.00020722
0.000102376
2.49606e-05
8.81704e-06
-7.0739e-06
-0.000107659
-0.000322401
-0.00066953
-0.00115745
-0.00178689
-0.00255311
-0.00344755
-0.00445919
-0.00557555
-0.00678344
-0.00806946
-0.00942036
-0.0108232
-0.0122657
-0.0137358
-0.0152221
-0.0167138
-0.0182003
-0.0196713
-0.021117
-0.0225275
-0.0238932
-0.0252046
-0.0264523
-0.0276268
-0.0287189
-0.0297196
-0.0306198
-0.0314111
-0.0320853
-0.0326348
-0.0330524
-0.0333321
-0.0334686
-0.0334575
-0.033296
-0.0329823
-0.0325162
-0.0318991
-0.031134
-0.0302256
-0.0291805
-0.0280067
-0.0267145
-0.0253155
-0.0238229
-0.0222517
-0.0206178
-0.0189385
-0.017232
-0.015517
-0.0138127
-0.0121382
-0.0105125
-0.008954
-0.00748004
-0.00610677
-0.00484869
-0.0037183
-0.00272569
-0.0018782
-0.00117997
-0.000631459
-0.00022898
3.59365e-05
0.000177174
0.000214443
0.000173893
9.29425e-05
2.40096e-05
-2.13736e-06
-6.73139e-05
-0.000264095
-0.000609646
-0.00111645
-0.00179071
-0.00263142
-0.00363223
-0.00478301
-0.00607104
-0.00748198
-0.0090006
-0.0106113
-0.0122985
-0.014047
-0.015842
-0.017669
-0.0195143
-0.0213644
-0.0232065
-0.025028
-0.0268165
-0.0285599
-0.0302464
-0.0318642
-0.0334017
-0.0348473
-0.0361898
-0.0374181
-0.0385214
-0.0394894
-0.0403124
-0.0409811
-0.0414873
-0.0418238
-0.0419843
-0.0419641
-0.0417597
-0.0413693
-0.040793
-0.0400326
-0.0390919
-0.0379768
-0.0366952
-0.0352572
-0.0336749
-0.0319623
-0.0301355
-0.028212
-0.0262113
-0.0241538
-0.0220611
-0.0199558
-0.0178606
-0.0157983
-0.0137917
-0.0118625
-0.0100316
-0.00831816
-0.00673961
-0.00531085
-0.004044
-0.00294794
-0.0020278
-0.00128454
-0.0007144
-0.000308398
-5.17774e-05
7.6323e-05
0.00010339
6.74189e-05
1.96475e-05
-1.36984e-05
-0.000132813
-0.000435705
-0.000924327
-0.0016033
-0.00247517
-0.00353611
-0.00477742
-0.00618701
-0.00775037
-0.00945138
-0.011273
-0.0131977
-0.015208
-0.0172866
-0.0194167
-0.0215817
-0.0237658
-0.0259533
-0.0281294
-0.0302792
-0.0323883
-0.0344426
-0.0364281
-0.0383311
-0.0401379
-0.0418352
-0.0434098
-0.0448489
-0.0461401
-0.0472715
-0.0482319
-0.049011
-0.0495993
-0.0499887
-0.0501722
-0.0501445
-0.0499019
-0.0494425
-0.0487666
-0.0478764
-0.0467765
-0.0454737
-0.0439772
-0.0422985
-0.0404516
-0.0384526
-0.0363196
-0.0340729
-0.0317345
-0.0293277
-0.0268773
-0.0244088
-0.0219482
-0.0195216
-0.0171548
-0.0148728
-0.0126995
-0.0106569
-0.00876495
-0.00704089
-0.00549881
-0.00414919
-0.0029984
-0.00204821
-0.00129536
-0.000731093
-0.000340687
-0.000103204
8.97309e-06
3.24167e-05
1.36041e-05
-2.51809e-05
-0.000199945
-0.000613841
-0.00125238
-0.00211109
-0.00318781
-0.00447497
-0.00596088
-0.00763103
-0.00946888
-0.0114565
-0.013575
-0.0158052
-0.0181279
-0.0205241
-0.022975
-0.0254624
-0.0279685
-0.030476
-0.0329679
-0.0354276
-0.0378389
-0.0401857
-0.0424523
-0.0446231
-0.0466827
-0.0486161
-0.0504085
-0.0520455
-0.0535132
-0.0547985
-0.0558888
-0.0567727
-0.0574398
-0.057881
-0.0580889
-0.0580576
-0.0577831
-0.0572635
-0.0564992
-0.0554927
-0.0542492
-0.0527763
-0.0510842
-0.0491858
-0.0470964
-0.0448339
-0.0424183
-0.0398721
-0.0372195
-0.0344864
-0.0317002
-0.0288891
-0.026082
-0.023308
-0.0205956
-0.0179729
-0.0154663
-0.0131008
-0.0108986
-0.00887923
-0.00705892
-0.00544987
-0.00405993
-0.00289208
-0.00194407
-0.00120795
-0.000669804
-0.000309426
-0.000100006
-7.78226e-06
6.84559e-06
-3.63266e-05
-0.000266826
-0.000793383
-0.00158487
-0.00262713
-0.0039126
-0.00542932
-0.00716201
-0.00909336
-0.0112045
-0.0134755
-0.0158858
-0.0184145
-0.0210407
-0.0237439
-0.0265039
-0.0293006
-0.0321149
-0.0349276
-0.0377203
-0.0404747
-0.0431729
-0.0457972
-0.0483303
-0.050755
-0.0530544
-0.0552119
-0.0572112
-0.0590367
-0.0606732
-0.0621061
-0.063322
-0.0643083
-0.0650538
-0.0655486
-0.0657847
-0.0657557
-0.0654573
-0.0648875
-0.0640466
-0.0629374
-0.0615656
-0.0599392
-0.0580694
-0.0559699
-0.0536574
-0.051151
-0.0484725
-0.0456461
-0.0426982
-0.0396567
-0.0365513
-0.0334129
-0.0302728
-0.0271628
-0.0241142
-0.0211577
-0.0183226
-0.0156362
-0.0131235
-0.0108063
-0.0087029
-0.00682761
-0.00519001
-0.00379471
-0.00264086
-0.00172191
-0.00102529
-0.000532206
-0.00021731
-5.05115e-05
-9.68134e-08
-4.70389e-05
-0.000332472
-0.000971335
-0.00191619
-0.00314303
-0.0046385
-0.0063858
-0.00836565
-0.0105576
-0.0129401
-0.0154912
-0.0181885
-0.0210093
-0.0239315
-0.0269328
-0.0299917
-0.0330869
-0.0361976
-0.0393034
-0.0423844
-0.0454208
-0.0483935
-0.0512832
-0.0540712
-0.0567389
-0.0592681
-0.0616409
-0.0638396
-0.0658474
-0.0676479
-0.0692255
-0.0705656
-0.0716548
-0.0724809
-0.0730335
-0.0733038
-0.0732849
-0.0729722
-0.0723633
-0.0714585
-0.0702607
-0.0687756
-0.0670119
-0.064981
-0.0626976
-0.0601791
-0.057446
-0.0545213
-0.0514308
-0.0482024
-0.0448663
-0.0414541
-0.037999
-0.0345348
-0.0310957
-0.0277158
-0.0244283
-0.0212654
-0.0182569
-0.0154304
-0.0128104
-0.0104174
-0.00826806
-0.00637402
-0.00474187
-0.00337266
-0.00226161
-0.00139803
-0.000764979
-0.000339039
-9.42129e-05
-6.95298e-06
-5.73057e-05
-0.000396402
-0.00114596
-0.00224282
-0.00365323
-0.00535787
-0.00733485
-0.00956058
-0.0120112
-0.0146624
-0.0174899
-0.0204693
-0.0235765
-0.0267876
-0.0300792
-0.0334283
-0.0368125
-0.0402097
-0.0435984
-0.0469573
-0.0502655
-0.0535025
-0.056648
-0.0596819
-0.0625845
-0.0653364
-0.0679183
-0.0703116
-0.0724983
-0.0744609
-0.0761828
-0.0776485
-0.0788436
-0.0797552
-0.0803721
-0.0806846
-0.0806855
-0.0803696
-0.0797341
-0.078779
-0.0775072
-0.0759242
-0.0740388
-0.0718629
-0.0694116
-0.0667029
-0.0637582
-0.0606017
-0.0572603
-0.0537636
-0.0501433
-0.0464332
-0.0426684
-0.0388852
-0.0351202
-0.0314102
-0.0277911
-0.0242976
-0.0209628
-0.0178167
-0.0148866
-0.0121958
-0.00976344
-0.0076036
-0.00572523
-0.00413162
-0.00282022
-0.00178255
-0.00100388
-0.000462979
-0.00013807
-1.36073e-05
-6.71449e-05
-0.00045839
-0.00131626
-0.00256254
-0.00415401
-0.00606539
-0.00826953
-0.0107384
-0.0134446
-0.0163608
-0.0194604
-0.022717
-0.0261046
-0.0295981
-0.0331728
-0.0368044
-0.0404693
-0.0441445
-0.0478073
-0.0514354
-0.055007
-0.0585003
-0.0618941
-0.0651672
-0.0682988
-0.0712684
-0.0740558
-0.0766414
-0.0790061
-0.0811314
-0.0829998
-0.0845948
-0.0859013
-0.0869054
-0.087595
-0.08796
-0.0879921
-0.0876856
-0.0870373
-0.0860466
-0.084716
-0.0830508
-0.0810597
-0.0787546
-0.0761507
-0.0732667
-0.0701244
-0.0667487
-0.0631678
-0.0594124
-0.055516
-0.051514
-0.0474437
-0.0433436
-0.0392529
-0.0352108
-0.0312563
-0.027427
-0.0237587
-0.0202848
-0.0170355
-0.014037
-0.0113114
-0.00887553
-0.00674114
-0.00491411
-0.00339443
-0.00217618
-0.00124704
-0.000588121
-0.000181758
-2.00335e-05
-7.65804e-05
-0.000518333
-0.00148164
-0.00287392
-0.00464284
-0.00675723
-0.00918475
-0.0118929
-0.0148504
-0.0180271
-0.0213937
-0.0249219
-0.0285841
-0.0323536
-0.0362044
-0.0401113
-0.0440496
-0.0479952
-0.0519247
-0.0558148
-0.0596427
-0.0633859
-0.0670221
-0.0705295
-0.0738861
-0.0770707
-0.0800621
-0.0828398
-0.0853836
-0.0876744
-0.0896936
-0.091424
-0.0928493
-0.0939549
-0.0947278
-0.095157
-0.0952335
-0.0949507
-0.0943046
-0.0932941
-0.0919208
-0.0901898
-0.0881093
-0.0856909
-0.0829499
-0.0799048
-0.0765779
-0.0729948
-0.0691844
-0.0651787
-0.0610123
-0.0567226
-0.0523487
-0.0479314
-0.0435125
-0.0391341
-0.0348379
-0.0306648
-0.0266539
-0.0228418
-0.0192621
-0.0159443
-0.0129138
-0.0101907
-0.0077897
-0.00571976
-0.0039837
-0.00257839
-0.00149411
-0.000714309
-0.000225276
-2.62581e-05
-8.56338e-05
-0.000576179
-0.00164171
-0.00317598
-0.00511789
-0.0074306
-0.0100766
-0.0130189
-0.0162225
-0.0196542
-0.0232822
-0.0270761
-0.0310066
-0.0350455
-0.0391658
-0.043341
-0.0475457
-0.051755
-0.0559445
-0.0600902
-0.0641687
-0.0681567
-0.0720311
-0.0757692
-0.0793486
-0.082747
-0.0859425
-0.0889138
-0.0916399
-0.0941008
-0.096277
-0.0981504
-0.0997039
-0.100922
-0.10179
-0.102297
-0.102433
-0.102189
-0.101562
-0.100549
-0.09915
-0.0973705
-0.0952175
-0.0927023
-0.0898395
-0.0866478
-0.0831493
-0.07937
-0.0753395
-0.0710906
-0.0666593
-0.0620845
-0.0574074
-0.0526711
-0.0479198
-0.0431986
-0.0385525
-0.0340257
-0.0296608
-0.0254981
-0.021575
-0.0179246
-0.0145761
-0.0115532
-0.008874
-0.00655079
-0.00458959
-0.00299026
-0.00174581
-0.00084199
-0.000268848
-3.23399e-05
-9.43199e-05
-0.000631892
-0.00179621
-0.00346797
-0.00557777
-0.00808326
-0.0109419
-0.0141124
-0.0175559
-0.0212363
-0.0251192
-0.0291722
-0.0333643
-0.0376659
-0.0420487
-0.0464856
-0.0509501
-0.0554166
-0.0598601
-0.064256
-0.0685801
-0.0728086
-0.0769179
-0.0808845
-0.0846855
-0.0882978
-0.091699
-0.0948669
-0.0977799
-0.100417
-0.102758
-0.104784
-0.106476
-0.107819
-0.108797
-0.109397
-0.109607
-0.10942
-0.108829
-0.107831
-0.106426
-0.104616
-0.102409
-0.0998137
-0.0968455
-0.0935219
-0.0898651
-0.085901
-0.0816596
-0.0771745
-0.0724828
-0.0676249
-0.062644
-0.0575854
-0.0524962
-0.0474244
-0.0424185
-0.0375263
-0.0327944
-0.028267
-0.0239857
-0.0199878
-0.0163066
-0.0129698
-0.0099994
-0.0074114
-0.00521526
-0.00341406
-0.00200365
-0.000972043
-0.000312843
-3.83567e-05
-0.000102647
-0.000685429
-0.00194487
-0.00374928
-0.00602129
-0.00871332
-0.011778
-0.0151698
-0.0188462
-0.0227682
-0.0268988
-0.0312037
-0.03565
-0.0402072
-0.0448456
-0.0495373
-0.054255
-0.0589725
-0.0636642
-0.068305
-0.0728704
-0.0773359
-0.0816774
-0.0858712
-0.0898936
-0.093721
-0.0973304
-0.100699
-0.103805
-0.106625
-0.10914
-0.111329
-0.113172
-0.114653
-0.115756
-0.116465
-0.116768
-0.116656
-0.116121
-0.115158
-0.113765
-0.111944
-0.109702
-0.107045
-0.103989
-0.100549
-0.0967478
-0.0926109
-0.0881683
-0.0834542
-0.0785067
-0.0733676
-0.0680818
-0.0626973
-0.0572637
-0.0518325
-0.0464557
-0.0411851
-0.0360716
-0.0311638
-0.0265079
-0.0221459
-0.0181156
-0.0144492
-0.0111731
-0.00830731
-0.00586508
-0.00385296
-0.00226972
-0.00110565
-0.000357734
-4.43987e-05
-0.000110615
-0.000736728
-0.00208744
-0.00401928
-0.00644734
-0.00931905
-0.0125825
-0.0161878
-0.0200894
-0.024245
-0.0286154
-0.0331641
-0.037857
-0.042662
-0.0475486
-0.0524879
-0.057452
-0.0624142
-0.0673485
-0.0722294
-0.0770318
-0.0817311
-0.0863028
-0.0907227
-0.0949668
-0.0990111
-0.102832
-0.106406
-0.109711
-0.112723
-0.115421
-0.117784
-0.119792
-0.121427
-0.122669
-0.123505
-0.12392
-0.123902
-0.123443
-0.122536
-0.121177
-0.119367
-0.117109
-0.114411
-0.111284
-0.107745
-0.103815
-0.0995185
-0.0948854
-0.0899503
-0.0847522
-0.0793341
-0.0737428
-0.0680286
-0.0622441
-0.0564441
-0.0506845
-0.0450216
-0.0395106
-0.0342053
-0.0291568
-0.0244125
-0.0200149
-0.0160016
-0.0124036
-0.00924537
-0.00654435
-0.00431079
-0.00254656
-0.00124421
-0.000404064
-5.05637e-05
-0.000118218
-0.000785709
-0.00222365
-0.00427737
-0.00685483
-0.00989877
-0.0133529
-0.0171635
-0.0212815
-0.025662
-0.0302634
-0.0350474
-0.0399784
-0.045023
-0.0501497
-0.0553291
-0.0605326
-0.065733
-0.070904
-0.0760198
-0.0810551
-0.085985
-0.0907848
-0.0954301
-0.0998964
-0.10416
-0.108196
-0.11198
-0.115491
-0.118703
-0.121595
-0.124145
-0.126331
-0.128134
-0.129534
-0.130515
-0.131061
-0.131159
-0.130797
-0.129967
-0.128665
-0.126887
-0.124636
-0.121917
-0.118741
-0.115122
-0.111079
-0.106638
-0.101826
-0.0966797
-0.0912374
-0.0855436
-0.0796469
-0.0735997
-0.0674579
-0.0612797
-0.0551253
-0.0490553
-0.0431302
-0.0374092
-0.0319489
-0.0268023
-0.0220178
-0.0176384
-0.0137004
-0.0102333
-0.00725901
-0.00479185
-0.00283696
-0.00138926
-0.000452421
-5.69537e-05
-0.000125444
-0.000832267
-0.00235315
-0.00452286
-0.00724263
-0.0104508
-0.0140869
-0.0180936
-0.0224187
-0.0270145
-0.0318375
-0.0368475
-0.0420072
-0.0472824
-0.0526408
-0.0580521
-0.0634873
-0.068919
-0.0743205
-0.0796658
-0.0849295
-0.0900866
-0.0951123
-0.099982
-0.104671
-0.109155
-0.11341
-0.11741
-0.121133
-0.124555
-0.127651
-0.1304
-0.132778
-0.134765
-0.136341
-0.137486
-0.138183
-0.138418
-0.138176
-0.137447
-0.136224
-0.134503
-0.132282
-0.129566
-0.126362
-0.122683
-0.118547
-0.113977
-0.109001
-0.103654
-0.0979762
-0.0920116
-0.0858109
-0.0794288
-0.0729241
-0.0663589
-0.0597975
-0.0533057
-0.0469494
-0.0407936
-0.034901
-0.0293309
-0.0241381
-0.0193716
-0.0150737
-0.0112793
-0.00801546
-0.00530076
-0.00314395
-0.00154245
-0.000503425
-6.36739e-05
-0.000132274
-0.000876278
-0.00247559
-0.00475503
-0.00760956
-0.0109733
-0.0147821
-0.0189751
-0.0234971
-0.0282981
-0.0333323
-0.0385579
-0.0439365
-0.0494327
-0.0550134
-0.0606477
-0.0663064
-0.0719617
-0.0775868
-0.0831556
-0.0886427
-0.0940231
-0.0992719
-0.104364
-0.109276
-0.113982
-0.118459
-0.12268
-0.126623
-0.130261
-0.133572
-0.136532
-0.139117
-0.141304
-0.143072
-0.144401
-0.14527
-0.145663
-0.145565
-0.144961
-0.143843
-0.142203
-0.140038
-0.137349
-0.134142
-0.130426
-0.126217
-0.121537
-0.116414
-0.110881
-0.104978
-0.0987493
-0.0922481
-0.0855308
-0.0786591
-0.071699
-0.0647194
-0.0577913
-0.0509865
-0.0443762
-0.0380299
-0.032014
-0.0263899
-0.0212137
-0.0165341
-0.0123922
-0.00882044
-0.0058424
-0.00347071
-0.00170551
-0.000557719
-7.08307e-05
-0.000138686
-0.000917596
-0.00259055
-0.0049731
-0.00795434
-0.0114646
-0.0154362
-0.0198049
-0.0245129
-0.0295079
-0.0347422
-0.0401725
-0.0457591
-0.0514657
-0.0572585
-0.0631062
-0.0689793
-0.0748498
-0.0806908
-0.0864763
-0.092181
-0.0977799
-0.103248
-0.108561
-0.113695
-0.118624
-0.123324
-0.127771
-0.131938
-0.135802
-0.139337
-0.142519
-0.145324
-0.147727
-0.149705
-0.151236
-0.152298
-0.152873
-0.152941
-0.152489
-0.151501
-0.149969
-0.147887
-0.145252
-0.142066
-0.138338
-0.134081
-0.129314
-0.124063
-0.11836
-0.112245
-0.105763
-0.0989672
-0.0919167
-0.0846761
-0.0773151
-0.0699072
-0.0625291
-0.0552587
-0.0481742
-0.0413524
-0.0348671
-0.0287876
-0.0231773
-0.0180924
-0.0135807
-0.00968086
-0.00642177
-0.00382048
-0.0018802
-0.000615957
-7.85319e-05
-0.000144656
-0.000956063
-0.00269761
-0.00517625
-0.00827569
-0.0119228
-0.0160464
-0.0205796
-0.025462
-0.0306391
-0.0360616
-0.0416846
-0.0474675
-0.053373
-0.059367
-0.0654175
-0.0714949
-0.0775711
-0.0836194
-0.0896138
-0.0955291
-0.101341
-0.107024
-0.112554
-0.117908
-0.12306
-0.127985
-0.132659
-0.137056
-0.141151
-0.144919
-0.148334
-0.151371
-0.154004
-0.156209
-0.157961
-0.159237
-0.160016
-0.160276
-0.159999
-0.159169
-0.157773
-0.155801
-0.153249
-0.150114
-0.146402
-0.142123
-0.137294
-0.131937
-0.126085
-0.119774
-0.113052
-0.105971
-0.098593
-0.0909842
-0.0832184
-0.0753742
-0.0675337
-0.0597817
-0.0522036
-0.0448841
-0.0379054
-0.0313451
-0.0252751
-0.0197596
-0.0148539
-0.0106037
-0.00704395
-0.00419658
-0.00206831
-0.000678804
-8.68858e-05
-0.000150154
-0.000991511
-0.00279631
-0.00536363
-0.00857225
-0.0123459
-0.0166104
-0.0212962
-0.0263405
-0.0316871
-0.0372849
-0.0430878
-0.0490543
-0.0551464
-0.0613293
-0.0675709
-0.0738415
-0.0801129
-0.0863586
-0.0925528
-0.0986706
-0.104688
-0.11058
-0.116323
-0.121892
-0.127265
-0.132415
-0.137317
-0.141947
-0.146279
-0.150287
-0.153944
-0.157224
-0.160101
-0.162548
-0.164539
-0.166049
-0.167053
-0.167528
-0.167453
-0.166808
-0.165577
-0.163746
-0.161306
-0.158253
-0.154588
-0.150316
-0.145453
-0.140017
-0.134039
-0.127555
-0.12061
-0.113258
-0.10556
-0.0975872
-0.0894161
-0.08113
-0.0728169
-0.0645687
-0.0564785
-0.0486396
-0.0411431
-0.034076
-0.0275193
-0.0215462
-0.0162207
-0.011596
-0.00771404
-0.00460233
-0.00227165
-0.000746927
-9.60015e-05
-0.000155152
-0.00102376
-0.00288618
-0.00553436
-0.00884268
-0.012732
-0.0171255
-0.0219512
-0.0271444
-0.0326469
-0.0384063
-0.0443755
-0.050512
-0.0567771
-0.0631357
-0.0695557
-0.076007
-0.0824618
-0.0888937
-0.0952772
-0.101588
-0.107802
-0.113895
-0.119844
-0.125625
-0.131213
-0.136585
-0.141716
-0.14658
-0.151152
-0.155404
-0.15931
-0.162843
-0.165975
-0.168678
-0.170925
-0.172687
-0.173938
-0.174652
-0.174804
-0.174371
-0.173334
-0.171675
-0.16938
-0.166442
-0.162856
-0.158625
-0.153759
-0.148276
-0.1422
-0.135568
-0.128421
-0.120815
-0.112812
-0.104483
-0.0959102
-0.08718
-0.078387
-0.0696301
-0.0610109
-0.0526316
-0.0445931
-0.0369927
-0.0299214
-0.0234627
-0.0176897
-0.0126647
-0.00843711
-0.00504107
-0.00249203
-0.000820998
-0.000105989
-0.00015962
-0.00105265
-0.00296675
-0.00568759
-0.00908565
-0.0130793
-0.0175893
-0.0225417
-0.0278697
-0.0335138
-0.0394203
-0.0455411
-0.0518329
-0.0582565
-0.0647766
-0.0713608
-0.0779792
-0.0846041
-0.0912094
-0.0977701
-0.104262
-0.110662
-0.116947
-0.123093
-0.129078
-0.134877
-0.140467
-0.145823
-0.150919
-0.155731
-0.16023
-0.16439
-0.168183
-0.171579
-0.17455
-0.177067
-0.179098
-0.180616
-0.181591
-0.181995
-0.181803
-0.180989
-0.179533
-0.177417
-0.174628
-0.171157
-0.167002
-0.16217
-0.156673
-0.150533
-0.143782
-0.136462
-0.128626
-0.120335
-0.111664
-0.102697
-0.0935244
-0.0842478
-0.0749728
-0.0658097
-0.0568706
-0.0482668
-0.0401066
-0.0324925
-0.0255187
-0.0192694
-0.0138164
-0.00921816
-0.0055161
-0.00273124
-0.000901691
-0.000116958
-0.000163528
-0.001078
-0.00303758
-0.0058225
-0.00929988
-0.0133859
-0.0179994
-0.0230644
-0.0285128
-0.0342834
-0.0403216
-0.0465784
-0.0530097
-0.0595762
-0.0662422
-0.0729752
-0.0797455
-0.0865258
-0.0932901
-0.100014
-0.106674
-0.113248
-0.119713
-0.126045
-0.132224
-0.138225
-0.144025
-0.1496
-0.154925
-0.159974
-0.164721
-0.169137
-0.173193
-0.176861
-0.180109
-0.182907
-0.185223
-0.187025
-0.188281
-0.188962
-0.189036
-0.188475
-0.187255
-0.185352
-0.182748
-0.17943
-0.175391
-0.170632
-0.16516
-0.158993
-0.15216
-0.144699
-0.13666
-0.128107
-0.119113
-0.109765
-0.100157
-0.0903978
-0.0805992
-0.0708806
-0.0613644
-0.0521733
-0.0434276
-0.0352421
-0.0277235
-0.0209677
-0.0150577
-0.010062
-0.00603065
-0.00299109
-0.000989677
-0.000129021
-0.00016685
-0.00109965
-0.00309827
-0.00593835
-0.00948422
-0.0136503
-0.0183536
-0.0235167
-0.02907
-0.0349513
-0.0411049
-0.0474811
-0.0540354
-0.060728
-0.067523
-0.0743881
-0.0812938
-0.0882129
-0.0951202
-0.101992
-0.108805
-0.115537
-0.122168
-0.128673
-0.135033
-0.141225
-0.147226
-0.153011
-0.158558
-0.163839
-0.168828
-0.173498
-0.177819
-0.181761
-0.185293
-0.188381
-0.190993
-0.193095
-0.194652
-0.19563
-0.195996
-0.195717
-0.194764
-0.19311
-0.190729
-0.187605
-0.183723
-0.179079
-0.173675
-0.167525
-0.16065
-0.153086
-0.144882
-0.136096
-0.126805
-0.117095
-0.107066
-0.09683
-0.0865067
-0.0762249
-0.0661176
-0.0563195
-0.0469638
-0.0381789
-0.0300853
-0.022792
-0.0163947
-0.0109735
-0.00658791
-0.00327335
-0.00108563
-0.000142291
-0.00016956
-0.00111748
-0.00314845
-0.00603447
-0.00963764
-0.0138709
-0.0186501
-0.0238961
-0.0295384
-0.0355138
-0.0417658
-0.0482439
-0.0549034
-0.0617041
-0.0686101
-0.0755891
-0.0826119
-0.0896518
-0.0966841
-0.103685
-0.110634
-0.117508
-0.124287
-0.13095
-0.137477
-0.143844
-0.150032
-0.156016
-0.161773
-0.167277
-0.172502
-0.177421
-0.182004
-0.18622
-0.190037
-0.193421
-0.196338
-0.198751
-0.200624
-0.201919
-0.202601
-0.202632
-0.201977
-0.200605
-0.198487
-0.195597
-0.191917
-0.187434
-0.182146
-0.176059
-0.16919
-0.161569
-0.15324
-0.144261
-0.134706
-0.124661
-0.114231
-0.10353
-0.0926872
-0.0818395
-0.0711309
-0.0607089
-0.0507208
-0.0413098
-0.0326112
-0.0247491
-0.0178333
-0.0119569
-0.00719096
-0.00357974
-0.00119021
-0.000156883
-0.000171639
-0.00113136
-0.00318782
-0.00611033
-0.00975932
-0.0140467
-0.018887
-0.0242005
-0.0299153
-0.0359675
-0.0423
-0.0488618
-0.0556077
-0.0624974
-0.069495
-0.0765684
-0.0836887
-0.0908295
-0.0979668
-0.105078
-0.112142
-0.119139
-0.126047
-0.132849
-0.139523
-0.146049
-0.152407
-0.158573
-0.164526
-0.17024
-0.17569
-0.180849
-0.185686
-0.190171
-0.194272
-0.197953
-0.201179
-0.203912
-0.206114
-0.207743
-0.20876
-0.209126
-0.2088
-0.207745
-0.205927
-0.203314
-0.199881
-0.19561
-0.190488
-0.184517
-0.177706
-0.170079
-0.161675
-0.152549
-0.142769
-0.132426
-0.121621
-0.110477
-0.0991258
-0.0877153
-0.0764004
-0.0653419
-0.0547018
-0.0446395
-0.0353069
-0.0268447
-0.0193786
-0.0130166
-0.00784275
-0.00391197
-0.00130409
-0.000172914
-0.000173072
-0.00114121
-0.0032162
-0.00616556
-0.00984868
-0.0141767
-0.0190635
-0.0244282
-0.0301986
-0.0363099
-0.0427044
-0.0493307
-0.0561434
-0.0631019
-0.0701705
-0.0773173
-0.0845136
-0.0917337
-0.0989542
-0.106153
-0.113311
-0.120407
-0.127424
-0.134342
-0.141142
-0.147806
-0.154313
-0.160643
-0.166773
-0.17268
-0.178339
-0.183723
-0.188803
-0.193549
-0.197926
-0.201902
-0.205437
-0.208494
-0.211032
-0.213008
-0.214379
-0.215101
-0.215131
-0.214426
-0.212946
-0.210653
-0.207514
-0.203505
-0.198605
-0.192806
-0.186111
-0.178536
-0.170115
-0.160894
-0.150941
-0.140341
-0.1292
-0.117639
-0.1058
-0.0938376
-0.0819175
-0.0702146
-0.0589068
-0.0481709
-0.0381768
-0.0290838
-0.0210353
-0.0141564
-0.0085461
-0.00427169
-0.00142792
-0.000190505
-0.00017385
-0.00114701
-0.00323347
-0.00619999
-0.00990545
-0.0142606
-0.0191787
-0.0245786
-0.0303871
-0.0365391
-0.0429765
-0.0496475
-0.0565063
-0.0635125
-0.0706303
-0.077828
-0.0850774
-0.0923535
-0.0996333
-0.106896
-0.114122
-0.121294
-0.128393
-0.135403
-0.142305
-0.149082
-0.155715
-0.162184
-0.16847
-0.174548
-0.180396
-0.185987
-0.191293
-0.196285
-0.200928
-0.205189
-0.209029
-0.212409
-0.215286
-0.217617
-0.219355
-0.220452
-0.220863
-0.220538
-0.219432
-0.217501
-0.214704
-0.211009
-0.206387
-0.200822
-0.194306
-0.186848
-0.178472
-0.16922
-0.159151
-0.148349
-0.136917
-0.124979
-0.112681
-0.100184
-0.0876673
-0.0753185
-0.0633324
-0.0519039
-0.0412233
-0.0314698
-0.0228073
-0.0153798
-0.00930362
-0.00466048
-0.00156236
-0.000209775
-0.000173973
-0.00114875
-0.00323969
-0.00621369
-0.00992969
-0.0142984
-0.0192328
-0.0246512
-0.0304803
-0.0366545
-0.0431151
-0.0498102
-0.0566939
-0.0637256
-0.0708695
-0.0780945
-0.0853726
-0.0926794
-0.0999928
-0.107293
-0.114561
-0.121781
-0.128935
-0.136009
-0.142984
-0.149846
-0.156577
-0.163159
-0.169572
-0.175796
-0.181808
-0.187583
-0.193094
-0.198312
-0.203205
-0.207737
-0.211872
-0.215568
-0.218784
-0.221472
-0.223585
-0.225072
-0.225883
-0.225965
-0.225267
-0.223738
-0.221331
-0.218003
-0.213718
-0.20845
-0.202181
-0.194911
-0.186652
-0.177437
-0.167321
-0.15638
-0.144713
-0.132447
-0.119728
-0.106726
-0.0936291
-0.0806402
-0.0679708
-0.0558357
-0.0444465
-0.034005
-0.0246975
-0.0166898
-0.0101177
-0.00507984
-0.00170804
-0.000230851
-0.00017345
-0.0011465
-0.00323502
-0.00620697
-0.0099219
-0.0142907
-0.0192263
-0.024647
-0.030479
-0.0366564
-0.0431203
-0.0498185
-0.0567049
-0.063739
-0.0708852
-0.0781123
-0.0853933
-0.092704
-0.100023
-0.107332
-0.114614
-0.121851
-0.12903
-0.136136
-0.143154
-0.15007
-0.156867
-0.16353
-0.170041
-0.17638
-0.182526
-0.188457
-0.194146
-0.199566
-0.204685
-0.20947
-0.213883
-0.217884
-0.22143
-0.224473
-0.226964
-0.22885
-0.230078
-0.23059
-0.230329
-0.22924
-0.227267
-0.224359
-0.220471
-0.215566
-0.209615
-0.202607
-0.194543
-0.185445
-0.175358
-0.164351
-0.152518
-0.139982
-0.126893
-0.113424
-0.0997746
-0.0861601
-0.0728099
-0.0599597
-0.0478443
-0.03669
-0.0267081
-0.0180888
-0.0109905
-0.00553119
-0.00186558
-0.000253857
-0.0001723
-0.00114039
-0.00321982
-0.00618049
-0.00988304
-0.0142388
-0.0191609
-0.0245676
-0.0303849
-0.0365466
-0.0429936
-0.0496735
-0.05654
-0.0635527
-0.070676
-0.0778793
-0.0851357
-0.0924221
-0.0997178
-0.107005
-0.114268
-0.121491
-0.128662
-0.135767
-0.142793
-0.149727
-0.156556
-0.163264
-0.169837
-0.176257
-0.182504
-0.188557
-0.194393
-0.199985
-0.205303
-0.210315
-0.214985
-0.219272
-0.223134
-0.226523
-0.229389
-0.231678
-0.233331
-0.23429
-0.234493
-0.233877
-0.23238
-0.229943
-0.226511
-0.222036
-0.216477
-0.20981
-0.202025
-0.19313
-0.183158
-0.172169
-0.160248
-0.147515
-0.134117
-0.120233
-0.106068
-0.0918525
-0.0778326
-0.0642659
-0.0514116
-0.0395232
-0.0288396
-0.0195785
-0.0119237
-0.00601579
-0.00203557
-0.000278923
-0.000170554
-0.00113062
-0.00319462
-0.00613524
-0.00981461
-0.0141447
-0.0190391
-0.0244158
-0.030201
-0.0363283
-0.0427382
-0.0493782
-0.0562018
-0.0631685
-0.0702432
-0.0773954
-0.0845988
-0.0918308
-0.099072
-0.106305
-0.113516
-0.120691
-0.127817
-0.134885
-0.141881
-0.148796
-0.155618
-0.162333
-0.168929
-0.17539
-0.181699
-0.187838
-0.193783
-0.199512
-0.204996
-0.210204
-0.215102
-0.219652
-0.22381
-0.22753
-0.230761
-0.233448
-0.235531
-0.236948
-0.237634
-0.23752
-0.236537
-0.234619
-0.2317
-0.22772
-0.222629
-0.216386
-0.208967
-0.200367
-0.190606
-0.179728
-0.16781
-0.154963
-0.141331
-0.127095
-0.112465
-0.0976844
-0.083016
-0.0687394
-0.0551404
-0.0425013
-0.0310917
-0.0211598
-0.0129187
-0.00653477
-0.00221858
-0.000306178
-0.000168256
-0.00111745
-0.00316017
-0.00607259
-0.00971868
-0.0140112
-0.0188642
-0.0241959
-0.0299322
-0.0360065
-0.0423592
-0.0489375
-0.0556949
-0.0625909
-0.0695904
-0.0766634
-0.0837841
-0.0909306
-0.0980844
-0.10523
-0.112353
-0.119442
-0.126486
-0.133477
-0.140404
-0.147259
-0.154031
-0.160711
-0.167288
-0.173748
-0.180077
-0.186258
-0.192272
-0.198097
-0.203708
-0.209076
-0.214169
-0.218949
-0.223377
-0.227406
-0.230985
-0.23406
-0.236569
-0.238449
-0.239631
-0.240041
-0.239605
-0.238248
-0.235896
-0.232476
-0.227926
-0.22219
-0.21523
-0.207024
-0.197574
-0.18691
-0.175097
-0.162233
-0.148456
-0.133944
-0.118914
-0.103616
-0.088331
-0.073361
-0.0590189
-0.0456182
-0.033462
-0.0228329
-0.0139766
-0.00708909
-0.00241512
-0.000335752
-0.000165463
-0.00110126
-0.00311748
-0.00599435
-0.00959801
-0.0138421
-0.018641
-0.0239132
-0.0295845
-0.035588
-0.0418638
-0.0483589
-0.0550267
-0.0618266
-0.0687239
-0.0756888
-0.0826962
-0.0897248
-0.0967572
-0.103779
-0.110777
-0.117742
-0.124664
-0.131537
-0.138352
-0.145102
-0.151781
-0.158381
-0.164892
-0.171304
-0.177606
-0.183784
-0.189821
-0.195697
-0.201392
-0.206878
-0.212125
-0.2171
-0.221764
-0.226073
-0.229976
-0.233421
-0.236346
-0.238685
-0.240368
-0.241317
-0.241454
-0.240695
-0.238957
-0.236158
-0.232221
-0.227077
-0.220668
-0.212957
-0.203926
-0.193589
-0.181992
-0.169219
-0.155399
-0.140704
-0.125351
-0.109598
-0.093742
-0.078106
-0.0630315
-0.0488652
-0.0359467
-0.0245966
-0.0150976
-0.00767949
-0.00262569
-0.000367777
-0.00016225
-0.00108251
-0.00306778
-0.00590283
-0.00945609
-0.013642
-0.0183755
-0.023575
-0.0291661
-0.0350816
-0.0412614
-0.0476521
-0.0542069
-0.0608855
-0.0676531
-0.0744804
-0.0813429
-0.0882203
-0.095096
-0.101957
-0.108791
-0.115591
-0.12235
-0.12906
-0.135719
-0.142319
-0.148858
-0.155329
-0.161726
-0.168041
-0.174267
-0.180391
-0.186401
-0.19228
-0.198009
-0.203566
-0.208923
-0.214051
-0.218911
-0.223463
-0.227661
-0.23145
-0.234771
-0.237558
-0.239739
-0.241235
-0.241961
-0.241829
-0.240748
-0.238624
-0.235368
-0.230895
-0.225131
-0.218019
-0.209521
-0.199629
-0.188369
-0.175808
-0.16206
-0.147288
-0.131705
-0.115575
-0.0992064
-0.0829442
-0.0671584
-0.0522306
-0.0385399
-0.0264489
-0.0162817
-0.00830648
-0.0028507
-0.000402382
-0.000158709
-0.00106177
-0.00301262
-0.00580085
-0.00929721
-0.0134169
-0.018075
-0.0231899
-0.0286869
-0.0344984
-0.0405638
-0.0468294
-0.0532483
-0.0597801
-0.0663903
-0.0730501
-0.0797356
-0.0864274
-0.0931101
-0.0997715
-0.106402
-0.112996
-0.119546
-0.126051
-0.132505
-0.138908
-0.145257
-0.151549
-0.15778
-0.163947
-0.170043
-0.176061
-0.181991
-0.18782
-0.193532
-0.199109
-0.204526
-0.209757
-0.214769
-0.219523
-0.223976
-0.228077
-0.231767
-0.234982
-0.23765
-0.239689
-0.241014
-0.241529
-0.241137
-0.239736
-0.237222
-0.233497
-0.228469
-0.222058
-0.214208
-0.204885
-0.194092
-0.181875
-0.168327
-0.153598
-0.137895
-0.121481
-0.104674
-0.0878394
-0.0713752
-0.0556994
-0.0412336
-0.0283864
-0.0175279
-0.00897029
-0.0030905
-0.000439695
-0.00015495
-0.00103973
-0.00295387
-0.00569185
-0.00912657
-0.0131737
-0.0177484
-0.0227687
-0.0281592
-0.0338519
-0.0397855
-0.0459061
-0.0521665
-0.0585263
-0.0649514
-0.0714134
-0.0778893
-0.0843605
-0.090813
-0.097236
-0.103622
-0.109965
-0.116263
-0.122514
-0.128717
-0.134873
-0.140981
-0.147042
-0.153055
-0.159019
-0.164932
-0.170788
-0.176582
-0.182305
-0.187944
-0.193485
-0.198909
-0.204191
-0.209304
-0.214212
-0.218876
-0.223247
-0.227272
-0.230887
-0.23402
-0.236591
-0.238512
-0.239685
-0.240006
-0.239365
-0.237647
-0.234739
-0.230531
-0.224924
-0.217836
-0.209208
-0.199019
-0.187285
-0.174079
-0.159529
-0.14383
-0.127241
-0.110087
-0.0927491
-0.0756525
-0.0592531
-0.0440175
-0.0304041
-0.0188348
-0.00967086
-0.0033454
-0.000479844
-0.000151104
-0.00101721
-0.00289376
-0.0055799
-0.00895038
-0.012921
-0.0174064
-0.0223239
-0.0275975
-0.0331581
-0.038944
-0.0449005
-0.0509805
-0.0571435
-0.0633557
-0.0695895
-0.0758226
-0.0820377
-0.0882221
-0.0943665
-0.100465
-0.106515
-0.112514
-0.118464
-0.124367
-0.130224
-0.13604
-0.141816
-0.147556
-0.153262
-0.158934
-0.164572
-0.170173
-0.175731
-0.18124
-0.186688
-0.19206
-0.197337
-0.202495
-0.207504
-0.212328
-0.216924
-0.22124
-0.225217
-0.228786
-0.231867
-0.234373
-0.236203
-0.237249
-0.237395
-0.236516
-0.234485
-0.231175
-0.226467
-0.220253
-0.212449
-0.203002
-0.191901
-0.179187
-0.164965
-0.149411
-0.132775
-0.115381
-0.0976241
-0.079956
-0.0628695
-0.0468785
-0.0324958
-0.0202
-0.0104078
-0.00361559
-0.000522952
-0.00014733
-0.000995187
-0.00283492
-0.00546985
-0.00877597
-0.0126686
-0.0170614
-0.0218705
-0.0270188
-0.032436
-0.0380594
-0.0438341
-0.0497124
-0.0556542
-0.061626
-0.067601
-0.0735579
-0.0794809
-0.0853586
-0.0911836
-0.0969521
-0.102663
-0.108317
-0.113918
-0.11947
-0.124978
-0.130448
-0.135886
-0.141298
-0.14669
-0.152064
-0.157425
-0.162773
-0.168108
-0.173426
-0.17872
-0.18398
-0.189192
-0.194337
-0.199389
-0.204318
-0.209084
-0.213643
-0.217937
-0.221902
-0.225462
-0.22853
-0.231005
-0.232777
-0.233724
-0.233715
-0.232609
-0.230266
-0.226544
-0.221312
-0.214457
-0.205893
-0.195576
-0.183514
-0.169782
-0.154529
-0.137989
-0.120481
-0.102409
-0.0842459
-0.0665225
-0.0498014
-0.0346536
-0.0216203
-0.0111804
-0.0039012
-0.000569141
-0.00014381
-0.000974812
-0.00278046
-0.00536736
-0.00861192
-0.0124281
-0.016728
-0.021426
-0.026443
-0.0317074
-0.0371556
-0.0427317
-0.0483881
-0.0540847
-0.0597887
-0.0654742
-0.0711214
-0.0767158
-0.0822478
-0.0877121
-0.0931069
-0.0984334
-0.103695
-0.108898
-0.114048
-0.119155
-0.124227
-0.129272
-0.134301
-0.139321
-0.144341
-0.149366
-0.154403
-0.159454
-0.16452
-0.169599
-0.174685
-0.17977
-0.184839
-0.189873
-0.194846
-0.199725
-0.20447
-0.20903
-0.213344
-0.217341
-0.220937
-0.224033
-0.226518
-0.228269
-0.229147
-0.229003
-0.227681
-0.225022
-0.22087
-0.215083
-0.207541
-0.198164
-0.186921
-0.17385
-0.159069
-0.142785
-0.125308
-0.107041
-0.0884771
-0.0701818
-0.0527677
-0.0368679
-0.0230917
-0.0119877
-0.00420229
-0.000618531
-0.000140763
-0.000957435
-0.00273401
-0.00527909
-0.00846826
-0.0122132
-0.0164233
-0.0210103
-0.0258929
-0.0309976
-0.0362593
-0.0416217
-0.0470367
-0.0524647
-0.0578738
-0.0632393
-0.0685427
-0.0737716
-0.0789185
-0.0839803
-0.0889574
-0.0938537
-0.0986754
-0.103431
-0.10813
-0.112783
-0.117404
-0.122002
-0.126592
-0.131185
-0.135792
-0.140424
-0.14509
-0.149796
-0.154549
-0.159351
-0.164201
-0.169095
-0.174025
-0.178977
-0.183931
-0.18886
-0.19373
-0.198496
-0.203104
-0.207488
-0.211568
-0.215249
-0.218423
-0.220965
-0.222733
-0.223571
-0.223312
-0.22178
-0.218795
-0.214187
-0.207801
-0.199518
-0.189265
-0.177035
-0.162907
-0.147057
-0.129772
-0.111451
-0.0925989
-0.073813
-0.0557565
-0.0391275
-0.0246095
-0.0128282
-0.00451883
-0.000671244
-0.000138443
-0.000944643
-0.00269985
-0.0052128
-0.0083567
-0.0120395
-0.0161667
-0.0206466
-0.0253946
-0.0303351
-0.0354013
-0.040536
-0.0456912
-0.0508277
-0.0559148
-0.0609293
-0.0658548
-0.070681
-0.0754028
-0.0800195
-0.0845346
-0.0889545
-0.0932883
-0.0975472
-0.101744
-0.105893
-0.110009
-0.114108
-0.118204
-0.122314
-0.126452
-0.130633
-0.134869
-0.139171
-0.143551
-0.148013
-0.152564
-0.157204
-0.161931
-0.166735
-0.171604
-0.176517
-0.181446
-0.186355
-0.191195
-0.195907
-0.200417
-0.204637
-0.208462
-0.211768
-0.214414
-0.21624
-0.217069
-0.216711
-0.214966
-0.211636
-0.206532
-0.199492
-0.190399
-0.179196
-0.165916
-0.150691
-0.133779
-0.115564
-0.0965551
-0.0773778
-0.058744
-0.0414194
-0.0261679
-0.0137003
-0.00485076
-0.000727406
-0.000137154
-0.000938307
-0.002683
-0.00517761
-0.00829083
-0.0119252
-0.0159809
-0.0203613
-0.0249781
-0.0297524
-0.0346159
-0.0395104
-0.044388
-0.0492104
-0.0539484
-0.0585808
-0.0630936
-0.0674791
-0.0717351
-0.075864
-0.0798722
-0.0837691
-0.087567
-0.0912804
-0.094925
-0.0985182
-0.102078
-0.105623
-0.109173
-0.112745
-0.116359
-0.120033
-0.123782
-0.127622
-0.131568
-0.135632
-0.139821
-0.144144
-0.148601
-0.153192
-0.157908
-0.162738
-0.167658
-0.172641
-0.177645
-0.18262
-0.187498
-0.192199
-0.196625
-0.200655
-0.204152
-0.206954
-0.208879
-0.209725
-0.209277
-0.207309
-0.203601
-0.197947
-0.190181
-0.180194
-0.167962
-0.153569
-0.137227
-0.119297
-0.100284
-0.0808335
-0.0617036
-0.0437294
-0.0277606
-0.0146021
-0.00519799
-0.000787154
-0.000137256
-0.000940647
-0.00268938
-0.00518418
-0.00828655
-0.0118914
-0.0158918
-0.0201847
-0.0246768
-0.0292859
-0.0339413
-0.0385842
-0.043167
-0.0476527
-0.0520141
-0.0562326
-0.0602971
-0.0642032
-0.067952
-0.0715493
-0.0750051
-0.0783321
-0.0815461
-0.0846647
-0.0877073
-0.0906942
-0.0936469
-0.0965873
-0.0995375
-0.10252
-0.105556
-0.108667
-0.111874
-0.115196
-0.118651
-0.122255
-0.126023
-0.129965
-0.13409
-0.138402
-0.142899
-0.147575
-0.152416
-0.157401
-0.162498
-0.167663
-0.172841
-0.177957
-0.182922
-0.187624
-0.191929
-0.195679
-0.198689
-0.200753
-0.201638
-0.2011
-0.198885
-0.194748
-0.188471
-0.179888
-0.168911
-0.155565
-0.140008
-0.122563
-0.103719
-0.0841334
-0.0646059
-0.0460414
-0.0293806
-0.0155316
-0.00556043
-0.000850646
-0.000139184
-0.000954306
-0.002726
-0.00524508
-0.00836239
-0.0119626
-0.0159291
-0.020151
-0.0245288
-0.0289761
-0.0334199
-0.0378006
-0.0420715
-0.0461975
-0.0501539
-0.0539255
-0.0575049
-0.0608915
-0.0640904
-0.0671116
-0.0699686
-0.0726783
-0.0752599
-0.0777348
-0.0801257
-0.0824564
-0.0847516
-0.0870366
-0.0893366
-0.091677
-0.0940832
-0.0965799
-0.099191
-0.10194
-0.104848
-0.107937
-0.111224
-0.114726
-0.118456
-0.122423
-0.126634
-0.131087
-0.135778
-0.140692
-0.145807
-0.151088
-0.156489
-0.161946
-0.16738
-0.172688
-0.177745
-0.182398
-0.186466
-0.189739
-0.191977
-0.192915
-0.192275
-0.18977
-0.185133
-0.178137
-0.168625
-0.156551
-0.142009
-0.125267
-0.106788
-0.0872267
-0.067419
-0.0483382
-0.0310205
-0.0164867
-0.00593811
-0.000918072
-0.000143464
-0.000982462
-0.00280121
-0.00537515
-0.00854009
-0.0121671
-0.0161272
-0.0202994
-0.0245767
-0.028868
-0.0330977
-0.0372061
-0.0411475
-0.0448895
-0.0484111
-0.0517011
-0.0547566
-0.0575819
-0.0601867
-0.0625855
-0.0647964
-0.0668403
-0.0687408
-0.0705227
-0.0722126
-0.0738377
-0.0754261
-0.0770062
-0.0786065
-0.0802556
-0.081982
-0.0838137
-0.085778
-0.0879018
-0.0902105
-0.0927286
-0.0954789
-0.0984821
-0.101756
-0.105317
-0.109175
-0.113338
-0.117807
-0.122577
-0.127633
-0.132951
-0.138495
-0.144213
-0.150037
-0.155877
-0.161616
-0.167114
-0.172194
-0.176649
-0.180236
-0.182678
-0.183672
-0.182898
-0.180038
-0.174804
-0.166966
-0.156396
-0.14311
-0.127311
-0.109413
-0.0900585
-0.0701086
-0.0506014
-0.0326727
-0.0174655
-0.00633121
-0.000989676
-0.000150745
-0.00102897
-0.00292505
-0.00559206
-0.00884521
-0.0125377
-0.0165251
-0.0206738
-0.024868
-0.0290109
-0.0330248
-0.0368498
-0.0404427
-0.0437745
-0.0468289
-0.0496
-0.0520905
-0.0543101
-0.0562742
-0.0580024
-0.0595181
-0.0608468
-0.0620162
-0.0630556
-0.0639952
-0.0648657
-0.0656986
-0.0665254
-0.067378
-0.0682878
-0.0692863
-0.0704046
-0.0716733
-0.0731222
-0.0747804
-0.0766761
-0.0788357
-0.0812845
-0.0840452
-0.0871385
-0.0905814
-0.0943873
-0.0985648
-0.103116
-0.108037
-0.113312
-0.118917
-0.124812
-0.130942
-0.137228
-0.143571
-0.14984
-0.155871
-0.161463
-0.166375
-0.170324
-0.172991
-0.174025
-0.173064
-0.169755
-0.163793
-0.154962
-0.143188
-0.128587
-0.11151
-0.0925698
-0.0726376
-0.0528118
-0.0343297
-0.0184668
-0.00674022
-0.00106578
-0.00016183
-0.00109852
-0.00310965
-0.0059169
-0.00930791
-0.013113
-0.017168
-0.0213242
-0.0254553
-0.0294587
-0.0332543
-0.0367834
-0.0400059
-0.0428979
-0.0454491
-0.0476601
-0.0495405
-0.0511066
-0.0523802
-0.0533872
-0.0541562
-0.0547183
-0.0551058
-0.0553522
-0.0554917
-0.0555586
-0.0555878
-0.055614
-0.0556719
-0.0557958
-0.0560202
-0.0563788
-0.0569051
-0.0576319
-0.0585916
-0.0598153
-0.0613334
-0.0631749
-0.065367
-0.067935
-0.0709016
-0.0742863
-0.0781043
-0.0823661
-0.0870756
-0.0922287
-0.0978113
-0.103797
-0.110142
-0.116787
-0.123644
-0.1306
-0.137505
-0.144172
-0.150365
-0.155804
-0.160159
-0.163057
-0.164093
-0.162859
-0.158968
-0.152113
-0.142113
-0.128983
-0.112991
-0.0946969
-0.0749667
-0.0549493
-0.0359844
-0.0194897
-0.00716609
-0.00114683
-0.000177731
-0.00119694
-0.00336976
-0.00637499
-0.00996386
-0.0139374
-0.0181073
-0.0223063
-0.0263964
-0.0302686
-0.0338415
-0.0370585
-0.0398844
-0.042302
-0.0443087
-0.0459132
-0.0471334
-0.0479935
-0.0485228
-0.048754
-0.0487221
-0.0484638
-0.0480164
-0.0474181
-0.0467069
-0.0459211
-0.0450985
-0.0442771
-0.0434942
-0.0427871
-0.0421925
-0.0417469
-0.0414863
-0.0414461
-0.0416615
-0.0421666
-0.042995
-0.0441793
-0.0457506
-0.0477387
-0.0501712
-0.0530734
-0.0564671
-0.0603702
-0.0647952
-0.0697479
-0.0752255
-0.0812139
-0.0876853
-0.0945939
-0.101871
-0.109421
-0.117113
-0.124776
-0.132189
-0.139078
-0.145113
-0.149905
-0.153017
-0.153986
-0.152351
-0.147702
-0.139746
-0.128379
-0.11376
-0.0963709
-0.0770538
-0.0569937
-0.0376307
-0.0205348
-0.00761048
-0.00123343
-0.000199735
-0.00133145
-0.00372347
-0.00699693
-0.0108554
-0.015063
-0.0194015
-0.0236822
-0.0277537
-0.0315009
-0.0348423
-0.0377251
-0.0401213
-0.0420226
-0.043436
-0.0443805
-0.0448837
-0.0449792
-0.0447049
-0.0441011
-0.04321
-0.0420742
-0.0407365
-0.0392397
-0.0376261
-0.0359374
-0.0342148
-0.032499
-0.03083
-0.0292475
-0.0277905
-0.0264978
-0.0254075
-0.0245576
-0.0239854
-0.0237279
-0.0238214
-0.0243015
-0.0252031
-0.0265599
-0.0284042
-0.0307663
-0.0336744
-0.0371532
-0.0412236
-0.0459008
-0.051193
-0.0570991
-0.0636058
-0.0706838
-0.0782835
-0.0863287
-0.0947104
-0.103278
-0.111832
-0.120112
-0.127795
-0.134488
-0.13973
-0.143011
-0.143798
-0.141582
-0.135944
-0.126645
-0.113709
-0.0975162
-0.0788532
-0.0589241
-0.0392639
-0.0216045
-0.00807604
-0.00132644
-0.000229498
-0.00151113
-0.00419312
-0.00781978
-0.0120328
-0.01655
-0.0211168
-0.0255197
-0.0295929
-0.0332162
-0.0363097
-0.0388273
-0.0407508
-0.0420836
-0.0428451
-0.0430665
-0.0427872
-0.0420516
-0.0409073
-0.0394035
-0.0375897
-0.0355151
-0.0332283
-0.0307768
-0.0282069
-0.025564
-0.0228923
-0.0202352
-0.017635
-0.0151335
-0.0127719
-0.0105906
-0.00862987
-0.00692951
-0.00552898
-0.00446741
-0.00378361
-0.00351599
-0.00370248
-0.00438035
-0.00558603
-0.00735475
-0.00972016
-0.0127137
-0.0163637
-0.0206947
-0.0257255
-0.0314673
-0.0379213
-0.0450753
-0.0528987
-0.0613373
-0.0703056
-0.0796783
-0.0892801
-0.0988744
-0.108153
-0.116727
-0.124127
-0.129805
-0.133163
-0.133593
-0.13055
-0.123637
-0.112723
-0.0980486
-0.0803151
-0.0607193
-0.0408814
-0.0227033
-0.00856689
-0.00142707
-0.000269176
-0.0017475
-0.00480644
-0.00888863
-0.0135558
-0.018468
-0.0233273
-0.0278918
-0.0319813
-0.0354723
-0.0382896
-0.0403976
-0.0417914
-0.0424897
-0.0425272
-0.0419501
-0.0408115
-0.0391683
-0.0370791
-0.0346025
-0.0317963
-0.0287165
-0.0254175
-0.0219517
-0.0183694
-0.0147193
-0.0110485
-0.00740262
-0.00382622
-0.000362806
0.00294486
0.00605463
0.0089248
0.011514
0.0137811
0.0156851
0.0171852
0.0182406
0.0188107
0.018855
0.0183335
0.0172066
0.0154356
0.012983
0.0098132
0.0058934
0.00119469
-0.00430619
-0.0106246
-0.0177648
-0.0257159
-0.0344461
-0.0438953
-0.0539664
-0.0645135
-0.075329
-0.0861298
-0.0965439
-0.106101
-0.114234
-0.120289
-0.123568
-0.123391
-0.119197
-0.110669
-0.0978721
-0.0813828
-0.062357
-0.0424831
-0.0238396
-0.00908916
-0.00153703
-0.000321615
-0.00205531
-0.00559816
-0.0102585
-0.0154952
-0.0208965
-0.0261138
-0.0308738
-0.0349831
-0.0383181
-0.0408131
-0.0424478
-0.0432359
-0.043215
-0.0424392
-0.0409723
-0.0388835
-0.0362437
-0.0331239
-0.0295928
-0.0257168
-0.0215592
-0.01718
-0.0126365
-0.00798268
-0.00327045
0.0014507
0.00613306
0.0107305
0.015198
0.0194916
0.023568
0.0273844
0.0308981
0.0340668
0.0368481
0.0391995
0.0410783
0.0424415
0.0432461
0.0434488
0.0430061
0.0418748
0.0400119
0.0373754
0.0339244
0.0296209
0.0244302
0.0183235
0.0112804
0.00329266
-0.00563062
-0.0154559
-0.0261161
-0.0374986
-0.0494307
-0.061663
-0.0738514
-0.0855412
-0.0961576
-0.10501
-0.111319
-0.114276
-0.113143
-0.107391
-0.0968733
-0.08199
-0.0638127
-0.0440722
-0.025026
-0.00965184
-0.00165876
-0.000390623
-0.00245365
-0.00661195
-0.0119966
-0.0179342
-0.0239252
-0.0295621
-0.034539
-0.0386522
-0.0417841
-0.0438849
-0.0449563
-0.0450364
-0.0441875
-0.0424867
-0.0400188
-0.0368714
-0.0331311
-0.0288821
-0.0242041
-0.0191724
-0.0138573
-0.00832462
-0.00263586
0.00315127
0.00898237
0.0148059
0.0205725
0.026235
0.0317473
0.0370647
0.0421431
0.046939
0.0514092
0.0555103
0.059199
0.0624315
0.0651635
0.0673504
0.0689467
0.0699065
0.0701829
0.0697286
0.0684959
0.0664367
0.0635032
0.0596486
0.054828
0.0489999
0.0421286
0.0341874
0.0251631
0.0150626
0.00392172
-0.0081828
-0.0211181
-0.0346763
-0.0485523
-0.0623217
-0.0754212
-0.0871412
-0.0966387
-0.102985
-0.105261
-0.102706
-0.0949143
-0.0820551
-0.0650574
-0.0456551
-0.0262814
-0.010268
-0.00179576
-0.000481381
-0.00296755
-0.00790325
-0.0141852
-0.0209702
-0.0276525
-0.0337583
-0.0389504
-0.0430212
-0.0458676
-0.0474656
-0.0478476
-0.0470836
-0.0452665
-0.0425011
-0.0388966
-0.0345612
-0.0295989
-0.0241076
-0.0181785
-0.0118956
-0.00533619
0.00142877
0.0083338
0.0153183
0.0223259
0.0293035
0.0362009
0.0429701
0.0495649
0.0559401
0.0620515
0.0678554
0.0733083
0.0783663
0.0829857
0.0871217
0.0907292
0.0937619
0.0961727
0.0979133
0.098934
0.0991841
0.0986114
0.0971628
0.0947842
0.091421
0.0870187
0.0815246
0.0748886
0.0670666
0.0580243
0.0477424
0.0362252
0.023512
0.0096922
-0.00507411
-0.0205316
-0.036301
-0.0518505
-0.0664742
-0.0792886
-0.0892623
-0.0952992
-0.0963877
-0.0918217
-0.0814727
-0.066053
-0.0472417
-0.027633
-0.0109565
-0.00195313
-0.000601087
-0.00363025
-0.00954286
-0.0169245
-0.0247149
-0.0321817
-0.0387799
-0.0441466
-0.0480816
-0.05051
-0.0514461
-0.0509644
-0.0491759
-0.046211
-0.0422073
-0.0373015
-0.0316246
-0.0252988
-0.0184365
-0.0111398
-0.00350121
0.00439584
0.0124758
0.0206703
0.0289165
0.0371568
0.0453376
0.0534084
0.0613214
0.0690304
0.0764909
0.0836589
0.0904912
0.0969442
0.102975
0.108538
0.11359
0.118084
0.121974
0.12521
0.127743
0.129521
0.13049
0.130594
0.129776
0.127976
0.125132
0.121183
0.116064
0.109714
0.102071
0.0930817
0.0827023
0.0709061
0.0576946
0.0431117
0.0272644
0.0103494
-0.00731381
-0.0252455
-0.0427699
-0.0589918
-0.072804
-0.0829476
-0.0881521
-0.0873698
-0.0801001
-0.0667442
-0.0488433
-0.0291184
-0.0117446
-0.00213841
-0.000760002
-0.00448676
-0.011622
-0.0203364
-0.0292931
-0.0376126
-0.0446796
-0.0501183
-0.0537548
-0.0555612
-0.0556081
-0.0540257
-0.0509767
-0.0466365
-0.0411804
-0.0347757
-0.0275773
-0.0197261
-0.0113484
-0.00255671
0.00654923
0.015881
0.0253598
0.0349152
0.0444839
0.054008
0.0634343
0.0727131
0.0817975
0.0906426
0.0992046
0.107441
0.115309
0.122767
0.129771
0.136278
0.142243
0.147621
0.152363
0.15642
0.159741
0.162272
0.163958
0.164739
0.164555
0.163341
0.161029
0.157551
0.152833
0.146802
0.139384
0.130506
0.120101
0.108114
0.0945088
0.0792842
0.0624906
0.0442587
0.0248349
0.00462653
-0.0157496
-0.0354225
-0.0532452
-0.0678248
-0.0776363
-0.0812577
-0.0777364
-0.0670457
-0.050469
-0.0307891
-0.0126721
-0.002363
-0.00097323
-0.00559928
-0.0142592
-0.0245671
-0.0348367
-0.0440246
-0.0514568
-0.0567696
-0.059844
-0.0607271
-0.0595672
-0.0565676
-0.0519545
-0.0459556
-0.0387881
-0.0306516
-0.0217255
-0.0121682
-0.00211877
0.00830197
0.0189889
0.0298505
0.0408067
0.0517871
0.062729
0.073576
0.0842766
0.0947831
0.105051
0.115036
0.124699
0.133997
0.14289
0.151338
0.159297
0.166727
0.173583
0.179819
0.185389
0.190241
0.194326
0.197587
0.199967
0.201405
0.201838
0.201197
0.19941
0.196401
0.192091
0.186397
0.179232
0.170507
0.160135
0.148035
0.134135
0.11839
0.100791
0.0813987
0.0603762
0.0380383
0.014913
-0.0081937
-0.0301433
-0.0494532
-0.0643691
-0.0730761
-0.0740907
-0.0668176
-0.0521159
-0.0327127
-0.0137973
-0.00264469
-0.00126389
-0.00705601
-0.0176094
-0.029788
-0.0414701
-0.0514446
-0.0590088
-0.0638548
-0.0659623
-0.0654895
-0.0626906
-0.0578609
-0.0513016
-0.0432994
-0.0341156
-0.0239821
-0.0131007
-0.00164508
0.0102365
0.0224177
0.0347915
0.0472661
0.0597629
0.0722138
0.0845592
0.0967459
0.108726
0.120455
0.131892
0.142997
0.153732
0.164058
0.173938
0.183332
0.192202
0.200507
0.208203
0.215247
0.221592
0.227188
0.231984
0.235925
0.238952
0.241003
0.242011
0.241907
0.240615
0.238054
0.23414
0.22878
0.221878
0.213334
0.203041
0.190895
0.176792
0.160645
0.142389
0.122011
0.0995828
0.0753099
0.0496019
0.0231553
-0.00295876
-0.0272323
-0.0477325
-0.0622602
-0.068733
-0.0658271
-0.05375
-0.0349754
-0.0152072
-0.0030121
-0.001669
-0.00898558
-0.0218762
-0.0361901
-0.0492784
-0.0597861
-0.0670462
-0.070877
-0.0714191
-0.0689892
-0.0639795
-0.0567964
-0.047826
-0.0374168
-0.0258732
-0.0134558
-0.000384016
0.0131589
0.0270206
0.0410748
0.0552167
0.0693588
0.0834275
0.0973605
0.111104
0.12461
0.137837
0.150745
0.163299
0.175463
0.187203
0.198486
0.209276
0.219538
0.229235
0.23833
0.246781
0.254546
0.26158
0.267835
0.27326
0.277799
0.281395
0.283984
0.285501
0.285872
0.28502
0.282862
0.279308
0.274261
0.267617
0.259265
0.249084
0.23695
0.222732
0.206304
0.187548
0.16638
0.142774
0.116816
0.0887682
0.059173
0.0289659
-0.000405171
-0.026914
-0.0480251
-0.0610206
-0.0636809
-0.0552664
-0.0376769
-0.0170326
-0.00351296
-0.0022506
-0.0115808
-0.027324
-0.0439608
-0.0582376
-0.0687382
-0.0749494
-0.0769245
-0.0750493
-0.0698556
-0.0619061
-0.0517337
-0.039813
-0.0265511
-0.012288
0.0026963
0.0181744
0.0339624
0.0499125
0.0659059
0.0818467
0.0976571
0.113274
0.128643
0.143722
0.15847
0.172854
0.186843
0.200406
0.213515
0.226141
0.238256
0.249829
0.26083
0.271225
0.280979
0.290054
0.298412
0.306008
0.312796
0.318727
0.323748
0.3278
0.330823
0.332748
0.333503
0.333011
0.331187
0.327938
0.323164
0.316756
0.308595
0.298551
0.286483
0.272237
0.255655
0.236571
0.214833
0.190321
0.162991
0.13294
0.10051
0.0664295
0.0319795
-0.000844542
-0.029278
-0.0499885
-0.0597153
-0.0564117
-0.0409116
-0.0194703
-0.00422926
-0.00311705
-0.0151373
-0.0342836
-0.0532179
-0.068072
-0.0775603
-0.0815251
-0.0804124
-0.0749574
-0.0659654
-0.0541948
-0.0403085
-0.0248605
-0.00830113
0.00901099
0.0267938
0.0448276
0.0629423
0.0810063
0.0989185
0.116601
0.133992
0.151044
0.167719
0.183985
0.199816
0.215188
0.23008
0.24447
0.258338
0.271661
0.284419
0.296585
0.308134
0.319038
0.329265
0.338782
0.347551
0.355534
0.362685
0.368959
0.374304
0.378663
0.381977
0.384181
0.385202
0.384964
0.383382
0.380364
0.375808
0.369603
0.361625
0.351739
0.339791
0.325612
0.309015
0.289798
0.267747
0.242652
0.214342
0.182734
0.147936
0.110396
0.0711092
0.0318728
-0.00450251
-0.0341897
-0.0528153
-0.0566341
-0.0447068
-0.02281
-0.00530387
-0.0044632
-0.0201105
-0.0431223
-0.063841
-0.0779589
-0.0847064
-0.0845989
-0.0786804
-0.0681462
-0.0541171
-0.0375473
-0.0192075
0.000300009
0.0205151
0.0410921
0.0617743
0.0823733
0.102752
0.122811
0.142479
0.161707
0.180457
0.198704
0.21643
0.23362
0.250262
0.266347
0.281865
0.296805
0.311155
0.324902
0.338031
0.350523
0.362359
0.373515
0.383965
0.393679
0.402625
0.410766
0.418062
0.424469
0.429939
0.434419
0.437851
0.440173
0.441316
0.441205
0.439757
0.436882
0.43248
0.42644
0.418639
0.408937
0.397175
0.383175
0.366731
0.34761
0.325548
0.30026
0.271453
0.238866
0.202353
0.162018
0.118451
0.0730454
0.0283864
-0.0114701
-0.0411251
-0.0548017
-0.0488651
-0.0274478
-0.00698359
-0.00664105
-0.0271813
-0.0540945
-0.0750577
-0.0859285
-0.0871472
-0.0803466
-0.0673909
-0.0500084
-0.0296228
-0.00733038
0.0160571
0.039955
0.0639515
0.0877624
0.111195
0.134124
0.156468
0.178179
0.199229
0.219606
0.239307
0.258335
0.276694
0.294392
0.311434
0.327825
0.343569
0.358667
0.373117
0.386914
0.400051
0.412517
0.424298
0.435376
0.44573
0.455335
0.464164
0.472183
0.479358
0.485647
0.491007
0.495388
0.498737
0.500995
0.502096
0.501971
0.500541
0.49772
0.493411
0.487508
0.479889
0.470418
0.458936
0.44526
0.429175
0.410429
0.388724
0.363715
0.335006
0.302174
0.264817
0.222665
0.175793
0.124975
0.0722142
0.021338
-0.0215964
-0.0486884
-0.0525878
-0.0338209
-0.00967111
-0.0102538
-0.0372385
-0.0668241
-0.0844588
-0.0876639
-0.07918
-0.0622511
-0.0396897
-0.0136993
0.0141267
0.0426969
0.0712916
0.0994528
0.126902
0.153481
0.179108
0.203753
0.227417
0.250118
0.271887
0.292756
0.312761
0.331936
0.350314
0.367922
0.384785
0.400925
0.416357
0.431094
0.445145
0.458513
0.471198
0.483196
0.4945
0.505097
0.514971
0.524103
0.532469
0.540041
0.546788
0.552675
0.557661
0.561703
0.564752
0.566753
0.567648
0.567372
0.565852
0.563008
0.558752
0.552982
0.545586
0.536432
0.525368
0.512215
0.496759
0.478742
0.457848
0.433693
0.405812
0.373647
0.336573
0.29395
0.245279
0.190531
0.130723
0.0688015
0.0106857
-0.034058
-0.0536116
-0.0420288
-0.0139091
-0.0161374
-0.0508519
-0.07869
-0.0857239
-0.0742009
-0.0504787
-0.0196327
0.014792
0.0504616
0.085949
0.120442
0.153518
0.184992
0.214819
0.243032
0.269706
0.294934
0.318815
0.341443
0.36291
0.383299
0.402682
0.421125
0.438684
0.455409
0.47134
0.486512
0.500954
0.514686
0.527726
0.540084
0.551768
0.562778
0.573113
0.582764
0.591722
0.599971
0.607491
0.614261
0.620254
0.625438
0.62978
0.63324
0.635777
0.637342
0.637884
0.637344
0.635659
0.632757
0.628559
0.622974
0.6159
0.607218
0.596787
0.58444
0.569974
0.553141
0.533626
0.511037
0.484871
0.454494
0.419113
0.377779
0.329452
0.273203
0.208721
0.137286
0.0634071
-0.00311223
-0.0463495
-0.0505329
-0.0199786
-0.0246201
-0.0658504
-0.0802528
-0.0636534
-0.0278768
0.0166951
0.0639968
0.110701
0.155136
0.196613
0.234977
0.270337
0.302922
0.332996
0.360825
0.386654
0.410704
0.433168
0.45421
0.473973
0.49258
0.510133
0.526719
0.542414
0.557278
0.571364
0.584715
0.597366
0.609344
0.620671
0.631363
0.64143
0.650877
0.659706
0.667913
0.675492
0.68243
0.688714
0.694325
0.699241
0.703437
0.706885
0.709553
0.711404
0.712398
0.712493
0.711638
0.709781
0.706861
0.70281
0.697553
0.691001
0.683051
0.673582
0.662447
0.649467
0.634415
0.617003
0.59686
0.573496
0.546261
0.514296
0.476467
0.431328
0.377149
0.312163
0.235331
0.148147
0.0578788
-0.0183933
-0.0528651
-0.0262209
-0.0312987
-0.0687271
-0.0436727
0.0154749
0.0836829
0.150386
0.211701
0.266451
0.314768
0.35733
0.394944
0.428373
0.458283
0.485231
0.509676
0.531993
0.552484
0.571397
0.588935
0.605263
0.620516
0.634808
0.64823
0.66086
0.672762
0.683987
0.694578
0.70457
0.713992
0.722864
0.731202
0.739017
0.746317
0.753103
0.759375
0.765129
0.770355
0.775044
0.779182
0.782751
0.785733
0.788105
0.789842
0.790917
0.791299
0.790952
0.789841
0.787923
0.78515
0.781472
0.776828
0.771149
0.764355
0.756348
0.747012
0.7362
0.723728
0.709356
0.692769
0.673542
0.651095
0.624622
0.592998
0.554646
0.507386
0.448321
0.374026
0.281702
0.172056
0.0556974
-0.0301857
-0.0232112
-0.000660366
0.000353018
0.104334
0.217907
0.312102
0.388129
0.449784
0.500016
0.541355
0.575875
0.60515
0.630344
0.652321
0.671723
0.689037
0.704631
0.718791
0.731738
0.743647
0.754658
0.764882
0.774408
0.783311
0.79165
0.799474
0.806823
0.813729
0.820218
0.82631
0.832022
0.837365
0.842347
0.846974
0.851248
0.855167
0.85873
0.86193
0.864761
0.867213
0.869275
0.870934
0.872176
0.872982
0.873336
0.873216
0.872601
0.871465
0.869781
0.867518
0.864642
0.861114
0.856887
0.851909
0.846114
0.839424
0.831739
0.822933
0.81284
0.801238
0.787824
0.772178
0.753698
0.73151
0.70431
0.670123
0.625909
0.567062
0.48705
0.376958
0.228427
0.0726435
0.0309694
0.292184
0.379306
0.530608
0.644331
0.714298
0.760019
0.792313
0.816131
0.834337
0.848761
0.860548
0.870429
0.878884
0.886245
0.892742
0.898544
0.903777
0.908534
0.912889
0.916897
0.920605
0.924047
0.927253
0.930245
0.933042
0.935659
0.938108
0.9404
0.94254
0.944536
0.946391
0.948108
0.949688
0.951131
0.952438
0.953606
0.954633
0.955516
0.956251
0.956834
0.957259
0.95752
0.957611
0.957525
0.957254
0.956789
0.956121
0.95524
0.954134
0.95279
0.951192
0.949325
0.947166
0.944692
0.941871
0.938665
0.935024
0.93088
0.926147
0.920701
0.914371
0.906908
0.897942
0.886902
0.872863
0.854247
0.828214
0.789432
0.726146
0.611349
0.435852
0.317985
)
;

boundaryField
{
    movingWall
    {
        type            calculated;
        value           uniform 1;
    }
    fixedWalls
    {
        type            calculated;
        value           uniform 0;
    }
    frontAndBack
    {
        type            empty;
    }
}


// ************************************************************************* //
