/*--------------------------------*- C++ -*----------------------------------*\
  =========                 |
  \\      /  F ield         | OpenFOAM: The Open Source CFD Toolbox
   \\    /   O peration     | Website:  https://openfoam.org
    \\  /    A nd           | Version:  dev
     \\/     M anipulation  |
\*---------------------------------------------------------------------------*/
FoamFile
{
    format      ascii;
    class       volScalarField;
    location    "24.75";
    object      Uy;
}
// * * * * * * * * * * * * * * * * * * * * * * * * * * * * * * * * * * * * * //

dimensions      [0 1 -1 0 0 0 0];

internalField   nonuniform List<scalar> 
5184
(
-1.27882e-05
-2.09253e-05
-1.72554e-05
-8.19462e-06
2.67186e-06
1.36178e-05
2.38421e-05
3.30394e-05
4.10921e-05
4.80064e-05
5.38439e-05
5.86893e-05
6.26347e-05
6.57712e-05
6.81839e-05
6.99482e-05
7.11282e-05
7.17764e-05
7.19334e-05
7.16289e-05
7.08824e-05
6.97044e-05
6.80975e-05
6.6059e-05
6.35815e-05
6.06555e-05
5.72704e-05
5.34167e-05
4.90871e-05
4.42788e-05
3.89942e-05
3.32426e-05
2.70411e-05
2.04157e-05
1.3402e-05
6.04576e-06
-1.59696e-06
-9.45969e-06
-1.7466e-05
-2.55303e-05
-3.35581e-05
-4.14481e-05
-4.90929e-05
-5.63815e-05
-6.32015e-05
-6.94411e-05
-7.49915e-05
-7.975e-05
-8.36219e-05
-8.65235e-05
-8.83844e-05
-8.91492e-05
-8.87796e-05
-8.72557e-05
-8.45771e-05
-8.07635e-05
-7.58545e-05
-6.99086e-05
-6.3003e-05
-5.52332e-05
-4.67131e-05
-3.75762e-05
-2.79776e-05
-1.80996e-05
-8.16732e-06
1.52474e-06
1.05538e-05
1.82828e-05
2.36994e-05
2.51127e-05
1.98396e-05
6.24405e-06
-4.59888e-05
-6.57529e-05
-4.05585e-05
7.64072e-06
6.5674e-05
0.000125965
0.000184243
0.000238262
0.000286885
0.00032967
0.000366579
0.000397801
0.000423648
0.000444487
0.000460693
0.000472626
0.000480609
0.000484917
0.000485772
0.000483346
0.000477762
0.000469095
0.000457384
0.000442637
0.000424844
0.000403981
0.000380024
0.000352955
0.000322776
0.000289513
0.000253226
0.000214018
0.000172039
0.000127492
8.06358e-05
3.17892e-05
-1.86689e-05
-7.03007e-05
-0.000122612
-0.000175055
-0.000227037
-0.000277926
-0.00032706
-0.000373762
-0.000417347
-0.000457141
-0.000492491
-0.000522784
-0.000547457
-0.000566018
-0.000578052
-0.000583242
-0.000581371
-0.000572335
-0.00055615
-0.000532955
-0.000503013
-0.000466715
-0.000424573
-0.000377226
-0.000325443
-0.000270128
-0.000212342
-0.000153337
-9.46208e-05
-3.80727e-05
1.38518e-05
5.78486e-05
8.9326e-05
0.000101789
8.64728e-05
3.64763e-05
-8.13199e-05
-9.5011e-05
-1.91038e-05
0.000105934
0.000254604
0.000410474
0.000563238
0.000706764
0.000837607
0.000954063
0.00105554
0.00114213
0.00121434
0.00127291
0.00131865
0.00135239
0.00137489
0.00138684
0.00138878
0.00138118
0.00136434
0.00133851
0.0013038
0.00126028
0.00120796
0.00114683
0.00107688
0.000998119
0.00091062
0.000814519
0.000710047
0.000597548
0.000477495
0.000350503
0.000217338
7.8921e-05
-6.36681e-05
-0.000209195
-0.000356277
-0.000503397
-0.000648922
-0.000791121
-0.000928191
-0.00105829
-0.00117957
-0.00129021
-0.00138846
-0.00147268
-0.00154136
-0.00159318
-0.00162706
-0.00164215
-0.00163789
-0.00161402
-0.00157062
-0.00150807
-0.00142713
-0.0013289
-0.00121482
-0.0010867
-0.000946715
-0.000797421
-0.000641828
-0.000483465
-0.000326529
-0.000176107
-3.85096e-05
7.825e-05
0.00016388
0.000205218
0.000186157
9.03485e-05
-9.76969e-05
-7.3072e-05
8.48272e-05
0.000318328
0.000589946
0.000874072
0.00115369
0.00141801
0.00166057
0.00187785
0.00206829
0.00223163
0.00236843
0.00247974
0.00256683
0.00263102
0.00267359
0.00269571
0.00269834
0.00268227
0.00264811
0.00259628
0.00252705
0.00244058
0.00233695
0.00221621
0.0020784
0.00192364
0.00175213
0.00156423
0.00136046
0.00114155
0.000908486
0.000662493
0.000405088
0.000138071
-0.00013647
-0.000416168
-0.000698388
-0.000980256
-0.00125869
-0.00153042
-0.0017921
-0.00204026
-0.00227148
-0.00248236
-0.00266965
-0.00283032
-0.00296158
-0.003061
-0.00312659
-0.00315677
-0.00315055
-0.00310746
-0.00302765
-0.00291191
-0.00276167
-0.00257903
-0.00236673
-0.00212824
-0.00186769
-0.00158998
-0.00130083
-0.00100689
-0.000715987
-0.000437382
-0.000182216
3.59092e-05
0.000200284
0.000290524
0.00028234
0.000147196
-8.43338e-05
2.09865e-05
0.000295463
0.000667895
0.0010905
0.00152938
0.00196111
0.00237023
0.00274702
0.00308585
0.00338396
0.00364052
0.00385599
0.00403162
0.00416906
0.00427014
0.00433664
0.00437021
0.00437227
0.00434401
0.00428631
0.00419986
0.0040851
0.00394232
0.00377173
0.00357348
0.00334775
0.00309483
0.00281515
0.00250937
0.00217845
0.00182365
0.00144662
0.00104941
0.000634506
0.000204818
-0.000236294
-0.000685046
-0.00113725
-0.00158836
-0.0020335
-0.00246757
-0.00288526
-0.00328121
-0.00365004
-0.00398646
-0.00428544
-0.00454222
-0.00475251
-0.00491255
-0.0050192
-0.00507009
-0.00506364
-0.00499916
-0.00487692
-0.00469818
-0.0044652
-0.0041813
-0.00385085
-0.00347932
-0.00307328
-0.00264045
-0.00218982
-0.0017318
-0.00127843
-0.000843756
-0.000444254
-9.94772e-05
0.00016725
0.000328205
0.000350665
0.000194005
-3.74439e-05
0.00019743
0.000626825
0.00117004
0.00177114
0.00238931
0.00299549
0.00356991
0.00409973
0.00457719
0.00499822
0.00536131
0.00566673
0.00591583
0.0061106
0.0062533
0.0063462
0.00639145
0.0063909
0.00634613
0.00625837
0.00612856
0.00595735
0.00574522
0.00549254
0.00519961
0.00486682
0.0044947
0.004084
0.00363583
0.00315166
0.00263346
0.0020837
0.00150542
0.000902271
0.000278501
-0.00036103
-0.00101087
-0.00166502
-0.00231698
-0.00295983
-0.0035863
-0.00418888
-0.00475999
-0.00529201
-0.00577752
-0.00620939
-0.00658095
-0.00688613
-0.00711965
-0.0072771
-0.00735514
-0.00735154
-0.00726535
-0.00709696
-0.00684814
-0.00652214
-0.00612368
-0.00565897
-0.0051358
-0.0045635
-0.00395304
-0.00331712
-0.00267032
-0.00202936
-0.00141343
-0.000844647
-0.000348687
4.44894e-05
0.000299955
0.000376914
0.000224339
4.4168e-05
0.000461261
0.00108682
0.00183414
0.00264139
0.00346237
0.00426346
0.00502122
0.00572005
0.00635028
0.0069066
0.00738683
0.007791
0.00812053
0.0083777
0.00856515
0.00868564
0.00874176
0.00873581
0.00866975
0.00854515
0.00836322
0.00812487
0.00783077
0.00748148
0.00707755
0.00661961
0.00610851
0.00554543
0.00493199
0.00427032
0.0035632
0.00281409
0.00202719
0.00120747
0.000360706
-0.000506532
-0.00138692
-0.00227242
-0.00315434
-0.00402347
-0.00487015
-0.00568442
-0.00645621
-0.00717545
-0.00783231
-0.00841735
-0.00892176
-0.00933753
-0.00965763
-0.00987625
-0.00998893
-0.00999272
-0.00988634
-0.00967028
-0.00934688
-0.00892042
-0.00839715
-0.00778533
-0.00709527
-0.00633935
-0.00553207
-0.00469015
-0.0038327
-0.00298138
-0.00216078
-0.00139882
-0.000727328
-0.000182783
0.000193025
0.000351995
0.000234771
0.000160496
0.000814343
0.00167922
0.00266521
0.00370663
0.00475349
0.00576877
0.00672621
0.00760801
0.00840292
0.00910461
0.00971035
0.01022
0.010635
0.010958
0.0111919
0.01134
0.0114053
0.0113906
0.011298
0.0111297
0.0108869
0.010571
0.0101829
0.00972323
0.00919291
0.00859286
0.00792433
0.00718898
0.00638906
0.00552745
0.00460788
0.00363488
0.00261396
0.00155158
0.000455195
-0.000666754
-0.00180488
-0.00294893
-0.00408784
-0.00520987
-0.00630278
-0.00735396
-0.00835061
-0.00928002
-0.0101297
-0.0108878
-0.011543
-0.0120853
-0.0125057
-0.0127967
-0.0129528
-0.0129701
-0.0128469
-0.0125837
-0.0121836
-0.0116517
-0.0109961
-0.010227
-0.00935756
-0.00840331
-0.00738252
-0.00631619
-0.00522814
-0.0041452
-0.00309751
-0.00211883
-0.00124713
-0.000525185
-1.1862e-06
0.000270342
0.000223598
0.000310905
0.00125658
0.002405
0.0036651
0.00496917
0.0062649
0.00751307
0.00868548
0.00976283
0.0107327
0.0115882
0.0123261
0.0129463
0.0134504
0.0138412
0.0141222
0.014297
0.0143691
0.0143416
0.0142171
0.013998
0.0136861
0.0132826
0.0127889
0.0122059
0.0115348
0.0107768
0.00993368
0.00900766
0.00800164
0.00691939
0.00576562
0.00454609
0.00326771
0.00193855
0.000567872
-0.000833867
-0.00225508
-0.00368313
-0.00510442
-0.00650454
-0.00786847
-0.00918074
-0.0104257
-0.0115877
-0.0126515
-0.0136025
-0.0144269
-0.0151123
-0.0156475
-0.0160235
-0.0162331
-0.0162717
-0.0161369
-0.0158293
-0.0153523
-0.0147124
-0.013919
-0.0129847
-0.0119255
-0.0107601
-0.00951087
-0.00820315
-0.00686565
-0.00553053
-0.00423353
-0.00301434
-0.00191693
-0.000990172
-0.000288196
0.000128852
0.00019017
0.000494491
0.00178675
0.00326326
0.00483343
0.00642899
0.00799665
0.00949611
0.0108982
0.0121827
0.0133369
0.0143533
0.0152288
0.0159633
0.0165588
0.0170186
0.0173463
0.0175462
0.0176222
0.0175777
0.0174158
0.0171391
0.0167496
0.0162491
0.0156389
0.0149205
0.0140952
0.0131647
0.0121312
0.0109975
0.00976734
0.00844537
0.00703738
0.00555044
0.00399292
0.00237461
0.000706675
-0.000998309
-0.00272644
-0.00446257
-0.00619043
-0.00789281
-0.00955173
-0.0111487
-0.0126651
-0.0140821
-0.0153816
-0.0165459
-0.0175586
-0.0184046
-0.0190705
-0.0195454
-0.0198205
-0.0198898
-0.0197506
-0.0194031
-0.0188513
-0.0181025
-0.0171679
-0.0160623
-0.0148043
-0.0134165
-0.011925
-0.0103597
-0.00875438
-0.00714657
-0.00557773
-0.00409344
-0.00274366
-0.00158312
-0.000671544
-7.40908e-05
0.000134405
0.000710222
0.00240293
0.00425193
0.00616824
0.00808427
0.00994696
0.011716
0.013362
0.0148649
0.0162118
0.0173954
0.018413
0.0192649
0.0199534
0.0204823
0.0208559
0.0210788
0.0211553
0.0210894
0.0208846
0.0205436
0.0200689
0.0194624
0.0187257
0.0178606
0.0168688
0.0157524
0.014514
0.0131572
0.0116864
0.0101072
0.00842666
0.00665305
0.00479636
0.0028681
0.000881453
-0.00114883
-0.00320645
-0.00527364
-0.00733137
-0.00935948
-0.011337
-0.0132421
-0.0150531
-0.0167479
-0.0183052
-0.0197041
-0.0209252
-0.0219508
-0.0227649
-0.0233543
-0.0237085
-0.0238201
-0.0236855
-0.0233047
-0.0226819
-0.0218253
-0.0207476
-0.019466
-0.0180019
-0.0163812
-0.0146342
-0.0127955
-0.0109039
-0.00900253
-0.00713852
-0.00536344
-0.00373318
-0.00230823
-0.00115367
-0.000339322
5.64716e-05
0.000957021
0.00310282
0.00536811
0.00766642
0.00993189
0.0121127
0.0141694
0.0160735
0.0178054
0.019353
0.0207097
0.0218733
0.0228448
0.0236273
0.0242251
0.0246432
0.0248867
0.0249605
0.0248689
0.0246158
0.0242043
0.023637
0.0229163
0.022044
0.021022
0.0198525
0.018538
0.0170817
0.0154877
0.0137613
0.0119091
0.00993914
0.00786122
0.00568684
0.00342933
0.00110386
-0.00127256
-0.00368117
-0.00610155
-0.00851179
-0.0108887
-0.0132081
-0.015445
-0.0175742
-0.0195702
-0.0214083
-0.0230643
-0.0245155
-0.0257412
-0.0267227
-0.0274442
-0.0278932
-0.0280607
-0.0279419
-0.0275364
-0.0268483
-0.0258867
-0.0246658
-0.0232047
-0.0215278
-0.0196646
-0.0176493
-0.0155213
-0.0133247
-0.011108
-0.00892443
-0.00683145
-0.00489096
-0.00316921
-0.00173658
-0.000667404
-4.34129e-05
0.0012338
0.00388389
0.00660838
0.00932408
0.0119677
0.0144894
0.0168518
0.0190278
0.0209994
0.0227554
0.0242906
0.0256038
0.0266969
0.027574
0.0282403
0.0287014
0.0289631
0.0290308
0.0289093
0.0286029
0.0281151
0.0274487
0.0266063
0.0255901
0.0244022
0.0230451
0.0215217
0.0198358
0.0179921
0.0159967
0.0138571
0.0115825
0.00918418
0.00667508
0.00407037
0.00138724
-0.00135505
-0.00413524
-0.00693022
-0.00971517
-0.0124638
-0.0151486
-0.0177412
-0.0202127
-0.0225343
-0.0246774
-0.0266144
-0.0283191
-0.0297673
-0.0309374
-0.0318108
-0.0323725
-0.0326117
-0.0325221
-0.0321025
-0.0313569
-0.030295
-0.028932
-0.0272893
-0.025394
-0.023279
-0.0209827
-0.0185493
-0.0160281
-0.0134735
-0.0109445
-0.00850495
-0.0062227
-0.00416991
-0.00242234
-0.00105898
-0.000165115
0.00153945
0.00474343
0.00796894
0.0111367
0.0141866
0.017072
0.0197579
0.0222196
0.024441
0.026413
0.0281319
0.029598
0.0308146
0.0317869
0.032521
0.0330236
0.0333011
0.0333596
0.0332045
0.0328404
0.0322711
0.0314998
0.0305292
0.0293618
0.0280001
0.0264468
0.0247051
0.0227794
0.020675
0.0183987
0.015959
0.0133662
0.0106328
0.00777346
0.00480494
0.0017465
-0.00138036
-0.00455191
-0.00774231
-0.0109238
-0.0140669
-0.0171407
-0.0201134
-0.0229524
-0.0256249
-0.0280987
-0.0303423
-0.0323257
-0.0340211
-0.0354033
-0.0364507
-0.0371455
-0.0374746
-0.03743
-0.0370093
-0.036216
-0.03506
-0.0335579
-0.0317326
-0.029614
-0.0272383
-0.0246484
-0.021893
-0.019027
-0.0161105
-0.0132089
-0.0103922
-0.00773469
-0.00531465
-0.00321346
-0.00151504
-0.000308671
0.00187289
0.00567861
0.00944565
0.0130991
0.016583
0.0198543
0.0228812
0.0256421
0.0281236
0.030319
0.0322268
0.0338491
0.0351909
0.0362589
0.0370604
0.0376031
0.0378944
0.0379411
0.037749
0.0373233
0.0366681
0.0357869
0.0346826
0.0333581
0.0318158
0.030059
0.0280911
0.025917
0.0235424
0.020975
0.0182241
0.0153011
0.0122196
0.00899576
0.00564818
0.00219797
-0.00133116
-0.00491304
-0.00851913
-0.0121187
-0.015679
-0.0191659
-0.0225437
-0.0257761
-0.0288263
-0.031658
-0.0342356
-0.0365249
-0.0384942
-0.0401146
-0.0413608
-0.0422117
-0.0426517
-0.0426704
-0.042264
-0.041435
-0.0401935
-0.0385566
-0.036549
-0.0342031
-0.0315584
-0.028662
-0.0255676
-0.0223355
-0.019032
-0.0157288
-0.0125025
-0.00943428
-0.00660865
-0.00411314
-0.00203707
-0.000474347
0.00223298
0.00668645
0.0110341
0.015206
0.0191508
0.0228295
0.0262146
0.029288
0.0320397
0.0344659
0.0365677
0.0383496
0.0398185
0.0409828
0.0418514
0.0424333
0.0427367
0.0427692
0.0425375
0.042047
0.0413023
0.0403072
0.0390649
0.0375783
0.0358502
0.033884
0.0316835
0.0292538
0.0266014
0.0237343
0.0206627
0.0173989
0.0139579
0.010357
0.00661643
0.00275922
-0.00118886
-0.00519923
-0.0092407
-0.0132796
-0.01728
-0.0212042
-0.0250128
-0.0286654
-0.0321214
-0.0353398
-0.0382807
-0.0409055
-0.0431781
-0.0450653
-0.0465377
-0.0475708
-0.0481454
-0.0482486
-0.0478745
-0.0470245
-0.0457079
-0.0439425
-0.0417544
-0.0391781
-0.0362566
-0.033041
-0.02959
-0.0259696
-0.0222525
-0.018517
-0.0148468
-0.01133
-0.00805824
-0.00512551
-0.00262722
-0.000662681
0.00261856
0.00776386
0.0127297
0.0174515
0.0218829
0.0259902
0.0297502
0.0331492
0.0361811
0.0388454
0.0411463
0.0430911
0.0446892
0.0459508
0.0468866
0.0475069
0.0478212
0.047838
0.0475645
0.0470069
0.0461701
0.0450583
0.0436747
0.0420224
0.0401045
0.0379245
0.0354865
0.0327959
0.0298594
0.0266857
0.0232857
0.0196726
0.0158621
0.011873
0.00772703
0.00344884
-0.000933754
-0.0053899
-0.00988582
-0.0143849
-0.0188481
-0.0232341
-0.0274998
-0.0316007
-0.0354916
-0.0391272
-0.0424628
-0.045455
-0.0480628
-0.0502482
-0.0519774
-0.0532215
-0.0539577
-0.0541697
-0.0538489
-0.0529951
-0.0516165
-0.049731
-0.0473657
-0.0445572
-0.0413517
-0.0378042
-0.0339788
-0.0299471
-0.0257883
-0.0215881
-0.0174375
-0.0134321
-0.00967106
-0.00625577
-0.00328836
-0.000874503
0.00302843
0.00890757
0.0145274
0.0198292
0.0247723
0.0293284
0.0334795
0.0372169
0.0405385
0.0434482
0.0459535
0.0480649
0.0497944
0.0511545
0.0521579
0.0528165
0.053141
0.053141
0.0528246
0.0521984
0.0512679
0.0500373
0.0485104
0.0466902
0.0445801
0.0421834
0.0395047
0.0365493
0.0333244
0.0298391
0.0261047
0.0221351
0.0179471
0.0135604
0.008998
0.00428625
-0.000545233
-0.00546344
-0.0104321
-0.0154118
-0.0203604
-0.025233
-0.0299825
-0.0345604
-0.0389169
-0.0430018
-0.0467653
-0.050159
-0.0531365
-0.0556546
-0.0576742
-0.0591617
-0.0600897
-0.0604381
-0.060195
-0.0593576
-0.0579329
-0.0559381
-0.0534009
-0.0503598
-0.0468639
-0.0429724
-0.0387542
-0.0342874
-0.0296578
-0.0249585
-0.0202887
-0.0157521
-0.0114562
-0.00751025
-0.00402417
-0.00111096
0.00346134
0.0101142
0.016422
0.0223324
0.027811
0.0328353
0.0373933
0.0414813
0.0451023
0.0482645
0.0509795
0.0532612
0.0551245
0.0565848
0.0576566
0.0583538
0.0586885
0.0586715
0.0583116
0.0576163
0.0565913
0.0552414
0.0535703
0.0515814
0.0492779
0.0466633
0.0437422
0.04052
0.0370041
0.0332039
0.029131
0.0247998
0.0202279
0.0154358
0.0104477
0.00529136
-2.01246e-06
-0.00539739
-0.0108562
-0.0163363
-0.0217924
-0.0271762
-0.0324367
-0.0375211
-0.0423747
-0.0469426
-0.0511694
-0.0550011
-0.0583855
-0.0612736
-0.0636206
-0.0653873
-0.066541
-0.067057
-0.0669194
-0.0661222
-0.0646703
-0.0625797
-0.0598783
-0.0566061
-0.0528148
-0.0485675
-0.0439384
-0.0390118
-0.0338808
-0.0286465
-0.0234166
-0.0183036
-0.0134242
-0.00889656
-0.00483917
-0.00137352
0.00391596
0.01138
0.0184079
0.0249542
0.0309908
0.0365019
0.0414816
0.0459321
0.0498618
0.0532837
0.0562137
0.0586695
0.0606695
0.0622317
0.0633733
0.0641099
0.0644554
0.0644218
0.0640188
0.0632547
0.0621357
0.0606669
0.0588521
0.0566949
0.0541984
0.0513662
0.0482027
0.0447134
0.0409058
0.0367892
0.0323755
0.0276796
0.0227193
0.017516
0.0120947
0.0064843
0.000717571
-0.00516873
-0.0111339
-0.0171332
-0.0231184
-0.0290378
-0.0348366
-0.0404573
-0.0458408
-0.0509265
-0.0556536
-0.059962
-0.0637932
-0.0670917
-0.0698064
-0.0718916
-0.0733088
-0.0740276
-0.0740273
-0.0732979
-0.0718412
-0.0696716
-0.0668166
-0.0633169
-0.0592266
-0.0546128
-0.0495549
-0.0441435
-0.0384795
-0.0326724
-0.0268391
-0.0211019
-0.0155873
-0.0104236
-0.00573874
-0.00166399
0.00439088
0.0127013
0.0204794
0.0276868
0.0343027
0.0403181
0.0457338
0.0505583
0.0548056
0.0584941
0.0616445
0.0642785
0.0664181
0.0680845
0.0692975
0.070075
0.0704325
0.0703833
0.0699385
0.0691068
0.0678952
0.066309
0.0643523
0.0620285
0.0593409
0.056293
0.0528888
0.049134
0.0450357
0.0406032
0.0358485
0.0307865
0.0254354
0.019817
0.0139569
0.00788502
0.00163522
-0.00475415
-0.0112404
-0.0177766
-0.0243117
-0.0307905
-0.0371544
-0.0433416
-0.0492881
-0.0549277
-0.0601937
-0.0650195
-0.0693399
-0.0730923
-0.0762183
-0.0786653
-0.0803876
-0.0813486
-0.0815216
-0.0808917
-0.0794569
-0.0772288
-0.0742338
-0.0705129
-0.0661224
-0.0611328
-0.0556286
-0.0497073
-0.0434777
-0.0370584
-0.0305762
-0.0241641
-0.0179595
-0.0121015
-0.00672914
-0.00198451
0.00488462
0.014074
0.0226301
0.0305224
0.0377374
0.0442736
0.0501387
0.055348
0.0599216
0.0638836
0.0672595
0.0700758
0.0723582
0.0741315
0.075418
0.0762382
0.0766094
0.0765466
0.0760618
0.0751647
0.0738629
0.0721619
0.0700662
0.0675791
0.0647037
0.0614433
0.0578019
0.0537847
0.0493986
0.0446527
0.0395588
0.0341315
0.0283893
0.022354
0.0160517
0.00951286
0.00277229
-0.00413041
-0.0111509
-0.0182401
-0.0253444
-0.0324054
-0.0393608
-0.0461445
-0.0526873
-0.0589176
-0.0647624
-0.0701481
-0.0750024
-0.0792549
-0.0828393
-0.085695
-0.0877685
-0.0890154
-0.0894024
-0.0889085
-0.0875265
-0.0852647
-0.0821473
-0.078215
-0.0735253
-0.0681524
-0.0621857
-0.0557295
-0.048901
-0.0418286
-0.0346498
-0.0275092
-0.020556
-0.0139418
-0.00781755
-0.00233757
0.00539559
0.0154937
0.0248536
0.0334526
0.0412851
0.0483573
0.0546844
0.0602886
0.0651968
0.0694388
0.0730455
0.0760482
0.0784769
0.0803598
0.0817224
0.0825875
0.0829748
0.0829007
0.0823786
0.0814191
0.0800304
0.0782184
0.0759876
0.0733415
0.070283
0.0668152
0.0629416
0.0586669
0.0539978
0.0489429
0.0435134
0.037724
0.0315925
0.0251408
0.0183951
0.0113861
0.00414934
-0.00327477
-0.0108405
-0.018497
-0.0261881
-0.0338527
-0.0414249
-0.0488343
-0.0560067
-0.0628647
-0.0693289
-0.0753185
-0.0807534
-0.0855549
-0.0896481
-0.0929632
-0.0954381
-0.0970196
-0.0976662
-0.0973496
-0.0960567
-0.0937907
-0.0905729
-0.0864427
-0.0814584
-0.075697
-0.069253
-0.0622375
-0.0547766
-0.0470089
-0.0390836
-0.0311579
-0.0233942
-0.0159574
-0.00901203
-0.00272598
0.00592212
0.016956
0.0271429
0.0364684
0.0449352
0.0525575
0.0593583
0.065367
0.0706175
0.0751458
0.0789884
0.0821817
0.0847601
0.0867555
0.0881969
0.0891098
0.0895159
0.0894335
0.0888774
0.0878592
0.0863876
0.0844692
0.0821085
0.079309
0.0760734
0.0724044
0.068305
0.0637797
0.0588341
0.0534765
0.0477174
0.0415709
0.0350543
0.0281892
0.0210014
0.0135216
0.00578563
-0.00216546
-0.010285
-0.0185206
-0.0268142
-0.035102
-0.0433147
-0.0513777
-0.0592121
-0.0667346
-0.0738591
-0.0804976
-0.0865614
-0.0919633
-0.0966185
-0.100448
-0.103378
-0.105348
-0.106305
-0.106213
-0.10505
-0.102815
-0.0995241
-0.0952142
-0.0899438
-0.0837919
-0.076858
-0.06926
-0.0611331
-0.0526269
-0.0439033
-0.0351329
-0.0264927
-0.0181625
-0.0103215
-0.00315292
0.00646246
0.0184562
0.0294908
0.0395606
0.0486768
0.056862
0.0641471
0.0705692
0.0761692
0.0809897
0.0850731
0.0884611
0.0911926
0.0933038
0.0948269
0.0957904
0.0962184
0.0961311
0.0955448
0.0944722
0.0929227
0.0909033
0.0884188
0.0854725
0.0820669
0.0782044
0.0738873
0.0691195
0.0639059
0.0582538
0.0521731
0.0456768
0.0387817
0.0315084
0.0238824
0.0159339
0.00769863
-0.000782223
-0.00946135
-0.0182853
-0.0271943
-0.0361223
-0.0449969
-0.0537398
-0.0622671
-0.07049
-0.0783156
-0.0856482
-0.0923906
-0.0984459
-0.103719
-0.10812
-0.111566
-0.113981
-0.115305
-0.11549
-0.114506
-0.112343
-0.109012
-0.104546
-0.0990021
-0.0924617
-0.085028
-0.0768259
-0.0680001
-0.0587116
-0.0491358
-0.0394583
-0.0298719
-0.0205725
-0.0117559
-0.00362189
0.00701476
0.0199892
0.0318897
0.0427196
0.0524987
0.061258
0.069037
0.0758806
0.0818367
0.0869548
0.0912837
0.0948701
0.0977582
0.0999883
0.101596
0.102613
0.103067
0.102978
0.102366
0.101244
0.0996217
0.0975074
0.0949059
0.0918204
0.0882531
0.0842058
0.0796805
0.0746799
0.0692083
0.0632719
0.0568795
0.0500432
0.0427784
0.035105
0.0270474
0.0186352
0.0099034
0.000893148
-0.00834815
-0.0177664
-0.0273007
-0.0368829
-0.0464382
-0.0558846
-0.0651337
-0.0740912
-0.0826575
-0.0907293
-0.0982003
-0.104964
-0.110913
-0.115948
-0.119971
-0.122895
-0.124648
-0.125169
-0.124418
-0.122374
-0.119042
-0.11445
-0.108652
-0.101729
-0.0937899
-0.0849647
-0.075408
-0.0652932
-0.05481
-0.0441601
-0.0335535
-0.0232043
-0.013326
-0.00413676
0.00757709
0.0215499
0.0343318
0.0459353
0.0563889
0.0657324
0.0740138
0.0812858
0.087604
0.0930248
0.0976032
0.101392
0.10444
0.106792
0.108487
0.109561
0.110043
0.109958
0.109324
0.108157
0.106468
0.104266
0.101555
0.0983385
0.0946186
0.0903965
0.0856735
0.0804514
0.0747333
0.0685245
0.0618324
0.0546677
0.0470447
0.0389818
0.0305022
0.0216342
0.0124121
0.00287618
-0.00692633
-0.0169412
-0.0271069
-0.0373538
-0.0476049
-0.0577753
-0.0677722
-0.0774962
-0.0868412
-0.095696
-0.103945
-0.111472
-0.118158
-0.123889
-0.128556
-0.132058
-0.134307
-0.13523
-0.134772
-0.132904
-0.129618
-0.124936
-0.118908
-0.111616
-0.103169
-0.0937051
-0.0833875
-0.0724027
-0.0609556
-0.0492653
-0.0375608
-0.0260757
-0.0150433
-0.00470172
0.00814748
0.023133
0.036809
0.0491973
0.0603352
0.0702715
0.0790624
0.086769
0.0934546
0.0991824
0.104014
0.108008
0.111219
0.113695
0.115481
0.116615
0.11713
0.117051
0.1164
0.115194
0.113445
0.111161
0.108348
0.10501
0.101147
0.096761
0.0918518
0.0864206
0.0804692
0.0740015
0.0670236
0.0595445
0.051577
0.0431378
0.0342485
0.024936
0.0152331
0.00517909
-0.00517976
-0.0157896
-0.0265886
-0.0375065
-0.0484646
-0.0593752
-0.0701423
-0.0806614
-0.0908202
-0.1005
-0.109576
-0.11792
-0.125404
-0.131898
-0.137279
-0.141431
-0.144249
-0.145645
-0.14555
-0.143919
-0.140734
-0.136007
-0.129783
-0.12214
-0.11319
-0.103075
-0.0919692
-0.0800716
-0.0676034
-0.0548025
-0.0419184
-0.029206
-0.0169203
-0.00532132
0.00872389
0.024733
0.0393132
0.0524951
0.0643253
0.0748612
0.0841677
0.0923141
0.0993712
0.10541
0.110498
0.1147
0.118075
0.120679
0.122558
0.123755
0.124305
0.124236
0.123573
0.122332
0.120529
0.118171
0.115265
0.111814
0.107819
0.10328
0.0981975
0.0925706
0.0864002
0.0796886
0.0724405
0.064663
0.056367
0.0475675
0.038284
0.0285415
0.018371
0.00781019
-0.00309594
-0.0142945
-0.0257242
-0.0373145
-0.0489858
-0.0606485
-0.0722035
-0.0835419
-0.0945459
-0.105089
-0.115038
-0.124255
-0.132596
-0.13992
-0.146087
-0.150965
-0.154431
-0.156379
-0.156722
-0.1554
-0.15238
-0.147662
-0.141283
-0.133316
-0.123873
-0.113101
-0.101183
-0.0883316
-0.0747851
-0.0608013
-0.046652
-0.0326155
-0.0189704
-0.00600044
0.00930423
0.0263445
0.0418358
0.055818
0.0683464
0.0794873
0.0893141
0.0979042
0.105336
0.111688
0.117035
0.121447
0.12499
0.127722
0.129697
0.130959
0.131546
0.131491
0.130819
0.12955
0.127698
0.125274
0.122282
0.118728
0.114611
0.109932
0.104689
0.0988804
0.0925063
0.0855674
0.0780662
0.0700082
0.0614021
0.0522607
0.0426013
0.0324466
0.0218254
0.0107733
-0.000666633
-0.012443
-0.0244956
-0.0367545
-0.0491397
-0.0615607
-0.0739158
-0.0860928
-0.0979685
-0.10941
-0.120275
-0.130414
-0.139673
-0.147895
-0.154922
-0.160605
-0.164802
-0.167387
-0.168252
-0.167319
-0.164537
-0.159891
-0.153407
-0.145152
-0.135235
-0.123806
-0.111057
-0.0972138
-0.0825323
-0.0672919
-0.0517884
-0.0363255
-0.0212075
-0.0067443
0.00988644
0.0279619
0.0443686
0.0591552
0.0723859
0.0841355
0.0944859
0.103522
0.111332
0.117999
0.123606
0.12823
0.131941
0.134803
0.136874
0.138202
0.13883
0.138792
0.138115
0.136822
0.134927
0.132442
0.129374
0.125725
0.121498
0.11669
0.1113
0.105325
0.0987636
0.0916146
0.083879
0.0755601
0.0666644
0.057202
0.0471878
0.036642
0.0255908
0.014067
0.00211149
-0.0102267
-0.0228889
-0.0358067
-0.0489006
-0.0620797
-0.075241
-0.0882695
-0.101038
-0.113407
-0.125226
-0.136336
-0.146569
-0.155754
-0.163717
-0.170287
-0.175302
-0.178614
-0.180093
-0.179637
-0.177176
-0.172677
-0.16615
-0.157652
-0.147288
-0.135211
-0.121618
-0.106748
-0.0908767
-0.0743052
-0.0573552
-0.0403583
-0.0236467
-0.00755846
0.0104684
0.0295798
0.0469031
0.0624961
0.0764311
0.0887914
0.0996671
0.109152
0.11734
0.124323
0.130191
0.135026
0.138905
0.141898
0.144066
0.145462
0.146131
0.146111
0.145433
0.144119
0.142186
0.139648
0.13651
0.132777
0.128449
0.123524
0.118001
0.111875
0.105143
0.0978028
0.0898527
0.081294
0.0721308
0.0623707
0.0520257
0.0411132
0.0296561
0.0176846
0.00523626
-0.00764239
-0.0208954
-0.0344562
-0.0482469
-0.0621771
-0.0761435
-0.0900293
-0.103704
-0.117023
-0.129828
-0.141952
-0.153213
-0.163425
-0.172396
-0.179936
-0.18586
-0.189995
-0.192186
-0.192306
-0.190259
-0.185991
-0.179494
-0.170812
-0.160041
-0.147332
-0.132889
-0.116964
-0.0998494
-0.081872
-0.0633807
-0.0447368
-0.0263033
-0.00844881
0.0110482
0.0311927
0.0494314
0.0658302
0.0804696
0.0934409
0.104842
0.114775
0.123341
0.130641
0.136768
0.141814
0.145861
0.148983
0.151247
0.15271
0.153422
0.153422
0.152743
0.151412
0.149446
0.146859
0.143659
0.139849
0.135431
0.130402
0.12476
0.118498
0.111613
0.1041
0.0959559
0.0871798
0.0777731
0.0677406
0.0570914
0.0458393
0.0340044
0.021613
0.00869956
-0.004693
-0.0185119
-0.0326934
-0.0471619
-0.0618287
-0.0765913
-0.0913321
-0.105919
-0.120202
-0.13402
-0.147192
-0.159529
-0.170827
-0.180879
-0.189472
-0.196397
-0.201455
-0.204463
-0.205264
-0.203735
-0.199796
-0.193415
-0.184618
-0.17349
-0.160178
-0.144889
-0.127886
-0.10948
-0.090023
-0.0698934
-0.049485
-0.0291938
-0.00942155
0.0116238
0.0327955
0.0519456
0.0691475
0.0844894
0.0980703
0.109996
0.120376
0.129319
0.136932
0.143318
0.148572
0.152784
0.156034
0.158392
0.159921
0.160674
0.160693
0.160016
0.158669
0.156673
0.154042
0.150785
0.146907
0.142409
0.137287
0.131538
0.125156
0.118135
0.110469
0.102153
0.0931828
0.0835579
0.0732802
0.0623554
0.0507941
0.0386125
0.0258333
0.0124869
-0.0013877
-0.0157416
-0.0305147
-0.0456348
-0.0610159
-0.0765573
-0.0921422
-0.107637
-0.122892
-0.137736
-0.151986
-0.165438
-0.177878
-0.189077
-0.198803
-0.206822
-0.212906
-0.216841
-0.218439
-0.217543
-0.214042
-0.207876
-0.199049
-0.187629
-0.173754
-0.157633
-0.139537
-0.119796
-0.0987882
-0.0769222
-0.054627
-0.0323348
-0.0104832
0.0121935
0.0343836
0.0544384
0.0724385
0.0884791
0.102666
0.115113
0.125937
0.135254
0.143178
0.149818
0.155278
0.159651
0.163025
0.165474
0.167066
0.167857
0.167895
0.167218
0.165856
0.163831
0.16116
0.157852
0.153913
0.149342
0.144138
0.138296
0.131809
0.124669
0.11687
0.108403
0.0992633
0.0894468
0.0789525
0.0677829
0.0559451
0.0434512
0.0303199
0.0165772
0.00225757
-0.0125945
-0.0279236
-0.0436616
-0.0597264
-0.0760203
-0.0924289
-0.108819
-0.12504
-0.140918
-0.156263
-0.170863
-0.184489
-0.196898
-0.207834
-0.217038
-0.224251
-0.229229
-0.231744
-0.231605
-0.228664
-0.222828
-0.21407
-0.202437
-0.188055
-0.171128
-0.151936
-0.130824
-0.108196
-0.0844954
-0.0601875
-0.0357438
-0.0116406
0.0127555
0.0359523
0.056903
0.0756944
0.092428
0.107217
0.120181
0.131444
0.141129
0.149359
0.156249
0.161908
0.166438
0.169929
0.172465
0.174115
0.174941
0.174994
0.174315
0.172937
0.170884
0.168175
0.16482
0.160824
0.15619
0.150914
0.14499
0.138412
0.131171
0.123257
0.114662
0.105377
0.0953965
0.0847156
0.0733337
0.0612542
0.0484852
0.0350409
0.0209426
0.0062199
-0.00908797
-0.0249307
-0.0412455
-0.0579551
-0.0749662
-0.092168
-0.10943
-0.126601
-0.143509
-0.159956
-0.175724
-0.190574
-0.204244
-0.216461
-0.226937
-0.235384
-0.24152
-0.245081
-0.245833
-0.243586
-0.238207
-0.229634
-0.217886
-0.203068
-0.185377
-0.165095
-0.142585
-0.118274
-0.0926408
-0.0661911
-0.0394383
-0.0129007
0.0133084
0.037498
0.0593337
0.0789076
0.0963268
0.11171
0.125185
0.13688
0.146929
0.155457
0.162589
0.168441
0.173119
0.176722
0.179336
0.181038
0.181893
0.181956
0.181271
0.179875
0.177794
0.175047
0.171647
0.1676
0.162907
0.157567
0.151574
0.144919
0.137592
0.129584
0.120882
0.111477
0.10136
0.0905228
0.0789624
0.0666779
0.0536733
0.0399581
0.0255488
0.0104694
-0.0052465
-0.0215545
-0.0383977
-0.0557049
-0.0733886
-0.0913431
-0.109442
-0.127537
-0.145455
-0.162999
-0.179945
-0.196043
-0.211018
-0.224576
-0.236406
-0.246187
-0.2536
-0.258338
-0.260123
-0.258715
-0.253936
-0.245681
-0.233932
-0.218768
-0.200371
-0.179022
-0.155096
-0.129046
-0.101385
-0.0726624
-0.0434365
-0.0142711
0.013851
0.0390175
0.0617256
0.0820715
0.100167
0.116137
0.130114
0.142234
0.152636
0.161454
0.168819
0.174853
0.179671
0.183375
0.18606
0.187805
0.188681
0.188746
0.188051
0.186632
0.184519
0.181733
0.178289
0.174193
0.169448
0.164052
0.157999
0.151279
0.143883
0.135798
0.127011
0.117511
0.107285
0.0963234
0.0846193
0.0721679
0.0589691
0.0450278
0.030355
0.0149692
-0.00110204
-0.017821
-0.0351375
-0.0529874
-0.07129
-0.0899463
-0.108836
-0.127815
-0.146714
-0.165336
-0.183453
-0.20081
-0.217121
-0.232071
-0.245327
-0.256537
-0.265342
-0.271391
-0.274356
-0.273944
-0.269922
-0.262135
-0.250519
-0.235119
-0.216093
-0.193716
-0.16837
-0.140533
-0.110754
-0.0796255
-0.0477564
-0.0157591
0.0143825
0.0405085
0.064075
0.0851812
0.103943
0.120489
0.134958
0.147492
0.158237
0.167334
0.17492
0.181125
0.18607
0.189864
0.192606
0.194383
0.19527
0.19533
0.194615
0.193167
0.191018
0.18819
0.184701
0.180558
0.175765
0.170319
0.164214
0.157442
0.14999
0.141846
0.132996
0.123424
0.113117
0.102063
0.0902505
0.0776714
0.0643213
0.0502004
0.0353145
0.0196762
0.00330636
-0.013764
-0.0314925
-0.0498226
-0.0686819
-0.0879793
-0.107602
-0.127413
-0.147249
-0.166914
-0.186184
-0.204796
-0.222457
-0.238837
-0.25358
-0.266303
-0.276611
-0.284105
-0.288401
-0.28915
-0.286056
-0.278905
-0.267577
-0.252071
-0.232514
-0.209166
-0.182413
-0.152753
-0.120769
-0.0871037
-0.0524163
-0.0173725
0.0149024
0.0419698
0.0663799
0.0882335
0.107649
0.12476
0.139709
0.152645
0.163719
0.17308
0.180873
0.187234
0.192291
0.19616
0.198946
0.200742
0.201627
0.20167
0.200926
0.19944
0.197248
0.194374
0.190837
0.186647
0.181807
0.176315
0.170167
0.163353
0.15586
0.147674
0.138779
0.12916
0.118801
0.107685
0.0957994
0.083132
0.0696745
0.0554222
0.0403754
0.0245409
0.00793296
-0.00942505
-0.0274986
-0.0462398
-0.0655855
-0.0854538
-0.105741
-0.12632
-0.147034
-0.167695
-0.188079
-0.207926
-0.226935
-0.244767
-0.261043
-0.275354
-0.287266
-0.296333
-0.302114
-0.304195
-0.302213
-0.295881
-0.285016
-0.269558
-0.249593
-0.225354
-0.197224
-0.165717
-0.131452
-0.0951193
-0.0574342
-0.0191194
0.0154106
0.0434012
0.0686398
0.0912274
0.111284
0.128946
0.144361
0.157683
0.169071
0.17868
0.186662
0.193161
0.198312
0.202239
0.205052
0.20685
0.207718
0.207729
0.206943
0.20541
0.203165
0.200239
0.19665
0.19241
0.187524
0.181991
0.175805
0.168958
0.161436
0.153224
0.144305
0.134662
0.124276
0.11313
0.101206
0.0884906
0.0749699
0.0606351
0.0454813
0.0295091
0.0127259
-0.00485221
-0.0231993
-0.0422769
-0.0620315
-0.082392
-0.103266
-0.124536
-0.146056
-0.167648
-0.189093
-0.210136
-0.230474
-0.249759
-0.267597
-0.283555
-0.297161
-0.307922
-0.315338
-0.318928
-0.31825
-0.312938
-0.302731
-0.2875
-0.267273
-0.242248
-0.212793
-0.179432
-0.14282
-0.103693
-0.0628278
-0.0210076
0.0159076
0.0448041
0.0708566
0.0941644
0.114848
0.133046
0.14891
0.162602
0.174284
0.184121
0.192271
0.198887
0.204111
0.208073
0.210893
0.212674
0.213507
0.21347
0.212628
0.211033
0.208726
0.205739
0.202092
0.197799
0.192866
0.187293
0.181075
0.174203
0.166663
0.158439
0.149514
0.139869
0.129483
0.118337
0.106411
0.093686
0.0801464
0.0657783
0.0505718
0.0345215
0.0176282
-9.99685e-05
-0.0186456
-0.0379799
-0.05806
-0.0788263
-0.100199
-0.122072
-0.144314
-0.166756
-0.189193
-0.211374
-0.233
-0.25372
-0.27313
-0.290773
-0.306147
-0.318712
-0.327909
-0.333183
-0.33401
-0.329933
-0.3206
-0.305798
-0.285483
-0.259803
-0.229099
-0.1939
-0.154885
-0.112844
-0.0686144
-0.0230453
0.0163946
0.0461815
0.0730344
0.0970489
0.118345
0.137063
0.153358
0.167398
0.179352
0.189392
0.197686
0.204393
0.209665
0.213639
0.216441
0.218182
0.218959
0.218855
0.217939
0.216268
0.213886
0.210827
0.207114
0.202763
0.197781
0.192169
0.185922
0.179032
0.171484
0.163263
0.15435
0.144723
0.134363
0.123246
0.111351
0.0986559
0.0851411
0.0707888
0.0555841
0.0395159
0.0225783
0.00477192
-0.0138946
-0.0334024
-0.0537197
-0.0747991
-0.0965738
-0.118953
-0.141819
-0.165019
-0.188359
-0.211601
-0.234453
-0.256568
-0.277536
-0.296883
-0.314079
-0.328542
-0.339654
-0.346783
-0.349318
-0.346703
-0.338481
-0.324336
-0.304137
-0.277962
-0.246114
-0.209111
-0.167657
-0.122589
-0.0748104
-0.0252407
0.0168735
0.0475385
0.0751804
0.0998889
0.121782
0.141002
0.157708
0.172071
0.184271
0.194487
0.202895
0.209664
0.214953
0.21891
0.221667
0.223342
0.224039
0.223846
0.222836
0.221072
0.218599
0.215456
0.211668
0.207253
0.202218
0.196566
0.190294
0.183391
0.175845
0.167639
0.158753
0.149166
0.138855
0.127796
0.115965
0.103338
0.0898908
0.0756025
0.0604535
0.0444273
0.0275116
0.00969938
-0.00900909
-0.0286048
-0.0490675
-0.0703623
-0.0924367
-0.115216
-0.138597
-0.162446
-0.186585
-0.210793
-0.23479
-0.258236
-0.280722
-0.301766
-0.320815
-0.337249
-0.350394
-0.359543
-0.36399
-0.363072
-0.356212
-0.342978
-0.323127
-0.296651
-0.263794
-0.22505
-0.181138
-0.132942
-0.0814318
-0.0276019
0.0173469
0.0488823
0.0773048
0.102696
0.125172
0.144874
0.161966
0.176626
0.189041
0.199399
0.207887
0.214683
0.219956
0.223862
0.226542
0.228121
0.22871
0.228403
0.227277
0.2254
0.222821
0.21958
0.215706
0.211218
0.206126
0.200433
0.194136
0.187226
0.17969
0.171511
0.162668
0.15314
0.142902
0.131928
0.120193
0.10767
0.0943321
0.080155
0.0651146
0.0491893
0.0323608
0.0146152
-0.00405589
-0.023653
-0.044167
-0.0655762
-0.0878425
-0.110908
-0.134687
-0.159065
-0.183885
-0.208944
-0.233981
-0.258669
-0.282609
-0.305316
-0.326222
-0.344675
-0.35995
-0.371268
-0.377827
-0.378844
-0.373614
-0.361567
-0.342329
-0.31578
-0.282082
-0.241691
-0.195327
-0.143915
-0.0884933
-0.0301372
0.0178187
0.0502229
0.0794219
0.105487
0.12853
0.148693
0.166144
0.181068
0.193662
0.204125
0.212652
0.219436
0.224653
0.22847
0.231037
0.232487
0.232937
0.232486
0.231221
0.229208
0.226504
0.223151
0.219179
0.21461
0.209455
0.203719
0.197399
0.190485
0.182967
0.174825
0.16604
0.156588
0.146445
0.135583
0.123974
0.111591
0.0984028
0.0843825
0.069502
0.0537351
0.0370579
0.0194499
0.000894912
-0.018617
-0.0390878
-0.0605083
-0.0828554
-0.106088
-0.13014
-0.154917
-0.180285
-0.206064
-0.232016
-0.257835
-0.283135
-0.30744
-0.330176
-0.350668
-0.368146
-0.381762
-0.390619
-0.393811
-0.390489
-0.379928
-0.361598
-0.33524
-0.300909
-0.258997
-0.210213
-0.155515
-0.0960087
-0.0328547
0.0182939
0.0515734
0.0815507
0.108284
0.131879
0.15248
0.170259
0.185411
0.198142
0.208663
0.217185
0.223908
0.229024
0.232709
0.235121
0.236404
0.23668
0.236057
0.234623
0.232452
0.229603
0.226121
0.222038
0.217379
0.212155
0.206373
0.200029
0.193117
0.185622
0.177529
0.168815
0.159458
0.14943
0.138705
0.127252
0.115042
0.102042
0.0882225
0.0735513
0.0579982
0.0415345
0.0241333
0.00577137
-0.0135701
-0.0339035
-0.055232
-0.0775472
-0.100825
-0.125018
-0.150056
-0.175828
-0.20218
-0.228904
-0.255717
-0.282258
-0.308066
-0.332571
-0.355087
-0.374809
-0.390828
-0.402152
-0.407751
-0.406622
-0.397863
-0.380767
-0.354902
-0.320187
-0.276922
-0.225781
-0.167746
-0.103991
-0.0357627
0.0187789
0.0529509
0.0837153
0.111115
0.135248
0.156261
0.174333
0.189668
0.202487
0.213015
0.221477
0.228087
0.233049
0.236552
0.238764
0.239837
0.239902
0.239071
0.23744
0.235086
0.23207
0.228442
0.224235
0.219475
0.214177
0.208345
0.201978
0.19507
0.187607
0.179571
0.170943
0.161696
0.151805
0.14124
0.129972
0.117967
0.105192
0.0916146
0.0771997
0.0619136
0.0457228
0.0285952
0.0105008
-0.00858722
-0.0286908
-0.0498252
-0.0719957
-0.0951945
-0.119396
-0.144549
-0.170572
-0.197339
-0.224672
-0.252321
-0.279956
-0.307139
-0.333318
-0.357806
-0.379777
-0.39827
-0.412206
-0.420431
-0.421779
-0.415157
-0.399648
-0.374619
-0.339812
-0.295403
-0.242006
-0.18061
-0.112451
-0.0388695
0.019282
0.0543768
0.0859463
0.114014
0.138672
0.160069
0.178392
0.193861
0.20671
0.217184
0.225522
0.231957
0.236707
0.239971
0.241932
0.242749
0.24256
0.241486
0.239626
0.237061
0.233857
0.230065
0.22572
0.22085
0.21547
0.209586
0.203197
0.196297
0.188872
0.180904
0.172373
0.163254
0.153518
0.143138
0.13208
0.120311
0.107796
0.0945004
0.0803867
0.0654179
0.0495568
0.0327664
0.0150109
-0.00374363
-0.0235281
-0.0443683
-0.0662829
-0.08928
-0.113353
-0.138474
-0.164588
-0.191599
-0.219365
-0.247672
-0.276226
-0.304626
-0.332347
-0.358716
-0.3829
-0.403899
-0.42056
-0.431608
-0.435712
-0.431569
-0.418029
-0.394218
-0.35966
-0.314366
-0.258856
-0.194103
-0.1214
-0.0421838
0.0198136
0.0558781
0.0882818
0.117025
0.142195
0.163943
0.18247
0.198011
0.210824
0.221172
0.229315
0.235504
0.239973
0.242937
0.244589
0.245098
0.244611
0.243254
0.241132
0.238329
0.234914
0.230939
0.226444
0.221454
0.215986
0.210048
0.203638
0.196749
0.189369
0.18148
0.173059
0.164083
0.154523
0.144348
0.133526
0.122022
0.109801
0.0968246
0.0830544
0.0684505
0.0529725
0.0365796
0.0192309
0.000886032
-0.0184934
-0.038943
-0.0604935
-0.0831677
-0.106977
-0.131917
-0.157957
-0.185036
-0.213045
-0.241813
-0.271089
-0.300518
-0.329612
-0.357729
-0.384043
-0.407538
-0.426997
-0.441037
-0.448158
-0.446842
-0.435675
-0.413504
-0.379588
-0.333721
-0.276287
-0.208218
-0.130848
-0.0457146
0.0203867
0.0574884
0.0907688
0.120202
0.14587
0.167931
0.186604
0.202148
0.214845
0.224983
0.232846
0.238708
0.24282
0.245414
0.246693
0.246839
0.246006
0.244325
0.241906
0.238837
0.235188
0.231014
0.226354
0.221236
0.215676
0.209682
0.203253
0.196381
0.189053
0.181252
0.172956
0.164139
0.154772
0.144824
0.134263
0.123053
0.111156
0.0985346
0.0851476
0.0709534
0.0559089
0.0399702
0.023092
0.00522901
-0.0136639
-0.0336308
-0.0547129
-0.0769466
-0.10036
-0.124969
-0.150771
-0.177734
-0.205789
-0.234807
-0.264588
-0.294827
-0.325089
-0.354777
-0.383093
-0.40902
-0.431304
-0.448464
-0.458844
-0.460697
-0.452325
-0.432256
-0.399428
-0.353361
-0.294248
-0.222943
-0.140804
-0.0494716
0.0210176
0.0592492
0.0934648
0.123609
0.14976
0.172089
0.19084
0.206301
0.218787
0.228617
0.236104
0.241546
0.245215
0.24736
0.248199
0.247921
0.24669
0.244643
0.241891
0.238528
0.234623
0.230233
0.225398
0.220144
0.214489
0.208439
0.201994
0.195145
0.187879
0.180178
0.172019
0.163377
0.154222
0.144523
0.134247
0.123356
0.111814
0.0995808
0.0866145
0.0728719
0.0583082
0.0428766
0.0265289
0.00921549
-0.00911417
-0.0285111
-0.0490255
-0.0707055
-0.0935946
-0.117728
-0.143126
-0.16979
-0.197686
-0.226733
-0.256782
-0.287588
-0.31878
-0.349818
-0.379955
-0.408198
-0.433277
-0.45364
-0.467483
-0.472835
-0.467693
-0.450224
-0.418988
-0.373159
-0.312677
-0.238263
-0.15128
-0.0534658
0.0217269
0.0612122
0.0964404
0.127323
0.153939
0.17648
0.195225
0.210501
0.222663
0.232071
0.23907
0.243986
0.247117
0.248727
0.24905
0.248285
0.246603
0.244145
0.241027
0.237341
0.23316
0.22854
0.223519
0.218125
0.212374
0.20627
0.199814
0.192996
0.185802
0.178213
0.170207
0.161756
0.152832
0.143403
0.133434
0.122889
0.11173
0.099917
0.0874066
0.0741552
0.0601162
0.0452414
0.0294801
0.0127796
-0.00491482
-0.0236596
-0.0435126
-0.0645315
-0.0867728
-0.110289
-0.135123
-0.161303
-0.188835
-0.217681
-0.247748
-0.278857
-0.310707
-0.342834
-0.374562
-0.404945
-0.432727
-0.456314
-0.473781
-0.482936
-0.481463
-0.467127
-0.438045
-0.392967
-0.331496
-0.25416
-0.162287
-0.0577101
0.0225403
0.0634411
0.0997813
0.131437
0.158493
0.181177
0.199811
0.214778
0.226483
0.235333
0.241714
0.245986
0.24847
0.249453
0.24918
0.247862
0.245674
0.242762
0.239243
0.235209
0.230734
0.225871
0.220659
0.215123
0.209276
0.203125
0.196665
0.189888
0.182778
0.175315
0.167477
0.159235
0.150561
0.141423
0.131785
0.121611
0.110863
0.0995003
0.0874795
0.0747562
0.0612835
0.0470117
0.0318889
0.0158604
-0.0011316
-0.0191476
-0.038251
-0.0585074
-0.0799839
-0.102747
-0.126861
-0.152379
-0.17934
-0.207753
-0.237579
-0.268708
-0.300919
-0.333835
-0.366869
-0.399154
-0.429481
-0.456247
-0.477437
-0.490664
-0.49329
-0.482647
-0.456343
-0.412612
-0.350618
-0.270613
-0.173839
-0.0622201
0.0234902
0.0660151
0.103592
0.13606
0.163522
0.186256
0.204651
0.219156
0.230244
0.238378
0.243993
0.247486
0.249207
0.249461
0.248509
0.246568
0.24382
0.240412
0.23646
0.232057
0.227274
0.22216
0.216754
0.211077
0.205141
0.19895
0.192497
0.185774
0.178762
0.171442
0.163789
0.155776
0.147373
0.138547
0.129263
0.119486
0.109175
0.098292
0.0867929
0.0746331
0.0617654
0.0481402
0.0337048
0.0184032
0.00217621
-0.0150394
-0.033311
-0.0527099
-0.0733116
-0.0951943
-0.118438
-0.14312
-0.169309
-0.197057
-0.226379
-0.257233
-0.289484
-0.322854
-0.356862
-0.390747
-0.423384
-0.453204
-0.478147
-0.495659
-0.502795
-0.496427
-0.473588
-0.431889
-0.369937
-0.287596
-0.185958
-0.0670155
0.0246177
0.0690323
0.107998
0.141319
0.169137
0.191801
0.209791
0.223648
0.233927
0.241161
0.245842
0.248406
0.249235
0.248654
0.246935
0.244304
0.240944
0.237001
0.232591
0.227801
0.2227
0.217334
0.211736
0.205925
0.19991
0.193691
0.187262
0.180608
0.173713
0.166554
0.159107
0.151343
0.143232
0.134741
0.125835
0.116479
0.106634
0.0962587
0.0853122
0.0737496
0.0615242
0.0485866
0.0348842
0.020361
0.00495731
-0.0113915
-0.0287548
-0.0472077
-0.0668315
-0.0877134
-0.109946
-0.133626
-0.15885
-0.185704
-0.214258
-0.244536
-0.276489
-0.309947
-0.344552
-0.379673
-0.414307
-0.44697
-0.475606
-0.497546
-0.509563
-0.508062
-0.489433
-0.450554
-0.389327
-0.305084
-0.198669
-0.0721218
0.0259753
0.072615
0.113152
0.147365
0.175458
0.197891
0.215267
0.228246
0.237488
0.243608
0.247163
0.248635
0.248435
0.246909
0.244338
0.240951
0.236931
0.232421
0.227532
0.222347
0.216926
0.211312
0.205532
0.199601
0.193523
0.187295
0.180907
0.174345
0.167588
0.160613
0.153394
0.145902
0.138107
0.129976
0.121474
0.112565
0.103211
0.0933736
0.0830102
0.0720776
0.06053
0.0483189
0.0353928
0.0216963
0.00717029
-0.00824974
-0.0246339
-0.0420589
-0.0606095
-0.0803787
-0.101469
-0.123991
-0.148063
-0.173806
-0.201332
-0.230731
-0.26204
-0.295197
-0.32998
-0.365913
-0.402152
-0.437347
-0.469513
-0.495932
-0.513142
-0.517089
-0.503474
-0.468315
-0.408633
-0.323044
-0.212011
-0.0775732
0.0276305
0.0769163
0.119239
0.154366
0.182612
0.204597
0.221091
0.23291
0.240842
0.245603
0.247818
0.248021
0.246651
0.244068
0.240563
0.236362
0.231645
0.226546
0.221169
0.215588
0.209857
0.204009
0.198066
0.192035
0.185918
0.179706
0.173387
0.166941
0.160349
0.153584
0.14662
0.139427
0.131975
0.12423
0.116158
0.107724
0.0988905
0.089619
0.0798692
0.0695988
0.0587636
0.0473166
0.0352077
0.0223834
0.0087859
-0.00564795
-0.0209874
-0.0373091
-0.0546987
-0.0732523
-0.0930781
-0.114297
-0.137045
-0.161468
-0.187718
-0.215941
-0.246255
-0.278708
-0.313219
-0.349484
-0.386852
-0.424165
-0.45958
-0.49041
-0.513037
-0.522985
-0.515231
-0.484813
-0.427663
-0.341442
-0.226036
-0.0834162
0.0296713
0.0821283
0.126479
0.162513
0.190724
0.211964
0.227233
0.237546
0.243848
0.246969
0.247613
0.24636
0.243678
0.239936
0.235425
0.230366
0.224926
0.219231
0.213372
0.207411
0.20139
0.195335
0.189257
0.18316
0.177036
0.170874
0.164656
0.158361
0.151966
0.145443
0.138765
0.131902
0.124822
0.117492
0.10988
0.10195
0.0936656
0.0849902
0.0758848
0.0663089
0.05622
0.0455731
0.0343207
0.0224114
0.00978985
-0.00360466
-0.0178391
-0.0329885
-0.0491374
-0.066382
-0.0848331
-0.104618
-0.125882
-0.148791
-0.17353
-0.200292
-0.229267
-0.260606
-0.29437
-0.33044
-0.368386
-0.407292
-0.445537
-0.480567
-0.508711
-0.525145
-0.524127
-0.499601
-0.44617
-0.360231
-0.240821
-0.0897156
0.0322138
0.0884938
0.135133
0.172008
0.199899
0.219991
0.233596
0.241981
0.246279
0.24745
0.246276
0.243383
0.239256
0.234268
0.228698
0.222756
0.216593
0.210315
0.203998
0.19769
0.191418
0.185198
0.179031
0.172911
0.166825
0.160755
0.154681
0.148578
0.142419
0.136177
0.129822
0.123323
0.116649
0.109768
0.102647
0.0952521
0.0875483
0.0795001
0.0710706
0.0622212
0.0529119
0.0431004
0.0327417
0.0217876
0.0101861
-0.00212038
-0.0151953
-0.0291103
-0.043947
-0.0597995
-0.0767774
-0.0950096
-0.114648
-0.135869
-0.15888
-0.183913
-0.211218
-0.241039
-0.27357
-0.30888
-0.34678
-0.386644
-0.427152
-0.465995
-0.499587
-0.522881
-0.529467
-0.512109
-0.463824
-0.379347
-0.256467
-0.0965631
0.0354143
0.0963211
0.145506
0.183052
0.210192
0.228591
0.239974
0.245925
0.247796
0.246683
0.243445
0.23874
0.233059
0.226765
0.220117
0.2133
0.20644
0.199623
0.1929
0.186302
0.17984
0.173516
0.16732
0.161237
0.155247
0.149326
0.143448
0.137587
0.131712
0.125795
0.119805
0.11371
0.107481
0.101085
0.0944905
0.0876644
0.0805739
0.0731851
0.0654633
0.0573726
0.0488756
0.039933
0.0305032
0.0205418
0.0100002
-0.00117443
-0.0130414
-0.0256677
-0.0391302
-0.0535185
-0.0689385
-0.0855165
-0.103404
-0.122785
-0.143876
-0.166937
-0.192264
-0.220177
-0.250992
-0.284955
-0.322127
-0.362205
-0.404245
-0.446309
-0.48506
-0.51541
-0.530403
-0.5216
-0.480169
-0.398682
-0.273112
-0.104091
0.0394883
0.106004
0.157946
0.195817
0.221562
0.237532
0.245996
0.248921
0.2479
0.244165
0.238636
0.231984
0.224687
0.217075
0.209376
0.201737
0.194253
0.186976
0.179934
0.173133
0.166569
0.160226
0.154082
0.148114
0.142292
0.136588
0.130972
0.125412
0.119877
0.114337
0.108761
0.103117
0.0973747
0.0915036
0.0854729
0.0792516
0.0728085
0.0661121
0.0591301
0.0518295
0.0441761
0.0361339
0.0276653
0.0187297
0.00928341
-0.000721861
-0.0113399
-0.0226321
-0.0346691
-0.0475342
-0.0613269
-0.0761673
-0.0922026
-0.109613
-0.128622
-0.149499
-0.172572
-0.198217
-0.22685
-0.258875
-0.294596
-0.334048
-0.376723
-0.421178
-0.464518
-0.501853
-0.525906
-0.527107
-0.494551
-0.418051
-0.29094
-0.112496
0.044742
0.118045
0.17282
0.210379
0.233785
0.246351
0.251044
0.250275
0.245887
0.239224
0.231236
0.222573
0.213669
0.204804
0.19615
0.187806
0.179822
0.172216
0.164982
0.158104
0.151555
0.145304
0.139318
0.13356
0.127997
0.122592
0.117313
0.112124
0.106994
0.10189
0.0967818
0.0916381
0.0864292
0.0811258
0.0756987
0.070119
0.0643579
0.0583864
0.0521752
0.0456943
0.038913
0.0317993
0.0243195
0.0164377
0.00811511
-0.000691048
-0.0100287
-0.0199523
-0.0305257
-0.0418239
-0.0539378
-0.0669785
-0.0810837
-0.0964259
-0.113222
-0.131743
-0.152327
-0.175388
-0.201408
-0.230924
-0.264453
-0.302362
-0.344617
-0.390373
-0.437381
-0.481254
-0.514735
-0.527353
-0.506016
-0.43711
-0.310174
-0.122073
0.0516268
0.133086
0.190468
0.226613
0.246316
0.254218
0.254144
0.248983
0.240799
0.230995
0.220494
0.209876
0.199492
0.189541
0.180122
0.17127
0.162983
0.155235
0.147988
0.141198
0.134817
0.128798
0.123095
0.117665
0.112465
0.107455
0.102599
0.0978601
0.093205
0.0886017
0.0840194
0.0794285
0.0748007
0.0701083
0.0653244
0.0604223
0.0553761
0.0501596
0.0447467
0.0391111
0.0332257
0.0270626
0.0205926
0.0137846
0.00660512
-0.000982738
-0.00902039
-0.0175552
-0.0266426
-0.0363487
-0.0467539
-0.0579575
-0.0700844
-0.083293
-0.0977861
-0.113824
-0.131739
-0.151953
-0.174989
-0.201469
-0.232082
-0.267493
-0.308135
-0.353833
-0.403178
-0.452629
-0.495425
-0.520652
-0.513141
-0.455215
-0.331057
-0.133286
0.0608367
0.151916
0.211068
0.243969
0.258061
0.259747
0.25383
0.24365
0.231395
0.218427
0.205554
0.193221
0.181649
0.170924
0.161049
0.151985
0.143671
0.136035
0.129004
0.122509
0.116481
0.11086
0.10559
0.100618
0.095899
0.0913888
0.0870486
0.0828421
0.0787359
0.0746985
0.0707006
0.0667145
0.0627137
0.0586732
0.0545684
0.0503759
0.0460725
0.0416355
0.0370423
0.0322703
0.0272964
0.0220971
0.0166478
0.0109224
0.00489289
-0.00147152
-0.00820546
-0.0153487
-0.0229479
-0.0310592
-0.0397513
-0.04911
-0.0592441
-0.0702936
-0.0824403
-0.0959218
-0.11105
-0.12823
-0.147987
-0.170982
-0.198015
-0.229978
-0.267726
-0.311762
-0.361658
-0.415067
-0.466325
-0.504815
-0.513805
-0.471161
-0.35376
-0.146865
0.0734765
0.175437
0.234347
0.261092
0.26703
0.260744
0.248009
0.232446
0.216174
0.200353
0.185554
0.172008
0.159757
0.148741
0.138858
0.129986
0.122003
0.114796
0.10826
0.102301
0.0968386
0.0917999
0.0871218
0.0827489
0.0786318
0.074727
0.0709955
0.0674019
0.0639145
0.0605039
0.0571431
0.0538072
0.0504725
0.0471168
0.0437191
0.040259
0.036717
0.0330739
0.0293109
0.0254093
0.0213503
0.0171146
0.0126824
0.0080327
0.00314307
-0.00201124
-0.00745802
-0.0132293
-0.0193627
-0.0259041
-0.0329097
-0.0404503
-0.048617
-0.0575277
-0.0673377
-0.0782533
-0.0905498
-0.104596
-0.120882
-0.140057
-0.162954
-0.190601
-0.224166
-0.264759
-0.31297
-0.367933
-0.425735
-0.477109
-0.504888
-0.482721
-0.378124
-0.16395
0.0913213
0.204418
0.258951
0.275167
0.269867
0.253971
0.233915
0.213201
0.193555
0.175705
0.159847
0.145921
0.133747
0.123113
0.113804
0.105623
0.0983988
0.0919813
0.0862446
0.0810819
0.076403
0.0721316
0.0682028
0.0645613
0.0611592
0.0579551
0.0549127
0.0519998
0.0491879
0.0464512
0.0437662
0.0411115
0.0384673
0.035815
0.0331371
0.0304172
0.0276395
0.0247886
0.0218497
0.0188081
0.0156492
0.0123581
0.0089196
0.00531776
0.00153544
-0.00244617
-0.00664819
-0.011095
-0.0158157
-0.0208454
-0.0262279
-0.0320186
-0.0382895
-0.0451345
-0.0526789
-0.0610911
-0.0705992
-0.0815152
-0.0942659
-0.109435
-0.127811
-0.150439
-0.178645
-0.213974
-0.257919
-0.311202
-0.372242
-0.434415
-0.482005
-0.485942
-0.403027
-0.186191
0.117234
0.238723
0.281158
0.280908
0.261346
0.235093
0.208353
0.183802
0.162318
0.143947
0.128396
0.115267
0.104163
0.0947305
0.0866681
0.0797277
0.0737069
0.0684416
0.0637992
0.0596716
0.0559711
0.0526252
0.0495741
0.0467679
0.0441644
0.0417277
0.039427
0.0372354
0.0351294
0.0330881
0.0310926
0.0291261
0.0271729
0.0252188
0.0232505
0.0212554
0.0192217
0.017138
0.0149935
0.0127774
0.0104792
0.00808824
0.00559366
0.00298416
0.000247618
-0.00262919
-0.00566125
-0.00886589
-0.0122638
-0.0158801
-0.0197466
-0.0239038
-0.0284041
-0.0333174
-0.038737
-0.0447901
-0.051651
-0.0595619
-0.0688617
-0.0800268
-0.0937282
-0.110905
-0.132851
-0.161278
-0.198277
-0.245961
-0.305348
-0.373706
-0.439408
-0.474159
-0.425181
-0.215876
0.156131
0.275089
0.291985
0.268808
0.233908
0.199028
0.168433
0.14302
0.122382
0.10574
0.0923051
0.0813989
0.0724719
0.065094
0.0589331
0.053734
0.0493002
0.0454796
0.0421538
0.0392299
0.036634
0.0343071
0.0322013
0.0302776
0.0285033
0.0268515
0.025299
0.0238261
0.0224157
0.0210528
0.0197241
0.0184176
0.0171226
0.0158292
0.0145284
0.0132116
0.011871
0.0104991
0.00908866
0.00763274
0.00612452
0.00455719
0.00292383
0.00121727
-0.000570148
-0.00244679
-0.00442217
-0.00650731
-0.00871546
-0.0110629
-0.0135703
-0.0162639
-0.0191787
-0.0223608
-0.0258728
-0.0298002
-0.0342621
-0.0394253
-0.0455275
-0.0529106
-0.0620715
-0.0737378
-0.0889769
-0.109342
-0.137031
-0.174952
-0.226329
-0.292941
-0.370146
-0.436581
-0.436771
-0.256244
0.213989
0.300599
0.272376
0.223958
0.178793
0.14195
0.113583
0.0922027
0.0761061
0.0638875
0.0544961
0.0471719
0.0413713
0.036706
0.0328974
0.0297434
0.0270961
0.0248453
0.0229083
0.0212219
0.0197372
0.0184159
0.0172274
0.0161474
0.0151557
0.0142359
0.0133741
0.0125586
0.0117793
0.0110274
0.0102954
0.00957619
0.00886383
0.00815274
0.00743782
0.00671441
0.00597814
0.00522493
0.00445087
0.00365225
0.00282543
0.00196681
0.00107277
0.000139513
-0.000836926
-0.00186097
-0.0029376
-0.00407267
-0.00527325
-0.00654812
-0.00790843
-0.00936867
-0.010948
-0.0126719
-0.0145753
-0.0167063
-0.0191317
-0.0219468
-0.0252882
-0.0293563
-0.0344491
-0.0410185
-0.0497614
-0.0617703
-0.0787737
-0.103491
-0.140014
-0.193639
-0.268269
-0.357424
-0.419017
-0.305816
0.266009
0.275956
0.198597
0.138937
0.0984651
0.0710667
0.0526647
0.0402609
0.0317401
0.0257329
0.0213806
0.0181419
0.0156702
0.0137394
0.0121989
0.0109464
0.00991032
0.00903975
0.00829764
0.00765647
0.00709546
0.00659862
0.00615344
0.00575
0.00538031
0.00503782
0.0047171
0.00441357
0.00412335
0.00384307
0.0035698
0.00330095
0.00303421
0.00276749
0.00249891
0.00222673
0.00194936
0.0016653
0.00137315
0.00107157
0.000759254
0.000434933
9.73122e-05
-0.000254867
-0.000623075
-0.00100889
-0.0014141
-0.00184081
-0.00229165
-0.00276987
-0.0032797
-0.00382663
-0.00441801
-0.00506372
-0.00577726
-0.00657731
-0.0074901
-0.00855299
-0.00982012
-0.0113717
-0.013329
-0.015881
-0.0193309
-0.0241843
-0.0313196
-0.0423285
-0.0601788
-0.0903349
-0.141897
-0.2255
-0.331008
-0.319485
0.142935
0.125432
0.0767436
0.0457848
0.028022
0.0176531
0.0115783
0.00799238
0.00581832
0.00444643
0.00354117
0.0029165
0.00246689
0.00213087
0.00187143
0.0016655
0.00149812
0.00135925
0.00124194
0.0011412
0.0010534
0.00097579
0.000906264
0.000843179
0.000785222
0.000731329
0.000680622
0.000632368
0.000585943
0.00054081
0.000496504
0.000452613
0.000408773
0.000364657
0.000319969
0.000274441
0.000227828
0.000179902
0.000130452
7.92767e-05
2.6184e-05
-2.90206e-05
-8.65383e-05
-0.000146484
-0.000209142
-0.000274753
-0.000343589
-0.000415993
-0.000492398
-0.000573361
-0.000659615
-0.000752134
-0.000852231
-0.00096169
-0.00108296
-0.00121946
-0.00137596
-0.00155932
-0.00177953
-0.00205146
-0.00239799
-0.00285552
-0.00348475
-0.00439279
-0.00578229
-0.00806645
-0.0121428
-0.0200324
-0.0362275
-0.069559
-0.12766
-0.152141
)
;

boundaryField
{
    movingWall
    {
        type            calculated;
        value           uniform 0;
    }
    fixedWalls
    {
        type            calculated;
        value           uniform 0;
    }
    frontAndBack
    {
        type            empty;
    }
}


// ************************************************************************* //
