/*--------------------------------*- C++ -*----------------------------------*\
  =========                 |
  \\      /  F ield         | OpenFOAM: The Open Source CFD Toolbox
   \\    /   O peration     | Website:  https://openfoam.org
    \\  /    A nd           | Version:  dev
     \\/     M anipulation  |
\*---------------------------------------------------------------------------*/
FoamFile
{
    format      ascii;
    class       volScalarField;
    location    "22.95";
    object      p;
}
// * * * * * * * * * * * * * * * * * * * * * * * * * * * * * * * * * * * * * //

dimensions      [0 2 -2 0 0 0 0];

internalField   nonuniform List<scalar> 
5184
(
2.24126e-06
-8.7717e-06
-9.44936e-05
-0.000247264
-0.000446519
-0.000674997
-0.000918461
-0.00116497
-0.00140537
-0.00163252
-0.00184101
-0.00202683
-0.00218704
-0.00231953
-0.00242284
-0.00249597
-0.00253824
-0.00254922
-0.00252862
-0.00247628
-0.00239213
-0.00227613
-0.00212836
-0.00194893
-0.0017381
-0.00149625
-0.00122391
-0.000921842
-0.000591029
-0.000232747
0.000151421
0.000559549
0.000989347
0.00143814
0.00190288
0.00238011
0.00286602
0.00335645
0.00384692
0.00433271
0.00480886
0.00527032
0.00571195
0.00612868
0.00651557
0.0068679
0.00718131
0.00745187
0.00767622
0.00785162
0.00797606
0.00804834
0.0080681
0.00803592
0.00795329
0.00782265
0.00764738
0.0074318
0.00718112
0.00690139
0.00659948
0.00628297
0.00596018
0.00564004
0.00533212
0.0050465
0.00479367
0.00458425
0.00442819
0.00433395
0.00430699
0.00433422
1.63379e-05
3.93293e-06
-7.05957e-05
-0.000198262
-0.000363383
-0.00055349
-0.000757657
-0.000966292
-0.00117148
-0.00136681
-0.00154727
-0.00170894
-0.00184885
-0.00196478
-0.00205508
-0.00211857
-0.00215437
-0.00216189
-0.0021407
-0.00209051
-0.00201116
-0.00190255
-0.0017647
-0.00159771
-0.00140181
-0.00117737
-0.000924915
-0.000645177
-0.000339116
-7.9494e-06
0.000346816
0.000723365
0.00111955
0.00153288
0.00196052
0.00239927
0.00284564
0.0032958
0.00374566
0.00419091
0.00462704
0.00504945
0.00545352
0.00583465
0.00618839
0.00651053
0.00679716
0.00704479
0.00725046
0.00741177
0.007527
0.00759516
0.00761606
0.00759031
0.00751939
0.00740562
0.00725219
0.0070631
0.00684314
0.00659786
0.00633352
0.00605697
0.00577567
0.00549751
0.0052308
0.00498412
0.00476614
0.00458522
0.00444867
0.00436241
0.00433384
0.00436139
0.000103093
7.83569e-05
3.06569e-06
-0.000114386
-0.000261975
-0.000430068
-0.000609962
-0.00079383
-0.000974975
-0.00114784
-0.00130793
-0.00145165
-0.00157619
-0.00167939
-0.0017596
-0.00181558
-0.00184641
-0.00185139
-0.00183003
-0.00178197
-0.00170697
-0.00160489
-0.00147569
-0.00131944
-0.00113633
-0.000926691
-0.000691005
-0.000429954
-0.000144438
0.000164401
0.000495151
0.00084611
0.00121527
0.0016003
0.00199856
0.00240707
0.00282258
0.00324151
0.00366008
0.00407427
0.00447991
0.00487274
0.00524846
0.00560285
0.00593178
0.00623137
0.00649804
0.00672858
0.00692029
0.007071
0.00717917
0.00724397
0.00726526
0.00724371
0.00718074
0.00707859
0.00694026
0.00676953
0.00657089
0.00634948
0.00611105
0.00586192
0.00560883
0.0053589
0.0051195
0.00489806
0.00470207
0.00453858
0.00441362
0.00433243
0.00430465
0.00433524
0.000258048
0.000206637
0.000118887
2.64946e-08
-0.00014229
-0.000300287
-0.000466845
-0.000635599
-0.000801012
-0.000958399
-0.00110389
-0.00123436
-0.00134729
-0.00144073
-0.00151314
-0.00156336
-0.00159046
-0.00159377
-0.00157275
-0.00152703
-0.0014563
-0.0013604
-0.00123923
-0.00109281
-0.000921268
-0.000724878
-0.000504063
-0.000259426
8.21878e-06
0.000297825
0.000608088
0.000937432
0.00128399
0.00164558
0.00201974
0.00240367
0.00279432
0.00318833
0.00358214
0.00397195
0.00435385
0.00472381
0.00507778
0.00541174
0.00572183
0.00600436
0.00625596
0.00647361
0.00665476
0.00679738
0.00690004
0.00696197
0.00698309
0.00696405
0.00690624
0.00681181
0.00668362
0.00652525
0.00634094
0.00613553
0.0059144
0.00568339
0.00544869
0.00521682
0.0049944
0.00478811
0.00460455
0.00445001
0.0043299
0.00424929
0.00421826
0.00424345
0.000462661
0.000374083
0.000265554
0.000137957
-6.27019e-06
-0.000160969
-0.000320372
-0.00047948
-0.000633887
-0.000779794
-0.000914026
-0.00103397
-0.00113752
-0.00122299
-0.00128905
-0.00133464
-0.00135894
-0.00136129
-0.0013412
-0.00129824
-0.00123212
-0.0011426
-0.00102956
-0.000892941
-0.000732812
-0.000549367
-0.000342942
-0.000114049
0.000136604
0.000408082
0.000699209
0.00100854
0.00133436
0.00167464
0.00202708
0.00238907
0.00275771
0.00312987
0.00350215
0.00387095
0.00423255
0.00458311
0.00491874
0.00523563
0.00553005
0.00579847
0.00603766
0.0062447
0.00641717
0.00655309
0.00665111
0.00671048
0.00673113
0.00671368
0.00665948
0.00657058
0.00644973
0.00630034
0.00612641
0.00593253
0.00572375
0.0055055
0.00528354
0.0050638
0.00485236
0.00465522
0.00447828
0.00432718
0.00420687
0.00412212
0.00408171
0.00409149
0.00070078
0.000568819
0.000433745
0.000291822
0.000140034
-1.68523e-05
-0.000174235
-0.000328372
-0.000475932
-0.000613991
-0.000740079
-0.000852151
-0.000948533
-0.00102788
-0.0010891
-0.00113133
-0.00115385
-0.0011561
-0.00113759
-0.00109794
-0.00103681
-0.000953951
-0.000849164
-0.000722343
-0.000573473
-0.000402656
-0.000210129
3.70683e-06
0.000238262
0.000492733
0.000766078
0.001057
0.00136392
0.001685
0.00201806
0.00236068
0.00271012
0.0030634
0.00341728
0.00376834
0.00411297
0.00444747
0.00476811
0.00507116
0.005353
0.00561021
0.0058396
0.00603833
0.00620401
0.0063347
0.00642905
0.00648631
0.00650637
0.00648984
0.00643798
0.00635276
0.0062368
0.00609337
0.00592629
0.00573991
0.00553901
0.0053287
0.00511434
0.00490143
0.00469552
0.0045021
0.0043265
0.00417376
0.00404845
0.00395496
0.00389977
0.00388664
0.000958628
0.000779978
0.000614561
0.000454154
0.000290388
0.000126868
-3.27885e-05
-0.000185982
-0.00033038
-0.000463897
-0.000584762
-0.000691504
-0.000782916
-0.000858016
-0.000916003
-0.000956214
-0.000978094
-0.000981168
-0.000965021
-0.000929278
-0.000873607
-0.000797713
-0.000701352
-0.000584344
-0.000446586
-0.000288077
-0.000108943
9.05409e-05
0.000309918
0.000548524
0.000805466
0.0010796
0.0013695
0.00167346
0.0019895
0.00231532
0.00264833
0.00298569
0.00332429
0.00366082
0.00399179
0.00431358
0.00462253
0.00491499
0.00518737
0.00543628
0.00565854
0.00585133
0.00601223
0.00613928
0.0062311
0.00628689
0.0063065
0.00629045
0.00623994
0.00615683
0.00604365
0.00590352
0.00574012
0.0055576
0.00536051
0.0051537
0.00494222
0.00473123
0.00452586
0.00433118
0.00415202
0.00399296
0.00385824
0.00375189
0.00367758
0.00363653
0.0012241
0.000997427
0.000799411
0.000617668
0.000438723
0.000265215
9.99306e-05
-5.55609e-05
-0.000199852
-0.000331644
-0.000449844
-0.00055355
-0.000642028
-0.000714676
-0.000770993
-0.000810549
-0.000832956
-0.000837859
-0.000824911
-0.000793771
-0.000744102
-0.00067558
-0.000587904
-0.000480815
-0.000354115
-0.000207694
-4.15487e-05
0.000144179
0.000349177
0.000572933
0.000814707
0.00107351
0.00134808
0.00163687
0.00193803
0.00224941
0.00256855
0.00289273
0.00321894
0.00354396
0.00386436
0.00417658
0.00447699
0.00476194
0.00502785
0.00527129
0.00548906
0.00567828
0.00583645
0.00596157
0.00605216
0.00610735
0.00612688
0.0061112
0.0060614
0.00597926
0.00586719
0.00572819
0.00556581
0.00538405
0.00518727
0.00498013
0.00476742
0.00455404
0.00434482
0.00414446
0.00395745
0.00378796
0.00363998
0.00351724
0.00342049
0.0033483
0.00148694
0.00121202
0.000980241
0.000775333
0.000578989
0.000393045
0.000219579
5.92341e-05
-8.7434e-05
-0.000219866
-0.000337612
-0.000440323
-0.000527729
-0.000599611
-0.000655773
-0.000696023
-0.000720154
-0.000727933
-0.00071909
-0.00069332
-0.000650286
-0.00058963
-0.000510992
-0.000414028
-0.000298439
-0.000163989
-1.05456e-05
0.000161899
0.000353186
0.000562963
0.000790655
0.00103543
0.0012962
0.00157155
0.00185979
0.00215889
0.00246653
0.00278006
0.00309658
0.00341291
0.00372566
0.00403129
0.00432616
0.00460658
0.00486893
0.00510971
0.00532562
0.00551368
0.0056713
0.00579633
0.00588719
0.00594287
0.00596301
0.00594792
0.00589859
0.00581668
0.0057045
0.00556493
0.00540141
0.00521783
0.0050184
0.00480762
0.00459013
0.00437061
0.00415367
0.00394378
0.00374514
0.00356161
0.00339705
0.00325501
0.0031333
0.00302796
0.00173817
0.00141551
0.00114956
0.000920425
0.000705221
0.000505107
0.000321558
0.000154373
3.32473e-06
-0.000131716
-0.000250908
-0.000354431
-0.000442462
-0.000515156
-0.000572619
-0.000614896
-0.000641959
-0.000653698
-0.000649924
-0.000630363
-0.000594676
-0.00054247
-0.000473318
-0.000386788
-0.000282465
-0.000159988
-1.9077e-05
0.000140431
0.000318541
0.00051507
0.000729612
0.000961509
0.00120982
0.00147331
0.00175041
0.00203922
0.00233754
0.00264279
0.00295214
0.00326245
0.00357034
0.00387225
0.00416449
0.00444333
0.00470502
0.00494595
0.0051627
0.00535214
0.0055115
0.00563849
0.00573136
0.00578891
0.00581065
0.00579673
0.00574801
0.00566601
0.00555293
0.00541156
0.00524522
0.00505769
0.00485313
0.0046359
0.00441054
0.0041816
0.00395356
0.00373073
0.00351712
0.00331639
0.0031324
0.00296858
0.00282
0.0026803
0.00196986
0.0016004
0.00130041
0.00104654
0.000811602
0.000596155
0.00040115
0.000225614
6.85947e-05
-7.06797e-05
-0.000192939
-0.000298864
-0.000389059
-0.000464035
-0.000524192
-0.000569803
-0.000601011
-0.000617828
-0.000620135
-0.00060769
-0.000580145
-0.000537063
-0.000477948
-0.000402268
-0.000309488
-0.000199108
-7.06936e-05
7.6083e-05
0.000241402
0.000425257
0.000627421
0.000847409
0.00108445
0.00133746
0.00160503
0.00188537
0.00217636
0.00247555
0.00278011
0.00308693
0.00339264
0.00369362
0.00398611
0.00426626
0.00453021
0.00477418
0.00499458
0.00518806
0.00535168
0.00548291
0.00557978
0.00564092
0.0056656
0.00565381
0.00560623
0.00552424
0.00540992
0.00526594
0.00509555
0.00490245
0.00469071
0.00446466
0.00422879
0.00398757
0.00374545
0.00350665
0.00327511
0.00305441
0.00284846
0.00266077
0.00248377
0.0023089
0.00217487
0.00175981
0.00142626
0.0011476
0.000892488
0.000660994
0.000453587
0.00026858
0.000104345
-4.0491e-05
-0.000167195
-0.000276918
-0.000370669
-0.000449298
-0.00051348
-0.000563704
-0.000600275
-0.000623313
-0.000632764
-0.000628409
-0.000609882
-0.000576698
-0.000528278
-0.000463984
-0.000383152
-0.000285132
-0.000169327
-3.52319e-05
0.000117516
0.000289097
0.000479473
0.000688343
0.00091511
0.00115885
0.00141829
0.00169178
0.0019773
0.00227245
0.00257447
0.00288023
0.00318634
0.00348911
0.00378469
0.00406908
0.00433826
0.00458825
0.00481524
0.00501564
0.00518624
0.00532426
0.00542746
0.00549422
0.00552357
0.00551527
0.0054698
0.00538837
0.00527291
0.00512598
0.00495075
0.00475085
0.00453034
0.00429353
0.00404489
0.00378892
0.00353009
0.00327265
0.00302054
0.00277735
0.00254721
0.00233378
0.00212703
0.00191631
0.00234666
0.00188739
0.001521
0.00121778
0.000942418
0.000694509
0.000474093
0.000278811
0.000106401
-4.50756e-05
-0.000177391
-0.000292141
-0.000390714
-0.000474275
-0.000543757
-0.000599849
-0.000643002
-0.000673434
-0.000691144
-0.000695922
-0.000687379
-0.000664968
-0.000628019
-0.000575778
-0.000507441
-0.0004222
-0.00031928
-0.000197994
-5.77816e-05
0.000101736
0.000280717
0.000479054
0.000696334
0.000931803
0.00118434
0.00145242
0.00173412
0.00202712
0.00232868
0.00263569
0.0029447
0.00325194
0.00355344
0.00384503
0.00412249
0.00438161
0.0046183
0.0048287
0.00500928
0.00515696
0.00526917
0.00534398
0.00538013
0.00537711
0.00533517
0.0052553
0.00513927
0.00498951
0.00480911
0.00460166
0.00437119
0.00412206
0.00385877
0.00358594
0.00330809
0.00302961
0.00275453
0.00248657
0.00223016
0.00198925
0.00175148
0.00150419
0.00247916
0.00197715
0.00157887
0.00125155
0.000956109
0.00069169
0.000457925
0.000251817
7.05026e-05
-8.84916e-05
-0.000227415
-0.00034828
-0.00045283
-0.000542527
-0.000618538
-0.000681735
-0.000732698
-0.000771731
-0.000798869
-0.000813903
-0.000816402
-0.000805751
-0.000781178
-0.0007418
-0.000686664
-0.000614789
-0.000525217
-0.000417059
-0.000289551
-0.000142101
2.56575e-05
0.000213823
0.000422179
0.000650153
0.00089678
0.00116068
0.00144004
0.00173259
0.00203565
0.00234609
0.00266041
0.00297476
0.003285
0.0035868
0.0038757
0.0041472
0.00439692
0.00462066
0.00481452
0.00497506
0.00509935
0.00518506
0.00523061
0.00523515
0.00519864
0.00512183
0.00500629
0.00485431
0.00466886
0.00445353
0.00421234
0.00394972
0.00367028
0.00337875
0.00307986
0.00277818
0.00247794
0.00218308
0.00189843
0.00162835
0.00135822
0.00107345
0.00256666
0.00202351
0.00159439
0.00124362
0.000928467
0.000647648
0.000400398
0.000183111
-7.65357e-06
-0.000174879
-0.000321267
-0.000449221
-0.000560819
-0.000657794
-0.00074153
-0.000813062
-0.000873083
-0.000921962
-0.00095976
-0.000986253
-0.00100096
-0.00100318
-0.000992024
-0.000966478
-0.000925421
-0.000867691
-0.000792131
-0.000697639
-0.000583232
-0.000448092
-0.000291627
-0.00011352
8.62257e-05
0.000307232
0.00054871
0.00080943
0.00108769
0.00138132
0.00168766
0.0020036
0.00232556
0.00264961
0.00297144
0.00328651
0.0035901
0.00387741
0.00414371
0.0043844
0.0045952
0.0047722
0.00491204
0.00501199
0.00507002
0.0050849
0.00505625
0.00498454
0.00487107
0.00471797
0.00452811
0.00430503
0.00405279
0.00377589
0.00347912
0.0031674
0.0028457
0.00251886
0.00219142
0.00186761
0.00155279
0.0012518
0.000947849
0.000624417
0.00260374
0.00202113
0.00156235
0.00118892
0.000854576
0.000557627
0.000296919
6.82527e-05
-0.000132367
-0.000308412
-0.000463013
-0.000598944
-0.000718594
-0.000823948
-0.000916585
-0.000997685
-0.00106804
-0.00112806
-0.00117782
-0.00121707
-0.00124526
-0.00126159
-0.00126506
-0.00125448
-0.00122858
-0.00118598
-0.00112532
-0.00104527
-0.000944616
-0.000822292
-0.000677466
-0.000509581
-0.000318413
-0.000104123
0.000132694
0.000390977
0.000669162
0.000965171
0.0012764
0.00159974
0.00193157
0.00226784
0.0026041
0.00293556
0.00325722
0.00356395
0.00385062
0.0041122
0.00434393
0.00454141
0.00470078
0.00481878
0.00489293
0.00492152
0.00490375
0.00483973
0.00473048
0.00457793
0.00438482
0.00415461
0.00389142
0.00359988
0.00328495
0.00295182
0.00260577
0.002252
0.00189543
0.00154068
0.00119373
0.000860036
0.000520582
0.000156939
0.00258527
0.00196498
0.00147782
0.00108261
0.000729715
0.000417029
0.000143009
-9.71222e-05
-0.000307896
-0.000493253
-0.000656736
-0.000801469
-0.000930131
-0.00104494
-0.00114765
-0.00123957
-0.00132156
-0.00139408
-0.0014572
-0.0015106
-0.00155368
-0.00158551
-0.00160497
-0.0016107
-0.00160122
-0.00157497
-0.00153035
-0.00146578
-0.00137981
-0.0012711
-0.00113856
-0.000981374
-0.000799061
-0.000591548
-0.000359207
-0.00010291
0.000175941
0.000475387
0.000792898
0.00112538
0.00146917
0.00182013
0.00217362
0.00252463
0.00286786
0.0031978
0.00350888
0.0037956
0.00405266
0.0042751
0.00445846
0.00459892
0.0046934
0.00473967
0.00473643
0.00468335
0.00458112
0.00443139
0.00423673
0.00400055
0.00372701
0.00342087
0.00308731
0.00273185
0.00236014
0.00197783
0.00159029
0.00120264
0.000821565
0.000453204
7.63295e-05
-0.000329472
0.00250637
0.00185024
0.00133608
0.000920065
0.000549362
0.000221425
-6.56712e-05
-0.000317266
-0.000538414
-0.00073351
-0.000906488
-0.00106081
-0.00119941
-0.00132474
-0.00143871
-0.00154273
-0.00163772
-0.00172417
-0.00180211
-0.00187119
-0.00193069
-0.00197958
-0.00201657
-0.00204014
-0.0020486
-0.00204016
-0.00201299
-0.00196524
-0.00189519
-0.00180121
-0.00168194
-0.00153627
-0.00136344
-0.00116312
-0.00093541
-0.000680978
-0.000401031
-9.73796e-05
0.000227544
0.000570686
0.000928377
0.00129637
0.00166986
0.00204362
0.002412
0.00276912
0.00310892
0.00342536
0.00371255
0.00396489
0.00417727
0.00434518
0.00446487
0.00453347
0.00454911
0.00451093
0.00441919
0.00427521
0.00408136
0.00384095
0.00355818
0.00323793
0.00288568
0.00250728
0.00210884
0.00169653
0.00127626
0.000853729
0.000436443
3.13108e-05
-0.000385192
-0.000835539
0.00236236
0.00167238
0.00113266
0.000696911
0.000309206
-3.34231e-05
-0.000333292
-0.000596289
-0.000827979
-0.00103319
-0.00121625
-0.00138091
-0.00153039
-0.00166731
-0.00179374
-0.00191117
-0.00202059
-0.00212247
-0.00221682
-0.00230321
-0.00238083
-0.0024485
-0.00250477
-0.00254794
-0.00257609
-0.0025872
-0.00257917
-0.00254989
-0.00249732
-0.00241956
-0.00231491
-0.00218195
-0.00201962
-0.00182728
-0.00160475
-0.00135244
-0.00107133
-0.000763038
-0.000429869
-7.4801e-05
0.000298503
0.000685721
0.00108191
0.00148159
0.00187879
0.00226719
0.00264025
0.00299133
0.00331388
0.00360159
0.00384859
0.00404958
0.00420006
0.00429639
0.00433602
0.00431747
0.00424047
0.00410593
0.00391594
0.00367369
0.00338338
0.00305004
0.00267944
0.00227784
0.00185185
0.00140824
0.000953558
0.000494166
3.84751e-05
-0.000405724
-0.000864369
-0.00136211
0.00214886
0.00142709
0.000863361
0.000408999
5.1644e-06
-0.000351542
-0.000663829
-0.000938126
-0.00118049
-0.00139618
-0.00158987
-0.00176563
-0.00192691
-0.00207652
-0.00221664
-0.00234887
-0.0024742
-0.00259311
-0.00270556
-0.00281103
-0.00290861
-0.00299697
-0.00307447
-0.00313922
-0.00318908
-0.00322176
-0.00323488
-0.00322605
-0.0031929
-0.00313321
-0.00304493
-0.0029263
-0.00277591
-0.00259278
-0.00237642
-0.00212691
-0.00184497
-0.001532
-0.00119011
-0.000822173
-0.000431805
-2.33677e-05
0.000398068
0.000826781
0.00125648
0.00168041
0.00209149
0.00248245
0.002846
0.00317506
0.00346287
0.00370328
0.00389086
0.00402114
0.00409072
0.00409738
0.00404021
0.00391962
0.00373735
0.00349638
0.00320088
0.00285604
0.00246792
0.00204323
0.00158916
0.00111314
0.000622437
0.000124173
-0.00037222
-0.000857977
-0.0013616
-0.00191007
0.00186169
0.00111034
0.000524224
5.24436e-05
-0.000366594
-0.000736721
-0.00106104
-0.0013465
-0.00159965
-0.00182616
-0.00203104
-0.00221866
-0.00239269
-0.0025561
-0.0027112
-0.00285965
-0.00300246
-0.00314009
-0.00327244
-0.00339891
-0.00351845
-0.00362959
-0.0037305
-0.00381906
-0.00389291
-0.00394948
-0.0039861
-0.00400005
-0.00398864
-0.00394928
-0.00387955
-0.00377732
-0.00364078
-0.00346856
-0.00325982
-0.00301427
-0.00273232
-0.00241508
-0.00206442
-0.00168305
-0.0012745
-0.000843131
-0.000394107
6.66424e-05
0.000532503
0.00099628
0.00145032
0.00188668
0.00229729
0.00267416
0.00300961
0.00329647
0.0035283
0.00369959
0.00380598
0.00384437
0.00381308
0.00371189
0.00354206
0.00330631
0.00300873
0.00265464
0.00225038
0.00180316
0.00132079
0.000811454
0.000283219
-0.000255932
-0.000795437
-0.00132545
-0.00187723
-0.00248023
0.00149701
0.000718377
0.000111589
-0.000376359
-0.000809629
-0.00119248
-0.00152842
-0.0018249
-0.00208894
-0.0023266
-0.00254324
-0.00274349
-0.00293123
-0.00310961
-0.00328101
-0.00344716
-0.00360909
-0.00376723
-0.00392141
-0.00407093
-0.0042146
-0.0043508
-0.00447751
-0.00459237
-0.00469276
-0.00477585
-0.00483864
-0.00487809
-0.00489114
-0.0048748
-0.00482627
-0.00474297
-0.00462269
-0.00446362
-0.00426448
-0.00402459
-0.00374396
-0.00342336
-0.00306438
-0.00266948
-0.00224204
-0.00178637
-0.0013077
-0.000812109
-0.00030653
0.000201406
0.00070347
0.001191
0.00165507
0.00208675
0.00247729
0.00281837
0.00310239
0.00332269
0.00347375
0.00355143
0.0035531
0.00347777
0.00332611
0.00310046
0.00280476
0.00244439
0.002026
0.00155732
0.00104682
0.000503509
-6.36365e-05
-0.000645683
-0.00123081
-0.00180797
-0.0024114
-0.00307324
0.00105123
0.000247767
-0.0003779
-0.000880712
-0.0013272
-0.00172206
-0.00206918
-0.00237653
-0.00265156
-0.00290072
-0.00312968
-0.00334335
-0.0035458
-0.00374032
-0.00392941
-0.00411481
-0.00429758
-0.0044781
-0.00465615
-0.0048309
-0.00500105
-0.00516478
-0.00531988
-0.00546377
-0.00559355
-0.00570609
-0.00579809
-0.00586612
-0.00590675
-0.00591657
-0.00589235
-0.00583104
-0.00572996
-0.00558681
-0.00539984
-0.00516789
-0.00489051
-0.00456805
-0.00420174
-0.00379374
-0.00334721
-0.00286632
-0.0023563
-0.00182337
-0.00127471
-0.000718375
-0.000163185
0.000381455
0.000905732
0.00139966
0.00185331
0.00225712
0.00260216
0.00288041
0.00308505
0.00321067
0.00325353
0.00321168
0.00308502
0.0028754
0.00258649
0.00222368
0.00179392
0.00130542
0.000767413
0.000189787
-0.000417481
-0.0010444
-0.00167773
-0.00230514
-0.00296406
-0.00368953
0.000521156
-0.00030459
-0.000947264
-0.00146358
-0.00192225
-0.00232838
-0.00268624
-0.00300428
-0.0032904
-0.0035514
-0.00379328
-0.00402117
-0.00423935
-0.00445124
-0.00465941
-0.00486567
-0.00507107
-0.00527594
-0.00547999
-0.0056823
-0.00588139
-0.00607531
-0.00626161
-0.00643749
-0.00659977
-0.00674501
-0.00686957
-0.00696966
-0.00704141
-0.00708099
-0.00708467
-0.00704894
-0.00697055
-0.0068467
-0.00667506
-0.00645395
-0.00618239
-0.00586022
-0.00548823
-0.00506818
-0.00460293
-0.00409645
-0.00355387
-0.00298148
-0.00238667
-0.00177789
-0.00116453
-0.000556744
3.47003e-05
0.0005987
0.00112406
0.00159983
0.00201556
0.00236171
0.00262992
0.00281334
0.00290685
0.00290733
0.00281375
0.00262726
0.00235114
0.00199073
0.00155318
0.00104723
0.000482868
-0.000129037
-0.000777417
-0.0014511
-0.0021353
-0.00281621
-0.00353477
-0.00432917
-9.60811e-05
-0.000941432
-0.00159916
-0.0021276
-0.00259736
-0.00301399
-0.00338213
-0.00371071
-0.00400801
-0.00428121
-0.00453659
-0.00477952
-0.00501446
-0.00524495
-0.00547366
-0.00570243
-0.00593229
-0.00616355
-0.00639584
-0.00662811
-0.00685878
-0.00708568
-0.00730619
-0.00751724
-0.00771538
-0.00789686
-0.00805768
-0.00819364
-0.00830047
-0.00837385
-0.00840954
-0.00840348
-0.00835186
-0.00825127
-0.00809879
-0.00789209
-0.0076296
-0.00731059
-0.00693526
-0.00650492
-0.006022
-0.00549019
-0.00491443
-0.00430097
-0.00365737
-0.00299241
-0.00231601
-0.00163909
-0.000973385
-0.000331172
0.000274983
0.000832575
0.00132952
0.00175451
0.00209744
0.00234973
0.00250467
0.0025577
0.00250663
0.00235169
0.00209563
0.00174355
0.00130279
0.000782552
0.000193636
-0.000452048
-0.00114224
-0.00186445
-0.0026022
-0.00334003
-0.00412271
-0.0049918
-0.000802926
-0.0016651
-0.00233588
-0.00287498
-0.00335474
-0.00378109
-0.00415905
-0.00449798
-0.00480657
-0.00509231
-0.00536178
-0.00562057
-0.0058733
-0.00612365
-0.00637436
-0.00662729
-0.00688349
-0.00714323
-0.00740604
-0.0076708
-0.00793575
-0.00819859
-0.00845645
-0.00870605
-0.00894364
-0.00916516
-0.00936623
-0.00954225
-0.00968849
-0.00980014
-0.00987241
-0.00990066
-0.00988045
-0.00980772
-0.00967885
-0.00949085
-0.00924142
-0.00892916
-0.00855363
-0.00811552
-0.00761677
-0.00706063
-0.00645177
-0.0057963
-0.00510184
-0.00437741
-0.00363343
-0.00288156
-0.0021345
-0.00140575
-0.000709347
-5.94594e-05
0.000529985
0.00104574
0.00147567
0.00180921
0.00203775
0.00215503
0.00215736
0.00204385
0.00181647
0.00147995
0.00104166
0.000511267
-9.96416e-05
-0.000778041
-0.00151037
-0.0022827
-0.00307663
-0.00387494
-0.00472648
-0.00567651
-0.00160139
-0.00247752
-0.00315927
-0.00370758
-0.00419621
-0.00463148
-0.00501878
-0.00536788
-0.00568783
-0.00598646
-0.00627058
-0.00654602
-0.00681757
-0.00708901
-0.00736316
-0.00764193
-0.00792635
-0.00821665
-0.00851232
-0.00881212
-0.00911416
-0.00941596
-0.00971447
-0.0100061
-0.010287
-0.0105525
-0.0107981
-0.0110187
-0.011209
-0.0113638
-0.0114777
-0.0115454
-0.0115618
-0.0115221
-0.011422
-0.0112577
-0.011026
-0.0107249
-0.0103531
-0.00991066
-0.00939876
-0.00882015
-0.00817909
-0.00748144
-0.00673473
-0.00594818
-0.00513258
-0.00430028
-0.00346494
-0.00264131
-0.00184497
-0.00109186
-0.000397922
0.000221416
0.000751749
0.00118021
0.00149599
0.00169073
0.00175897
0.00169837
0.00150983
0.00119752
0.000768686
0.00023335
-0.000396092
-0.00110546
-0.00187978
-0.00270355
-0.00355625
-0.00441864
-0.00534408
-0.00638177
-0.00249303
-0.00338017
-0.00407079
-0.00462679
-0.00512315
-0.00556653
-0.00596268
-0.00632174
-0.00665311
-0.00696492
-0.00726424
-0.0075571
-0.00784844
-0.00814216
-0.00844117
-0.00874739
-0.00906188
-0.00938484
-0.00971568
-0.0100531
-0.010395
-0.0107389
-0.0110814
-0.0114188
-0.0117467
-0.0120606
-0.0123551
-0.012625
-0.0128644
-0.0130676
-0.0132285
-0.0133412
-0.0133999
-0.0133991
-0.0133335
-0.0131985
-0.0129902
-0.0127054
-0.0123422
-0.0118996
-0.0113782
-0.0107799
-0.0101085
-0.00936943
-0.00856998
-0.00771941
-0.00682883
-0.00591116
-0.00498099
-0.00405431
-0.00314827
-0.00228071
-0.00146974
-0.000733176
-8.79815e-05
0.000450362
0.000868444
0.00115549
0.00130385
0.00130934
0.00117151
0.000893646
0.00048269
-5.10949e-05
-0.000694561
-0.00143233
-0.00224793
-0.00312409
-0.00403799
-0.00496815
-0.00597275
-0.00710525
-0.00347891
-0.00437407
-0.0050714
-0.00563359
-0.00613652
-0.00658719
-0.00699167
-0.00736045
-0.00770327
-0.00802852
-0.00834352
-0.00865449
-0.00896652
-0.00928365
-0.00960883
-0.00994406
-0.0102904
-0.010648
-0.0110163
-0.0113938
-0.0117785
-0.0121674
-0.0125573
-0.0129441
-0.0133232
-0.0136895
-0.0140377
-0.0143617
-0.0146555
-0.0149126
-0.0151263
-0.01529
-0.0153973
-0.0154415
-0.0154168
-0.0153176
-0.0151388
-0.0148765
-0.0145275
-0.01409
-0.0135637
-0.0129495
-0.0122507
-0.0114719
-0.0106202
-0.00970472
-0.00873665
-0.00772942
-0.00669845
-0.00566094
-0.00463561
-0.00364228
-0.00270135
-0.00183327
-0.00105781
-0.000393432
0.000143493
0.000539315
0.000783751
0.00087037
0.00079693
0.000565525
0.00018251
-0.000341792
-0.00099356
-0.00175621
-0.00261165
-0.00354073
-0.00451803
-0.0055196
-0.00660884
-0.00784374
-0.00455957
-0.00545973
-0.00616164
-0.0067285
-0.00723683
-0.00769394
-0.00810621
-0.00848444
-0.00883867
-0.00917755
-0.00950862
-0.00983829
-0.0101718
-0.0105133
-0.0108659
-0.0112316
-0.0116114
-0.0120056
-0.0124134
-0.0128334
-0.0132635
-0.0137006
-0.0141411
-0.0145809
-0.0150151
-0.0154384
-0.0158448
-0.0162281
-0.0165816
-0.0168982
-0.0171708
-0.0173919
-0.0175542
-0.0176504
-0.0176735
-0.0176168
-0.0174746
-0.0172414
-0.0169132
-0.0164871
-0.0159614
-0.0153363
-0.014614
-0.0137985
-0.0128962
-0.011916
-0.010869
-0.00976901
-0.00863209
-0.00747661
-0.00632282
-0.00519255
-0.00410863
-0.00309428
-0.00217239
-0.00136472
-0.00069105
-0.000168364
0.000189925
0.000374624
0.000381235
0.000210222
-0.000132984
-0.000638243
-0.00129119
-0.00207405
-0.00296706
-0.003949
-0.0049916
-0.00606816
-0.00724768
-0.00859297
-0.00573503
-0.00663721
-0.00734155
-0.00791158
-0.00842415
-0.00888683
-0.0093063
-0.00969365
-0.0100592
-0.0104118
-0.0107592
-0.011108
-0.0114637
-0.0118304
-0.0122114
-0.0126087
-0.0130235
-0.0134559
-0.0139053
-0.0143701
-0.014848
-0.0153361
-0.0158305
-0.0163268
-0.01682
-0.0173044
-0.0177738
-0.0182214
-0.01864
-0.019022
-0.0193596
-0.0196446
-0.0198688
-0.020024
-0.0201022
-0.0200958
-0.0199976
-0.0198011
-0.0195011
-0.0190933
-0.0185749
-0.0179449
-0.0172043
-0.0163562
-0.0154063
-0.0143628
-0.0132367
-0.0120419
-0.010795
-0.00951535
-0.00822465
-0.00694673
-0.0057069
-0.00453135
-0.00344631
-0.00247721
-0.00164765
-0.000978468
-0.000486753
-0.000185043
-8.0655e-05
-0.000175269
-0.000464812
-0.000939648
-0.00158507
-0.00238218
-0.00330947
-0.00434351
-0.00545289
-0.00660785
-0.00788339
-0.00934745
-0.00700479
-0.00790604
-0.00861072
-0.00918243
-0.00969807
-0.0101655
-0.0105915
-0.0109876
-0.0113641
-0.0117304
-0.0120943
-0.0124625
-0.0128408
-0.0132333
-0.0136435
-0.0140735
-0.0145244
-0.0149965
-0.0154891
-0.0160006
-0.0165287
-0.0170704
-0.0176216
-0.0181778
-0.0187336
-0.0192833
-0.0198201
-0.0203369
-0.020826
-0.0212793
-0.0216881
-0.0220436
-0.0223367
-0.0225583
-0.0226994
-0.022751
-0.0227048
-0.0225532
-0.0222895
-0.0219079
-0.0214043
-0.0207765
-0.020024
-0.0191488
-0.0181556
-0.0170517
-0.0158478
-0.0145576
-0.013198
-0.0117891
-0.010354
-0.00891854
-0.00751039
-0.00615884
-0.00489371
-0.00374438
-0.00273874
-0.00190201
-0.00125556
-0.000815927
-0.000593896
-0.000593909
-0.000813782
-0.00124481
-0.00187222
-0.0026761
-0.00363321
-0.00471773
-0.00589485
-0.00713139
-0.00850875
-0.0101003
-0.00836778
-0.00926526
-0.00996826
-0.0105402
-0.0110578
-0.011529
-0.0119609
-0.0123651
-0.0127524
-0.0131322
-0.0135124
-0.0139001
-0.0143011
-0.0147198
-0.0151597
-0.0156229
-0.0161108
-0.0166237
-0.0171608
-0.0177207
-0.018301
-0.0188984
-0.019509
-0.0201281
-0.0207501
-0.0213688
-0.0219773
-0.022568
-0.0231329
-0.023663
-0.0241492
-0.0245818
-0.0249508
-0.0252463
-0.0254579
-0.0255757
-0.0255901
-0.025492
-0.0252732
-0.0249265
-0.0244463
-0.0238287
-0.0230718
-0.0221762
-0.0211453
-0.0199855
-0.0187067
-0.017322
-0.0158485
-0.0143069
-0.0127214
-0.0111195
-0.0095315
-0.00798967
-0.00652758
-0.00517892
-0.00397625
-0.00294971
-0.00212562
-0.00152523
-0.00116353
-0.00104845
-0.00118036
-0.001552
-0.00214891
-0.0029504
-0.00393149
-0.00506389
-0.00630903
-0.00762999
-0.00911495
-0.010843
-0.00982243
-0.0107135
-0.0114129
-0.0119837
-0.012502
-0.0129761
-0.0134131
-0.013825
-0.0142225
-0.0146152
-0.0150114
-0.0154184
-0.0158419
-0.0162868
-0.0167564
-0.0172532
-0.0177785
-0.0183328
-0.0189155
-0.0195249
-0.0201588
-0.0208138
-0.0214861
-0.0221705
-0.0228616
-0.0235528
-0.0242369
-0.0249059
-0.0255513
-0.0261636
-0.026733
-0.0272491
-0.027701
-0.0280777
-0.0283677
-0.0285601
-0.0286436
-0.0286079
-0.0284431
-0.0281406
-0.0276929
-0.0270945
-0.0263418
-0.0254338
-0.0243724
-0.0231627
-0.0218133
-0.0203369
-0.0187502
-0.0170741
-0.0153338
-0.0135582
-0.01178
-0.0100345
-0.00835918
-0.00679214
-0.00537106
-0.00413154
-0.00310553
-0.00231973
-0.00179422
-0.00154124
-0.00156447
-0.00185879
-0.00241056
-0.00319858
-0.00419626
-0.00537273
-0.00668537
-0.00809314
-0.00969141
-0.0115652
-0.0113666
-0.0122487
-0.0129428
-0.0135111
-0.0140292
-0.0145052
-0.0149465
-0.0153651
-0.0157721
-0.0161771
-0.0165888
-0.0170143
-0.0174599
-0.0179303
-0.0184293
-0.0189595
-0.0195222
-0.0201181
-0.0207466
-0.0214062
-0.0220946
-0.0228087
-0.0235441
-0.0242961
-0.0250587
-0.0258252
-0.0265883
-0.0273395
-0.0280698
-0.0287693
-0.0294274
-0.0300329
-0.0305742
-0.0310392
-0.0314154
-0.0316903
-0.0318516
-0.0318873
-0.031786
-0.0315373
-0.0311319
-0.0305625
-0.0298235
-0.0289123
-0.0278287
-0.0265765
-0.0251628
-0.0235992
-0.0219018
-0.0200915
-0.0181939
-0.0162392
-0.0142622
-0.0123011
-0.0103971
-0.0085932
-0.00693235
-0.00545615
-0.00420282
-0.00320541
-0.00248993
-0.00207391
-0.00196528
-0.00216187
-0.00265147
-0.00341284
-0.00441795
-0.00563331
-0.00701198
-0.00850838
-0.0102255
-0.0122544
-0.0129978
-0.0138688
-0.0145559
-0.0151206
-0.0156373
-0.0161142
-0.0165589
-0.0169834
-0.0173989
-0.0178152
-0.0182412
-0.0186842
-0.0191508
-0.0196459
-0.0201734
-0.020736
-0.0213355
-0.0219725
-0.0226466
-0.0233565
-0.0240998
-0.0248734
-0.0256731
-0.0264939
-0.0273298
-0.0281741
-0.0290189
-0.0298555
-0.0306745
-0.0314654
-0.0322171
-0.0329176
-0.0335544
-0.0341143
-0.0345839
-0.0349493
-0.0351968
-0.0353129
-0.0352844
-0.0350992
-0.0347463
-0.034216
-0.0335011
-0.0325966
-0.0315006
-0.0302147
-0.0287445
-0.0271002
-0.0252968
-0.0233546
-0.0212995
-0.0191624
-0.0169799
-0.014793
-0.0126466
-0.0105883
-0.00866685
-0.00693015
-0.00542344
-0.00418688
-0.00325346
-0.00264705
-0.00238089
-0.00245673
-0.00286463
-0.00358385
-0.00458526
-0.00583277
-0.00727487
-0.00886101
-0.0107022
-0.0128959
-0.014713
-0.015571
-0.0162498
-0.0168098
-0.0173241
-0.017801
-0.018248
-0.0186772
-0.0190998
-0.0195261
-0.0199649
-0.020424
-0.0209099
-0.021428
-0.0219825
-0.0225762
-0.0232111
-0.0238881
-0.0246068
-0.0253661
-0.0261639
-0.0269969
-0.0278612
-0.0287515
-0.0296619
-0.0305853
-0.0315138
-0.0324384
-0.0333491
-0.0342351
-0.0350846
-0.0358848
-0.0366224
-0.0372834
-0.0378529
-0.0383161
-0.0386578
-0.0388628
-0.0389164
-0.0388046
-0.0385141
-0.0380337
-0.0373535
-0.0364665
-0.0353686
-0.0340592
-0.0325419
-0.030825
-0.0289222
-0.0268528
-0.0246422
-0.0223219
-0.0199298
-0.0175092
-0.0151084
-0.0127799
-0.0105779
-0.00855738
-0.00677096
-0.00526683
-0.00408598
-0.00325976
-0.00280797
-0.0027374
-0.00304141
-0.00370049
-0.00468488
-0.00595604
-0.00745765
-0.00913381
-0.0111039
-0.013472
-0.0165087
-0.0173523
-0.0180217
-0.0185762
-0.0190873
-0.019563
-0.0200111
-0.0204435
-0.0208718
-0.0213062
-0.0217559
-0.0222288
-0.0227319
-0.0232708
-0.0238498
-0.0244724
-0.0251406
-0.0258555
-0.0266171
-0.0274244
-0.0282754
-0.029167
-0.0300951
-0.0310548
-0.0320398
-0.0330432
-0.0340565
-0.0350707
-0.0360753
-0.0370591
-0.0380096
-0.0389135
-0.0397566
-0.0405237
-0.0411992
-0.0417668
-0.0422099
-0.0425118
-0.0426561
-0.0426269
-0.042409
-0.0419887
-0.0413543
-0.040496
-0.0394075
-0.0380857
-0.0365318
-0.0347522
-0.0327585
-0.0305687
-0.0282071
-0.0257055
-0.0231022
-0.0204425
-0.017778
-0.0151653
-0.0126647
-0.010338
-0.00824588
-0.00644534
-0.00498639
-0.00390917
-0.00324131
-0.00299606
-0.00317122
-0.00374953
-0.0047012
-0.00598552
-0.00754123
-0.00930669
-0.0114101
-0.013962
-0.0183813
-0.0192095
-0.0198689
-0.0204172
-0.0209241
-0.0213976
-0.0218454
-0.0222795
-0.0227114
-0.0231516
-0.0236095
-0.0240934
-0.0246107
-0.0251672
-0.0257678
-0.0264161
-0.0271146
-0.0278646
-0.0286664
-0.0295192
-0.0304212
-0.0313695
-0.0323601
-0.033388
-0.0344471
-0.03553
-0.0366284
-0.0377329
-0.0388327
-0.039916
-0.0409699
-0.0419804
-0.0429324
-0.04381
-0.0445963
-0.0452739
-0.0458248
-0.0462308
-0.0464737
-0.0465358
-0.0463998
-0.0460499
-0.0454718
-0.0446536
-0.0435861
-0.0422636
-0.0406849
-0.0388537
-0.0367793
-0.0344779
-0.0319724
-0.0292937
-0.0264805
-0.0235794
-0.0206445
-0.0177365
-0.0149212
-0.0122676
-0.00984468
-0.00771901
-0.00595064
-0.00458975
-0.00367333
-0.00322256
-0.00324114
-0.00371525
-0.00461593
-0.00590075
-0.00750345
-0.0093563
-0.0115967
-0.014342
-0.0203267
-0.0211394
-0.0217885
-0.02233
-0.0228321
-0.0233023
-0.0237483
-0.0241819
-0.0246149
-0.0250579
-0.0255208
-0.0260122
-0.0265398
-0.02711
-0.0277281
-0.0283981
-0.0291228
-0.0299041
-0.0307424
-0.0316374
-0.0325873
-0.0335895
-0.0346401
-0.0357341
-0.0368654
-0.0380267
-0.0392094
-0.0404038
-0.0415989
-0.0427825
-0.0439411
-0.04506
-0.0461234
-0.0471145
-0.0480155
-0.0488076
-0.0494715
-0.0499877
-0.0503361
-0.0504972
-0.0504517
-0.0501816
-0.0496701
-0.0489028
-0.0478678
-0.0465567
-0.0449653
-0.0430946
-0.0409512
-0.0385488
-0.0359085
-0.0330597
-0.0300408
-0.0268988
-0.02369
-0.0204785
-0.0173352
-0.0143361
-0.0115589
-0.00908019
-0.00697094
-0.00529273
-0.00409345
-0.00340392
-0.00323544
-0.00357904
-0.00440773
-0.00567798
-0.00731867
-0.00925569
-0.0116361
-0.0145839
-0.0223409
-0.0231385
-0.0237774
-0.0243121
-0.0248087
-0.0252745
-0.0257168
-0.0261476
-0.0265786
-0.027021
-0.0274847
-0.0279791
-0.0285122
-0.0290912
-0.0297216
-0.0304082
-0.0311541
-0.0319617
-0.0328319
-0.0337645
-0.0347582
-0.0358104
-0.0369175
-0.0380746
-0.0392755
-0.0405128
-0.041778
-0.043061
-0.0443505
-0.045634
-0.0468973
-0.0481253
-0.0493014
-0.0504079
-0.051426
-0.0523358
-0.0531168
-0.0537478
-0.0542074
-0.0544739
-0.0545264
-0.0543444
-0.0539089
-0.0532028
-0.0522114
-0.0509234
-0.0493316
-0.0474339
-0.045234
-0.0427426
-0.0399784
-0.0369689
-0.033751
-0.030372
-0.0268889
-0.0233689
-0.0198875
-0.0165272
-0.0133744
-0.010516
-0.00803491
-0.00600523
-0.00448741
-0.00352375
-0.00313502
-0.00331888
-0.00405169
-0.00528976
-0.00695733
-0.00897377
-0.0114963
-0.0146553
-0.0244199
-0.0252036
-0.0258332
-0.0263612
-0.0268519
-0.0273119
-0.0277485
-0.0281735
-0.028599
-0.0290362
-0.0294958
-0.0299877
-0.0305205
-0.0311021
-0.0317387
-0.0324356
-0.0331966
-0.0340245
-0.0349207
-0.0358854
-0.0369176
-0.038015
-0.039174
-0.04039
-0.0416568
-0.0429669
-0.0443116
-0.0456808
-0.0470627
-0.0484445
-0.0498115
-0.0511481
-0.0524369
-0.0536593
-0.0547957
-0.0558251
-0.0567257
-0.0574749
-0.0580497
-0.0584268
-0.0585832
-0.0584964
-0.0581448
-0.0575089
-0.0565712
-0.0553174
-0.0537371
-0.051825
-0.0495814
-0.0470139
-0.0441381
-0.0409789
-0.0375715
-0.0339618
-0.0302075
-0.0263774
-0.0225512
-0.0188172
-0.0152701
-0.0120075
-0.00912472
-0.00670954
-0.00483657
-0.00356158
-0.00291689
-0.00290887
-0.00351893
-0.0047044
-0.00638547
-0.00847487
-0.0111404
-0.0145192
-0.0265595
-0.0273316
-0.0279535
-0.0284754
-0.0289598
-0.0294128
-0.0298412
-0.030257
-0.0306724
-0.0310992
-0.0315487
-0.0320314
-0.0325569
-0.0331338
-0.0337691
-0.0344688
-0.0352375
-0.0360785
-0.0369938
-0.0379839
-0.0390483
-0.0401849
-0.0413904
-0.0426601
-0.043988
-0.0453666
-0.046787
-0.0482388
-0.0497101
-0.0511875
-0.0526561
-0.0540994
-0.0554996
-0.0568373
-0.0580917
-0.0592411
-0.0602623
-0.0611315
-0.0618241
-0.0623152
-0.0625799
-0.0625935
-0.0623323
-0.0617742
-0.0608989
-0.0596891
-0.0581313
-0.0562166
-0.0539419
-0.0513113
-0.048337
-0.0450405
-0.0414545
-0.0376232
-0.0336035
-0.0294653
-0.025291
-0.0211742
-0.0172175
-0.0135288
-0.0102162
-0.0073822
-0.0051171
-0.00349211
-0.00255348
-0.00231855
-0.00277592
-0.00388549
-0.00556415
-0.00771818
-0.0105266
-0.0141329
-0.028756
-0.0295202
-0.0301365
-0.0306534
-0.0311313
-0.0315757
-0.0319932
-0.0323957
-0.0327957
-0.0332057
-0.0336378
-0.0341035
-0.0346133
-0.0351768
-0.035802
-0.0364958
-0.0372635
-0.0381092
-0.0390353
-0.0400431
-0.0411323
-0.0423012
-0.0435466
-0.044864
-0.0462473
-0.0476891
-0.0491803
-0.0507103
-0.0522669
-0.0538363
-0.0554031
-0.0569503
-0.0584594
-0.0599102
-0.0612812
-0.0625494
-0.0636908
-0.0646801
-0.0654913
-0.066098
-0.0664735
-0.066591
-0.0664248
-0.0659501
-0.0651441
-0.0639864
-0.0624604
-0.0605538
-0.0582598
-0.0555786
-0.0525187
-0.0490979
-0.0453457
-0.0413036
-0.0370269
-0.0325853
-0.0280631
-0.0235582
-0.0191799
-0.0150462
-0.0112779
-0.00799317
-0.00529913
-0.00328451
-0.00201192
-0.00151234
-0.00178396
-0.00279124
-0.0044489
-0.00665714
-0.00960699
-0.0134479
-0.0310063
-0.0317674
-0.0323813
-0.0328946
-0.0333661
-0.0338003
-0.0342034
-0.0345876
-0.0349659
-0.0353515
-0.0357577
-0.036197
-0.0366813
-0.0372213
-0.0378262
-0.0385038
-0.0392606
-0.0401013
-0.0410291
-0.0420457
-0.0431513
-0.0443445
-0.0456223
-0.0469804
-0.0484127
-0.0499116
-0.0514678
-0.0530707
-0.0547076
-0.0563644
-0.0580251
-0.0596723
-0.0612866
-0.0628473
-0.0643319
-0.0657165
-0.066976
-0.0680838
-0.0690128
-0.0697349
-0.0702216
-0.0704446
-0.0703757
-0.0699879
-0.0692559
-0.0681565
-0.0666697
-0.0647798
-0.0624765
-0.0597559
-0.0566225
-0.0530902
-0.0491844
-0.0449433
-0.0404197
-0.0356821
-0.0308153
-0.0259201
-0.0211119
-0.0165176
-0.0122707
-0.00850504
-0.00534596
-0.00290156
-0.00125332
-0.000448731
-0.000498434
-0.00137382
-0.00298901
-0.00523878
-0.008327
-0.0124091
-0.0333076
-0.0340723
-0.0346882
-0.0351999
-0.035665
-0.036087
-0.0364719
-0.0368319
-0.0371808
-0.037533
-0.037903
-0.0383051
-0.0387524
-0.0392571
-0.0398299
-0.0404798
-0.0412143
-0.0420391
-0.0429582
-0.0439737
-0.0450864
-0.0462951
-0.0475972
-0.0489882
-0.0504621
-0.0520113
-0.0536262
-0.0552959
-0.0570074
-0.058746
-0.0604956
-0.0622378
-0.0639527
-0.0656189
-0.067213
-0.0687101
-0.0700842
-0.0713076
-0.0723517
-0.073187
-0.0737836
-0.0741112
-0.0741398
-0.0738402
-0.0731844
-0.0721466
-0.0707038
-0.0688371
-0.0665321
-0.0637814
-0.060585
-0.0569526
-0.0529052
-0.048477
-0.0437175
-0.0386928
-0.033487
-0.0282025
-0.0229593
-0.0178922
-0.0131467
-0.00887228
-0.00521328
-0.00229888
-0.000231968
0.000920395
0.00113189
0.000421329
-0.00112682
-0.00340297
-0.00662494
-0.0109539
-0.0356586
-0.0364353
-0.0370586
-0.0375714
-0.0380303
-0.0384379
-0.0387996
-0.0391283
-0.0394387
-0.0397468
-0.0400688
-0.0404207
-0.0408177
-0.0412737
-0.041801
-0.0424102
-0.0431098
-0.0439066
-0.0448054
-0.0458091
-0.0469187
-0.0481334
-0.0494508
-0.0508664
-0.0523741
-0.0539662
-0.0556328
-0.0573626
-0.0591424
-0.0609569
-0.0627893
-0.0646209
-0.066431
-0.0681972
-0.0698956
-0.0715003
-0.0729842
-0.0743185
-0.0754734
-0.0764181
-0.0771211
-0.0775505
-0.0776744
-0.0774615
-0.0768815
-0.0759061
-0.0745094
-0.072669
-0.0703674
-0.0675929
-0.0643415
-0.0606182
-0.0564396
-0.0518353
-0.0468505
-0.0415482
-0.0360104
-0.0303398
-0.0246592
-0.0191103
-0.0138492
-0.00904065
-0.00484842
-0.00142414
0.00110549
0.00265062
0.0031657
0.00265636
0.00120312
-0.0010816
-0.00443095
-0.00901166
-0.0380588
-0.0388584
-0.0394961
-0.0400134
-0.0404663
-0.0408564
-0.041189
-0.0414777
-0.0417387
-0.04199
-0.0422499
-0.0425368
-0.0428683
-0.0432603
-0.0437271
-0.0442809
-0.0449316
-0.0456872
-0.0465533
-0.0475335
-0.0486292
-0.0498399
-0.0511631
-0.0525946
-0.0541279
-0.0557551
-0.0574661
-0.0592491
-0.0610904
-0.0629742
-0.0648832
-0.0667978
-0.0686968
-0.070557
-0.0723536
-0.0740598
-0.0756474
-0.0770867
-0.0783467
-0.0793952
-0.0801992
-0.0807254
-0.0809401
-0.08081
-0.0803028
-0.0793875
-0.0780356
-0.0762218
-0.0739249
-0.0711297
-0.0678278
-0.0640199
-0.0597177
-0.054946
-0.0497452
-0.044174
-0.0383115
-0.032259
-0.0261408
-0.0201034
-0.0143124
-0.00894686
-0.00418978
-0.000216321
0.00282083
0.00480583
0.00566999
0.0054019
0.00407495
0.00180238
-0.00166611
-0.00650276
-0.0405097
-0.0413459
-0.0420067
-0.0425323
-0.0429794
-0.0433483
-0.0436444
-0.0438825
-0.044081
-0.0442603
-0.0444417
-0.0446465
-0.044895
-0.0452058
-0.0455952
-0.0460775
-0.0466642
-0.0473643
-0.0481845
-0.0491289
-0.0501993
-0.0513954
-0.0527149
-0.0541532
-0.0557038
-0.0573583
-0.0591062
-0.0609352
-0.0628311
-0.0647774
-0.0667562
-0.0687472
-0.0707285
-0.0726759
-0.0745638
-0.0763646
-0.078049
-0.0795863
-0.0809441
-0.0820893
-0.0829873
-0.0836033
-0.083902
-0.0838484
-0.0834079
-0.0825474
-0.0812359
-0.0794451
-0.0771508
-0.074334
-0.0709823
-0.0670922
-0.0626703
-0.0577365
-0.0523261
-0.0464929
-0.0403117
-0.0338814
-0.027326
-0.020795
-0.0144619
-0.00851844
-0.00316648
0.00139485
0.00498503
0.00745904
0.00872101
0.00873804
0.00757261
0.00533607
0.00175864
-0.00333748
-0.0430151
-0.043905
-0.0445995
-0.0451379
-0.0455789
-0.0459217
-0.0461721
-0.0463467
-0.0464668
-0.0465562
-0.0466399
-0.0467428
-0.0468885
-0.0470986
-0.0473921
-0.0477854
-0.0482916
-0.0489211
-0.0496814
-0.0505772
-0.0516108
-0.0527818
-0.0540878
-0.055524
-0.0570835
-0.0587575
-0.0605349
-0.0624029
-0.0643464
-0.0663485
-0.0683903
-0.0704509
-0.0725074
-0.0745349
-0.0765069
-0.0783947
-0.0801681
-0.0817952
-0.0832427
-0.0844759
-0.0854593
-0.0861563
-0.0865303
-0.0865442
-0.0861619
-0.085348
-0.0840691
-0.0822942
-0.0799962
-0.0771527
-0.0737476
-0.0697729
-0.0652308
-0.0601359
-0.0545182
-0.0484262
-0.0419299
-0.0351241
-0.028131
-0.0211016
-0.0142149
-0.00767398
-0.00169817
0.0034894
0.00767893
0.0106933
0.0124052
0.0127555
0.011791
0.00961787
0.00594382
0.000585146
-0.045582
-0.0465466
-0.0472876
-0.0478441
-0.0482781
-0.0485881
-0.0487808
-0.0488758
-0.0488984
-0.0488766
-0.0488402
-0.0488184
-0.0488389
-0.0489268
-0.0491041
-0.0493894
-0.0497977
-0.0503407
-0.0510268
-0.0518611
-0.0528462
-0.0539816
-0.0552645
-0.05669
-0.0582504
-0.0599364
-0.0617363
-0.0636364
-0.0656209
-0.0676721
-0.0697703
-0.0718936
-0.0740183
-0.0761187
-0.078167
-0.0801338
-0.0819878
-0.083696
-0.0852239
-0.0865356
-0.0875943
-0.088362
-0.0888004
-0.0888711
-0.0885359
-0.0877574
-0.0865
-0.0847304
-0.0824185
-0.0795388
-0.0760717
-0.0720053
-0.0673371
-0.0620768
-0.0562491
-0.0498968
-0.0430844
-0.0359019
-0.0284684
-0.0209342
-0.0134819
-0.00632382
0.000304733
0.00615726
0.0109938
0.0146026
0.0168206
0.0175568
0.0168375
0.0147591
0.0110029
0.00537876
-0.0482212
-0.0492866
-0.0500895
-0.0506695
-0.0510945
-0.0513626
-0.0514825
-0.051478
-0.0513796
-0.0512214
-0.0510386
-0.050866
-0.0507361
-0.0506779
-0.0507169
-0.050874
-0.0511662
-0.0516064
-0.0522037
-0.0529637
-0.0538888
-0.0549785
-0.0562295
-0.057636
-0.05919
-0.0608812
-0.062697
-0.0646229
-0.0666422
-0.0687362
-0.0708844
-0.0730638
-0.0752498
-0.0774156
-0.0795325
-0.0815701
-0.0834959
-0.0852757
-0.0868741
-0.0882538
-0.0893766
-0.0902032
-0.0906939
-0.0908085
-0.090507
-0.0897503
-0.0885005
-0.086722
-0.0843821
-0.0814525
-0.0779101
-0.0737394
-0.0689336
-0.0634978
-0.0574512
-0.0508311
-0.043696
-0.0361305
-0.0282492
-0.0202004
-0.0121679
-0.00437121
0.00294041
0.00949821
0.0150319
0.0192926
0.0220773
0.0232579
0.0228336
0.0208858
0.0170644
0.0111715
-0.050949
-0.0521475
-0.0530306
-0.0536397
-0.0540516
-0.0542653
-0.0542927
-0.0541636
-0.0539158
-0.0535909
-0.0532312
-0.052878
-0.0525694
-0.0523391
-0.0522158
-0.0522234
-0.0523806
-0.0527015
-0.0531957
-0.053869
-0.0547234
-0.0557579
-0.0569687
-0.0583491
-0.05989
-0.0615802
-0.0634061
-0.0653522
-0.0674007
-0.0695319
-0.0717241
-0.0739533
-0.0761939
-0.0784179
-0.0805958
-0.0826958
-0.0846843
-0.0865262
-0.0881845
-0.089621
-0.0907959
-0.0916687
-0.0921979
-0.0923419
-0.092059
-0.0913082
-0.0900494
-0.0882449
-0.0858595
-0.082862
-0.0792265
-0.0749337
-0.0699731
-0.0643452
-0.0580642
-0.0511617
-0.0436904
-0.0357288
-0.0273861
-0.018807
-0.010175
-0.00171414
0.00631441
0.0136213
0.019906
0.0248812
0.0282997
0.0299898
0.0299171
0.0281412
0.0242743
0.0181084
-0.0537892
-0.0551605
-0.0561452
-0.0567885
-0.0571803
-0.057322
-0.057231
-0.0569458
-0.0565139
-0.0559861
-0.0554139
-0.0548462
-0.0543275
-0.0538964
-0.0535856
-0.0534216
-0.0534247
-0.0536099
-0.0539872
-0.0545619
-0.0553358
-0.0563069
-0.0574703
-0.0588182
-0.0603406
-0.0620247
-0.063856
-0.0658176
-0.0678904
-0.0700537
-0.0722845
-0.0745577
-0.0768466
-0.079122
-0.0813532
-0.0835072
-0.0855495
-0.0874434
-0.089151
-0.0906325
-0.0918469
-0.0927522
-0.0933054
-0.0934633
-0.0931822
-0.0924195
-0.091133
-0.0892827
-0.0868311
-0.0837443
-0.0799936
-0.0755562
-0.0704181
-0.0645753
-0.0580375
-0.0508305
-0.0430014
-0.0346222
-0.0257964
-0.0166635
-0.00740526
0.00175204
0.0105377
0.0186437
0.02574
0.0314993
0.0356268
0.0379006
0.0382447
0.036689
0.0327991
0.0263542
-0.0567753
-0.0583685
-0.0594797
-0.0601606
-0.0605204
-0.0605656
-0.0603223
-0.0598411
-0.0591822
-0.0584086
-0.0575824
-0.0567616
-0.0559979
-0.0553353
-0.0548104
-0.0544521
-0.0542821
-0.0543159
-0.0545632
-0.0550289
-0.0557136
-0.0566143
-0.0577245
-0.0590352
-0.0605347
-0.0622089
-0.0640418
-0.066015
-0.0681083
-0.0702995
-0.0725642
-0.0748762
-0.0772075
-0.0795277
-0.0818049
-0.0840049
-0.0860918
-0.0880279
-0.0897738
-0.0912884
-0.0925293
-0.0934529
-0.0940148
-0.09417
-0.0938731
-0.0930794
-0.0917448
-0.0898271
-0.0872863
-0.0840859
-0.0801943
-0.0755857
-0.0702422
-0.0641561
-0.0573321
-0.0497912
-0.0415741
-0.0327468
-0.0234062
-0.0136862
-0.00376482
0.00613115
0.0157239
0.0246886
0.0326671
0.0392911
0.0442142
0.0471579
0.0479953
0.0467169
0.0428305
0.0360977
-0.0599544
-0.0618303
-0.0630965
-0.0638152
-0.0641236
-0.064038
-0.0635974
-0.0628694
-0.0619308
-0.0608598
-0.0597315
-0.058614
-0.057567
-0.0566401
-0.0558734
-0.055298
-0.0549365
-0.0548041
-0.05491
-0.0552577
-0.0558464
-0.0566712
-0.0577241
-0.0589942
-0.0604681
-0.0621299
-0.0639618
-0.0659441
-0.0680548
-0.0702704
-0.072565
-0.0749113
-0.0772796
-0.0796385
-0.0819547
-0.0841928
-0.0863155
-0.0882839
-0.0900571
-0.0915928
-0.0928471
-0.0937747
-0.0943297
-0.0944652
-0.0941341
-0.0932897
-0.0918857
-0.0898776
-0.0872231
-0.0838828
-0.0798223
-0.0750125
-0.069432
-0.063069
-0.0559237
-0.0480119
-0.0393684
-0.0300529
-0.0201551
-0.00980272
0.000831286
0.0115214
0.0219848
0.0318822
0.0408283
0.0484132
0.054235
0.0579514
0.0593744
0.0584428
0.0545912
0.0475569
-0.0633926
-0.0656264
-0.0670792
-0.06783
-0.0680566
-0.0677916
-0.0670939
-0.0660541
-0.0647709
-0.063341
-0.0618546
-0.0603915
-0.0590194
-0.0577935
-0.056757
-0.0559422
-0.0553717
-0.0550601
-0.0550149
-0.0552376
-0.0557254
-0.0564711
-0.0574644
-0.0586924
-0.0601393
-0.0617876
-0.0636174
-0.0656072
-0.0677334
-0.0699708
-0.0722922
-0.0746686
-0.0770692
-0.0794611
-0.0818097
-0.0840782
-0.0862282
-0.0882192
-0.0900091
-0.091554
-0.0928085
-0.0937259
-0.0942584
-0.0943573
-0.0939737
-0.0930587
-0.0915638
-0.0894421
-0.0866486
-0.0831412
-0.0788823
-0.0738395
-0.0679877
-0.0613107
-0.0538043
-0.0454787
-0.0363628
-0.0265094
-0.016001
-0.0049579
0.00645298
0.0180092
0.0294251
0.040349
0.0503692
0.0590337
0.065881
0.0704965
0.0726194
0.0721214
0.0683435
0.0609874
-0.0671824
-0.0698678
-0.071541
-0.0723074
-0.0724046
-0.0718918
-0.070857
-0.0694223
-0.0677141
-0.0658518
-0.0639429
-0.0620794
-0.0603372
-0.0587762
-0.0574418
-0.0563664
-0.0555717
-0.0550699
-0.0548663
-0.0549595
-0.0553439
-0.0560094
-0.0569431
-0.0581293
-0.0595499
-0.061185
-0.0630128
-0.0650097
-0.0671504
-0.069408
-0.0717536
-0.0741569
-0.0765855
-0.0790051
-0.0813799
-0.0836716
-0.0858406
-0.0878449
-0.089641
-0.0911836
-0.0924257
-0.0933189
-0.0938138
-0.0938598
-0.0934059
-0.092401
-0.0907943
-0.0885363
-0.0855792
-0.0818779
-0.0773913
-0.0720834
-0.065925
-0.0588954
-0.0509852
-0.0421987
-0.0325583
-0.0221093
-0.0109261
0.000879211
0.0131476
0.0256614
0.0381344
0.0502043
0.0614346
0.0713293
0.0793626
0.0850379
0.0880069
0.0880549
0.0844006
0.0766934
-0.0714542
-0.0747077
-0.0766345
-0.0773824
-0.0772765
-0.0764188
-0.0749397
-0.0730033
-0.0707711
-0.0683889
-0.0659834
-0.0636589
-0.0614988
-0.0595661
-0.0579067
-0.0565516
-0.0555196
-0.0548198
-0.0544535
-0.0544158
-0.0546971
-0.055284
-0.0561603
-0.0573071
-0.0587037
-0.0603277
-0.0621549
-0.0641597
-0.0663149
-0.0685918
-0.0709599
-0.0733872
-0.07584
-0.0782827
-0.0806778
-0.082986
-0.085166
-0.0871748
-0.0889672
-0.0904966
-0.0917143
-0.0925704
-0.0930135
-0.0929912
-0.0924504
-0.0913377
-0.0895999
-0.0871847
-0.0840411
-0.0801209
-0.0753791
-0.0697757
-0.0632768
-0.0558564
-0.0474993
-0.0382032
-0.0279828
-0.0168748
-0.00494404
0.00770759
0.0209306
0.0345151
0.0481767
0.0615451
0.0741599
0.0854797
0.0949078
0.101853
0.105862
0.106607
0.103145
0.0950446
-0.0763929
-0.0803601
-0.0825676
-0.0832322
-0.08281
-0.0814696
-0.0794021
-0.0768269
-0.0739483
-0.0709427
-0.0679562
-0.0651048
-0.0624768
-0.0601362
-0.0581269
-0.0564759
-0.0551975
-0.0542956
-0.0537662
-0.0535996
-0.0537814
-0.0542942
-0.0551177
-0.0562299
-0.0576068
-0.0592233
-0.0610528
-0.0630675
-0.0652382
-0.0675342
-0.0699237
-0.0723729
-0.0748467
-0.0773082
-0.0797184
-0.0820367
-0.0842207
-0.0862257
-0.0880053
-0.0895113
-0.0906937
-0.0915008
-0.0918794
-0.0917752
-0.091133
-0.089897
-0.0880113
-0.0854207
-0.0820711
-0.0779105
-0.0728898
-0.0669642
-0.0600945
-0.0522488
-0.0434047
-0.033552
-0.0226961
-0.0108633
0.00189342
0.0154851
0.0297752
0.0445651
0.0595767
0.0744354
0.0886588
0.101658
0.112758
0.121255
0.126568
0.128223
0.125052
0.116502
-0.0822654
-0.087127
-0.0896246
-0.0900901
-0.0891773
-0.0871578
-0.0843077
-0.0809178
-0.077243
-0.0734923
-0.0698302
-0.0663812
-0.0632349
-0.0604526
-0.0580722
-0.0561141
-0.054585
-0.0534817
-0.0527934
-0.0525041
-0.0525939
-0.0530403
-0.0538187
-0.0549033
-0.0562668
-0.0578812
-0.0597172
-0.0617449
-0.0639329
-0.066249
-0.0686594
-0.0711291
-0.0736213
-0.0760979
-0.0785186
-0.0808416
-0.083023
-0.0850169
-0.0867757
-0.0882497
-0.0893874
-0.0901354
-0.0904389
-0.0902417
-0.0894863
-0.0881145
-0.086068
-0.0832882
-0.0797178
-0.0753005
-0.0699829
-0.0637148
-0.0564507
-0.0481517
-0.0387869
-0.0283364
-0.0167944
-0.00417367
0.00948782
0.0241181
0.0395988
0.0557486
0.0723022
0.0888872
0.105004
0.120016
0.133157
0.143595
0.150584
0.153457
0.150732
0.141659
-0.0894631
-0.0954409
-0.0981964
-0.0982599
-0.0965885
-0.0936099
-0.0897162
-0.0852869
-0.0806337
-0.0759971
-0.0715555
-0.0674359
-0.0637234
-0.0604701
-0.0577039
-0.0554342
-0.0536571
-0.0523596
-0.0515224
-0.0511217
-0.0511313
-0.0515227
-0.0522669
-0.0533336
-0.0546922
-0.0563115
-0.0581598
-0.0602048
-0.0624132
-0.064751
-0.0671828
-0.0696722
-0.0721811
-0.07467
-0.0770975
-0.0794205
-0.081594
-0.083571
-0.0853026
-0.0867376
-0.0878232
-0.0885047
-0.0887253
-0.0884272
-0.0875506
-0.0860352
-0.0838198
-0.0808427
-0.0770429
-0.07236
-0.0667355
-0.0601131
-0.0524406
-0.0436706
-0.0337622
-0.0226837
-0.0104151
0.00304759
0.0176861
0.0334513
0.0502501
0.0679277
0.0862423
0.104835
0.123199
0.140654
0.156337
0.169255
0.178455
0.18301
0.180988
0.171309
-0.0985762
-0.10593
-0.108822
-0.108133
-0.10529
-0.100953
-0.0956664
-0.0899137
-0.0840643
-0.078383
-0.0730524
-0.0681915
-0.0638713
-0.0601275
-0.0569708
-0.0543948
-0.0523814
-0.0509053
-0.0499364
-0.049442
-0.0493883
-0.0497408
-0.050465
-0.0515265
-0.0528911
-0.0545245
-0.0563925
-0.0584606
-0.0606936
-0.0630559
-0.0655106
-0.06802
-0.0705448
-0.0730443
-0.0754761
-0.0777961
-0.0799581
-0.0819141
-0.083614
-0.0850056
-0.0860348
-0.0866453
-0.0867792
-0.0863765
-0.0853758
-0.0837143
-0.0813282
-0.0781529
-0.0741233
-0.0691749
-0.0632436
-0.0562669
-0.0481845
-0.0389396
-0.0284799
-0.0167593
-0.00374053
0.0106012
0.0262732
0.0432567
0.061494
0.0808694
0.101181
0.122104
0.143142
0.163586
0.182475
0.198629
0.210828
0.217784
0.216909
0.206562
-0.110525
-0.119527
-0.122245
-0.120198
-0.115549
-0.109287
-0.102145
-0.0947169
-0.0874185
-0.0805216
-0.0741948
-0.0685325
-0.0635779
-0.0593396
-0.0558033
-0.0529409
-0.0507159
-0.0490876
-0.0480134
-0.0474506
-0.047357
-0.0476915
-0.0484143
-0.0494867
-0.0508709
-0.0525299
-0.0544269
-0.0565255
-0.0587888
-0.0611797
-0.0636602
-0.0661913
-0.0687327
-0.0712427
-0.0736782
-0.0759939
-0.078143
-0.0800765
-0.0817434
-0.0830904
-0.0840625
-0.0846021
-0.0846499
-0.0841444
-0.0830226
-0.0812195
-0.0786687
-0.0753026
-0.0710526
-0.0658496
-0.0596241
-0.0523067
-0.0438287
-0.0341229
-0.0231237
-0.0107687
0.00299971
0.018232
0.0349672
0.053226
0.0729985
0.0942258
0.116769
0.140366
0.164569
0.188673
0.21164
0.232083
0.248447
0.258942
0.260014
0.249052
-0.126812
-0.137635
-0.139476
-0.135037
-0.127611
-0.118629
-0.109033
-0.0995067
-0.0904816
-0.0822012
-0.0747889
-0.0682902
-0.0627018
-0.0579912
-0.0541098
-0.0510011
-0.0486062
-0.0468662
-0.0457248
-0.045128
-0.0450252
-0.0453687
-0.0461135
-0.0472167
-0.0486374
-0.0503359
-0.0522735
-0.054412
-0.0567132
-0.0591388
-0.0616497
-0.064206
-0.0667668
-0.0692895
-0.0717304
-0.0740435
-0.0761814
-0.0780943
-0.0797305
-0.0810361
-0.081955
-0.0824289
-0.0823972
-0.0817974
-0.0805647
-0.0786323
-0.0759316
-0.0723924
-0.0679424
-0.0625084
-0.0560152
-0.0483868
-0.0395457
-0.0294135
-0.0179104
-0.00495609
0.00953043
0.0256294
0.0434182
0.0629664
0.0843265
0.107517
0.132494
0.1591
0.186993
0.21554
0.243687
0.269868
0.292123
0.307982
0.312477
0.301329
-0.150022
-0.162406
-0.161851
-0.153257
-0.14159
-0.128804
-0.116007
-0.10391
-0.0928855
-0.0830882
-0.0745482
-0.0672273
-0.0610515
-0.0559312
-0.051773
-0.0484861
-0.0459852
-0.044192
-0.0430351
-0.0424498
-0.0423771
-0.0427633
-0.0435586
-0.0447168
-0.0461943
-0.0479493
-0.0499417
-0.052132
-0.0544809
-0.0569494
-0.0594978
-0.0620856
-0.0646712
-0.0672119
-0.0696633
-0.0719791
-0.0741113
-0.07601
-0.0776228
-0.0788953
-0.079771
-0.0801907
-0.0800932
-0.0794149
-0.0780898
-0.0760498
-0.0732242
-0.0695403
-0.0649231
-0.0592951
-0.0525764
-0.044684
-0.0355321
-0.0250311
-0.0130868
0.000400315
0.015536
0.0324336
0.0512139
0.0720043
0.094934
0.120123
0.147656
0.177538
0.209617
0.243444
0.278083
0.311926
0.342594
0.366762
0.377472
0.367629
-0.184885
-0.197156
-0.190975
-0.175269
-0.157229
-0.139232
-0.12238
-0.107253
-0.0940316
-0.0826798
-0.0730662
-0.0650237
-0.0583798
-0.0529713
-0.0486511
-0.0452899
-0.0427745
-0.0410072
-0.0399026
-0.0393861
-0.039392
-0.0398615
-0.0407415
-0.0419833
-0.0435417
-0.0453736
-0.047438
-0.0496947
-0.0521043
-0.0546271
-0.0572232
-0.059852
-0.0624718
-0.0650396
-0.0675109
-0.0698393
-0.0719768
-0.0738731
-0.0754758
-0.0767302
-0.0775795
-0.0779642
-0.0778225
-0.0770903
-0.0757008
-0.0735846
-0.0706698
-0.0668818
-0.062143
-0.0563725
-0.0494859
-0.0413946
-0.0320049
-0.0212168
-0.00892229
0.00499657
0.0206706
0.0382468
0.0578921
0.0797975
0.10418
0.131281
0.161352
0.194627
0.231245
0.271114
0.313662
0.357498
0.400143
0.437337
0.459594
0.455287
-0.240269
-0.246854
-0.228425
-0.200833
-0.173484
-0.148611
-0.12689
-0.108444
-0.0930335
-0.0802867
-0.0698217
-0.061293
-0.0544035
-0.0489057
-0.0445953
-0.0413049
-0.0388965
-0.0372557
-0.0362865
-0.0359076
-0.0360489
-0.0366488
-0.0376527
-0.039011
-0.0406779
-0.0426104
-0.0447673
-0.0471087
-0.0495951
-0.0521872
-0.0548453
-0.057529
-0.0601968
-0.0628058
-0.0653118
-0.0676686
-0.0698283
-0.0717407
-0.0733535
-0.0746121
-0.0754597
-0.0758368
-0.0756815
-0.0749293
-0.073513
-0.0713626
-0.0684053
-0.0645652
-0.0597628
-0.0539148
-0.0469333
-0.0387251
-0.0291898
-0.018219
-0.00569273
0.00852324
0.0245822
0.0426624
0.0629753
0.0857748
0.11137
0.140134
0.172518
0.20904
0.250252
0.296628
0.348324
0.40476
0.464019
0.521405
0.564961
0.576605
-0.33301
-0.31836
-0.275142
-0.228621
-0.188243
-0.154796
-0.127713
-0.106077
-0.0888712
-0.0751985
-0.0643361
-0.0557216
-0.0489236
-0.0436123
-0.0395344
-0.0364934
-0.0343347
-0.0329346
-0.0321926
-0.0320253
-0.0323621
-0.0331417
-0.0343104
-0.0358195
-0.0376243
-0.0396827
-0.0419546
-0.044401
-0.0469832
-0.0496627
-0.0524004
-0.0551567
-0.0578904
-0.0605595
-0.0631201
-0.0655264
-0.067731
-0.069684
-0.0713337
-0.0726257
-0.0735034
-0.0739076
-0.0737766
-0.0730459
-0.0716485
-0.0695141
-0.0665696
-0.0627383
-0.0579398
-0.0520891
-0.0450963
-0.0368648
-0.02729
-0.0162571
-0.00363759
0.010715
0.0269711
0.0453341
0.0660515
0.0894319
0.115866
0.145859
0.180063
0.219321
0.264703
0.317485
0.379043
0.450524
0.531881
0.619386
0.700958
0.751877
-0.501613
-0.41963
-0.327904
-0.253694
-0.196846
-0.154033
-0.122169
-0.0983868
-0.0804437
-0.0667586
-0.0562361
-0.0481113
-0.0418459
-0.037057
-0.0334671
-0.0308708
-0.029112
-0.0280694
-0.0276463
-0.0277635
-0.0283545
-0.0293621
-0.0307358
-0.0324299
-0.0344023
-0.0366133
-0.0390246
-0.0415988
-0.0442988
-0.0470874
-0.0499266
-0.0527776
-0.0556006
-0.058354
-0.0609947
-0.063478
-0.0657567
-0.0677818
-0.0695021
-0.0708638
-0.0718108
-0.0722845
-0.0722235
-0.0715638
-0.0702387
-0.0681782
-0.0653094
-0.0615554
-0.0568358
-0.0510652
-0.0441527
-0.0360004
-0.0265019
-0.0155393
-0.00297987
0.0113291
0.0275674
0.0459521
0.0667522
0.09031
0.117072
0.147637
0.182822
0.223768
0.272078
0.330006
0.400672
0.488181
0.596487
0.726642
0.877352
1.02572
-0.850629
-0.552996
-0.361286
-0.253396
-0.183274
-0.135606
-0.103271
-0.0808386
-0.064744
-0.052891
-0.0440129
-0.0373032
-0.0322335
-0.0284491
-0.025704
-0.0238212
-0.0226691
-0.0221463
-0.022172
-0.0226798
-0.0236138
-0.0249248
-0.0265691
-0.0285066
-0.0306996
-0.033112
-0.0357087
-0.038455
-0.0413161
-0.0442565
-0.0472401
-0.0502296
-0.0531865
-0.0560704
-0.0588395
-0.0614497
-0.0638552
-0.0660077
-0.0678569
-0.0693498
-0.0704311
-0.0710429
-0.0711247
-0.0706131
-0.0694421
-0.0675426
-0.0648422
-0.0612651
-0.0567313
-0.0511565
-0.0444505
-0.0365166
-0.0272493
-0.0165322
-0.00423418
0.0097955
0.0257342
0.043796
0.0642468
0.0874265
0.113783
0.143924
0.178706
0.219376
0.267817
0.326978
0.401663
0.499728
0.632376
0.816572
1.09967
1.50767
-1.48533
-0.683425
-0.32417
-0.193715
-0.128189
-0.0889097
-0.0651206
-0.0500042
-0.039648
-0.0321656
-0.0266114
-0.0224527
-0.0193678
-0.017152
-0.0156666
-0.0148116
-0.0145106
-0.0147025
-0.0153364
-0.0163682
-0.0177587
-0.0194722
-0.021475
-0.0237352
-0.0262216
-0.0289037
-0.0317506
-0.0347314
-0.0378143
-0.0409668
-0.044155
-0.0473436
-0.050496
-0.0535736
-0.0565358
-0.0593403
-0.0619422
-0.0642947
-0.0663484
-0.0680516
-0.0693499
-0.0701864
-0.0705016
-0.0702336
-0.069317
-0.0676839
-0.0652633
-0.0619808
-0.0577582
-0.0525131
-0.046158
-0.0385995
-0.0297363
-0.0194576
-0.00763998
0.00585677
0.0211954
0.0385695
0.0582154
0.0804301
0.105598
0.134235
0.167058
0.205114
0.250017
0.304449
0.373319
0.466393
0.603465
0.832744
1.31078
2.23471
)
;

boundaryField
{
    movingWall
    {
        type            zeroGradient;
    }
    fixedWalls
    {
        type            zeroGradient;
    }
    frontAndBack
    {
        type            empty;
    }
}


// ************************************************************************* //
