/*--------------------------------*- C++ -*----------------------------------*\
  =========                 |
  \\      /  F ield         | OpenFOAM: The Open Source CFD Toolbox
   \\    /   O peration     | Website:  https://openfoam.org
    \\  /    A nd           | Version:  dev
     \\/     M anipulation  |
\*---------------------------------------------------------------------------*/
FoamFile
{
    format      ascii;
    class       volScalarField;
    location    "18.9";
    object      Ux;
}
// * * * * * * * * * * * * * * * * * * * * * * * * * * * * * * * * * * * * * //

dimensions      [0 1 -1 0 0 0 0];

internalField   nonuniform List<scalar> 
5184
(
1.2279e-05
4.50502e-05
8.01696e-05
9.57681e-05
8.18902e-05
3.61725e-05
-4.08244e-05
-0.000147079
-0.000279808
-0.000435958
-0.000612413
-0.000806143
-0.00101428
-0.00123416
-0.00146334
-0.00169954
-0.00194071
-0.00218493
-0.00243042
-0.0026755
-0.00291856
-0.00315804
-0.00339242
-0.00362018
-0.00383979
-0.0040497
-0.00424838
-0.00443425
-0.00460572
-0.00476124
-0.00489922
-0.00501817
-0.00511661
-0.00519318
-0.00524661
-0.0052758
-0.00527979
-0.00525786
-0.00520952
-0.00513452
-0.00503295
-0.00490516
-0.00475186
-0.00457411
-0.00437331
-0.0041512
-0.00390988
-0.00365178
-0.00337961
-0.00309637
-0.0028053
-0.00250982
-0.00221349
-0.00191997
-0.00163291
-0.00135597
-0.00109266
-0.00084637
-0.000620226
-0.000417084
-0.000239439
-8.93662e-05
3.15449e-05
0.00012228
0.000182504
0.000212718
0.000214503
0.000190903
0.000146938
9.06887e-05
3.66008e-05
6.22865e-06
2.08018e-05
6.54787e-05
9.44619e-05
7.24573e-05
-1.93269e-05
-0.000187685
-0.000433185
-0.000752606
-0.00114041
-0.00158983
-0.00209352
-0.00264404
-0.00323409
-0.00385669
-0.00450523
-0.00517354
-0.0058558
-0.0065466
-0.00724079
-0.00793351
-0.00862005
-0.00929587
-0.0099565
-0.0105975
-0.0112145
-0.0118032
-0.012359
-0.0128775
-0.0133545
-0.0137856
-0.0141665
-0.0144932
-0.0147616
-0.0149684
-0.0151101
-0.0151839
-0.0151874
-0.015119
-0.0149774
-0.0147624
-0.0144742
-0.014114
-0.0136842
-0.0131875
-0.0126281
-0.0120106
-0.011341
-0.0106258
-0.00987231
-0.00908869
-0.00828362
-0.00746625
-0.00664612
-0.00583293
-0.00503647
-0.00426639
-0.00353205
-0.00284238
-0.00220563
-0.00162929
-0.00111983
-0.000682537
-0.000321328
-3.84889e-05
0.000165606
0.000292872
0.000348044
0.000339373
0.000279332
0.000185748
8.62573e-05
1.96647e-05
1.76006e-05
4.12006e-05
1.93621e-05
-8.42994e-05
-0.00029052
-0.000608023
-0.00103806
-0.00157681
-0.00221711
-0.0029498
-0.00376459
-0.0046508
-0.00559771
-0.00659487
-0.00763223
-0.00870025
-0.00978986
-0.0108925
-0.0119999
-0.0131042
-0.014198
-0.0152738
-0.0163244
-0.0173427
-0.0183215
-0.019254
-0.020133
-0.0209516
-0.021703
-0.0223804
-0.0229772
-0.0234871
-0.0239042
-0.0242232
-0.024439
-0.0245474
-0.0245451
-0.0244296
-0.0241993
-0.0238539
-0.0233943
-0.0228226
-0.0221422
-0.0213581
-0.0204763
-0.0195046
-0.0184518
-0.0173282
-0.016145
-0.0149149
-0.0136509
-0.0123672
-0.0110782
-0.00979885
-0.00854392
-0.00732813
-0.0061657
-0.00507015
-0.00405401
-0.00312855
-0.0023035
-0.00158674
-0.000984009
-0.000498546
-0.000130672
0.000122675
0.000268573
0.000318839
0.000290576
0.00020698
0.000102277
2.49441e-05
8.80998e-06
-7.10512e-06
-0.000107721
-0.000322465
-0.000669531
-0.0011573
-0.0017865
-0.00255239
-0.0034464
-0.00445753
-0.00557332
-0.00678055
-0.00806585
-0.00941597
-0.010818
-0.0122596
-0.0137288
-0.0152143
-0.016705
-0.0181906
-0.0196607
-0.0211054
-0.0225151
-0.0238799
-0.0251905
-0.0264373
-0.0276111
-0.0287025
-0.0297024
-0.0306021
-0.0313929
-0.0320666
-0.0326157
-0.0330331
-0.0333126
-0.033449
-0.033438
-0.0332766
-0.0329632
-0.0324975
-0.0318808
-0.0311163
-0.0302085
-0.0291641
-0.0279912
-0.0266999
-0.0253018
-0.0238103
-0.0222401
-0.0206073
-0.0189291
-0.0172237
-0.0155098
-0.0138066
-0.0121331
-0.0105084
-0.00895076
-0.00747761
-0.00610508
-0.00484764
-0.00371779
-0.00272562
-0.00187847
-0.00118047
-0.000632097
-0.000229663
3.52889e-05
0.000176623
0.00021403
0.000173633
9.28274e-05
2.39862e-05
-2.14658e-06
-6.73326e-05
-0.000264092
-0.00060956
-0.00111619
-0.00179018
-0.00263052
-0.00363084
-0.00478103
-0.00606837
-0.00747853
-0.00899629
-0.0106061
-0.0122923
-0.0140398
-0.0158336
-0.0176595
-0.0195036
-0.0213526
-0.0231935
-0.0250138
-0.0268012
-0.0285435
-0.0302289
-0.0318457
-0.0333821
-0.0348268
-0.0361684
-0.0373959
-0.0384985
-0.0394659
-0.0402883
-0.0409566
-0.0414625
-0.0417988
-0.0419593
-0.0419391
-0.0417349
-0.0413449
-0.040769
-0.0400092
-0.0390692
-0.0379549
-0.0366743
-0.0352373
-0.0336561
-0.0319447
-0.0301191
-0.028197
-0.0261975
-0.0241414
-0.0220501
-0.0199461
-0.0178522
-0.0157912
-0.0137858
-0.0118577
-0.0100278
-0.00831538
-0.00673766
-0.0053096
-0.00404335
-0.00294775
-0.00202796
-0.00128493
-0.000714916
-0.000308942
-5.22707e-05
7.59386e-05
0.000103143
6.7306e-05
1.96228e-05
-1.37048e-05
-0.000132803
-0.000435605
-0.000924042
-0.00160272
-0.00247418
-0.00353458
-0.00477523
-0.00618405
-0.00774652
-0.00944654
-0.0112671
-0.0131906
-0.0151997
-0.017277
-0.0194058
-0.0215694
-0.0237521
-0.0259383
-0.0281129
-0.0302613
-0.0323691
-0.0344221
-0.0364063
-0.038308
-0.0401137
-0.0418099
-0.0433834
-0.0448216
-0.046112
-0.0472426
-0.0482025
-0.0489811
-0.0495691
-0.0499583
-0.0501417
-0.0501141
-0.0498717
-0.0494128
-0.0487374
-0.0478479
-0.0467488
-0.045447
-0.0439516
-0.0422742
-0.0404286
-0.0384309
-0.0362994
-0.0340543
-0.0317174
-0.0293123
-0.0268635
-0.0243965
-0.0219375
-0.0195123
-0.017147
-0.0148664
-0.0126943
-0.0106528
-0.0087619
-0.00703873
-0.0054974
-0.0041484
-0.00299808
-0.00204823
-0.00129561
-0.000731449
-0.000341059
-0.000103518
8.76183e-06
3.23173e-05
1.35813e-05
-2.51804e-05
-0.000199891
-0.000613615
-0.00125185
-0.00211012
-0.00318627
-0.00447273
-0.00595778
-0.00762696
-0.00946371
-0.0114501
-0.0135673
-0.0157961
-0.0181174
-0.020512
-0.0229614
-0.0254472
-0.0279517
-0.0304575
-0.0329478
-0.0354059
-0.0378156
-0.0401609
-0.042426
-0.0445954
-0.0466537
-0.0485858
-0.0503771
-0.052013
-0.0534798
-0.0547643
-0.0558539
-0.0567373
-0.0574041
-0.0578451
-0.058053
-0.0580218
-0.0577476
-0.0572285
-0.0564648
-0.0554591
-0.0542166
-0.0527448
-0.051054
-0.049157
-0.0470691
-0.0448081
-0.0423942
-0.0398498
-0.0371989
-0.0344677
-0.0316833
-0.0288741
-0.0260688
-0.0232964
-0.0205857
-0.0179646
-0.0154595
-0.0130953
-0.0108943
-0.008876
-0.00705662
-0.00544834
-0.00405901
-0.00289164
-0.00194396
-0.00120805
-0.000670003
-0.000309635
-0.000100163
-7.86105e-06
6.82663e-06
-3.63164e-05
-0.000266716
-0.00079301
-0.00158407
-0.00262574
-0.00391047
-0.00542629
-0.00715793
-0.00908808
-0.0111979
-0.0134675
-0.0158762
-0.0184033
-0.0210278
-0.0237293
-0.0264874
-0.0292824
-0.0320948
-0.0349057
-0.0376965
-0.0404491
-0.0431455
-0.0457681
-0.0482995
-0.0507226
-0.0530205
-0.0551766
-0.0571747
-0.0589991
-0.0606345
-0.0620666
-0.0632818
-0.0642675
-0.0650127
-0.0655073
-0.0657434
-0.0657145
-0.0654165
-0.0648472
-0.0640071
-0.0628988
-0.0615281
-0.059903
-0.0580345
-0.0559366
-0.0536257
-0.0511211
-0.0484445
-0.0456201
-0.0426741
-0.0396347
-0.0365314
-0.0333949
-0.0302569
-0.0271488
-0.0241021
-0.0211474
-0.0183139
-0.0156291
-0.0131178
-0.0108018
-0.00869959
-0.00682523
-0.00518841
-0.00379372
-0.00264034
-0.0017217
-0.00102528
-0.000532286
-0.000217399
-5.0565e-05
-1.1129e-07
-4.70184e-05
-0.000332302
-0.000970803
-0.0019151
-0.00314119
-0.00463573
-0.00638193
-0.00836051
-0.010551
-0.012932
-0.0154814
-0.0181769
-0.0209959
-0.0239161
-0.0269155
-0.0299723
-0.0330655
-0.0361741
-0.0392779
-0.0423568
-0.0453912
-0.0483619
-0.0512497
-0.0540359
-0.0567019
-0.0592295
-0.0616007
-0.0637981
-0.0658046
-0.067604
-0.0691807
-0.07052
-0.0716086
-0.0724344
-0.0729868
-0.0732571
-0.0732384
-0.0729261
-0.0723179
-0.0714139
-0.0702171
-0.0687332
-0.0669708
-0.0649415
-0.0626598
-0.0601431
-0.0574119
-0.0544893
-0.0514009
-0.0481747
-0.0448408
-0.0414309
-0.0379781
-0.0345161
-0.0310791
-0.0277013
-0.0244159
-0.0212548
-0.0182481
-0.0154233
-0.0128047
-0.010413
-0.00826476
-0.00637165
-0.00474028
-0.00337166
-0.00226106
-0.00139778
-0.000764909
-0.00033905
-9.42381e-05
-6.9628e-06
-5.72753e-05
-0.00039617
-0.00114527
-0.00224142
-0.00365091
-0.00535444
-0.00733009
-0.00955434
-0.0120033
-0.0146527
-0.0174783
-0.0204557
-0.0235608
-0.0267697
-0.0300591
-0.0334059
-0.0367879
-0.0401828
-0.0435692
-0.0469258
-0.0502318
-0.0534667
-0.0566101
-0.0596421
-0.0625428
-0.0652929
-0.0678732
-0.0702651
-0.0724504
-0.0744118
-0.0761327
-0.0775976
-0.0787922
-0.0797034
-0.0803201
-0.0806327
-0.0806338
-0.0803183
-0.0796835
-0.0787294
-0.0774586
-0.0758769
-0.073993
-0.0718188
-0.0693693
-0.0666626
-0.06372
-0.0605657
-0.0572266
-0.0537322
-0.0501144
-0.0464067
-0.0426444
-0.0388636
-0.035101
-0.0313933
-0.0277764
-0.0242851
-0.0209522
-0.017808
-0.0148795
-0.0121902
-0.00975915
-0.00760042
-0.00572298
-0.00413012
-0.00281929
-0.00178204
-0.00100364
-0.000462906
-0.000138065
-1.36124e-05
-6.71046e-05
-0.000458095
-0.0013154
-0.00256083
-0.00415121
-0.00606126
-0.00826388
-0.0107311
-0.0134353
-0.0163495
-0.019447
-0.0227012
-0.0260866
-0.0295777
-0.0331499
-0.036779
-0.0404414
-0.0441141
-0.0477745
-0.0514002
-0.0549693
-0.0584603
-0.0618519
-0.0651229
-0.0682525
-0.0712202
-0.0740059
-0.0765899
-0.0789532
-0.0810772
-0.0829446
-0.0845388
-0.0858447
-0.0868484
-0.0875378
-0.0879028
-0.0879352
-0.0876293
-0.0869817
-0.0859919
-0.0846625
-0.0829987
-0.0810091
-0.0787058
-0.076104
-0.073222
-0.0700819
-0.0667086
-0.0631302
-0.0593774
-0.0554836
-0.0514843
-0.0474166
-0.0433192
-0.039231
-0.0351915
-0.0312394
-0.0274124
-0.0237463
-0.0202745
-0.017027
-0.0140302
-0.011306
-0.00887149
-0.0067382
-0.00491207
-0.00339311
-0.0021754
-0.00124664
-0.000587959
-0.000181721
-2.00339e-05
-7.65301e-05
-0.000517976
-0.0014806
-0.00287189
-0.00463954
-0.00675242
-0.00917819
-0.0118844
-0.0148397
-0.0180142
-0.0213784
-0.0249041
-0.0285638
-0.0323306
-0.0361787
-0.0400829
-0.0440185
-0.0479614
-0.0518882
-0.0557757
-0.0596011
-0.0633418
-0.0669757
-0.0704808
-0.0738353
-0.0770179
-0.0800075
-0.0827835
-0.0853259
-0.0876153
-0.0896335
-0.091363
-0.0927876
-0.0938928
-0.0946656
-0.0950948
-0.0951716
-0.0948894
-0.0942441
-0.0932345
-0.0918625
-0.090133
-0.0880542
-0.0856377
-0.0828987
-0.0798558
-0.0765313
-0.0729508
-0.069143
-0.0651399
-0.0609764
-0.0566895
-0.0523184
-0.047904
-0.0434879
-0.0391122
-0.0348187
-0.0306481
-0.0266396
-0.0228298
-0.0192521
-0.0159362
-0.0129074
-0.0101857
-0.00778605
-0.00571717
-0.00398197
-0.00257733
-0.00149354
-0.000714054
-0.000225207
-2.62536e-05
-8.55731e-05
-0.000575759
-0.00164051
-0.00317363
-0.0051141
-0.0074251
-0.0100691
-0.0130092
-0.0162105
-0.0196397
-0.0232651
-0.0270562
-0.0309839
-0.03502
-0.0391373
-0.0433097
-0.0475115
-0.0517179
-0.0559045
-0.0600475
-0.0641233
-0.0681086
-0.0719805
-0.0757163
-0.0792934
-0.0826897
-0.0858833
-0.0888528
-0.0915774
-0.094037
-0.0962121
-0.0980846
-0.0996374
-0.100855
-0.101723
-0.10223
-0.102366
-0.102123
-0.101497
-0.100484
-0.0990871
-0.097309
-0.0951578
-0.0926445
-0.0897839
-0.0865946
-0.0830986
-0.079322
-0.0752942
-0.0710482
-0.0666198
-0.0620481
-0.057374
-0.0526406
-0.0478924
-0.0431741
-0.0385309
-0.0340068
-0.0296446
-0.0254844
-0.0215635
-0.0179153
-0.0145686
-0.0115473
-0.00886961
-0.00654764
-0.00458744
-0.00298891
-0.00174505
-0.000841643
-0.000268746
-3.23304e-05
-9.42491e-05
-0.000631411
-0.00179483
-0.00346532
-0.0055735
-0.00807708
-0.0109336
-0.0141016
-0.0175426
-0.0212203
-0.0251003
-0.0291503
-0.0333394
-0.0376379
-0.0420177
-0.0464515
-0.0509129
-0.0553763
-0.0598168
-0.0642097
-0.068531
-0.0727567
-0.0768634
-0.0808276
-0.0846262
-0.0882363
-0.0916355
-0.0948016
-0.097713
-0.100349
-0.102688
-0.104713
-0.106405
-0.107747
-0.108725
-0.109325
-0.109536
-0.10935
-0.10876
-0.107763
-0.106358
-0.10455
-0.102345
-0.0997517
-0.0967857
-0.0934646
-0.0898104
-0.0858491
-0.0816105
-0.0771284
-0.0724399
-0.0675852
-0.0626074
-0.057552
-0.052466
-0.0473974
-0.0423945
-0.0375053
-0.0327762
-0.0282515
-0.0239726
-0.0199771
-0.016298
-0.012963
-0.00999428
-0.00740767
-0.00521269
-0.00341242
-0.00200271
-0.000971603
-0.000312708
-3.83422e-05
-0.000102566
-0.000684888
-0.00194333
-0.00374632
-0.00601655
-0.00870648
-0.0117688
-0.0151579
-0.0188316
-0.0227506
-0.0268782
-0.0311799
-0.035623
-0.0401769
-0.044812
-0.0495004
-0.0542148
-0.0589291
-0.0636177
-0.0682554
-0.0728178
-0.0772804
-0.0816193
-0.0858104
-0.0898303
-0.0936555
-0.0972629
-0.10063
-0.103733
-0.106553
-0.109066
-0.111254
-0.113097
-0.114577
-0.11568
-0.116389
-0.116693
-0.116581
-0.116047
-0.115085
-0.113693
-0.111874
-0.109633
-0.106979
-0.103925
-0.100488
-0.0966892
-0.0925552
-0.0881156
-0.0834046
-0.0784603
-0.0733245
-0.0680422
-0.062661
-0.0572308
-0.051803
-0.0464294
-0.041162
-0.0360514
-0.0311466
-0.0264933
-0.0221339
-0.0181058
-0.0144415
-0.0111672
-0.00830301
-0.00586209
-0.00385103
-0.0022686
-0.00110512
-0.000357567
-4.43795e-05
-0.000110525
-0.00073613
-0.00208575
-0.00401604
-0.00644216
-0.0093116
-0.0125725
-0.016175
-0.0200736
-0.024226
-0.0285931
-0.0331385
-0.037828
-0.0426295
-0.0475126
-0.0524484
-0.0574092
-0.062368
-0.067299
-0.0721767
-0.076976
-0.0816723
-0.0862412
-0.0906584
-0.0949
-0.0989419
-0.102761
-0.106333
-0.109636
-0.112646
-0.115343
-0.117706
-0.119713
-0.121347
-0.122589
-0.123425
-0.12384
-0.123823
-0.123365
-0.122459
-0.121101
-0.119293
-0.117037
-0.114341
-0.111217
-0.10768
-0.103753
-0.0994592
-0.0948292
-0.0898973
-0.0847026
-0.0792879
-0.0737002
-0.0679895
-0.0622085
-0.056412
-0.0506559
-0.0449963
-0.0394885
-0.0341864
-0.0291408
-0.0243991
-0.0200041
-0.015993
-0.012397
-0.00924049
-0.00654094
-0.00430857
-0.00254526
-0.00124358
-0.000403865
-5.05397e-05
-0.00011812
-0.000785058
-0.00222181
-0.00427386
-0.00684924
-0.00989074
-0.0133421
-0.0171497
-0.0212646
-0.0256417
-0.0302397
-0.0350202
-0.0399475
-0.0449885
-0.0501116
-0.0552873
-0.0604873
-0.0656842
-0.0708518
-0.0759643
-0.0809964
-0.0859232
-0.0907201
-0.0953626
-0.0998264
-0.104087
-0.108121
-0.111904
-0.115412
-0.118623
-0.121514
-0.124063
-0.126248
-0.128051
-0.129451
-0.130432
-0.130978
-0.131076
-0.130715
-0.129887
-0.128586
-0.12681
-0.12456
-0.121844
-0.11867
-0.115054
-0.111014
-0.106575
-0.101767
-0.0966235
-0.0911847
-0.0854944
-0.0796013
-0.0735579
-0.0674197
-0.0612452
-0.0550944
-0.0490279
-0.0431063
-0.0373886
-0.0319314
-0.0267877
-0.0220059
-0.0176289
-0.0136931
-0.0102278
-0.00725518
-0.00478933
-0.00283548
-0.00138854
-0.00045219
-5.69252e-05
-0.000125337
-0.000831568
-0.00235119
-0.00451911
-0.00723667
-0.0104422
-0.0140755
-0.018079
-0.0224007
-0.0269931
-0.0318124
-0.0368187
-0.0419747
-0.0472461
-0.0526008
-0.0580083
-0.0634398
-0.0688679
-0.0742658
-0.0796077
-0.0848682
-0.0900221
-0.0950449
-0.0999117
-0.104598
-0.10908
-0.113332
-0.117331
-0.121052
-0.124472
-0.127567
-0.130315
-0.132692
-0.134679
-0.136254
-0.137399
-0.138097
-0.138332
-0.138091
-0.137363
-0.136142
-0.134422
-0.132203
-0.129489
-0.126288
-0.122611
-0.118478
-0.113911
-0.108939
-0.103595
-0.0979205
-0.0919596
-0.0857626
-0.0793843
-0.0728835
-0.066322
-0.0597644
-0.0532764
-0.0469237
-0.0407713
-0.034882
-0.029315
-0.0241251
-0.0193612
-0.0150656
-0.0112733
-0.00801122
-0.00529797
-0.0031423
-0.00154165
-0.000503163
-6.36408e-05
-0.00013216
-0.000875534
-0.00247351
-0.00475106
-0.00760326
-0.0109643
-0.0147701
-0.0189598
-0.0234783
-0.0282756
-0.033306
-0.0385278
-0.0439026
-0.0493948
-0.0549716
-0.0606021
-0.066257
-0.0719086
-0.0775301
-0.0830954
-0.0885792
-0.0939563
-0.0992021
-0.104292
-0.109201
-0.113905
-0.118379
-0.122598
-0.126539
-0.130176
-0.133486
-0.136444
-0.139028
-0.141215
-0.142983
-0.144311
-0.145181
-0.145575
-0.145477
-0.144875
-0.143758
-0.14212
-0.139957
-0.13727
-0.134065
-0.130351
-0.126145
-0.121469
-0.116349
-0.110819
-0.104919
-0.0986948
-0.0921973
-0.0854839
-0.0786162
-0.07166
-0.0646844
-0.0577601
-0.050959
-0.0443523
-0.0380096
-0.0319969
-0.0263759
-0.0212024
-0.0165253
-0.0123856
-0.00881579
-0.00583933
-0.00346889
-0.00170462
-0.000557426
-7.07933e-05
-0.000138566
-0.000916815
-0.00258838
-0.00496895
-0.00794776
-0.0114552
-0.0154236
-0.0197889
-0.0244933
-0.0294845
-0.0347149
-0.0401413
-0.0457239
-0.0514264
-0.0572153
-0.0630591
-0.0689283
-0.0747951
-0.0806324
-0.0864144
-0.0921156
-0.0977113
-0.103177
-0.108487
-0.113618
-0.118545
-0.123242
-0.127687
-0.131852
-0.135715
-0.139249
-0.14243
-0.145233
-0.147636
-0.149613
-0.151144
-0.152207
-0.152782
-0.152852
-0.1524
-0.151414
-0.149884
-0.147803
-0.14517
-0.141987
-0.138262
-0.134007
-0.129243
-0.123995
-0.118296
-0.112184
-0.105706
-0.0989142
-0.0918676
-0.0846311
-0.0772741
-0.0698702
-0.0624961
-0.0552296
-0.0481489
-0.0413307
-0.0348489
-0.0287726
-0.0231652
-0.018083
-0.0135737
-0.00967582
-0.00641843
-0.00381849
-0.00187922
-0.000615635
-7.84904e-05
-0.000144531
-0.000955253
-0.00269535
-0.00517195
-0.00826887
-0.011913
-0.0160334
-0.0205631
-0.0254418
-0.0306151
-0.0360335
-0.0416525
-0.0474313
-0.0533328
-0.0593226
-0.0653692
-0.0714427
-0.0775151
-0.0835596
-0.0895505
-0.0954624
-0.101271
-0.106951
-0.112478
-0.117829
-0.122978
-0.127901
-0.132573
-0.136969
-0.141062
-0.144829
-0.148243
-0.151279
-0.153912
-0.156116
-0.157868
-0.159145
-0.159924
-0.160184
-0.159908
-0.15908
-0.157685
-0.155716
-0.153165
-0.150033
-0.146323
-0.142047
-0.137221
-0.131867
-0.126018
-0.119712
-0.112993
-0.105916
-0.098542
-0.0909372
-0.0831755
-0.0753354
-0.067499
-0.059751
-0.0521769
-0.0448612
-0.037886
-0.0313291
-0.0252622
-0.0197495
-0.0148464
-0.0105983
-0.00704034
-0.00419443
-0.00206725
-0.000678452
-8.68402e-05
-0.000150026
-0.000990677
-0.00279399
-0.00535921
-0.00856526
-0.0123359
-0.0165971
-0.0212793
-0.0263199
-0.0316625
-0.0372562
-0.0430551
-0.0490174
-0.0551054
-0.0612842
-0.0675218
-0.0737884
-0.080056
-0.086298
-0.0924886
-0.098603
-0.104617
-0.110506
-0.116246
-0.121813
-0.127183
-0.13233
-0.137231
-0.141859
-0.14619
-0.150196
-0.153852
-0.157132
-0.160008
-0.162454
-0.164446
-0.165956
-0.16696
-0.167436
-0.167362
-0.166718
-0.165488
-0.163659
-0.161221
-0.158171
-0.154508
-0.150239
-0.145378
-0.139946
-0.133972
-0.127491
-0.120549
-0.113201
-0.105507
-0.0975386
-0.0893716
-0.0810897
-0.0727808
-0.0645367
-0.0564505
-0.0486155
-0.0411227
-0.0340591
-0.0275056
-0.0215355
-0.0162126
-0.0115902
-0.00771018
-0.00460002
-0.0022705
-0.000746547
-9.59516e-05
-0.000155021
-0.00102292
-0.00288381
-0.00552987
-0.00883558
-0.0127218
-0.017112
-0.0219341
-0.0271234
-0.0326219
-0.0383773
-0.0443424
-0.0504747
-0.0567356
-0.0630902
-0.0695061
-0.0759535
-0.0824045
-0.0888326
-0.0952125
-0.10152
-0.10773
-0.113821
-0.119767
-0.125545
-0.131131
-0.136501
-0.14163
-0.146492
-0.151062
-0.155313
-0.159218
-0.162751
-0.165882
-0.168585
-0.170831
-0.172594
-0.173845
-0.17456
-0.174713
-0.174281
-0.173245
-0.171588
-0.169295
-0.166359
-0.162775
-0.158547
-0.153684
-0.148204
-0.142131
-0.135502
-0.12836
-0.120757
-0.112758
-0.104434
-0.0958644
-0.0871384
-0.0783496
-0.0695969
-0.0609817
-0.0526064
-0.0445718
-0.0369749
-0.029907
-0.0234514
-0.0176812
-0.0126585
-0.00843301
-0.00503861
-0.0024908
-0.00082059
-0.000105934
-0.000159487
-0.00105179
-0.00296437
-0.00568306
-0.00907849
-0.0130691
-0.0175757
-0.0225244
-0.0278487
-0.0334888
-0.0393912
-0.0455079
-0.0517955
-0.058215
-0.064731
-0.0713111
-0.0779256
-0.0845467
-0.0911483
-0.0977055
-0.104194
-0.110591
-0.116873
-0.123016
-0.128998
-0.134795
-0.140383
-0.145737
-0.150832
-0.155642
-0.16014
-0.164299
-0.168091
-0.171487
-0.174458
-0.176974
-0.179006
-0.180524
-0.181499
-0.181904
-0.181713
-0.180901
-0.179446
-0.177332
-0.174545
-0.171076
-0.166924
-0.162095
-0.156601
-0.150464
-0.143716
-0.1364
-0.128567
-0.12028
-0.111613
-0.10265
-0.0934818
-0.0842093
-0.0749385
-0.0657796
-0.0568445
-0.0482446
-0.0400881
-0.0324774
-0.0255069
-0.0192604
-0.0138099
-0.00921381
-0.00551348
-0.00272994
-0.000901254
-0.000116899
-0.000163395
-0.00107714
-0.00303521
-0.00581799
-0.00929274
-0.0133757
-0.0179859
-0.0230473
-0.0284918
-0.0342584
-0.0402926
-0.0465452
-0.0529725
-0.0595349
-0.0661968
-0.0729258
-0.0796923
-0.0864688
-0.0932296
-0.0999502
-0.106607
-0.113178
-0.119639
-0.125969
-0.132145
-0.138144
-0.143942
-0.149516
-0.154839
-0.159887
-0.164632
-0.169047
-0.173103
-0.17677
-0.180018
-0.182816
-0.185131
-0.186934
-0.188191
-0.188872
-0.188947
-0.188388
-0.187169
-0.185268
-0.182666
-0.17935
-0.175314
-0.170557
-0.165088
-0.158924
-0.152094
-0.144636
-0.136601
-0.128052
-0.119062
-0.109717
-0.100114
-0.0903586
-0.0805641
-0.0708496
-0.0613375
-0.0521504
-0.0434085
-0.0352265
-0.0277112
-0.0209583
-0.0150509
-0.0100575
-0.00602789
-0.00298971
-0.000989212
-0.000128958
-0.000166718
-0.00109881
-0.00309592
-0.00593389
-0.00947716
-0.0136402
-0.0183403
-0.0234998
-0.0290493
-0.0349267
-0.0410763
-0.0474484
-0.0539987
-0.0606872
-0.0674783
-0.0743395
-0.0812414
-0.0881569
-0.0950607
-0.101929
-0.108739
-0.115468
-0.122096
-0.128599
-0.134957
-0.141146
-0.147145
-0.152929
-0.158473
-0.163753
-0.168742
-0.173411
-0.177731
-0.181673
-0.185204
-0.188292
-0.190904
-0.193006
-0.194564
-0.195543
-0.19591
-0.195633
-0.194681
-0.193028
-0.190649
-0.187526
-0.183647
-0.179005
-0.173604
-0.167456
-0.160584
-0.153024
-0.144823
-0.136041
-0.126754
-0.117047
-0.107023
-0.0967902
-0.0864711
-0.0761934
-0.0660901
-0.0562959
-0.046944
-0.0381628
-0.0300725
-0.0227823
-0.0163876
-0.0109687
-0.00658501
-0.00327189
-0.00108514
-0.000142223
-0.000169431
-0.00111665
-0.00314614
-0.0060301
-0.00963074
-0.0138611
-0.018637
-0.0238795
-0.0295181
-0.0354897
-0.0417377
-0.048212
-0.0548675
-0.0616642
-0.0685663
-0.0755416
-0.0825608
-0.0895972
-0.096626
-0.103624
-0.11057
-0.117441
-0.124217
-0.130878
-0.137402
-0.143768
-0.149953
-0.155936
-0.161691
-0.167194
-0.172419
-0.177337
-0.181919
-0.186134
-0.189951
-0.193335
-0.196252
-0.198666
-0.200539
-0.201836
-0.202518
-0.20255
-0.201897
-0.200526
-0.198409
-0.195521
-0.191843
-0.187363
-0.182077
-0.175992
-0.169126
-0.161508
-0.153182
-0.144206
-0.134654
-0.124614
-0.114187
-0.10349
-0.0926512
-0.0818075
-0.0711029
-0.0606849
-0.0507006
-0.0412932
-0.032598
-0.024739
-0.0178259
-0.011952
-0.00718793
-0.00357821
-0.00118969
-0.000156811
-0.000171514
-0.00113055
-0.00318559
-0.0061061
-0.00975264
-0.0140371
-0.0188744
-0.0241844
-0.0298956
-0.0359441
-0.0422728
-0.0488309
-0.0555729
-0.0624589
-0.0694527
-0.0765225
-0.0836392
-0.0907767
-0.0979107
-0.105019
-0.11208
-0.119074
-0.12598
-0.132779
-0.139451
-0.145976
-0.152331
-0.158497
-0.164448
-0.170161
-0.17561
-0.180768
-0.185605
-0.19009
-0.19419
-0.197872
-0.201098
-0.203831
-0.206033
-0.207663
-0.208681
-0.209048
-0.208723
-0.20767
-0.205853
-0.203241
-0.19981
-0.19554
-0.190421
-0.184452
-0.177643
-0.170019
-0.161619
-0.152495
-0.142719
-0.132379
-0.121578
-0.110437
-0.0990899
-0.0876833
-0.0763723
-0.0653176
-0.0546813
-0.0446226
-0.0352934
-0.0268343
-0.019371
-0.0130115
-0.00783961
-0.00391037
-0.00130355
-0.000172838
-0.000172953
-0.00114045
-0.00321407
-0.00616152
-0.00984229
-0.0141676
-0.0190513
-0.0244128
-0.0301798
-0.0362875
-0.0426783
-0.049301
-0.05611
-0.063065
-0.07013
-0.0772733
-0.0844662
-0.0916831
-0.0989006
-0.106097
-0.113252
-0.120345
-0.12736
-0.134275
-0.141074
-0.147736
-0.154242
-0.16057
-0.166699
-0.172605
-0.178264
-0.183647
-0.188727
-0.193472
-0.19785
-0.201825
-0.205361
-0.208418
-0.210956
-0.212933
-0.214305
-0.215028
-0.215059
-0.214355
-0.212876
-0.210584
-0.207447
-0.203439
-0.198541
-0.192744
-0.186051
-0.178479
-0.17006
-0.160842
-0.150891
-0.140295
-0.129157
-0.1176
-0.105765
-0.0938056
-0.0818893
-0.0701902
-0.0588861
-0.0481537
-0.0381631
-0.0290732
-0.0210275
-0.0141511
-0.00854285
-0.00427003
-0.00142736
-0.000190424
-0.000173738
-0.00114629
-0.00323147
-0.00619618
-0.0098994
-0.014252
-0.0191672
-0.024564
-0.0303692
-0.0365179
-0.0429518
-0.0496193
-0.0564747
-0.0634775
-0.0705919
-0.0777863
-0.0850326
-0.0923057
-0.0995826
-0.106843
-0.114067
-0.121236
-0.128333
-0.135341
-0.142241
-0.149016
-0.155648
-0.162116
-0.168401
-0.174478
-0.180325
-0.185916
-0.191222
-0.196214
-0.200857
-0.205118
-0.208959
-0.212339
-0.215217
-0.217548
-0.219286
-0.220385
-0.220796
-0.220472
-0.219367
-0.217437
-0.214642
-0.210948
-0.206328
-0.200764
-0.19425
-0.186794
-0.17842
-0.16917
-0.159104
-0.148305
-0.136875
-0.124941
-0.112646
-0.100153
-0.0876394
-0.0752943
-0.0633116
-0.0518867
-0.0412094
-0.031459
-0.0227994
-0.0153744
-0.00930028
-0.00465877
-0.00156177
-0.000209691
-0.00017387
-0.00114808
-0.00323782
-0.00621014
-0.00992407
-0.0142903
-0.0192221
-0.0246376
-0.0304637
-0.0366347
-0.0430921
-0.0497839
-0.0566643
-0.0636928
-0.0708336
-0.0780555
-0.0853308
-0.0926348
-0.0999455
-0.107243
-0.114509
-0.121727
-0.128879
-0.135951
-0.142925
-0.149785
-0.156515
-0.163096
-0.169509
-0.175732
-0.181744
-0.187518
-0.193029
-0.198247
-0.20314
-0.207673
-0.211808
-0.215505
-0.21872
-0.221409
-0.223523
-0.225011
-0.225823
-0.225906
-0.225208
-0.22368
-0.221274
-0.217947
-0.213664
-0.208396
-0.202129
-0.19486
-0.186603
-0.17739
-0.167276
-0.156337
-0.144674
-0.13241
-0.119694
-0.106695
-0.0936017
-0.0806162
-0.0679502
-0.0558185
-0.0444326
-0.0339942
-0.0246895
-0.0166843
-0.0101143
-0.00507809
-0.00170743
-0.000230762
-0.000173356
-0.00114589
-0.00323332
-0.00620373
-0.00991676
-0.0142833
-0.0192165
-0.0246345
-0.0304637
-0.0366382
-0.0430991
-0.0497943
-0.0566777
-0.0637088
-0.0708521
-0.0780765
-0.0853548
-0.092663
-0.0999799
-0.107287
-0.114566
-0.121802
-0.128979
-0.136084
-0.1431
-0.150015
-0.156811
-0.163473
-0.169983
-0.176322
-0.182468
-0.188399
-0.194088
-0.199508
-0.204628
-0.209413
-0.213827
-0.217828
-0.221374
-0.224418
-0.226909
-0.228797
-0.230024
-0.230537
-0.230277
-0.229188
-0.227216
-0.224309
-0.220422
-0.215518
-0.209568
-0.202561
-0.194498
-0.185402
-0.175317
-0.164311
-0.152481
-0.139947
-0.12686
-0.113395
-0.0997481
-0.0861367
-0.0727898
-0.0599428
-0.0478305
-0.0366791
-0.0267
-0.0180832
-0.010987
-0.0055294
-0.00186495
-0.000253765
-0.000172217
-0.00113985
-0.0032183
-0.0061776
-0.00987843
-0.0142322
-0.0191521
-0.0245563
-0.0303711
-0.0365301
-0.0429744
-0.0496516
-0.0565154
-0.0635254
-0.0706461
-0.0778469
-0.0851009
-0.092385
-0.0996786
-0.106964
-0.114225
-0.121447
-0.128616
-0.13572
-0.142745
-0.149678
-0.156506
-0.163214
-0.169787
-0.176206
-0.182453
-0.188507
-0.194343
-0.199935
-0.205253
-0.210266
-0.214936
-0.219224
-0.223086
-0.226476
-0.229343
-0.231632
-0.233286
-0.234245
-0.234449
-0.233833
-0.232337
-0.229901
-0.226469
-0.221994
-0.216436
-0.20977
-0.201985
-0.193091
-0.183121
-0.172133
-0.160214
-0.147482
-0.134087
-0.120205
-0.106043
-0.09183
-0.0778131
-0.0642493
-0.0513981
-0.0395125
-0.0288316
-0.0195729
-0.0119202
-0.00601397
-0.00203493
-0.000278827
-0.000170483
-0.00113015
-0.0031933
-0.00613272
-0.00981059
-0.0141389
-0.0190313
-0.024406
-0.0301889
-0.0363138
-0.0427213
-0.0493588
-0.05618
-0.0631444
-0.0702168
-0.0773667
-0.084568
-0.0917981
-0.0990374
-0.106269
-0.113478
-0.120652
-0.127777
-0.134843
-0.141839
-0.148753
-0.155574
-0.16229
-0.168886
-0.175347
-0.181656
-0.187795
-0.193741
-0.19947
-0.204955
-0.210163
-0.215062
-0.219612
-0.223771
-0.227492
-0.230723
-0.233411
-0.235494
-0.236912
-0.237598
-0.237484
-0.236502
-0.234584
-0.231665
-0.227685
-0.222594
-0.216351
-0.208933
-0.200334
-0.190572
-0.179695
-0.167779
-0.154933
-0.141303
-0.127069
-0.112442
-0.0976631
-0.0829973
-0.0687234
-0.0551272
-0.0424908
-0.0310837
-0.0211543
-0.0129152
-0.00653294
-0.00221793
-0.000306079
-0.000168197
-0.00111706
-0.00315907
-0.00607047
-0.0097153
-0.0140063
-0.0188576
-0.0241875
-0.0299218
-0.0359941
-0.0423448
-0.0489209
-0.0556762
-0.0625702
-0.0695677
-0.0766388
-0.0837577
-0.0909025
-0.0980548
-0.105199
-0.11232
-0.119409
-0.126452
-0.133442
-0.140369
-0.147223
-0.153995
-0.160676
-0.167252
-0.173712
-0.180042
-0.186223
-0.192238
-0.198064
-0.203675
-0.209044
-0.214138
-0.218919
-0.223347
-0.227377
-0.230957
-0.234032
-0.236542
-0.238422
-0.239604
-0.240014
-0.239578
-0.238221
-0.235868
-0.232449
-0.227898
-0.222162
-0.215202
-0.206996
-0.197546
-0.186883
-0.17507
-0.162206
-0.148431
-0.13392
-0.118892
-0.103596
-0.0883134
-0.0733458
-0.0590062
-0.045608
-0.0334543
-0.0228274
-0.0139731
-0.00708727
-0.00241447
-0.000335651
-0.000165418
-0.00110096
-0.00311661
-0.00599267
-0.00959531
-0.0138382
-0.0186357
-0.0239064
-0.0295761
-0.0355778
-0.0418519
-0.0483453
-0.0550113
-0.0618095
-0.0687052
-0.0756685
-0.0826743
-0.0897017
-0.0967328
-0.103753
-0.110751
-0.117715
-0.124637
-0.131509
-0.138323
-0.145074
-0.151753
-0.158353
-0.164864
-0.171277
-0.17758
-0.183758
-0.189796
-0.195673
-0.201368
-0.206855
-0.212104
-0.21708
-0.221744
-0.226053
-0.229958
-0.233403
-0.236328
-0.238668
-0.24035
-0.2413
-0.241436
-0.240677
-0.238938
-0.236139
-0.232201
-0.227056
-0.220647
-0.212935
-0.203904
-0.193567
-0.181969
-0.169197
-0.155377
-0.140683
-0.125331
-0.10958
-0.0937257
-0.0780918
-0.0630195
-0.0488555
-0.0359393
-0.0245913
-0.0150942
-0.00767769
-0.00262503
-0.000367674
-0.000162219
-0.0010823
-0.00306716
-0.00590161
-0.0094541
-0.0136391
-0.0183716
-0.0235698
-0.0291597
-0.0350738
-0.0412522
-0.0476415
-0.054195
-0.0608722
-0.0676385
-0.0744646
-0.0813259
-0.0882023
-0.0950771
-0.101937
-0.108771
-0.115571
-0.122329
-0.129039
-0.135698
-0.142299
-0.148837
-0.155309
-0.161706
-0.168023
-0.174249
-0.180374
-0.186385
-0.192265
-0.197995
-0.203553
-0.208912
-0.21404
-0.218901
-0.223454
-0.227652
-0.231442
-0.234763
-0.23755
-0.239731
-0.241226
-0.241952
-0.24182
-0.240737
-0.238613
-0.235356
-0.230882
-0.225117
-0.218003
-0.209504
-0.199612
-0.188351
-0.17579
-0.162042
-0.14727
-0.131688
-0.115559
-0.0991918
-0.0829312
-0.0671473
-0.0522215
-0.0385329
-0.0264439
-0.0162784
-0.00830471
-0.00285005
-0.000402278
-0.000158693
-0.00106165
-0.00301226
-0.00580012
-0.00929597
-0.013415
-0.0180725
-0.0231865
-0.0286826
-0.0344931
-0.0405575
-0.0468221
-0.05324
-0.0597708
-0.0663801
-0.073039
-0.0797238
-0.0864149
-0.0930971
-0.0997581
-0.106389
-0.112982
-0.119533
-0.126037
-0.132492
-0.138895
-0.145245
-0.151537
-0.15777
-0.163937
-0.170035
-0.176054
-0.181985
-0.187815
-0.193528
-0.199106
-0.204524
-0.209756
-0.214769
-0.219524
-0.223978
-0.228079
-0.231769
-0.234984
-0.237652
-0.239691
-0.241014
-0.241529
-0.241136
-0.239733
-0.237218
-0.233492
-0.228462
-0.22205
-0.214198
-0.204873
-0.194079
-0.181861
-0.168313
-0.153584
-0.137881
-0.121467
-0.104661
-0.0878279
-0.0713651
-0.055691
-0.0412271
-0.0283816
-0.0175248
-0.00896858
-0.00308987
-0.000439592
-0.000154949
-0.0010397
-0.00295377
-0.0056916
-0.00912611
-0.013173
-0.0177473
-0.0227671
-0.0281571
-0.0338492
-0.0397822
-0.0459022
-0.052162
-0.0585212
-0.0649457
-0.0714073
-0.0778827
-0.0843537
-0.0908059
-0.0972288
-0.103615
-0.109958
-0.116257
-0.122508
-0.128712
-0.134868
-0.140977
-0.147039
-0.153053
-0.159018
-0.164932
-0.17079
-0.176585
-0.182309
-0.18795
-0.193492
-0.198917
-0.2042
-0.209314
-0.214223
-0.218887
-0.223259
-0.227284
-0.230899
-0.234031
-0.236602
-0.238523
-0.239695
-0.240015
-0.239372
-0.237652
-0.234742
-0.230532
-0.224923
-0.217833
-0.209204
-0.199012
-0.187277
-0.17407
-0.159519
-0.143819
-0.127231
-0.110077
-0.0927392
-0.0756437
-0.0592456
-0.0440115
-0.0303997
-0.0188319
-0.00966923
-0.00334479
-0.000479742
-0.000151119
-0.00101728
-0.00289392
-0.00558016
-0.00895071
-0.0129213
-0.0174067
-0.0223242
-0.0275976
-0.0331581
-0.0389437
-0.0449001
-0.0509798
-0.0571426
-0.0633547
-0.0695883
-0.0758214
-0.0820366
-0.0882211
-0.0943657
-0.100465
-0.106515
-0.112515
-0.118466
-0.124369
-0.130227
-0.136044
-0.141822
-0.147563
-0.15327
-0.158944
-0.164583
-0.170185
-0.175745
-0.181255
-0.186704
-0.192077
-0.197356
-0.202515
-0.207524
-0.212349
-0.216945
-0.221262
-0.225239
-0.228807
-0.231888
-0.234393
-0.236222
-0.237267
-0.237411
-0.236529
-0.234496
-0.231184
-0.226474
-0.220258
-0.212451
-0.203002
-0.191898
-0.179182
-0.164959
-0.149404
-0.132767
-0.115373
-0.0976161
-0.0799486
-0.0628631
-0.0468732
-0.0324918
-0.0201973
-0.0104063
-0.00361501
-0.000522852
-0.00014736
-0.000995358
-0.00283536
-0.00547062
-0.0087771
-0.0126701
-0.0170632
-0.0218727
-0.0270212
-0.0324386
-0.0380623
-0.0438372
-0.0497157
-0.0556576
-0.0616297
-0.0676049
-0.0735622
-0.0794856
-0.0853638
-0.0911894
-0.0969586
-0.10267
-0.108325
-0.113927
-0.11948
-0.124989
-0.13046
-0.1359
-0.141314
-0.146706
-0.152083
-0.157445
-0.162795
-0.168131
-0.173451
-0.178746
-0.184008
-0.189221
-0.194366
-0.199419
-0.204348
-0.209116
-0.213674
-0.217969
-0.221934
-0.225493
-0.228559
-0.231033
-0.232804
-0.233749
-0.233737
-0.232629
-0.230283
-0.226559
-0.221324
-0.214465
-0.205899
-0.195579
-0.183515
-0.16978
-0.154526
-0.137984
-0.120476
-0.102403
-0.0842402
-0.0665172
-0.0497969
-0.0346501
-0.0216179
-0.0111791
-0.00390066
-0.000569045
-0.000143856
-0.000975082
-0.00278117
-0.00536865
-0.00861386
-0.0124308
-0.0167314
-0.02143
-0.0264477
-0.0317128
-0.0371616
-0.0427383
-0.0483953
-0.0540925
-0.0597972
-0.0654834
-0.0711312
-0.0767264
-0.0822592
-0.0877245
-0.0931202
-0.0984478
-0.103711
-0.108915
-0.114067
-0.119175
-0.124248
-0.129295
-0.134325
-0.139347
-0.144368
-0.149395
-0.154434
-0.159486
-0.164553
-0.169634
-0.174722
-0.179808
-0.184878
-0.189913
-0.194886
-0.199766
-0.204511
-0.20907
-0.213384
-0.217381
-0.220975
-0.22407
-0.226554
-0.228302
-0.229177
-0.229031
-0.227706
-0.225044
-0.220889
-0.215098
-0.207554
-0.198173
-0.186927
-0.173854
-0.159069
-0.142784
-0.125305
-0.107037
-0.0884731
-0.0701778
-0.0527641
-0.036865
-0.0230896
-0.0119865
-0.0042018
-0.00061844
-0.000140824
-0.000957804
-0.00273499
-0.00528089
-0.00847102
-0.012217
-0.0164282
-0.0210163
-0.0258999
-0.0310057
-0.0362685
-0.0416319
-0.0470479
-0.052477
-0.0578871
-0.0632536
-0.0685581
-0.0737881
-0.0789362
-0.0839991
-0.0889776
-0.0938752
-0.0986983
-0.103455
-0.108156
-0.112811
-0.117433
-0.122033
-0.126625
-0.131219
-0.135828
-0.140462
-0.145129
-0.149837
-0.154591
-0.159395
-0.164246
-0.169142
-0.174073
-0.179025
-0.18398
-0.188909
-0.193779
-0.198545
-0.203153
-0.207536
-0.211614
-0.215294
-0.218467
-0.221006
-0.222771
-0.223607
-0.223345
-0.221809
-0.218821
-0.214209
-0.20782
-0.199533
-0.189276
-0.177043
-0.162912
-0.14706
-0.129773
-0.11145
-0.0925968
-0.0738105
-0.055754
-0.0391252
-0.0246078
-0.0128272
-0.0045184
-0.00067116
-0.000138519
-0.000945109
-0.00270111
-0.00521512
-0.00836025
-0.0120444
-0.0161731
-0.0206545
-0.025404
-0.030346
-0.0354137
-0.0405498
-0.0457064
-0.0508443
-0.0559328
-0.0609488
-0.0658757
-0.0707033
-0.0754266
-0.0800449
-0.0845615
-0.088983
-0.0933184
-0.097579
-0.101778
-0.105928
-0.110046
-0.114146
-0.118245
-0.122356
-0.126496
-0.130679
-0.134916
-0.139221
-0.143601
-0.148066
-0.152618
-0.157259
-0.161986
-0.166791
-0.17166
-0.176574
-0.181504
-0.186412
-0.191251
-0.195962
-0.200471
-0.20469
-0.208513
-0.211816
-0.21446
-0.216283
-0.217109
-0.216747
-0.214999
-0.211664
-0.206557
-0.199513
-0.190415
-0.179209
-0.165925
-0.150698
-0.133783
-0.115565
-0.096555
-0.0773768
-0.0587426
-0.0414179
-0.0261666
-0.0136995
-0.0048504
-0.000727331
-0.000137245
-0.000938869
-0.00268452
-0.00518043
-0.00829518
-0.0119313
-0.0159888
-0.0203711
-0.0249897
-0.029766
-0.0346313
-0.0395277
-0.0444071
-0.0492313
-0.0539711
-0.0586053
-0.0631199
-0.0675072
-0.071765
-0.0758957
-0.0799057
-0.0838044
-0.0876042
-0.0913194
-0.0949659
-0.0985611
-0.102123
-0.10567
-0.109221
-0.112796
-0.116411
-0.120086
-0.123837
-0.127679
-0.131627
-0.135691
-0.139882
-0.144205
-0.148664
-0.153255
-0.157972
-0.162802
-0.167722
-0.172705
-0.177708
-0.182682
-0.187559
-0.192259
-0.196682
-0.200711
-0.204205
-0.207004
-0.208925
-0.209768
-0.209316
-0.207344
-0.203631
-0.197973
-0.190203
-0.180212
-0.167976
-0.153579
-0.137234
-0.119301
-0.100286
-0.0808342
-0.0617033
-0.0437287
-0.0277598
-0.0146015
-0.0051977
-0.000787089
-0.000137362
-0.000941302
-0.00269116
-0.00518749
-0.00829167
-0.0118986
-0.0159011
-0.0201963
-0.0246907
-0.0293021
-0.0339598
-0.038605
-0.04319
-0.0476779
-0.0520415
-0.0562621
-0.0603287
-0.0642369
-0.0679878
-0.0715872
-0.075045
-0.0783741
-0.0815901
-0.0847108
-0.0877553
-0.0907443
-0.0936989
-0.0966412
-0.0995933
-0.102577
-0.105615
-0.108728
-0.111936
-0.11526
-0.118716
-0.122322
-0.126091
-0.130034
-0.13416
-0.138471
-0.142969
-0.147645
-0.152486
-0.157471
-0.162567
-0.167732
-0.172908
-0.178023
-0.182985
-0.187685
-0.191988
-0.195734
-0.198742
-0.200801
-0.201683
-0.201141
-0.198921
-0.194779
-0.188498
-0.17991
-0.168929
-0.155578
-0.140018
-0.12257
-0.103723
-0.0841357
-0.0646068
-0.0460415
-0.0293803
-0.0155312
-0.00556023
-0.000850592
-0.000139304
-0.000955051
-0.00272803
-0.00524886
-0.00836826
-0.0119708
-0.0159399
-0.0201644
-0.0245449
-0.0289948
-0.0334413
-0.0378247
-0.0420982
-0.0462268
-0.0501857
-0.0539598
-0.0575416
-0.0609307
-0.064132
-0.0671554
-0.0700147
-0.0727267
-0.0753105
-0.0777876
-0.0801806
-0.0825133
-0.0848106
-0.0870974
-0.0893993
-0.0917415
-0.0941494
-0.0966476
-0.0992603
-0.102011
-0.10492
-0.10801
-0.111298
-0.114801
-0.118531
-0.122499
-0.12671
-0.131163
-0.135854
-0.140767
-0.145881
-0.151161
-0.156561
-0.162017
-0.167448
-0.172754
-0.177809
-0.182459
-0.186524
-0.189793
-0.192027
-0.192961
-0.192316
-0.189806
-0.185165
-0.178163
-0.168647
-0.156568
-0.142022
-0.125277
-0.106794
-0.0872308
-0.0674212
-0.0483392
-0.0310208
-0.0164866
-0.005938
-0.000918032
-0.000143597
-0.000983293
-0.00280348
-0.00537939
-0.00854668
-0.0121763
-0.0161392
-0.0203144
-0.0245948
-0.0288891
-0.033122
-0.0372333
-0.0411777
-0.0449227
-0.0484472
-0.05174
-0.0547983
-0.0576263
-0.0602338
-0.0626351
-0.0648484
-0.0668948
-0.0687976
-0.0705818
-0.0722739
-0.0739011
-0.0754915
-0.0770735
-0.0786756
-0.0803265
-0.0820545
-0.0838876
-0.0858533
-0.0879782
-0.090288
-0.0928071
-0.0955581
-0.0985618
-0.101836
-0.105397
-0.109256
-0.113419
-0.117887
-0.122656
-0.127711
-0.133028
-0.138571
-0.144288
-0.15011
-0.155947
-0.161684
-0.167178
-0.172256
-0.176707
-0.18029
-0.182728
-0.183717
-0.182938
-0.180074
-0.174834
-0.166991
-0.156416
-0.143127
-0.127323
-0.109421
-0.0900643
-0.0701121
-0.0506033
-0.0326735
-0.0174658
-0.0063312
-0.00098965
-0.000150891
-0.00102988
-0.00292755
-0.00559673
-0.00885248
-0.0125479
-0.0165385
-0.0206905
-0.0248881
-0.0290344
-0.0330517
-0.0368802
-0.0404764
-0.0438115
-0.0468691
-0.0496433
-0.0521368
-0.0543594
-0.0563264
-0.0580574
-0.0595757
-0.060907
-0.0620789
-0.0631207
-0.0640625
-0.0649351
-0.06577
-0.0665987
-0.067453
-0.0683645
-0.0693645
-0.0704841
-0.0717539
-0.0732038
-0.0748629
-0.0767592
-0.0789194
-0.0813685
-0.0841295
-0.0872227
-0.0906655
-0.0944711
-0.098648
-0.103199
-0.108118
-0.113393
-0.118996
-0.12489
-0.131017
-0.137302
-0.143642
-0.149908
-0.155935
-0.161524
-0.166432
-0.170378
-0.17304
-0.174069
-0.173103
-0.169789
-0.163822
-0.154986
-0.143207
-0.128602
-0.111521
-0.0925773
-0.0726424
-0.0528146
-0.0343311
-0.0184673
-0.00674032
-0.00106577
-0.000161988
-0.00109951
-0.00311236
-0.00592196
-0.00931581
-0.0131241
-0.0171825
-0.0213424
-0.0254772
-0.0294843
-0.0332837
-0.0368166
-0.0400428
-0.0429384
-0.0454932
-0.0477076
-0.0495912
-0.0511606
-0.0524373
-0.0534472
-0.0542191
-0.0547839
-0.055174
-0.0554228
-0.0555645
-0.0556336
-0.0556648
-0.0556928
-0.0557522
-0.0558777
-0.0561034
-0.0564631
-0.0569904
-0.0577181
-0.0586783
-0.0599025
-0.0614209
-0.0632625
-0.0654546
-0.0680224
-0.0709886
-0.0743727
-0.07819
-0.0824509
-0.0871593
-0.0923111
-0.0978922
-0.103876
-0.11022
-0.116862
-0.123717
-0.13067
-0.137572
-0.144235
-0.150425
-0.15586
-0.160211
-0.163104
-0.164135
-0.162896
-0.159
-0.152139
-0.142134
-0.129
-0.113004
-0.0947061
-0.0749728
-0.054953
-0.0359863
-0.0194905
-0.0071663
-0.00114684
-0.000177901
-0.001198
-0.00337267
-0.00638043
-0.00997234
-0.0139493
-0.0181229
-0.0223259
-0.02642
-0.0302963
-0.0338733
-0.0370943
-0.0399242
-0.0423458
-0.0443562
-0.0459645
-0.0471882
-0.0480517
-0.0485843
-0.0488187
-0.0487898
-0.0485342
-0.0480895
-0.0474936
-0.0467847
-0.046001
-0.0451804
-0.0443607
-0.0435793
-0.0428735
-0.0422801
-0.0418355
-0.0415756
-0.041536
-0.0417517
-0.0422571
-0.0430856
-0.0442697
-0.0458407
-0.0478283
-0.0502603
-0.0531617
-0.0565545
-0.0604565
-0.0648802
-0.0698315
-0.0753075
-0.0812942
-0.0877637
-0.0946701
-0.101945
-0.109493
-0.117182
-0.124841
-0.13225
-0.139136
-0.145167
-0.149954
-0.153062
-0.154026
-0.152385
-0.147731
-0.13977
-0.128399
-0.113774
-0.0963816
-0.0770611
-0.0569983
-0.0376332
-0.020536
-0.0076108
-0.00123346
-0.000199915
-0.00133257
-0.00372656
-0.0070027
-0.0108644
-0.0150756
-0.0194181
-0.0237029
-0.0277787
-0.0315303
-0.034876
-0.0377632
-0.0401638
-0.0420692
-0.0434867
-0.0444352
-0.0449421
-0.0450413
-0.0447704
-0.04417
-0.0432819
-0.042149
-0.040814
-0.0393197
-0.0377083
-0.0360217
-0.0343009
-0.0325867
-0.0309192
-0.0293378
-0.0278818
-0.0265898
-0.0255001
-0.0246506
-0.0240785
-0.023821
-0.0239142
-0.0243939
-0.025295
-0.0266511
-0.0284944
-0.0308556
-0.0337625
-0.03724
-0.041309
-0.0459847
-0.0512752
-0.0571796
-0.0636843
-0.0707601
-0.0783575
-0.0864002
-0.0947791
-0.103344
-0.111894
-0.120171
-0.12785
-0.134538
-0.139776
-0.143053
-0.143834
-0.141613
-0.13597
-0.126666
-0.113726
-0.0975283
-0.0788617
-0.0589295
-0.039267
-0.0216059
-0.00807647
-0.00132649
-0.000229687
-0.00151231
-0.00419635
-0.00782582
-0.0120423
-0.0165632
-0.0211343
-0.0255415
-0.0296193
-0.0332472
-0.0363452
-0.0388675
-0.0407955
-0.0421327
-0.0428985
-0.0431241
-0.0428488
-0.042117
-0.0409763
-0.0394759
-0.0376653
-0.0355937
-0.0333096
-0.0308606
-0.0282929
-0.025652
-0.0229821
-0.0203265
-0.0177275
-0.0152271
-0.0128662
-0.0106854
-0.00872505
-0.0070248
-0.00562416
-0.00456228
-0.00387799
-0.00360971
-0.00379537
-0.00447226
-0.00567682
-0.0074443
-0.00980833
-0.0128004
-0.0164489
-0.0207782
-0.0258071
-0.031547
-0.0379991
-0.0451509
-0.052972
-0.0614082
-0.0703738
-0.0797437
-0.0893423
-0.0989332
-0.108208
-0.116779
-0.124174
-0.129847
-0.1332
-0.133626
-0.130577
-0.12366
-0.112741
-0.098062
-0.0803245
-0.0607255
-0.040885
-0.0227051
-0.00856743
-0.00142713
-0.000269373
-0.00174873
-0.0048098
-0.0088949
-0.0135656
-0.0184817
-0.0233454
-0.0279144
-0.0320087
-0.0355045
-0.0383266
-0.0404394
-0.041838
-0.0425409
-0.0425829
-0.0420102
-0.0408757
-0.0392365
-0.037151
-0.0346779
-0.031875
-0.0287982
-0.025502
-0.0220386
-0.0184585
-0.0148103
-0.0111412
-0.00749669
-0.0039214
-0.000458836
0.00284824
0.00595768
0.00882775
0.0114171
0.0136845
0.0155891
0.01709
0.0181463
0.0187174
0.018763
0.0182429
0.0171174
0.015348
0.0128971
0.00972908
0.00581113
0.00111434
-0.00438455
-0.0107009
-0.0178389
-0.0257878
-0.0345155
-0.0439622
-0.0540306
-0.0645748
-0.0753872
-0.0861846
-0.096595
-0.106148
-0.114277
-0.120327
-0.123601
-0.12342
-0.119221
-0.110688
-0.0978864
-0.0813931
-0.0623638
-0.0424872
-0.0238416
-0.0090898
-0.00153711
-0.000321819
-0.00205657
-0.00560159
-0.0102649
-0.0155052
-0.0209106
-0.0261323
-0.030897
-0.0350111
-0.0383511
-0.0408512
-0.0424909
-0.0432838
-0.0432678
-0.0424966
-0.0410342
-0.0389497
-0.036314
-0.033198
-0.0296705
-0.0257978
-0.0216432
-0.0172668
-0.0127257
-0.0080741
-0.00336373
0.00135586
0.00603696
0.0106334
0.0151002
0.0193934
0.0234697
0.0272862
0.0308002
0.0339696
0.0367517
0.039104
0.040984
0.0423485
0.0431546
0.0433589
0.0429179
0.0417884
0.0399274
0.0372928
0.0338439
0.0295424
0.0243538
0.0182492
0.0112084
0.00322289
-0.00569805
-0.0155209
-0.0261785
-0.0375582
-0.0494874
-0.0617166
-0.0739016
-0.0855877
-0.0962001
-0.105048
-0.111353
-0.114305
-0.113167
-0.107411
-0.0968884
-0.082001
-0.0638202
-0.0440767
-0.0250282
-0.00965258
-0.00165886
-0.00039083
-0.00245493
-0.00661543
-0.0120031
-0.0179443
-0.0239395
-0.0295808
-0.0345625
-0.0386807
-0.0418176
-0.0439235
-0.045
-0.0450852
-0.0442412
-0.0425452
-0.0400819
-0.0369389
-0.0332028
-0.0289577
-0.0242834
-0.019255
-0.0139429
-0.008413
-0.00272666
0.00305836
0.00888768
0.0147097
0.0204752
0.0261368
0.0316486
0.0369657
0.0420442
0.0468404
0.0513111
0.0554131
0.0591027
0.0623364
0.0650698
0.0672583
0.0688563
0.0698179
0.0700962
0.069644
0.0684133
0.0663562
0.0634249
0.0595725
0.0547541
0.0489282
0.0420592
0.0341202
0.0250982
0.0150001
0.00386176
-0.00824019
-0.0211728
-0.0347281
-0.048601
-0.0623669
-0.0754628
-0.0871789
-0.0966723
-0.103014
-0.105286
-0.102726
-0.09493
-0.0820667
-0.0650653
-0.0456599
-0.0262838
-0.0102688
-0.00179587
-0.000481589
-0.00296883
-0.00790671
-0.0141917
-0.0209802
-0.0276667
-0.0337769
-0.0389738
-0.0430496
-0.0459011
-0.0475043
-0.0478915
-0.0471326
-0.0453205
-0.0425599
-0.0389601
-0.0346292
-0.0296711
-0.0241838
-0.0182584
-0.0119789
-0.0054225
0.00133973
0.00824237
0.0152248
0.0222307
0.0292069
0.0361032
0.0428717
0.049466
0.0558411
0.0619527
0.0677571
0.0732107
0.0782697
0.0828903
0.0870277
0.0906367
0.0936712
0.0960839
0.0978265
0.0988493
0.0991016
0.0985312
0.0970849
0.0947086
0.0913476
0.0869477
0.0814559
0.0748222
0.0670026
0.0579625
0.047683
0.0361682
0.0234574
0.00964018
-0.00512346
-0.0205781
-0.0363444
-0.0518906
-0.0665108
-0.0793214
-0.089291
-0.0953237
-0.0964079
-0.0918376
-0.0814846
-0.0660612
-0.0472468
-0.0276356
-0.0109574
-0.00195326
-0.000601291
-0.0036315
-0.00954624
-0.0169308
-0.0247247
-0.0321956
-0.0387982
-0.0441696
-0.0481096
-0.050543
-0.0514843
-0.0510078
-0.0492244
-0.0462645
-0.0422657
-0.0373647
-0.0316923
-0.0253707
-0.0185124
-0.0112194
-0.00358415
0.00430985
0.0123871
0.0205792
0.0288234
0.037062
0.0452415
0.0533113
0.0612236
0.0689324
0.0763928
0.0835611
0.0903939
0.0968478
0.102879
0.108444
0.113497
0.117993
0.121885
0.125123
0.127658
0.129438
0.13041
0.130516
0.129701
0.127903
0.125062
0.121115
0.115999
0.109651
0.10201
0.0930234
0.0826464
0.0708525
0.0576433
0.0430628
0.027218
0.0103056
-0.00735488
-0.0252836
-0.0428048
-0.0590233
-0.0728318
-0.0829716
-0.088172
-0.0873856
-0.0801121
-0.0667526
-0.0488486
-0.0291211
-0.0117456
-0.00213855
-0.000760197
-0.00448795
-0.0116252
-0.0203424
-0.0293025
-0.0376259
-0.0446971
-0.0501405
-0.0537817
-0.0555932
-0.0556451
-0.0540678
-0.0510239
-0.0466888
-0.0412376
-0.0348375
-0.0276436
-0.0197966
-0.0114229
-0.00263492
0.00646766
0.0157963
0.0252724
0.0348256
0.0443923
0.0539147
0.0633397
0.0726176
0.0817014
0.0905461
0.0991082
0.107345
0.115214
0.122673
0.129678
0.136186
0.142153
0.147532
0.152276
0.156336
0.159659
0.162193
0.163881
0.164665
0.164483
0.163271
0.160962
0.157487
0.152771
0.146743
0.139327
0.130451
0.120048
0.108064
0.0944611
0.0792388
0.0624475
0.0442179
0.0247967
0.00459093
-0.0157824
-0.0354522
-0.0532717
-0.0678477
-0.0776556
-0.0812732
-0.0777482
-0.067054
-0.0504743
-0.0307918
-0.0126731
-0.00236316
-0.000973409
-0.00560037
-0.0142621
-0.0245727
-0.0348454
-0.044037
-0.0514732
-0.0567904
-0.0598694
-0.0607573
-0.0596023
-0.0566078
-0.0519996
-0.0460057
-0.038843
-0.0307111
-0.0217894
-0.0122364
-0.00219086
0.00822623
0.0189098
0.0297683
0.0407219
0.0516999
0.0626398
0.0734852
0.0841845
0.09469
0.104957
0.114942
0.124605
0.133903
0.142797
0.151246
0.159207
0.166638
0.173496
0.179734
0.185305
0.19016
0.194247
0.19751
0.199893
0.201334
0.201769
0.201131
0.199346
0.196341
0.192034
0.186342
0.179179
0.170456
0.160087
0.147989
0.134092
0.118348
0.100751
0.0813614
0.0603412
0.0380057
0.0148827
-0.00822124
-0.030168
-0.0494747
-0.0643874
-0.073091
-0.0741022
-0.0668258
-0.0521211
-0.0327155
-0.0137983
-0.00264485
-0.00126405
-0.00705697
-0.017612
-0.029793
-0.0414779
-0.0514557
-0.0590237
-0.0638737
-0.0659856
-0.0655173
-0.0627232
-0.0578983
-0.0513438
-0.0433463
-0.0341672
-0.0240382
-0.0131612
-0.00170969
0.0101679
0.0223456
0.034716
0.0471876
0.0596817
0.0721303
0.0844736
0.0966586
0.108637
0.120366
0.131802
0.142906
0.153641
0.163968
0.173848
0.183244
0.192115
0.200421
0.208119
0.215165
0.221512
0.22711
0.231909
0.235852
0.238882
0.240935
0.241947
0.241845
0.240556
0.237998
0.234086
0.228728
0.221829
0.213287
0.202997
0.190853
0.176753
0.160607
0.142353
0.121978
0.0995513
0.0752805
0.0495746
0.0231303
-0.00298129
-0.0272521
-0.0477495
-0.0622742
-0.0687439
-0.065835
-0.0537551
-0.0349781
-0.0152082
-0.00301226
-0.00166913
-0.00898635
-0.0218783
-0.0361943
-0.049285
-0.0597956
-0.0670591
-0.0708935
-0.0714396
-0.069014
-0.0640088
-0.0568302
-0.0478643
-0.0374596
-0.0259206
-0.0135075
-0.000439969
0.0130989
0.0269567
0.0410074
0.055146
0.069285
0.0833511
0.0972816
0.111023
0.124527
0.137753
0.15066
0.163213
0.175377
0.187117
0.1984
0.20919
0.219453
0.229152
0.238248
0.246701
0.254468
0.261504
0.267761
0.273188
0.27773
0.281329
0.283921
0.28544
0.285814
0.284965
0.282809
0.279258
0.274214
0.267572
0.259222
0.249044
0.236912
0.222697
0.20627
0.187516
0.16635
0.142746
0.11679
0.0887441
0.0591508
0.0289458
-0.000423025
-0.0269294
-0.0480379
-0.0610307
-0.0636883
-0.0552712
-0.0376796
-0.0170336
-0.00351313
-0.00225068
-0.0115814
-0.0273256
-0.0439639
-0.0582428
-0.0687458
-0.0749599
-0.0769382
-0.0750667
-0.0698768
-0.0619313
-0.0517631
-0.0398467
-0.026589
-0.0123302
0.00264993
0.0181239
0.033908
0.0498544
0.0658443
0.0817817
0.0975891
0.113203
0.12857
0.143646
0.158393
0.172776
0.186763
0.200325
0.213434
0.22606
0.238175
0.249749
0.26075
0.271146
0.280902
0.289979
0.298338
0.305936
0.312727
0.31866
0.323684
0.327739
0.330763
0.332691
0.33345
0.33296
0.331139
0.327892
0.323121
0.316716
0.308558
0.298516
0.28645
0.272206
0.255625
0.236544
0.214807
0.190297
0.162969
0.132919
0.100491
0.0664121
0.0319638
-0.000858154
-0.0292894
-0.0499976
-0.0597221
-0.0564162
-0.0409141
-0.0194713
-0.00422942
-0.00311707
-0.0151376
-0.0342846
-0.0532199
-0.0680755
-0.0775658
-0.0815329
-0.080423
-0.0749711
-0.0659824
-0.0542154
-0.0403329
-0.0248888
-0.00833338
0.00897474
0.0267536
0.0447835
0.0628943
0.0809548
0.0988635
0.116542
0.13393
0.15098
0.167652
0.183916
0.199745
0.215116
0.230006
0.244395
0.258263
0.271586
0.284343
0.29651
0.30806
0.318965
0.329193
0.338711
0.347483
0.355467
0.362621
0.368897
0.374244
0.378606
0.381923
0.384129
0.385153
0.384918
0.383339
0.380323
0.37577
0.369567
0.361592
0.351708
0.339762
0.325585
0.308991
0.289775
0.267725
0.242633
0.214323
0.182717
0.14792
0.110381
0.071096
0.0318612
-0.0045124
-0.0341977
-0.0528213
-0.0566381
-0.0447091
-0.0228109
-0.00530402
-0.00446317
-0.0201105
-0.0431225
-0.0638419
-0.0779606
-0.0847096
-0.0846038
-0.0786876
-0.0681559
-0.0541296
-0.0375629
-0.0192264
0.00027753
0.020489
0.0410623
0.0617408
0.0823361
0.102711
0.122767
0.142432
0.161656
0.180403
0.198647
0.21637
0.233558
0.250198
0.266282
0.281798
0.296737
0.311087
0.324833
0.337962
0.350455
0.362291
0.373448
0.383899
0.393614
0.402562
0.410705
0.418003
0.424412
0.429885
0.434367
0.437802
0.440127
0.441272
0.441163
0.439718
0.436846
0.432447
0.42641
0.418611
0.408911
0.397151
0.383153
0.366711
0.347591
0.325531
0.300244
0.271438
0.238852
0.20234
0.162007
0.11844
0.0730359
0.0283782
-0.0114769
-0.0411303
-0.0548053
-0.0488672
-0.0274486
-0.00698374
-0.00664096
-0.027181
-0.0540941
-0.0750573
-0.0859286
-0.087148
-0.0803487
-0.0673946
-0.0500141
-0.0296307
-0.00734097
0.0160436
0.0399384
0.0639317
0.0877392
0.111169
0.134094
0.156435
0.178142
0.199189
0.219563
0.239261
0.258286
0.276643
0.294338
0.311378
0.327767
0.34351
0.358607
0.373056
0.386853
0.399989
0.412456
0.424237
0.435315
0.44567
0.455277
0.464107
0.472128
0.479305
0.485596
0.490958
0.495342
0.498693
0.500953
0.502058
0.501936
0.500508
0.497689
0.493383
0.487482
0.479866
0.470397
0.458916
0.445242
0.429159
0.410414
0.388711
0.363702
0.334994
0.302163
0.264807
0.222656
0.175784
0.124968
0.0722077
0.0213326
-0.0216006
-0.0486914
-0.0525896
-0.0338216
-0.00967124
-0.0102537
-0.037238
-0.066823
-0.0844574
-0.0876624
-0.0791788
-0.0622506
-0.0396902
-0.0137013
0.014123
0.0426911
0.0712833
0.099442
0.126888
0.153464
0.179088
0.20373
0.22739
0.250089
0.271854
0.29272
0.312722
0.331895
0.35027
0.367875
0.384737
0.400874
0.416305
0.431041
0.445091
0.458459
0.471143
0.483142
0.494446
0.505043
0.514919
0.524052
0.532419
0.539993
0.546742
0.552631
0.557619
0.561663
0.564714
0.566718
0.567615
0.567341
0.565824
0.562983
0.558729
0.552962
0.545567
0.536415
0.525353
0.512202
0.496747
0.478731
0.457838
0.433685
0.405804
0.37364
0.336567
0.293943
0.245273
0.190526
0.130718
0.0687973
0.0106824
-0.0340604
-0.053613
-0.0420294
-0.0139092
-0.0161373
-0.0508512
-0.0786885
-0.0857218
-0.0741983
-0.050476
-0.0196301
0.0147941
0.0504628
0.0859489
0.12044
0.153514
0.184986
0.21481
0.243021
0.269692
0.294918
0.318795
0.34142
0.362885
0.38327
0.40265
0.421091
0.438648
0.45537
0.4713
0.48647
0.50091
0.514641
0.52768
0.540038
0.551721
0.562732
0.573067
0.582719
0.591677
0.599927
0.607449
0.61422
0.620214
0.625401
0.629744
0.633207
0.635746
0.637313
0.637857
0.63732
0.635637
0.632737
0.628541
0.622958
0.615886
0.607206
0.596776
0.584431
0.569966
0.553134
0.53362
0.511032
0.484866
0.454489
0.419109
0.377776
0.329448
0.2732
0.208717
0.137283
0.0634046
-0.00311402
-0.0463505
-0.0505333
-0.0199787
-0.02462
-0.0658497
-0.0802513
-0.063651
-0.0278736
0.0166988
0.0640007
0.110705
0.155139
0.196615
0.234978
0.270337
0.30292
0.332992
0.360818
0.386645
0.410693
0.433154
0.454193
0.473954
0.492558
0.510108
0.526693
0.542385
0.557247
0.571332
0.584681
0.597331
0.609308
0.620634
0.631326
0.641392
0.65084
0.659669
0.667876
0.675455
0.682395
0.68868
0.694292
0.69921
0.703408
0.706858
0.709527
0.71138
0.712376
0.712473
0.71162
0.709765
0.706847
0.702798
0.697542
0.690991
0.683043
0.673575
0.662442
0.649462
0.634411
0.617
0.596858
0.573494
0.546259
0.514294
0.476465
0.431326
0.377147
0.312161
0.235329
0.148145
0.0578775
-0.0183941
-0.0528654
-0.0262209
-0.0312986
-0.0687265
-0.0436713
0.0154771
0.083686
0.15039
0.211705
0.266455
0.314772
0.357334
0.394947
0.428375
0.458283
0.48523
0.509673
0.531988
0.552477
0.571388
0.588924
0.605249
0.620501
0.63479
0.648211
0.660839
0.672739
0.683962
0.694552
0.704544
0.713965
0.722836
0.731173
0.738989
0.746289
0.753075
0.759348
0.765102
0.770329
0.775019
0.779158
0.782728
0.785712
0.788085
0.789824
0.790901
0.791284
0.790939
0.789829
0.787912
0.785142
0.781465
0.776822
0.771144
0.764351
0.756345
0.747009
0.736198
0.723727
0.709356
0.692769
0.673542
0.651094
0.624621
0.592997
0.554645
0.507385
0.44832
0.374026
0.281702
0.172056
0.0556969
-0.030186
-0.0232112
-0.00066033
0.000353331
0.104335
0.217909
0.312105
0.388133
0.449788
0.50002
0.541359
0.575879
0.605154
0.630347
0.652322
0.671723
0.689036
0.704629
0.718787
0.731733
0.743641
0.75465
0.764872
0.774397
0.783299
0.791636
0.799459
0.806807
0.813712
0.820201
0.826292
0.832004
0.837347
0.842329
0.846956
0.85123
0.85515
0.858713
0.861914
0.864746
0.867199
0.869262
0.870922
0.872164
0.872972
0.873327
0.873208
0.872594
0.871459
0.869776
0.867514
0.864639
0.861111
0.856885
0.851908
0.846114
0.839424
0.83174
0.822934
0.81284
0.801238
0.787825
0.772179
0.753699
0.73151
0.70431
0.670123
0.625909
0.567062
0.487049
0.376957
0.228427
0.0726434
0.0309694
0.292184
0.379306
0.530608
0.644332
0.714299
0.76002
0.792315
0.816133
0.834339
0.848763
0.86055
0.87043
0.878885
0.886245
0.892741
0.898543
0.903775
0.908532
0.912886
0.916894
0.920601
0.924043
0.927248
0.93024
0.933036
0.935653
0.938102
0.940393
0.942534
0.94453
0.946384
0.948101
0.949681
0.951125
0.952432
0.9536
0.954627
0.955511
0.956246
0.956829
0.957255
0.957517
0.957608
0.957523
0.957252
0.956788
0.95612
0.955239
0.954133
0.952789
0.951192
0.949325
0.947167
0.944693
0.941872
0.938666
0.935024
0.930881
0.926148
0.920702
0.914372
0.906909
0.897943
0.886902
0.872863
0.854247
0.828214
0.789432
0.726146
0.611349
0.435852
0.317985
)
;

boundaryField
{
    movingWall
    {
        type            calculated;
        value           uniform 1;
    }
    fixedWalls
    {
        type            calculated;
        value           uniform 0;
    }
    frontAndBack
    {
        type            empty;
    }
}


// ************************************************************************* //
