/*--------------------------------*- C++ -*----------------------------------*\
  =========                 |
  \\      /  F ield         | OpenFOAM: The Open Source CFD Toolbox
   \\    /   O peration     | Website:  https://openfoam.org
    \\  /    A nd           | Version:  dev
     \\/     M anipulation  |
\*---------------------------------------------------------------------------*/
FoamFile
{
    format      ascii;
    class       volScalarField;
    location    "23.4";
    object      Ux;
}
// * * * * * * * * * * * * * * * * * * * * * * * * * * * * * * * * * * * * * //

dimensions      [0 1 -1 0 0 0 0];

internalField   nonuniform List<scalar> 
5184
(
1.22491e-05
4.50316e-05
8.02115e-05
9.58642e-05
8.2027e-05
3.63338e-05
-4.06621e-05
-0.000146941
-0.000279711
-0.000435917
-0.000612438
-0.000806245
-0.00101447
-0.00123445
-0.00146372
-0.00170004
-0.00194132
-0.00218566
-0.00243127
-0.00267648
-0.00291966
-0.00315927
-0.00339378
-0.00362166
-0.00384138
-0.00405142
-0.00425021
-0.00443618
-0.00460776
-0.00476336
-0.00490143
-0.00502045
-0.00511896
-0.00519557
-0.00524904
-0.00527824
-0.00528224
-0.0052603
-0.00521193
-0.00513689
-0.00503526
-0.00490739
-0.00475401
-0.00457615
-0.00437523
-0.004153
-0.00391154
-0.00365329
-0.00338096
-0.00309757
-0.00280633
-0.00251069
-0.00221421
-0.00192053
-0.00163333
-0.00135625
-0.00109282
-0.000846415
-0.000620175
-0.000416952
-0.000239243
-8.9125e-05
3.18133e-05
0.000122557
0.000182774
0.000212964
0.000214712
0.000191064
0.000147045
9.07414e-05
3.66115e-05
6.22628e-06
2.07884e-05
6.54872e-05
9.45433e-05
7.26175e-05
-1.91166e-05
-0.000187463
-0.000432998
-0.000752504
-0.00114044
-0.00159002
-0.00209392
-0.00264467
-0.00323498
-0.00385786
-0.00450671
-0.00517533
-0.00585794
-0.00654908
-0.00724362
-0.0079367
-0.0086236
-0.00929978
-0.00996076
-0.0106021
-0.0112195
-0.0118084
-0.0123646
-0.0128834
-0.0133607
-0.013792
-0.0141732
-0.0145
-0.0147686
-0.0149755
-0.0151173
-0.0151911
-0.0151947
-0.0151262
-0.0149846
-0.0147694
-0.014481
-0.0141207
-0.0136905
-0.0131936
-0.0126338
-0.012016
-0.011346
-0.0106303
-0.00987644
-0.00909238
-0.00828686
-0.00746905
-0.00664847
-0.00583486
-0.00503799
-0.00426752
-0.00353283
-0.00284284
-0.00220582
-0.00162924
-0.00111958
-0.000682144
-0.000320836
-3.79455e-05
0.000166157
0.00029339
0.000348497
0.000339738
0.000279593
0.0001859
8.63077e-05
1.9668e-05
1.76004e-05
4.12282e-05
1.94508e-05
-8.41548e-05
-0.000290362
-0.000607908
-0.00103805
-0.00157697
-0.00221751
-0.00295049
-0.00376563
-0.00465223
-0.00559957
-0.0065972
-0.00763507
-0.00870362
-0.00979378
-0.0108969
-0.0120049
-0.0131099
-0.0142042
-0.0152806
-0.0163317
-0.0173506
-0.01833
-0.019263
-0.0201425
-0.0209616
-0.0217134
-0.0223912
-0.0229883
-0.0234985
-0.0239159
-0.024235
-0.0244509
-0.0245594
-0.0245571
-0.0244415
-0.0242111
-0.0238655
-0.0234056
-0.0228335
-0.0221527
-0.0213681
-0.0204858
-0.0195135
-0.0184601
-0.0173358
-0.016152
-0.0149211
-0.0136565
-0.0123721
-0.0110824
-0.00980235
-0.00854677
-0.00733036
-0.00616737
-0.0050713
-0.00405471
-0.00312886
-0.00230347
-0.00158646
-0.000983542
-0.000497963
-0.000130039
0.000123298
0.000269132
0.000319298
0.000290914
0.00020719
0.000102364
2.49581e-05
8.81727e-06
-7.0747e-06
-0.00010766
-0.000322398
-0.000669516
-0.00115741
-0.00178682
-0.00255299
-0.00344736
-0.00445893
-0.00557521
-0.006783
-0.00806892
-0.0094197
-0.0108225
-0.0122648
-0.0137347
-0.015221
-0.0167125
-0.0181989
-0.0196698
-0.0211153
-0.0225257
-0.0238913
-0.0252026
-0.0264501
-0.0276245
-0.0287166
-0.0297171
-0.0306173
-0.0314085
-0.0320826
-0.032632
-0.0330496
-0.0333293
-0.0334657
-0.0334547
-0.0332932
-0.0329796
-0.0325135
-0.0318965
-0.0311315
-0.0302232
-0.0291781
-0.0280045
-0.0267124
-0.0253135
-0.0238211
-0.02225
-0.0206163
-0.0189372
-0.0172308
-0.015516
-0.0138118
-0.0121375
-0.0105119
-0.00895354
-0.00747968
-0.00610652
-0.00484853
-0.00371822
-0.00272567
-0.00187823
-0.00118003
-0.000631543
-0.00022907
3.58503e-05
0.000177099
0.000214387
0.000173859
9.2928e-05
2.40063e-05
-2.13665e-06
-6.73114e-05
-0.000264088
-0.000609624
-0.0011164
-0.00179062
-0.00263128
-0.00363202
-0.0047827
-0.00607064
-0.00748147
-0.00899996
-0.0106105
-0.0122976
-0.014046
-0.0158408
-0.0176676
-0.0195127
-0.0213627
-0.0232046
-0.0250259
-0.0268142
-0.0285576
-0.0302439
-0.0318616
-0.0333989
-0.0348444
-0.0361868
-0.0374149
-0.0385181
-0.039486
-0.0403089
-0.0409776
-0.0414838
-0.0418202
-0.0419808
-0.0419605
-0.0417561
-0.0413658
-0.0407895
-0.0400292
-0.0390886
-0.0379737
-0.0366922
-0.0352544
-0.0336722
-0.0319598
-0.0301331
-0.0282099
-0.0262093
-0.024152
-0.0220596
-0.0199544
-0.0178594
-0.0157973
-0.0137908
-0.0118618
-0.010031
-0.00831776
-0.00673933
-0.00531067
-0.0040439
-0.00294791
-0.00202782
-0.00128459
-0.000714468
-0.00030847
-5.18434e-05
7.62706e-05
0.000103356
6.74037e-05
1.9644e-05
-1.36976e-05
-0.000132807
-0.000435685
-0.000924279
-0.00160321
-0.00247502
-0.00353588
-0.0047771
-0.00618658
-0.00774981
-0.00945068
-0.0112721
-0.0131967
-0.0152068
-0.0172852
-0.0194151
-0.0215799
-0.0237638
-0.0259512
-0.028127
-0.0302766
-0.0323856
-0.0344397
-0.036425
-0.0383278
-0.0401345
-0.0418316
-0.0434061
-0.044845
-0.0461361
-0.0472674
-0.0482277
-0.0490068
-0.049595
-0.0499844
-0.0501679
-0.0501402
-0.0498976
-0.0494383
-0.0487624
-0.0478723
-0.0467725
-0.0454699
-0.0439735
-0.0422951
-0.0404484
-0.0384495
-0.0363167
-0.0340703
-0.0317321
-0.0293256
-0.0268754
-0.0244071
-0.0219467
-0.0195203
-0.0171537
-0.0148719
-0.0126988
-0.0106563
-0.00876453
-0.00704058
-0.00549861
-0.00414908
-0.00299835
-0.00204821
-0.0012954
-0.000731141
-0.000340738
-0.000103246
8.94389e-06
3.24026e-05
1.36007e-05
-2.51804e-05
-0.000199935
-0.000613804
-0.0012523
-0.00211094
-0.00318758
-0.00447465
-0.00596043
-0.00763044
-0.00946814
-0.0114556
-0.0135739
-0.0158039
-0.0181264
-0.0205224
-0.0229731
-0.0254603
-0.0279661
-0.0304734
-0.032965
-0.0354245
-0.0378356
-0.0401822
-0.0424486
-0.0446192
-0.0466786
-0.0486118
-0.050404
-0.0520409
-0.0535085
-0.0547936
-0.0558838
-0.0567677
-0.0574347
-0.0578759
-0.0580838
-0.0580525
-0.0577781
-0.0572586
-0.0564943
-0.0554879
-0.0542446
-0.0527718
-0.05108
-0.0491818
-0.0470926
-0.0448302
-0.0424149
-0.0398689
-0.0372166
-0.0344838
-0.0316978
-0.028887
-0.0260802
-0.0233064
-0.0205942
-0.0179717
-0.0154654
-0.0131
-0.010898
-0.00887879
-0.00705861
-0.00544966
-0.0040598
-0.00289202
-0.00194406
-0.00120797
-0.000669832
-0.000309455
-0.000100028
-7.79352e-06
6.84281e-06
-3.63254e-05
-0.000266809
-0.000793327
-0.00158475
-0.00262693
-0.00391229
-0.00542889
-0.00716143
-0.00909261
-0.0112036
-0.0134744
-0.0158844
-0.0184129
-0.0210389
-0.0237419
-0.0265016
-0.0292981
-0.0321121
-0.0349246
-0.037717
-0.0404711
-0.043169
-0.0457931
-0.048326
-0.0507504
-0.0530496
-0.0552069
-0.0572061
-0.0590314
-0.0606677
-0.0621006
-0.0633163
-0.0643026
-0.065048
-0.0655428
-0.0657789
-0.0657499
-0.0654516
-0.0648818
-0.064041
-0.062932
-0.0615603
-0.0599341
-0.0580645
-0.0559653
-0.053653
-0.0511468
-0.0484686
-0.0456425
-0.0426948
-0.0396536
-0.0365486
-0.0334104
-0.0302706
-0.0271608
-0.0241125
-0.0211563
-0.0183214
-0.0156352
-0.0131227
-0.0108057
-0.00870246
-0.00682729
-0.0051898
-0.00379458
-0.0026408
-0.00172189
-0.0010253
-0.000532219
-0.000217323
-5.05191e-05
-9.8844e-08
-4.70361e-05
-0.000332448
-0.000971258
-0.00191603
-0.00314277
-0.00463811
-0.00638526
-0.00836493
-0.0105567
-0.012939
-0.0154899
-0.0181869
-0.0210075
-0.0239294
-0.0269304
-0.029989
-0.0330839
-0.0361943
-0.0392999
-0.0423806
-0.0454167
-0.0483891
-0.0512785
-0.0540663
-0.0567338
-0.0592628
-0.0616353
-0.0638339
-0.0658415
-0.0676418
-0.0692192
-0.0705592
-0.0716483
-0.0724744
-0.073027
-0.0732973
-0.0732784
-0.0729657
-0.072357
-0.0714523
-0.0702546
-0.0687697
-0.0670062
-0.0649755
-0.0626923
-0.0601741
-0.0574413
-0.0545169
-0.0514266
-0.0481986
-0.0448628
-0.0414509
-0.0379961
-0.0345322
-0.0310934
-0.0277138
-0.0244267
-0.0212639
-0.0182557
-0.0154295
-0.0128096
-0.0104168
-0.00826762
-0.00637371
-0.00474166
-0.00337253
-0.00226154
-0.001398
-0.000764972
-0.000339042
-9.42167e-05
-6.9543e-06
-5.73013e-05
-0.000396369
-0.00114586
-0.00224262
-0.0036529
-0.0053574
-0.00733419
-0.00955972
-0.0120101
-0.0146611
-0.0174883
-0.0204674
-0.0235743
-0.0267851
-0.0300764
-0.0334253
-0.0368091
-0.040206
-0.0435944
-0.0469529
-0.0502608
-0.0534976
-0.0566428
-0.0596764
-0.0625788
-0.0653303
-0.067912
-0.0703052
-0.0724917
-0.0744541
-0.0761758
-0.0776414
-0.0788365
-0.079748
-0.0803649
-0.0806774
-0.0806784
-0.0803625
-0.0797271
-0.0787722
-0.0775005
-0.0759176
-0.0740325
-0.0718568
-0.0694058
-0.0666974
-0.063753
-0.0605968
-0.0572557
-0.0537593
-0.0501394
-0.0464296
-0.0426651
-0.0388823
-0.0351176
-0.0314079
-0.0277891
-0.024296
-0.0209614
-0.0178155
-0.0148857
-0.0121951
-0.00976288
-0.00760319
-0.00572494
-0.00413143
-0.0028201
-0.00178249
-0.00100385
-0.000462971
-0.00013807
-1.3608e-05
-6.71389e-05
-0.000458349
-0.00131614
-0.0025623
-0.00415362
-0.00606482
-0.00826876
-0.0107374
-0.0134433
-0.0163593
-0.0194586
-0.0227148
-0.0261022
-0.0295954
-0.0331697
-0.0368009
-0.0404655
-0.0441404
-0.0478028
-0.0514306
-0.0550018
-0.0584948
-0.0618883
-0.0651611
-0.0682924
-0.0712618
-0.074049
-0.0766343
-0.0789988
-0.0811239
-0.0829922
-0.0845871
-0.0858935
-0.0868976
-0.0875872
-0.0879521
-0.0879843
-0.0876779
-0.0870297
-0.0860391
-0.0847086
-0.0830436
-0.0810528
-0.0787479
-0.0761444
-0.0732606
-0.0701186
-0.0667432
-0.0631627
-0.0594077
-0.0555116
-0.05151
-0.0474401
-0.0433403
-0.03925
-0.0352082
-0.0312541
-0.0274251
-0.0237571
-0.0202835
-0.0170344
-0.0140361
-0.0113107
-0.00887501
-0.00674076
-0.00491385
-0.00339427
-0.00217608
-0.001247
-0.000588102
-0.000181754
-2.00337e-05
-7.65731e-05
-0.000518283
-0.0014815
-0.00287364
-0.00464239
-0.00675659
-0.00918387
-0.0118917
-0.0148489
-0.0180253
-0.0213917
-0.0249195
-0.0285814
-0.0323505
-0.036201
-0.0401075
-0.0440454
-0.0479907
-0.0519197
-0.0558095
-0.059637
-0.0633799
-0.0670158
-0.0705229
-0.0738792
-0.0770635
-0.0800547
-0.0828321
-0.0853757
-0.0876663
-0.0896854
-0.0914156
-0.0928409
-0.0939464
-0.0947193
-0.0951485
-0.095225
-0.0949423
-0.0942964
-0.093286
-0.0919129
-0.0901821
-0.0881018
-0.0856837
-0.082943
-0.0798982
-0.0765716
-0.0729889
-0.0691788
-0.0651735
-0.0610075
-0.0567181
-0.0523447
-0.0479278
-0.0435093
-0.0391312
-0.0348354
-0.0306627
-0.0266521
-0.0228403
-0.0192608
-0.0159433
-0.012913
-0.01019
-0.00778924
-0.00571943
-0.00398349
-0.00257826
-0.00149404
-0.000714278
-0.000225269
-2.62579e-05
-8.56251e-05
-0.000576122
-0.00164155
-0.00317566
-0.00511738
-0.00742987
-0.0100756
-0.0130176
-0.0162209
-0.0196523
-0.0232799
-0.0270734
-0.0310035
-0.0350421
-0.039162
-0.0433368
-0.0475411
-0.05175
-0.0559391
-0.0600845
-0.0641626
-0.0681502
-0.0720243
-0.0757621
-0.0793411
-0.0827392
-0.0859345
-0.0889055
-0.0916314
-0.0940921
-0.0962682
-0.0981415
-0.0996949
-0.100913
-0.101781
-0.102288
-0.102424
-0.10218
-0.101553
-0.10054
-0.0991415
-0.0973622
-0.0952095
-0.0926945
-0.089832
-0.0866406
-0.0831425
-0.0793636
-0.0753334
-0.0710849
-0.0666541
-0.0620797
-0.057403
-0.052667
-0.0479162
-0.0431954
-0.0385497
-0.0340232
-0.0296587
-0.0254964
-0.0215735
-0.0179234
-0.0145752
-0.0115524
-0.00887344
-0.00655039
-0.00458932
-0.00299009
-0.00174572
-0.000841948
-0.000268836
-3.2339e-05
-9.43101e-05
-0.000631827
-0.00179602
-0.00346762
-0.00557721
-0.00808244
-0.0109408
-0.0141109
-0.0175542
-0.0212342
-0.0251167
-0.0291693
-0.033361
-0.0376622
-0.0420446
-0.0464811
-0.0509452
-0.0554113
-0.0598543
-0.0642498
-0.0685735
-0.0728016
-0.0769105
-0.0808769
-0.0846775
-0.0882896
-0.0916905
-0.0948581
-0.0977709
-0.100408
-0.102749
-0.104774
-0.106467
-0.107809
-0.108787
-0.109387
-0.109598
-0.109411
-0.10882
-0.107822
-0.106417
-0.104607
-0.1024
-0.0998054
-0.0968375
-0.0935143
-0.0898578
-0.0858941
-0.0816531
-0.0771684
-0.0724771
-0.0676197
-0.0626392
-0.057581
-0.0524922
-0.0474209
-0.0424154
-0.0375236
-0.032792
-0.028265
-0.023984
-0.0199865
-0.0163055
-0.0129689
-0.00999876
-0.00741093
-0.00521494
-0.00341386
-0.00200353
-0.00097199
-0.000312827
-3.83551e-05
-0.000102636
-0.000685357
-0.00194467
-0.00374889
-0.00602067
-0.00871242
-0.0117768
-0.0151682
-0.0188443
-0.0227659
-0.0268961
-0.0312005
-0.0356465
-0.0402032
-0.0448412
-0.0495324
-0.0542496
-0.0589667
-0.063658
-0.0682984
-0.0728634
-0.0773285
-0.0816697
-0.0858631
-0.0898851
-0.0937122
-0.0973214
-0.10069
-0.103795
-0.106615
-0.10913
-0.111318
-0.113162
-0.114643
-0.115745
-0.116454
-0.116758
-0.116646
-0.116111
-0.115148
-0.113755
-0.111935
-0.109692
-0.107036
-0.10398
-0.100541
-0.09674
-0.0926035
-0.0881613
-0.0834477
-0.0785006
-0.0733619
-0.0680767
-0.0626925
-0.0572595
-0.0518287
-0.0464523
-0.0411822
-0.036069
-0.0311616
-0.026506
-0.0221444
-0.0181143
-0.0144482
-0.0111724
-0.00830677
-0.00586471
-0.00385272
-0.00226958
-0.00110558
-0.000357714
-4.43963e-05
-0.000110603
-0.00073665
-0.00208722
-0.00401886
-0.00644666
-0.00931808
-0.0125812
-0.0161862
-0.0200873
-0.0242425
-0.0286125
-0.0331608
-0.0378532
-0.0426577
-0.0475439
-0.0524827
-0.0574464
-0.0624082
-0.067342
-0.0722224
-0.0770244
-0.0817233
-0.0862946
-0.0907142
-0.0949579
-0.0990019
-0.102823
-0.106396
-0.109701
-0.112713
-0.115411
-0.117774
-0.119782
-0.121416
-0.122659
-0.123495
-0.123909
-0.123892
-0.123433
-0.122525
-0.121167
-0.119357
-0.117099
-0.114401
-0.111275
-0.107737
-0.103807
-0.0995107
-0.094878
-0.0899434
-0.0847457
-0.0793281
-0.0737373
-0.0680235
-0.0622395
-0.05644
-0.0506809
-0.0450183
-0.0395078
-0.0342029
-0.0291548
-0.0244108
-0.0200136
-0.0160005
-0.0124028
-0.00924476
-0.00654393
-0.00431051
-0.0025464
-0.00124413
-0.000404039
-5.05604e-05
-0.000118205
-0.000785625
-0.00222341
-0.00427691
-0.00685411
-0.00989773
-0.0133515
-0.0171617
-0.0212793
-0.0256593
-0.0302603
-0.0350439
-0.0399744
-0.0450185
-0.0501448
-0.0553236
-0.0605266
-0.0657266
-0.0708971
-0.0760125
-0.0810474
-0.0859769
-0.0907763
-0.0954212
-0.0998872
-0.10415
-0.108186
-0.11197
-0.11548
-0.118693
-0.121585
-0.124134
-0.12632
-0.128123
-0.129523
-0.130504
-0.13105
-0.131148
-0.130786
-0.129957
-0.128654
-0.126877
-0.124626
-0.121908
-0.118732
-0.115113
-0.111071
-0.10663
-0.101819
-0.0966724
-0.0912306
-0.0855372
-0.079641
-0.0735943
-0.067453
-0.0612753
-0.0551213
-0.0490518
-0.0431272
-0.0374066
-0.0319467
-0.0268005
-0.0220163
-0.0176372
-0.0136995
-0.0102326
-0.00725853
-0.00479153
-0.00283677
-0.00138917
-0.000452391
-5.69498e-05
-0.00012543
-0.000832178
-0.0023529
-0.00452237
-0.00724187
-0.0104497
-0.0140854
-0.0180917
-0.0224164
-0.0270118
-0.0318343
-0.0368437
-0.042003
-0.0472777
-0.0526356
-0.0580464
-0.0634811
-0.0689123
-0.0743133
-0.0796582
-0.0849215
-0.0900782
-0.0951035
-0.0999727
-0.104661
-0.109145
-0.113399
-0.1174
-0.121123
-0.124544
-0.12764
-0.130389
-0.132767
-0.134754
-0.136329
-0.137475
-0.138172
-0.138406
-0.138165
-0.137436
-0.136214
-0.134492
-0.132272
-0.129556
-0.126352
-0.122674
-0.118538
-0.113968
-0.108993
-0.103647
-0.097969
-0.0920049
-0.0858047
-0.0794231
-0.0729189
-0.0663542
-0.0597933
-0.053302
-0.0469461
-0.0407908
-0.0348986
-0.0293289
-0.0241365
-0.0193703
-0.0150727
-0.0112786
-0.00801493
-0.00530041
-0.00314375
-0.00154235
-0.000503392
-6.36695e-05
-0.000132259
-0.000876183
-0.00247532
-0.00475452
-0.00760875
-0.0109722
-0.0147806
-0.0189731
-0.0234947
-0.0282952
-0.0333289
-0.038554
-0.0439322
-0.0494278
-0.055008
-0.0606418
-0.0663
-0.0719548
-0.0775794
-0.0831478
-0.0886344
-0.0940144
-0.0992628
-0.104355
-0.109266
-0.113972
-0.118448
-0.122669
-0.126612
-0.13025
-0.133561
-0.13652
-0.139105
-0.141292
-0.14306
-0.144389
-0.145258
-0.145652
-0.145553
-0.14495
-0.143832
-0.142192
-0.140028
-0.137339
-0.134132
-0.130416
-0.126208
-0.121529
-0.116406
-0.110873
-0.10497
-0.0987423
-0.0922416
-0.0855248
-0.0786537
-0.0716941
-0.064715
-0.0577874
-0.050983
-0.0443732
-0.0380274
-0.0320118
-0.0263882
-0.0212123
-0.016533
-0.0123914
-0.00881986
-0.00584202
-0.00347048
-0.0017054
-0.000557682
-7.08259e-05
-0.000138671
-0.000917496
-0.00259028
-0.00497257
-0.0079535
-0.0114634
-0.0154345
-0.0198028
-0.0245104
-0.0295049
-0.0347387
-0.0401685
-0.0457546
-0.0514606
-0.0572529
-0.0631001
-0.0689727
-0.0748427
-0.0806832
-0.0864683
-0.0921725
-0.0977709
-0.103239
-0.108552
-0.113685
-0.118614
-0.123314
-0.12776
-0.131927
-0.135791
-0.139326
-0.142508
-0.145312
-0.147715
-0.149693
-0.151224
-0.152286
-0.152861
-0.15293
-0.152477
-0.15149
-0.149958
-0.147876
-0.145241
-0.142056
-0.138329
-0.134072
-0.129305
-0.124054
-0.118352
-0.112237
-0.105756
-0.0989604
-0.0919105
-0.0846704
-0.0773099
-0.0699025
-0.0625249
-0.055255
-0.048171
-0.0413497
-0.0348648
-0.0287857
-0.0231758
-0.0180913
-0.0135799
-0.00968023
-0.00642135
-0.00382023
-0.00188008
-0.000615917
-7.85266e-05
-0.00014464
-0.00095596
-0.00269733
-0.00517571
-0.00827482
-0.0119215
-0.0160448
-0.0205775
-0.0254595
-0.0306361
-0.036058
-0.0416805
-0.0474629
-0.0533679
-0.0593612
-0.0654112
-0.0714882
-0.0775639
-0.0836117
-0.0896056
-0.0955205
-0.101332
-0.107014
-0.112545
-0.117898
-0.123049
-0.127974
-0.132647
-0.137044
-0.14114
-0.144907
-0.148322
-0.151359
-0.153992
-0.156197
-0.157949
-0.159225
-0.160004
-0.160264
-0.159987
-0.159157
-0.157761
-0.15579
-0.153238
-0.150104
-0.146392
-0.142113
-0.137284
-0.131928
-0.126076
-0.119766
-0.113045
-0.105964
-0.0985865
-0.0909782
-0.083213
-0.0753693
-0.0675293
-0.0597778
-0.0522002
-0.0448813
-0.037903
-0.0313431
-0.0252735
-0.0197583
-0.014853
-0.010603
-0.00704349
-0.00419631
-0.00206818
-0.00067876
-8.68801e-05
-0.000150138
-0.000991406
-0.00279602
-0.00536307
-0.00857136
-0.0123446
-0.0166087
-0.021294
-0.0263379
-0.0316839
-0.0372812
-0.0430837
-0.0490496
-0.0551411
-0.0613235
-0.0675646
-0.0738347
-0.0801056
-0.0863508
-0.0925445
-0.0986619
-0.104678
-0.11057
-0.116313
-0.121882
-0.127254
-0.132404
-0.137306
-0.141936
-0.146268
-0.150275
-0.153932
-0.157212
-0.160089
-0.162536
-0.164527
-0.166037
-0.167041
-0.167516
-0.167441
-0.166796
-0.165565
-0.163735
-0.161295
-0.158242
-0.154577
-0.150306
-0.145443
-0.140008
-0.134031
-0.127547
-0.120602
-0.11325
-0.105553
-0.0975811
-0.0894105
-0.0811249
-0.0728124
-0.0645646
-0.056475
-0.0486366
-0.0411405
-0.0340738
-0.0275176
-0.0215449
-0.0162197
-0.0115953
-0.00771355
-0.00460204
-0.00227151
-0.000746879
-9.59954e-05
-0.000155136
-0.00102366
-0.00288588
-0.00553379
-0.00884178
-0.0127307
-0.0171238
-0.0219491
-0.0271417
-0.0326437
-0.0384026
-0.0443713
-0.0505072
-0.0567718
-0.0631299
-0.0695493
-0.0760002
-0.0824545
-0.0888858
-0.0952688
-0.101579
-0.107792
-0.113885
-0.119834
-0.125614
-0.131203
-0.136575
-0.141705
-0.146569
-0.15114
-0.155392
-0.159298
-0.162831
-0.165963
-0.168666
-0.170913
-0.172675
-0.173926
-0.17464
-0.174792
-0.17436
-0.173323
-0.171664
-0.169369
-0.166431
-0.162845
-0.158615
-0.153749
-0.148266
-0.142191
-0.135559
-0.128414
-0.120808
-0.112805
-0.104477
-0.0959044
-0.0871747
-0.0783823
-0.0696259
-0.0610072
-0.0526284
-0.0445904
-0.0369904
-0.0299196
-0.0234612
-0.0176887
-0.0126639
-0.00843659
-0.00504076
-0.00249187
-0.000820948
-0.000105982
-0.000159603
-0.00105254
-0.00296645
-0.00568702
-0.00908474
-0.013078
-0.0175876
-0.0225395
-0.027867
-0.0335106
-0.0394166
-0.0455369
-0.0518281
-0.0582512
-0.0647708
-0.0713544
-0.0779723
-0.0845967
-0.0912015
-0.0977618
-0.104253
-0.110653
-0.116937
-0.123083
-0.129067
-0.134866
-0.140456
-0.145811
-0.150908
-0.155719
-0.160218
-0.164378
-0.168171
-0.171567
-0.174539
-0.177055
-0.179086
-0.180604
-0.181579
-0.181984
-0.181791
-0.180978
-0.179522
-0.177406
-0.174617
-0.171146
-0.166993
-0.162161
-0.156664
-0.150524
-0.143774
-0.136454
-0.128618
-0.120328
-0.111658
-0.102691
-0.093519
-0.0842429
-0.0749685
-0.0658059
-0.0568673
-0.048264
-0.0401042
-0.0324905
-0.0255172
-0.0192683
-0.0138156
-0.00921761
-0.00551577
-0.00273108
-0.000901636
-0.00011695
-0.000163512
-0.00107789
-0.00303729
-0.00582193
-0.00929898
-0.0133846
-0.0179977
-0.0230623
-0.0285101
-0.0342802
-0.0403179
-0.0465741
-0.053005
-0.059571
-0.0662364
-0.0729689
-0.0797387
-0.0865185
-0.0932824
-0.100006
-0.106666
-0.113239
-0.119703
-0.126036
-0.132214
-0.138214
-0.144014
-0.149589
-0.154914
-0.159963
-0.164709
-0.169125
-0.173181
-0.176849
-0.180097
-0.182895
-0.185211
-0.187013
-0.18827
-0.18895
-0.189024
-0.188464
-0.187244
-0.185341
-0.182738
-0.17942
-0.175382
-0.170622
-0.165151
-0.158985
-0.152152
-0.144691
-0.136653
-0.1281
-0.119107
-0.109759
-0.100152
-0.0903929
-0.0805947
-0.0708767
-0.061361
-0.0521704
-0.0434252
-0.0352402
-0.027722
-0.0209665
-0.0150568
-0.0100615
-0.0060303
-0.00299092
-0.000989618
-0.000129013
-0.000166833
-0.00109955
-0.00309797
-0.00593779
-0.00948333
-0.013649
-0.018352
-0.0235146
-0.0290674
-0.0349482
-0.0411013
-0.047477
-0.0540308
-0.0607228
-0.0675173
-0.0743819
-0.0812871
-0.0882057
-0.0951126
-0.101984
-0.108796
-0.115529
-0.122158
-0.128664
-0.135024
-0.141215
-0.147215
-0.153001
-0.158547
-0.163828
-0.168817
-0.173487
-0.177808
-0.18175
-0.185281
-0.18837
-0.190982
-0.193083
-0.19464
-0.195619
-0.195985
-0.195707
-0.194754
-0.193099
-0.190719
-0.187595
-0.183713
-0.17907
-0.173666
-0.167516
-0.160642
-0.153078
-0.144874
-0.136089
-0.126799
-0.117089
-0.107061
-0.0968249
-0.0865022
-0.0762209
-0.0661141
-0.0563165
-0.0469613
-0.0381769
-0.0300837
-0.0227908
-0.0163938
-0.0109729
-0.00658754
-0.00327316
-0.00108556
-0.000142282
-0.000169544
-0.00111737
-0.00314816
-0.00603392
-0.00963677
-0.0138697
-0.0186484
-0.023894
-0.0295358
-0.0355107
-0.0417622
-0.0482399
-0.0548988
-0.061699
-0.0686045
-0.075583
-0.0826054
-0.0896448
-0.0966766
-0.103678
-0.110626
-0.1175
-0.124278
-0.130941
-0.137467
-0.143835
-0.150022
-0.156006
-0.161762
-0.167266
-0.172492
-0.17741
-0.181993
-0.186209
-0.190026
-0.19341
-0.196327
-0.19874
-0.200613
-0.201909
-0.20259
-0.202621
-0.201967
-0.200595
-0.198477
-0.195587
-0.191907
-0.187425
-0.182138
-0.176051
-0.169182
-0.161561
-0.153233
-0.144254
-0.134699
-0.124655
-0.114225
-0.103525
-0.0926826
-0.0818354
-0.0711273
-0.0607059
-0.0507182
-0.0413076
-0.0326095
-0.0247478
-0.0178324
-0.0119563
-0.00719057
-0.00357954
-0.00119014
-0.000156873
-0.000171624
-0.00113126
-0.00318754
-0.00610979
-0.00975848
-0.0140455
-0.0188854
-0.0241984
-0.0299128
-0.0359645
-0.0422966
-0.0488579
-0.0556033
-0.0624925
-0.0694896
-0.0765626
-0.0836823
-0.0908227
-0.0979596
-0.105071
-0.112134
-0.11913
-0.126039
-0.13284
-0.139514
-0.14604
-0.152397
-0.158563
-0.164516
-0.17023
-0.17568
-0.180838
-0.185675
-0.190161
-0.194261
-0.197943
-0.201169
-0.203902
-0.206103
-0.207733
-0.20875
-0.209116
-0.20879
-0.207736
-0.205917
-0.203305
-0.199872
-0.195601
-0.19048
-0.184509
-0.177698
-0.170072
-0.161668
-0.152542
-0.142763
-0.13242
-0.121616
-0.110472
-0.0991212
-0.0877112
-0.0763968
-0.0653388
-0.0546992
-0.0446373
-0.0353052
-0.0268434
-0.0193776
-0.013016
-0.00784235
-0.00391176
-0.00130402
-0.000172904
-0.000173057
-0.00114112
-0.00321593
-0.00616505
-0.00984788
-0.0141756
-0.019062
-0.0244263
-0.0301962
-0.036307
-0.0427011
-0.0493269
-0.0561391
-0.0630972
-0.0701654
-0.0773117
-0.0845075
-0.0917272
-0.0989473
-0.106146
-0.113303
-0.120399
-0.127415
-0.134333
-0.141133
-0.147797
-0.154304
-0.160634
-0.166764
-0.172671
-0.17833
-0.183713
-0.188793
-0.193539
-0.197917
-0.201892
-0.205428
-0.208485
-0.211022
-0.212998
-0.214369
-0.215092
-0.215122
-0.214417
-0.212937
-0.210644
-0.207506
-0.203496
-0.198596
-0.192798
-0.186103
-0.178529
-0.170108
-0.160887
-0.150934
-0.140335
-0.129194
-0.117634
-0.105796
-0.0938335
-0.0819138
-0.0702114
-0.0589042
-0.0481687
-0.0381751
-0.0290824
-0.0210343
-0.0141558
-0.00854568
-0.00427147
-0.00142785
-0.000190494
-0.000173836
-0.00114692
-0.00323322
-0.00619951
-0.00990468
-0.0142595
-0.0191773
-0.0245767
-0.0303848
-0.0365364
-0.0429734
-0.0496439
-0.0565023
-0.0635081
-0.0706254
-0.0778227
-0.0850717
-0.0923474
-0.0996268
-0.106889
-0.114115
-0.121287
-0.128386
-0.135395
-0.142297
-0.149074
-0.155706
-0.162176
-0.168461
-0.174539
-0.180387
-0.185978
-0.191284
-0.196276
-0.200919
-0.20518
-0.20902
-0.2124
-0.215278
-0.217608
-0.219346
-0.220444
-0.220854
-0.22053
-0.219424
-0.217493
-0.214697
-0.211001
-0.20638
-0.200814
-0.194299
-0.186842
-0.178466
-0.169213
-0.159145
-0.148343
-0.136912
-0.124974
-0.112676
-0.10018
-0.0876637
-0.0753154
-0.0633297
-0.0519017
-0.0412215
-0.0314684
-0.0228063
-0.0153791
-0.00930319
-0.00466025
-0.00156229
-0.000209764
-0.00017396
-0.00114867
-0.00323945
-0.00621324
-0.00992898
-0.0142973
-0.0192314
-0.0246495
-0.0304782
-0.036652
-0.0431122
-0.0498069
-0.0566901
-0.0637214
-0.070865
-0.0780895
-0.0853673
-0.0926737
-0.0999868
-0.107287
-0.114555
-0.121774
-0.128928
-0.136001
-0.142977
-0.149838
-0.156569
-0.163151
-0.169564
-0.175788
-0.1818
-0.187575
-0.193086
-0.198304
-0.203197
-0.207729
-0.211864
-0.21556
-0.218776
-0.221464
-0.223577
-0.225065
-0.225876
-0.225958
-0.22526
-0.223731
-0.221324
-0.217996
-0.213711
-0.208443
-0.202175
-0.194904
-0.186645
-0.177431
-0.167315
-0.156374
-0.144708
-0.132442
-0.119723
-0.106722
-0.0936255
-0.0806371
-0.0679681
-0.0558334
-0.0444447
-0.0340036
-0.0246965
-0.0166891
-0.0101173
-0.00507961
-0.00170796
-0.000230839
-0.000173438
-0.00114643
-0.00323481
-0.00620656
-0.00992125
-0.0142897
-0.0192251
-0.0246454
-0.0304771
-0.0366541
-0.0431176
-0.0498155
-0.0567015
-0.0637352
-0.070881
-0.0781078
-0.0853884
-0.0926988
-0.100018
-0.107326
-0.114607
-0.121845
-0.129024
-0.13613
-0.143148
-0.150063
-0.15686
-0.163523
-0.170033
-0.176372
-0.182519
-0.18845
-0.194139
-0.199559
-0.204678
-0.209463
-0.213876
-0.217877
-0.221423
-0.224466
-0.226957
-0.228844
-0.230071
-0.230583
-0.230322
-0.229233
-0.22726
-0.224353
-0.220465
-0.21556
-0.209609
-0.202601
-0.194537
-0.185439
-0.175353
-0.164346
-0.152513
-0.139978
-0.126888
-0.11342
-0.0997711
-0.0861571
-0.0728073
-0.0599575
-0.0478425
-0.0366885
-0.026707
-0.0180881
-0.01099
-0.00553095
-0.0018655
-0.000253845
-0.00017229
-0.00114032
-0.00321962
-0.00618013
-0.00988246
-0.0142379
-0.0191598
-0.0245662
-0.0303831
-0.0365445
-0.0429912
-0.0496707
-0.0565369
-0.0635492
-0.0706722
-0.0778752
-0.0851313
-0.0924173
-0.0997128
-0.107
-0.114262
-0.121486
-0.128656
-0.135761
-0.142787
-0.149721
-0.15655
-0.163258
-0.169831
-0.17625
-0.182497
-0.188551
-0.194387
-0.199979
-0.205297
-0.210309
-0.214979
-0.219266
-0.223128
-0.226517
-0.229383
-0.231672
-0.233326
-0.234285
-0.234487
-0.233871
-0.232375
-0.229938
-0.226506
-0.22203
-0.216472
-0.209805
-0.20202
-0.193125
-0.183153
-0.172164
-0.160244
-0.147511
-0.134113
-0.120229
-0.106065
-0.0918495
-0.0778301
-0.0642637
-0.0514099
-0.0395218
-0.0288386
-0.0195777
-0.0119232
-0.00601555
-0.00203549
-0.00027891
-0.000170545
-0.00113056
-0.00319445
-0.00613492
-0.0098141
-0.014144
-0.0190381
-0.0244146
-0.0301995
-0.0363265
-0.0427361
-0.0493757
-0.056199
-0.0631655
-0.0702399
-0.0773918
-0.0845949
-0.0918267
-0.0990676
-0.106301
-0.113511
-0.120686
-0.127812
-0.134879
-0.141876
-0.148791
-0.155612
-0.162328
-0.168923
-0.175385
-0.181694
-0.187832
-0.193778
-0.199507
-0.204991
-0.210199
-0.215097
-0.219647
-0.223805
-0.227525
-0.230756
-0.233443
-0.235527
-0.236944
-0.237629
-0.237515
-0.236533
-0.234615
-0.231696
-0.227716
-0.222624
-0.216381
-0.208963
-0.200363
-0.190601
-0.179723
-0.167806
-0.154959
-0.141328
-0.127091
-0.112462
-0.0976816
-0.0830135
-0.0687373
-0.0551387
-0.0424999
-0.0310906
-0.0211591
-0.0129183
-0.00653453
-0.00221849
-0.000306164
-0.000168248
-0.0011174
-0.00316004
-0.00607232
-0.00971825
-0.0140106
-0.0188634
-0.0241948
-0.0299309
-0.0360049
-0.0423574
-0.0489354
-0.0556926
-0.0625883
-0.0695875
-0.0766603
-0.0837807
-0.0909271
-0.0980806
-0.105226
-0.112349
-0.119438
-0.126482
-0.133473
-0.1404
-0.147254
-0.154027
-0.160707
-0.167283
-0.173743
-0.180072
-0.186254
-0.192268
-0.198093
-0.203704
-0.209072
-0.214165
-0.218946
-0.223373
-0.227402
-0.230981
-0.234056
-0.236566
-0.238446
-0.239627
-0.240037
-0.239602
-0.238245
-0.235892
-0.232473
-0.227922
-0.222187
-0.215227
-0.20702
-0.19757
-0.186907
-0.175093
-0.162229
-0.148452
-0.133941
-0.118911
-0.103613
-0.0883287
-0.073359
-0.0590172
-0.0456168
-0.033461
-0.0228322
-0.0139761
-0.00708885
-0.00241504
-0.000335739
-0.000165457
-0.00110122
-0.00311737
-0.00599414
-0.00959767
-0.0138416
-0.0186404
-0.0239124
-0.0295834
-0.0355867
-0.0418623
-0.0483572
-0.0550247
-0.0618245
-0.0687216
-0.0756862
-0.0826934
-0.0897219
-0.0967541
-0.103775
-0.110774
-0.117738
-0.124661
-0.131533
-0.138348
-0.145099
-0.151778
-0.158377
-0.164888
-0.171301
-0.177603
-0.183781
-0.189818
-0.195695
-0.201389
-0.206875
-0.212123
-0.217098
-0.221762
-0.22607
-0.229974
-0.233419
-0.236344
-0.238683
-0.240366
-0.241315
-0.241452
-0.240693
-0.238955
-0.236156
-0.232218
-0.227074
-0.220665
-0.212954
-0.203923
-0.193586
-0.181989
-0.169216
-0.155396
-0.140701
-0.125348
-0.109596
-0.0937398
-0.0781041
-0.0630299
-0.0488639
-0.0359457
-0.0245959
-0.0150971
-0.00767925
-0.0026256
-0.000367763
-0.000162247
-0.00108249
-0.0030677
-0.00590268
-0.00945584
-0.0136417
-0.018375
-0.0235743
-0.0291653
-0.0350806
-0.0412602
-0.0476507
-0.0542054
-0.0608838
-0.0676512
-0.0744784
-0.0813407
-0.088218
-0.0950936
-0.101954
-0.108789
-0.115589
-0.122347
-0.129058
-0.135716
-0.142317
-0.148855
-0.155326
-0.161723
-0.168039
-0.174264
-0.180389
-0.186399
-0.192278
-0.198007
-0.203564
-0.208922
-0.214049
-0.21891
-0.223462
-0.22766
-0.231449
-0.23477
-0.237557
-0.239738
-0.241234
-0.24196
-0.241828
-0.240746
-0.238622
-0.235366
-0.230893
-0.225129
-0.218017
-0.209519
-0.199626
-0.188366
-0.175806
-0.162058
-0.147285
-0.131702
-0.115573
-0.0992044
-0.0829425
-0.0671569
-0.0522294
-0.038539
-0.0264483
-0.0162812
-0.00830624
-0.00285061
-0.000402368
-0.000158707
-0.00106176
-0.00301258
-0.00580076
-0.00929705
-0.0134167
-0.0180747
-0.0231895
-0.0286864
-0.0344977
-0.040563
-0.0468284
-0.0532472
-0.0597789
-0.066389
-0.0730487
-0.0797341
-0.0864258
-0.0931084
-0.0997698
-0.106401
-0.112994
-0.119545
-0.126049
-0.132504
-0.138907
-0.145255
-0.151547
-0.157779
-0.163946
-0.170042
-0.176061
-0.18199
-0.187819
-0.193532
-0.199108
-0.204526
-0.209757
-0.214769
-0.219524
-0.223977
-0.228077
-0.231767
-0.234983
-0.23765
-0.239689
-0.241014
-0.241529
-0.241137
-0.239735
-0.237221
-0.233496
-0.228468
-0.222057
-0.214206
-0.204883
-0.19409
-0.181873
-0.168325
-0.153596
-0.137893
-0.121479
-0.104672
-0.0878379
-0.0713738
-0.0556983
-0.0412328
-0.0283857
-0.0175275
-0.00897006
-0.00309042
-0.000439682
-0.00015495
-0.00103973
-0.00295386
-0.00569182
-0.00912651
-0.0131736
-0.0177483
-0.0227685
-0.0281589
-0.0338515
-0.0397851
-0.0459056
-0.0521659
-0.0585257
-0.0649507
-0.0714126
-0.0778884
-0.0843597
-0.0908121
-0.0972351
-0.103621
-0.109964
-0.116263
-0.122514
-0.128717
-0.134872
-0.140981
-0.147042
-0.153055
-0.159019
-0.164932
-0.170788
-0.176582
-0.182305
-0.187945
-0.193486
-0.19891
-0.204192
-0.209305
-0.214214
-0.218877
-0.223249
-0.227274
-0.230888
-0.234021
-0.236592
-0.238513
-0.239686
-0.240007
-0.239366
-0.237647
-0.234739
-0.230531
-0.224924
-0.217835
-0.209208
-0.199018
-0.187284
-0.174078
-0.159528
-0.143828
-0.12724
-0.110086
-0.0927477
-0.0756513
-0.0592521
-0.0440167
-0.0304035
-0.0188344
-0.00967064
-0.00334532
-0.000479831
-0.000151106
-0.00101722
-0.00289378
-0.00557994
-0.00895043
-0.012921
-0.0174064
-0.0223239
-0.0275975
-0.0331581
-0.0389439
-0.0449005
-0.0509804
-0.0571434
-0.0633556
-0.0695893
-0.0758224
-0.0820376
-0.0882219
-0.0943664
-0.100465
-0.106515
-0.112514
-0.118464
-0.124367
-0.130225
-0.13604
-0.141817
-0.147557
-0.153263
-0.158936
-0.164574
-0.170174
-0.175733
-0.181242
-0.18669
-0.192062
-0.197339
-0.202497
-0.207507
-0.212331
-0.216926
-0.221243
-0.22522
-0.228788
-0.23187
-0.234375
-0.236205
-0.237252
-0.237397
-0.236517
-0.234486
-0.231176
-0.226468
-0.220254
-0.212449
-0.203002
-0.1919
-0.179186
-0.164964
-0.14941
-0.132773
-0.11538
-0.097623
-0.079955
-0.0628686
-0.0468778
-0.0324953
-0.0201996
-0.0104076
-0.00361551
-0.000522939
-0.000147334
-0.00099521
-0.00283498
-0.00546995
-0.00877611
-0.0126688
-0.0170616
-0.0218708
-0.0270191
-0.0324363
-0.0380598
-0.0438345
-0.0497128
-0.0556546
-0.0616265
-0.0676015
-0.0735584
-0.0794815
-0.0853593
-0.0911844
-0.0969529
-0.102664
-0.108318
-0.113919
-0.119471
-0.124979
-0.130449
-0.135888
-0.1413
-0.146692
-0.152067
-0.157428
-0.162776
-0.168111
-0.173429
-0.178723
-0.183984
-0.189196
-0.194341
-0.199393
-0.204321
-0.209088
-0.213647
-0.217941
-0.221906
-0.225466
-0.228533
-0.231008
-0.23278
-0.233727
-0.233717
-0.232612
-0.230268
-0.226546
-0.221313
-0.214458
-0.205893
-0.195576
-0.183514
-0.169782
-0.154528
-0.137988
-0.120481
-0.102408
-0.0842451
-0.0665217
-0.0498007
-0.0346531
-0.02162
-0.0111802
-0.00390113
-0.000569128
-0.000143816
-0.000974848
-0.00278055
-0.00536752
-0.00861216
-0.0124285
-0.0167285
-0.0214265
-0.0264436
-0.0317081
-0.0371563
-0.0427326
-0.048389
-0.0540857
-0.0597898
-0.0654754
-0.0711226
-0.0767171
-0.0822493
-0.0877137
-0.0931087
-0.0984353
-0.103697
-0.1089
-0.114051
-0.119158
-0.12423
-0.129275
-0.134304
-0.139325
-0.144344
-0.14937
-0.154407
-0.159458
-0.164524
-0.169603
-0.17469
-0.179775
-0.184844
-0.189878
-0.194851
-0.199731
-0.204475
-0.209035
-0.213349
-0.217346
-0.220941
-0.224037
-0.226523
-0.228273
-0.22915
-0.229006
-0.227684
-0.225025
-0.220872
-0.215085
-0.207543
-0.198165
-0.186922
-0.173851
-0.159069
-0.142785
-0.125307
-0.10704
-0.0884765
-0.0701812
-0.0527672
-0.0368675
-0.0230914
-0.0119875
-0.00420222
-0.000618519
-0.000140771
-0.000957483
-0.00273414
-0.00527932
-0.00846861
-0.0122137
-0.0164239
-0.021011
-0.0258938
-0.0309986
-0.0362605
-0.041623
-0.0470381
-0.0524663
-0.0578755
-0.0632411
-0.0685447
-0.0737738
-0.0789208
-0.0839827
-0.08896
-0.0938565
-0.0986783
-0.103434
-0.108133
-0.112787
-0.117407
-0.122006
-0.126597
-0.13119
-0.135797
-0.140429
-0.145095
-0.149801
-0.154555
-0.159356
-0.164207
-0.169101
-0.174031
-0.178983
-0.183937
-0.188866
-0.193736
-0.198502
-0.203111
-0.207494
-0.211574
-0.215255
-0.218429
-0.22097
-0.222737
-0.223576
-0.223316
-0.221783
-0.218798
-0.214189
-0.207803
-0.19952
-0.189266
-0.177036
-0.162907
-0.147057
-0.129772
-0.111451
-0.0925985
-0.0738126
-0.0557562
-0.0391271
-0.0246092
-0.0128281
-0.00451877
-0.000671233
-0.000138453
-0.000944703
-0.00270001
-0.0052131
-0.00835715
-0.0120401
-0.0161676
-0.0206476
-0.0253958
-0.0303365
-0.0354029
-0.0405378
-0.0456931
-0.0508298
-0.0559171
-0.0609318
-0.0658575
-0.0706839
-0.0754058
-0.0800228
-0.0845381
-0.0889582
-0.0932922
-0.0975513
-0.101748
-0.105898
-0.110014
-0.114113
-0.118209
-0.122319
-0.126458
-0.130639
-0.134875
-0.139178
-0.143557
-0.14802
-0.152571
-0.157211
-0.161938
-0.166742
-0.171611
-0.176524
-0.181454
-0.186362
-0.191202
-0.195914
-0.200424
-0.204644
-0.208468
-0.211774
-0.214419
-0.216245
-0.217074
-0.216715
-0.21497
-0.211639
-0.206535
-0.199495
-0.190401
-0.179198
-0.165917
-0.150692
-0.13378
-0.115564
-0.096555
-0.0773776
-0.0587438
-0.0414192
-0.0261677
-0.0137002
-0.00485071
-0.000727396
-0.000137166
-0.00093838
-0.0026832
-0.00517797
-0.00829139
-0.011926
-0.0159819
-0.0203626
-0.0249796
-0.0297542
-0.0346179
-0.0395126
-0.0443904
-0.0492131
-0.0539513
-0.0585839
-0.063097
-0.0674827
-0.0717389
-0.0758681
-0.0798765
-0.0837736
-0.0875718
-0.0912854
-0.0949303
-0.0985238
-0.102084
-0.105629
-0.109179
-0.112752
-0.116366
-0.120039
-0.123789
-0.12763
-0.131576
-0.135639
-0.139829
-0.144151
-0.148609
-0.1532
-0.157917
-0.162746
-0.167666
-0.172649
-0.177653
-0.182627
-0.187506
-0.192207
-0.196632
-0.200662
-0.204158
-0.20696
-0.208885
-0.209731
-0.209282
-0.207314
-0.203604
-0.19795
-0.190184
-0.180197
-0.167964
-0.15357
-0.137228
-0.119297
-0.100284
-0.0808335
-0.0617035
-0.0437293
-0.0277605
-0.014602
-0.00519795
-0.000787145
-0.00013727
-0.000940731
-0.00268961
-0.00518461
-0.00828721
-0.0118924
-0.015893
-0.0201862
-0.0246786
-0.029288
-0.0339437
-0.0385869
-0.04317
-0.047656
-0.0520176
-0.0562364
-0.0603011
-0.0642075
-0.0679566
-0.0715542
-0.0750102
-0.0783375
-0.0815518
-0.0846707
-0.0877135
-0.0907007
-0.0936536
-0.0965943
-0.0995447
-0.102527
-0.105563
-0.108675
-0.111882
-0.115204
-0.118659
-0.122264
-0.126032
-0.129974
-0.134099
-0.13841
-0.142908
-0.147584
-0.152425
-0.15741
-0.162507
-0.167672
-0.172849
-0.177965
-0.18293
-0.187631
-0.191936
-0.195685
-0.198696
-0.200759
-0.201644
-0.201105
-0.198889
-0.194752
-0.188474
-0.179891
-0.168914
-0.155566
-0.140009
-0.122564
-0.10372
-0.0841337
-0.064606
-0.0460414
-0.0293805
-0.0155315
-0.0055604
-0.000850638
-0.0001392
-0.000954402
-0.00272626
-0.00524556
-0.00836314
-0.0119637
-0.0159305
-0.0201528
-0.0245309
-0.0289785
-0.0334226
-0.0378037
-0.042075
-0.0462013
-0.050158
-0.0539299
-0.0575096
-0.0608965
-0.0640958
-0.0671172
-0.0699745
-0.0726845
-0.0752664
-0.0777416
-0.0801328
-0.0824637
-0.0847592
-0.0870444
-0.0893446
-0.0916853
-0.0940917
-0.0965886
-0.0991999
-0.101949
-0.104858
-0.107946
-0.111234
-0.114736
-0.118466
-0.122433
-0.126643
-0.131097
-0.135788
-0.140702
-0.145816
-0.151097
-0.156498
-0.161955
-0.167388
-0.172696
-0.177753
-0.182406
-0.186474
-0.189746
-0.191983
-0.192921
-0.19228
-0.189775
-0.185137
-0.17814
-0.168628
-0.156553
-0.142011
-0.125269
-0.106789
-0.0872272
-0.0674193
-0.0483383
-0.0310205
-0.0164866
-0.00593809
-0.000918066
-0.000143482
-0.000982569
-0.0028015
-0.0053757
-0.00854094
-0.0121682
-0.0161287
-0.0203013
-0.0245791
-0.0288707
-0.0331008
-0.0372096
-0.0411514
-0.0448937
-0.0484157
-0.0517061
-0.054762
-0.0575876
-0.0601928
-0.0625919
-0.0648031
-0.0668474
-0.0687481
-0.0705303
-0.0722205
-0.0738459
-0.0754346
-0.0770149
-0.0786154
-0.0802648
-0.0819914
-0.0838232
-0.0857877
-0.0879116
-0.0902205
-0.0927387
-0.0954891
-0.0984923
-0.101767
-0.105327
-0.109186
-0.113349
-0.117818
-0.122587
-0.127643
-0.132961
-0.138504
-0.144223
-0.150047
-0.155885
-0.161625
-0.167122
-0.172202
-0.176657
-0.180243
-0.182684
-0.183677
-0.182903
-0.180043
-0.174808
-0.166969
-0.156398
-0.143112
-0.127312
-0.109414
-0.0900592
-0.070109
-0.0506016
-0.0326728
-0.0174656
-0.00633121
-0.000989672
-0.000150764
-0.00102908
-0.00292538
-0.00559266
-0.00884615
-0.012539
-0.0165268
-0.020676
-0.0248706
-0.029014
-0.0330283
-0.0368538
-0.040447
-0.0437793
-0.0468341
-0.0496056
-0.0520964
-0.0543164
-0.0562809
-0.0580095
-0.0595255
-0.0608545
-0.0620243
-0.063064
-0.0640038
-0.0648746
-0.0657078
-0.0665349
-0.0673876
-0.0682977
-0.0692964
-0.0704148
-0.0716836
-0.0731327
-0.074791
-0.0766867
-0.0788465
-0.0812952
-0.084056
-0.0871492
-0.0905921
-0.094398
-0.0985754
-0.103127
-0.108047
-0.113322
-0.118927
-0.124822
-0.130951
-0.137238
-0.14358
-0.149848
-0.155879
-0.161471
-0.166382
-0.170331
-0.172997
-0.174031
-0.173069
-0.169759
-0.163797
-0.154965
-0.143191
-0.128589
-0.111512
-0.0925707
-0.0726382
-0.0528121
-0.0343298
-0.0184668
-0.00674023
-0.00106578
-0.00016185
-0.00109865
-0.00311
-0.00591755
-0.00930893
-0.0131144
-0.0171699
-0.0213265
-0.0254582
-0.029462
-0.0332581
-0.0367877
-0.0400106
-0.0429032
-0.0454548
-0.0476663
-0.049547
-0.0511135
-0.0523876
-0.0533949
-0.0541644
-0.0547268
-0.0551146
-0.0553613
-0.0555011
-0.0555683
-0.0555978
-0.0556242
-0.0556822
-0.0558064
-0.0560309
-0.0563897
-0.0569161
-0.057643
-0.0586027
-0.0598265
-0.0613446
-0.0631861
-0.0653782
-0.0679462
-0.0709128
-0.0742973
-0.0781153
-0.0823769
-0.0870863
-0.0922392
-0.0978216
-0.103807
-0.110152
-0.116796
-0.123653
-0.130609
-0.137514
-0.14418
-0.150373
-0.155812
-0.160166
-0.163063
-0.164099
-0.162863
-0.158972
-0.152116
-0.142115
-0.128985
-0.112993
-0.094698
-0.0749675
-0.0549498
-0.0359846
-0.0194898
-0.00716611
-0.00114683
-0.000177753
-0.00119708
-0.00337014
-0.0063757
-0.00996496
-0.013939
-0.0181093
-0.0223088
-0.0263995
-0.0302722
-0.0338456
-0.0370631
-0.0398896
-0.0423077
-0.0443148
-0.0459198
-0.0471404
-0.048001
-0.0485307
-0.0487623
-0.0487309
-0.0484729
-0.0480259
-0.0474279
-0.046717
-0.0459314
-0.0451091
-0.0442879
-0.0435052
-0.0427983
-0.0422038
-0.0417583
-0.0414978
-0.0414577
-0.0416731
-0.0421782
-0.0430067
-0.0441909
-0.0457622
-0.0477502
-0.0501826
-0.0530847
-0.0564783
-0.0603813
-0.0648061
-0.0697586
-0.0752359
-0.0812241
-0.0876953
-0.0946036
-0.101881
-0.10943
-0.117122
-0.124784
-0.132197
-0.139086
-0.14512
-0.149911
-0.153023
-0.153991
-0.152355
-0.147706
-0.139749
-0.128382
-0.113762
-0.0963722
-0.0770547
-0.0569943
-0.037631
-0.020535
-0.00761051
-0.00123343
-0.000199758
-0.00133159
-0.00372387
-0.00699768
-0.0108566
-0.0150646
-0.0194036
-0.0236849
-0.0277569
-0.0315047
-0.0348466
-0.03773
-0.0401268
-0.0420286
-0.0434426
-0.0443876
-0.0448913
-0.0449872
-0.0447133
-0.0441101
-0.0432193
-0.0420839
-0.0407466
-0.0392501
-0.0376367
-0.0359483
-0.0342259
-0.0325103
-0.0308415
-0.0292592
-0.0278023
-0.0265097
-0.0254195
-0.0245696
-0.0239974
-0.0237399
-0.0238333
-0.0243134
-0.0252149
-0.0265716
-0.0284157
-0.0307777
-0.0336856
-0.0371643
-0.0412345
-0.0459115
-0.0512035
-0.0571094
-0.0636158
-0.0706936
-0.0782929
-0.0863379
-0.0947192
-0.103287
-0.11184
-0.12012
-0.127802
-0.134494
-0.139736
-0.143017
-0.143803
-0.141586
-0.135948
-0.126648
-0.113711
-0.0975177
-0.0788543
-0.0589248
-0.0392643
-0.0216046
-0.0080761
-0.00132645
-0.000229522
-0.00151128
-0.00419354
-0.00782056
-0.0120341
-0.0165517
-0.0211191
-0.0255225
-0.0295963
-0.0332202
-0.0363143
-0.0388325
-0.0407566
-0.04209
-0.042852
-0.043074
-0.0427952
-0.0420601
-0.0409163
-0.0394129
-0.0375995
-0.0355253
-0.0332389
-0.0307877
-0.0282181
-0.0255754
-0.022904
-0.020247
-0.017647
-0.0151457
-0.0127841
-0.0106029
-0.00864218
-0.00694183
-0.00554127
-0.00447965
-0.00379578
-0.00352807
-0.00371444
-0.00439218
-0.0055977
-0.00736626
-0.00973148
-0.0127248
-0.0163747
-0.0207054
-0.0257359
-0.0314775
-0.0379313
-0.045085
-0.0529082
-0.0613464
-0.0703144
-0.0796867
-0.0892881
-0.0988819
-0.10816
-0.116734
-0.124133
-0.12981
-0.133167
-0.133598
-0.130553
-0.12364
-0.112726
-0.0980503
-0.0803163
-0.0607201
-0.0408819
-0.0227036
-0.00856696
-0.00142708
-0.000269202
-0.00174766
-0.00480688
-0.00888944
-0.0135571
-0.0184698
-0.0233296
-0.0278947
-0.0319849
-0.0354765
-0.0382944
-0.040403
-0.0417975
-0.0424963
-0.0425345
-0.0419579
-0.0408199
-0.0391772
-0.0370884
-0.0346123
-0.0318065
-0.0287271
-0.0254285
-0.021963
-0.018381
-0.0147311
-0.0110605
-0.00741486
-0.00383859
-0.000375283
0.00293232
0.00604205
0.00891222
0.0115014
0.0137686
0.0156727
0.0171729
0.0182284
0.0187986
0.0188431
0.0183218
0.0171951
0.0154243
0.0129719
0.00980237
0.00588281
0.00118435
-0.00431627
-0.0106344
-0.0177744
-0.0257252
-0.034455
-0.0439039
-0.0539747
-0.0645214
-0.0753365
-0.0861369
-0.0965505
-0.106107
-0.114239
-0.120294
-0.123572
-0.123395
-0.1192
-0.110671
-0.0978739
-0.0813841
-0.0623579
-0.0424837
-0.0238398
-0.00908924
-0.00153704
-0.000321642
-0.00205547
-0.0055986
-0.0102593
-0.0154965
-0.0208983
-0.0261162
-0.0308768
-0.0349867
-0.0383224
-0.0408181
-0.0424534
-0.0432421
-0.0432219
-0.0424467
-0.0409804
-0.0388921
-0.0362529
-0.0331335
-0.0296029
-0.0257273
-0.0215701
-0.0171914
-0.0126481
-0.0079946
-0.00328261
0.00143833
0.00612054
0.0107178
0.0151853
0.0194788
0.0235552
0.0273716
0.0308854
0.0340542
0.0368356
0.0391871
0.041066
0.0424295
0.0432343
0.0434372
0.0429947
0.0418636
0.040001
0.0373647
0.033914
0.0296107
0.0244203
0.0183139
0.0112711
0.00328363
-0.00563935
-0.0154643
-0.0261242
-0.0375063
-0.0494381
-0.06167
-0.0738579
-0.0855472
-0.0961631
-0.105015
-0.111323
-0.11428
-0.113146
-0.107394
-0.0968752
-0.0819914
-0.0638137
-0.0440728
-0.0250262
-0.00965193
-0.00165877
-0.00039065
-0.00245382
-0.0066124
-0.0119975
-0.0179355
-0.0239271
-0.0295645
-0.0345421
-0.0386559
-0.0417884
-0.0438899
-0.044962
-0.0450428
-0.0441945
-0.0424943
-0.040027
-0.0368802
-0.0331405
-0.028892
-0.0242145
-0.0191832
-0.0138685
-0.00833617
-0.00264773
0.00313912
0.00897
0.0147933
0.0205598
0.0262221
0.0317344
0.0370517
0.0421302
0.0469262
0.0513964
0.0554977
0.0591865
0.0624191
0.0651513
0.0673384
0.068935
0.069895
0.0701716
0.0697176
0.0684852
0.0664262
0.063493
0.0596387
0.0548184
0.0489906
0.0421196
0.0341786
0.0251546
0.0150544
0.00391392
-0.00819028
-0.0211253
-0.0346831
-0.0485587
-0.0623276
-0.0754266
-0.0871461
-0.0966431
-0.102989
-0.105264
-0.102709
-0.0949164
-0.0820566
-0.0650585
-0.0456557
-0.0262817
-0.0102681
-0.00179577
-0.000481408
-0.00296772
-0.0079037
-0.0141861
-0.0209715
-0.0276544
-0.0337607
-0.0389535
-0.0430249
-0.045872
-0.0474707
-0.0478534
-0.04709
-0.0452735
-0.0425088
-0.0389049
-0.0345701
-0.0296083
-0.0241176
-0.018189
-0.0119065
-0.00534749
0.0014171
0.00832181
0.0153061
0.0223134
0.0292908
0.0361881
0.0429572
0.0495519
0.0559271
0.0620386
0.0678425
0.0732955
0.0783537
0.0829732
0.0871094
0.0907171
0.0937501
0.0961611
0.0979019
0.098923
0.0991733
0.098601
0.0971527
0.0947744
0.0914114
0.0870095
0.0815156
0.0748799
0.0670583
0.0580162
0.0477346
0.0362177
0.0235048
0.00968539
-0.00508058
-0.0205377
-0.0363067
-0.0518557
-0.066479
-0.0792929
-0.0892661
-0.0953024
-0.0963903
-0.0918238
-0.0814743
-0.066054
-0.0472424
-0.0276333
-0.0109566
-0.00195314
-0.000601114
-0.00363042
-0.0095433
-0.0169254
-0.0247162
-0.0321835
-0.0387823
-0.0441496
-0.0480853
-0.0505143
-0.0514511
-0.0509701
-0.0491822
-0.046218
-0.0422149
-0.0373098
-0.0316335
-0.0253083
-0.0184465
-0.0111503
-0.0035121
0.00438455
0.0124642
0.0206583
0.0289043
0.0371444
0.045325
0.0533957
0.0613085
0.0690175
0.076478
0.0836461
0.0904784
0.0969315
0.102962
0.108526
0.113578
0.118072
0.121962
0.125199
0.127732
0.12951
0.130479
0.130584
0.129766
0.127966
0.125123
0.121174
0.116056
0.109705
0.102063
0.0930741
0.0826949
0.0708991
0.0576878
0.0431053
0.0272583
0.0103436
-0.00731922
-0.0252505
-0.0427745
-0.058996
-0.0728077
-0.0829508
-0.0881547
-0.0873719
-0.0801017
-0.0667453
-0.048844
-0.0291188
-0.0117447
-0.00213843
-0.000760027
-0.00448692
-0.0116224
-0.0203372
-0.0292943
-0.0376143
-0.0446819
-0.0501212
-0.0537583
-0.0555654
-0.0556129
-0.0540312
-0.0509829
-0.0466434
-0.0411879
-0.0347838
-0.027586
-0.0197354
-0.0113582
-0.002567
0.0065385
0.0158698
0.0253482
0.0349034
0.0444718
0.0539957
0.0634219
0.0727005
0.0817848
0.0906298
0.0991919
0.107428
0.115297
0.122755
0.129759
0.136266
0.142231
0.147609
0.152351
0.156409
0.15973
0.162262
0.163948
0.16473
0.164546
0.163332
0.16102
0.157542
0.152825
0.146794
0.139376
0.130498
0.120094
0.108107
0.0945025
0.0792782
0.0624849
0.0442533
0.0248298
0.00462181
-0.015754
-0.0354264
-0.0532488
-0.0678278
-0.0776389
-0.0812598
-0.077738
-0.0670468
-0.0504697
-0.0307894
-0.0126722
-0.00236302
-0.000973253
-0.00559942
-0.0142595
-0.0245678
-0.0348378
-0.0440263
-0.051459
-0.0567723
-0.0598473
-0.060731
-0.0595718
-0.0565729
-0.0519604
-0.0459622
-0.0387953
-0.0306594
-0.0217339
-0.0121772
-0.00212827
0.00829198
0.0189784
0.0298396
0.0407955
0.0517756
0.0627172
0.073564
0.0842644
0.0947707
0.105038
0.115024
0.124686
0.133985
0.142878
0.151325
0.159285
0.166715
0.173571
0.179808
0.185378
0.190231
0.194315
0.197576
0.199957
0.201396
0.201829
0.201188
0.199401
0.196393
0.192084
0.18639
0.179225
0.1705
0.160129
0.148029
0.13413
0.118384
0.100785
0.0813937
0.0603716
0.038034
0.0149089
-0.00819737
-0.0301466
-0.049456
-0.0643715
-0.0730781
-0.0740922
-0.0668187
-0.0521166
-0.0327131
-0.0137974
-0.00264471
-0.00126391
-0.00705614
-0.0176097
-0.0297887
-0.0414711
-0.051446
-0.0590108
-0.0638573
-0.0659653
-0.0654931
-0.0626948
-0.0578658
-0.0513072
-0.0433056
-0.0341224
-0.0239895
-0.0131086
-0.0016536
0.0102274
0.0224082
0.0347815
0.0472557
0.0597521
0.0722027
0.0845478
0.0967343
0.108714
0.120443
0.13188
0.142985
0.15372
0.164046
0.173926
0.183321
0.192191
0.200495
0.208192
0.215236
0.221581
0.227178
0.231974
0.235915
0.238942
0.240994
0.242003
0.241899
0.240607
0.238047
0.234132
0.228773
0.221872
0.213328
0.203035
0.190889
0.176787
0.16064
0.142384
0.122007
0.0995786
0.075306
0.0495982
0.0231519
-0.00296179
-0.0272349
-0.0477348
-0.0622621
-0.0687345
-0.0658282
-0.0537506
-0.0349757
-0.0152073
-0.00301212
-0.00166902
-0.00898567
-0.0218765
-0.0361907
-0.0492792
-0.0597873
-0.0670479
-0.0708791
-0.0714217
-0.0689924
-0.0639833
-0.0568008
-0.047831
-0.0374224
-0.0258795
-0.0134626
-0.000391401
0.0131509
0.0270121
0.0410659
0.0552073
0.069349
0.0834174
0.09735
0.111093
0.124599
0.137825
0.150734
0.163287
0.175451
0.187192
0.198474
0.209264
0.219526
0.229224
0.238319
0.24677
0.254536
0.26157
0.267825
0.27325
0.27779
0.281386
0.283976
0.285492
0.285864
0.285012
0.282855
0.279301
0.274254
0.267611
0.259259
0.249079
0.236945
0.222728
0.206299
0.187544
0.166376
0.14277
0.116812
0.0887649
0.05917
0.0289632
-0.000407581
-0.026916
-0.0480268
-0.061022
-0.0636819
-0.055267
-0.0376773
-0.0170327
-0.00351298
-0.00225061
-0.0115809
-0.0273242
-0.0439612
-0.0582383
-0.0687392
-0.0749507
-0.0769263
-0.0750516
-0.0698584
-0.0619094
-0.0517375
-0.0398175
-0.0265561
-0.0122936
0.00269018
0.0181677
0.0339552
0.0499048
0.0658977
0.081838
0.0976481
0.113264
0.128634
0.143712
0.15846
0.172844
0.186832
0.200395
0.213504
0.22613
0.238245
0.249818
0.260819
0.271214
0.280968
0.290044
0.298402
0.305998
0.312787
0.318718
0.323739
0.327792
0.330815
0.33274
0.333496
0.333004
0.33118
0.327931
0.323158
0.316751
0.30859
0.298546
0.286478
0.272233
0.255651
0.236567
0.214829
0.190318
0.162988
0.132937
0.100508
0.0664271
0.0319773
-0.000846389
-0.0292795
-0.0499897
-0.0597162
-0.0564123
-0.040912
-0.0194705
-0.00422928
-0.00311705
-0.0151374
-0.0342838
-0.0532181
-0.0680725
-0.077561
-0.0815261
-0.0804138
-0.0749592
-0.0659676
-0.0541975
-0.0403117
-0.0248642
-0.00830538
0.00900621
0.0267885
0.0448218
0.0629359
0.0809995
0.0989112
0.116593
0.133983
0.151035
0.16771
0.183976
0.199806
0.215178
0.23007
0.24446
0.258327
0.271651
0.284409
0.296575
0.308124
0.319028
0.329255
0.338772
0.347542
0.355525
0.362677
0.368951
0.374295
0.378655
0.38197
0.384174
0.385195
0.384958
0.383376
0.380358
0.375802
0.369598
0.361621
0.351734
0.339787
0.325608
0.309012
0.289795
0.267744
0.24265
0.214339
0.182731
0.147934
0.110394
0.0711074
0.0318712
-0.00450385
-0.0341908
-0.0528161
-0.0566346
-0.0447071
-0.0228101
-0.00530389
-0.0044632
-0.0201105
-0.0431223
-0.0638411
-0.0779591
-0.0847068
-0.0845995
-0.0786814
-0.0681475
-0.0541187
-0.0375493
-0.01921
0.000297059
0.0205117
0.0410881
0.0617699
0.0823684
0.102746
0.122805
0.142473
0.1617
0.18045
0.198697
0.216422
0.233611
0.250254
0.266338
0.281856
0.296796
0.311146
0.324893
0.338022
0.350514
0.36235
0.373506
0.383956
0.39367
0.402616
0.410757
0.418054
0.424461
0.429932
0.434412
0.437845
0.440167
0.44131
0.441199
0.439751
0.436877
0.432475
0.426436
0.418635
0.408933
0.397172
0.383172
0.366728
0.347607
0.325546
0.300258
0.271451
0.238864
0.202351
0.162017
0.11845
0.0730441
0.0283853
-0.011471
-0.0411258
-0.0548022
-0.0488654
-0.027448
-0.00698361
-0.00664104
-0.0271812
-0.0540944
-0.0750577
-0.0859285
-0.0871473
-0.0803468
-0.0673914
-0.0500091
-0.0296238
-0.00733176
0.0160553
0.0399528
0.0639489
0.0877593
0.111192
0.13412
0.156464
0.178174
0.199223
0.2196
0.239301
0.258328
0.276687
0.294385
0.311426
0.327818
0.343561
0.358659
0.373109
0.386906
0.400043
0.412509
0.42429
0.435368
0.445722
0.455327
0.464156
0.472176
0.479351
0.48564
0.491
0.495382
0.498731
0.500989
0.502091
0.501966
0.500537
0.497716
0.493407
0.487504
0.479886
0.470415
0.458933
0.445257
0.429172
0.410427
0.388722
0.363713
0.335004
0.302172
0.264816
0.222664
0.175791
0.124974
0.0722133
0.0213373
-0.021597
-0.0486888
-0.0525881
-0.033821
-0.00967113
-0.0102538
-0.0372385
-0.066824
-0.0844586
-0.0876637
-0.0791798
-0.0622511
-0.0396898
-0.0136996
0.0141262
0.0426962
0.0712905
0.0994514
0.1269
0.153478
0.179105
0.20375
0.227413
0.250114
0.271882
0.292751
0.312756
0.331931
0.350308
0.367915
0.384778
0.400918
0.41635
0.431087
0.445137
0.458505
0.471191
0.483189
0.494493
0.50509
0.514964
0.524096
0.532462
0.540034
0.546782
0.552669
0.557656
0.561698
0.564746
0.566748
0.567644
0.567367
0.565848
0.563004
0.558748
0.552979
0.545583
0.53643
0.525366
0.512213
0.496757
0.47874
0.457847
0.433692
0.40581
0.373646
0.336573
0.293949
0.245278
0.19053
0.130722
0.0688009
0.0106853
-0.0340583
-0.0536118
-0.0420289
-0.0139091
-0.0161374
-0.0508518
-0.0786898
-0.0857237
-0.0742006
-0.0504783
-0.0196323
0.0147923
0.0504618
0.085949
0.120442
0.153517
0.184991
0.214818
0.243031
0.269704
0.294932
0.318812
0.34144
0.362907
0.383295
0.402677
0.42112
0.438679
0.455404
0.471335
0.486507
0.500948
0.51468
0.527719
0.540078
0.551761
0.562772
0.573106
0.582758
0.591716
0.599965
0.607486
0.614256
0.620248
0.625433
0.629775
0.633236
0.635772
0.637338
0.63788
0.63734
0.635655
0.632754
0.628556
0.622972
0.615898
0.607216
0.596785
0.584438
0.569973
0.55314
0.533626
0.511036
0.48487
0.454493
0.419112
0.377779
0.329451
0.273203
0.20872
0.137286
0.0634067
-0.00311248
-0.0463496
-0.0505329
-0.0199786
-0.0246201
-0.0658503
-0.0802526
-0.0636531
-0.0278764
0.0166956
0.0639974
0.110702
0.155136
0.196613
0.234977
0.270337
0.302922
0.332995
0.360824
0.386653
0.410703
0.433166
0.454208
0.473971
0.492577
0.510129
0.526716
0.54241
0.557274
0.57136
0.584711
0.597361
0.609339
0.620666
0.631358
0.641425
0.650872
0.659701
0.667908
0.675487
0.682425
0.688709
0.69432
0.699236
0.703433
0.706882
0.709549
0.7114
0.712395
0.71249
0.711636
0.709779
0.706859
0.702809
0.697551
0.690999
0.68305
0.673581
0.662446
0.649466
0.634414
0.617003
0.59686
0.573495
0.546261
0.514296
0.476467
0.431328
0.377149
0.312163
0.235331
0.148146
0.0578786
-0.0183934
-0.0528651
-0.0262209
-0.0312987
-0.068727
-0.0436725
0.0154752
0.0836833
0.150387
0.211702
0.266451
0.314769
0.357331
0.394945
0.428373
0.458283
0.485231
0.509676
0.531992
0.552483
0.571396
0.588934
0.605261
0.620514
0.634805
0.648228
0.660857
0.672759
0.683983
0.694574
0.704567
0.713988
0.72286
0.731198
0.739013
0.746313
0.753099
0.759372
0.765125
0.770352
0.775041
0.779178
0.782748
0.78573
0.788102
0.78984
0.790915
0.791296
0.790951
0.789839
0.787921
0.785149
0.781471
0.776827
0.771148
0.764354
0.756347
0.747011
0.7362
0.723728
0.709356
0.692769
0.673542
0.651095
0.624622
0.592998
0.554646
0.507385
0.448321
0.374026
0.281702
0.172056
0.0556973
-0.0301858
-0.0232112
-0.00066036
0.000353062
0.104334
0.217907
0.312103
0.38813
0.449785
0.500016
0.541356
0.575876
0.605151
0.630345
0.652321
0.671723
0.689036
0.704631
0.71879
0.731737
0.743647
0.754657
0.76488
0.774407
0.783309
0.791648
0.799472
0.806821
0.813727
0.820215
0.826308
0.832019
0.837362
0.842345
0.846972
0.851245
0.855165
0.858727
0.861928
0.864759
0.867211
0.869273
0.870933
0.872174
0.872981
0.873335
0.873215
0.8726
0.871464
0.86978
0.867517
0.864642
0.861113
0.856887
0.851909
0.846114
0.839424
0.831739
0.822933
0.81284
0.801238
0.787824
0.772178
0.753699
0.73151
0.70431
0.670123
0.625909
0.567062
0.48705
0.376958
0.228427
0.0726435
0.0309694
0.292184
0.379306
0.530608
0.644331
0.714298
0.760019
0.792313
0.816131
0.834338
0.848761
0.860548
0.870429
0.878885
0.886245
0.892742
0.898544
0.903777
0.908534
0.912888
0.916897
0.920605
0.924047
0.927252
0.930244
0.933041
0.935658
0.938108
0.940399
0.94254
0.944535
0.94639
0.948107
0.949687
0.95113
0.952437
0.953605
0.954632
0.955515
0.956251
0.956833
0.957258
0.95752
0.957611
0.957525
0.957254
0.956789
0.956121
0.95524
0.954134
0.95279
0.951192
0.949325
0.947167
0.944692
0.941872
0.938665
0.935024
0.93088
0.926147
0.920701
0.914371
0.906908
0.897943
0.886902
0.872863
0.854247
0.828214
0.789432
0.726146
0.611349
0.435852
0.317985
)
;

boundaryField
{
    movingWall
    {
        type            calculated;
        value           uniform 1;
    }
    fixedWalls
    {
        type            calculated;
        value           uniform 0;
    }
    frontAndBack
    {
        type            empty;
    }
}


// ************************************************************************* //
