/*--------------------------------*- C++ -*----------------------------------*\
  =========                 |
  \\      /  F ield         | OpenFOAM: The Open Source CFD Toolbox
   \\    /   O peration     | Website:  https://openfoam.org
    \\  /    A nd           | Version:  dev
     \\/     M anipulation  |
\*---------------------------------------------------------------------------*/
FoamFile
{
    format      ascii;
    class       volScalarField;
    location    "42.75";
    object      Ux;
}
// * * * * * * * * * * * * * * * * * * * * * * * * * * * * * * * * * * * * * //

dimensions      [0 1 -1 0 0 0 0];

internalField   nonuniform List<scalar> 
5184
(
1.23909e-05
4.52761e-05
8.04163e-05
9.60705e-05
8.22408e-05
3.65391e-05
-4.0492e-05
-0.000146834
-0.000279689
-0.000436004
-0.000612659
-0.000806619
-0.00101501
-0.00123517
-0.00146464
-0.00170116
-0.00194265
-0.0021872
-0.00243303
-0.00267846
-0.00292186
-0.00316169
-0.00339642
-0.00362451
-0.00384445
-0.00405468
-0.00425366
-0.00443981
-0.00461155
-0.0047673
-0.0049055
-0.00502463
-0.00512323
-0.00519991
-0.00525341
-0.00528263
-0.00528661
-0.00526463
-0.00521619
-0.00514106
-0.0050393
-0.00491129
-0.00475773
-0.00457967
-0.00437853
-0.00415606
-0.00391435
-0.00365583
-0.00338324
-0.00309956
-0.00280805
-0.00251213
-0.00221538
-0.00192144
-0.001634
-0.00135669
-0.00109305
-0.000846463
-0.000620067
-0.000416717
-0.00023891
-8.87238e-05
3.22527e-05
0.000123006
0.000183205
0.000213353
0.000215038
0.000191316
0.000147215
9.0832e-05
3.66381e-05
6.22645e-06
2.08938e-05
6.57307e-05
9.48432e-05
7.29474e-05
-1.87997e-05
-0.000187217
-0.000432893
-0.000752612
-0.00114083
-0.00159075
-0.00209504
-0.00264624
-0.00323704
-0.00386046
-0.00450987
-0.00517908
-0.00586229
-0.00655405
-0.00724923
-0.00794293
-0.00863047
-0.00930728
-0.00996889
-0.0106109
-0.0112288
-0.0118183
-0.012375
-0.0128943
-0.0133721
-0.0138038
-0.0141853
-0.0145124
-0.0147813
-0.0149883
-0.0151302
-0.015204
-0.0152076
-0.015139
-0.0149971
-0.0147816
-0.0144929
-0.0141321
-0.0137015
-0.013204
-0.0126436
-0.0120251
-0.0113544
-0.010638
-0.00988336
-0.00909853
-0.00829223
-0.00747365
-0.00665232
-0.00583798
-0.00504042
-0.00426931
-0.00353404
-0.00284352
-0.00220605
-0.00162909
-0.00111913
-0.000681466
-0.000320011
-3.7047e-05
0.00016706
0.000294233
0.000349225
0.000340312
0.000279995
0.000186134
8.64039e-05
1.96855e-05
1.7664e-05
4.14081e-05
1.97059e-05
-8.38936e-05
-0.000290179
-0.0006079
-0.00103832
-0.00157763
-0.00221866
-0.00295222
-0.00376803
-0.00465538
-0.00560353
-0.00660203
-0.00764082
-0.00871033
-0.00980148
-0.0109056
-0.0120147
-0.0131206
-0.014216
-0.0152934
-0.0163455
-0.0173653
-0.0183457
-0.0192796
-0.0201599
-0.0209798
-0.0217323
-0.0224107
-0.0230083
-0.023519
-0.0239368
-0.0242561
-0.0244721
-0.0245807
-0.0245782
-0.0244624
-0.0242316
-0.0238856
-0.0234251
-0.0228524
-0.0221708
-0.0213852
-0.020502
-0.0195286
-0.0184741
-0.0173487
-0.0161637
-0.0149316
-0.0136657
-0.01238
-0.0110892
-0.00980799
-0.00855133
-0.0073339
-0.00616996
-0.00507305
-0.00405572
-0.00312923
-0.00230334
-0.00158592
-0.00098272
-0.000496971
-0.000128979
0.000124328
0.000270051
0.000320043
0.00029145
0.000207512
0.000102503
2.49879e-05
8.85532e-06
-6.96361e-06
-0.000107523
-0.000322329
-0.00066963
-0.00115784
-0.00178771
-0.00255446
-0.00344956
-0.00446197
-0.0055792
-0.00678804
-0.00807509
-0.00942708
-0.0108311
-0.0122747
-0.0137461
-0.0152337
-0.0167266
-0.0182144
-0.0196867
-0.0211336
-0.0225453
-0.0239122
-0.0252247
-0.0264735
-0.027649
-0.028742
-0.0297435
-0.0306445
-0.0314364
-0.0321111
-0.0326609
-0.0330789
-0.0333587
-0.0334951
-0.0334839
-0.0333221
-0.0330079
-0.0325413
-0.0319235
-0.0311575
-0.0302482
-0.0292019
-0.028027
-0.0267335
-0.0253331
-0.0238391
-0.0222664
-0.0206311
-0.0189504
-0.0172424
-0.015526
-0.0138202
-0.0121445
-0.0105175
-0.00895786
-0.00748285
-0.00610866
-0.0048498
-0.00371874
-0.00272561
-0.00187773
-0.00117923
-0.000630581
-0.00022807
3.67837e-05
0.000177884
0.00021497
0.000174217
9.30827e-05
2.40393e-05
-2.11723e-06
-6.72738e-05
-0.000264108
-0.000609826
-0.00111693
-0.00179164
-0.00263296
-0.00363451
-0.00478617
-0.00607522
-0.00748729
-0.00900714
-0.0106192
-0.0123078
-0.0140578
-0.0158542
-0.0176828
-0.0195296
-0.0213814
-0.023225
-0.0250481
-0.0268381
-0.0285831
-0.030271
-0.0318902
-0.033429
-0.0348759
-0.0362195
-0.0374488
-0.0385529
-0.0395217
-0.0403452
-0.0410144
-0.041521
-0.0418576
-0.042018
-0.0419976
-0.0417928
-0.0414018
-0.0408248
-0.0400635
-0.0391217
-0.0380054
-0.0367225
-0.0352831
-0.0336992
-0.0319849
-0.0301563
-0.0282311
-0.0262286
-0.0241693
-0.0220749
-0.0199678
-0.0178708
-0.0158069
-0.0137987
-0.0118681
-0.0100359
-0.00832134
-0.00674177
-0.00531214
-0.00404459
-0.00294797
-0.00202744
-0.00128393
-0.000713668
-0.00030766
-5.11242e-05
7.6826e-05
0.000103705
6.75543e-05
1.96758e-05
-1.36934e-05
-0.000132845
-0.000435889
-0.000924809
-0.00160424
-0.00247675
-0.0035385
-0.00478078
-0.00619149
-0.00775612
-0.00945853
-0.0112816
-0.013208
-0.01522
-0.0173004
-0.0194322
-0.0215991
-0.0237851
-0.0259745
-0.0281525
-0.0303041
-0.0324151
-0.0344712
-0.0364584
-0.038363
-0.0401713
-0.0418701
-0.043446
-0.0448862
-0.0461784
-0.0473107
-0.0482718
-0.0490513
-0.04964
-0.0500295
-0.0502129
-0.0501849
-0.0499418
-0.0494817
-0.0488049
-0.0479136
-0.0468125
-0.0455083
-0.0440102
-0.0423299
-0.0404811
-0.0384801
-0.0363451
-0.0340964
-0.0317559
-0.029347
-0.0268945
-0.0244239
-0.0219613
-0.0195327
-0.0171641
-0.0148805
-0.0127056
-0.0106616
-0.00876837
-0.00704324
-0.00550026
-0.00414992
-0.00299858
-0.00204801
-0.00129493
-0.000730566
-0.000340171
-0.00010278
9.24913e-06
3.25387e-05
1.36298e-05
-2.51883e-05
-0.00020005
-0.00061421
-0.00125319
-0.00211254
-0.00319009
-0.00447829
-0.0059654
-0.00763693
-0.00947632
-0.0114656
-0.0135859
-0.015818
-0.0181427
-0.020541
-0.022994
-0.0254836
-0.0279919
-0.0305015
-0.0329956
-0.0354574
-0.0378708
-0.0402196
-0.0424882
-0.0446608
-0.0467222
-0.0486572
-0.050451
-0.0520893
-0.0535581
-0.0548443
-0.0559354
-0.0568198
-0.0574872
-0.0579286
-0.0581364
-0.0581047
-0.0578296
-0.0573092
-0.0565439
-0.0555362
-0.0542912
-0.0528167
-0.0511229
-0.0492225
-0.0471311
-0.0448663
-0.0424485
-0.0398999
-0.0372449
-0.0345095
-0.0317209
-0.0289075
-0.0260981
-0.0233218
-0.0206074
-0.0179827
-0.0154743
-0.0131071
-0.0109034
-0.00888279
-0.00706139
-0.00545144
-0.00406078
-0.00289241
-0.00194404
-0.00120771
-0.000669481
-0.000309123
-9.97908e-05
-7.68047e-06
6.86827e-06
-3.63456e-05
-0.000267002
-0.000793946
-0.00158604
-0.00262912
-0.00391564
-0.00543363
-0.00716777
-0.00910076
-0.0112137
-0.0134867
-0.015899
-0.0184299
-0.0210585
-0.0237641
-0.0265264
-0.0293256
-0.0321423
-0.0349575
-0.0377526
-0.0405094
-0.0432099
-0.0458365
-0.0483717
-0.0507984
-0.0530997
-0.055259
-0.05726
-0.0590869
-0.0607246
-0.0621585
-0.0633752
-0.0643621
-0.0651079
-0.0656028
-0.0658387
-0.0658093
-0.0655102
-0.0649395
-0.0640974
-0.0629869
-0.0616135
-0.0599853
-0.0581136
-0.0560119
-0.0536971
-0.0511883
-0.0485073
-0.0456783
-0.0427277
-0.0396836
-0.0365756
-0.0334345
-0.0302919
-0.0271794
-0.0241285
-0.0211698
-0.0183326
-0.0156443
-0.0131299
-0.0108112
-0.00870651
-0.00683013
-0.00519164
-0.00379565
-0.0026413
-0.00172201
-0.00102521
-0.000532051
-0.000217173
-5.04365e-05
-7.79684e-08
-4.70702e-05
-0.000332721
-0.000972095
-0.00191772
-0.00314559
-0.00464233
-0.00639113
-0.00837269
-0.0105665
-0.0129512
-0.0155045
-0.0182041
-0.0210275
-0.0239522
-0.0269562
-0.0300178
-0.0331157
-0.0362291
-0.0393376
-0.0424213
-0.0454604
-0.0484356
-0.0513277
-0.0541181
-0.0567881
-0.0593193
-0.061694
-0.0638945
-0.0659038
-0.0677055
-0.0692842
-0.0706251
-0.0717149
-0.0725414
-0.0730941
-0.0733641
-0.0733447
-0.0730313
-0.0724214
-0.0715154
-0.0703161
-0.0688292
-0.0670635
-0.0650305
-0.0627448
-0.0602238
-0.057488
-0.0545606
-0.0514673
-0.048236
-0.044897
-0.041482
-0.038024
-0.034557
-0.0311152
-0.0277327
-0.0244428
-0.0212775
-0.0182669
-0.0154385
-0.0128167
-0.0104223
-0.00827161
-0.0063765
-0.00474349
-0.00337362
-0.0022621
-0.00139821
-0.000764991
-0.00033899
-9.41696e-05
-6.93889e-06
-5.7351e-05
-0.000396727
-0.00114692
-0.00224472
-0.00365635
-0.0053625
-0.00734122
-0.00956893
-0.0120217
-0.0146753
-0.0175053
-0.0204874
-0.0235973
-0.0268113
-0.0301058
-0.0334579
-0.0368451
-0.0402453
-0.0436369
-0.0469987
-0.0503097
-0.0535495
-0.0566976
-0.0597341
-0.0626391
-0.0653931
-0.0679771
-0.0703723
-0.0725606
-0.0745245
-0.0762475
-0.0777141
-0.0789098
-0.0798218
-0.0804387
-0.080751
-0.0807514
-0.0804346
-0.079798
-0.0788416
-0.0775681
-0.0759833
-0.0740958
-0.0719176
-0.0694638
-0.0667525
-0.063805
-0.0606455
-0.0573011
-0.0538013
-0.0501779
-0.0464647
-0.0426968
-0.0389105
-0.0351426
-0.0314297
-0.0278079
-0.024312
-0.0209747
-0.0178265
-0.0148945
-0.012202
-0.00976809
-0.00760699
-0.00572758
-0.00413314
-0.00282112
-0.00178302
-0.00100407
-0.000463025
-0.000138061
-1.35986e-05
-6.72031e-05
-0.00045879
-0.00131742
-0.00256481
-0.0041577
-0.0060708
-0.00827694
-0.0107481
-0.0134567
-0.0163756
-0.0194779
-0.0227374
-0.0261281
-0.0296248
-0.0332026
-0.0368374
-0.0405056
-0.044184
-0.04785
-0.0514812
-0.0550558
-0.0585521
-0.0619487
-0.0652245
-0.0683586
-0.0713305
-0.0741201
-0.0767077
-0.079074
-0.0812007
-0.0830703
-0.0846663
-0.0859734
-0.0869778
-0.0876674
-0.0880321
-0.0880637
-0.0877563
-0.0871068
-0.0861147
-0.0847823
-0.0831152
-0.0811219
-0.0788144
-0.0762079
-0.073321
-0.0701757
-0.0667969
-0.0632128
-0.0594542
-0.0555544
-0.0515492
-0.0474756
-0.0433722
-0.0392782
-0.0352331
-0.0312757
-0.0274436
-0.0237727
-0.0202965
-0.0170449
-0.0140445
-0.0113172
-0.00887986
-0.00674424
-0.00491622
-0.00339577
-0.00217695
-0.00124743
-0.000588265
-0.000181785
-2.00307e-05
-7.66497e-05
-0.000518804
-0.00148299
-0.00287655
-0.00464709
-0.00676344
-0.00919318
-0.0119038
-0.014864
-0.0180436
-0.0214133
-0.0249447
-0.0286102
-0.0323831
-0.0362373
-0.0401476
-0.0440894
-0.0480385
-0.0519713
-0.0558647
-0.0596959
-0.0634422
-0.0670815
-0.0705916
-0.073951
-0.077138
-0.0801316
-0.0829113
-0.0854569
-0.0877492
-0.0897696
-0.0915009
-0.0929268
-0.0940328
-0.0948057
-0.0952346
-0.0953105
-0.0950268
-0.0943795
-0.0933674
-0.0919924
-0.0902593
-0.0881765
-0.0857556
-0.0830118
-0.0799637
-0.0766337
-0.0730474
-0.0692336
-0.0652244
-0.0610545
-0.0567613
-0.0523839
-0.0479632
-0.0435409
-0.0391591
-0.0348598
-0.0306837
-0.02667
-0.0228553
-0.0192731
-0.0159532
-0.0129207
-0.010196
-0.00779359
-0.00572248
-0.0039855
-0.00257947
-0.00149469
-0.000714554
-0.00022534
-2.62613e-05
-8.57132e-05
-0.000576718
-0.00164325
-0.00317896
-0.00512269
-0.00743756
-0.010086
-0.013031
-0.0162376
-0.0196725
-0.0233038
-0.0271011
-0.0310351
-0.0350777
-0.0392016
-0.0433805
-0.0475889
-0.0518019
-0.0559949
-0.0601442
-0.0642261
-0.0682173
-0.0720949
-0.075836
-0.0794181
-0.082819
-0.0860169
-0.0889903
-0.0917182
-0.0941806
-0.0963581
-0.0982325
-0.0997866
-0.101005
-0.101873
-0.10238
-0.102515
-0.10227
-0.101642
-0.100627
-0.0992265
-0.0974448
-0.0952894
-0.0927715
-0.0899059
-0.0867111
-0.0832094
-0.0794268
-0.0753927
-0.0711402
-0.0667053
-0.0621268
-0.057446
-0.0527059
-0.0479511
-0.0432264
-0.0385769
-0.0340469
-0.0296789
-0.0255134
-0.0215876
-0.0179349
-0.0145843
-0.0115595
-0.00887868
-0.00655413
-0.00459184
-0.00299166
-0.00174658
-0.000842338
-0.000268949
-3.23488e-05
-9.44097e-05
-0.000632497
-0.00179792
-0.00347129
-0.00558309
-0.00809095
-0.0109523
-0.0141257
-0.0175725
-0.0212562
-0.0251427
-0.0291994
-0.0333952
-0.0377007
-0.0420874
-0.0465282
-0.0509966
-0.0554669
-0.0599141
-0.0643137
-0.0686413
-0.0728732
-0.0769858
-0.0809555
-0.0847594
-0.0883744
-0.091778
-0.094948
-0.0978628
-0.100501
-0.102844
-0.104871
-0.106564
-0.107907
-0.108884
-0.109484
-0.109694
-0.109506
-0.108914
-0.107914
-0.106507
-0.104695
-0.102485
-0.0998874
-0.0969162
-0.0935895
-0.0899294
-0.0859618
-0.0817167
-0.0772279
-0.0725324
-0.0676707
-0.0626859
-0.0576234
-0.0525304
-0.0474549
-0.0424454
-0.0375498
-0.0328146
-0.0282842
-0.024
-0.0199996
-0.016316
-0.0129771
-0.0100049
-0.00741537
-0.00521797
-0.00341578
-0.00200462
-0.000972495
-0.00031298
-3.83709e-05
-0.000102747
-0.000686096
-0.00194676
-0.00375291
-0.0060271
-0.00872169
-0.0117893
-0.0151842
-0.0188641
-0.0227897
-0.0269241
-0.0312328
-0.0356832
-0.0402444
-0.0448869
-0.0495826
-0.0543044
-0.0590259
-0.0637215
-0.0683661
-0.0729352
-0.0774042
-0.0817491
-0.0859461
-0.0899714
-0.0938016
-0.0974135
-0.100784
-0.103892
-0.106714
-0.10923
-0.11142
-0.113264
-0.114745
-0.115848
-0.116556
-0.116859
-0.116746
-0.11621
-0.115245
-0.11385
-0.112028
-0.109782
-0.107123
-0.104063
-0.100621
-0.096816
-0.0926755
-0.0882292
-0.0835112
-0.0785598
-0.0734167
-0.068127
-0.0627384
-0.0573008
-0.0518658
-0.0464852
-0.0412109
-0.0360939
-0.0311828
-0.0265238
-0.022159
-0.0181261
-0.0144575
-0.0111794
-0.00831191
-0.00586827
-0.003855
-0.0022709
-0.0011062
-0.000357906
-4.44178e-05
-0.000110725
-0.000737454
-0.00208949
-0.00402321
-0.0064536
-0.00932805
-0.0125946
-0.0162033
-0.0201085
-0.0242679
-0.0286423
-0.0331951
-0.0378922
-0.0427014
-0.0475923
-0.0525358
-0.0575041
-0.0624705
-0.0674088
-0.0722936
-0.0770998
-0.0818027
-0.0863779
-0.0908011
-0.0950482
-0.0990953
-0.102919
-0.106495
-0.109801
-0.112815
-0.115515
-0.117879
-0.119888
-0.121522
-0.122765
-0.123601
-0.124015
-0.123996
-0.123536
-0.122627
-0.121266
-0.119454
-0.117193
-0.114492
-0.111363
-0.107821
-0.103887
-0.0995868
-0.0949499
-0.0900109
-0.0848087
-0.0793865
-0.0737911
-0.0680727
-0.062284
-0.05648
-0.0507164
-0.0450496
-0.0395349
-0.0342262
-0.0291744
-0.024427
-0.0200267
-0.0160109
-0.0124107
-0.0092506
-0.006548
-0.00431315
-0.00254793
-0.00124486
-0.00040427
-5.05875e-05
-0.000118337
-0.000786489
-0.00222584
-0.00428156
-0.00686151
-0.00990835
-0.0133657
-0.0171799
-0.0213017
-0.0256862
-0.0302918
-0.0350801
-0.0400154
-0.0450643
-0.0501955
-0.0553792
-0.0605871
-0.0657918
-0.0709669
-0.0760867
-0.0811259
-0.0860596
-0.0908629
-0.0955115
-0.0999809
-0.104247
-0.108285
-0.112073
-0.115585
-0.118799
-0.121692
-0.124243
-0.12643
-0.128233
-0.129634
-0.130614
-0.13116
-0.131256
-0.130893
-0.130062
-0.128757
-0.126978
-0.124724
-0.122003
-0.118823
-0.115201
-0.111155
-0.106709
-0.101894
-0.0967435
-0.0912971
-0.0855991
-0.0796981
-0.0736467
-0.0675006
-0.0613182
-0.0551596
-0.0490855
-0.0431566
-0.0374319
-0.0319681
-0.0268183
-0.0220309
-0.0176487
-0.0137083
-0.0102391
-0.00726312
-0.00479453
-0.00283853
-0.00139001
-0.000452662
-5.69823e-05
-0.00012557
-0.000833094
-0.00235547
-0.00452728
-0.00724967
-0.0104609
-0.0141004
-0.0181108
-0.0224399
-0.0270399
-0.0318672
-0.0368816
-0.0420458
-0.0473256
-0.0526885
-0.0581042
-0.0635439
-0.0689799
-0.0743856
-0.0797351
-0.0850027
-0.0901636
-0.0951929
-0.100066
-0.104758
-0.109245
-0.113502
-0.117505
-0.12123
-0.124653
-0.127751
-0.130501
-0.13288
-0.134867
-0.136443
-0.137588
-0.138285
-0.138518
-0.138275
-0.137545
-0.13632
-0.134596
-0.132373
-0.129654
-0.126447
-0.122765
-0.118625
-0.114052
-0.109072
-0.103721
-0.0980389
-0.0920701
-0.085865
-0.0794785
-0.0729694
-0.0663998
-0.0598341
-0.0533381
-0.0469778
-0.0408181
-0.0349218
-0.0293483
-0.0241523
-0.0193829
-0.0150824
-0.0112858
-0.00802004
-0.00530376
-0.00314572
-0.00154331
-0.000503701
-6.37074e-05
-0.000132407
-0.000877144
-0.00247801
-0.00475966
-0.00761691
-0.0109839
-0.0147962
-0.018993
-0.0235192
-0.0283244
-0.0333631
-0.0385932
-0.0439765
-0.0494772
-0.0550626
-0.0607015
-0.0663647
-0.0720244
-0.0776538
-0.0832268
-0.0887179
-0.0941021
-0.0993545
-0.10445
-0.109365
-0.114074
-0.118553
-0.122777
-0.126721
-0.130362
-0.133674
-0.136635
-0.13922
-0.141408
-0.143176
-0.144505
-0.145374
-0.145766
-0.145666
-0.145061
-0.143941
-0.142299
-0.140132
-0.13744
-0.13423
-0.13051
-0.126298
-0.121615
-0.116488
-0.110951
-0.105043
-0.0988105
-0.0923049
-0.0855831
-0.078707
-0.0717424
-0.0647583
-0.0578259
-0.0510168
-0.0444024
-0.0380523
-0.0320327
-0.0264053
-0.021226
-0.0165436
-0.0123993
-0.00882548
-0.00584572
-0.00347267
-0.00170647
-0.000558031
-7.08695e-05
-0.000138825
-0.000918496
-0.00259307
-0.0049779
-0.00796195
-0.0114755
-0.0154507
-0.0198234
-0.0245356
-0.029535
-0.0347738
-0.0402088
-0.0458001
-0.0515114
-0.0573089
-0.0631613
-0.069039
-0.0749139
-0.0807592
-0.0865489
-0.0922576
-0.0978603
-0.103332
-0.108649
-0.113786
-0.118718
-0.12342
-0.127869
-0.132039
-0.135904
-0.139441
-0.142624
-0.145429
-0.147832
-0.149811
-0.151341
-0.152403
-0.152977
-0.153045
-0.15259
-0.151601
-0.150067
-0.147982
-0.145345
-0.142156
-0.138425
-0.134165
-0.129394
-0.124139
-0.118432
-0.112313
-0.105827
-0.0990264
-0.0919715
-0.0847263
-0.0773607
-0.0699483
-0.0625656
-0.0552908
-0.0482021
-0.0413763
-0.0348872
-0.0288041
-0.0231906
-0.0181028
-0.0135885
-0.00968636
-0.00642541
-0.00382264
-0.00188126
-0.000616305
-7.85761e-05
-0.000144799
-0.000956989
-0.0027002
-0.00518117
-0.00828349
-0.0119339
-0.0160613
-0.0205986
-0.0254853
-0.0306668
-0.0360939
-0.0417216
-0.0475093
-0.0534196
-0.0594182
-0.0654734
-0.0715554
-0.0776362
-0.0836888
-0.0896874
-0.0956067
-0.101422
-0.107109
-0.112643
-0.117999
-0.123154
-0.128082
-0.132758
-0.137157
-0.141254
-0.145023
-0.14844
-0.151477
-0.154111
-0.156316
-0.158068
-0.159344
-0.160121
-0.16038
-0.160102
-0.15927
-0.157872
-0.155898
-0.153343
-0.150206
-0.146491
-0.142208
-0.137375
-0.132015
-0.126159
-0.119844
-0.113118
-0.106033
-0.0986499
-0.0910364
-0.083266
-0.0754172
-0.0675721
-0.0598156
-0.0522331
-0.0449095
-0.0379268
-0.0313628
-0.0252893
-0.0197707
-0.0148623
-0.0106097
-0.0070479
-0.00419894
-0.00206948
-0.000679187
-8.69354e-05
-0.0001503
-0.000992455
-0.00279895
-0.00536864
-0.00858019
-0.0123572
-0.0166255
-0.0213154
-0.0263641
-0.0317151
-0.0373176
-0.0431253
-0.0490966
-0.0551934
-0.061381
-0.0676274
-0.0739025
-0.0801785
-0.0864284
-0.0926268
-0.0987486
-0.104769
-0.110665
-0.116411
-0.121984
-0.127359
-0.132512
-0.137417
-0.142049
-0.146382
-0.150391
-0.154049
-0.15733
-0.160208
-0.162655
-0.164646
-0.166155
-0.167159
-0.167633
-0.167556
-0.16691
-0.165677
-0.163844
-0.161402
-0.158346
-0.154677
-0.150403
-0.145536
-0.140097
-0.134115
-0.127627
-0.120678
-0.113321
-0.105619
-0.0976414
-0.0894656
-0.0811748
-0.0728571
-0.0646042
-0.0565096
-0.0486664
-0.0411657
-0.0340947
-0.0275344
-0.0215581
-0.0162296
-0.0116024
-0.00771831
-0.00460489
-0.00227292
-0.000747346
-9.60565e-05
-0.0001553
-0.00102472
-0.00288884
-0.00553941
-0.00885068
-0.0127434
-0.0171407
-0.0219706
-0.0271681
-0.0326751
-0.0384392
-0.0444131
-0.0505544
-0.0568243
-0.0631876
-0.0696122
-0.0760681
-0.0825274
-0.0889635
-0.0953511
-0.101666
-0.107883
-0.11398
-0.119932
-0.125716
-0.131307
-0.136682
-0.141815
-0.146681
-0.151254
-0.155508
-0.159415
-0.162949
-0.166081
-0.168785
-0.171031
-0.172793
-0.174043
-0.174756
-0.174907
-0.174473
-0.173434
-0.171773
-0.169476
-0.166535
-0.162946
-0.158712
-0.153843
-0.148356
-0.142277
-0.135641
-0.12849
-0.12088
-0.112872
-0.104539
-0.0959613
-0.0872264
-0.0784287
-0.0696672
-0.0610433
-0.0526596
-0.0446169
-0.0370124
-0.0299374
-0.0234753
-0.0176992
-0.0126715
-0.00844168
-0.00504382
-0.00249339
-0.000821453
-0.000106049
-0.000159768
-0.0010536
-0.00296941
-0.00569264
-0.00909364
-0.0130907
-0.0176045
-0.022561
-0.0278934
-0.033542
-0.0394531
-0.0455786
-0.0518751
-0.0583035
-0.0648282
-0.071417
-0.0780399
-0.0846692
-0.0912787
-0.0978435
-0.104339
-0.110743
-0.117031
-0.123181
-0.129168
-0.13497
-0.140562
-0.14592
-0.151019
-0.155832
-0.160332
-0.164494
-0.168287
-0.171684
-0.174655
-0.177171
-0.179203
-0.18072
-0.181694
-0.182097
-0.181903
-0.181088
-0.17963
-0.177512
-0.17472
-0.171247
-0.16709
-0.162255
-0.156754
-0.150611
-0.143856
-0.136532
-0.128691
-0.120396
-0.111721
-0.102749
-0.0935722
-0.0842908
-0.0750111
-0.0658434
-0.0568998
-0.0482916
-0.0401273
-0.0325093
-0.025532
-0.0192795
-0.0138236
-0.00922303
-0.00551903
-0.00273271
-0.000902181
-0.000117023
-0.000163675
-0.00107894
-0.00304022
-0.00582751
-0.0093078
-0.0133972
-0.0180145
-0.0230835
-0.0285362
-0.0343112
-0.040354
-0.0466154
-0.0530515
-0.0596226
-0.0662932
-0.0730307
-0.0798054
-0.0865899
-0.0933584
-0.100086
-0.10675
-0.113328
-0.119795
-0.126131
-0.132312
-0.138316
-0.144119
-0.149696
-0.155023
-0.160073
-0.164821
-0.169238
-0.173295
-0.176963
-0.180212
-0.183009
-0.185325
-0.187126
-0.188382
-0.189062
-0.189134
-0.188573
-0.187351
-0.185446
-0.18284
-0.17952
-0.175478
-0.170716
-0.165241
-0.159071
-0.152234
-0.144769
-0.136727
-0.128169
-0.119171
-0.109818
-0.100206
-0.0904419
-0.0806386
-0.0709154
-0.0613947
-0.0521992
-0.0434492
-0.0352597
-0.0277375
-0.0209783
-0.0150653
-0.0100672
-0.00603377
-0.00299266
-0.000990202
-0.000129092
-0.000166994
-0.00110058
-0.00310086
-0.00594326
-0.009492
-0.0136614
-0.0183684
-0.0235355
-0.029093
-0.0349786
-0.0411367
-0.0475175
-0.0540763
-0.0607734
-0.0675729
-0.0744424
-0.0813524
-0.0882756
-0.0951869
-0.102062
-0.108879
-0.115615
-0.122248
-0.128757
-0.13512
-0.141314
-0.147317
-0.153104
-0.158652
-0.163935
-0.168925
-0.173596
-0.177918
-0.181861
-0.185392
-0.188481
-0.191092
-0.193194
-0.19475
-0.195727
-0.196092
-0.195812
-0.194858
-0.193201
-0.190819
-0.187692
-0.183808
-0.179162
-0.173755
-0.167602
-0.160724
-0.153156
-0.144948
-0.136159
-0.126863
-0.117149
-0.107116
-0.0968749
-0.086547
-0.0762606
-0.0661487
-0.0563461
-0.0469861
-0.0381973
-0.0300998
-0.0228031
-0.0164028
-0.0109789
-0.00659121
-0.00327501
-0.00108619
-0.000142367
-0.0001697
-0.00111838
-0.00315096
-0.00603924
-0.0096452
-0.0138817
-0.0186644
-0.0239143
-0.0295607
-0.0355403
-0.0417967
-0.0482793
-0.0549431
-0.0617482
-0.0686585
-0.0756418
-0.0826688
-0.0897127
-0.0967487
-0.103754
-0.110706
-0.117583
-0.124365
-0.131031
-0.13756
-0.14393
-0.150119
-0.156105
-0.161864
-0.167369
-0.172596
-0.177515
-0.182099
-0.186315
-0.190132
-0.193517
-0.196433
-0.198846
-0.200718
-0.202013
-0.202693
-0.202723
-0.202068
-0.200694
-0.198574
-0.195682
-0.192
-0.187515
-0.182225
-0.176135
-0.169262
-0.161638
-0.153306
-0.144323
-0.134764
-0.124715
-0.11428
-0.103575
-0.0927281
-0.0818758
-0.0711627
-0.0607363
-0.0507438
-0.0413287
-0.0326262
-0.0247606
-0.0178417
-0.0119626
-0.00719443
-0.00358149
-0.0011908
-0.000156965
-0.000171773
-0.00113222
-0.00319024
-0.00611491
-0.00976659
-0.014057
-0.0189009
-0.024218
-0.0299368
-0.0359931
-0.0423298
-0.0488958
-0.055646
-0.0625399
-0.0695417
-0.0766191
-0.0837433
-0.0908879
-0.0980288
-0.105144
-0.112211
-0.11921
-0.126122
-0.132926
-0.139602
-0.146131
-0.15249
-0.158659
-0.164613
-0.170328
-0.175779
-0.180938
-0.185776
-0.190262
-0.194362
-0.198044
-0.20127
-0.204002
-0.206203
-0.207832
-0.208849
-0.209213
-0.208886
-0.20783
-0.20601
-0.203396
-0.199961
-0.195687
-0.190564
-0.18459
-0.177776
-0.170147
-0.16174
-0.15261
-0.142827
-0.132479
-0.121671
-0.110522
-0.0991669
-0.087752
-0.0764327
-0.0653698
-0.0547254
-0.0446589
-0.0353225
-0.0268567
-0.0193873
-0.0130226
-0.00784638
-0.00391381
-0.00130472
-0.000173002
-0.000173199
-0.00114203
-0.00321849
-0.00616992
-0.00985559
-0.0141866
-0.0190766
-0.0244449
-0.030219
-0.0363342
-0.0427327
-0.0493631
-0.0561798
-0.0631424
-0.0702149
-0.0773655
-0.0845655
-0.0917892
-0.0990131
-0.106216
-0.113376
-0.120475
-0.127494
-0.134415
-0.141217
-0.147883
-0.154392
-0.160723
-0.166855
-0.172763
-0.178423
-0.183807
-0.188888
-0.193633
-0.198011
-0.201987
-0.205522
-0.208579
-0.211116
-0.213091
-0.214461
-0.215183
-0.215212
-0.214506
-0.213024
-0.21073
-0.20759
-0.203579
-0.198677
-0.192876
-0.186179
-0.178602
-0.170177
-0.160953
-0.150997
-0.140394
-0.129249
-0.117684
-0.105841
-0.0938743
-0.0819499
-0.0702427
-0.0589308
-0.0481907
-0.0381927
-0.029096
-0.0210443
-0.0141626
-0.00854988
-0.00427361
-0.00142858
-0.000190598
-0.000173968
-0.00114778
-0.00323562
-0.00620407
-0.00991192
-0.0142698
-0.0191911
-0.0245942
-0.0304063
-0.036562
-0.0430031
-0.049678
-0.0565406
-0.0635506
-0.0706721
-0.0778734
-0.0851263
-0.0924057
-0.0996887
-0.106954
-0.114184
-0.121358
-0.12846
-0.135471
-0.142375
-0.149154
-0.155788
-0.162259
-0.168545
-0.174625
-0.180473
-0.186065
-0.191371
-0.196363
-0.201007
-0.205267
-0.209107
-0.212487
-0.215364
-0.217694
-0.219431
-0.220528
-0.220937
-0.220612
-0.219505
-0.217572
-0.214775
-0.211078
-0.206455
-0.200888
-0.19437
-0.186911
-0.178532
-0.169277
-0.159206
-0.1484
-0.136965
-0.125023
-0.112721
-0.100221
-0.0876998
-0.0753468
-0.0633565
-0.051924
-0.0412394
-0.0314823
-0.0228165
-0.0153862
-0.00930753
-0.00466247
-0.00156305
-0.000209874
-0.000174082
-0.00114946
-0.00324167
-0.00621745
-0.00993567
-0.0143069
-0.0192442
-0.0246658
-0.0304982
-0.0366757
-0.0431399
-0.0498385
-0.0567257
-0.0637609
-0.0709083
-0.0781366
-0.085418
-0.0927278
-0.100044
-0.107347
-0.114618
-0.12184
-0.128996
-0.136071
-0.143049
-0.149912
-0.156644
-0.163227
-0.169641
-0.175866
-0.181879
-0.187654
-0.193165
-0.198383
-0.203276
-0.207808
-0.211942
-0.215639
-0.218853
-0.221541
-0.223653
-0.225141
-0.225951
-0.226032
-0.225333
-0.223804
-0.221396
-0.218067
-0.213781
-0.208511
-0.202241
-0.194969
-0.186708
-0.177491
-0.167373
-0.156429
-0.14476
-0.13249
-0.119767
-0.106762
-0.0936611
-0.0806683
-0.0679948
-0.0558558
-0.0444628
-0.0340177
-0.024707
-0.0166963
-0.0101217
-0.00508191
-0.00170876
-0.000230955
-0.000173547
-0.00114714
-0.0032368
-0.00621038
-0.00992732
-0.0142984
-0.0192367
-0.0246602
-0.0304952
-0.0366758
-0.0431429
-0.0498444
-0.056734
-0.0637713
-0.0709206
-0.0781508
-0.0854347
-0.0927482
-0.10007
-0.107382
-0.114665
-0.121905
-0.129086
-0.136193
-0.143213
-0.15013
-0.156928
-0.163591
-0.170103
-0.176442
-0.182589
-0.18852
-0.194209
-0.199629
-0.204748
-0.209533
-0.213946
-0.217946
-0.221491
-0.224534
-0.227025
-0.228911
-0.230138
-0.230649
-0.230388
-0.229298
-0.227325
-0.224416
-0.220528
-0.215621
-0.20967
-0.20266
-0.194595
-0.185496
-0.175407
-0.164397
-0.152562
-0.140023
-0.126931
-0.113459
-0.0998059
-0.0861877
-0.0728338
-0.0599798
-0.0478606
-0.0367027
-0.0267176
-0.0180954
-0.0109946
-0.0055333
-0.00186632
-0.000253966
-0.000172385
-0.00114095
-0.00322139
-0.00618351
-0.00988784
-0.0142457
-0.0191702
-0.0245794
-0.0303994
-0.0365639
-0.0430138
-0.0496967
-0.0565661
-0.0635816
-0.0707078
-0.0779138
-0.0851729
-0.0924616
-0.0997597
-0.107049
-0.114314
-0.121539
-0.128711
-0.135818
-0.142845
-0.14978
-0.156609
-0.163318
-0.169892
-0.176311
-0.182559
-0.188612
-0.194448
-0.200039
-0.205357
-0.210369
-0.215038
-0.219325
-0.223187
-0.226576
-0.229441
-0.231729
-0.233382
-0.234341
-0.234543
-0.233927
-0.23243
-0.229993
-0.226561
-0.222085
-0.216526
-0.209858
-0.202072
-0.193176
-0.183203
-0.172212
-0.16029
-0.147554
-0.134153
-0.120266
-0.106098
-0.0918793
-0.0778559
-0.0642856
-0.0514278
-0.039536
-0.0288492
-0.0195851
-0.0119278
-0.00601794
-0.00203633
-0.000279036
-0.000170626
-0.00113109
-0.00319596
-0.00613782
-0.00981873
-0.0141506
-0.019047
-0.0244261
-0.0302137
-0.0363434
-0.0427559
-0.0493984
-0.0562246
-0.0631939
-0.0702711
-0.0774256
-0.0846313
-0.0918654
-0.0991085
-0.106344
-0.113556
-0.120732
-0.12786
-0.134928
-0.141926
-0.148841
-0.155663
-0.162379
-0.168975
-0.175436
-0.181746
-0.187884
-0.193829
-0.199557
-0.205041
-0.210249
-0.215146
-0.219695
-0.223853
-0.227572
-0.230803
-0.23349
-0.235573
-0.23699
-0.237675
-0.237561
-0.236579
-0.234661
-0.231742
-0.227762
-0.222671
-0.216428
-0.209008
-0.200408
-0.190646
-0.179767
-0.167848
-0.154999
-0.141365
-0.127126
-0.112494
-0.0977102
-0.0830385
-0.0687586
-0.0551563
-0.0425139
-0.0311011
-0.0211665
-0.0129229
-0.00653695
-0.00221935
-0.000306294
-0.000168313
-0.00111784
-0.00316127
-0.0060747
-0.00972208
-0.0140161
-0.0188709
-0.0242044
-0.0299428
-0.0360192
-0.0423741
-0.0489546
-0.0557142
-0.0626124
-0.069614
-0.076689
-0.0838116
-0.0909599
-0.0981153
-0.105262
-0.112386
-0.119477
-0.126522
-0.133513
-0.140441
-0.147296
-0.154069
-0.160749
-0.167325
-0.173785
-0.180114
-0.186294
-0.192308
-0.198133
-0.203743
-0.20911
-0.214202
-0.218983
-0.22341
-0.227438
-0.231017
-0.234091
-0.236601
-0.238481
-0.239662
-0.240073
-0.239638
-0.238281
-0.235929
-0.23251
-0.22796
-0.222225
-0.215265
-0.207059
-0.197608
-0.186944
-0.17513
-0.162265
-0.148487
-0.133973
-0.11894
-0.10364
-0.0883524
-0.0733794
-0.0590343
-0.0456305
-0.0334713
-0.0228395
-0.0139807
-0.00709128
-0.00241591
-0.000335872
-0.000165505
-0.00110155
-0.00311831
-0.00599598
-0.00960065
-0.0138459
-0.0186463
-0.02392
-0.0295929
-0.0355981
-0.0418758
-0.0483727
-0.0550423
-0.061844
-0.068743
-0.0757095
-0.0827184
-0.0897485
-0.0967821
-0.103805
-0.110804
-0.117769
-0.124692
-0.131565
-0.138381
-0.145131
-0.15181
-0.15841
-0.16492
-0.171332
-0.177634
-0.183811
-0.189847
-0.195723
-0.201416
-0.206902
-0.212149
-0.217123
-0.221786
-0.226094
-0.229998
-0.233442
-0.236367
-0.238707
-0.240389
-0.241339
-0.241476
-0.240718
-0.238981
-0.236183
-0.232247
-0.227103
-0.220696
-0.212985
-0.203955
-0.193618
-0.182021
-0.169247
-0.155427
-0.14073
-0.125375
-0.109621
-0.0937621
-0.0781235
-0.0630462
-0.048877
-0.0359558
-0.0246031
-0.0151017
-0.00768167
-0.00262647
-0.000367899
-0.000162277
-0.0010827
-0.00306834
-0.00590394
-0.00945792
-0.0136448
-0.0183793
-0.0235799
-0.0291722
-0.0350891
-0.0412702
-0.0476623
-0.0542186
-0.0608985
-0.0676674
-0.074496
-0.0813596
-0.088238
-0.0951146
-0.101976
-0.108811
-0.115612
-0.12237
-0.129081
-0.135739
-0.14234
-0.148878
-0.155348
-0.161745
-0.16806
-0.174284
-0.180408
-0.186416
-0.192295
-0.198023
-0.203579
-0.208936
-0.214062
-0.218922
-0.223474
-0.227671
-0.23146
-0.234781
-0.237569
-0.23975
-0.241246
-0.241973
-0.241842
-0.240762
-0.238639
-0.235385
-0.230913
-0.225151
-0.21804
-0.209543
-0.199651
-0.188392
-0.175832
-0.162083
-0.14731
-0.131726
-0.115595
-0.0992247
-0.0829604
-0.0671722
-0.0522418
-0.0385486
-0.0264552
-0.0162857
-0.00830862
-0.00285148
-0.000402506
-0.000158719
-0.00106186
-0.0030129
-0.00580144
-0.00929821
-0.0134184
-0.0180772
-0.0231929
-0.0286907
-0.0345031
-0.0405694
-0.046836
-0.0532559
-0.0597886
-0.0663997
-0.0730604
-0.0797466
-0.0864391
-0.0931223
-0.0997841
-0.106415
-0.113009
-0.119559
-0.126063
-0.132517
-0.13892
-0.145268
-0.151559
-0.15779
-0.163956
-0.170051
-0.176068
-0.181997
-0.187824
-0.193536
-0.199111
-0.204528
-0.209758
-0.214769
-0.219523
-0.223976
-0.228076
-0.231766
-0.234982
-0.23765
-0.23969
-0.241015
-0.241532
-0.241141
-0.239741
-0.23723
-0.233506
-0.22848
-0.222071
-0.214222
-0.204901
-0.194109
-0.181893
-0.168346
-0.153617
-0.137913
-0.121498
-0.10469
-0.0878541
-0.0713878
-0.0557099
-0.0412418
-0.0283923
-0.0175318
-0.00897237
-0.00309127
-0.00043982
-0.000154943
-0.00103971
-0.00295386
-0.00569188
-0.00912671
-0.0131741
-0.017749
-0.0227696
-0.0281605
-0.0338537
-0.0397878
-0.0459089
-0.0521699
-0.0585302
-0.0649558
-0.0714182
-0.0778944
-0.0843659
-0.0908185
-0.0972415
-0.103627
-0.10997
-0.116268
-0.122519
-0.128721
-0.134876
-0.140983
-0.147043
-0.153055
-0.159018
-0.164929
-0.170784
-0.176577
-0.182298
-0.187937
-0.193477
-0.198899
-0.204181
-0.209293
-0.214201
-0.218864
-0.223235
-0.22726
-0.230875
-0.234009
-0.236581
-0.238503
-0.239678
-0.24
-0.239361
-0.237645
-0.234739
-0.230533
-0.224929
-0.217843
-0.209217
-0.19903
-0.187298
-0.174093
-0.159544
-0.143845
-0.127256
-0.110101
-0.0927619
-0.0756638
-0.0592626
-0.044025
-0.0304097
-0.0188385
-0.00967286
-0.00334614
-0.000479968
-0.000151081
-0.00101708
-0.00289345
-0.00557938
-0.00894964
-0.0129201
-0.0174053
-0.0223228
-0.0275963
-0.033157
-0.0389429
-0.0448995
-0.0509795
-0.0571426
-0.0633549
-0.0695887
-0.0758217
-0.0820366
-0.0882207
-0.0943648
-0.100463
-0.106512
-0.112511
-0.11846
-0.124361
-0.130218
-0.136032
-0.141808
-0.147547
-0.153251
-0.158922
-0.164558
-0.170157
-0.175715
-0.181222
-0.186669
-0.192039
-0.197316
-0.202473
-0.207481
-0.212305
-0.216901
-0.221217
-0.225194
-0.228764
-0.231846
-0.234353
-0.236185
-0.237233
-0.237381
-0.236504
-0.234475
-0.231168
-0.226463
-0.220252
-0.212451
-0.203006
-0.191907
-0.179195
-0.164975
-0.149422
-0.132786
-0.115392
-0.0976348
-0.0799658
-0.0628779
-0.0468854
-0.0325009
-0.0202034
-0.0104097
-0.0036163
-0.000523073
-0.000147289
-0.000994952
-0.00283431
-0.00546875
-0.00877434
-0.0126664
-0.0170587
-0.0218673
-0.0270151
-0.0324318
-0.0380549
-0.0438292
-0.0497071
-0.0556485
-0.0616199
-0.0675944
-0.0735509
-0.0794733
-0.0853504
-0.0911747
-0.0969423
-0.102652
-0.108305
-0.113905
-0.119456
-0.124962
-0.130431
-0.135868
-0.141279
-0.146668
-0.152042
-0.157401
-0.162748
-0.168081
-0.173398
-0.17869
-0.18395
-0.18916
-0.194304
-0.199356
-0.204284
-0.20905
-0.213609
-0.217904
-0.22187
-0.225431
-0.228499
-0.230976
-0.232751
-0.2337
-0.233693
-0.232591
-0.23025
-0.226531
-0.221303
-0.214451
-0.20589
-0.195576
-0.183517
-0.169787
-0.154535
-0.137997
-0.12049
-0.102417
-0.0842539
-0.0665296
-0.0498073
-0.0346582
-0.0216234
-0.0111822
-0.00390187
-0.000569258
-0.000143753
-0.000974468
-0.00277954
-0.00536569
-0.00860939
-0.0124247
-0.0167236
-0.0214206
-0.0264367
-0.0317002
-0.0371475
-0.0427228
-0.0483784
-0.0540741
-0.0597773
-0.065462
-0.0711082
-0.0767016
-0.0822327
-0.0876959
-0.0930895
-0.0984148
-0.103675
-0.108876
-0.114026
-0.119131
-0.124201
-0.129245
-0.134272
-0.139291
-0.144308
-0.149332
-0.154367
-0.159417
-0.164481
-0.169559
-0.174644
-0.179728
-0.184796
-0.18983
-0.194802
-0.199681
-0.204426
-0.208986
-0.213302
-0.2173
-0.220896
-0.223994
-0.226482
-0.228235
-0.229115
-0.228975
-0.227656
-0.225001
-0.220853
-0.215069
-0.207531
-0.198157
-0.186918
-0.17385
-0.15907
-0.142789
-0.125313
-0.107047
-0.0884831
-0.0701874
-0.0527726
-0.0368718
-0.0230945
-0.0119893
-0.00420291
-0.000618643
-0.000140688
-0.000956982
-0.00273279
-0.00527685
-0.00846484
-0.0122085
-0.0164172
-0.0210028
-0.025884
-0.0309874
-0.0362478
-0.0416088
-0.0470225
-0.0524493
-0.0578571
-0.0632212
-0.0685234
-0.0737509
-0.0788965
-0.0839568
-0.0889324
-0.0938272
-0.0986472
-0.103401
-0.108098
-0.11275
-0.117369
-0.121966
-0.126554
-0.131145
-0.13575
-0.14038
-0.145044
-0.149749
-0.154501
-0.159301
-0.16415
-0.169044
-0.173973
-0.178924
-0.183877
-0.188806
-0.193676
-0.198443
-0.203052
-0.207437
-0.211518
-0.215201
-0.218377
-0.220922
-0.222692
-0.223534
-0.223279
-0.22175
-0.218769
-0.214165
-0.207784
-0.199505
-0.189255
-0.177029
-0.162904
-0.147057
-0.129774
-0.111454
-0.0926027
-0.0738171
-0.0557603
-0.0391306
-0.0246118
-0.0128296
-0.00451939
-0.000671349
-0.000138352
-0.000944082
-0.00269834
-0.00521
-0.00835239
-0.0120335
-0.016159
-0.020637
-0.0253832
-0.0303219
-0.0353863
-0.0405192
-0.0456726
-0.0508074
-0.0558928
-0.0609056
-0.0658294
-0.0706538
-0.0753738
-0.0799888
-0.0845021
-0.0889202
-0.0932521
-0.0975092
-0.101704
-0.105851
-0.109965
-0.114062
-0.118157
-0.122265
-0.126401
-0.13058
-0.134814
-0.139115
-0.143493
-0.147955
-0.152505
-0.157144
-0.161869
-0.166673
-0.171541
-0.176454
-0.181384
-0.186293
-0.191134
-0.195847
-0.200359
-0.20458
-0.208407
-0.211716
-0.214365
-0.216194
-0.217027
-0.216673
-0.214932
-0.211607
-0.206507
-0.199472
-0.190383
-0.179185
-0.165908
-0.150687
-0.133777
-0.115564
-0.0965565
-0.0773801
-0.0587466
-0.0414218
-0.0261697
-0.0137014
-0.00485125
-0.000727502
-0.000137046
-0.000937642
-0.0026812
-0.00517426
-0.00828565
-0.011918
-0.0159716
-0.0203497
-0.0249642
-0.0297362
-0.0345974
-0.0394897
-0.044365
-0.0491853
-0.0539211
-0.0585514
-0.0630621
-0.0674455
-0.0716994
-0.0758262
-0.0798323
-0.0837271
-0.087523
-0.0912342
-0.0948768
-0.098468
-0.102026
-0.105569
-0.109117
-0.112687
-0.1163
-0.119971
-0.123718
-0.127558
-0.131502
-0.135564
-0.139753
-0.144074
-0.148531
-0.153121
-0.157838
-0.162667
-0.167588
-0.172571
-0.177576
-0.182552
-0.187432
-0.192135
-0.196562
-0.200596
-0.204095
-0.206901
-0.208829
-0.20968
-0.209236
-0.207273
-0.203569
-0.19792
-0.190159
-0.180177
-0.167949
-0.153559
-0.137221
-0.119294
-0.100283
-0.0808339
-0.0617048
-0.0437308
-0.0277619
-0.014603
-0.00519838
-0.000787239
-0.000137133
-0.000939878
-0.00268729
-0.00518029
-0.00828051
-0.011883
-0.0158808
-0.020171
-0.0246604
-0.0292668
-0.0339195
-0.0385597
-0.0431398
-0.0476229
-0.0519817
-0.0561977
-0.0602597
-0.0641633
-0.0679097
-0.0715046
-0.074958
-0.0782827
-0.0814944
-0.0846108
-0.0876511
-0.0906359
-0.0935865
-0.0965248
-0.099473
-0.102453
-0.105488
-0.108597
-0.111802
-0.115123
-0.118577
-0.12218
-0.125947
-0.129888
-0.134013
-0.138324
-0.142821
-0.147497
-0.152338
-0.157324
-0.162422
-0.167588
-0.172767
-0.177886
-0.182853
-0.187557
-0.191865
-0.195618
-0.198633
-0.2007
-0.201591
-0.201057
-0.198847
-0.194715
-0.188443
-0.179865
-0.168893
-0.155551
-0.139999
-0.122557
-0.103716
-0.0841318
-0.0646056
-0.0460419
-0.0293813
-0.0155321
-0.00556073
-0.000850718
-0.000139045
-0.000953437
-0.00272363
-0.00524066
-0.00835552
-0.011953
-0.0159166
-0.0201354
-0.0245101
-0.0289541
-0.0333948
-0.0377724
-0.0420402
-0.0461631
-0.0501166
-0.0538852
-0.0574617
-0.0608455
-0.0640417
-0.0670602
-0.0699146
-0.0726217
-0.0752009
-0.0776733
-0.0800619
-0.0823903
-0.0846834
-0.0869663
-0.0892643
-0.0916029
-0.0940074
-0.0965024
-0.0991122
-0.10186
-0.104767
-0.107855
-0.111141
-0.114642
-0.118372
-0.122339
-0.126549
-0.131003
-0.135694
-0.140609
-0.145725
-0.151007
-0.156409
-0.161869
-0.167305
-0.172615
-0.177675
-0.182332
-0.186404
-0.189681
-0.191923
-0.192866
-0.192231
-0.189731
-0.1851
-0.178109
-0.168603
-0.156533
-0.141996
-0.125258
-0.106782
-0.0872231
-0.0674173
-0.0483376
-0.0310206
-0.0164869
-0.00593831
-0.000918129
-0.00014331
-0.000981498
-0.00279857
-0.00537023
-0.00853243
-0.0121563
-0.0161131
-0.0202819
-0.0245557
-0.0288433
-0.0330695
-0.0371742
-0.0411121
-0.0448507
-0.0483689
-0.0516556
-0.0547079
-0.0575301
-0.0601319
-0.0625277
-0.0647357
-0.0667769
-0.0686747
-0.0704541
-0.0721415
-0.0737644
-0.0753506
-0.0769285
-0.0785269
-0.0801743
-0.0818991
-0.0837293
-0.0856923
-0.0878149
-0.0901226
-0.09264
-0.0953896
-0.0983923
-0.101666
-0.105227
-0.109085
-0.113249
-0.117719
-0.122489
-0.127546
-0.132865
-0.138411
-0.144131
-0.149957
-0.155799
-0.161542
-0.167042
-0.172126
-0.176586
-0.180177
-0.182623
-0.183622
-0.182854
-0.18
-0.174771
-0.166938
-0.156374
-0.143093
-0.127298
-0.109404
-0.0900528
-0.0701053
-0.0505998
-0.0326721
-0.0174655
-0.00633129
-0.000989717
-0.000150576
-0.00102791
-0.00292216
-0.00558666
-0.0088368
-0.0125259
-0.0165097
-0.0206545
-0.0248448
-0.0289837
-0.0329936
-0.0368146
-0.0404036
-0.0437315
-0.0467822
-0.0495496
-0.0520365
-0.0542527
-0.0562135
-0.0579385
-0.0594511
-0.0607769
-0.0619435
-0.0629803
-0.0639173
-0.0647855
-0.0656162
-0.066441
-0.0672917
-0.0681998
-0.0691969
-0.0703138
-0.0715813
-0.0730293
-0.0746868
-0.0765818
-0.0787411
-0.0811896
-0.0839503
-0.0870437
-0.090487
-0.0942934
-0.0984716
-0.103024
-0.107946
-0.113222
-0.118829
-0.124726
-0.130858
-0.137147
-0.143493
-0.149764
-0.155799
-0.161395
-0.166311
-0.170265
-0.172937
-0.173977
-0.173021
-0.169718
-0.163761
-0.154937
-0.143168
-0.128571
-0.111499
-0.0925621
-0.0726327
-0.0528091
-0.0343284
-0.0184664
-0.00674018
-0.0010658
-0.000161648
-0.00109738
-0.00310653
-0.00591105
-0.0092988
-0.0131002
-0.0171512
-0.0213032
-0.02543
-0.029429
-0.0332202
-0.036745
-0.0399632
-0.042851
-0.0453981
-0.0476051
-0.0494816
-0.051044
-0.052314
-0.0533176
-0.0540834
-0.0546424
-0.0550269
-0.0552706
-0.0554075
-0.0554721
-0.0554992
-0.0555234
-0.0555795
-0.0557019
-0.0559249
-0.0562823
-0.0568077
-0.0575338
-0.0584929
-0.0597163
-0.0612342
-0.0630757
-0.065268
-0.0678364
-0.0708036
-0.074189
-0.078008
-0.0822709
-0.0869817
-0.0921362
-0.0977205
-0.103708
-0.110056
-0.116703
-0.123563
-0.130522
-0.13743
-0.144101
-0.150298
-0.155742
-0.160102
-0.163004
-0.164047
-0.162817
-0.158933
-0.152083
-0.142089
-0.128965
-0.112978
-0.0946871
-0.0749603
-0.0549455
-0.0359824
-0.0194889
-0.00716592
-0.00114683
-0.000177537
-0.00119572
-0.00336642
-0.00636874
-0.00995411
-0.0139237
-0.0180893
-0.0222838
-0.0263693
-0.0302367
-0.0338049
-0.0370172
-0.0398384
-0.0422515
-0.0442537
-0.0458539
-0.0470699
-0.047926
-0.0484515
-0.0486791
-0.0486438
-0.0483823
-0.0479319
-0.0473308
-0.046617
-0.0458288
-0.0450042
-0.0441809
-0.0433964
-0.0426878
-0.0420921
-0.0416455
-0.0413841
-0.0413435
-0.0415585
-0.0420635
-0.0428921
-0.0440766
-0.0456484
-0.0476371
-0.0500705
-0.0529736
-0.0563685
-0.0602729
-0.0646993
-0.0696536
-0.075133
-0.0811234
-0.087597
-0.094508
-0.101788
-0.109341
-0.117036
-0.124702
-0.132119
-0.139013
-0.145053
-0.149849
-0.152967
-0.153942
-0.152312
-0.14767
-0.13972
-0.128358
-0.113743
-0.0963592
-0.0770459
-0.0569888
-0.037628
-0.0205337
-0.00761017
-0.00123341
-0.000199529
-0.00133016
-0.00371993
-0.00699031
-0.0108451
-0.0150485
-0.0193824
-0.0236583
-0.0277248
-0.031467
-0.0348033
-0.0376811
-0.0400724
-0.0419688
-0.0433775
-0.0443174
-0.0448161
-0.0449074
-0.044629
-0.0440215
-0.0431268
-0.0419877
-0.0406469
-0.0391473
-0.0375311
-0.03584
-0.0341154
-0.0323978
-0.0307273
-0.0291436
-0.0276856
-0.0263921
-0.0253014
-0.0244512
-0.023879
-0.0236216
-0.0237155
-0.0241962
-0.0250985
-0.0264562
-0.0283015
-0.0306649
-0.0335743
-0.0370546
-0.0411266
-0.0458056
-0.0510997
-0.0570079
-0.0635168
-0.0705972
-0.0781995
-0.0862476
-0.0946324
-0.103204
-0.111761
-0.120046
-0.127733
-0.13443
-0.139678
-0.142965
-0.143757
-0.141546
-0.135915
-0.126621
-0.113691
-0.0975027
-0.0788439
-0.0589182
-0.0392606
-0.021603
-0.0080756
-0.0013264
-0.000229282
-0.00150977
-0.00418941
-0.00781285
-0.012022
-0.0165348
-0.0210969
-0.0254947
-0.0295627
-0.0331807
-0.0362688
-0.0387811
-0.0406993
-0.042027
-0.0427834
-0.043
-0.042716
-0.041976
-0.0408275
-0.0393197
-0.0375022
-0.0354242
-0.0331343
-0.0306799
-0.0281074
-0.0254623
-0.0227886
-0.0201298
-0.0175283
-0.0150257
-0.0126632
-0.0104814
-0.00852042
-0.00682006
-0.00541974
-0.00435862
-0.00367547
-0.0034087
-0.00359621
-0.00427527
-0.00548228
-0.00725247
-0.00961946
-0.0126147
-0.0162666
-0.0205995
-0.0256323
-0.0313762
-0.0378325
-0.0449889
-0.0528149
-0.0612563
-0.0702275
-0.0796035
-0.0892088
-0.0988069
-0.10809
-0.116669
-0.124073
-0.129756
-0.13312
-0.133556
-0.130518
-0.123612
-0.112703
-0.0980336
-0.0803045
-0.0607124
-0.0408775
-0.0227015
-0.00856632
-0.00142701
-0.000268951
-0.00174609
-0.00480261
-0.00888146
-0.0135446
-0.0184522
-0.0233066
-0.0278659
-0.03195
-0.0354354
-0.0382471
-0.0403495
-0.0417378
-0.0424307
-0.042463
-0.0418808
-0.0407373
-0.0390895
-0.0369959
-0.0345152
-0.0317052
-0.0286219
-0.0253198
-0.021851
-0.0182662
-0.0146139
-0.0109412
-0.00729379
-0.00371616
-0.00025182
0.00305646
0.00616656
0.00903677
0.0116257
0.0138924
0.0157957
0.0172948
0.0183491
0.0189179
0.0189607
0.0184376
0.017309
0.0155362
0.0130817
0.00990987
0.00598798
0.0012871
-0.00421604
-0.0105368
-0.0176795
-0.0256331
-0.034366
-0.0438181
-0.0538923
-0.0644426
-0.0752618
-0.0860665
-0.0964849
-0.106047
-0.114184
-0.120245
-0.123529
-0.123358
-0.11917
-0.110647
-0.0978557
-0.081371
-0.0623492
-0.0424786
-0.0238374
-0.00908845
-0.00153695
-0.000321384
-0.00205387
-0.00559423
-0.0102512
-0.0154837
-0.0208804
-0.0260926
-0.0308472
-0.0349509
-0.0382802
-0.0407695
-0.0423984
-0.0431807
-0.0431542
-0.042373
-0.0409008
-0.038807
-0.0361624
-0.0330381
-0.0295028
-0.0256229
-0.0214617
-0.0170794
-0.0125329
-0.00787664
-0.00316225
0.0015607
0.00624451
0.010843
0.0153113
0.0196054
0.0236819
0.0274981
0.0310113
0.0341794
0.0369597
0.0393099
0.0411873
0.042549
0.0433519
0.0435527
0.0431081
0.0419747
0.0401097
0.0374709
0.0340177
0.0297118
0.0245187
0.0184096
0.011364
0.00337371
-0.00555223
-0.0153803
-0.0260435
-0.0374291
-0.0493645
-0.0616005
-0.0737929
-0.0854869
-0.096108
-0.104965
-0.11128
-0.114242
-0.113114
-0.107368
-0.0968557
-0.0819773
-0.0638042
-0.0440671
-0.0250234
-0.00965101
-0.00165865
-0.000390387
-0.0024522
-0.00660799
-0.0119892
-0.0179226
-0.023909
-0.0295407
-0.0345121
-0.0386197
-0.0417456
-0.0438405
-0.0449061
-0.0449803
-0.0441257
-0.0424192
-0.039946
-0.0367933
-0.0330482
-0.0287946
-0.0241123
-0.0190766
-0.0137579
-0.00822199
-0.00253036
0.00325925
0.00909246
0.0149177
0.0206857
0.0263491
0.0318621
0.0371797
0.0422581
0.0470537
0.0515232
0.0556234
0.0593109
0.062542
0.0652724
0.0674575
0.0690519
0.0700095
0.0702838
0.0698272
0.0685921
0.0665305
0.0635946
0.0597375
0.0549143
0.0490837
0.0422098
0.034266
0.0252391
0.0151358
0.00399216
-0.00811534
-0.0210538
-0.0346154
-0.0484951
-0.0622683
-0.0753721
-0.0870968
-0.0965992
-0.102951
-0.105232
-0.102683
-0.094896
-0.0820417
-0.0650483
-0.0456496
-0.0262786
-0.0102671
-0.00179563
-0.000481145
-0.0029661
-0.00789931
-0.0141779
-0.0209587
-0.0276364
-0.033737
-0.0389236
-0.0429887
-0.0458292
-0.0474212
-0.0477972
-0.0470273
-0.0452043
-0.0424332
-0.0388232
-0.0344825
-0.0295152
-0.0240193
-0.0180858
-0.0117989
-0.00523586
0.00153235
0.00844024
0.0154272
0.0224369
0.0294161
0.0363148
0.0430849
0.0496802
0.0560555
0.0621668
0.0679702
0.0734222
0.0784792
0.0830972
0.0872316
0.0908373
0.093868
0.0962767
0.0980149
0.0990333
0.0992808
0.0987057
0.0972545
0.0948732
0.0915073
0.0871025
0.0816056
0.074967
0.0671424
0.0580974
0.0478127
0.0362928
0.0235767
0.00975397
-0.0050155
-0.0204763
-0.0362493
-0.0518027
-0.0664308
-0.0792496
-0.0892282
-0.0952701
-0.0963638
-0.0918029
-0.0814588
-0.0660433
-0.0472358
-0.02763
-0.0109555
-0.00195298
-0.000600856
-0.00362884
-0.00953902
-0.0169174
-0.0247037
-0.0321659
-0.0387591
-0.0441204
-0.0480497
-0.0504722
-0.0514023
-0.0509146
-0.0491201
-0.0461493
-0.0421399
-0.0372285
-0.0315463
-0.0252155
-0.0183485
-0.0110474
-0.00340473
0.00449597
0.0125792
0.0207765
0.0290252
0.0372676
0.04545
0.053522
0.0614358
0.0691453
0.0766059
0.0837736
0.0906052
0.0970573
0.103086
0.108648
0.113699
0.118191
0.122078
0.125312
0.127843
0.129618
0.130584
0.130686
0.129865
0.128062
0.125216
0.121264
0.116142
0.109789
0.102143
0.0931514
0.0827693
0.0709704
0.0577561
0.0431703
0.0273201
0.010402
-0.00726451
-0.0251998
-0.042728
-0.0589541
-0.0727707
-0.082919
-0.0881283
-0.0873509
-0.0800859
-0.0667343
-0.0488372
-0.0291152
-0.0117435
-0.00213824
-0.000759782
-0.00448542
-0.0116184
-0.0203296
-0.0292825
-0.0375975
-0.0446596
-0.0500931
-0.053724
-0.0555247
-0.0555656
-0.0539773
-0.0509224
-0.0465764
-0.0411145
-0.0347042
-0.0275005
-0.0196443
-0.0112618
-0.00246573
0.00664427
0.0159797
0.0254617
0.0350201
0.0445912
0.0541174
0.0635453
0.0728253
0.0819105
0.090756
0.0993181
0.107554
0.115422
0.122878
0.129881
0.136387
0.14235
0.147725
0.152465
0.15652
0.159838
0.162367
0.16405
0.164828
0.164641
0.163424
0.161109
0.157628
0.152907
0.146874
0.139452
0.130571
0.120164
0.108174
0.0945665
0.0793392
0.0625429
0.044308
0.0248813
0.00466968
-0.0157099
-0.0353865
-0.0532133
-0.0677971
-0.0776131
-0.081239
-0.0777222
-0.0670356
-0.0504627
-0.0307858
-0.0126709
-0.00236282
-0.000973029
-0.00559805
-0.0142558
-0.0245608
-0.0348268
-0.0440106
-0.0514382
-0.0567459
-0.0598151
-0.0606925
-0.0595269
-0.0565216
-0.0519026
-0.045898
-0.0387248
-0.0305828
-0.0216514
-0.0120891
-0.00203496
0.00839019
0.0190812
0.0299464
0.040906
0.0518892
0.0628336
0.0736827
0.0843849
0.0948927
0.105161
0.115147
0.12481
0.134108
0.143
0.151446
0.159405
0.166833
0.173687
0.179921
0.185488
0.190338
0.19442
0.197678
0.200055
0.201491
0.20192
0.201276
0.199486
0.196475
0.192162
0.186465
0.179296
0.170569
0.160194
0.148091
0.134189
0.11844
0.100839
0.0814443
0.0604191
0.0380784
0.0149499
-0.00816003
-0.0301132
-0.0494269
-0.0643468
-0.073058
-0.0740768
-0.0668077
-0.0521096
-0.0327094
-0.0137961
-0.0026445
-0.00126372
-0.00705495
-0.0176065
-0.0297825
-0.0414614
-0.051432
-0.058992
-0.0638333
-0.0659358
-0.0654577
-0.0626534
-0.0578181
-0.0512532
-0.0432454
-0.0340561
-0.0239172
-0.0130306
-0.00157004
0.0103162
0.0225019
0.0348796
0.0473579
0.0598581
0.0723119
0.0846598
0.0968486
0.10883
0.120561
0.131999
0.143104
0.153839
0.164165
0.174044
0.183438
0.192306
0.200609
0.208304
0.215346
0.221688
0.227282
0.232075
0.236013
0.239037
0.241085
0.24209
0.241983
0.240688
0.238124
0.234206
0.228843
0.221939
0.213391
0.203096
0.190947
0.176842
0.160691
0.142433
0.122053
0.0996218
0.0753464
0.0496356
0.0231861
-0.00293097
-0.0272078
-0.0477116
-0.062243
-0.0687197
-0.0658175
-0.0537437
-0.034972
-0.0152059
-0.0030119
-0.00166887
-0.00898472
-0.0218738
-0.0361856
-0.049271
-0.0597754
-0.0670317
-0.0708582
-0.0713957
-0.068961
-0.0639462
-0.0567579
-0.0477821
-0.0373675
-0.0258187
-0.013396
-0.000319188
0.0132286
0.0270949
0.0411534
0.0552994
0.0694452
0.0835173
0.0974532
0.111199
0.124707
0.137936
0.150846
0.163401
0.175565
0.187306
0.198588
0.209378
0.219639
0.229335
0.238428
0.246877
0.254641
0.261672
0.267925
0.273346
0.277883
0.281476
0.284062
0.285575
0.285943
0.285088
0.282927
0.279369
0.274319
0.267673
0.259317
0.249134
0.236997
0.222777
0.206346
0.187587
0.166417
0.142809
0.116848
0.0887983
0.0592007
0.028991
-0.000382964
-0.0268948
-0.0480092
-0.0610081
-0.0636718
-0.0552604
-0.0376737
-0.0170314
-0.00351276
-0.00225051
-0.0115802
-0.0273223
-0.0439573
-0.058232
-0.0687298
-0.0749376
-0.076909
-0.0750298
-0.0698317
-0.0618775
-0.0517002
-0.0397746
-0.0265076
-0.0122395
0.00274982
0.0182328
0.0340255
0.0499802
0.0659779
0.0819227
0.0977368
0.113357
0.12873
0.143811
0.158561
0.172947
0.186937
0.200501
0.213611
0.226238
0.238353
0.249926
0.260926
0.271319
0.281072
0.290146
0.298501
0.306095
0.312881
0.31881
0.323827
0.327877
0.330896
0.332818
0.33357
0.333075
0.331247
0.327995
0.323218
0.316807
0.308643
0.298596
0.286525
0.272277
0.255692
0.236606
0.214865
0.190352
0.163019
0.132966
0.100535
0.0664515
0.0319991
-0.000827476
-0.0292637
-0.0499771
-0.0597069
-0.0564061
-0.0409086
-0.0194692
-0.00422905
-0.00311702
-0.0151371
-0.0342827
-0.0532158
-0.0680682
-0.0775544
-0.0815165
-0.0804007
-0.0749422
-0.0659464
-0.0541716
-0.0402809
-0.0248283
-0.00826427
0.00905258
0.0268401
0.0448786
0.0629978
0.0810663
0.0989828
0.116669
0.134064
0.151119
0.167797
0.184066
0.1999
0.215274
0.230167
0.244559
0.258427
0.271752
0.284509
0.296675
0.308224
0.319127
0.329353
0.338868
0.347635
0.355616
0.362765
0.369036
0.374378
0.378734
0.382045
0.384246
0.385264
0.385022
0.383437
0.380415
0.375856
0.369648
0.361668
0.351778
0.339828
0.325646
0.309047
0.289828
0.267775
0.242678
0.214366
0.182756
0.147957
0.110414
0.071126
0.0318876
-0.00449001
-0.0341796
-0.0528077
-0.056629
-0.044704
-0.0228089
-0.00530367
-0.00446324
-0.0201106
-0.0431221
-0.0638403
-0.0779571
-0.0847031
-0.0845936
-0.0786727
-0.0681356
-0.0541032
-0.0375298
-0.0191862
0.00032541
0.0205448
0.0411261
0.0618128
0.0824162
0.102799
0.122863
0.142535
0.161766
0.18052
0.198771
0.2165
0.233693
0.250338
0.266425
0.281945
0.296886
0.311237
0.324985
0.338114
0.350607
0.362442
0.373597
0.384046
0.393758
0.402702
0.410841
0.418135
0.42454
0.430007
0.434484
0.437914
0.440232
0.441372
0.441257
0.439806
0.436928
0.432523
0.42648
0.418676
0.408971
0.397207
0.383204
0.366758
0.347634
0.325571
0.300281
0.271472
0.238884
0.202369
0.162034
0.118465
0.0730577
0.0283969
-0.0114615
-0.0411186
-0.0547972
-0.0488626
-0.0274469
-0.00698341
-0.00664116
-0.0271817
-0.0540952
-0.0750583
-0.0859287
-0.0871465
-0.0803446
-0.0673872
-0.0500025
-0.0296142
-0.00731883
0.0160719
0.0399734
0.0639738
0.0877887
0.111226
0.134159
0.156507
0.178221
0.199276
0.219657
0.239362
0.258393
0.276756
0.294456
0.311501
0.327894
0.34364
0.35874
0.373191
0.386989
0.400126
0.412592
0.424373
0.43545
0.445803
0.455407
0.464234
0.472252
0.479424
0.485711
0.491068
0.495446
0.498792
0.501047
0.502146
0.502018
0.500585
0.49776
0.493448
0.487542
0.479921
0.470447
0.458962
0.445283
0.429196
0.410448
0.388742
0.363731
0.335021
0.302188
0.26483
0.222677
0.175803
0.124985
0.0722226
0.021345
-0.021591
-0.0486846
-0.0525856
-0.03382
-0.00967095
-0.010254
-0.0372392
-0.0668254
-0.0844606
-0.0876659
-0.0791817
-0.0622522
-0.0396897
-0.0136977
0.0141303
0.0427029
0.0713003
0.0994647
0.126917
0.153499
0.17913
0.203779
0.227447
0.250152
0.271925
0.292797
0.312806
0.331985
0.350365
0.367976
0.384842
0.400984
0.416419
0.431158
0.445209
0.458578
0.471264
0.483263
0.494566
0.505163
0.515036
0.524167
0.532531
0.540101
0.546847
0.552731
0.557715
0.561754
0.5648
0.566799
0.567691
0.567411
0.565888
0.563042
0.558782
0.55301
0.545611
0.536455
0.525389
0.512234
0.496776
0.478756
0.457861
0.433705
0.405822
0.373657
0.336583
0.293958
0.245287
0.190538
0.130729
0.0688068
0.01069
-0.0340549
-0.0536098
-0.0420281
-0.013909
-0.0161376
-0.0508527
-0.0786918
-0.0857266
-0.0742042
-0.0504822
-0.0196361
0.0147891
0.0504597
0.0859484
0.120443
0.153521
0.184998
0.214828
0.243044
0.269722
0.294953
0.318837
0.341469
0.36294
0.383332
0.402718
0.421164
0.438727
0.455454
0.471388
0.486563
0.501006
0.51474
0.527781
0.54014
0.551824
0.562835
0.573169
0.582821
0.591777
0.600025
0.607544
0.614313
0.620303
0.625485
0.629825
0.633283
0.635817
0.63738
0.637918
0.637376
0.635688
0.632784
0.628583
0.622996
0.615919
0.607235
0.596802
0.584453
0.569986
0.553151
0.533635
0.511045
0.484878
0.4545
0.419118
0.377785
0.329457
0.273208
0.208725
0.13729
0.0634102
-0.00310993
-0.0463481
-0.0505323
-0.0199785
-0.0246203
-0.0658513
-0.0802547
-0.0636563
-0.0278806
0.0166906
0.063992
0.110696
0.155131
0.196609
0.234974
0.270337
0.302923
0.333
0.360831
0.386664
0.410717
0.433183
0.454229
0.473995
0.492605
0.510161
0.52675
0.542447
0.557314
0.571403
0.584756
0.597408
0.609388
0.620716
0.631409
0.641476
0.650924
0.659752
0.667959
0.675537
0.682474
0.688756
0.694366
0.69928
0.703475
0.706921
0.709586
0.711435
0.712427
0.712519
0.711663
0.709803
0.706881
0.702828
0.697568
0.691014
0.683062
0.673591
0.662455
0.649473
0.63442
0.617008
0.596864
0.573499
0.546264
0.514299
0.47647
0.431331
0.377152
0.312166
0.235333
0.148149
0.0578804
-0.0183923
-0.0528646
-0.0262208
-0.0312988
-0.0687278
-0.0436743
0.0154722
0.0836792
0.150382
0.211696
0.266445
0.314763
0.357325
0.39494
0.42837
0.458281
0.485231
0.509679
0.531998
0.552491
0.571408
0.588948
0.605278
0.620534
0.634828
0.648253
0.660885
0.672789
0.684016
0.694608
0.704602
0.714025
0.722897
0.731236
0.739052
0.746352
0.753138
0.75941
0.765162
0.770388
0.775076
0.779212
0.78278
0.78576
0.788131
0.789866
0.790939
0.791319
0.790971
0.789857
0.787937
0.785163
0.781483
0.776837
0.771157
0.764361
0.756353
0.747016
0.736203
0.72373
0.709358
0.692771
0.673543
0.651096
0.624623
0.592999
0.554647
0.507387
0.448322
0.374028
0.281704
0.172057
0.055698
-0.0301855
-0.0232111
-0.000660414
0.000352657
0.104333
0.217905
0.312099
0.388126
0.44978
0.500011
0.54135
0.575871
0.605146
0.630341
0.652318
0.671722
0.689037
0.704633
0.718795
0.731744
0.743655
0.754668
0.764893
0.774421
0.783326
0.791666
0.799492
0.806842
0.813749
0.820238
0.826331
0.832044
0.837387
0.842369
0.846996
0.85127
0.855189
0.858751
0.86195
0.86478
0.867232
0.869293
0.870951
0.872191
0.872996
0.873349
0.873228
0.872611
0.871474
0.869788
0.867524
0.864647
0.861118
0.85689
0.851911
0.846116
0.839425
0.83174
0.822933
0.81284
0.801237
0.787824
0.772178
0.753698
0.73151
0.70431
0.670123
0.62591
0.567062
0.48705
0.376958
0.228427
0.0726436
0.0309695
0.292184
0.379306
0.530607
0.64433
0.714297
0.760017
0.792311
0.816128
0.834335
0.848758
0.860546
0.870427
0.878883
0.886244
0.892742
0.898545
0.903778
0.908536
0.912892
0.916901
0.920609
0.924052
0.927258
0.930251
0.933048
0.935666
0.938116
0.940407
0.942548
0.944544
0.946399
0.948116
0.949695
0.951139
0.952445
0.953613
0.95464
0.955523
0.956257
0.956839
0.957264
0.957525
0.957615
0.957529
0.957257
0.956792
0.956124
0.955242
0.954135
0.952791
0.951193
0.949325
0.947166
0.944692
0.941871
0.938665
0.935023
0.93088
0.926146
0.9207
0.914371
0.906908
0.897942
0.886901
0.872863
0.854247
0.828214
0.789432
0.726146
0.611349
0.435853
0.317985
)
;

boundaryField
{
    movingWall
    {
        type            calculated;
        value           uniform 1;
    }
    fixedWalls
    {
        type            calculated;
        value           uniform 0;
    }
    frontAndBack
    {
        type            empty;
    }
}


// ************************************************************************* //
