/*--------------------------------*- C++ -*----------------------------------*\
  =========                 |
  \\      /  F ield         | OpenFOAM: The Open Source CFD Toolbox
   \\    /   O peration     | Website:  https://openfoam.org
    \\  /    A nd           | Version:  dev
     \\/     M anipulation  |
\*---------------------------------------------------------------------------*/
FoamFile
{
    format      ascii;
    class       volScalarField;
    location    "36";
    object      Ux;
}
// * * * * * * * * * * * * * * * * * * * * * * * * * * * * * * * * * * * * * //

dimensions      [0 1 -1 0 0 0 0];

internalField   nonuniform List<scalar> 
5184
(
1.23248e-05
4.51714e-05
8.03475e-05
9.60176e-05
8.2195e-05
3.6499e-05
-4.05226e-05
-0.00014685
-0.00027969
-0.000435985
-0.000612615
-0.000806545
-0.00101491
-0.00123504
-0.00146447
-0.00170095
-0.00194241
-0.00218693
-0.00243272
-0.0026781
-0.00292147
-0.00316127
-0.00339596
-0.00362402
-0.00384392
-0.00405412
-0.00425307
-0.00443919
-0.00461091
-0.00476664
-0.00490482
-0.00502393
-0.00512251
-0.00519918
-0.00525269
-0.0052819
-0.00528589
-0.00526392
-0.0052155
-0.00514038
-0.00503865
-0.00491066
-0.00475713
-0.00457911
-0.00437801
-0.00415558
-0.00391391
-0.00365543
-0.00338288
-0.00309925
-0.00280779
-0.00251192
-0.0022152
-0.00192131
-0.0016339
-0.00135663
-0.00109303
-0.000846469
-0.000620098
-0.000416767
-0.000238974
-8.87978e-05
3.21736e-05
0.000122926
0.000183129
0.000213286
0.000214984
0.000191274
0.000147186
9.0815e-05
3.6632e-05
6.22632e-06
2.08499e-05
6.56421e-05
9.47563e-05
7.28673e-05
-1.88674e-05
-0.000187265
-0.000432911
-0.000752587
-0.00114075
-0.00159061
-0.00209483
-0.00264595
-0.00323666
-0.00385998
-0.00450929
-0.00517841
-0.00586151
-0.00655317
-0.00724824
-0.00794184
-0.00862927
-0.00930598
-0.00996748
-0.0106094
-0.0112272
-0.0118166
-0.0123732
-0.0128925
-0.0133702
-0.0138018
-0.0141832
-0.0145103
-0.0147792
-0.0149862
-0.015128
-0.0152019
-0.0152054
-0.0151369
-0.0149951
-0.0147796
-0.0144909
-0.0141303
-0.0136997
-0.0132023
-0.012642
-0.0120237
-0.0113531
-0.0106368
-0.00988227
-0.00909757
-0.00829139
-0.00747294
-0.00665173
-0.00583751
-0.00504006
-0.00426906
-0.00353388
-0.00284344
-0.00220604
-0.00162914
-0.00111923
-0.000681596
-0.000320161
-3.72066e-05
0.000166901
0.000294086
0.000349099
0.000340215
0.000279928
0.000186094
8.63863e-05
1.9683e-05
1.76419e-05
4.13525e-05
1.96375e-05
-8.39567e-05
-0.00029022
-0.000607903
-0.00103827
-0.00157751
-0.00221845
-0.0029519
-0.00376759
-0.0046548
-0.00560281
-0.00660116
-0.00763979
-0.00870914
-0.00980011
-0.0109041
-0.0120129
-0.0131187
-0.0142139
-0.0152912
-0.0163432
-0.0173628
-0.018343
-0.0192767
-0.020157
-0.0209767
-0.0217291
-0.0224074
-0.023005
-0.0235156
-0.0239333
-0.0242526
-0.0244686
-0.0245772
-0.0245748
-0.024459
-0.0242283
-0.0238823
-0.0234219
-0.0228493
-0.0221679
-0.0213825
-0.0204994
-0.0195262
-0.0184719
-0.0173466
-0.0161618
-0.0149299
-0.0136642
-0.0123788
-0.0110882
-0.00980713
-0.00855064
-0.00733337
-0.00616959
-0.00507282
-0.0040556
-0.00312921
-0.00230339
-0.00158604
-0.000982879
-0.000497153
-0.000129167
0.000124148
0.000269891
0.000319916
0.00029136
0.000207457
0.000102478
2.49823e-05
8.84424e-06
-6.99459e-06
-0.000107559
-0.00032235
-0.000669616
-0.00115776
-0.00178754
-0.00255419
-0.00344916
-0.00446141
-0.00557847
-0.00678713
-0.00807399
-0.00942577
-0.0108296
-0.012273
-0.0137441
-0.0152314
-0.0167242
-0.0182117
-0.0196837
-0.0211304
-0.0225419
-0.0239086
-0.025221
-0.0264695
-0.0276448
-0.0287377
-0.029739
-0.0306399
-0.0314317
-0.0321064
-0.0326561
-0.033074
-0.0333538
-0.0334903
-0.0334791
-0.0333174
-0.0330033
-0.0325368
-0.0319191
-0.0311533
-0.0302441
-0.0291981
-0.0280234
-0.0267301
-0.02533
-0.0238363
-0.0222638
-0.0206287
-0.0189483
-0.0172406
-0.0155244
-0.0138189
-0.0121434
-0.0105167
-0.00895722
-0.0074824
-0.00610837
-0.00484964
-0.0037187
-0.00272566
-0.00187784
-0.00117939
-0.000630759
-0.000228248
3.66209e-05
0.000177749
0.00021487
0.000174155
9.3057e-05
2.40341e-05
-2.12222e-06
-6.72855e-05
-0.00026411
-0.000609795
-0.00111684
-0.00179146
-0.00263266
-0.00363406
-0.00478555
-0.00607439
-0.00748625
-0.00900586
-0.0106176
-0.012306
-0.0140557
-0.0158519
-0.0176801
-0.0195267
-0.0213781
-0.0232215
-0.0250442
-0.026834
-0.0285787
-0.0302664
-0.0318854
-0.0334239
-0.0348705
-0.036214
-0.0374431
-0.0385471
-0.0395157
-0.0403392
-0.0410083
-0.0415148
-0.0418514
-0.0420119
-0.0419915
-0.0417868
-0.0413959
-0.040819
-0.0400579
-0.0391163
-0.0380003
-0.0367176
-0.0352784
-0.0336948
-0.0319809
-0.0301526
-0.0282278
-0.0262255
-0.0241665
-0.0220725
-0.0199657
-0.017869
-0.0158055
-0.0137975
-0.0118672
-0.0100352
-0.00832082
-0.00674143
-0.00531195
-0.00404452
-0.002948
-0.00202753
-0.00128406
-0.000713818
-0.000307806
-5.12514e-05
7.67275e-05
0.000103644
6.75309e-05
1.96715e-05
-1.36944e-05
-0.00013284
-0.000435855
-0.000924717
-0.00160406
-0.00247644
-0.00353803
-0.00478012
-0.00619061
-0.007755
-0.00945714
-0.01128
-0.013206
-0.0152177
-0.0172977
-0.0194293
-0.0215958
-0.0237814
-0.0259705
-0.0281481
-0.0302994
-0.03241
-0.0344658
-0.0364527
-0.038357
-0.0401651
-0.0418636
-0.0434392
-0.0448793
-0.0461713
-0.0473034
-0.0482644
-0.0490439
-0.0496326
-0.050022
-0.0502055
-0.0501775
-0.0499345
-0.0494746
-0.048798
-0.0479069
-0.046806
-0.045502
-0.0440043
-0.0423243
-0.0404759
-0.0384752
-0.0363406
-0.0340922
-0.0317521
-0.0293436
-0.0268915
-0.0244213
-0.021959
-0.0195308
-0.0171625
-0.0148792
-0.0127045
-0.0106608
-0.00876781
-0.00704286
-0.00550004
-0.00414983
-0.00299858
-0.00204807
-0.00129503
-0.000730675
-0.000340274
-0.000102865
9.19543e-06
3.25165e-05
1.36257e-05
-2.51872e-05
-0.000200029
-0.000614139
-0.00125304
-0.00211226
-0.00318965
-0.00447764
-0.00596452
-0.00763578
-0.00947488
-0.0114638
-0.0135838
-0.0158156
-0.0181399
-0.0205377
-0.0229904
-0.0254795
-0.0279874
-0.0304967
-0.0329903
-0.0354518
-0.0378648
-0.0402133
-0.0424815
-0.0446537
-0.0467148
-0.0486495
-0.0504431
-0.0520812
-0.0535498
-0.0548359
-0.0559268
-0.0568112
-0.0574785
-0.0579199
-0.0581277
-0.0580961
-0.0578212
-0.057301
-0.0565358
-0.0555283
-0.0542837
-0.0528095
-0.051116
-0.049216
-0.0471249
-0.0448605
-0.0424431
-0.039895
-0.0372404
-0.0345054
-0.0317172
-0.0289042
-0.0260953
-0.0233194
-0.0206053
-0.017981
-0.015473
-0.013106
-0.0109026
-0.0088822
-0.00706099
-0.0054512
-0.00406066
-0.00289238
-0.00194407
-0.00120777
-0.000669551
-0.000309185
-9.98338e-05
-7.70081e-06
6.864e-06
-3.6343e-05
-0.000266968
-0.000793836
-0.00158581
-0.00262874
-0.00391505
-0.00543279
-0.00716666
-0.00909933
-0.0112119
-0.0134845
-0.0158965
-0.018427
-0.0210551
-0.0237602
-0.0265221
-0.0293209
-0.0321371
-0.0349519
-0.0377465
-0.0405029
-0.0432029
-0.0458291
-0.048364
-0.0507903
-0.0530913
-0.0552503
-0.057251
-0.0590776
-0.0607151
-0.0621489
-0.0633654
-0.0643522
-0.065098
-0.0655929
-0.0658289
-0.0657995
-0.0655006
-0.0649301
-0.0640882
-0.062978
-0.0616049
-0.0599771
-0.0581056
-0.0560044
-0.05369
-0.0511816
-0.0485011
-0.0456726
-0.0427225
-0.0396788
-0.0365713
-0.0334307
-0.0302885
-0.0271765
-0.024126
-0.0211677
-0.0183308
-0.0156429
-0.0131288
-0.0108103
-0.00870591
-0.00682972
-0.00519138
-0.0037955
-0.00264124
-0.00172201
-0.00102524
-0.000532088
-0.000217202
-5.04529e-05
-8.20935e-08
-4.70652e-05
-0.000332674
-0.000971947
-0.00191742
-0.00314509
-0.00464159
-0.0063901
-0.00837134
-0.0105648
-0.012949
-0.015502
-0.0182011
-0.021024
-0.0239483
-0.0269518
-0.0300129
-0.0331103
-0.0362232
-0.0393312
-0.0424143
-0.045453
-0.0484277
-0.0513194
-0.0541093
-0.0567789
-0.0593098
-0.0616841
-0.0638843
-0.0658934
-0.0676949
-0.0692734
-0.0706142
-0.0717039
-0.0725303
-0.073083
-0.0733531
-0.0733339
-0.0730205
-0.0724109
-0.0715051
-0.0703061
-0.0688196
-0.0670543
-0.0650216
-0.0627363
-0.0602158
-0.0574805
-0.0545536
-0.0514608
-0.0482301
-0.0448916
-0.041477
-0.0380196
-0.0345531
-0.0311117
-0.0277297
-0.0244403
-0.0212754
-0.0182652
-0.0154371
-0.0128156
-0.0104214
-0.00827101
-0.00637609
-0.00474323
-0.00337347
-0.00226203
-0.00139819
-0.000764997
-0.000339003
-9.41805e-05
-6.94238e-06
-5.7342e-05
-0.000396664
-0.00114674
-0.00224435
-0.00365575
-0.00536161
-0.00733999
-0.00956733
-0.0120197
-0.0146728
-0.0175024
-0.0204839
-0.0235934
-0.0268068
-0.0301008
-0.0334523
-0.0368389
-0.0402386
-0.0436296
-0.0469909
-0.0503014
-0.0535407
-0.0566884
-0.0597244
-0.062629
-0.0653826
-0.0679662
-0.0703611
-0.0725491
-0.0745128
-0.0762357
-0.0777021
-0.0788977
-0.0798096
-0.0804265
-0.0807389
-0.0807394
-0.0804228
-0.0797865
-0.0788303
-0.0775571
-0.0759726
-0.0740856
-0.0719078
-0.0694544
-0.0667436
-0.0637966
-0.0606377
-0.0572938
-0.0537946
-0.0501718
-0.0464591
-0.0426918
-0.0389061
-0.0351387
-0.0314263
-0.027805
-0.0243095
-0.0209726
-0.0178248
-0.0148931
-0.0122009
-0.0097673
-0.00760641
-0.00572718
-0.00413289
-0.00282098
-0.00178295
-0.00100404
-0.000463022
-0.000138066
-1.36011e-05
-6.71908e-05
-0.000458712
-0.0013172
-0.00256437
-0.004157
-0.00606977
-0.00827552
-0.0107462
-0.0134544
-0.0163728
-0.0194746
-0.0227335
-0.0261237
-0.0296197
-0.0331969
-0.0368312
-0.0404987
-0.0441766
-0.047842
-0.0514726
-0.0550467
-0.0585424
-0.0619385
-0.0652138
-0.0683475
-0.071319
-0.0741083
-0.0766955
-0.0790615
-0.081188
-0.0830574
-0.0846532
-0.0859602
-0.0869646
-0.0876543
-0.088019
-0.0880507
-0.0877435
-0.0870943
-0.0861024
-0.0847704
-0.0831036
-0.0811107
-0.0788036
-0.0761976
-0.0733113
-0.0701665
-0.0667883
-0.0632048
-0.0594467
-0.0555476
-0.0515429
-0.0474699
-0.0433671
-0.0392738
-0.0352292
-0.0312723
-0.0274407
-0.0237703
-0.0202944
-0.0170433
-0.0140432
-0.0113162
-0.00887911
-0.00674371
-0.00491586
-0.00339555
-0.00217682
-0.00124737
-0.000588245
-0.000181782
-2.00318e-05
-7.66357e-05
-0.000518712
-0.00148273
-0.00287604
-0.00464628
-0.00676226
-0.00919158
-0.0119017
-0.0148614
-0.0180405
-0.0214096
-0.0249404
-0.0286053
-0.0323775
-0.0362311
-0.0401408
-0.0440819
-0.0480304
-0.0519626
-0.0558554
-0.059686
-0.0634317
-0.0670705
-0.0705801
-0.073939
-0.0771256
-0.0801188
-0.0828981
-0.0854435
-0.0877355
-0.0897557
-0.0914869
-0.0929127
-0.0940186
-0.0947916
-0.0952205
-0.0952965
-0.095013
-0.0943659
-0.0933542
-0.0919795
-0.0902468
-0.0881644
-0.085744
-0.0830007
-0.0799532
-0.0766238
-0.073038
-0.0692248
-0.0652162
-0.061047
-0.0567544
-0.0523776
-0.0479575
-0.0435359
-0.0391547
-0.034856
-0.0306804
-0.0266672
-0.0228529
-0.0192712
-0.0159516
-0.0129195
-0.010195
-0.00779292
-0.00572201
-0.00398519
-0.00257929
-0.0014946
-0.000714515
-0.000225331
-2.6261e-05
-8.5698e-05
-0.000576615
-0.00164296
-0.00317839
-0.00512178
-0.00743624
-0.0100842
-0.0130287
-0.0162347
-0.019669
-0.0232997
-0.0270964
-0.0310298
-0.0350717
-0.0391949
-0.0433731
-0.0475809
-0.0517931
-0.0559855
-0.0601342
-0.0642154
-0.0682061
-0.0720831
-0.0758236
-0.0794053
-0.0828058
-0.0860032
-0.0889762
-0.0917039
-0.094166
-0.0963433
-0.0982175
-0.0997715
-0.10099
-0.101858
-0.102365
-0.1025
-0.102256
-0.101627
-0.100613
-0.0992127
-0.0974314
-0.0952765
-0.0927591
-0.089894
-0.0866998
-0.0831987
-0.0794166
-0.0753832
-0.0711313
-0.0666971
-0.0621193
-0.0574391
-0.0526997
-0.0479455
-0.0432215
-0.0385726
-0.0340431
-0.0296757
-0.0255107
-0.0215854
-0.0179331
-0.0145829
-0.0115584
-0.00887787
-0.00655355
-0.00459145
-0.00299142
-0.00174645
-0.00084228
-0.000268932
-3.23472e-05
-9.43929e-05
-0.000632382
-0.0017976
-0.00347066
-0.00558208
-0.00808949
-0.0109503
-0.0141232
-0.0175693
-0.0212525
-0.0251383
-0.0291943
-0.0333894
-0.0376941
-0.0420802
-0.0465202
-0.0509879
-0.0554575
-0.0599041
-0.0643029
-0.06863
-0.0728613
-0.0769732
-0.0809424
-0.0847458
-0.0883603
-0.0917635
-0.0949331
-0.0978477
-0.100486
-0.102828
-0.104855
-0.106548
-0.107891
-0.108869
-0.109468
-0.109678
-0.109491
-0.108899
-0.107899
-0.106492
-0.104681
-0.102471
-0.0998742
-0.0969035
-0.0935774
-0.0899178
-0.0859509
-0.0817065
-0.0772183
-0.0725235
-0.0676625
-0.0626784
-0.0576166
-0.0525243
-0.0474495
-0.0424407
-0.0375456
-0.032811
-0.0282811
-0.0239974
-0.0199975
-0.0163143
-0.0129758
-0.0100039
-0.00741468
-0.0052175
-0.00341548
-0.00200445
-0.000972418
-0.000312956
-3.83682e-05
-0.000102728
-0.00068597
-0.0019464
-0.00375222
-0.006026
-0.00872011
-0.0117872
-0.0151815
-0.0188608
-0.0227857
-0.0269194
-0.0312274
-0.035677
-0.0402374
-0.0448792
-0.0495742
-0.0542952
-0.0590159
-0.0637109
-0.0683548
-0.0729232
-0.0773916
-0.0817359
-0.0859323
-0.0899571
-0.0937868
-0.0973982
-0.100769
-0.103876
-0.106698
-0.109213
-0.111403
-0.113247
-0.114729
-0.115831
-0.11654
-0.116843
-0.11673
-0.116194
-0.115229
-0.113835
-0.112013
-0.109768
-0.107109
-0.10405
-0.100608
-0.0968038
-0.0926639
-0.0882183
-0.083501
-0.0785503
-0.0734079
-0.0681189
-0.062731
-0.0572942
-0.0518598
-0.0464799
-0.0412063
-0.0360899
-0.0311795
-0.026521
-0.0221567
-0.0181243
-0.014456
-0.0111783
-0.0083111
-0.00586771
-0.00385465
-0.00227069
-0.00110611
-0.000357876
-4.44144e-05
-0.000110704
-0.000737317
-0.00208911
-0.00402247
-0.00645243
-0.00932637
-0.0125923
-0.0162004
-0.0201049
-0.0242636
-0.0286373
-0.0331893
-0.0378857
-0.0426941
-0.0475841
-0.0525269
-0.0574945
-0.0624601
-0.0673977
-0.0722817
-0.0770873
-0.0817895
-0.0863641
-0.0907867
-0.0950332
-0.0990798
-0.102903
-0.106479
-0.109785
-0.112799
-0.115498
-0.117862
-0.119871
-0.121505
-0.122748
-0.123584
-0.123998
-0.12398
-0.123519
-0.12261
-0.12125
-0.119438
-0.117178
-0.114478
-0.111349
-0.107807
-0.103874
-0.0995745
-0.0949383
-0.09
-0.0847986
-0.0793771
-0.0737825
-0.0680648
-0.0622769
-0.0564736
-0.0507107
-0.0450446
-0.0395306
-0.0342225
-0.0291713
-0.0244244
-0.0200246
-0.0160093
-0.0124094
-0.00924968
-0.00654736
-0.00431274
-0.00254769
-0.00124475
-0.000404234
-5.05833e-05
-0.000118315
-0.000786342
-0.00222543
-0.00428077
-0.00686026
-0.00990656
-0.0133633
-0.0171768
-0.0212979
-0.0256817
-0.0302865
-0.035074
-0.0400085
-0.0450567
-0.050187
-0.0553699
-0.060577
-0.0657809
-0.0709553
-0.0760744
-0.0811129
-0.0860459
-0.0908486
-0.0954966
-0.0999655
-0.104231
-0.108269
-0.112056
-0.115568
-0.118782
-0.121675
-0.124225
-0.126412
-0.128215
-0.129616
-0.130597
-0.131142
-0.131239
-0.130876
-0.130045
-0.128741
-0.126961
-0.124708
-0.121987
-0.118809
-0.115187
-0.111141
-0.106697
-0.101882
-0.0967321
-0.0912864
-0.0855892
-0.0796889
-0.0736383
-0.0674929
-0.0613113
-0.0551534
-0.0490801
-0.0431519
-0.0374279
-0.0319647
-0.0268154
-0.0220285
-0.0176469
-0.0137069
-0.0102381
-0.00726239
-0.00479405
-0.00283825
-0.00138988
-0.00045262
-5.69774e-05
-0.000125546
-0.000832939
-0.00235504
-0.00452646
-0.00724836
-0.010459
-0.0140979
-0.0181076
-0.0224359
-0.0270352
-0.0318617
-0.0368752
-0.0420387
-0.0473176
-0.0526797
-0.0580946
-0.0635335
-0.0689687
-0.0743737
-0.0797223
-0.0849893
-0.0901495
-0.0951782
-0.100051
-0.104742
-0.109229
-0.113485
-0.117488
-0.121213
-0.124635
-0.127733
-0.130482
-0.132862
-0.134849
-0.136425
-0.137569
-0.138266
-0.1385
-0.138257
-0.137527
-0.136303
-0.13458
-0.132357
-0.129638
-0.126432
-0.12275
-0.118611
-0.114038
-0.109059
-0.103709
-0.0980276
-0.0920596
-0.0858553
-0.0794696
-0.0729613
-0.0663925
-0.0598276
-0.0533323
-0.0469727
-0.0408137
-0.0349181
-0.0293452
-0.0241498
-0.0193809
-0.0150809
-0.0112847
-0.00801922
-0.00530323
-0.00314541
-0.00154316
-0.000503653
-6.37017e-05
-0.000132382
-0.000876983
-0.00247756
-0.0047588
-0.00761554
-0.0109819
-0.0147936
-0.0189897
-0.0235151
-0.0283195
-0.0333574
-0.0385867
-0.0439691
-0.049469
-0.0550535
-0.0606916
-0.066354
-0.0720129
-0.0776415
-0.0832137
-0.0887041
-0.0940876
-0.0993394
-0.104435
-0.109349
-0.114058
-0.118536
-0.122759
-0.126704
-0.130344
-0.133656
-0.136616
-0.139202
-0.141389
-0.143158
-0.144486
-0.145355
-0.145747
-0.145648
-0.145043
-0.143924
-0.142282
-0.140115
-0.137424
-0.134214
-0.130495
-0.126284
-0.121601
-0.116475
-0.110938
-0.105031
-0.0987995
-0.0922947
-0.0855737
-0.0786984
-0.0717346
-0.0647513
-0.0578196
-0.0510113
-0.0443977
-0.0380483
-0.0320294
-0.0264026
-0.0212238
-0.0165419
-0.012398
-0.00882458
-0.00584513
-0.00347232
-0.0017063
-0.000557975
-7.08627e-05
-0.000138799
-0.000918329
-0.00259261
-0.00497701
-0.00796054
-0.0114735
-0.015448
-0.01982
-0.0245314
-0.02953
-0.034768
-0.0402021
-0.0457925
-0.051503
-0.0572996
-0.0631512
-0.069028
-0.0749022
-0.0807467
-0.0865357
-0.0922436
-0.0978457
-0.103317
-0.108633
-0.113769
-0.118701
-0.123403
-0.127851
-0.13202
-0.135886
-0.139422
-0.142605
-0.14541
-0.147813
-0.149792
-0.151322
-0.152385
-0.152958
-0.153026
-0.152572
-0.151583
-0.15005
-0.147965
-0.145328
-0.14214
-0.13841
-0.13415
-0.12938
-0.124126
-0.118419
-0.1123
-0.105815
-0.0990158
-0.0919616
-0.0847173
-0.0773525
-0.0699409
-0.062559
-0.0552851
-0.0481971
-0.041372
-0.0348836
-0.0288012
-0.0231882
-0.0181009
-0.0135871
-0.00968537
-0.00642475
-0.00382225
-0.00188107
-0.000616242
-7.85682e-05
-0.000144772
-0.000956819
-0.00269973
-0.00518027
-0.00828206
-0.0119319
-0.0160586
-0.0205951
-0.025481
-0.0306618
-0.036088
-0.0417149
-0.0475016
-0.053411
-0.0594088
-0.0654632
-0.0715444
-0.0776243
-0.0836761
-0.0896739
-0.0955926
-0.101407
-0.107093
-0.112627
-0.117983
-0.123137
-0.128064
-0.13274
-0.137139
-0.141236
-0.145005
-0.148421
-0.151458
-0.154092
-0.156296
-0.158048
-0.159324
-0.160102
-0.160361
-0.160083
-0.159252
-0.157854
-0.155881
-0.153326
-0.150189
-0.146475
-0.142193
-0.137361
-0.132001
-0.126145
-0.119832
-0.113106
-0.106022
-0.0986396
-0.091027
-0.0832574
-0.0754094
-0.0675652
-0.0598095
-0.0522278
-0.0449049
-0.0379229
-0.0313596
-0.0252868
-0.0197687
-0.0148608
-0.0106086
-0.00704719
-0.00419851
-0.00206927
-0.000679118
-8.69265e-05
-0.000150274
-0.000992282
-0.00279846
-0.00536772
-0.00857873
-0.0123551
-0.0166227
-0.0213119
-0.0263598
-0.03171
-0.0373116
-0.0431185
-0.0490889
-0.0551848
-0.0613716
-0.0676171
-0.0738914
-0.0801665
-0.0864157
-0.0926133
-0.0987344
-0.104755
-0.11065
-0.116395
-0.121968
-0.127342
-0.132494
-0.137399
-0.14203
-0.146364
-0.150372
-0.15403
-0.157311
-0.160188
-0.162636
-0.164627
-0.166136
-0.16714
-0.167614
-0.167538
-0.166891
-0.165659
-0.163826
-0.161384
-0.158329
-0.154661
-0.150387
-0.145521
-0.140083
-0.134102
-0.127614
-0.120665
-0.113309
-0.105608
-0.0976316
-0.0894566
-0.0811667
-0.0728498
-0.0645978
-0.056504
-0.0486615
-0.0411616
-0.0340913
-0.0275317
-0.0215559
-0.016228
-0.0116013
-0.00771754
-0.00460443
-0.00227269
-0.00074727
-9.60465e-05
-0.000155273
-0.00102454
-0.00288835
-0.00553849
-0.00884922
-0.0127413
-0.017138
-0.021967
-0.0271638
-0.0326699
-0.0384332
-0.0444063
-0.0505466
-0.0568157
-0.0631782
-0.069602
-0.076057
-0.0825155
-0.0889508
-0.0953377
-0.101652
-0.107868
-0.113965
-0.119916
-0.125699
-0.13129
-0.136665
-0.141797
-0.146663
-0.151236
-0.155489
-0.159396
-0.16293
-0.166062
-0.168765
-0.171012
-0.172774
-0.174024
-0.174737
-0.174888
-0.174455
-0.173416
-0.171755
-0.169459
-0.166518
-0.16293
-0.158697
-0.153828
-0.148342
-0.142263
-0.135627
-0.128478
-0.120868
-0.112861
-0.104529
-0.095952
-0.087218
-0.0784212
-0.0696605
-0.0610375
-0.0526545
-0.0446126
-0.0370088
-0.0299345
-0.023473
-0.0176975
-0.0126702
-0.00844086
-0.00504332
-0.00249315
-0.000821371
-0.000106038
-0.000159741
-0.00105343
-0.00296893
-0.00569172
-0.00909219
-0.0130886
-0.0176018
-0.0225575
-0.0278891
-0.0335368
-0.0394472
-0.0455718
-0.0518674
-0.058295
-0.0648189
-0.0714068
-0.0780289
-0.0846574
-0.0912661
-0.0978302
-0.104325
-0.110728
-0.117016
-0.123165
-0.129152
-0.134953
-0.140545
-0.145903
-0.151001
-0.155813
-0.160314
-0.164475
-0.168268
-0.171665
-0.174636
-0.177153
-0.179184
-0.180701
-0.181675
-0.182079
-0.181885
-0.18107
-0.179613
-0.177495
-0.174704
-0.171231
-0.167074
-0.162239
-0.156739
-0.150597
-0.143843
-0.13652
-0.128679
-0.120385
-0.111711
-0.10274
-0.0935635
-0.084283
-0.0750042
-0.0658373
-0.0568945
-0.0482871
-0.0401235
-0.0325062
-0.0255296
-0.0192776
-0.0138223
-0.00922215
-0.0055185
-0.00273245
-0.000902093
-0.000117011
-0.000163648
-0.00107877
-0.00303974
-0.0058266
-0.00930637
-0.0133951
-0.0180118
-0.0230801
-0.0285319
-0.0343062
-0.0403481
-0.0466087
-0.0530439
-0.0596142
-0.0662839
-0.0730206
-0.0797946
-0.0865783
-0.0933461
-0.100073
-0.106737
-0.113313
-0.11978
-0.126116
-0.132296
-0.1383
-0.144102
-0.149679
-0.155005
-0.160056
-0.164803
-0.169219
-0.173277
-0.176945
-0.180193
-0.182991
-0.185306
-0.187108
-0.188364
-0.189044
-0.189117
-0.188555
-0.187333
-0.185429
-0.182823
-0.179503
-0.175463
-0.170701
-0.165226
-0.159057
-0.152221
-0.144756
-0.136715
-0.128158
-0.119161
-0.109808
-0.100197
-0.0904339
-0.0806314
-0.0709091
-0.0613892
-0.0521945
-0.0434453
-0.0352565
-0.0277349
-0.0209764
-0.0150639
-0.0100663
-0.0060332
-0.00299238
-0.000990107
-0.000129079
-0.000166968
-0.00110041
-0.00310039
-0.00594237
-0.00949059
-0.0136594
-0.0183658
-0.0235321
-0.0290888
-0.0349737
-0.041131
-0.0475109
-0.054069
-0.0607652
-0.0675639
-0.0744326
-0.0813418
-0.0882643
-0.0951749
-0.10205
-0.108866
-0.115601
-0.122234
-0.128742
-0.135104
-0.141298
-0.1473
-0.153087
-0.158635
-0.163918
-0.168908
-0.173579
-0.1779
-0.181843
-0.185374
-0.188463
-0.191075
-0.193176
-0.194732
-0.19571
-0.196075
-0.195795
-0.194841
-0.193185
-0.190803
-0.187676
-0.183793
-0.179147
-0.173741
-0.167588
-0.16071
-0.153144
-0.144936
-0.136148
-0.126853
-0.117139
-0.107107
-0.0968667
-0.0865397
-0.0762541
-0.0661431
-0.0563413
-0.0469821
-0.0381939
-0.0300972
-0.0228011
-0.0164013
-0.0109779
-0.00659061
-0.0032747
-0.00108609
-0.000142353
-0.000169675
-0.00111822
-0.00315051
-0.00603838
-0.00964384
-0.0138798
-0.0186618
-0.0239111
-0.0295567
-0.0355356
-0.0417911
-0.0482729
-0.054936
-0.0617403
-0.0686498
-0.0756323
-0.0826585
-0.0897017
-0.0967371
-0.103741
-0.110693
-0.11757
-0.124351
-0.131017
-0.137545
-0.143915
-0.150104
-0.156089
-0.161847
-0.167353
-0.172579
-0.177498
-0.182082
-0.186298
-0.190115
-0.193499
-0.196416
-0.198829
-0.200701
-0.201996
-0.202677
-0.202707
-0.202051
-0.200678
-0.198558
-0.195667
-0.191985
-0.187501
-0.18221
-0.176121
-0.169249
-0.161626
-0.153294
-0.144312
-0.134753
-0.124705
-0.114271
-0.103567
-0.0927206
-0.0818692
-0.0711569
-0.0607313
-0.0507397
-0.0413252
-0.0326235
-0.0247585
-0.0178402
-0.0119616
-0.0071938
-0.00358117
-0.0011907
-0.00015695
-0.000171749
-0.00113207
-0.0031898
-0.00611409
-0.00976528
-0.0140552
-0.0188984
-0.0242149
-0.0299329
-0.0359885
-0.0423244
-0.0488897
-0.0556391
-0.0625323
-0.0695333
-0.07661
-0.0837335
-0.0908774
-0.0980177
-0.105132
-0.112199
-0.119197
-0.126109
-0.132912
-0.139588
-0.146116
-0.152475
-0.158643
-0.164597
-0.170312
-0.175763
-0.180922
-0.18576
-0.190245
-0.194346
-0.198027
-0.201253
-0.203986
-0.206187
-0.207816
-0.208833
-0.209197
-0.20887
-0.207815
-0.205995
-0.203381
-0.199947
-0.195673
-0.19055
-0.184577
-0.177763
-0.170135
-0.161728
-0.152599
-0.142817
-0.13247
-0.121662
-0.110514
-0.0991594
-0.0877453
-0.0764268
-0.0653647
-0.0547211
-0.0446554
-0.0353196
-0.0268545
-0.0193857
-0.0130215
-0.00784572
-0.00391347
-0.0013046
-0.000172986
-0.000173176
-0.00114189
-0.00321808
-0.00616914
-0.00985435
-0.0141848
-0.0190743
-0.024442
-0.0302154
-0.0363299
-0.0427276
-0.0493573
-0.0561733
-0.0631351
-0.070207
-0.0773569
-0.0845562
-0.0917793
-0.0990026
-0.106204
-0.113364
-0.120463
-0.127482
-0.134402
-0.141204
-0.147869
-0.154378
-0.160709
-0.16684
-0.172748
-0.178408
-0.183792
-0.188873
-0.193618
-0.197996
-0.201971
-0.205507
-0.208563
-0.2111
-0.213076
-0.214446
-0.215168
-0.215197
-0.214491
-0.21301
-0.210716
-0.207576
-0.203565
-0.198664
-0.192863
-0.186166
-0.17859
-0.170166
-0.160942
-0.150987
-0.140384
-0.12924
-0.117676
-0.105834
-0.0938676
-0.081944
-0.0702376
-0.0589264
-0.0481871
-0.0381898
-0.0290938
-0.0210427
-0.0141615
-0.00854919
-0.00427326
-0.00142846
-0.000190581
-0.000173947
-0.00114764
-0.00323524
-0.00620335
-0.00991077
-0.0142682
-0.0191889
-0.0245915
-0.0304029
-0.0365579
-0.0429984
-0.0496725
-0.0565345
-0.0635438
-0.0706646
-0.0778653
-0.0851176
-0.0923964
-0.0996788
-0.106944
-0.114173
-0.121347
-0.128448
-0.135459
-0.142363
-0.149141
-0.155775
-0.162246
-0.168532
-0.174611
-0.180459
-0.186051
-0.191357
-0.196349
-0.200992
-0.205253
-0.209093
-0.212473
-0.21535
-0.21768
-0.219417
-0.220514
-0.220924
-0.220598
-0.219491
-0.217559
-0.214762
-0.211066
-0.206443
-0.200876
-0.194359
-0.186899
-0.178521
-0.169266
-0.159196
-0.148391
-0.136956
-0.125015
-0.112714
-0.100214
-0.0876938
-0.0753416
-0.0633521
-0.0519203
-0.0412365
-0.03148
-0.0228148
-0.015385
-0.00930682
-0.00466211
-0.00156293
-0.000209856
-0.000174062
-0.00114933
-0.00324132
-0.00621679
-0.00993461
-0.0143054
-0.0192422
-0.0246632
-0.030495
-0.036672
-0.0431355
-0.0498335
-0.0567201
-0.0637546
-0.0709015
-0.0781291
-0.0854099
-0.0927192
-0.100035
-0.107337
-0.114608
-0.121829
-0.128986
-0.13606
-0.143037
-0.1499
-0.156632
-0.163215
-0.169629
-0.175854
-0.181866
-0.187641
-0.193153
-0.19837
-0.203263
-0.207795
-0.21193
-0.215626
-0.218841
-0.221528
-0.223641
-0.225128
-0.225939
-0.22602
-0.225321
-0.223792
-0.221384
-0.218055
-0.21377
-0.2085
-0.20223
-0.194958
-0.186698
-0.177481
-0.167363
-0.15642
-0.144751
-0.132482
-0.11976
-0.106755
-0.0936552
-0.0806631
-0.0679904
-0.0558521
-0.0444598
-0.0340154
-0.0247052
-0.0166951
-0.010121
-0.00508153
-0.00170863
-0.000230936
-0.00017353
-0.00114703
-0.00323649
-0.00620978
-0.00992637
-0.0142971
-0.0192349
-0.0246579
-0.0304924
-0.0366724
-0.0431389
-0.0498398
-0.0567289
-0.0637656
-0.0709144
-0.0781441
-0.0854274
-0.0927404
-0.100062
-0.107373
-0.114656
-0.121895
-0.129076
-0.136183
-0.143203
-0.150119
-0.156917
-0.163581
-0.170092
-0.176431
-0.182578
-0.188509
-0.194198
-0.199618
-0.204737
-0.209522
-0.213934
-0.217935
-0.22148
-0.224523
-0.227014
-0.2289
-0.230127
-0.230638
-0.230377
-0.229287
-0.227314
-0.224406
-0.220517
-0.215611
-0.20966
-0.202651
-0.194585
-0.185486
-0.175398
-0.164389
-0.152554
-0.140016
-0.126924
-0.113453
-0.0998001
-0.0861826
-0.0728294
-0.0599761
-0.0478576
-0.0367004
-0.0267158
-0.0180942
-0.0109938
-0.00553292
-0.00186619
-0.000253946
-0.00017237
-0.00114085
-0.00322112
-0.00618298
-0.00988701
-0.0142445
-0.0191686
-0.0245773
-0.0303968
-0.0365609
-0.0430103
-0.0496926
-0.0565616
-0.0635766
-0.0707023
-0.0779078
-0.0851664
-0.0924547
-0.0997524
-0.107041
-0.114306
-0.121531
-0.128703
-0.135809
-0.142836
-0.149771
-0.1566
-0.163309
-0.169882
-0.176302
-0.182549
-0.188602
-0.194438
-0.20003
-0.205348
-0.210359
-0.215028
-0.219316
-0.223177
-0.226566
-0.229432
-0.23172
-0.233373
-0.234332
-0.234534
-0.233918
-0.232421
-0.229984
-0.226552
-0.222076
-0.216517
-0.20985
-0.202063
-0.193167
-0.183195
-0.172204
-0.160282
-0.147547
-0.134147
-0.12026
-0.106093
-0.0918744
-0.0778517
-0.064282
-0.0514249
-0.0395337
-0.0288474
-0.0195839
-0.0119271
-0.00601755
-0.00203619
-0.000279015
-0.000170614
-0.00113101
-0.00319573
-0.00613738
-0.00981803
-0.0141496
-0.0190457
-0.0244243
-0.0302115
-0.0363408
-0.0427528
-0.0493949
-0.0562206
-0.0631895
-0.0702662
-0.0774204
-0.0846256
-0.0918594
-0.0991022
-0.106337
-0.113549
-0.120725
-0.127853
-0.134921
-0.141918
-0.148833
-0.155655
-0.162371
-0.168967
-0.175428
-0.181737
-0.187875
-0.193821
-0.199549
-0.205033
-0.210241
-0.215138
-0.219687
-0.223845
-0.227565
-0.230795
-0.233482
-0.235565
-0.236982
-0.237668
-0.237554
-0.236571
-0.234653
-0.231734
-0.227754
-0.222663
-0.21642
-0.209001
-0.200401
-0.190638
-0.179759
-0.167841
-0.154992
-0.141359
-0.12712
-0.112489
-0.0977054
-0.0830344
-0.0687551
-0.0551534
-0.0425116
-0.0310994
-0.0211653
-0.0129221
-0.00653656
-0.00221921
-0.000306273
-0.000168304
-0.00111777
-0.00316109
-0.00607435
-0.00972151
-0.0140153
-0.0188697
-0.024203
-0.029941
-0.036017
-0.0423716
-0.0489517
-0.0557109
-0.0626087
-0.06961
-0.0766846
-0.0838069
-0.0909549
-0.09811
-0.105256
-0.112381
-0.119471
-0.126516
-0.133507
-0.140435
-0.14729
-0.154062
-0.160742
-0.167319
-0.173779
-0.180107
-0.186288
-0.192302
-0.198126
-0.203737
-0.209104
-0.214196
-0.218976
-0.223404
-0.227432
-0.231011
-0.234086
-0.236595
-0.238475
-0.239657
-0.240067
-0.239631
-0.238275
-0.235923
-0.232504
-0.227954
-0.222219
-0.215258
-0.207052
-0.197602
-0.186938
-0.175124
-0.162259
-0.148481
-0.133968
-0.118935
-0.103636
-0.0883485
-0.0733761
-0.0590315
-0.0456282
-0.0334696
-0.0228382
-0.01398
-0.00709088
-0.00241576
-0.00033585
-0.000165499
-0.00110151
-0.00311818
-0.00599571
-0.00960022
-0.0138453
-0.0186454
-0.0239189
-0.0295915
-0.0355964
-0.0418738
-0.0483704
-0.0550396
-0.0618411
-0.0687398
-0.075706
-0.0827146
-0.0897444
-0.0967779
-0.1038
-0.110799
-0.117765
-0.124688
-0.13156
-0.138376
-0.145126
-0.151805
-0.158405
-0.164915
-0.171328
-0.177629
-0.183806
-0.189842
-0.195718
-0.201412
-0.206897
-0.212144
-0.217119
-0.221782
-0.22609
-0.229994
-0.233438
-0.236363
-0.238703
-0.240385
-0.241335
-0.241472
-0.240714
-0.238977
-0.236178
-0.232242
-0.227098
-0.220691
-0.21298
-0.20395
-0.193613
-0.182015
-0.169242
-0.155421
-0.140725
-0.12537
-0.109616
-0.0937584
-0.0781203
-0.0630435
-0.0488749
-0.0359541
-0.0246019
-0.015101
-0.00768127
-0.00262633
-0.000367877
-0.000162273
-0.00108267
-0.00306826
-0.00590377
-0.00945764
-0.0136443
-0.0183787
-0.0235791
-0.0291712
-0.0350879
-0.0412688
-0.0476607
-0.0542167
-0.0608964
-0.0676651
-0.0744934
-0.0813568
-0.0882351
-0.0951115
-0.101973
-0.108808
-0.115608
-0.122367
-0.129078
-0.135736
-0.142336
-0.148875
-0.155345
-0.161741
-0.168056
-0.174281
-0.180405
-0.186414
-0.192292
-0.198021
-0.203577
-0.208934
-0.21406
-0.21892
-0.223472
-0.227669
-0.231458
-0.234779
-0.237567
-0.239748
-0.241244
-0.241971
-0.24184
-0.240759
-0.238636
-0.235381
-0.23091
-0.225147
-0.218036
-0.209538
-0.199647
-0.188388
-0.175827
-0.162079
-0.147306
-0.131722
-0.115591
-0.0992214
-0.0829574
-0.0671696
-0.0522397
-0.038547
-0.026454
-0.0162849
-0.00830823
-0.00285133
-0.000402483
-0.000158718
-0.00106185
-0.00301287
-0.00580136
-0.00929808
-0.0134182
-0.0180769
-0.0231924
-0.0286901
-0.0345024
-0.0405686
-0.046835
-0.0532547
-0.0597873
-0.0663983
-0.0730588
-0.0797449
-0.0864372
-0.0931203
-0.0997821
-0.106413
-0.113007
-0.119557
-0.126061
-0.132516
-0.138918
-0.145266
-0.151557
-0.157788
-0.163954
-0.17005
-0.176067
-0.181996
-0.187824
-0.193535
-0.199111
-0.204527
-0.209758
-0.214769
-0.219523
-0.223976
-0.228076
-0.231766
-0.234982
-0.237649
-0.239689
-0.241015
-0.241531
-0.24114
-0.23974
-0.237228
-0.233504
-0.228477
-0.222069
-0.214219
-0.204898
-0.194106
-0.181889
-0.168342
-0.153614
-0.13791
-0.121495
-0.104687
-0.0878514
-0.0713855
-0.0557079
-0.0412403
-0.0283912
-0.0175311
-0.00897199
-0.00309113
-0.000439797
-0.000154945
-0.00103972
-0.00295388
-0.00569191
-0.00912674
-0.0131741
-0.017749
-0.0227695
-0.0281604
-0.0338535
-0.0397876
-0.0459086
-0.0521695
-0.0585298
-0.0649553
-0.0714176
-0.0778937
-0.0843652
-0.0908178
-0.0972408
-0.103627
-0.10997
-0.116268
-0.122518
-0.128721
-0.134875
-0.140983
-0.147043
-0.153055
-0.159018
-0.16493
-0.170785
-0.176578
-0.1823
-0.187938
-0.193478
-0.198901
-0.204183
-0.209295
-0.214203
-0.218866
-0.223237
-0.227262
-0.230877
-0.23401
-0.236583
-0.238504
-0.239679
-0.240001
-0.239361
-0.237645
-0.234739
-0.230533
-0.224928
-0.217841
-0.209216
-0.199027
-0.187295
-0.17409
-0.159541
-0.143842
-0.127253
-0.110099
-0.0927595
-0.0756617
-0.0592609
-0.0440236
-0.0304087
-0.0188378
-0.00967249
-0.00334601
-0.000479945
-0.000151086
-0.00101711
-0.00289352
-0.0055795
-0.00894983
-0.0129203
-0.0174056
-0.0223231
-0.0275967
-0.0331573
-0.0389432
-0.0448999
-0.0509799
-0.057143
-0.0633553
-0.0695891
-0.0758221
-0.0820371
-0.0882213
-0.0943654
-0.100464
-0.106513
-0.112512
-0.118461
-0.124363
-0.130219
-0.136034
-0.141809
-0.147548
-0.153253
-0.158924
-0.164561
-0.17016
-0.175718
-0.181225
-0.186672
-0.192043
-0.197319
-0.202477
-0.207485
-0.212309
-0.216905
-0.221221
-0.225198
-0.228767
-0.23185
-0.234356
-0.236188
-0.237236
-0.237383
-0.236506
-0.234477
-0.231169
-0.226463
-0.220252
-0.212451
-0.203005
-0.191906
-0.179193
-0.164973
-0.14942
-0.132784
-0.11539
-0.0976328
-0.079964
-0.0628764
-0.0468841
-0.0325
-0.0202028
-0.0104094
-0.00361617
-0.000523051
-0.000147297
-0.000995
-0.00283443
-0.00546898
-0.00877468
-0.0126669
-0.0170592
-0.021868
-0.0270159
-0.0324327
-0.0380559
-0.0438303
-0.0497083
-0.0556498
-0.0616213
-0.0675959
-0.0735524
-0.079475
-0.0853521
-0.0911766
-0.0969444
-0.102654
-0.108308
-0.113908
-0.119458
-0.124965
-0.130434
-0.135871
-0.141282
-0.146672
-0.152046
-0.157405
-0.162753
-0.168086
-0.173403
-0.178696
-0.183955
-0.189166
-0.19431
-0.199362
-0.20429
-0.209056
-0.213615
-0.21791
-0.221876
-0.225436
-0.228505
-0.230981
-0.232755
-0.233704
-0.233697
-0.232594
-0.230253
-0.226534
-0.221304
-0.214452
-0.20589
-0.195576
-0.183516
-0.169786
-0.154534
-0.137995
-0.120488
-0.102416
-0.0842524
-0.0665283
-0.0498062
-0.0346573
-0.0216228
-0.0111819
-0.00390175
-0.000569237
-0.000143764
-0.000974536
-0.00277972
-0.00536602
-0.00860989
-0.0124254
-0.0167245
-0.0214217
-0.0264379
-0.0317017
-0.0371492
-0.0427246
-0.0483803
-0.0540762
-0.0597796
-0.0654645
-0.0711109
-0.0767045
-0.0822357
-0.0876991
-0.093093
-0.0984184
-0.103679
-0.108881
-0.11403
-0.119135
-0.124206
-0.12925
-0.134277
-0.139296
-0.144314
-0.149339
-0.154374
-0.159423
-0.164488
-0.169566
-0.174652
-0.179736
-0.184804
-0.189837
-0.19481
-0.199689
-0.204434
-0.208994
-0.213309
-0.217307
-0.220903
-0.224001
-0.226489
-0.228241
-0.229121
-0.22898
-0.227661
-0.225005
-0.220856
-0.215071
-0.207533
-0.198159
-0.186919
-0.17385
-0.15907
-0.142788
-0.125312
-0.107045
-0.088482
-0.0701864
-0.0527717
-0.0368711
-0.023094
-0.011989
-0.00420279
-0.000618622
-0.000140703
-0.00095707
-0.00273303
-0.00527728
-0.00846551
-0.0122094
-0.0164184
-0.0210043
-0.0258857
-0.0309894
-0.0362501
-0.0416113
-0.0470253
-0.0524523
-0.0578604
-0.0632247
-0.0685271
-0.073755
-0.0789007
-0.0839613
-0.0889372
-0.0938322
-0.0986526
-0.103407
-0.108104
-0.112756
-0.117375
-0.121973
-0.126561
-0.131152
-0.135758
-0.140388
-0.145053
-0.149758
-0.15451
-0.15931
-0.164159
-0.169053
-0.173982
-0.178933
-0.183887
-0.188816
-0.193686
-0.198453
-0.203061
-0.207446
-0.211527
-0.21521
-0.218386
-0.220929
-0.222699
-0.223541
-0.223285
-0.221755
-0.218774
-0.214169
-0.207787
-0.199507
-0.189257
-0.17703
-0.162904
-0.147057
-0.129773
-0.111453
-0.0926019
-0.0738163
-0.0557596
-0.03913
-0.0246113
-0.0128293
-0.00451929
-0.000671329
-0.000138369
-0.000944189
-0.00269863
-0.00521054
-0.00835321
-0.0120347
-0.0161605
-0.0206389
-0.0253854
-0.0303244
-0.0353892
-0.0405224
-0.0456762
-0.0508113
-0.055897
-0.0609101
-0.0658342
-0.070659
-0.0753793
-0.0799946
-0.0845083
-0.0889266
-0.0932589
-0.0975163
-0.101712
-0.105859
-0.109974
-0.11407
-0.118165
-0.122274
-0.12641
-0.13059
-0.134824
-0.139126
-0.143504
-0.147965
-0.152515
-0.157155
-0.16188
-0.166684
-0.171552
-0.176466
-0.181395
-0.186304
-0.191145
-0.195858
-0.200369
-0.204591
-0.208417
-0.211725
-0.214374
-0.216202
-0.217035
-0.21668
-0.214938
-0.211612
-0.206512
-0.199476
-0.190386
-0.179187
-0.165909
-0.150687
-0.133778
-0.115563
-0.0965562
-0.0773797
-0.0587461
-0.0414213
-0.0261694
-0.0137012
-0.00485116
-0.000727484
-0.000137066
-0.000937767
-0.00268154
-0.00517489
-0.00828663
-0.0119194
-0.0159733
-0.0203519
-0.0249668
-0.0297393
-0.0346009
-0.0394936
-0.0443694
-0.04919
-0.0539263
-0.0585569
-0.063068
-0.0674518
-0.0717061
-0.0758333
-0.0798397
-0.083735
-0.0875312
-0.0912428
-0.0948857
-0.0984773
-0.102036
-0.105579
-0.109127
-0.112698
-0.11631
-0.119982
-0.12373
-0.127569
-0.131514
-0.135576
-0.139765
-0.144087
-0.148544
-0.153134
-0.15785
-0.16268
-0.1676
-0.172583
-0.177589
-0.182564
-0.187444
-0.192146
-0.196573
-0.200606
-0.204105
-0.20691
-0.208838
-0.209688
-0.209243
-0.207279
-0.203575
-0.197925
-0.190163
-0.18018
-0.167952
-0.153561
-0.137222
-0.119294
-0.100283
-0.0808338
-0.0617045
-0.0437306
-0.0277616
-0.0146028
-0.00519831
-0.000787223
-0.000137156
-0.000940022
-0.00268768
-0.00518102
-0.00828164
-0.0118846
-0.0158829
-0.0201736
-0.0246635
-0.0292704
-0.0339236
-0.0385643
-0.0431449
-0.0476285
-0.0519878
-0.0562042
-0.0602667
-0.0641707
-0.0679175
-0.071513
-0.0749667
-0.0782919
-0.081504
-0.0846207
-0.0876614
-0.0906466
-0.0935976
-0.0965363
-0.0994848
-0.102465
-0.1055
-0.10861
-0.111815
-0.115136
-0.11859
-0.122194
-0.125961
-0.129902
-0.134027
-0.138338
-0.142835
-0.147511
-0.152352
-0.157338
-0.162435
-0.167602
-0.17278
-0.177898
-0.182865
-0.187569
-0.191877
-0.195629
-0.198643
-0.20071
-0.201599
-0.201065
-0.198854
-0.194721
-0.188448
-0.179869
-0.168897
-0.155554
-0.14
-0.122558
-0.103716
-0.0841321
-0.0646057
-0.0460418
-0.0293812
-0.015532
-0.00556068
-0.000850704
-0.000139071
-0.000953599
-0.00272407
-0.00524148
-0.0083568
-0.0119548
-0.0159189
-0.0201383
-0.0245136
-0.0289582
-0.0333994
-0.0377777
-0.042046
-0.0461695
-0.0501235
-0.0538927
-0.0574697
-0.0608541
-0.0640508
-0.0670697
-0.0699246
-0.0726321
-0.0752118
-0.0776846
-0.0800736
-0.0824025
-0.0846959
-0.0869791
-0.0892775
-0.0916164
-0.0940212
-0.0965165
-0.0991265
-0.101874
-0.104782
-0.10787
-0.111156
-0.114658
-0.118387
-0.122354
-0.126565
-0.131018
-0.13571
-0.140624
-0.14574
-0.151022
-0.156424
-0.161883
-0.167318
-0.172628
-0.177688
-0.182344
-0.186415
-0.189691
-0.191933
-0.192875
-0.192238
-0.189738
-0.185106
-0.178114
-0.168607
-0.156536
-0.141998
-0.12526
-0.106783
-0.0872237
-0.0674176
-0.0483377
-0.0310206
-0.0164869
-0.00593827
-0.000918119
-0.000143339
-0.000981676
-0.00279906
-0.00537114
-0.00853385
-0.0121583
-0.0161157
-0.0202851
-0.0245596
-0.0288479
-0.0330747
-0.0371801
-0.0411187
-0.0448579
-0.0483767
-0.051664
-0.054717
-0.0575397
-0.060142
-0.0625384
-0.0647469
-0.0667886
-0.0686868
-0.0704667
-0.0721546
-0.0737778
-0.0753644
-0.0769427
-0.0785414
-0.0801891
-0.0819142
-0.0837446
-0.0857079
-0.0878307
-0.0901386
-0.0926561
-0.0954058
-0.0984086
-0.101683
-0.105243
-0.109102
-0.113265
-0.117735
-0.122505
-0.127561
-0.132881
-0.138426
-0.144146
-0.149972
-0.155813
-0.161555
-0.167055
-0.172139
-0.176597
-0.180187
-0.182633
-0.183631
-0.182862
-0.180007
-0.174777
-0.166943
-0.156377
-0.143096
-0.1273
-0.109405
-0.0900538
-0.0701058
-0.0506001
-0.0326722
-0.0174655
-0.00633127
-0.000989709
-0.000150608
-0.0010281
-0.0029227
-0.00558765
-0.00883835
-0.0125281
-0.0165125
-0.0206581
-0.0248491
-0.0289887
-0.0329993
-0.0368211
-0.0404108
-0.0437395
-0.0467908
-0.0495589
-0.0520465
-0.0542633
-0.0562246
-0.0579503
-0.0594634
-0.0607897
-0.0619569
-0.0629941
-0.0639315
-0.0648001
-0.0656312
-0.0664564
-0.0673074
-0.0682158
-0.0692131
-0.0703303
-0.071598
-0.0730462
-0.0747038
-0.0765989
-0.0787582
-0.0812068
-0.0839675
-0.0870609
-0.0905041
-0.0943104
-0.0984885
-0.103041
-0.107962
-0.113239
-0.118845
-0.124742
-0.130873
-0.137162
-0.143507
-0.149778
-0.155812
-0.161407
-0.166323
-0.170276
-0.172947
-0.173985
-0.173028
-0.169724
-0.163767
-0.154941
-0.143171
-0.128574
-0.111501
-0.0925634
-0.0726336
-0.0528095
-0.0343286
-0.0184664
-0.00674018
-0.0010658
-0.000161682
-0.00109759
-0.0031071
-0.00591212
-0.00930047
-0.0131025
-0.0171543
-0.0213071
-0.0254347
-0.0294345
-0.0332265
-0.036752
-0.039971
-0.0428596
-0.0454075
-0.0476152
-0.0494924
-0.0510554
-0.0523262
-0.0533303
-0.0540967
-0.0546563
-0.0550414
-0.0552855
-0.0554229
-0.0554879
-0.0555153
-0.0555399
-0.0555963
-0.055719
-0.0559422
-0.0562999
-0.0568254
-0.0575516
-0.0585108
-0.0597342
-0.0612522
-0.0630937
-0.065286
-0.0678543
-0.0708214
-0.0742066
-0.0780254
-0.0822881
-0.0869987
-0.092153
-0.097737
-0.103724
-0.110071
-0.116718
-0.123577
-0.130536
-0.137444
-0.144113
-0.15031
-0.155753
-0.160112
-0.163014
-0.164055
-0.162825
-0.158939
-0.152088
-0.142093
-0.128968
-0.11298
-0.0946889
-0.0749615
-0.0549462
-0.0359828
-0.0194891
-0.00716595
-0.00114683
-0.000177572
-0.00119594
-0.00336703
-0.00636988
-0.00995589
-0.0139262
-0.0180926
-0.0222879
-0.0263742
-0.0302426
-0.0338116
-0.0370247
-0.0398469
-0.0422607
-0.0442638
-0.0458648
-0.0470815
-0.0479384
-0.0484646
-0.0486928
-0.0486581
-0.0483971
-0.0479473
-0.0473467
-0.0466334
-0.0458456
-0.0450214
-0.0441984
-0.0434142
-0.0427059
-0.0421103
-0.0416639
-0.0414027
-0.0413621
-0.0415772
-0.0420822
-0.0429108
-0.0440952
-0.0456669
-0.0476556
-0.0500888
-0.0529917
-0.0563864
-0.0602905
-0.0647167
-0.0696707
-0.0751497
-0.0811398
-0.087613
-0.0945236
-0.101803
-0.109356
-0.11705
-0.124716
-0.132132
-0.139025
-0.145063
-0.149859
-0.152977
-0.15395
-0.152319
-0.147675
-0.139724
-0.128362
-0.113746
-0.0963613
-0.0770473
-0.0569897
-0.0376285
-0.0205339
-0.00761023
-0.00123342
-0.000199566
-0.00133039
-0.00372058
-0.00699152
-0.010847
-0.0150511
-0.0193859
-0.0236627
-0.0277301
-0.0314732
-0.0348104
-0.0376892
-0.0400813
-0.0419786
-0.0433882
-0.0443289
-0.0448285
-0.0449205
-0.0446429
-0.044036
-0.043142
-0.0420034
-0.0406632
-0.0391641
-0.0375484
-0.0358577
-0.0341335
-0.0324162
-0.030746
-0.0291624
-0.0277047
-0.0264113
-0.0253207
-0.0244705
-0.0238983
-0.0236409
-0.0237347
-0.0242153
-0.0251175
-0.026475
-0.0283202
-0.0306833
-0.0335925
-0.0370725
-0.0411442
-0.0458229
-0.0511167
-0.0570245
-0.063533
-0.070613
-0.0782147
-0.0862623
-0.0946466
-0.103217
-0.111774
-0.120058
-0.127744
-0.134441
-0.139687
-0.142973
-0.143765
-0.141553
-0.13592
-0.126626
-0.113694
-0.0975051
-0.0788456
-0.0589193
-0.0392612
-0.0216032
-0.00807568
-0.00132641
-0.00022932
-0.00151002
-0.00419009
-0.00781411
-0.012024
-0.0165376
-0.0211005
-0.0254993
-0.0295682
-0.0331872
-0.0362762
-0.0387895
-0.0407087
-0.0420373
-0.0427947
-0.0430121
-0.042729
-0.0419897
-0.040842
-0.039335
-0.0375181
-0.0354408
-0.0331514
-0.0306975
-0.0281255
-0.0254808
-0.0228075
-0.020149
-0.0175476
-0.0150453
-0.0126829
-0.0105012
-0.00854029
-0.00683993
-0.00543958
-0.00437837
-0.0036951
-0.00342818
-0.00361551
-0.00429435
-0.00550112
-0.00727105
-0.00963775
-0.0126327
-0.0162842
-0.0206168
-0.0256492
-0.0313927
-0.0378487
-0.0450046
-0.0528302
-0.061271
-0.0702417
-0.0796171
-0.0892217
-0.0988192
-0.108101
-0.116679
-0.124083
-0.129765
-0.133127
-0.133563
-0.130524
-0.123616
-0.112707
-0.0980363
-0.0803064
-0.0607137
-0.0408782
-0.0227018
-0.00856642
-0.00142702
-0.000268991
-0.00174635
-0.0048033
-0.00888276
-0.0135467
-0.0184551
-0.0233104
-0.0278706
-0.0319557
-0.0354421
-0.0382548
-0.0403582
-0.0417476
-0.0424414
-0.0424747
-0.0418934
-0.0407508
-0.0391038
-0.037011
-0.0345311
-0.0317217
-0.0286391
-0.0253375
-0.0218693
-0.0182849
-0.014633
-0.0109607
-0.00731355
-0.00373613
-0.000271961
0.00303621
0.00614624
0.00901645
0.0116055
0.0138722
0.0157756
0.0172749
0.0183294
0.0188984
0.0189415
0.0184187
0.0172904
0.0155179
0.0130637
0.0098923
0.00597078
0.0012703
-0.00423243
-0.0105528
-0.017695
-0.0256482
-0.0343805
-0.0438321
-0.0539057
-0.0644555
-0.075274
-0.086078
-0.0964956
-0.106057
-0.114193
-0.120253
-0.123536
-0.123364
-0.119175
-0.110651
-0.0978586
-0.0813732
-0.0623506
-0.0424794
-0.0238378
-0.00908858
-0.00153696
-0.000321425
-0.00205413
-0.00559494
-0.0102525
-0.0154858
-0.0208833
-0.0260964
-0.030852
-0.0349567
-0.0382871
-0.0407774
-0.0424074
-0.0431907
-0.0431653
-0.042385
-0.0409138
-0.0388208
-0.0361772
-0.0330536
-0.0295191
-0.0256399
-0.0214794
-0.0170976
-0.0125517
-0.00789587
-0.00318187
0.00154075
0.00622431
0.0108226
0.0152908
0.0195847
0.0236612
0.0274774
0.0309908
0.0341589
0.0369395
0.0392899
0.0411675
0.0425295
0.0433327
0.0435338
0.0430895
0.0419565
0.0400919
0.0374535
0.0340007
0.0296952
0.0245026
0.0183939
0.0113488
0.00335896
-0.0055665
-0.0153941
-0.0260567
-0.0374417
-0.0493766
-0.0616119
-0.0738035
-0.0854968
-0.096117
-0.104974
-0.111287
-0.114248
-0.11312
-0.107373
-0.0968589
-0.0819796
-0.0638058
-0.044068
-0.0250239
-0.00965116
-0.00165867
-0.00039043
-0.00245246
-0.0066087
-0.0119906
-0.0179247
-0.0239119
-0.0295445
-0.034517
-0.0386255
-0.0417526
-0.0438486
-0.0449151
-0.0449905
-0.0441368
-0.0424315
-0.0399591
-0.0368075
-0.0330632
-0.0288104
-0.0241289
-0.019094
-0.0137759
-0.00824057
-0.00254947
0.00323969
0.00907252
0.0148974
0.0206652
0.0263284
0.0318413
0.0371589
0.0422372
0.0470329
0.0515025
0.0556029
0.0592906
0.0625219
0.0652526
0.067438
0.0690328
0.0699908
0.0702654
0.0698093
0.0685746
0.0665134
0.0635779
0.0597213
0.0548986
0.0490684
0.042195
0.0342517
0.0252252
0.0151225
0.00397933
-0.00812763
-0.0210656
-0.0346265
-0.0485055
-0.062278
-0.0753811
-0.0871049
-0.0966064
-0.102957
-0.105238
-0.102687
-0.0948993
-0.0820441
-0.0650499
-0.0456506
-0.0262791
-0.0102672
-0.00179565
-0.000481188
-0.00296636
-0.00790002
-0.0141792
-0.0209608
-0.0276393
-0.0337408
-0.0389284
-0.0429945
-0.0458361
-0.0474292
-0.0478063
-0.0470374
-0.0452155
-0.0424454
-0.0388364
-0.0344967
-0.0295303
-0.0240352
-0.0181026
-0.0118164
-0.005254
0.00151361
0.00842099
0.0154075
0.0224168
0.0293957
0.0362942
0.0430641
0.0496593
0.0560346
0.0621459
0.0679494
0.0734016
0.0784587
0.083077
0.0872117
0.0908177
0.0938487
0.0962578
0.0979965
0.0990152
0.0992632
0.0986885
0.0972378
0.094857
0.0914916
0.0870872
0.0815909
0.0749527
0.0671286
0.058084
0.0477999
0.0362805
0.0235649
0.00974271
-0.00502618
-0.0204864
-0.0362587
-0.0518114
-0.0664387
-0.0792567
-0.0892344
-0.0952754
-0.0963682
-0.0918063
-0.0814613
-0.0660451
-0.0472369
-0.0276305
-0.0109557
-0.00195301
-0.000600898
-0.00362909
-0.00953971
-0.0169187
-0.0247057
-0.0321688
-0.0387628
-0.0441251
-0.0480554
-0.050479
-0.0514102
-0.0509236
-0.0491302
-0.0461604
-0.042152
-0.0372417
-0.0315605
-0.0252305
-0.0183643
-0.0110641
-0.00342215
0.00447789
0.0125606
0.0207573
0.0290056
0.0372475
0.0454297
0.0535015
0.0614151
0.0691245
0.0765851
0.0837529
0.0905846
0.0970368
0.103066
0.108628
0.113679
0.118171
0.122059
0.125294
0.127824
0.1296
0.130567
0.130669
0.129848
0.128046
0.1252
0.121249
0.116128
0.109775
0.10213
0.0931387
0.082757
0.0709586
0.0577448
0.0431596
0.0273099
0.0103924
-0.00727351
-0.0252081
-0.0427356
-0.0589609
-0.0727768
-0.0829242
-0.0881327
-0.0873543
-0.0800885
-0.0667361
-0.0488383
-0.0291158
-0.0117437
-0.00213827
-0.000759821
-0.00448566
-0.011619
-0.0203308
-0.0292844
-0.0376002
-0.0446632
-0.0500976
-0.0537295
-0.0555313
-0.0555733
-0.053986
-0.0509321
-0.0465872
-0.0411264
-0.0347171
-0.0275143
-0.019659
-0.0112774
-0.00248213
0.00662713
0.0159619
0.0254433
0.0350012
0.0445719
0.0540977
0.0635253
0.0728051
0.0818901
0.0907355
0.0992976
0.107534
0.115401
0.122858
0.129861
0.136367
0.142331
0.147706
0.152446
0.156502
0.15982
0.16235
0.164033
0.164812
0.164625
0.163409
0.161095
0.157614
0.152894
0.146861
0.13944
0.130559
0.120152
0.108163
0.094556
0.0793292
0.0625333
0.044299
0.0248728
0.0046618
-0.0157172
-0.0353931
-0.0532191
-0.0678021
-0.0776173
-0.0812424
-0.0777248
-0.0670375
-0.0504638
-0.0307864
-0.0126711
-0.00236286
-0.000973064
-0.00559827
-0.0142564
-0.024562
-0.0348286
-0.0440131
-0.0514415
-0.0567502
-0.0598202
-0.0606987
-0.0595341
-0.0565298
-0.0519119
-0.0459084
-0.0387362
-0.0305952
-0.0216647
-0.0121034
-0.00205003
0.00837432
0.0190646
0.0299291
0.0408881
0.0518708
0.0628148
0.0736634
0.0843654
0.0948729
0.105141
0.115127
0.12479
0.134088
0.14298
0.151427
0.159386
0.166814
0.173668
0.179903
0.18547
0.190321
0.194403
0.197662
0.200039
0.201475
0.201905
0.201262
0.199472
0.196461
0.192149
0.186452
0.179284
0.170557
0.160184
0.148081
0.134179
0.118431
0.10083
0.081436
0.0604113
0.0380711
0.0149432
-0.00816618
-0.0301187
-0.0494317
-0.0643509
-0.0730613
-0.0740793
-0.0668095
-0.0521107
-0.03271
-0.0137963
-0.00264454
-0.00126375
-0.00705513
-0.017607
-0.0297835
-0.0414629
-0.0514343
-0.058995
-0.0638372
-0.0659405
-0.0654634
-0.06266
-0.0578258
-0.0512619
-0.0432551
-0.0340668
-0.0239288
-0.0130432
-0.00158351
0.0103019
0.0224867
0.0348638
0.0473414
0.0598409
0.0722943
0.0846417
0.0968301
0.108812
0.120542
0.131979
0.143085
0.15382
0.164146
0.174025
0.183419
0.192288
0.200591
0.208286
0.215328
0.22167
0.227265
0.232059
0.235997
0.239021
0.24107
0.242076
0.241969
0.240674
0.238111
0.234194
0.228832
0.221928
0.213381
0.203086
0.190937
0.176833
0.160683
0.142425
0.122045
0.0996147
0.0753397
0.0496294
0.0231805
-0.00293605
-0.0272123
-0.0477155
-0.0622462
-0.0687221
-0.0658192
-0.0537449
-0.0349726
-0.0152062
-0.00301193
-0.00166889
-0.00898487
-0.0218742
-0.0361864
-0.0492723
-0.0597773
-0.0670343
-0.0708616
-0.0713999
-0.068966
-0.0639522
-0.0567647
-0.0477899
-0.0373763
-0.0258284
-0.0134067
-0.000330796
0.0132161
0.0270816
0.0411393
0.0552845
0.0694297
0.0835012
0.0974366
0.111182
0.12469
0.137918
0.150828
0.163382
0.175547
0.187287
0.19857
0.209359
0.21962
0.229317
0.23841
0.24686
0.254624
0.261656
0.267908
0.273331
0.277868
0.281461
0.284048
0.285562
0.28593
0.285076
0.282915
0.279358
0.274309
0.267662
0.259308
0.249125
0.236988
0.222769
0.206338
0.18758
0.16641
0.142803
0.116842
0.0887928
0.0591956
0.0289864
-0.000387028
-0.0268983
-0.0480121
-0.0610104
-0.0636735
-0.0552615
-0.0376743
-0.0170316
-0.0035128
-0.00225053
-0.0115803
-0.0273226
-0.0439579
-0.058233
-0.0687313
-0.0749397
-0.0769118
-0.0750333
-0.0698359
-0.0618826
-0.0517062
-0.0397815
-0.0265153
-0.0122482
0.00274027
0.0182223
0.0340142
0.0499681
0.065965
0.0819091
0.0977226
0.113342
0.128714
0.143795
0.158545
0.172931
0.18692
0.200484
0.213594
0.22622
0.238335
0.249908
0.260908
0.271302
0.281055
0.290129
0.298485
0.306079
0.312866
0.318795
0.323813
0.327863
0.330883
0.332805
0.333558
0.333063
0.331236
0.327984
0.323208
0.316798
0.308634
0.298588
0.286517
0.27227
0.255685
0.236599
0.21486
0.190346
0.163014
0.132962
0.10053
0.0664474
0.0319955
-0.000830601
-0.0292663
-0.0499792
-0.0597084
-0.0564071
-0.0409091
-0.0194694
-0.00422909
-0.00311703
-0.0151371
-0.0342828
-0.0532161
-0.0680689
-0.0775554
-0.081518
-0.0804028
-0.0749449
-0.0659497
-0.0541757
-0.0402857
-0.024834
-0.00827082
0.00904519
0.0268319
0.0448695
0.0629879
0.0810556
0.0989713
0.116657
0.134051
0.151106
0.167783
0.184052
0.199885
0.215259
0.230152
0.244543
0.258411
0.271736
0.284493
0.296659
0.308208
0.319111
0.329337
0.338852
0.34762
0.355601
0.36275
0.369022
0.374364
0.378721
0.382033
0.384234
0.385253
0.385012
0.383427
0.380406
0.375848
0.36964
0.36166
0.351771
0.339821
0.32564
0.309042
0.289823
0.267769
0.242674
0.214361
0.182752
0.147953
0.110411
0.0711229
0.0318849
-0.0044923
-0.0341814
-0.0528091
-0.0566299
-0.0447045
-0.0228091
-0.00530371
-0.00446324
-0.0201106
-0.0431222
-0.0638404
-0.0779574
-0.0847037
-0.0845945
-0.0786741
-0.0681375
-0.0541057
-0.0375329
-0.0191899
0.000320924
0.0205395
0.0411201
0.061806
0.0824086
0.102791
0.122853
0.142525
0.161756
0.180509
0.198759
0.216487
0.233679
0.250324
0.266411
0.28193
0.296871
0.311222
0.32497
0.338099
0.350592
0.362427
0.373582
0.384031
0.393744
0.402688
0.410828
0.418122
0.424527
0.429995
0.434472
0.437902
0.440222
0.441362
0.441248
0.439797
0.43692
0.432515
0.426473
0.418669
0.408965
0.397201
0.383199
0.366753
0.34763
0.325567
0.300277
0.271469
0.238881
0.202366
0.162031
0.118462
0.0730554
0.028395
-0.0114631
-0.0411198
-0.0547981
-0.0488631
-0.027447
-0.00698344
-0.00664114
-0.0271816
-0.054095
-0.0750582
-0.0859286
-0.0871466
-0.0803449
-0.0673878
-0.0500035
-0.0296157
-0.00732084
0.0160693
0.0399702
0.0639699
0.087784
0.11122
0.134153
0.1565
0.178214
0.199267
0.219648
0.239352
0.258383
0.276745
0.294445
0.311489
0.327882
0.343628
0.358727
0.373178
0.386976
0.400113
0.412579
0.424359
0.435437
0.44579
0.455394
0.464221
0.472239
0.479412
0.485699
0.491057
0.495436
0.498782
0.501038
0.502137
0.502009
0.500577
0.497753
0.493442
0.487536
0.479915
0.470441
0.458957
0.445279
0.429192
0.410445
0.388739
0.363728
0.335018
0.302185
0.264827
0.222675
0.175801
0.124983
0.0722211
0.0213437
-0.021592
-0.0486853
-0.052586
-0.0338202
-0.00967098
-0.0102539
-0.0372391
-0.0668252
-0.0844603
-0.0876655
-0.0791814
-0.062252
-0.0396896
-0.0136979
0.0141297
0.0427019
0.0712988
0.0994626
0.126915
0.153496
0.179126
0.203775
0.227442
0.250146
0.271918
0.29279
0.312798
0.331976
0.350356
0.367967
0.384832
0.400974
0.416408
0.431146
0.445198
0.458567
0.471252
0.483251
0.494554
0.505151
0.515024
0.524155
0.53252
0.540091
0.546836
0.552721
0.557705
0.561745
0.564791
0.56679
0.567683
0.567404
0.565882
0.563036
0.558777
0.553005
0.545607
0.536451
0.525385
0.51223
0.496773
0.478754
0.457859
0.433703
0.40582
0.373656
0.336581
0.293957
0.245286
0.190537
0.130728
0.0688059
0.0106892
-0.0340555
-0.0536101
-0.0420282
-0.013909
-0.0161376
-0.0508526
-0.0786914
-0.0857261
-0.0742036
-0.0504816
-0.0196355
0.0147897
0.0504601
0.0859486
0.120443
0.153521
0.184997
0.214826
0.243042
0.269719
0.29495
0.318833
0.341465
0.362935
0.383326
0.402712
0.421157
0.438719
0.455446
0.471379
0.486554
0.500996
0.51473
0.527771
0.54013
0.551814
0.562825
0.573159
0.58281
0.591768
0.600015
0.607535
0.614303
0.620294
0.625477
0.629817
0.633275
0.63581
0.637373
0.637912
0.63737
0.635683
0.632779
0.628578
0.622992
0.615916
0.607232
0.596799
0.58445
0.569984
0.553149
0.533634
0.511043
0.484877
0.454499
0.419117
0.377784
0.329456
0.273207
0.208724
0.137289
0.0634096
-0.00311035
-0.0463483
-0.0505324
-0.0199785
-0.0246203
-0.0658511
-0.0802544
-0.0636558
-0.0278799
0.0166914
0.0639929
0.110697
0.155132
0.19661
0.234975
0.270337
0.302923
0.332999
0.36083
0.386662
0.410715
0.433181
0.454225
0.473992
0.492601
0.510156
0.526745
0.542441
0.557308
0.571396
0.584749
0.597401
0.60938
0.620708
0.631401
0.641468
0.650915
0.659744
0.667951
0.675528
0.682466
0.688749
0.694358
0.699273
0.703468
0.706915
0.70958
0.711429
0.712422
0.712515
0.711658
0.709799
0.706877
0.702825
0.697566
0.691011
0.68306
0.67359
0.662454
0.649472
0.634419
0.617007
0.596864
0.573499
0.546264
0.514298
0.47647
0.431331
0.377151
0.312165
0.235333
0.148148
0.0578801
-0.0183925
-0.0528647
-0.0262208
-0.0312988
-0.0687277
-0.043674
0.0154727
0.0836798
0.150382
0.211697
0.266446
0.314764
0.357326
0.394941
0.428371
0.458282
0.485231
0.509678
0.531997
0.55249
0.571406
0.588946
0.605276
0.620531
0.634825
0.648249
0.660881
0.672784
0.68401
0.694603
0.704597
0.714019
0.722891
0.73123
0.739046
0.746345
0.753132
0.759404
0.765156
0.770382
0.77507
0.779207
0.782775
0.785755
0.788126
0.789862
0.790935
0.791315
0.790967
0.789854
0.787934
0.785161
0.781481
0.776836
0.771155
0.76436
0.756352
0.747015
0.736202
0.72373
0.709358
0.69277
0.673543
0.651095
0.624622
0.592999
0.554647
0.507386
0.448322
0.374027
0.281703
0.172057
0.0556979
-0.0301855
-0.0232111
-0.000660413
0.000352711
0.104333
0.217905
0.3121
0.388126
0.449781
0.500012
0.541351
0.575872
0.605147
0.630342
0.652319
0.671722
0.689037
0.704633
0.718794
0.731743
0.743654
0.754666
0.764891
0.774419
0.783323
0.791663
0.799489
0.806838
0.813745
0.820235
0.826327
0.83204
0.837383
0.842366
0.846992
0.851266
0.855185
0.858747
0.861947
0.864777
0.867228
0.86929
0.870948
0.872188
0.872994
0.873346
0.873226
0.872609
0.871472
0.869787
0.867523
0.864646
0.861117
0.85689
0.851911
0.846116
0.839425
0.83174
0.822933
0.81284
0.801237
0.787824
0.772178
0.753698
0.73151
0.70431
0.670123
0.62591
0.567062
0.48705
0.376958
0.228427
0.0726436
0.0309695
0.292184
0.379306
0.530607
0.644331
0.714297
0.760017
0.792312
0.816129
0.834335
0.848759
0.860546
0.870427
0.878883
0.886244
0.892742
0.898545
0.903778
0.908536
0.912891
0.9169
0.920609
0.924051
0.927257
0.93025
0.933047
0.935665
0.938114
0.940406
0.942547
0.944543
0.946398
0.948114
0.949694
0.951137
0.952444
0.953612
0.954639
0.955521
0.956256
0.956838
0.957263
0.957524
0.957615
0.957528
0.957257
0.956791
0.956123
0.955242
0.954135
0.95279
0.951193
0.949325
0.947166
0.944692
0.941871
0.938665
0.935023
0.93088
0.926146
0.920701
0.914371
0.906908
0.897942
0.886901
0.872863
0.854247
0.828214
0.789432
0.726146
0.611349
0.435853
0.317985
)
;

boundaryField
{
    movingWall
    {
        type            calculated;
        value           uniform 1;
    }
    fixedWalls
    {
        type            calculated;
        value           uniform 0;
    }
    frontAndBack
    {
        type            empty;
    }
}


// ************************************************************************* //
