/*--------------------------------*- C++ -*----------------------------------*\
  =========                 |
  \\      /  F ield         | OpenFOAM: The Open Source CFD Toolbox
   \\    /   O peration     | Website:  https://openfoam.org
    \\  /    A nd           | Version:  dev
     \\/     M anipulation  |
\*---------------------------------------------------------------------------*/
FoamFile
{
    format      ascii;
    class       volScalarField;
    location    "26.55";
    object      p;
}
// * * * * * * * * * * * * * * * * * * * * * * * * * * * * * * * * * * * * * //

dimensions      [0 2 -2 0 0 0 0];

internalField   nonuniform List<scalar> 
5184
(
2.10182e-06
-9.00325e-06
-9.47659e-05
-0.000247585
-0.000446901
-0.000675448
-0.000918997
-0.0011656
-0.00140611
-0.00163339
-0.00184201
-0.00202796
-0.0021883
-0.00232092
-0.00242436
-0.00249762
-0.00254
-0.00255109
-0.00253059
-0.00247835
-0.00239428
-0.00227837
-0.00213067
-0.00195131
-0.00174055
-0.00149875
-0.00122645
-0.000924413
-0.00059362
-0.000235346
0.000148826
0.00055697
0.000986794
0.00143563
0.0019004
0.00237769
0.00286365
0.00335414
0.00384467
0.00433051
0.00480673
0.00526823
0.00570991
0.00612669
0.00651361
0.00686596
0.00717938
0.00744995
0.00767428
0.00784965
0.00797405
0.00804627
0.00806597
0.0080337
0.00795097
0.00782022
0.00764483
0.00742912
0.00717831
0.00689844
0.00659637
0.00627972
0.00595678
0.00563652
0.00532848
0.00504276
0.00478985
0.00458035
0.00442426
0.00433
0.00430307
0.00433035
1.60913e-05
3.67746e-06
-7.08794e-05
-0.000198585
-0.000363752
-0.000553916
-0.000758157
-0.00096688
-0.00117216
-0.00136761
-0.00154819
-0.00170998
-0.00185002
-0.00196607
-0.00205649
-0.00212009
-0.00215601
-0.00216363
-0.00214254
-0.00209245
-0.00201318
-0.00190466
-0.00176688
-0.00159997
-0.00140414
-0.00117975
-0.000927347
-0.000647648
-0.000341615
-1.04662e-05
0.000344294
0.000720847
0.00111705
0.0015304
0.00195806
0.00239685
0.00284326
0.00329347
0.00374337
0.00418866
0.00462483
0.00504728
0.00545138
0.00583254
0.0061863
0.00650845
0.00679509
0.00704272
0.00724837
0.00740965
0.00752484
0.00759295
0.00761378
0.00758795
0.00751694
0.00740307
0.00724952
0.00706031
0.00684023
0.00659483
0.00633035
0.00605368
0.00577224
0.00549397
0.00522716
0.00498039
0.00476234
0.00458135
0.00444475
0.00435845
0.00432988
0.0043575
0.000102839
7.81062e-05
2.79567e-06
-0.000114685
-0.000262312
-0.000430459
-0.000610421
-0.000794371
-0.00097561
-0.00114858
-0.00130878
-0.00145261
-0.00157727
-0.00168059
-0.00176092
-0.00181701
-0.00184794
-0.00185302
-0.00183176
-0.00178379
-0.00170888
-0.00160689
-0.00147777
-0.0013216
-0.00113857
-0.000928985
-0.000693353
-0.000432347
-0.000146865
0.000161948
0.000492683
0.000843637
0.0012128
0.00159784
0.00199612
0.00240466
0.00282019
0.00323915
0.00365775
0.00407197
0.00447764
0.0048705
0.00524625
0.00560065
0.0059296
0.00622919
0.00649585
0.00672639
0.00691808
0.00706876
0.00717689
0.00724164
0.00726286
0.00724123
0.00717817
0.00707592
0.00693749
0.00676665
0.00656789
0.00634637
0.00610783
0.00585858
0.00560537
0.00535533
0.00511583
0.0048943
0.00469825
0.00453471
0.00440973
0.00432852
0.0043007
0.00433133
0.000257833
0.000206426
0.000118661
-2.2669e-07
-0.000142582
-0.000300634
-0.000467259
-0.000636093
-0.000801597
-0.000959084
-0.00110468
-0.00123526
-0.0013483
-0.00144185
-0.00151438
-0.0015647
-0.0015919
-0.00159531
-0.00157439
-0.00152876
-0.00145813
-0.00136231
-0.00124123
-0.00109489
-0.000923423
-0.000727101
-0.000506343
-0.000261756
5.84667e-06
0.000295419
0.00060566
0.00093499
0.00128154
0.00164314
0.0020173
0.00240125
0.00279191
0.00318595
0.00357978
0.00396962
0.00435154
0.00472152
0.0050755
0.00540947
0.00571957
0.0060021
0.00625369
0.00647132
0.00665245
0.00679504
0.00689766
0.00695954
0.00698059
0.00696147
0.00690357
0.00680904
0.00668075
0.00652228
0.00633787
0.00613235
0.00591111
0.00567999
0.00544518
0.0052132
0.00499069
0.00478431
0.00460069
0.0044461
0.00432597
0.00424535
0.0042143
0.00423952
0.000462521
0.000373942
0.000265395
0.000137763
-6.51043e-06
-0.000161267
-0.000320739
-0.000479926
-0.000634422
-0.000780428
-0.000914763
-0.00103481
-0.00113847
-0.00122404
-0.0012902
-0.00133589
-0.00136029
-0.00136275
-0.00134275
-0.00129989
-0.00123386
-0.00114444
-0.00103148
-0.000894949
-0.000734901
-0.000551527
-0.000345166
-0.000116329
0.000134275
0.000405713
0.000696808
0.00100612
0.00133192
0.0016722
0.00202464
0.00238663
0.00275529
0.00312746
0.00349975
0.00386857
0.00423018
0.00458075
0.0049164
0.00523329
0.00552771
0.00579613
0.0060353
0.00624234
0.00641477
0.00655066
0.00664864
0.00670795
0.00672853
0.00671101
0.00665672
0.00656773
0.00644678
0.00629728
0.00612326
0.00592927
0.00572038
0.00550203
0.00527996
0.00506013
0.0048486
0.00465138
0.00447437
0.00432322
0.00420288
0.00411812
0.00407772
0.00408752
0.000700744
0.000568766
0.000433661
0.000291695
0.000139853
-1.70969e-05
-0.000174552
-0.00032877
-0.000476419
-0.000614573
-0.000740761
-0.000852934
-0.000949418
-0.00102886
-0.00109018
-0.0011325
-0.00115513
-0.00115747
-0.00113907
-0.00109951
-0.00103848
-0.000955716
-0.000851023
-0.000724291
-0.000575506
-0.000404766
-0.000212309
1.46446e-06
0.000235965
0.000490387
0.000763692
0.00105458
0.00136149
0.00168254
0.0020156
0.00235822
0.00270766
0.00306095
0.00341484
0.0037659
0.00411053
0.00444505
0.00476569
0.00506874
0.00535059
0.00560779
0.00583716
0.00603588
0.00620153
0.00633218
0.00642649
0.00648369
0.00650369
0.00648708
0.00643513
0.00634982
0.00623376
0.00609023
0.00592305
0.00573658
0.00553557
0.00532515
0.00511069
0.00489769
0.0046917
0.0044982
0.00432253
0.00416974
0.00404439
0.00395088
0.0038957
0.0038826
0.00095871
0.00078002
0.000614556
0.000454096
0.000290269
0.000126679
-3.30554e-05
-0.000186334
-0.000330821
-0.000464431
-0.000585391
-0.00069223
-0.000783739
-0.000858933
-0.000917012
-0.000957316
-0.000979293
-0.000982469
-0.000966424
-0.000930784
-0.000875214
-0.00079942
-0.000703157
-0.000586244
-0.000448576
-0.000290151
-0.000111093
8.83218e-05
0.000307636
0.000546186
0.000803079
0.00107717
0.00136704
0.00167098
0.001987
0.00231281
0.00264582
0.00298318
0.00332179
0.00365832
0.00398928
0.00431108
0.00462004
0.00491249
0.00518487
0.00543377
0.00565603
0.0058488
0.00600967
0.00613668
0.00622846
0.00628419
0.00630373
0.0062876
0.006237
0.0061538
0.00604052
0.0059003
0.00573679
0.00555417
0.00535698
0.00515007
0.00493849
0.00472741
0.00452196
0.00432719
0.00414797
0.00398886
0.0038541
0.00374773
0.00367342
0.00363239
0.0012243
0.000997567
0.000799489
0.000617682
0.000438667
0.000265082
9.9714e-05
-5.58653e-05
-0.000200246
-0.00033213
-0.000450423
-0.000554222
-0.000642792
-0.00071553
-0.000771936
-0.000811583
-0.000834089
-0.000839095
-0.000826253
-0.00079522
-0.000745658
-0.000677242
-0.000589669
-0.000482681
-0.000356079
-0.000209747
-4.36851e-05
0.000141965
0.000346892
0.000570583
0.000812299
0.00107105
0.00134558
0.00163434
0.00193547
0.00224684
0.00256597
0.00289015
0.00321636
0.00354137
0.00386177
0.004174
0.0044744
0.00475935
0.00502526
0.0052687
0.00548646
0.00567566
0.0058338
0.00595889
0.00604943
0.00610455
0.00612402
0.00610826
0.00605838
0.00597614
0.00586397
0.00572488
0.0055624
0.00538053
0.00518365
0.0049764
0.0047636
0.00455013
0.00434082
0.00414039
0.00395332
0.00378377
0.00363574
0.00351299
0.00341623
0.00334404
0.00148726
0.00121226
0.000980403
0.000775419
0.000578995
0.000392966
0.000219413
5.8978e-05
-8.77807e-05
-0.000220304
-0.000338141
-0.000440943
-0.000528438
-0.000600406
-0.000656656
-0.000696999
-0.00072123
-0.000729116
-0.000720385
-0.000694728
-0.000651806
-0.000591262
-0.000512734
-0.000415878
-0.000300392
-0.00016604
-1.26878e-05
0.000159671
0.000350878
0.000560581
0.000788204
0.00103292
0.00129364
0.00156895
0.00185715
0.00215623
0.00246386
0.00277738
0.00309389
0.00341022
0.00372297
0.0040286
0.00432347
0.00460389
0.00486624
0.00510702
0.00532292
0.00551097
0.00566856
0.00579355
0.00588436
0.00593998
0.00596005
0.00594488
0.00589547
0.00581347
0.00570119
0.00556153
0.00539791
0.00521421
0.00501468
0.0048038
0.00458621
0.0043666
0.00414958
0.00393961
0.0037409
0.00355731
0.00339272
0.00325064
0.00312891
0.00302358
0.00173861
0.00141585
0.00114981
0.000920583
0.00070529
0.000505084
0.000321444
0.000154167
3.02704e-06
-0.000132106
-0.000251388
-0.000355001
-0.00044312
-0.0005159
-0.000573451
-0.000615824
-0.000642991
-0.000654843
-0.000651185
-0.000631744
-0.000596176
-0.000544088
-0.000475054
-0.000388639
-0.000284428
-0.000162058
-2.1247e-05
0.000138165
0.000316185
0.00051263
0.000727095
0.000958922
0.00120717
0.00147061
0.00174767
0.00203645
0.00233474
0.00263999
0.00294933
0.00325963
0.00356752
0.00386944
0.00416168
0.00444052
0.00470221
0.00494314
0.00515989
0.00534931
0.00550865
0.00563561
0.00572842
0.00578592
0.00580759
0.00579359
0.00574478
0.0056627
0.00554953
0.00540805
0.00524161
0.00505399
0.00484932
0.00463199
0.00440653
0.00417749
0.00394936
0.00372645
0.00351277
0.00331199
0.00312795
0.0029641
0.00281548
0.00267578
0.00197042
0.00160084
0.00130073
0.00104677
0.000811734
0.000596189
0.000401088
0.000225458
6.83458e-05
-7.1021e-05
-0.000193372
-0.000299387
-0.000389672
-0.000464738
-0.000524986
-0.000570696
-0.000602014
-0.000618949
-0.00062138
-0.000609062
-0.000581643
-0.000538688
-0.000479698
-0.000404141
-0.000311483
-0.00020122
-7.29157e-05
7.37552e-05
0.000238973
0.000422733
0.000624809
0.000844719
0.00108169
0.00133464
0.00160215
0.00188246
0.00217343
0.00247259
0.00277715
0.00308397
0.00338968
0.00369066
0.00398316
0.00426331
0.00452727
0.00477124
0.00499163
0.00518511
0.0053487
0.0054799
0.00557673
0.00563781
0.00566243
0.00565056
0.0056029
0.00552083
0.00540641
0.00526234
0.00509185
0.00489864
0.0046868
0.00446065
0.00422467
0.00398335
0.00374114
0.00350227
0.00327066
0.00304989
0.00284389
0.00265616
0.00247912
0.00230423
0.00217555
0.00176035
0.00142667
0.0011479
0.000892683
0.000661085
0.000453578
0.000268473
0.000104143
-4.07875e-05
-0.000167585
-0.000277401
-0.000371247
-0.00044997
-0.000514248
-0.000564577
-0.000601264
-0.000624429
-0.000634012
-0.000629791
-0.0006114
-0.00057835
-0.000530065
-0.000465904
-0.000385204
-0.000287312
-0.000171628
-3.76508e-05
0.000114985
0.000286461
0.000476739
0.000685519
0.000912207
0.00115588
0.00141526
0.00168871
0.0019742
0.00226933
0.00257133
0.00287709
0.0031832
0.00348598
0.00378157
0.00406597
0.00433516
0.00458516
0.00481214
0.00501253
0.00518312
0.00532111
0.00542427
0.00549098
0.00552027
0.0055119
0.00546635
0.00538483
0.00526928
0.00512227
0.00494694
0.00474694
0.00452633
0.00428941
0.00404066
0.0037846
0.00352567
0.00326815
0.00301597
0.00277271
0.00254251
0.00232903
0.00212224
0.00191148
0.00234746
0.00188801
0.00152149
0.00121814
0.000942669
0.000694653
0.000474132
0.000278749
0.000106241
-4.5334e-05
-0.000177748
-0.000292596
-0.000391268
-0.00047493
-0.000544516
-0.000600721
-0.000643998
-0.000674565
-0.000692416
-0.000697339
-0.00068894
-0.000666673
-0.000629869
-0.000577773
-0.000509579
-0.000424477
-0.000321692
-0.000200535
-6.04467e-05
9.89539e-05
0.000277826
0.000476065
0.000693257
0.000928649
0.00118112
0.00144915
0.00173081
0.00202379
0.00232534
0.00263235
0.00294136
0.00324861
0.00355012
0.00384173
0.00411921
0.00437833
0.00461503
0.00482542
0.00500599
0.00515364
0.00526582
0.00534059
0.00537669
0.00537361
0.00533159
0.00525164
0.00513552
0.00498568
0.00480518
0.00459763
0.00436707
0.00411783
0.00385444
0.0035815
0.00330355
0.00302498
0.00274983
0.00248179
0.00222532
0.00198436
0.00174653
0.00149919
0.00248005
0.00197785
0.00157942
0.00125197
0.000956411
0.000691878
0.000458004
0.000251791
7.03738e-05
-8.87233e-05
-0.00022775
-0.000348721
-0.000453378
-0.000543183
-0.000619307
-0.000682626
-0.000733724
-0.000772902
-0.000800191
-0.000815379
-0.000818034
-0.000807538
-0.000783121
-0.0007439
-0.000688919
-0.000617197
-0.000527772
-0.000419756
-0.000292384
-0.000145063
2.25759e-05
0.000210634
0.000418893
0.000646783
0.000893339
0.00115718
0.00143649
0.00172902
0.00203207
0.00234251
0.00265684
0.0029712
0.00328147
0.00358329
0.0038722
0.00414372
0.00439345
0.00461718
0.00481104
0.00497157
0.00509583
0.00518151
0.00522701
0.0052315
0.00519492
0.00511803
0.00500241
0.00485034
0.00466481
0.00444938
0.0042081
0.00394537
0.00366582
0.0033742
0.00307521
0.00277343
0.00247311
0.00217816
0.00189344
0.00162329
0.0013531
0.00106828
0.00256763
0.00202428
0.00159499
0.00124409
0.000928806
0.000647868
0.000400504
0.000183108
-7.76438e-06
-0.000175099
-0.000321597
-0.000449665
-0.000561378
-0.000658471
-0.000742329
-0.000813993
-0.00087416
-0.000923196
-0.000961157
-0.000987815
-0.00100269
-0.00100507
-0.000994091
-0.000968715
-0.000927828
-0.000870264
-0.000794864
-0.000700527
-0.000586269
-0.000451271
-0.000294938
-0.000116948
8.26918e-05
0.000303607
0.000545008
0.000805666
0.00108388
0.00137748
0.00168381
0.00199974
0.00232172
0.00264578
0.00296764
0.00328274
0.00358635
0.00387369
0.00414
0.0043807
0.00459149
0.00476849
0.00490832
0.00500824
0.00506624
0.00508108
0.00505238
0.00498059
0.00486704
0.00471386
0.00452392
0.00430075
0.00404841
0.00377142
0.00347454
0.00316272
0.00284091
0.00251398
0.00218644
0.00186254
0.00154764
0.00124658
0.00094256
0.000619059
0.00260479
0.00202195
0.001563
0.00118942
0.00085494
0.000557866
0.000297038
6.82569e-05
-0.000132476
-0.000308636
-0.000463354
-0.000599408
-0.000719183
-0.000824665
-0.000917436
-0.00099868
-0.00106919
-0.00112938
-0.00117932
-0.00121875
-0.00124712
-0.00126363
-0.00126728
-0.00125689
-0.00123117
-0.00118875
-0.00112827
-0.00104839
-0.000947896
-0.000825728
-0.000681046
-0.000513291
-0.000322238
-0.000108047
0.000128688
0.000386905
0.000665042
0.00096102
0.00127224
0.00159557
0.00192742
0.00226372
0.0026
0.00293149
0.00325319
0.00355995
0.00384664
0.00410824
0.00433997
0.00453746
0.00469682
0.00481482
0.00488895
0.00491751
0.00489969
0.00483562
0.00472631
0.00457368
0.00438047
0.00415018
0.00388691
0.00359527
0.00328023
0.002947
0.00260084
0.00224697
0.0018903
0.00153545
0.00118842
0.000854641
0.00051511
0.000151386
0.00258637
0.00196583
0.00147848
0.00108312
0.000730085
0.000417269
0.000143123
-9.71285e-05
-0.000308022
-0.000493501
-0.000657108
-0.000801973
-0.00093077
-0.00104572
-0.00114857
-0.00124065
-0.00132281
-0.00139551
-0.00145882
-0.00151241
-0.00155569
-0.00158772
-0.00160738
-0.00161331
-0.00160403
-0.00157798
-0.00153355
-0.00146917
-0.00138338
-0.00127484
-0.00114245
-0.00098541
-0.000803224
-0.000595818
-0.000363566
-0.000107338
0.000171463
0.000470876
0.000788372
0.00112085
0.00146466
0.00181565
0.00216917
0.00252023
0.0028635
0.00319348
0.0035046
0.00379134
0.00404842
0.00427087
0.00445425
0.00459471
0.00468919
0.00473544
0.00473217
0.00467906
0.00457677
0.00442697
0.00423223
0.00399597
0.00372234
0.0034161
0.00308245
0.00272688
0.00235507
0.00197265
0.001585
0.00119725
0.000816078
0.00044763
7.06673e-05
-0.000335229
0.00250749
0.00185111
0.00133674
0.000920566
0.000549717
0.000221644
-6.55826e-05
-0.000317304
-0.000538578
-0.000733802
-0.000906913
-0.00106137
-0.00120012
-0.0013256
-0.00143973
-0.00154391
-0.00163909
-0.00172574
-0.00180388
-0.00187317
-0.00193288
-0.00198199
-0.0020192
-0.00204299
-0.00205167
-0.00204346
-0.00201649
-0.00196895
-0.00189908
-0.0018053
-0.0016862
-0.00154068
-0.00136799
-0.00116778
-0.000940171
-0.000685812
-0.000405918
-0.0001023
0.000222609
0.000565754
0.000923463
0.00129148
0.00166502
0.00203883
0.00240726
0.00276442
0.00310427
0.00342076
0.00370798
0.00396036
0.00417276
0.00434069
0.00446039
0.004529
0.00454463
0.00450643
0.00441465
0.00427061
0.00407669
0.00383621
0.00355334
0.00323301
0.00288065
0.00250215
0.00210361
0.00169118
0.0012708
0.000848168
0.000430778
2.55493e-05
-0.000391052
-0.000841507
0.00236348
0.00167323
0.0011333
0.000697376
0.00030952
-3.32497e-05
-0.000333253
-0.000596382
-0.000828204
-0.00103355
-0.00121675
-0.00138156
-0.0015312
-0.00166828
-0.00179488
-0.0019125
-0.00202212
-0.00212421
-0.00221878
-0.00230539
-0.00238324
-0.00245115
-0.00250766
-0.00255107
-0.00257946
-0.00259081
-0.00258301
-0.00255395
-0.00250159
-0.00242403
-0.00231957
-0.00218678
-0.0020246
-0.00183238
-0.00160997
-0.00135773
-0.00107668
-0.000768422
-0.000435267
-8.01944e-05
0.000293131
0.000680384
0.00107662
0.00147636
0.00187361
0.00226208
0.0026352
0.00298634
0.00330895
0.00359671
0.00384375
0.00404478
0.00419529
0.00429165
0.00433128
0.00431273
0.0042357
0.00410112
0.00391108
0.00366877
0.00337837
0.00304495
0.00267425
0.00227254
0.00184645
0.00140273
0.000947927
0.000488422
3.2622e-05
-0.000411681
-0.000870437
-0.0013683
0.00214993
0.00142789
0.000863936
0.000409401
5.41115e-06
-0.000351441
-0.000663867
-0.0009383
-0.0011808
-0.00139663
-0.00159047
-0.0017664
-0.00192784
-0.00207763
-0.00221794
-0.00235036
-0.0024759
-0.00259504
-0.00270772
-0.00281345
-0.00291127
-0.00299989
-0.00307766
-0.00314267
-0.00319279
-0.00322573
-0.00323911
-0.00323052
-0.0031976
-0.00313812
-0.00305005
-0.0029316
-0.00278137
-0.00259838
-0.00238213
-0.00213271
-0.00185083
-0.0015379
-0.00119603
-0.000828083
-0.00043769
-2.92132e-05
0.000392276
0.000821053
0.00125083
0.00167483
0.00208599
0.00247703
0.00284066
0.00316978
0.00345766
0.00369813
0.00388577
0.00401609
0.00408569
0.00409237
0.0040352
0.00391459
0.00373228
0.00349125
0.00319568
0.00285076
0.00246255
0.00203776
0.00158358
0.00110744
0.000616619
0.000118237
-0.000378271
-0.000864141
-0.00136789
-0.00191648
0.0018627
0.00111105
0.00052471
5.27529e-05
-0.000366444
-0.00073672
-0.00106118
-0.00134679
-0.00160008
-0.00182674
-0.00203178
-0.00221957
-0.00239378
-0.00255738
-0.00271268
-0.00286133
-0.00300438
-0.00314225
-0.00327485
-0.00340159
-0.0035214
-0.00363282
-0.00373402
-0.00382287
-0.003897
-0.00395385
-0.00399075
-0.00400497
-0.00399381
-0.00395468
-0.00388517
-0.00378314
-0.00364677
-0.00347471
-0.00326609
-0.00302064
-0.00273875
-0.00242155
-0.00207091
-0.00168954
-0.00128096
-0.000849543
-0.000400458
6.0365e-05
0.00052631
0.000990177
0.00144431
0.00188077
0.00229148
0.00266845
0.003004
0.00329094
0.00352284
0.0036942
0.00380064
0.00383907
0.0038078
0.00370661
0.00353676
0.00330097
0.00300333
0.00264916
0.00224481
0.00179749
0.00131502
0.00080556
0.000277204
-0.000262071
-0.000801696
-0.00133183
-0.00188374
-0.00248688
0.0014979
0.000718975
0.000111956
-0.000376173
-0.000809604
-0.00119261
-0.00152869
-0.00182532
-0.00208951
-0.00232733
-0.00254414
-0.00274457
-0.00293251
-0.00311108
-0.0032827
-0.00344908
-0.00361126
-0.00376966
-0.00392411
-0.00407392
-0.00421789
-0.00435439
-0.0044814
-0.00459657
-0.00469728
-0.00478067
-0.00484377
-0.00488351
-0.00489683
-0.00488074
-0.00483244
-0.00474936
-0.00462926
-0.00447035
-0.00427135
-0.00403157
-0.00375102
-0.00343046
-0.0030715
-0.00267659
-0.00224913
-0.00179341
-0.00131467
-0.000818995
-0.000313319
0.000194725
0.000696904
0.00118455
0.00164875
0.00208056
0.00247122
0.00281241
0.00309654
0.00331692
0.00346806
0.0035458
0.00354752
0.00347221
0.00332056
0.00309488
0.00279913
0.00243869
0.00202023
0.00155144
0.00104084
0.000497411
-6.98583e-05
-0.000652033
-0.00123729
-0.00181458
-0.00241815
-0.00308015
0.00105199
0.000248219
-0.000377682
-0.000880677
-0.00132733
-0.00172235
-0.00206962
-0.00237712
-0.0026523
-0.00290163
-0.00313077
-0.00334463
-0.00354729
-0.00374203
-0.00393134
-0.00411699
-0.00430003
-0.00448083
-0.00465917
-0.00483424
-0.0050047
-0.00516876
-0.00532419
-0.00546842
-0.00559853
-0.00571141
-0.00580373
-0.00587208
-0.005913
-0.0059231
-0.00589912
-0.00583805
-0.00573717
-0.00559419
-0.00540736
-0.00517553
-0.00489823
-0.00457583
-0.00420954
-0.00380154
-0.00335498
-0.00287405
-0.00236395
-0.00183092
-0.00128215
-0.000725691
-0.000170364
0.000374421
0.00089885
0.00139293
0.00184673
0.00225069
0.00259587
0.00287424
0.00307898
0.00320469
0.00324762
0.00320581
0.00307918
0.00286956
0.00258061
0.00221775
0.00178792
0.00129933
0.000761218
0.000183477
-0.000423918
-0.00105096
-0.00168444
-0.00231198
-0.00297105
-0.0036967
0.000521732
-0.000304319
-0.000947227
-0.00146373
-0.00192257
-0.00232885
-0.00268686
-0.00300506
-0.00329134
-0.00355252
-0.00379459
-0.00402268
-0.00424108
-0.0044532
-0.00466162
-0.00486815
-0.00507383
-0.00527901
-0.00548337
-0.00568601
-0.00588545
-0.00607972
-0.00626638
-0.00644262
-0.00660526
-0.00675087
-0.00687578
-0.0069762
-0.00704826
-0.00708814
-0.0070921
-0.00705661
-0.00697844
-0.00685478
-0.0066833
-0.00646231
-0.00619084
-0.00586874
-0.00549677
-0.00507673
-0.00461145
-0.00410492
-0.00356226
-0.00298976
-0.00239482
-0.0017859
-0.00117237
-0.000564419
2.72046e-05
0.000591389
0.00111694
0.00159288
0.00200879
0.00235509
0.00262344
0.00280697
0.00290058
0.00290113
0.0028076
0.00262113
0.002345
0.00198455
0.00154695
0.00104091
0.000476449
-0.000135571
-0.000784078
-0.00145789
-0.00214224
-0.00282329
-0.00354202
-0.0043366
-9.57209e-05
-0.000941375
-0.00159934
-0.00212796
-0.00259789
-0.00301468
-0.00338298
-0.00371171
-0.00400919
-0.00428257
-0.00453815
-0.00478129
-0.00501647
-0.00524721
-0.00547618
-0.00570523
-0.0059354
-0.00616698
-0.0063996
-0.00663224
-0.00686328
-0.00709056
-0.00731146
-0.00752289
-0.00772143
-0.00790329
-0.00806448
-0.00820081
-0.00830797
-0.00838167
-0.00841766
-0.00841186
-0.00836048
-0.0082601
-0.00810778
-0.00790122
-0.00763883
-0.00731989
-0.0069446
-0.00651426
-0.00603132
-0.00549945
-0.0049236
-0.00431004
-0.00366629
-0.00300116
-0.00232458
-0.00164746
-0.000981543
-0.000339113
0.000267262
0.000825072
0.00132222
0.00174741
0.00209051
0.00234295
0.00249802
0.00255115
0.00250015
0.00234525
0.0020892
0.00173711
0.0012963
0.00077599
0.000186982
-0.000458815
-0.00114913
-0.00187148
-0.00260938
-0.00334736
-0.00413021
-0.00499949
-0.00080282
-0.0016653
-0.00233631
-0.00287559
-0.00335552
-0.00378203
-0.00416015
-0.00449924
-0.00480801
-0.00509394
-0.00536362
-0.00562263
-0.00587561
-0.00612622
-0.00637721
-0.00663045
-0.00688697
-0.00714705
-0.00741023
-0.00767537
-0.00794072
-0.00820396
-0.00846225
-0.00871226
-0.00895027
-0.0091722
-0.00937367
-0.00955008
-0.00969668
-0.00980867
-0.00988126
-0.00990979
-0.00988984
-0.00981733
-0.00968865
-0.0095008
-0.00925148
-0.0089393
-0.00856381
-0.00812572
-0.00762694
-0.00707074
-0.00646179
-0.0058062
-0.00511157
-0.00438696
-0.00364277
-0.00289067
-0.00214336
-0.00141437
-0.000717707
-6.75662e-05
0.000522124
0.00103811
0.00146825
0.00180198
0.00203068
0.00214809
0.00215053
0.00203709
0.00180974
0.00147323
0.00103491
0.000504452
-0.00010654
-0.000785046
-0.0015175
-0.00228997
-0.00308405
-0.00388251
-0.00473423
-0.00568447
-0.00160158
-0.002478
-0.00315998
-0.00370847
-0.00419727
-0.0046327
-0.00502016
-0.00536943
-0.00568956
-0.00598838
-0.00627272
-0.0065484
-0.00682021
-0.00709193
-0.00736638
-0.00764547
-0.00793023
-0.00822091
-0.00851696
-0.00881717
-0.00911963
-0.00942187
-0.00972082
-0.0100129
-0.0102942
-0.0105602
-0.0108062
-0.0110272
-0.0112179
-0.0113731
-0.0114873
-0.0115553
-0.011572
-0.0115325
-0.0114326
-0.0112685
-0.011037
-0.010736
-0.0103642
-0.00992175
-0.00940982
-0.00883115
-0.00818999
-0.00749221
-0.00674533
-0.00595856
-0.00514273
-0.00431017
-0.00347455
-0.00265065
-0.00185401
-0.00110061
-0.000406388
0.000213221
0.000743806
0.0011725
0.00148847
0.00168339
0.00175177
0.00169127
0.00150279
0.0011905
0.000761655
0.000226276
-0.000403239
-0.00111271
-0.00188715
-0.00271105
-0.00356391
-0.00442646
-0.00535209
-0.00638998
-0.00249356
-0.00338098
-0.00407181
-0.00462799
-0.00512452
-0.00556806
-0.00596437
-0.0063236
-0.00665516
-0.00696718
-0.00726672
-0.00755983
-0.00785144
-0.00814545
-0.00844477
-0.00875134
-0.0090662
-0.00938955
-0.0097208
-0.0100586
-0.010401
-0.0107453
-0.0110883
-0.0114262
-0.0117546
-0.0120689
-0.0123639
-0.0126342
-0.0128741
-0.0130776
-0.0132389
-0.0133519
-0.013411
-0.0134104
-0.013345
-0.0132102
-0.013002
-0.0127174
-0.0123542
-0.0119117
-0.0113902
-0.0107919
-0.0101204
-0.00938111
-0.00858147
-0.00773067
-0.00683983
-0.00592188
-0.00499139
-0.0040644
-0.00315803
-0.00229014
-0.00147885
-0.000741973
-9.64844e-05
0.000442129
0.000860455
0.00114771
0.00129625
0.00130187
0.00116413
0.000886321
0.000475377
-5.84337e-05
-0.00070196
-0.00143982
-0.00225553
-0.00313183
-0.00404588
-0.0049762
-0.005981
-0.00711371
-0.0034798
-0.00437523
-0.00507277
-0.00563514
-0.00613823
-0.00658905
-0.0069937
-0.00736265
-0.00770566
-0.00803113
-0.00834636
-0.00865758
-0.0089699
-0.00928733
-0.00961285
-0.00994844
-0.0102952
-0.0106532
-0.0110219
-0.0113999
-0.011785
-0.0121745
-0.0125649
-0.0129521
-0.0133317
-0.0136986
-0.0140472
-0.0143717
-0.0146659
-0.0149234
-0.0151375
-0.0153016
-0.0154092
-0.0154537
-0.0154293
-0.0153302
-0.0151516
-0.0148894
-0.0145405
-0.014103
-0.0135766
-0.0129624
-0.0122635
-0.0114845
-0.0106326
-0.00971688
-0.00874853
-0.00774099
-0.00670968
-0.00567182
-0.00464613
-0.00365243
-0.00271114
-0.0018427
-0.00106691
-0.000402213
0.000134998
0.000531075
0.000775727
0.000862519
0.000789206
0.000557884
0.000174906
-0.0003494
-0.00100121
-0.00176393
-0.00261948
-0.00354869
-0.00452614
-0.00552788
-0.00661731
-0.00785243
-0.00456086
-0.00546128
-0.00616339
-0.00673042
-0.0072389
-0.00769617
-0.0081086
-0.008487
-0.00884143
-0.00918052
-0.00951184
-0.00984178
-0.0101756
-0.0105174
-0.0108704
-0.0112364
-0.0116166
-0.0120112
-0.0124195
-0.0128401
-0.0132706
-0.0137082
-0.0141493
-0.0145896
-0.0150244
-0.0154481
-0.0158551
-0.0162389
-0.0165928
-0.0169099
-0.0171828
-0.0174043
-0.017567
-0.0176635
-0.0176868
-0.0176304
-0.0174883
-0.0172553
-0.0169272
-0.016501
-0.0159753
-0.0153502
-0.0146277
-0.0138121
-0.0129096
-0.0119291
-0.0108818
-0.00978146
-0.00864418
-0.00748831
-0.00633413
-0.00520345
-0.00411912
-0.00310437
-0.0021821
-0.00137408
-0.000700075
-0.00017709
0.00018146
0.000366373
0.00037315
0.000202253
-0.000140886
-0.000646124
-0.0012991
-0.00208202
-0.00297512
-0.00395719
-0.00499993
-0.00607665
-0.00725636
-0.00860188
-0.00573676
-0.00663918
-0.0073437
-0.00791389
-0.0084266
-0.00888944
-0.00930907
-0.0096966
-0.0100623
-0.0104151
-0.0107628
-0.0111119
-0.0114679
-0.0118349
-0.0122163
-0.012614
-0.0130292
-0.0134621
-0.0139119
-0.0143773
-0.0148557
-0.0153443
-0.0158393
-0.0163362
-0.01683
-0.0173149
-0.0177848
-0.0182329
-0.018652
-0.0190345
-0.0193725
-0.0196579
-0.0198825
-0.020038
-0.0201165
-0.0201103
-0.0200123
-0.019816
-0.019516
-0.0191082
-0.0185898
-0.0179597
-0.017219
-0.0163707
-0.0154206
-0.0143768
-0.0132504
-0.0120553
-0.010808
-0.00952789
-0.00823676
-0.00695839
-0.00571812
-0.00454213
-0.00345668
-0.00248717
-0.00165723
-0.000987699
-0.000495677
-0.000193708
-8.91131e-05
-0.000183574
-0.000473017
-0.000947805
-0.00159323
-0.00239038
-0.00331775
-0.0043519
-0.00546142
-0.00661654
-0.00789227
-0.00935657
-0.00700698
-0.00790844
-0.00861329
-0.00918515
-0.00970093
-0.0101685
-0.0105947
-0.0109909
-0.0113677
-0.0117342
-0.0120983
-0.0124669
-0.0128454
-0.0132383
-0.0136489
-0.0140792
-0.0145306
-0.0150032
-0.0154963
-0.0160084
-0.0165371
-0.0170792
-0.017631
-0.0181878
-0.0187443
-0.0192945
-0.0198319
-0.0203492
-0.0208388
-0.0212926
-0.0217019
-0.0220578
-0.0223513
-0.0225733
-0.0227146
-0.0227664
-0.0227205
-0.0225691
-0.0223054
-0.0219238
-0.0214203
-0.0207923
-0.0200397
-0.0191643
-0.0181708
-0.0170667
-0.0158624
-0.0145718
-0.0132118
-0.0118025
-0.010367
-0.00893099
-0.00752236
-0.00617033
-0.00490473
-0.00375495
-0.00274889
-0.00191176
-0.00126495
-0.000825017
-0.000602736
-0.000602556
-0.000822294
-0.00125324
-0.00188062
-0.00268452
-0.00364169
-0.00472632
-0.00590356
-0.00714026
-0.00851781
-0.0101096
-0.00837046
-0.00926813
-0.00997128
-0.0105434
-0.0110611
-0.0115324
-0.0119645
-0.0123689
-0.0127564
-0.0131363
-0.0135168
-0.0139049
-0.0143062
-0.0147252
-0.0151655
-0.0156292
-0.0161176
-0.0166309
-0.0171686
-0.0177291
-0.0183099
-0.0189079
-0.0195192
-0.0201388
-0.0207614
-0.0213807
-0.0219898
-0.0225811
-0.0231465
-0.0236771
-0.0241638
-0.0245968
-0.0249663
-0.0252621
-0.025474
-0.0255921
-0.0256067
-0.0255087
-0.02529
-0.0249434
-0.0244631
-0.0238454
-0.0230884
-0.0221926
-0.0211615
-0.0200014
-0.0187221
-0.0173371
-0.0158632
-0.0143211
-0.0127351
-0.0111328
-0.00954421
-0.00800186
-0.00653927
-0.00519011
-0.00398697
-0.00295998
-0.0021355
-0.00153475
-0.00117276
-0.00105745
-0.00118918
-0.0015607
-0.00215756
-0.00295904
-0.00394018
-0.00507266
-0.00631791
-0.00763901
-0.00912417
-0.0108524
-0.00982561
-0.0107168
-0.0114163
-0.0119873
-0.0125057
-0.0129799
-0.0134171
-0.0138291
-0.0142268
-0.0146198
-0.0150163
-0.0154236
-0.0158474
-0.0162926
-0.0167626
-0.0172599
-0.0177858
-0.0183406
-0.0189238
-0.0195338
-0.0201683
-0.020824
-0.0214968
-0.0221819
-0.0228736
-0.0235654
-0.0242501
-0.0249198
-0.0255657
-0.0261785
-0.0267484
-0.027265
-0.0277173
-0.0280943
-0.0283847
-0.0285773
-0.0286611
-0.0286255
-0.0284608
-0.0281583
-0.0277106
-0.0271122
-0.0263593
-0.0254511
-0.0243895
-0.0231794
-0.0218296
-0.0203528
-0.0187657
-0.0170891
-0.0153483
-0.0135722
-0.0117934
-0.0100474
-0.00837152
-0.00680395
-0.00538235
-0.00414234
-0.00311588
-0.00232969
-0.00180384
-0.00155057
-0.00157359
-0.00186776
-0.00241944
-0.00320743
-0.00420513
-0.00538166
-0.0066944
-0.00810231
-0.00970077
-0.0115748
-0.0113703
-0.0122526
-0.0129467
-0.0135152
-0.0140333
-0.0145094
-0.0149509
-0.0153697
-0.0157769
-0.0161822
-0.0165941
-0.0170199
-0.0174658
-0.0179366
-0.0184361
-0.0189667
-0.01953
-0.0201264
-0.0207554
-0.0214157
-0.0221047
-0.0228194
-0.0235555
-0.0243081
-0.0250713
-0.0258385
-0.0266022
-0.0273541
-0.0280849
-0.0287849
-0.0294435
-0.0300496
-0.0305913
-0.0310567
-0.0314332
-0.0317084
-0.0318699
-0.0319058
-0.0318046
-0.0315559
-0.0311505
-0.0305809
-0.0298419
-0.0289304
-0.0278466
-0.026594
-0.0251799
-0.0236159
-0.0219181
-0.0201073
-0.0182092
-0.0162539
-0.0142763
-0.0123146
-0.0104101
-0.00860562
-0.00694421
-0.00546747
-0.00421365
-0.00321579
-0.00249992
-0.00208358
-0.0019747
-0.00217109
-0.00266057
-0.00342187
-0.00442698
-0.00564238
-0.00702114
-0.00851766
-0.010235
-0.0122642
-0.0130021
-0.0138731
-0.0145603
-0.0151251
-0.0156419
-0.0161189
-0.0165638
-0.0169884
-0.0174041
-0.0178207
-0.0182469
-0.0186903
-0.0191572
-0.0196526
-0.0201806
-0.0207437
-0.0213438
-0.0219813
-0.022656
-0.0233665
-0.0241104
-0.0248846
-0.025685
-0.0265065
-0.0273431
-0.028188
-0.0290335
-0.0298707
-0.0306903
-0.0314818
-0.032234
-0.032935
-0.0335722
-0.0341325
-0.0346024
-0.0349681
-0.0352159
-0.0353321
-0.0353037
-0.0351186
-0.0347656
-0.0342353
-0.0335202
-0.0326155
-0.0315192
-0.0302329
-0.0287624
-0.0271176
-0.0253138
-0.0233711
-0.0213154
-0.0191778
-0.0169947
-0.0148072
-0.0126602
-0.0106013
-0.00867924
-0.00694197
-0.00543472
-0.00419767
-0.00326382
-0.00265705
-0.00239059
-0.0024662
-0.00287394
-0.00359306
-0.00459443
-0.00584196
-0.00728413
-0.00887039
-0.0107117
-0.0129057
-0.0147177
-0.0155758
-0.0162547
-0.0168148
-0.0173292
-0.0178062
-0.0182533
-0.0186826
-0.0191055
-0.019532
-0.0199711
-0.0204305
-0.0209168
-0.0214353
-0.0219902
-0.0225844
-0.0232198
-0.0238973
-0.0246167
-0.0253766
-0.0261751
-0.0270088
-0.0278737
-0.0287647
-0.0296758
-0.0305999
-0.031529
-0.0324543
-0.0333656
-0.0342521
-0.0351021
-0.0359029
-0.0366409
-0.0373023
-0.0378722
-0.0383357
-0.0386776
-0.0388827
-0.0389364
-0.0388246
-0.0385341
-0.0380535
-0.0373732
-0.036486
-0.0353878
-0.0340781
-0.0325604
-0.0308431
-0.0289398
-0.0268698
-0.0246587
-0.0223379
-0.0199451
-0.0175239
-0.0151226
-0.0127934
-0.0105908
-0.00856967
-0.00678268
-0.00527803
-0.0040967
-0.00327008
-0.00281794
-0.00274711
-0.0030509
-0.00370985
-0.00469418
-0.00596533
-0.00746699
-0.00914325
-0.0111135
-0.0134818
-0.016514
-0.0173576
-0.0180271
-0.0185817
-0.0190928
-0.0195686
-0.0200168
-0.0204494
-0.0208779
-0.0213125
-0.0217624
-0.0222357
-0.0227392
-0.0232784
-0.023858
-0.024481
-0.0251498
-0.0258652
-0.0266275
-0.0274354
-0.028287
-0.0291793
-0.0301082
-0.0310685
-0.0320543
-0.0330583
-0.0340723
-0.0350871
-0.0360924
-0.0370767
-0.0380278
-0.0389322
-0.0397757
-0.0405432
-0.041219
-0.0417869
-0.0422302
-0.0425323
-0.0426767
-0.0426474
-0.0424295
-0.0420091
-0.0413745
-0.040516
-0.0394272
-0.0381051
-0.0365508
-0.0347708
-0.0327766
-0.0305862
-0.0282242
-0.0257219
-0.023118
-0.0204577
-0.0177926
-0.0151793
-0.0126781
-0.0103507
-0.00825799
-0.00645689
-0.00499744
-0.00391977
-0.00325154
-0.00300597
-0.00318089
-0.00375903
-0.0047106
-0.00599489
-0.00755062
-0.00931616
-0.0114197
-0.0139719
-0.0183871
-0.0192154
-0.0198748
-0.0204231
-0.0209301
-0.0214037
-0.0218516
-0.0222858
-0.0227179
-0.0231583
-0.0236165
-0.0241008
-0.0246184
-0.0251753
-0.0257764
-0.0264252
-0.0271242
-0.0278748
-0.0286772
-0.0295307
-0.0304334
-0.0313824
-0.0323737
-0.0334022
-0.034462
-0.0355456
-0.0366447
-0.0377498
-0.0388502
-0.0399341
-0.0409886
-0.0419996
-0.042952
-0.04383
-0.0446166
-0.0452945
-0.0458456
-0.0462517
-0.0464948
-0.0465568
-0.0464208
-0.0460707
-0.0454925
-0.044674
-0.0436062
-0.0422834
-0.0407043
-0.0388726
-0.0367978
-0.0344958
-0.0319898
-0.0293105
-0.0264967
-0.023595
-0.0206595
-0.0177508
-0.0149349
-0.0122806
-0.00985712
-0.00773088
-0.00596198
-0.00460061
-0.00368378
-0.00323265
-0.00325096
-0.00372486
-0.00462541
-0.00591016
-0.00751286
-0.00936578
-0.0116064
-0.0143518
-0.0203331
-0.0211457
-0.0217948
-0.0223364
-0.0228385
-0.0233088
-0.0237548
-0.0241886
-0.0246218
-0.0250651
-0.0255282
-0.0260199
-0.0265479
-0.0271185
-0.0277371
-0.0284075
-0.0291328
-0.0299147
-0.0307536
-0.0316492
-0.0325998
-0.0336027
-0.034654
-0.0357487
-0.0368808
-0.0380427
-0.0392261
-0.0404212
-0.041617
-0.0428011
-0.0439602
-0.0450796
-0.0461435
-0.047135
-0.0480362
-0.0488286
-0.0494927
-0.050009
-0.0503575
-0.0505185
-0.050473
-0.0502027
-0.0496911
-0.0489235
-0.0478882
-0.0465768
-0.044985
-0.0431138
-0.0409699
-0.038567
-0.0359261
-0.0330768
-0.0300573
-0.0269147
-0.0237053
-0.0204931
-0.0173492
-0.0143494
-0.0115717
-0.00909232
-0.00698252
-0.0053038
-0.00410407
-0.00341416
-0.00324536
-0.00358872
-0.00441724
-0.00568741
-0.00732807
-0.00926513
-0.0116457
-0.0145936
-0.0223479
-0.0231453
-0.0237843
-0.024319
-0.0248156
-0.0252814
-0.0257238
-0.0261547
-0.0265859
-0.0270285
-0.0274925
-0.0279872
-0.0285207
-0.0291
-0.0297309
-0.030418
-0.0311645
-0.0319727
-0.0328435
-0.0337767
-0.0347711
-0.035824
-0.0369318
-0.0380896
-0.0392912
-0.0405293
-0.0417951
-0.0430788
-0.0443689
-0.0456529
-0.0469168
-0.0481453
-0.0493218
-0.0504287
-0.051447
-0.0523571
-0.0531382
-0.0537694
-0.0542289
-0.0544955
-0.0545479
-0.0543657
-0.05393
-0.0532236
-0.0522319
-0.0509435
-0.0493514
-0.0474532
-0.0452528
-0.0427609
-0.0399962
-0.0369861
-0.0337677
-0.030388
-0.0269043
-0.0233837
-0.0199017
-0.0165407
-0.0133873
-0.0105283
-0.00804665
-0.00601645
-0.00449816
-0.00353409
-0.00314501
-0.0033286
-0.00406122
-0.00529915
-0.00696668
-0.00898313
-0.0115057
-0.014665
-0.0244273
-0.0252109
-0.0258405
-0.0263685
-0.0268592
-0.0273193
-0.0277559
-0.028181
-0.0286066
-0.029044
-0.0295039
-0.0299961
-0.0305293
-0.0311113
-0.0317483
-0.0324457
-0.0332073
-0.0340358
-0.0349326
-0.0358979
-0.0369308
-0.0380289
-0.0391886
-0.0404053
-0.0416728
-0.0429836
-0.044329
-0.0456988
-0.0470814
-0.0484637
-0.0498313
-0.0511683
-0.0524575
-0.0536803
-0.0548169
-0.0558465
-0.0567472
-0.0574966
-0.0580714
-0.0584485
-0.0586047
-0.0585177
-0.0581659
-0.0575297
-0.0565917
-0.0553375
-0.0537568
-0.0518442
-0.0496002
-0.0470322
-0.0441559
-0.0409961
-0.0375881
-0.0339778
-0.0302229
-0.0263923
-0.0225654
-0.0188307
-0.0152831
-0.0120199
-0.00913655
-0.00672084
-0.00484739
-0.00357196
-0.00292691
-0.00291858
-0.00352841
-0.00471373
-0.00639472
-0.00848411
-0.0111498
-0.0145287
-0.0265674
-0.0273394
-0.0279612
-0.0284831
-0.0289675
-0.0294205
-0.029849
-0.0302649
-0.0306804
-0.0311074
-0.0315571
-0.0320401
-0.032566
-0.0331432
-0.033779
-0.0344792
-0.0352485
-0.03609
-0.0370059
-0.0379967
-0.0390617
-0.040199
-0.0414052
-0.0426756
-0.0440042
-0.0453835
-0.0468046
-0.048257
-0.0497289
-0.0512069
-0.052676
-0.0541198
-0.0555203
-0.0568583
-0.058113
-0.0592626
-0.0602839
-0.0611531
-0.0618458
-0.0623368
-0.0626013
-0.0626147
-0.0623533
-0.0617949
-0.0609192
-0.059709
-0.0581508
-0.0562356
-0.0539605
-0.0513294
-0.0483545
-0.0450575
-0.0414709
-0.0376391
-0.0336188
-0.02948
-0.0253051
-0.0211878
-0.0172305
-0.0135412
-0.010228
-0.0073935
-0.00512791
-0.00350248
-0.00256345
-0.00232821
-0.00278532
-0.00389471
-0.00557326
-0.00772725
-0.0105358
-0.0141422
-0.0287644
-0.0295284
-0.0301446
-0.0306614
-0.0311393
-0.0315837
-0.0320013
-0.0324038
-0.032804
-0.0332141
-0.0336464
-0.0341124
-0.0346226
-0.0351865
-0.0358121
-0.0365064
-0.0372746
-0.0381209
-0.0390476
-0.0400561
-0.0411459
-0.0423155
-0.0435616
-0.0448797
-0.0462637
-0.0477062
-0.049198
-0.0507286
-0.0522858
-0.0538558
-0.0554231
-0.0569707
-0.0584802
-0.0599313
-0.0613025
-0.0625709
-0.0637123
-0.0647016
-0.0655128
-0.0661194
-0.0664947
-0.066612
-0.0664455
-0.0659705
-0.0651641
-0.064006
-0.0624796
-0.0605725
-0.058278
-0.0555963
-0.0525358
-0.0491146
-0.0453618
-0.0413191
-0.0370419
-0.0325998
-0.0280771
-0.0235715
-0.0191927
-0.0150584
-0.0112897
-0.00800438
-0.00530985
-0.00329479
-0.00202179
-0.00152187
-0.00179321
-0.00280029
-0.00445782
-0.00666599
-0.00961586
-0.0134569
-0.0310151
-0.031776
-0.0323898
-0.032903
-0.0333744
-0.0338086
-0.0342118
-0.0345961
-0.0349745
-0.0353602
-0.0357666
-0.0362062
-0.0366908
-0.0372311
-0.0378364
-0.0385146
-0.0392719
-0.0401131
-0.0410415
-0.0420588
-0.043165
-0.0443589
-0.0456374
-0.0469962
-0.0484291
-0.0499287
-0.0514856
-0.0530891
-0.0547265
-0.0563838
-0.0580451
-0.0596926
-0.0613073
-0.0628683
-0.0643531
-0.0657378
-0.0669973
-0.0681052
-0.0690341
-0.0697561
-0.0702426
-0.0704652
-0.070396
-0.0700079
-0.0692755
-0.0681756
-0.0666883
-0.064798
-0.0624941
-0.0597731
-0.0566392
-0.0531063
-0.0492
-0.0449584
-0.0404343
-0.0356962
-0.0308289
-0.0259332
-0.0211244
-0.0165296
-0.0122822
-0.00851606
-0.00535651
-0.00291166
-0.00126302
-0.000458077
-0.000507487
-0.00138265
-0.00299768
-0.00524736
-0.00833557
-0.0124177
-0.0333169
-0.0340813
-0.034697
-0.0352086
-0.0356736
-0.0360956
-0.0364805
-0.0368406
-0.0371896
-0.0375419
-0.0379121
-0.0383144
-0.038762
-0.0392671
-0.0398403
-0.0404907
-0.0412257
-0.042051
-0.0429706
-0.0439868
-0.0451001
-0.0463095
-0.0476123
-0.049004
-0.0504786
-0.0520284
-0.053644
-0.0553142
-0.0570262
-0.0587654
-0.0605154
-0.062258
-0.0639733
-0.0656397
-0.0672339
-0.0687312
-0.0701053
-0.0713287
-0.0723726
-0.0732078
-0.0738041
-0.0741314
-0.0741596
-0.0738596
-0.0732034
-0.0721651
-0.0707219
-0.0688546
-0.0665492
-0.0637979
-0.060601
-0.0569681
-0.0529201
-0.0484915
-0.0437315
-0.0387063
-0.0335001
-0.0282151
-0.0229714
-0.0179038
-0.0131579
-0.00888298
-0.00522354
-0.00230872
-0.00024141
0.000911307
0.00112311
0.000412787
-0.00113518
-0.00341122
-0.00663316
-0.0109621
-0.0356682
-0.0364446
-0.0370677
-0.0375804
-0.0380392
-0.0384467
-0.0388085
-0.0391371
-0.0394477
-0.0397558
-0.040078
-0.0404301
-0.0408274
-0.0412837
-0.0418115
-0.042421
-0.0431212
-0.0439185
-0.0448178
-0.0458221
-0.0469324
-0.0481478
-0.0494658
-0.0508821
-0.0523905
-0.0539832
-0.0556504
-0.0573808
-0.0591611
-0.0609761
-0.062809
-0.0646409
-0.0664513
-0.0682178
-0.0699163
-0.0715211
-0.0730049
-0.0743392
-0.0754939
-0.0764384
-0.0771411
-0.0775701
-0.0776936
-0.0774803
-0.0768999
-0.075924
-0.0745267
-0.0726858
-0.0703837
-0.0676087
-0.0643567
-0.0606329
-0.0564538
-0.051849
-0.0468638
-0.041561
-0.0360228
-0.0303517
-0.0246708
-0.0191214
-0.0138599
-0.00905093
-0.00485829
-0.00143361
0.00109639
0.00264187
0.00315725
0.00264817
0.00119512
-0.00108947
-0.00443875
-0.00901947
-0.0380687
-0.038868
-0.0395055
-0.0400226
-0.0404754
-0.0408655
-0.0411981
-0.0414867
-0.0417478
-0.0419991
-0.0422592
-0.0425463
-0.042878
-0.0432704
-0.0437375
-0.0442917
-0.0449429
-0.0456991
-0.0465657
-0.0475464
-0.0486428
-0.0498541
-0.051178
-0.0526101
-0.0541441
-0.0557719
-0.0574836
-0.0592671
-0.0611089
-0.0629932
-0.0649026
-0.0668175
-0.0687168
-0.0705773
-0.0723739
-0.0740802
-0.0756678
-0.077107
-0.0783667
-0.079415
-0.0802187
-0.0807445
-0.0809587
-0.0808281
-0.0803204
-0.0794046
-0.0780521
-0.0762377
-0.0739403
-0.0711445
-0.0678421
-0.0640337
-0.059731
-0.0549588
-0.0497576
-0.044186
-0.0383231
-0.0322702
-0.0261516
-0.0201138
-0.0143225
-0.00895659
-0.00419916
-0.000225339
0.00281217
0.00479749
0.00566195
0.00539412
0.00406738
0.00179497
-0.00167344
-0.00651005
-0.0405199
-0.0413557
-0.0420164
-0.0425417
-0.0429887
-0.0433575
-0.0436536
-0.0438917
-0.0440902
-0.0442695
-0.0444511
-0.044656
-0.0449048
-0.0452158
-0.0456056
-0.0460883
-0.0466754
-0.047376
-0.0481967
-0.0491416
-0.0502127
-0.0514095
-0.0527296
-0.0541685
-0.0557198
-0.0573748
-0.0591234
-0.0609529
-0.0628493
-0.0647961
-0.0667753
-0.0687667
-0.0707481
-0.0726958
-0.0745838
-0.0763846
-0.0780689
-0.079606
-0.0809637
-0.0821085
-0.0830061
-0.0836217
-0.0839199
-0.0838657
-0.0834247
-0.0825637
-0.0812516
-0.0794602
-0.0771652
-0.0743478
-0.0709957
-0.067105
-0.0626826
-0.0577483
-0.0523375
-0.0465039
-0.0403224
-0.0338917
-0.027336
-0.0208047
-0.0144713
-0.00852751
-0.00317525
0.0013864
0.00497689
0.0074512
0.00871345
0.00873074
0.00756553
0.00532916
0.00175185
-0.00334419
-0.0430255
-0.043915
-0.0446093
-0.0451475
-0.0455884
-0.0459311
-0.0461813
-0.0463559
-0.046476
-0.0465654
-0.0466492
-0.0467522
-0.0468981
-0.0471085
-0.0474023
-0.047796
-0.0483026
-0.0489326
-0.0496934
-0.0505898
-0.0516239
-0.0527955
-0.0541021
-0.055539
-0.0570991
-0.0587737
-0.0605517
-0.0624202
-0.0643642
-0.0663668
-0.068409
-0.0704699
-0.0725266
-0.0745544
-0.0765264
-0.0784142
-0.0801875
-0.0818144
-0.0832616
-0.0844945
-0.0854775
-0.086174
-0.0865474
-0.0865608
-0.0861779
-0.0853634
-0.0840838
-0.0823083
-0.0800097
-0.0771655
-0.0737598
-0.0697846
-0.065242
-0.0601466
-0.0545286
-0.0484362
-0.0419395
-0.0351334
-0.02814
-0.0211104
-0.0142235
-0.00768228
-0.00170623
0.0034816
0.0076714
0.0106861
0.0123982
0.0127487
0.0117845
0.00961152
0.00593762
0.00057906
-0.0455925
-0.0465568
-0.0472975
-0.0478538
-0.0482876
-0.0485975
-0.0487901
-0.0488851
-0.0489076
-0.0488858
-0.0488494
-0.0488277
-0.0488483
-0.0489365
-0.0491141
-0.0493997
-0.0498084
-0.0503519
-0.0510384
-0.0518733
-0.0528589
-0.0539949
-0.0552785
-0.0567046
-0.0582657
-0.0599523
-0.0617527
-0.0636533
-0.0656384
-0.06769
-0.0697886
-0.0719122
-0.0740371
-0.0761376
-0.078186
-0.0801528
-0.0820067
-0.0837146
-0.0852422
-0.0865536
-0.0876118
-0.088379
-0.0888168
-0.0888869
-0.088551
-0.0877719
-0.0865138
-0.0847435
-0.0824309
-0.0795506
-0.0760829
-0.0720159
-0.0673471
-0.0620864
-0.0562583
-0.0499056
-0.0430929
-0.0359101
-0.0284764
-0.020942
-0.0134895
-0.00633123
0.0002975
0.00615022
0.010987
0.014596
0.0168142
0.0175506
0.0168316
0.0147533
0.0109974
0.00537336
-0.0482318
-0.0492969
-0.0500995
-0.0506793
-0.0511041
-0.0513721
-0.0514918
-0.0514872
-0.0513887
-0.0512304
-0.0510477
-0.0508752
-0.0507453
-0.0506874
-0.0507266
-0.050884
-0.0511765
-0.0516172
-0.052215
-0.0529755
-0.0539012
-0.0549915
-0.0562431
-0.0576502
-0.0592048
-0.0608966
-0.062713
-0.0646394
-0.0666592
-0.0687537
-0.0709022
-0.0730819
-0.0752681
-0.077434
-0.079551
-0.0815885
-0.0835141
-0.0852938
-0.0868918
-0.0882711
-0.0893934
-0.0902195
-0.0907095
-0.0908234
-0.0905213
-0.0897638
-0.0885133
-0.0867341
-0.0843935
-0.0814632
-0.0779202
-0.0737488
-0.0689425
-0.0635062
-0.0574592
-0.0508387
-0.0437033
-0.0361376
-0.0282561
-0.020207
-0.0121745
-0.00437764
0.00293409
0.00949202
0.0150258
0.0192867
0.0220717
0.0232524
0.0228283
0.0208807
0.0170596
0.0111669
-0.0509597
-0.0521578
-0.0530406
-0.0536495
-0.0540612
-0.0542747
-0.0543019
-0.0541727
-0.0539248
-0.0535998
-0.0532401
-0.0528869
-0.0525784
-0.0523482
-0.0522251
-0.052233
-0.0523906
-0.0527119
-0.0532065
-0.0538803
-0.0547353
-0.0557704
-0.0569818
-0.0583628
-0.0599043
-0.0615951
-0.0634216
-0.0653683
-0.0674173
-0.0695489
-0.0717414
-0.0739709
-0.0762117
-0.0784359
-0.0806138
-0.0827136
-0.084702
-0.0865436
-0.0882016
-0.0896376
-0.090812
-0.0916842
-0.0922128
-0.0923561
-0.0920725
-0.0913208
-0.0900613
-0.088256
-0.0858698
-0.0828716
-0.0792354
-0.074942
-0.0699809
-0.0643524
-0.058071
-0.0511681
-0.0436965
-0.0357346
-0.0273917
-0.0188125
-0.0101804
-0.00171952
0.00630908
0.013616
0.0199009
0.0248761
0.0282948
0.029985
0.0299125
0.0281369
0.0242701
0.0181045
-0.0537999
-0.0551708
-0.0561551
-0.0567982
-0.0571898
-0.0573313
-0.0572401
-0.0569548
-0.0565227
-0.0559948
-0.0554226
-0.0548548
-0.0543361
-0.0539051
-0.0535945
-0.0534307
-0.0534342
-0.0536198
-0.0539975
-0.0545727
-0.0553471
-0.0563188
-0.0574828
-0.0588314
-0.0603544
-0.0620391
-0.063871
-0.0658331
-0.0679064
-0.0700702
-0.0723013
-0.0745748
-0.0768639
-0.0791394
-0.0813706
-0.0835246
-0.0855666
-0.0874603
-0.0891675
-0.0906485
-0.0918624
-0.092767
-0.0933196
-0.0934767
-0.0931949
-0.0924313
-0.091144
-0.0892929
-0.0868405
-0.083753
-0.0800015
-0.0755634
-0.0704247
-0.0645814
-0.058043
-0.0508357
-0.0430062
-0.0346268
-0.0258008
-0.0166679
-0.00740955
0.00174777
0.0105334
0.0186394
0.0257358
0.0314951
0.0356227
0.0378966
0.0382409
0.0366854
0.0327957
0.0263512
-0.0567859
-0.0583787
-0.0594895
-0.0601702
-0.0605297
-0.0605747
-0.0603312
-0.0598498
-0.0591907
-0.058417
-0.0575907
-0.0567698
-0.0560061
-0.0553436
-0.0548188
-0.0544607
-0.054291
-0.0543251
-0.0545729
-0.0550391
-0.0557244
-0.0566256
-0.0577365
-0.0590478
-0.0605479
-0.0622228
-0.0640562
-0.06603
-0.0681238
-0.0703154
-0.0725804
-0.0748928
-0.0772242
-0.0795446
-0.0818218
-0.0840217
-0.0861084
-0.0880442
-0.0897897
-0.0913038
-0.0925441
-0.0934671
-0.0940283
-0.0941826
-0.0938849
-0.0930904
-0.0917549
-0.0898363
-0.0872947
-0.0840936
-0.0802012
-0.0755919
-0.0702477
-0.064161
-0.0573365
-0.0497951
-0.0415777
-0.0327502
-0.0234094
-0.0136894
-0.00376793
0.00612802
0.0157207
0.0246854
0.0326638
0.0392878
0.0442109
0.0471547
0.0479923
0.0467141
0.0428279
0.0360954
-0.0599648
-0.0618403
-0.0631061
-0.0638246
-0.0641328
-0.0640469
-0.0636061
-0.0628778
-0.061939
-0.0608678
-0.0597393
-0.0586218
-0.0575747
-0.0566478
-0.0558812
-0.055306
-0.0549447
-0.0548127
-0.054919
-0.0552673
-0.0558565
-0.0566819
-0.0577355
-0.0590062
-0.0604807
-0.0621431
-0.0639756
-0.0659585
-0.0680697
-0.0702857
-0.0725808
-0.0749273
-0.0772958
-0.0796549
-0.081971
-0.084209
-0.0863316
-0.0882996
-0.0900725
-0.0916076
-0.0928613
-0.0937882
-0.0943425
-0.0944772
-0.0941453
-0.0932999
-0.0918951
-0.0898861
-0.0872306
-0.0838896
-0.0798282
-0.0750176
-0.0694364
-0.0630728
-0.055927
-0.0480147
-0.0393709
-0.0300551
-0.0201571
-0.00980466
0.000829358
0.0115194
0.0219827
0.0318801
0.0408261
0.0484108
0.0542326
0.057949
0.0593722
0.0584408
0.0545895
0.0475555
-0.0634028
-0.0656362
-0.0670886
-0.0678391
-0.0680655
-0.0678002
-0.0671023
-0.0660622
-0.0647787
-0.0633486
-0.061862
-0.0603987
-0.0590265
-0.0578006
-0.0567641
-0.0559495
-0.0553793
-0.0550681
-0.0550232
-0.0552465
-0.0557348
-0.0564811
-0.0574751
-0.0587037
-0.0601513
-0.0618002
-0.0636306
-0.065621
-0.0677477
-0.0699856
-0.0723074
-0.0746841
-0.0770849
-0.079477
-0.0818255
-0.0840939
-0.0862437
-0.0882344
-0.0900239
-0.0915682
-0.0928221
-0.0937388
-0.0942705
-0.0943686
-0.0939842
-0.0930682
-0.0915724
-0.0894498
-0.0866553
-0.0831471
-0.0788873
-0.0738437
-0.0679911
-0.0613136
-0.0538066
-0.0454804
-0.0363642
-0.0265105
-0.0160019
-0.0049587
0.0064522
0.0180084
0.0294242
0.0403479
0.050368
0.0590323
0.0658796
0.0704951
0.0726181
0.0721202
0.0683426
0.0609868
-0.0671923
-0.0698772
-0.0715501
-0.0723163
-0.0724132
-0.0719001
-0.070865
-0.0694299
-0.0677214
-0.0658589
-0.0639497
-0.062086
-0.0603437
-0.0587827
-0.0574483
-0.0563731
-0.0555785
-0.0550772
-0.0548739
-0.0549677
-0.0553526
-0.0560188
-0.0569531
-0.05814
-0.0595613
-0.061197
-0.0630255
-0.0650229
-0.0671642
-0.0694222
-0.0717683
-0.0741719
-0.0766007
-0.0790205
-0.0813952
-0.0836868
-0.0858556
-0.0878595
-0.0896552
-0.0911973
-0.0924387
-0.0933313
-0.0938254
-0.0938705
-0.0934157
-0.0924099
-0.0908023
-0.0885433
-0.0855852
-0.081883
-0.0773955
-0.0720868
-0.0659276
-0.0588973
-0.0509864
-0.0421994
-0.0325587
-0.0221093
-0.010926
0.000879501
0.0131479
0.0256617
0.0381346
0.0502043
0.0614344
0.0713289
0.0793621
0.0850373
0.0880063
0.0880545
0.0844005
0.0766936
-0.0714636
-0.0747167
-0.0766432
-0.0773908
-0.0772847
-0.0764267
-0.0749472
-0.0730105
-0.0707778
-0.0683954
-0.0659895
-0.0636648
-0.0615045
-0.0595718
-0.0579124
-0.0565574
-0.0555257
-0.0548263
-0.0544604
-0.0544232
-0.0547051
-0.0552927
-0.0561696
-0.0573171
-0.0587144
-0.0603391
-0.062167
-0.0641724
-0.0663282
-0.0686055
-0.070974
-0.0734017
-0.0758547
-0.0782975
-0.0806926
-0.0830007
-0.0851806
-0.087189
-0.088981
-0.0905098
-0.0917269
-0.0925822
-0.0930245
-0.0930014
-0.0924597
-0.091346
-0.0896073
-0.087191
-0.0840465
-0.0801253
-0.0753827
-0.0697784
-0.0632786
-0.0558576
-0.0474998
-0.0382031
-0.0279823
-0.0168739
-0.0049429
0.00770887
0.020932
0.0345164
0.0481779
0.0615461
0.0741607
0.0854803
0.0949082
0.101853
0.105862
0.106608
0.103145
0.0950456
-0.0764019
-0.0803686
-0.0825758
-0.0832402
-0.0828177
-0.081477
-0.079409
-0.0768334
-0.0739544
-0.0709485
-0.0679616
-0.0651099
-0.0624817
-0.0601411
-0.0581318
-0.056481
-0.0552028
-0.0543013
-0.0537723
-0.0536062
-0.0537887
-0.0543021
-0.0551264
-0.0562392
-0.0576169
-0.0592341
-0.0610643
-0.0630796
-0.0652508
-0.0675474
-0.0699373
-0.0723869
-0.0748609
-0.0773225
-0.0797327
-0.082051
-0.0842347
-0.0862394
-0.0880186
-0.0895241
-0.0907058
-0.0915122
-0.09189
-0.0917849
-0.0911418
-0.0899048
-0.0880181
-0.0854265
-0.082076
-0.0779144
-0.0728927
-0.0669662
-0.0600957
-0.0522493
-0.0434045
-0.0335511
-0.0226948
-0.0108616
0.00189542
0.0154872
0.0297774
0.0445673
0.0595788
0.0744373
0.0886606
0.10166
0.112759
0.121256
0.126569
0.128224
0.125053
0.116504
-0.0822737
-0.087135
-0.0896323
-0.0900975
-0.0891845
-0.0871646
-0.0843141
-0.0809237
-0.0772485
-0.0734973
-0.0698348
-0.0663855
-0.0632391
-0.0604566
-0.0580763
-0.0561183
-0.0545895
-0.0534866
-0.0527988
-0.05251
-0.0526005
-0.0530475
-0.0538267
-0.054912
-0.0562763
-0.0578914
-0.0597281
-0.0617564
-0.0639451
-0.0662617
-0.0686725
-0.0711425
-0.0736351
-0.0761117
-0.0785325
-0.0808554
-0.0830366
-0.0850302
-0.0867886
-0.0882621
-0.0893991
-0.0901464
-0.0904491
-0.090251
-0.0894946
-0.0881219
-0.0860744
-0.0832936
-0.0797222
-0.0753039
-0.0699854
-0.0637163
-0.0564514
-0.0481515
-0.0387861
-0.028335
-0.0167924
-0.00417127
0.00949052
0.024121
0.0396018
0.0557516
0.0723052
0.0888901
0.105007
0.120018
0.133159
0.143597
0.150586
0.153459
0.150734
0.141662
-0.0894708
-0.0954483
-0.0982036
-0.0982668
-0.0965951
-0.0936161
-0.0897219
-0.0852921
-0.0806385
-0.0760013
-0.0715594
-0.0674395
-0.0637267
-0.0604734
-0.0577072
-0.0554376
-0.0536608
-0.0523637
-0.051527
-0.0511269
-0.0511371
-0.0515293
-0.0522742
-0.0533416
-0.054701
-0.0563211
-0.0581702
-0.0602158
-0.0624249
-0.0647632
-0.0671955
-0.0696852
-0.0721944
-0.0746834
-0.0771109
-0.0794339
-0.0816072
-0.0835839
-0.085315
-0.0867495
-0.0878346
-0.0885153
-0.0887352
-0.0884361
-0.0875586
-0.0860423
-0.0838258
-0.0808478
-0.0770469
-0.0723631
-0.0667375
-0.0601142
-0.0524409
-0.04367
-0.0337609
-0.0226817
-0.0104126
0.00305053
0.0176894
0.0334548
0.0502538
0.0679315
0.086246
0.104839
0.123203
0.140657
0.15634
0.169257
0.178458
0.183013
0.180991
0.171313
-0.0985832
-0.105937
-0.108829
-0.108139
-0.105296
-0.100959
-0.0956715
-0.0899182
-0.0840683
-0.0783864
-0.0730554
-0.0681943
-0.0638738
-0.0601299
-0.0569732
-0.0543974
-0.0523844
-0.0509087
-0.0499403
-0.0494465
-0.0493935
-0.0497467
-0.0504717
-0.051534
-0.0528994
-0.0545336
-0.0564023
-0.0584711
-0.0607048
-0.0630676
-0.0655228
-0.0680325
-0.0705576
-0.0730573
-0.0754891
-0.077809
-0.0799709
-0.0819266
-0.0836261
-0.0850172
-0.0860458
-0.0866556
-0.0867887
-0.0863851
-0.0853835
-0.0837211
-0.081334
-0.0781576
-0.0741271
-0.0691776
-0.0632453
-0.0562677
-0.0481845
-0.0389388
-0.0284783
-0.016757
-0.00373767
0.0106046
0.0262769
0.0432607
0.0614981
0.0808737
0.101185
0.122108
0.143146
0.16359
0.182479
0.198632
0.210831
0.217788
0.216912
0.206566
-0.110532
-0.119533
-0.122251
-0.120204
-0.115555
-0.109292
-0.10215
-0.0947208
-0.0874217
-0.0805244
-0.074197
-0.0685344
-0.0635796
-0.0593412
-0.055805
-0.0529428
-0.0507181
-0.0490903
-0.0480166
-0.0474544
-0.0473615
-0.0476968
-0.0484204
-0.0494936
-0.0508787
-0.0525384
-0.0544362
-0.0565355
-0.0587995
-0.061191
-0.0636719
-0.0662034
-0.0687451
-0.0712553
-0.0736908
-0.0760065
-0.0781555
-0.0800887
-0.0817551
-0.0831017
-0.0840731
-0.0846121
-0.0846591
-0.0841528
-0.0830301
-0.081226
-0.0786742
-0.0753071
-0.0710562
-0.0658522
-0.0596256
-0.0523073
-0.0438285
-0.0341218
-0.0231218
-0.0107662
0.00300282
0.0182356
0.0349712
0.0532303
0.073003
0.0942304
0.116774
0.140371
0.164573
0.188678
0.211644
0.232087
0.248451
0.258946
0.260018
0.249057
-0.126817
-0.137641
-0.139481
-0.135042
-0.127616
-0.118634
-0.109036
-0.0995098
-0.0904841
-0.0822032
-0.0747904
-0.0682914
-0.0627027
-0.0579921
-0.0541107
-0.0510023
-0.0486077
-0.0468682
-0.0457273
-0.0451312
-0.0450292
-0.0453735
-0.0461191
-0.0472231
-0.0486446
-0.050344
-0.0522824
-0.0544216
-0.0567234
-0.0591496
-0.0616609
-0.0642177
-0.0667787
-0.0693017
-0.0717427
-0.0740558
-0.0761935
-0.0781061
-0.079742
-0.0810471
-0.0819654
-0.0824386
-0.0824062
-0.0818056
-0.080572
-0.0786387
-0.0759371
-0.0723968
-0.0679459
-0.0625108
-0.0560167
-0.0483874
-0.0395454
-0.0294123
-0.0179085
-0.00495347
0.00953365
0.0256332
0.0434224
0.0629709
0.0843312
0.107522
0.132499
0.159105
0.186998
0.215545
0.243692
0.269872
0.292127
0.307986
0.312482
0.301333
-0.150027
-0.162411
-0.161856
-0.153261
-0.141594
-0.128808
-0.11601
-0.103912
-0.0928874
-0.0830895
-0.0745491
-0.0672278
-0.0610518
-0.0559315
-0.0517734
-0.0484867
-0.0459862
-0.0441934
-0.0430371
-0.0424525
-0.0423806
-0.0427676
-0.0435637
-0.0447228
-0.0462011
-0.0479569
-0.0499501
-0.0521411
-0.0544907
-0.0569598
-0.0595087
-0.0620969
-0.0646829
-0.0672238
-0.0696752
-0.071991
-0.0741231
-0.0760215
-0.077634
-0.0789061
-0.0797812
-0.0802003
-0.0801021
-0.079423
-0.078097
-0.076056
-0.0732295
-0.0695447
-0.0649265
-0.0592976
-0.0525778
-0.0446845
-0.0355318
-0.0250299
-0.0130848
0.000402933
0.0155393
0.0324373
0.0512181
0.0720088
0.0949388
0.120128
0.147661
0.177544
0.209622
0.24345
0.278088
0.311931
0.342599
0.366766
0.377477
0.367633
-0.18489
-0.19716
-0.190979
-0.175273
-0.157233
-0.139235
-0.122383
-0.107255
-0.094033
-0.0826806
-0.0730666
-0.0650238
-0.0583797
-0.0529711
-0.0486511
-0.04529
-0.0427751
-0.0410082
-0.0399042
-0.0393884
-0.039395
-0.0398653
-0.0407462
-0.0419889
-0.043548
-0.0453808
-0.047446
-0.0497035
-0.0521137
-0.0546371
-0.0572337
-0.0598629
-0.0624831
-0.0650511
-0.0675225
-0.069851
-0.0719884
-0.0738844
-0.0754868
-0.0767408
-0.0775895
-0.0779736
-0.0778313
-0.0770983
-0.0757079
-0.0735909
-0.0706752
-0.0668862
-0.0621464
-0.0563749
-0.0494874
-0.0413953
-0.0320047
-0.0212157
-0.00892045
0.0049991
0.0206737
0.0382504
0.0578962
0.079802
0.104185
0.131286
0.161358
0.194633
0.23125
0.271119
0.313667
0.357503
0.400148
0.437342
0.459598
0.455292
-0.240273
-0.246858
-0.228429
-0.200837
-0.173487
-0.148614
-0.126892
-0.108445
-0.0930345
-0.0802872
-0.0698218
-0.0612927
-0.0544031
-0.0489051
-0.0445948
-0.0413047
-0.0388966
-0.0372563
-0.0362878
-0.0359096
-0.0360515
-0.0366522
-0.037657
-0.0390161
-0.0406839
-0.0426172
-0.044775
-0.0471171
-0.0496042
-0.0521969
-0.0548555
-0.0575396
-0.0602078
-0.0628171
-0.0653232
-0.0676801
-0.0698396
-0.0717518
-0.0733643
-0.0746226
-0.0754697
-0.0758462
-0.0756902
-0.0749372
-0.0735201
-0.0713688
-0.0684107
-0.0645696
-0.0597663
-0.0539174
-0.046935
-0.0387258
-0.0291898
-0.0182181
-0.00569105
0.00852561
0.0245852
0.042666
0.0629793
0.0857792
0.111374
0.140139
0.172523
0.209046
0.250257
0.296633
0.34833
0.404765
0.464024
0.52141
0.564966
0.57661
-0.333014
-0.318364
-0.275146
-0.228625
-0.188247
-0.154799
-0.127715
-0.106078
-0.0888721
-0.0751988
-0.0643359
-0.0557211
-0.0489229
-0.0436116
-0.0395338
-0.036493
-0.0343346
-0.032935
-0.0321936
-0.032027
-0.0323644
-0.0331449
-0.0343144
-0.0358243
-0.0376299
-0.0396892
-0.0419619
-0.044409
-0.046992
-0.0496721
-0.0524104
-0.0551671
-0.0579012
-0.0605706
-0.0631313
-0.0655377
-0.0677422
-0.0696951
-0.0713444
-0.0726361
-0.0735133
-0.0739169
-0.0737852
-0.0730539
-0.0716556
-0.0695205
-0.0665751
-0.0627429
-0.0579434
-0.0520919
-0.0450981
-0.0368657
-0.0272901
-0.0162564
-0.0036361
0.0107171
0.0269739
0.0453374
0.0660553
0.0894361
0.115871
0.145864
0.180068
0.219326
0.264708
0.317491
0.379049
0.450529
0.531886
0.619391
0.700964
0.751882
-0.501617
-0.419634
-0.327908
-0.253697
-0.19685
-0.154036
-0.122171
-0.0983884
-0.0804446
-0.0667588
-0.0562359
-0.0481107
-0.0418451
-0.0370561
-0.0334663
-0.0308701
-0.0291117
-0.0280695
-0.027647
-0.0277649
-0.0283566
-0.029365
-0.0307395
-0.0324344
-0.0344077
-0.0366195
-0.0390316
-0.0416066
-0.0443073
-0.0470965
-0.0499363
-0.0527878
-0.0556111
-0.0583648
-0.0610058
-0.0634891
-0.0657678
-0.0677928
-0.0695128
-0.0708742
-0.0718208
-0.0722939
-0.0722322
-0.0715719
-0.070246
-0.0681847
-0.065315
-0.0615601
-0.0568396
-0.0510681
-0.0441547
-0.0360015
-0.0265022
-0.0155388
-0.00297857
0.0113311
0.02757
0.0459553
0.0667559
0.0903141
0.117077
0.147642
0.182827
0.223773
0.272084
0.330011
0.400677
0.488186
0.596493
0.726648
0.877357
1.02573
-0.850633
-0.553
-0.361291
-0.2534
-0.183278
-0.135609
-0.103273
-0.0808402
-0.0647449
-0.0528912
-0.0440126
-0.0373025
-0.0322325
-0.028448
-0.0257029
-0.0238203
-0.0226685
-0.0221461
-0.0221723
-0.0226809
-0.0236155
-0.0249273
-0.0265725
-0.0285108
-0.0307047
-0.0331179
-0.0357155
-0.0384626
-0.0413244
-0.0442654
-0.0472497
-0.0502397
-0.053197
-0.0560812
-0.0588505
-0.0614608
-0.0638663
-0.0660188
-0.0678677
-0.0693603
-0.0704411
-0.0710524
-0.0711336
-0.0706213
-0.0694496
-0.0675493
-0.0648481
-0.06127
-0.0567354
-0.0511596
-0.0444527
-0.0365179
-0.0272498
-0.0165319
-0.00423307
0.00979734
0.0257367
0.0437991
0.0642504
0.0874305
0.113787
0.143928
0.178711
0.219381
0.267822
0.326983
0.401669
0.499733
0.632382
0.816577
1.09968
1.50767
-1.48534
-0.683429
-0.324174
-0.193719
-0.128193
-0.0889129
-0.065123
-0.0500059
-0.039649
-0.0321659
-0.026611
-0.0224519
-0.0193666
-0.0171506
-0.0156652
-0.0148103
-0.0145096
-0.0147019
-0.0153364
-0.0163688
-0.0177601
-0.0194743
-0.021478
-0.023739
-0.0262264
-0.0289093
-0.0317571
-0.0347387
-0.0378225
-0.0409756
-0.0441644
-0.0473537
-0.0505065
-0.0535844
-0.0565469
-0.0593515
-0.0619535
-0.0643059
-0.0663595
-0.0680623
-0.0693602
-0.0701962
-0.0705108
-0.0702421
-0.0693248
-0.0676909
-0.0652695
-0.0619861
-0.0577626
-0.0525165
-0.0461605
-0.0386011
-0.029737
-0.0194574
-0.00763902
0.00585848
0.0211978
0.0385725
0.058219
0.0804341
0.105603
0.13424
0.167063
0.205119
0.250022
0.304455
0.373324
0.466399
0.60347
0.832749
1.31078
2.23471
)
;

boundaryField
{
    movingWall
    {
        type            zeroGradient;
    }
    fixedWalls
    {
        type            zeroGradient;
    }
    frontAndBack
    {
        type            empty;
    }
}


// ************************************************************************* //
