/*--------------------------------*- C++ -*----------------------------------*\
  =========                 |
  \\      /  F ield         | OpenFOAM: The Open Source CFD Toolbox
   \\    /   O peration     | Website:  https://openfoam.org
    \\  /    A nd           | Version:  dev
     \\/     M anipulation  |
\*---------------------------------------------------------------------------*/
FoamFile
{
    format      ascii;
    class       volScalarField;
    location    "39.6";
    object      Ux;
}
// * * * * * * * * * * * * * * * * * * * * * * * * * * * * * * * * * * * * * //

dimensions      [0 1 -1 0 0 0 0];

internalField   nonuniform List<scalar> 
5184
(
1.23278e-05
4.51793e-05
8.03595e-05
9.60328e-05
8.22119e-05
3.65157e-05
-4.05092e-05
-0.000146843
-0.000279693
-0.000436001
-0.000612645
-0.000806592
-0.00101497
-0.00123512
-0.00146457
-0.00170108
-0.00194256
-0.0021871
-0.00243291
-0.00267832
-0.00292171
-0.00316153
-0.00339624
-0.00362432
-0.00384424
-0.00405447
-0.00425343
-0.00443957
-0.0046113
-0.00476705
-0.00490524
-0.00502436
-0.00512295
-0.00519963
-0.00525313
-0.00528235
-0.00528634
-0.00526436
-0.00521593
-0.0051408
-0.00503905
-0.00491105
-0.0047575
-0.00457946
-0.00437833
-0.00415588
-0.00391418
-0.00365568
-0.0033831
-0.00309945
-0.00280795
-0.00251205
-0.00221531
-0.00192139
-0.00163396
-0.00135667
-0.00109305
-0.000846469
-0.000620082
-0.000416739
-0.000238937
-8.87545e-05
3.22209e-05
0.000122975
0.000183176
0.000213328
0.000215018
0.000191299
0.000147202
9.0825e-05
3.66384e-05
6.22832e-06
2.08536e-05
6.56541e-05
9.47776e-05
7.28929e-05
-1.88439e-05
-0.000187251
-0.000432912
-0.000752611
-0.0011408
-0.0015907
-0.00209496
-0.00264613
-0.0032369
-0.00386028
-0.00450965
-0.00517882
-0.00586199
-0.00655371
-0.00724885
-0.00794252
-0.00863001
-0.00930678
-0.00996835
-0.0106103
-0.0112282
-0.0118177
-0.0123743
-0.0128936
-0.0133713
-0.013803
-0.0141845
-0.0145116
-0.0147805
-0.0149875
-0.0151294
-0.0152032
-0.0152067
-0.0151382
-0.0149963
-0.0147808
-0.0144921
-0.0141314
-0.0137008
-0.0132033
-0.012643
-0.0120246
-0.0113539
-0.0106376
-0.00988294
-0.00909816
-0.00829191
-0.00747337
-0.00665209
-0.0058378
-0.00504028
-0.00426922
-0.00353398
-0.00284349
-0.00220605
-0.00162911
-0.00111917
-0.000681517
-0.000320069
-3.71084e-05
0.000166999
0.000294177
0.000349178
0.000340276
0.000279969
0.000186116
8.63977e-05
1.96866e-05
1.76449e-05
4.13626e-05
1.96547e-05
-8.39393e-05
-0.000290212
-0.000607916
-0.00103831
-0.00157759
-0.00221859
-0.0029521
-0.00376787
-0.00465516
-0.00560326
-0.0066017
-0.00764043
-0.00870987
-0.00980096
-0.0109051
-0.012014
-0.0131199
-0.0142152
-0.0152925
-0.0163446
-0.0173644
-0.0183447
-0.0192785
-0.0201588
-0.0209786
-0.0217311
-0.0224094
-0.0230071
-0.0235177
-0.0239354
-0.0242548
-0.0244708
-0.0245793
-0.0245769
-0.0244611
-0.0242303
-0.0238843
-0.0234239
-0.0228512
-0.0221697
-0.0213842
-0.020501
-0.0195277
-0.0184733
-0.0173479
-0.016163
-0.0149309
-0.0136651
-0.0123796
-0.0110888
-0.00980766
-0.00855106
-0.0073337
-0.00616982
-0.00507296
-0.00405567
-0.00312923
-0.00230336
-0.00158596
-0.000982781
-0.000497041
-0.000129051
0.00012426
0.000269991
0.000319997
0.000291418
0.00020749
0.000102491
2.49854e-05
8.84657e-06
-6.98883e-06
-0.000107553
-0.000322354
-0.000669641
-0.00115783
-0.00178766
-0.00255437
-0.00344941
-0.00446176
-0.00557892
-0.0067877
-0.00807467
-0.00942658
-0.0108305
-0.0122741
-0.0137453
-0.0152328
-0.0167257
-0.0182133
-0.0196855
-0.0211324
-0.022544
-0.0239108
-0.0252233
-0.0264719
-0.0276474
-0.0287404
-0.0297418
-0.0306427
-0.0314346
-0.0321093
-0.0326591
-0.033077
-0.0333568
-0.0334933
-0.0334821
-0.0333203
-0.0330062
-0.0325396
-0.0319218
-0.0311559
-0.0302466
-0.0292004
-0.0280256
-0.0267322
-0.0253319
-0.023838
-0.0222654
-0.0206302
-0.0189496
-0.0172417
-0.0155254
-0.0138198
-0.012144
-0.0105172
-0.00895761
-0.00748268
-0.00610855
-0.00484974
-0.00371872
-0.00272563
-0.00187777
-0.00117929
-0.000630649
-0.000228138
3.67222e-05
0.000177835
0.000214934
0.000174194
9.30718e-05
2.40367e-05
-2.12083e-06
-6.72853e-05
-0.00026412
-0.000609828
-0.00111691
-0.00179158
-0.00263285
-0.00363435
-0.00478594
-0.00607491
-0.0074869
-0.00900666
-0.0106186
-0.0123071
-0.014057
-0.0158533
-0.0176818
-0.0195285
-0.0213801
-0.0232237
-0.0250466
-0.0268365
-0.0285814
-0.0302693
-0.0318884
-0.033427
-0.0348738
-0.0362174
-0.0374466
-0.0385507
-0.0395194
-0.0403429
-0.0410121
-0.0415186
-0.0418552
-0.0420157
-0.0419952
-0.0417905
-0.0413996
-0.0408226
-0.0400613
-0.0391197
-0.0380034
-0.0367206
-0.0352813
-0.0336975
-0.0319834
-0.0301549
-0.0282298
-0.0262274
-0.0241682
-0.0220739
-0.019967
-0.0178701
-0.0158064
-0.0137983
-0.0118678
-0.0100356
-0.00832114
-0.00674164
-0.00531207
-0.00404456
-0.00294798
-0.00202748
-0.00128398
-0.000713725
-0.000307715
-5.11732e-05
7.67885e-05
0.000103683
6.75471e-05
1.96744e-05
-1.36944e-05
-0.000132846
-0.000435884
-0.000924784
-0.00160418
-0.00247664
-0.00353833
-0.00478053
-0.00619116
-0.0077557
-0.009458
-0.011281
-0.0132072
-0.0152191
-0.0172994
-0.0194311
-0.0215979
-0.0237837
-0.025973
-0.0281508
-0.0303023
-0.0324131
-0.0344691
-0.0364562
-0.0383607
-0.040169
-0.0418676
-0.0434434
-0.0448836
-0.0461757
-0.0473079
-0.048269
-0.0490485
-0.0496371
-0.0500266
-0.0502101
-0.0501821
-0.049939
-0.049479
-0.0488022
-0.0479111
-0.04681
-0.0455059
-0.0440079
-0.0423277
-0.0404791
-0.0384782
-0.0363434
-0.0340948
-0.0317544
-0.0293457
-0.0268934
-0.0244229
-0.0219604
-0.019532
-0.0171635
-0.01488
-0.0127052
-0.0106613
-0.00876816
-0.00704309
-0.00550018
-0.00414989
-0.00299858
-0.00204803
-0.00129497
-0.000730607
-0.00034021
-0.000102813
9.22983e-06
3.25323e-05
1.36291e-05
-2.51887e-05
-0.000200044
-0.000614188
-0.00125314
-0.00211244
-0.00318993
-0.00447805
-0.00596507
-0.0076365
-0.00947577
-0.0114649
-0.0135851
-0.0158171
-0.0181417
-0.0205397
-0.0229926
-0.025482
-0.0279902
-0.0304997
-0.0329936
-0.0354553
-0.0378685
-0.0402172
-0.0424856
-0.0446581
-0.0467193
-0.0486542
-0.050448
-0.0520862
-0.053555
-0.0548411
-0.0559321
-0.0568165
-0.0574839
-0.0579253
-0.058133
-0.0581014
-0.0578264
-0.0573061
-0.0565408
-0.0555332
-0.0542883
-0.0528139
-0.0511202
-0.04922
-0.0471287
-0.0448641
-0.0424464
-0.039898
-0.0372432
-0.0345079
-0.0317195
-0.0289062
-0.026097
-0.0233209
-0.0206066
-0.017982
-0.0154738
-0.0131067
-0.0109031
-0.00888257
-0.00706124
-0.00545135
-0.00406074
-0.0028924
-0.00194405
-0.00120773
-0.000669507
-0.000309146
-9.98066e-05
-7.6872e-06
6.86748e-06
-3.6346e-05
-0.000266992
-0.000793906
-0.00158596
-0.00262898
-0.00391542
-0.00543331
-0.00716735
-0.00910022
-0.011213
-0.0134859
-0.0158981
-0.0184288
-0.0210572
-0.0237626
-0.0265247
-0.0293238
-0.0321403
-0.0349554
-0.0377503
-0.0405069
-0.0432072
-0.0458337
-0.0483688
-0.0507953
-0.0530965
-0.0552556
-0.0572565
-0.0590833
-0.0607209
-0.0621548
-0.0633714
-0.0643583
-0.0651041
-0.065599
-0.0658349
-0.0658055
-0.0655065
-0.0649359
-0.0640939
-0.0629835
-0.0616102
-0.0599822
-0.0581105
-0.0560091
-0.0536944
-0.0511857
-0.0485049
-0.0456762
-0.0427257
-0.0396818
-0.036574
-0.0334331
-0.0302906
-0.0271783
-0.0241275
-0.021169
-0.0183319
-0.0156438
-0.0131295
-0.0108108
-0.00870628
-0.00682997
-0.00519154
-0.00379559
-0.00264128
-0.00172201
-0.00102522
-0.000532064
-0.000217183
-5.04424e-05
-7.90506e-08
-4.70696e-05
-0.000332706
-0.000972041
-0.00191761
-0.0031454
-0.00464205
-0.00639074
-0.00837218
-0.0105659
-0.0129504
-0.0155035
-0.018203
-0.0210262
-0.0239507
-0.0269545
-0.0300159
-0.0331136
-0.0362268
-0.0393352
-0.0424186
-0.0454575
-0.0484325
-0.0513245
-0.0541147
-0.0567845
-0.0593157
-0.0616902
-0.0638906
-0.0658998
-0.0677014
-0.06928
-0.0706209
-0.0717107
-0.0725371
-0.0730898
-0.0733599
-0.0733406
-0.0730272
-0.0724174
-0.0715114
-0.0703122
-0.0688255
-0.06706
-0.0650271
-0.0627415
-0.0602207
-0.0574852
-0.0545579
-0.0514648
-0.0482338
-0.0448949
-0.0414801
-0.0380223
-0.0345555
-0.0311139
-0.0277315
-0.0244418
-0.0212767
-0.0182662
-0.015438
-0.0128163
-0.0104219
-0.00827138
-0.00637634
-0.00474339
-0.00337356
-0.00226207
-0.00139821
-0.000764993
-0.000338994
-9.41736e-05
-6.9401e-06
-5.73476e-05
-0.000396704
-0.00114685
-0.00224458
-0.00365613
-0.00536216
-0.00734075
-0.00956832
-0.0120209
-0.0146743
-0.0175042
-0.0204861
-0.0235958
-0.0268095
-0.0301039
-0.0334558
-0.0368427
-0.0402427
-0.0436341
-0.0469957
-0.0503065
-0.0535461
-0.0566941
-0.0597304
-0.0626352
-0.0653891
-0.0679729
-0.070368
-0.0725562
-0.07452
-0.076243
-0.0777095
-0.0789052
-0.0798171
-0.080434
-0.0807464
-0.0807468
-0.0804301
-0.0797936
-0.0788373
-0.0775639
-0.0759792
-0.0740919
-0.0719139
-0.0694602
-0.0667491
-0.0638018
-0.0606425
-0.0572983
-0.0537987
-0.0501755
-0.0464625
-0.0426949
-0.0389088
-0.0351411
-0.0314284
-0.0278068
-0.024311
-0.0209739
-0.0178259
-0.014894
-0.0122016
-0.00976779
-0.00760676
-0.00572742
-0.00413305
-0.00282106
-0.00178299
-0.00100406
-0.000463023
-0.000138063
-1.35998e-05
-6.71976e-05
-0.000458759
-0.00131733
-0.00256464
-0.00415743
-0.00607041
-0.0082764
-0.0107474
-0.0134558
-0.0163745
-0.0194767
-0.0227359
-0.0261264
-0.0296228
-0.0332004
-0.036835
-0.0405029
-0.0441811
-0.0478469
-0.0514779
-0.0550523
-0.0585484
-0.0619448
-0.0652204
-0.0683543
-0.0713261
-0.0741156
-0.076703
-0.0790692
-0.0811958
-0.0830654
-0.0846613
-0.0859683
-0.0869727
-0.0876624
-0.0880271
-0.0880587
-0.0877514
-0.087102
-0.08611
-0.0847777
-0.0831107
-0.0811176
-0.0788102
-0.076204
-0.0733173
-0.0701722
-0.0667936
-0.0632097
-0.0594513
-0.0555518
-0.0515468
-0.0474734
-0.0433702
-0.0392765
-0.0352316
-0.0312744
-0.0274425
-0.0237718
-0.0202957
-0.0170443
-0.014044
-0.0113168
-0.00887957
-0.00674404
-0.00491608
-0.00339569
-0.0021769
-0.0012474
-0.000588257
-0.000181784
-2.00315e-05
-7.66438e-05
-0.000518768
-0.00148289
-0.00287636
-0.00464678
-0.00676298
-0.00919257
-0.011903
-0.014863
-0.0180424
-0.0214119
-0.0249431
-0.0286083
-0.032381
-0.0362349
-0.040145
-0.0440865
-0.0480354
-0.051968
-0.0558611
-0.0596921
-0.0634382
-0.0670772
-0.0705872
-0.0739464
-0.0771332
-0.0801267
-0.0829062
-0.0854518
-0.0877439
-0.0897643
-0.0914955
-0.0929214
-0.0940273
-0.0948003
-0.0952292
-0.0953051
-0.0950215
-0.0943743
-0.0933623
-0.0919874
-0.0902545
-0.0881719
-0.0857511
-0.0830075
-0.0799597
-0.0766299
-0.0730438
-0.0692302
-0.0652213
-0.0610516
-0.0567586
-0.0523815
-0.047961
-0.0435389
-0.0391574
-0.0348583
-0.0306824
-0.0266689
-0.0228544
-0.0192724
-0.0159526
-0.0129203
-0.0101956
-0.00779333
-0.0057223
-0.00398538
-0.0025794
-0.00149465
-0.000714539
-0.000225337
-2.62615e-05
-8.57074e-05
-0.000576678
-0.00164314
-0.00317874
-0.00512234
-0.00743706
-0.0100853
-0.0130302
-0.0162365
-0.0196711
-0.0233022
-0.0270993
-0.0310331
-0.0350754
-0.039199
-0.0433777
-0.0475858
-0.0517985
-0.0559913
-0.0601403
-0.064222
-0.068213
-0.0720903
-0.0758312
-0.0794132
-0.0828139
-0.0860116
-0.0889849
-0.0917127
-0.094175
-0.0963524
-0.0982267
-0.0997808
-0.100999
-0.101868
-0.102374
-0.102509
-0.102265
-0.101636
-0.100621
-0.0992212
-0.0974396
-0.0952845
-0.0927668
-0.0899014
-0.0867068
-0.0832053
-0.0794229
-0.0753891
-0.0711368
-0.0667021
-0.0621239
-0.0574433
-0.0527036
-0.0479489
-0.0432245
-0.0385753
-0.0340454
-0.0296777
-0.0255124
-0.0215868
-0.0179342
-0.0145837
-0.011559
-0.00887837
-0.00655391
-0.00459169
-0.00299157
-0.00174653
-0.000842316
-0.000268942
-3.23482e-05
-9.44035e-05
-0.000632453
-0.0017978
-0.00347105
-0.0055827
-0.00809039
-0.0109515
-0.0141247
-0.0175713
-0.0212548
-0.025141
-0.0291974
-0.033393
-0.0376982
-0.0420846
-0.0465251
-0.0509932
-0.0554633
-0.0599102
-0.0643095
-0.068637
-0.0728686
-0.076981
-0.0809505
-0.0847541
-0.088369
-0.0917724
-0.0949423
-0.097857
-0.100496
-0.102838
-0.104864
-0.106558
-0.107901
-0.108878
-0.109478
-0.109688
-0.1095
-0.108908
-0.107909
-0.106501
-0.10469
-0.10248
-0.0998823
-0.0969113
-0.0935849
-0.0899249
-0.0859576
-0.0817128
-0.0772242
-0.072529
-0.0676676
-0.062683
-0.0576208
-0.0525281
-0.0474529
-0.0424436
-0.0375482
-0.0328132
-0.028283
-0.023999
-0.0199988
-0.0163153
-0.0129766
-0.0100045
-0.0074151
-0.00521779
-0.00341566
-0.00200455
-0.000972465
-0.00031297
-3.83696e-05
-0.00010274
-0.000686047
-0.00194662
-0.00375264
-0.00602668
-0.00872108
-0.0117885
-0.0151832
-0.0188628
-0.0227881
-0.0269223
-0.0312307
-0.0356808
-0.0402417
-0.0448839
-0.0495794
-0.0543008
-0.059022
-0.0637174
-0.0683618
-0.0729306
-0.0773994
-0.0817441
-0.0859408
-0.0899659
-0.0937959
-0.0974076
-0.100778
-0.103886
-0.106708
-0.109224
-0.111413
-0.113258
-0.114739
-0.115841
-0.11655
-0.116853
-0.11674
-0.116203
-0.115239
-0.113844
-0.112022
-0.109777
-0.107118
-0.104058
-0.100616
-0.0968113
-0.0926711
-0.088225
-0.0835073
-0.0785561
-0.0734133
-0.0681239
-0.0627355
-0.0572983
-0.0518635
-0.0464831
-0.0412092
-0.0360923
-0.0311815
-0.0265227
-0.0221581
-0.0181254
-0.0144569
-0.011179
-0.0083116
-0.00586805
-0.00385487
-0.00227082
-0.00110617
-0.000357895
-4.44162e-05
-0.000110717
-0.000737401
-0.00208934
-0.00402292
-0.00645315
-0.00932741
-0.0125937
-0.0162022
-0.0201071
-0.0242662
-0.0286404
-0.0331929
-0.0378897
-0.0426986
-0.0475891
-0.0525323
-0.0575004
-0.0624665
-0.0674045
-0.072289
-0.077095
-0.0817977
-0.0863726
-0.0907956
-0.0950424
-0.0990893
-0.102913
-0.106489
-0.109795
-0.112809
-0.115508
-0.117872
-0.119881
-0.121516
-0.122759
-0.123594
-0.124008
-0.12399
-0.123529
-0.122621
-0.12126
-0.119448
-0.117187
-0.114487
-0.111357
-0.107816
-0.103882
-0.0995821
-0.0949454
-0.0900067
-0.0848048
-0.0793829
-0.0737878
-0.0680696
-0.0622813
-0.0564775
-0.0507142
-0.0450477
-0.0395333
-0.0342248
-0.0291732
-0.024426
-0.0200259
-0.0160103
-0.0124102
-0.00925025
-0.00654775
-0.00431299
-0.00254783
-0.00124482
-0.000404257
-5.05857e-05
-0.000118328
-0.000786432
-0.00222568
-0.00428125
-0.00686103
-0.00990766
-0.0133648
-0.0171787
-0.0213002
-0.0256844
-0.0302898
-0.0350778
-0.0400128
-0.0450614
-0.0501923
-0.0553757
-0.0605832
-0.0657876
-0.0709625
-0.076082
-0.0811209
-0.0860543
-0.0908574
-0.0955058
-0.099975
-0.104241
-0.108279
-0.112066
-0.115578
-0.118792
-0.121686
-0.124236
-0.126423
-0.128226
-0.129627
-0.130608
-0.131153
-0.13125
-0.130887
-0.130055
-0.128751
-0.126971
-0.124718
-0.121997
-0.118818
-0.115196
-0.11115
-0.106704
-0.101889
-0.0967391
-0.091293
-0.0855953
-0.0796946
-0.0736435
-0.0674976
-0.0613155
-0.0551572
-0.0490835
-0.0431548
-0.0374304
-0.0319668
-0.0268172
-0.02203
-0.017648
-0.0137078
-0.0102387
-0.00726284
-0.00479435
-0.00283842
-0.00138996
-0.000452646
-5.69805e-05
-0.000125561
-0.000833034
-0.0023553
-0.00452696
-0.00724917
-0.0104602
-0.0140994
-0.0181096
-0.0224384
-0.0270381
-0.0318651
-0.0368791
-0.0420431
-0.0473225
-0.0526851
-0.0581005
-0.0635399
-0.0689756
-0.074381
-0.0797302
-0.0849976
-0.0901582
-0.0951872
-0.10006
-0.104752
-0.109239
-0.113496
-0.117499
-0.121223
-0.124646
-0.127744
-0.130494
-0.132873
-0.13486
-0.136436
-0.137581
-0.138278
-0.138511
-0.138268
-0.137538
-0.136313
-0.13459
-0.132367
-0.129648
-0.126441
-0.122759
-0.11862
-0.114046
-0.109067
-0.103717
-0.0980346
-0.092066
-0.0858613
-0.0794751
-0.0729663
-0.066397
-0.0598316
-0.0533359
-0.0469758
-0.0408164
-0.0349204
-0.0293471
-0.0241513
-0.0193821
-0.0150818
-0.0112854
-0.00801973
-0.00530356
-0.0031456
-0.00154325
-0.000503683
-6.37055e-05
-0.000132397
-0.000877082
-0.00247784
-0.00475933
-0.00761638
-0.0109831
-0.0147952
-0.0189918
-0.0235176
-0.0283225
-0.0333609
-0.0385907
-0.0439736
-0.0494741
-0.0550591
-0.0606977
-0.0663606
-0.07202
-0.0776491
-0.0832218
-0.0887126
-0.0940965
-0.0993487
-0.104444
-0.109359
-0.114068
-0.118547
-0.12277
-0.126715
-0.130355
-0.133667
-0.136628
-0.139213
-0.141401
-0.143169
-0.144497
-0.145366
-0.145759
-0.145659
-0.145054
-0.143935
-0.142293
-0.140125
-0.137434
-0.134223
-0.130504
-0.126293
-0.12161
-0.116483
-0.110946
-0.105039
-0.0988063
-0.092301
-0.0855795
-0.0787037
-0.0717394
-0.0647557
-0.0578235
-0.0510147
-0.0444006
-0.0380508
-0.0320314
-0.0264043
-0.0212251
-0.016543
-0.0123988
-0.00882513
-0.00584549
-0.00347254
-0.00170641
-0.00055801
-7.08674e-05
-0.000138815
-0.000918432
-0.00259289
-0.00497755
-0.00796141
-0.0114747
-0.0154497
-0.0198221
-0.024534
-0.0295331
-0.0347716
-0.0402062
-0.0457972
-0.0515081
-0.0573053
-0.0631574
-0.0690348
-0.0749094
-0.0807544
-0.0865438
-0.0922523
-0.0978547
-0.103326
-0.108643
-0.113779
-0.118711
-0.123414
-0.127862
-0.132032
-0.135897
-0.139434
-0.142617
-0.145422
-0.147825
-0.149803
-0.151334
-0.152396
-0.15297
-0.153038
-0.152583
-0.151594
-0.15006
-0.147976
-0.145338
-0.14215
-0.138419
-0.134159
-0.129389
-0.124134
-0.118427
-0.112308
-0.105822
-0.0990223
-0.0919677
-0.0847228
-0.0773575
-0.0699454
-0.0625631
-0.0552886
-0.0482002
-0.0413747
-0.0348858
-0.028803
-0.0231897
-0.0181021
-0.0135879
-0.00968598
-0.00642516
-0.00382249
-0.00188119
-0.000616281
-7.85735e-05
-0.000144789
-0.000956923
-0.00270002
-0.00518083
-0.00828294
-0.0119331
-0.0160602
-0.0205972
-0.0254836
-0.0306649
-0.0360916
-0.041719
-0.0475063
-0.0534163
-0.0594146
-0.0654695
-0.0715512
-0.0776316
-0.0836839
-0.0896822
-0.0956013
-0.101416
-0.107103
-0.112637
-0.117993
-0.123147
-0.128075
-0.132751
-0.13715
-0.141247
-0.145016
-0.148432
-0.15147
-0.154103
-0.156308
-0.15806
-0.159336
-0.160114
-0.160373
-0.160094
-0.159263
-0.157865
-0.155892
-0.153337
-0.150199
-0.146485
-0.142203
-0.13737
-0.13201
-0.126154
-0.11984
-0.113113
-0.106029
-0.0986459
-0.0910328
-0.0832627
-0.0754142
-0.0675694
-0.0598132
-0.0522311
-0.0449077
-0.0379253
-0.0313616
-0.0252884
-0.0197699
-0.0148617
-0.0106093
-0.00704763
-0.00419877
-0.0020694
-0.000679161
-8.69323e-05
-0.00015029
-0.000992388
-0.00279876
-0.00536828
-0.00857963
-0.0123564
-0.0166244
-0.021314
-0.0263624
-0.0317132
-0.0373153
-0.0431227
-0.0490936
-0.0551901
-0.0613774
-0.0676234
-0.0738983
-0.0801739
-0.0864236
-0.0926216
-0.0987432
-0.104764
-0.110659
-0.116405
-0.121978
-0.127353
-0.132505
-0.13741
-0.142042
-0.146375
-0.150384
-0.154042
-0.157323
-0.1602
-0.162647
-0.164638
-0.166148
-0.167151
-0.167626
-0.167549
-0.166903
-0.16567
-0.163837
-0.161395
-0.158339
-0.154671
-0.150397
-0.14553
-0.140092
-0.13411
-0.127622
-0.120673
-0.113317
-0.105615
-0.0976376
-0.0894621
-0.0811716
-0.0728543
-0.0646018
-0.0565074
-0.0486645
-0.0411641
-0.0340934
-0.0275334
-0.0215573
-0.016229
-0.011602
-0.00771801
-0.00460471
-0.00227283
-0.000747317
-9.60528e-05
-0.000155289
-0.00102465
-0.00288865
-0.00553905
-0.00885012
-0.0127426
-0.0171397
-0.0219692
-0.0271664
-0.0326731
-0.0384369
-0.0444105
-0.0505514
-0.0568209
-0.063184
-0.0696083
-0.0760639
-0.0825228
-0.0889586
-0.095346
-0.10166
-0.107878
-0.113974
-0.119926
-0.12571
-0.131301
-0.136675
-0.141808
-0.146674
-0.151247
-0.1555
-0.159408
-0.162941
-0.166074
-0.168777
-0.171024
-0.172785
-0.174036
-0.174749
-0.1749
-0.174466
-0.173427
-0.171766
-0.169469
-0.166528
-0.16294
-0.158706
-0.153837
-0.148351
-0.142272
-0.135636
-0.128486
-0.120876
-0.112868
-0.104535
-0.0959577
-0.0872231
-0.0784258
-0.0696646
-0.0610411
-0.0526577
-0.0446152
-0.037011
-0.0299363
-0.0234744
-0.0176986
-0.012671
-0.00844137
-0.00504363
-0.0024933
-0.000821422
-0.000106045
-0.000159757
-0.00105354
-0.00296922
-0.00569229
-0.00909308
-0.0130899
-0.0176035
-0.0225596
-0.0278917
-0.03354
-0.0394508
-0.045576
-0.0518722
-0.0583002
-0.0648246
-0.0714131
-0.0780357
-0.0846647
-0.0912739
-0.0978383
-0.104334
-0.110737
-0.117025
-0.123175
-0.129162
-0.134964
-0.140556
-0.145913
-0.151012
-0.155825
-0.160325
-0.164486
-0.16828
-0.171677
-0.174648
-0.177164
-0.179196
-0.180713
-0.181687
-0.18209
-0.181896
-0.181081
-0.179624
-0.177506
-0.174714
-0.171241
-0.167084
-0.162249
-0.156749
-0.150605
-0.143851
-0.136527
-0.128687
-0.120392
-0.111717
-0.102745
-0.0935688
-0.0842878
-0.0750085
-0.0658411
-0.0568978
-0.0482899
-0.0401259
-0.0325081
-0.0255311
-0.0192788
-0.0138231
-0.00922269
-0.00551883
-0.00273261
-0.000902148
-0.000117019
-0.000163665
-0.00107888
-0.00304004
-0.00582716
-0.00930725
-0.0133964
-0.0180134
-0.0230822
-0.0285345
-0.0343093
-0.0403518
-0.0466128
-0.0530486
-0.0596194
-0.0662896
-0.0730268
-0.0798013
-0.0865855
-0.0933537
-0.100081
-0.106745
-0.113322
-0.11979
-0.126125
-0.132306
-0.13831
-0.144112
-0.149689
-0.155016
-0.160066
-0.164814
-0.169231
-0.173288
-0.176956
-0.180204
-0.183002
-0.185318
-0.187119
-0.188375
-0.189055
-0.189128
-0.188566
-0.187344
-0.185439
-0.182833
-0.179513
-0.175472
-0.17071
-0.165235
-0.159066
-0.152229
-0.144764
-0.136722
-0.128165
-0.119167
-0.109814
-0.100203
-0.0904389
-0.0806358
-0.070913
-0.0613925
-0.0521974
-0.0434477
-0.0352585
-0.0277365
-0.0209776
-0.0150648
-0.0100668
-0.00603355
-0.00299255
-0.000990167
-0.000129087
-0.000166984
-0.00110052
-0.00310068
-0.00594292
-0.00949145
-0.0136606
-0.0183674
-0.0235342
-0.0290914
-0.0349767
-0.0411345
-0.047515
-0.0540735
-0.0607703
-0.0675695
-0.0744386
-0.0813483
-0.0882713
-0.0951823
-0.102057
-0.108874
-0.11561
-0.122243
-0.128751
-0.135114
-0.141308
-0.14731
-0.153098
-0.158646
-0.163928
-0.168919
-0.17359
-0.177911
-0.181854
-0.185385
-0.188474
-0.191086
-0.193187
-0.194743
-0.19572
-0.196085
-0.195806
-0.194851
-0.193195
-0.190813
-0.187686
-0.183802
-0.179156
-0.17375
-0.167596
-0.160718
-0.153152
-0.144943
-0.136155
-0.126859
-0.117145
-0.107112
-0.0968717
-0.0865442
-0.0762581
-0.0661466
-0.0563443
-0.0469846
-0.038196
-0.0300988
-0.0228023
-0.0164022
-0.0109785
-0.00659098
-0.00327489
-0.00108615
-0.000142362
-0.00016969
-0.00111831
-0.00315078
-0.00603891
-0.00964467
-0.0138809
-0.0186634
-0.0239131
-0.0295592
-0.0355385
-0.0417945
-0.0482768
-0.0549404
-0.0617452
-0.0686552
-0.0756381
-0.0826648
-0.0897085
-0.0967443
-0.103749
-0.110701
-0.117578
-0.12436
-0.131026
-0.137554
-0.143924
-0.150113
-0.156099
-0.161857
-0.167363
-0.172589
-0.177509
-0.182092
-0.186308
-0.190126
-0.19351
-0.196426
-0.198839
-0.200712
-0.202007
-0.202687
-0.202717
-0.202061
-0.200688
-0.198568
-0.195676
-0.191994
-0.18751
-0.182219
-0.176129
-0.169257
-0.161634
-0.153301
-0.144319
-0.13476
-0.124712
-0.114277
-0.103572
-0.0927252
-0.0818732
-0.0711605
-0.0607344
-0.0507422
-0.0413274
-0.0326252
-0.0247598
-0.0178411
-0.0119622
-0.00719419
-0.00358137
-0.00119076
-0.00015696
-0.000171764
-0.00113216
-0.00319007
-0.0061146
-0.00976609
-0.0140563
-0.0188999
-0.0242168
-0.0299353
-0.0359913
-0.0423277
-0.0488935
-0.0556433
-0.062537
-0.0695384
-0.0766156
-0.0837395
-0.0908839
-0.0980246
-0.105139
-0.112206
-0.119205
-0.126117
-0.132921
-0.139597
-0.146125
-0.152484
-0.158653
-0.164607
-0.170322
-0.175773
-0.180932
-0.18577
-0.190255
-0.194356
-0.198038
-0.201263
-0.203996
-0.206197
-0.207826
-0.208842
-0.209207
-0.20888
-0.207824
-0.206004
-0.20339
-0.199956
-0.195682
-0.190559
-0.184585
-0.177771
-0.170142
-0.161735
-0.152605
-0.142823
-0.132476
-0.121667
-0.110519
-0.0991641
-0.0877495
-0.0764305
-0.0653678
-0.0547237
-0.0446576
-0.0353214
-0.0268558
-0.0193867
-0.0130221
-0.00784613
-0.00391368
-0.00130467
-0.000172996
-0.00017319
-0.00114198
-0.00321833
-0.00616962
-0.00985511
-0.0141859
-0.0190757
-0.0244438
-0.0302176
-0.0363325
-0.0427308
-0.0493609
-0.0561773
-0.0631396
-0.0702119
-0.0773622
-0.084562
-0.0917854
-0.0990091
-0.106211
-0.113372
-0.120471
-0.127489
-0.13441
-0.141212
-0.147878
-0.154387
-0.160718
-0.166849
-0.172757
-0.178417
-0.183801
-0.188882
-0.193628
-0.198005
-0.201981
-0.205516
-0.208573
-0.21111
-0.213085
-0.214455
-0.215177
-0.215206
-0.2145
-0.213019
-0.210725
-0.207585
-0.203573
-0.198672
-0.192871
-0.186174
-0.178597
-0.170173
-0.160949
-0.150993
-0.14039
-0.129245
-0.117681
-0.105839
-0.0938718
-0.0819477
-0.0702408
-0.0589291
-0.0481893
-0.0381916
-0.0290952
-0.0210437
-0.0141622
-0.00854961
-0.00427347
-0.00142854
-0.000190592
-0.00017396
-0.00114772
-0.00323547
-0.00620379
-0.00991148
-0.0142692
-0.0191902
-0.0245932
-0.030405
-0.0365604
-0.0430013
-0.0496759
-0.0565383
-0.063548
-0.0706692
-0.0778703
-0.085123
-0.0924021
-0.0996849
-0.10695
-0.114179
-0.121354
-0.128455
-0.135467
-0.14237
-0.149149
-0.155783
-0.162254
-0.16854
-0.174619
-0.180468
-0.186059
-0.191366
-0.196358
-0.201001
-0.205262
-0.209102
-0.212481
-0.215358
-0.217688
-0.219425
-0.220523
-0.220932
-0.220607
-0.2195
-0.217567
-0.21477
-0.211073
-0.20645
-0.200883
-0.194366
-0.186906
-0.178528
-0.169273
-0.159202
-0.148397
-0.136961
-0.12502
-0.112718
-0.100218
-0.0876975
-0.0753448
-0.0633548
-0.0519226
-0.0412383
-0.0314815
-0.0228159
-0.0153857
-0.00930725
-0.00466233
-0.00156301
-0.000209867
-0.000174074
-0.00114941
-0.00324153
-0.00621719
-0.00993526
-0.0143063
-0.0192434
-0.0246648
-0.0304969
-0.0366743
-0.0431382
-0.0498366
-0.0567236
-0.0637585
-0.0709057
-0.0781337
-0.0854149
-0.0927245
-0.100041
-0.107343
-0.114614
-0.121836
-0.128992
-0.136067
-0.143044
-0.149908
-0.15664
-0.163223
-0.169637
-0.175861
-0.181874
-0.187649
-0.19316
-0.198378
-0.203271
-0.207803
-0.211937
-0.215634
-0.218849
-0.221536
-0.223649
-0.225136
-0.225946
-0.226028
-0.225329
-0.223799
-0.221391
-0.218062
-0.213777
-0.208507
-0.202237
-0.194965
-0.186704
-0.177488
-0.167369
-0.156425
-0.144756
-0.132487
-0.119764
-0.106759
-0.0936589
-0.0806663
-0.0679932
-0.0558544
-0.0444617
-0.0340168
-0.0247063
-0.0166959
-0.0101214
-0.00508176
-0.00170871
-0.000230947
-0.000173541
-0.0011471
-0.00323668
-0.00621015
-0.00992696
-0.0142979
-0.019236
-0.0246593
-0.0304941
-0.0366745
-0.0431414
-0.0498426
-0.0567321
-0.0637691
-0.0709182
-0.0781482
-0.0854319
-0.0927452
-0.100067
-0.107378
-0.114662
-0.121901
-0.129082
-0.136189
-0.143209
-0.150125
-0.156924
-0.163587
-0.170098
-0.176438
-0.182585
-0.188516
-0.194205
-0.199625
-0.204744
-0.209529
-0.213941
-0.217942
-0.221487
-0.22453
-0.22702
-0.228906
-0.230133
-0.230645
-0.230384
-0.229294
-0.22732
-0.224412
-0.220524
-0.215617
-0.209666
-0.202657
-0.194591
-0.185492
-0.175403
-0.164394
-0.152559
-0.140021
-0.126928
-0.113457
-0.0998037
-0.0861858
-0.0728321
-0.0599784
-0.0478595
-0.0367019
-0.0267169
-0.0180949
-0.0109943
-0.00553316
-0.00186627
-0.000253958
-0.000172379
-0.00114091
-0.00322128
-0.0061833
-0.00988752
-0.0142452
-0.0191696
-0.0245786
-0.0303984
-0.0365627
-0.0430125
-0.0496951
-0.0565644
-0.0635797
-0.0707057
-0.0779115
-0.0851704
-0.092459
-0.0997569
-0.107046
-0.114311
-0.121536
-0.128708
-0.135814
-0.142841
-0.149776
-0.156606
-0.163315
-0.169888
-0.176308
-0.182555
-0.188608
-0.194444
-0.200036
-0.205354
-0.210365
-0.215034
-0.219321
-0.223183
-0.226572
-0.229437
-0.231725
-0.233379
-0.234337
-0.23454
-0.233924
-0.232427
-0.22999
-0.226557
-0.222081
-0.216523
-0.209855
-0.202069
-0.193173
-0.1832
-0.172209
-0.160287
-0.147551
-0.134151
-0.120264
-0.106096
-0.0918774
-0.0778543
-0.0642842
-0.0514267
-0.0395351
-0.0288485
-0.0195847
-0.0119275
-0.00601779
-0.00203628
-0.000279028
-0.000170621
-0.00113106
-0.00319587
-0.00613765
-0.00981846
-0.0141502
-0.0190465
-0.0244254
-0.0302128
-0.0363424
-0.0427547
-0.049397
-0.0562231
-0.0631922
-0.0702692
-0.0774236
-0.0846291
-0.0918631
-0.0991061
-0.106341
-0.113553
-0.120729
-0.127857
-0.134925
-0.141923
-0.148838
-0.15566
-0.162376
-0.168972
-0.175433
-0.181742
-0.18788
-0.193826
-0.199554
-0.205038
-0.210245
-0.215143
-0.219692
-0.22385
-0.227569
-0.2308
-0.233487
-0.23557
-0.236987
-0.237672
-0.237558
-0.236576
-0.234658
-0.231739
-0.227759
-0.222668
-0.216425
-0.209005
-0.200405
-0.190643
-0.179764
-0.167845
-0.154996
-0.141363
-0.127124
-0.112492
-0.0977083
-0.0830369
-0.0687573
-0.0551552
-0.042513
-0.0311005
-0.021166
-0.0129226
-0.0065368
-0.00221929
-0.000306286
-0.000168309
-0.00111781
-0.0031612
-0.00607457
-0.00972186
-0.0140158
-0.0188704
-0.0242039
-0.0299421
-0.0360184
-0.0423731
-0.0489535
-0.0557129
-0.062611
-0.0696125
-0.0766873
-0.0838098
-0.090958
-0.0981133
-0.10526
-0.112384
-0.119474
-0.12652
-0.133511
-0.140439
-0.147294
-0.154066
-0.160746
-0.167323
-0.173783
-0.180111
-0.186292
-0.192306
-0.19813
-0.20374
-0.209108
-0.2142
-0.21898
-0.223407
-0.227436
-0.231015
-0.234089
-0.236599
-0.238479
-0.23966
-0.240071
-0.239635
-0.238279
-0.235926
-0.232507
-0.227958
-0.222223
-0.215262
-0.207056
-0.197606
-0.186942
-0.175128
-0.162263
-0.148484
-0.133971
-0.118938
-0.103638
-0.0883509
-0.0733782
-0.0590332
-0.0456296
-0.0334707
-0.022839
-0.0139804
-0.00709113
-0.00241585
-0.000335863
-0.000165503
-0.00110153
-0.00311826
-0.00599588
-0.00960048
-0.0138457
-0.0186459
-0.0239196
-0.0295924
-0.0355975
-0.041875
-0.0483718
-0.0550413
-0.0618429
-0.0687418
-0.0757082
-0.0827169
-0.0897469
-0.0967805
-0.103803
-0.110802
-0.117768
-0.124691
-0.131563
-0.138379
-0.145129
-0.151808
-0.158408
-0.164918
-0.171331
-0.177632
-0.183809
-0.189845
-0.195721
-0.201415
-0.2069
-0.212147
-0.217121
-0.221785
-0.226093
-0.229996
-0.233441
-0.236366
-0.238705
-0.240388
-0.241338
-0.241475
-0.240717
-0.238979
-0.236181
-0.232245
-0.227101
-0.220694
-0.212983
-0.203953
-0.193616
-0.182019
-0.169245
-0.155425
-0.140728
-0.125373
-0.109619
-0.0937606
-0.0781222
-0.0630451
-0.0488762
-0.0359551
-0.0246026
-0.0151014
-0.00768152
-0.00262642
-0.00036789
-0.000162275
-0.00108269
-0.00306831
-0.00590388
-0.00945781
-0.0136446
-0.0183791
-0.0235796
-0.0291718
-0.0350886
-0.0412697
-0.0476617
-0.0542178
-0.0608977
-0.0676665
-0.074495
-0.0813585
-0.0882369
-0.0951134
-0.101975
-0.10881
-0.11561
-0.122369
-0.12908
-0.135738
-0.142339
-0.148877
-0.155347
-0.161743
-0.168058
-0.174283
-0.180407
-0.186415
-0.192294
-0.198022
-0.203578
-0.208935
-0.214061
-0.218921
-0.223473
-0.22767
-0.231459
-0.23478
-0.237568
-0.239749
-0.241245
-0.241972
-0.241841
-0.240761
-0.238638
-0.235383
-0.230912
-0.225149
-0.218038
-0.209541
-0.19965
-0.18839
-0.17583
-0.162082
-0.147309
-0.131725
-0.115594
-0.0992234
-0.0829593
-0.0671712
-0.052241
-0.038548
-0.0264547
-0.0162854
-0.00830847
-0.00285142
-0.000402497
-0.000158719
-0.00106185
-0.00301289
-0.00580141
-0.00929816
-0.0134184
-0.0180771
-0.0231927
-0.0286905
-0.0345028
-0.0405691
-0.0468356
-0.0532554
-0.0597881
-0.0663992
-0.0730597
-0.0797459
-0.0864384
-0.0931215
-0.0997833
-0.106414
-0.113008
-0.119558
-0.126062
-0.132517
-0.138919
-0.145267
-0.151558
-0.157789
-0.163955
-0.170051
-0.176068
-0.181996
-0.187824
-0.193535
-0.199111
-0.204528
-0.209758
-0.214769
-0.219523
-0.223976
-0.228076
-0.231766
-0.234982
-0.237649
-0.23969
-0.241015
-0.241532
-0.241141
-0.239741
-0.237229
-0.233506
-0.228479
-0.22207
-0.214221
-0.204899
-0.194108
-0.181891
-0.168344
-0.153616
-0.137912
-0.121497
-0.104689
-0.087853
-0.0713869
-0.0557091
-0.0412413
-0.0283919
-0.0175315
-0.00897222
-0.00309122
-0.000439811
-0.000154944
-0.00103971
-0.00295387
-0.00569189
-0.00912672
-0.0131741
-0.017749
-0.0227696
-0.0281605
-0.0338536
-0.0397877
-0.0459088
-0.0521697
-0.0585301
-0.0649556
-0.071418
-0.0778941
-0.0843656
-0.0908182
-0.0972412
-0.103627
-0.10997
-0.116268
-0.122518
-0.128721
-0.134876
-0.140983
-0.147043
-0.153055
-0.159018
-0.164929
-0.170785
-0.176577
-0.182299
-0.187937
-0.193477
-0.1989
-0.204182
-0.209293
-0.214201
-0.218865
-0.223236
-0.227261
-0.230876
-0.234009
-0.236582
-0.238504
-0.239678
-0.240001
-0.239361
-0.237645
-0.234739
-0.230533
-0.224928
-0.217842
-0.209217
-0.199029
-0.187297
-0.174092
-0.159543
-0.143844
-0.127255
-0.1101
-0.092761
-0.075663
-0.059262
-0.0440245
-0.0304093
-0.0188382
-0.00967271
-0.00334609
-0.000479959
-0.000151083
-0.00101709
-0.00289348
-0.00557942
-0.00894972
-0.0129202
-0.0174054
-0.0223229
-0.0275964
-0.0331571
-0.038943
-0.0448997
-0.0509797
-0.0571428
-0.0633551
-0.0695888
-0.0758218
-0.0820368
-0.0882209
-0.094365
-0.100463
-0.106512
-0.112511
-0.11846
-0.124362
-0.130218
-0.136033
-0.141808
-0.147547
-0.153252
-0.158923
-0.164559
-0.170159
-0.175716
-0.181223
-0.18667
-0.192041
-0.197317
-0.202474
-0.207483
-0.212306
-0.216902
-0.221218
-0.225196
-0.228765
-0.231848
-0.234354
-0.236186
-0.237234
-0.237382
-0.236505
-0.234476
-0.231169
-0.226463
-0.220252
-0.212451
-0.203006
-0.191906
-0.179194
-0.164974
-0.149421
-0.132785
-0.115391
-0.0976341
-0.0799651
-0.0628773
-0.0468849
-0.0325006
-0.0202031
-0.0104096
-0.00361625
-0.000523064
-0.000147292
-0.00099497
-0.00283436
-0.00546884
-0.00877447
-0.0126666
-0.0170589
-0.0218676
-0.0270154
-0.0324322
-0.0380553
-0.0438296
-0.0497076
-0.055649
-0.0616204
-0.067595
-0.0735515
-0.0794739
-0.085351
-0.0911754
-0.0969431
-0.102653
-0.108306
-0.113906
-0.119457
-0.124963
-0.130432
-0.135869
-0.14128
-0.14667
-0.152043
-0.157403
-0.16275
-0.168083
-0.1734
-0.178692
-0.183952
-0.189163
-0.194306
-0.199358
-0.204286
-0.209053
-0.213611
-0.217906
-0.221872
-0.225433
-0.228501
-0.230978
-0.232752
-0.233702
-0.233695
-0.232592
-0.230251
-0.226532
-0.221303
-0.214451
-0.20589
-0.195576
-0.183517
-0.169786
-0.154535
-0.137996
-0.120489
-0.102417
-0.0842533
-0.0665291
-0.0498069
-0.0346578
-0.0216232
-0.0111821
-0.00390182
-0.00056925
-0.000143757
-0.000974494
-0.00277961
-0.00536582
-0.00860958
-0.0124249
-0.016724
-0.021421
-0.0264372
-0.0317008
-0.0371482
-0.0427235
-0.0483791
-0.0540749
-0.0597782
-0.0654629
-0.0711092
-0.0767027
-0.0822338
-0.0876971
-0.0930909
-0.0984162
-0.103677
-0.108878
-0.114027
-0.119133
-0.124203
-0.129247
-0.134274
-0.139293
-0.144311
-0.149335
-0.15437
-0.159419
-0.164484
-0.169562
-0.174647
-0.179731
-0.184799
-0.189833
-0.194805
-0.199684
-0.204429
-0.208989
-0.213304
-0.217302
-0.220899
-0.223997
-0.226485
-0.228237
-0.229118
-0.228977
-0.227658
-0.225002
-0.220854
-0.21507
-0.207532
-0.198158
-0.186918
-0.17385
-0.15907
-0.142789
-0.125313
-0.107046
-0.0884827
-0.070187
-0.0527723
-0.0368715
-0.0230943
-0.0119891
-0.00420286
-0.000618635
-0.000140694
-0.000957016
-0.00273288
-0.00527702
-0.0084651
-0.0122088
-0.0164177
-0.0210034
-0.0258847
-0.0309881
-0.0362487
-0.0416098
-0.0470236
-0.0524504
-0.0578584
-0.0632226
-0.0685248
-0.0737525
-0.0788981
-0.0839585
-0.0889343
-0.0938291
-0.0986493
-0.103403
-0.108101
-0.112753
-0.117371
-0.121968
-0.126557
-0.131148
-0.135753
-0.140383
-0.145047
-0.149753
-0.154504
-0.159305
-0.164154
-0.169047
-0.173976
-0.178928
-0.183881
-0.18881
-0.19368
-0.198447
-0.203056
-0.20744
-0.211521
-0.215205
-0.218381
-0.220924
-0.222695
-0.223537
-0.223281
-0.221752
-0.218771
-0.214166
-0.207785
-0.199505
-0.189256
-0.177029
-0.162904
-0.147057
-0.129774
-0.111454
-0.0926024
-0.0738168
-0.0557601
-0.0391304
-0.0246116
-0.0128295
-0.00451935
-0.000671341
-0.000138359
-0.000944124
-0.00269845
-0.00521021
-0.0083527
-0.012034
-0.0161596
-0.0206377
-0.0253841
-0.0303229
-0.0353874
-0.0405204
-0.045674
-0.0508089
-0.0558944
-0.0609073
-0.0658312
-0.0706558
-0.0753759
-0.0799911
-0.0845045
-0.0889227
-0.0932547
-0.0975119
-0.101707
-0.105854
-0.109969
-0.114065
-0.11816
-0.122268
-0.126405
-0.130584
-0.134818
-0.139119
-0.143497
-0.147959
-0.152509
-0.157148
-0.161873
-0.166677
-0.171545
-0.176459
-0.181388
-0.186297
-0.191138
-0.195851
-0.200363
-0.204584
-0.208411
-0.21172
-0.214368
-0.216197
-0.21703
-0.216675
-0.214935
-0.211608
-0.206509
-0.199474
-0.190384
-0.179186
-0.165908
-0.150687
-0.133777
-0.115564
-0.0965564
-0.0773799
-0.0587464
-0.0414216
-0.0261696
-0.0137013
-0.00485121
-0.000727495
-0.000137054
-0.000937691
-0.00268133
-0.0051745
-0.00828603
-0.0119185
-0.0159722
-0.0203505
-0.0249652
-0.0297374
-0.0345988
-0.0394912
-0.0443667
-0.0491871
-0.0539231
-0.0585535
-0.0630644
-0.0674479
-0.071702
-0.0758289
-0.0798351
-0.0837301
-0.0875261
-0.0912375
-0.0948802
-0.0984716
-0.10203
-0.105573
-0.109121
-0.112691
-0.116304
-0.119975
-0.123723
-0.127562
-0.131507
-0.135569
-0.139758
-0.144079
-0.148536
-0.153126
-0.157843
-0.162672
-0.167593
-0.172576
-0.177581
-0.182556
-0.187436
-0.192139
-0.196567
-0.2006
-0.204099
-0.206904
-0.208833
-0.209683
-0.209239
-0.207275
-0.203571
-0.197922
-0.190161
-0.180178
-0.16795
-0.15356
-0.137222
-0.119294
-0.100283
-0.0808339
-0.0617047
-0.0437307
-0.0277618
-0.0146029
-0.00519836
-0.000787233
-0.000137142
-0.000939935
-0.00268744
-0.00518057
-0.00828095
-0.0118836
-0.0158816
-0.020172
-0.0246616
-0.0292682
-0.0339211
-0.0385615
-0.0431418
-0.0476251
-0.0519841
-0.0562002
-0.0602624
-0.0641662
-0.0679127
-0.0715078
-0.0749614
-0.0782862
-0.0814981
-0.0846146
-0.0876551
-0.09064
-0.0935907
-0.0965292
-0.0994776
-0.102458
-0.105492
-0.108602
-0.111807
-0.115128
-0.118582
-0.122185
-0.125952
-0.129894
-0.134018
-0.138329
-0.142826
-0.147502
-0.152344
-0.157329
-0.162427
-0.167594
-0.172772
-0.177891
-0.182857
-0.187562
-0.19187
-0.195622
-0.198637
-0.200704
-0.201594
-0.20106
-0.19885
-0.194717
-0.188445
-0.179867
-0.168895
-0.155552
-0.139999
-0.122557
-0.103716
-0.0841319
-0.0646056
-0.0460418
-0.0293812
-0.0155321
-0.00556071
-0.000850713
-0.000139055
-0.000953501
-0.0027238
-0.00524098
-0.00835602
-0.0119537
-0.0159175
-0.0201365
-0.0245114
-0.0289557
-0.0333966
-0.0377744
-0.0420424
-0.0461656
-0.0501192
-0.0538881
-0.0574648
-0.0608488
-0.0640452
-0.0670638
-0.0699184
-0.0726257
-0.0752051
-0.0776777
-0.0800664
-0.082395
-0.0846882
-0.0869712
-0.0892694
-0.0916081
-0.0940127
-0.0965079
-0.0991177
-0.101865
-0.104773
-0.107861
-0.111147
-0.114648
-0.118378
-0.122345
-0.126555
-0.131009
-0.1357
-0.140615
-0.14573
-0.151013
-0.156415
-0.161874
-0.16731
-0.17262
-0.17768
-0.182336
-0.186408
-0.189685
-0.191927
-0.19287
-0.192234
-0.189734
-0.185102
-0.178111
-0.168604
-0.156534
-0.141996
-0.125259
-0.106782
-0.0872233
-0.0674174
-0.0483377
-0.0310206
-0.0164869
-0.00593829
-0.000918125
-0.000143322
-0.000981568
-0.00279876
-0.00537058
-0.00853298
-0.0121571
-0.0161141
-0.0202831
-0.0245572
-0.0288451
-0.0330715
-0.0371765
-0.0411146
-0.0448534
-0.0483719
-0.0516588
-0.0547114
-0.0575338
-0.0601358
-0.0625318
-0.06474
-0.0667814
-0.0686794
-0.0704589
-0.0721465
-0.0737695
-0.0753559
-0.076934
-0.0785325
-0.08018
-0.0819049
-0.0837352
-0.0856983
-0.0878209
-0.0901288
-0.0926462
-0.0953958
-0.0983986
-0.101673
-0.105233
-0.109092
-0.113255
-0.117725
-0.122495
-0.127552
-0.132871
-0.138417
-0.144137
-0.149963
-0.155804
-0.161547
-0.167047
-0.172131
-0.17659
-0.180181
-0.182627
-0.183626
-0.182857
-0.180003
-0.174773
-0.16694
-0.156375
-0.143094
-0.127299
-0.109404
-0.0900532
-0.0701055
-0.0505999
-0.0326722
-0.0174655
-0.00633128
-0.000989714
-0.000150589
-0.00102799
-0.00292237
-0.00558704
-0.0088374
-0.0125268
-0.0165108
-0.0206559
-0.0248464
-0.0289856
-0.0329958
-0.0368171
-0.0404063
-0.0437346
-0.0467855
-0.0495532
-0.0520403
-0.0542568
-0.0562178
-0.0579431
-0.0594558
-0.0607818
-0.0619487
-0.0629856
-0.0639228
-0.0647911
-0.065622
-0.0664469
-0.0672977
-0.068206
-0.0692031
-0.0703202
-0.0715878
-0.0730358
-0.0746933
-0.0765884
-0.0787477
-0.0811962
-0.0839569
-0.0870503
-0.0904935
-0.0943
-0.0984781
-0.10303
-0.107952
-0.113229
-0.118835
-0.124732
-0.130864
-0.137153
-0.143498
-0.14977
-0.155804
-0.1614
-0.166316
-0.170269
-0.172941
-0.17398
-0.173024
-0.16972
-0.163764
-0.154938
-0.143169
-0.128572
-0.1115
-0.0925626
-0.0726331
-0.0528092
-0.0343285
-0.0184664
-0.00674018
-0.0010658
-0.000161661
-0.00109746
-0.00310675
-0.00591146
-0.00929944
-0.0131011
-0.0171524
-0.0213047
-0.0254318
-0.0294311
-0.0332227
-0.0367477
-0.0399662
-0.0428543
-0.0454017
-0.047609
-0.0494857
-0.0510484
-0.0523187
-0.0533225
-0.0540885
-0.0546477
-0.0550325
-0.0552764
-0.0554134
-0.0554782
-0.0555054
-0.0555297
-0.0555859
-0.0557085
-0.0559316
-0.0562891
-0.0568145
-0.0575407
-0.0584998
-0.0597232
-0.0612411
-0.0630826
-0.0652749
-0.0678433
-0.0708104
-0.0741958
-0.0780147
-0.0822775
-0.0869882
-0.0921427
-0.0977268
-0.103714
-0.110062
-0.116708
-0.123568
-0.130527
-0.137436
-0.144105
-0.150303
-0.155746
-0.160106
-0.163008
-0.16405
-0.16282
-0.158935
-0.152085
-0.14209
-0.128966
-0.112979
-0.0946878
-0.0749608
-0.0549458
-0.0359826
-0.019489
-0.00716593
-0.00114683
-0.00017755
-0.00119581
-0.00336665
-0.00636918
-0.0099548
-0.0139247
-0.0180905
-0.0222854
-0.0263712
-0.030239
-0.0338075
-0.0370201
-0.0398417
-0.042255
-0.0442576
-0.0458581
-0.0470744
-0.0479308
-0.0484565
-0.0486844
-0.0486493
-0.048388
-0.0479378
-0.0473369
-0.0466233
-0.0458353
-0.0450108
-0.0441876
-0.0434032
-0.0426948
-0.0420991
-0.0416526
-0.0413913
-0.0413506
-0.0415657
-0.0420707
-0.0428993
-0.0440838
-0.0456555
-0.0476442
-0.0500775
-0.0529806
-0.0563754
-0.0602797
-0.064706
-0.0696602
-0.0751394
-0.0811297
-0.0876032
-0.094514
-0.101794
-0.109347
-0.117042
-0.124708
-0.132124
-0.139018
-0.145057
-0.149853
-0.152971
-0.153945
-0.152315
-0.147672
-0.139721
-0.12836
-0.113745
-0.09636
-0.0770464
-0.0569892
-0.0376282
-0.0205338
-0.00761019
-0.00123341
-0.000199544
-0.00133025
-0.00372018
-0.00699078
-0.0108458
-0.0150495
-0.0193837
-0.02366
-0.0277269
-0.0314694
-0.0348061
-0.0376842
-0.0400758
-0.0419726
-0.0433816
-0.0443218
-0.0448209
-0.0449124
-0.0446344
-0.0440271
-0.0431327
-0.0419937
-0.0406532
-0.0391538
-0.0375377
-0.0358468
-0.0341223
-0.0324049
-0.0307345
-0.0291508
-0.0276929
-0.0263995
-0.0253088
-0.0244586
-0.0238864
-0.023629
-0.0237228
-0.0242035
-0.0251058
-0.0264634
-0.0283087
-0.030672
-0.0335813
-0.0370615
-0.0411334
-0.0458122
-0.0511063
-0.0570143
-0.063523
-0.0706033
-0.0782054
-0.0862533
-0.0946378
-0.103209
-0.111766
-0.12005
-0.127737
-0.134434
-0.139681
-0.142968
-0.14376
-0.141549
-0.135917
-0.126623
-0.113692
-0.0975036
-0.0788446
-0.0589186
-0.0392608
-0.0216031
-0.00807564
-0.00132641
-0.000229297
-0.00150987
-0.00418967
-0.00781333
-0.0120228
-0.0165359
-0.0210983
-0.0254965
-0.0295648
-0.0331832
-0.0362716
-0.0387843
-0.040703
-0.0420309
-0.0427877
-0.0430047
-0.042721
-0.0419813
-0.0408331
-0.0393256
-0.0375083
-0.0354306
-0.0331408
-0.0306866
-0.0281144
-0.0254694
-0.0227959
-0.0201372
-0.0175357
-0.0150332
-0.0126708
-0.010489
-0.00852806
-0.00682769
-0.00542737
-0.00436621
-0.00368302
-0.00341619
-0.00360363
-0.00428261
-0.00548953
-0.00725961
-0.0096265
-0.0126216
-0.0162734
-0.0206061
-0.0256388
-0.0313826
-0.0378388
-0.044995
-0.0528208
-0.0612619
-0.070233
-0.0796087
-0.0892138
-0.0988116
-0.108094
-0.116673
-0.124077
-0.12976
-0.133123
-0.133559
-0.130521
-0.123613
-0.112705
-0.0980346
-0.0803052
-0.0607129
-0.0408777
-0.0227016
-0.00856636
-0.00142702
-0.000268967
-0.00174619
-0.00480287
-0.00888196
-0.0135454
-0.0184533
-0.0233081
-0.0278677
-0.0319522
-0.035438
-0.0382501
-0.0403528
-0.0417416
-0.0424348
-0.0424675
-0.0418857
-0.0407425
-0.039095
-0.0370017
-0.0345213
-0.0317116
-0.0286285
-0.0253266
-0.0218581
-0.0182734
-0.0146213
-0.0109487
-0.00730139
-0.00372383
-0.00025956
0.00304868
0.00615875
0.00902896
0.0116179
0.0138846
0.015788
0.0172872
0.0183415
0.0189104
0.0189534
0.0184304
0.0173019
0.0155292
0.0130748
0.00990311
0.00598136
0.00128063
-0.00422235
-0.0105429
-0.0176854
-0.0256389
-0.0343716
-0.0438235
-0.0538974
-0.0644476
-0.0752665
-0.0860709
-0.096489
-0.106051
-0.114188
-0.120248
-0.123532
-0.123361
-0.119172
-0.110649
-0.0978568
-0.0813719
-0.0623498
-0.0424789
-0.0238375
-0.0090885
-0.00153695
-0.0003214
-0.00205397
-0.0055945
-0.0102517
-0.0154845
-0.0208815
-0.0260941
-0.0308491
-0.0349532
-0.0382828
-0.0407725
-0.0424018
-0.0431846
-0.0431585
-0.0423776
-0.0409058
-0.0388123
-0.0361681
-0.033044
-0.029509
-0.0256294
-0.0214685
-0.0170864
-0.0125401
-0.00788403
-0.00316979
0.00155303
0.00623675
0.0108352
0.0153034
0.0195974
0.023674
0.0274901
0.0310034
0.0341715
0.0369519
0.0393022
0.0411797
0.0425415
0.0433445
0.0435454
0.0431009
0.0419677
0.0401028
0.0374642
0.0340111
0.0297054
0.0245125
0.0184036
0.0113582
0.00336804
-0.00555772
-0.0153856
-0.0260485
-0.0374339
-0.0493692
-0.0616049
-0.073797
-0.0854907
-0.0961114
-0.104969
-0.111282
-0.114245
-0.113116
-0.10737
-0.096857
-0.0819782
-0.0638048
-0.0440674
-0.0250236
-0.00965107
-0.00165866
-0.000390404
-0.0024523
-0.00660826
-0.0119897
-0.0179234
-0.0239101
-0.0295421
-0.034514
-0.0386219
-0.0417483
-0.0438436
-0.0449096
-0.0449842
-0.04413
-0.0424239
-0.039951
-0.0367988
-0.033054
-0.0288007
-0.0241187
-0.0190833
-0.0137648
-0.00822913
-0.0025377
0.00325174
0.0090848
0.0149099
0.0206778
0.0263412
0.0318541
0.0371717
0.0422501
0.0470457
0.0515153
0.0556155
0.0593031
0.0625342
0.0652648
0.06745
0.0690445
0.0700023
0.0702767
0.0698203
0.0685854
0.0665239
0.0635882
0.0597313
0.0549083
0.0490778
0.0422042
0.0342605
0.0252337
0.0151307
0.00398723
-0.00812007
-0.0210584
-0.0346197
-0.0484991
-0.0622721
-0.0753756
-0.0870999
-0.096602
-0.102953
-0.105234
-0.102684
-0.0948973
-0.0820426
-0.0650489
-0.04565
-0.0262788
-0.0102671
-0.00179564
-0.000481162
-0.0029662
-0.00789959
-0.0141784
-0.0209595
-0.0276375
-0.0337385
-0.0389255
-0.0429909
-0.0458318
-0.0474243
-0.0478007
-0.0470312
-0.0452086
-0.0424379
-0.0388283
-0.034488
-0.029521
-0.0240254
-0.0180923
-0.0118057
-0.00524283
0.00152515
0.00843284
0.0154197
0.0224291
0.0294083
0.0363069
0.0430769
0.0496722
0.0560475
0.0621588
0.0679622
0.0734143
0.0784713
0.0830894
0.087224
0.0908297
0.0938606
0.0962694
0.0980078
0.0990263
0.0992741
0.0986991
0.0972481
0.094867
0.0915013
0.0870966
0.0815999
0.0749615
0.0671371
0.0580922
0.0478078
0.036288
0.0235722
0.00974964
-0.00501961
-0.0204802
-0.0362529
-0.0518061
-0.0664338
-0.0792524
-0.0892306
-0.0952722
-0.0963655
-0.0918042
-0.0814597
-0.066044
-0.0472362
-0.0276302
-0.0109555
-0.00195299
-0.000600872
-0.00362894
-0.00953929
-0.0169179
-0.0247045
-0.032167
-0.0387605
-0.0441222
-0.0480519
-0.0504748
-0.0514054
-0.0509181
-0.049124
-0.0461536
-0.0421445
-0.0372336
-0.0315518
-0.0252213
-0.0183546
-0.0110538
-0.00341143
0.00448903
0.0125721
0.0207692
0.0290176
0.0372599
0.0454422
0.0535141
0.0614279
0.0691373
0.0765979
0.0837656
0.0905973
0.0970495
0.103079
0.108641
0.113691
0.118183
0.122071
0.125305
0.127836
0.129611
0.130577
0.130679
0.129858
0.128056
0.12521
0.121258
0.116137
0.109783
0.102138
0.0931465
0.0827646
0.0709659
0.0577517
0.0431662
0.0273162
0.0103983
-0.00726798
-0.025203
-0.0427309
-0.0589567
-0.072773
-0.082921
-0.08813
-0.0873522
-0.0800869
-0.066735
-0.0488376
-0.0291155
-0.0117436
-0.00213825
-0.000759797
-0.00448551
-0.0116186
-0.0203301
-0.0292832
-0.0375986
-0.044661
-0.0500948
-0.0537261
-0.0555272
-0.0555686
-0.0539806
-0.0509261
-0.0465805
-0.0411191
-0.0347092
-0.0275058
-0.0196499
-0.0112678
-0.00247203
0.00663768
0.0159728
0.0254547
0.0350128
0.0445838
0.0541098
0.0635376
0.0728175
0.0819027
0.0907481
0.0993102
0.107546
0.115414
0.122871
0.129874
0.136379
0.142343
0.147718
0.152458
0.156513
0.159831
0.16236
0.164043
0.164822
0.164635
0.163418
0.161104
0.157623
0.152902
0.146869
0.139448
0.130567
0.120159
0.10817
0.0945625
0.0793354
0.0625392
0.0443045
0.024878
0.00466665
-0.0157127
-0.035389
-0.0532155
-0.067799
-0.0776147
-0.0812403
-0.0777232
-0.0670363
-0.0504631
-0.030786
-0.012671
-0.00236284
-0.000973042
-0.00559814
-0.014256
-0.0245613
-0.0348275
-0.0440116
-0.0514395
-0.0567476
-0.0598171
-0.0606949
-0.0595297
-0.0565248
-0.0519062
-0.045902
-0.0387292
-0.0305876
-0.0216565
-0.0120946
-0.00204075
0.00838409
0.0190748
0.0299398
0.0408991
0.0518822
0.0628264
0.0736753
0.0843774
0.0948851
0.105153
0.11514
0.124802
0.1341
0.142992
0.151439
0.159398
0.166826
0.17368
0.179914
0.185481
0.190332
0.194413
0.197672
0.200049
0.201485
0.201915
0.201271
0.199481
0.196469
0.192157
0.18646
0.179292
0.170564
0.16019
0.148087
0.134185
0.118437
0.100836
0.0814411
0.0604161
0.0380756
0.0149473
-0.00816239
-0.0301153
-0.0494287
-0.0643483
-0.0730593
-0.0740778
-0.0668084
-0.05211
-0.0327096
-0.0137961
-0.00264451
-0.00126373
-0.00705502
-0.0176067
-0.0297829
-0.041462
-0.0514329
-0.0589932
-0.0638348
-0.0659376
-0.0654599
-0.0626559
-0.0578211
-0.0512566
-0.0432491
-0.0340602
-0.0239217
-0.0130354
-0.00157522
0.0103107
0.0224961
0.0348736
0.0473516
0.0598515
0.0723052
0.0846529
0.0968415
0.108823
0.120554
0.131991
0.143097
0.153831
0.164157
0.174037
0.18343
0.192299
0.200602
0.208297
0.215339
0.221681
0.227275
0.232069
0.236007
0.239031
0.241079
0.242085
0.241978
0.240682
0.238119
0.234201
0.228839
0.221934
0.213387
0.203092
0.190943
0.176838
0.160688
0.14243
0.12205
0.0996191
0.0753438
0.0496332
0.023184
-0.00293293
-0.0272095
-0.0477131
-0.0622442
-0.0687206
-0.0658182
-0.0537442
-0.0349723
-0.015206
-0.00301191
-0.00166888
-0.00898478
-0.021874
-0.0361859
-0.0492715
-0.0597761
-0.0670327
-0.0708595
-0.0713973
-0.0689629
-0.0639485
-0.0567605
-0.0477851
-0.0373709
-0.0258224
-0.0134002
-0.000323651
0.0132238
0.0270898
0.041148
0.0552937
0.0694392
0.0835111
0.0974468
0.111192
0.124701
0.137929
0.150839
0.163394
0.175558
0.187299
0.198581
0.20937
0.219632
0.229328
0.238421
0.246871
0.254634
0.261666
0.267918
0.27334
0.277877
0.28147
0.284057
0.28557
0.285938
0.285083
0.282922
0.279365
0.274315
0.267669
0.259313
0.24913
0.236994
0.222774
0.206343
0.187585
0.166414
0.142806
0.116846
0.0887962
0.0591987
0.0289892
-0.000384527
-0.0268962
-0.0480103
-0.061009
-0.0636724
-0.0552608
-0.0376739
-0.0170314
-0.00351277
-0.00225052
-0.0115803
-0.0273224
-0.0439576
-0.0582323
-0.0687303
-0.0749384
-0.0769101
-0.0750311
-0.0698333
-0.0618794
-0.0517025
-0.0397772
-0.0265106
-0.0122428
0.00274615
0.0182288
0.0340212
0.0499756
0.0659729
0.0819174
0.0977314
0.113351
0.128724
0.143805
0.158555
0.172941
0.186931
0.200495
0.213604
0.226231
0.238346
0.249919
0.260919
0.271313
0.281066
0.29014
0.298495
0.306089
0.312875
0.318804
0.323822
0.327871
0.330891
0.332813
0.333565
0.33307
0.331243
0.327991
0.323214
0.316803
0.30864
0.298593
0.286522
0.272274
0.255689
0.236603
0.214863
0.19035
0.163017
0.132965
0.100533
0.0664499
0.0319977
-0.000828678
-0.0292647
-0.0499779
-0.0597075
-0.0564065
-0.0409088
-0.0194693
-0.00422907
-0.00311702
-0.0151371
-0.0342827
-0.0532159
-0.0680685
-0.0775548
-0.0815171
-0.0804015
-0.0749432
-0.0659477
-0.0541732
-0.0402827
-0.0248305
-0.00826679
0.00904974
0.026837
0.0448751
0.062994
0.0810622
0.0989783
0.116664
0.134059
0.151114
0.167792
0.184061
0.199894
0.215268
0.230161
0.244553
0.258421
0.271746
0.284503
0.296669
0.308218
0.319121
0.329346
0.338862
0.347629
0.35561
0.362759
0.369031
0.374372
0.378729
0.382041
0.384241
0.385259
0.385018
0.383433
0.380412
0.375853
0.369645
0.361665
0.351776
0.339825
0.325644
0.309045
0.289826
0.267773
0.242676
0.214364
0.182754
0.147955
0.110413
0.0711248
0.0318865
-0.00449089
-0.0341803
-0.0528083
-0.0566293
-0.0447042
-0.022809
-0.00530369
-0.00446324
-0.0201106
-0.0431222
-0.0638404
-0.0779572
-0.0847033
-0.084594
-0.0786733
-0.0681364
-0.0541042
-0.037531
-0.0191876
0.000323688
0.0205428
0.0411238
0.0618102
0.0824133
0.102796
0.122859
0.142531
0.161762
0.180516
0.198766
0.216495
0.233688
0.250332
0.26642
0.281939
0.29688
0.311232
0.324979
0.338108
0.350601
0.362436
0.373591
0.38404
0.393753
0.402697
0.410836
0.41813
0.424535
0.430002
0.43448
0.437909
0.440228
0.441368
0.441254
0.439803
0.436925
0.43252
0.426478
0.418674
0.408969
0.397205
0.383202
0.366756
0.347633
0.325569
0.30028
0.271471
0.238883
0.202368
0.162033
0.118464
0.0730568
0.0283962
-0.0114621
-0.041119
-0.0547976
-0.0488628
-0.0274469
-0.00698342
-0.00664116
-0.0271816
-0.0540951
-0.0750583
-0.0859287
-0.0871466
-0.0803447
-0.0673874
-0.0500029
-0.0296148
-0.0073196
0.0160709
0.0399722
0.0639723
0.0877869
0.111224
0.134156
0.156504
0.178219
0.199272
0.219653
0.239358
0.258389
0.276751
0.294452
0.311496
0.32789
0.343635
0.358735
0.373186
0.386984
0.400121
0.412587
0.424368
0.435445
0.445798
0.455402
0.464229
0.472247
0.479419
0.485706
0.491064
0.495442
0.498789
0.501044
0.502142
0.502015
0.500582
0.497757
0.493446
0.48754
0.479919
0.470445
0.45896
0.445282
0.429195
0.410447
0.388741
0.36373
0.33502
0.302187
0.264829
0.222676
0.175803
0.124984
0.0722221
0.0213445
-0.0215914
-0.0486848
-0.0525858
-0.0338201
-0.00967096
-0.010254
-0.0372392
-0.0668253
-0.0844605
-0.0876657
-0.0791816
-0.0622521
-0.0396896
-0.0136978
0.0141301
0.0427025
0.0712998
0.0994639
0.126916
0.153498
0.179129
0.203778
0.227445
0.25015
0.271922
0.292795
0.312803
0.331982
0.350362
0.367973
0.384839
0.40098
0.416414
0.431153
0.445205
0.458574
0.47126
0.483258
0.494562
0.505158
0.515031
0.524162
0.532527
0.540097
0.546843
0.552727
0.557711
0.561751
0.564797
0.566795
0.567688
0.567408
0.565886
0.563039
0.55878
0.553008
0.54561
0.536453
0.525387
0.512232
0.496775
0.478755
0.45786
0.433705
0.405822
0.373657
0.336582
0.293958
0.245287
0.190538
0.130729
0.0688065
0.0106897
-0.0340552
-0.0536099
-0.0420282
-0.013909
-0.0161376
-0.0508527
-0.0786916
-0.0857264
-0.0742039
-0.050482
-0.0196359
0.0147893
0.0504598
0.0859485
0.120443
0.153521
0.184997
0.214827
0.243043
0.269721
0.294952
0.318836
0.341467
0.362938
0.38333
0.402716
0.421162
0.438724
0.455451
0.471385
0.486559
0.501002
0.514736
0.527777
0.540136
0.55182
0.562831
0.573165
0.582817
0.591774
0.600021
0.607541
0.614309
0.6203
0.625482
0.629822
0.63328
0.635814
0.637377
0.637916
0.637374
0.635686
0.632782
0.628581
0.622994
0.615918
0.607233
0.5968
0.584452
0.569985
0.55315
0.533635
0.511044
0.484878
0.4545
0.419118
0.377785
0.329457
0.273208
0.208725
0.137289
0.0634099
-0.00311009
-0.0463481
-0.0505323
-0.0199785
-0.0246203
-0.0658512
-0.0802546
-0.0636561
-0.0278803
0.0166909
0.0639923
0.110697
0.155132
0.196609
0.234975
0.270337
0.302923
0.333
0.360831
0.386663
0.410716
0.433182
0.454227
0.473994
0.492603
0.510159
0.526748
0.542445
0.557312
0.5714
0.584753
0.597406
0.609385
0.620713
0.631406
0.641473
0.65092
0.659749
0.667956
0.675533
0.682471
0.688753
0.694363
0.699278
0.703472
0.706919
0.709584
0.711433
0.712425
0.712518
0.711661
0.709801
0.706879
0.702827
0.697567
0.691013
0.683061
0.673591
0.662455
0.649473
0.63442
0.617008
0.596864
0.573499
0.546264
0.514299
0.47647
0.431331
0.377152
0.312166
0.235333
0.148148
0.0578802
-0.0183924
-0.0528647
-0.0262208
-0.0312988
-0.0687277
-0.0436742
0.0154724
0.0836794
0.150382
0.211696
0.266446
0.314763
0.357326
0.39494
0.42837
0.458281
0.485231
0.509679
0.531997
0.552491
0.571407
0.588947
0.605277
0.620533
0.634827
0.648252
0.660884
0.672787
0.684014
0.694606
0.7046
0.714023
0.722895
0.731234
0.73905
0.746349
0.753136
0.759407
0.76516
0.770386
0.775074
0.77921
0.782778
0.785758
0.788129
0.789865
0.790938
0.791317
0.790969
0.789856
0.787936
0.785162
0.781482
0.776837
0.771156
0.76436
0.756353
0.747015
0.736203
0.72373
0.709358
0.692771
0.673543
0.651095
0.624623
0.592999
0.554647
0.507387
0.448322
0.374028
0.281704
0.172057
0.055698
-0.0301855
-0.0232111
-0.000660406
0.000352688
0.104333
0.217905
0.3121
0.388126
0.44978
0.500011
0.541351
0.575871
0.605147
0.630341
0.652319
0.671722
0.689037
0.704633
0.718795
0.731744
0.743655
0.754667
0.764892
0.77442
0.783325
0.791665
0.79949
0.80684
0.813747
0.820237
0.82633
0.832042
0.837385
0.842368
0.846995
0.851268
0.855187
0.858749
0.861949
0.864779
0.86723
0.869291
0.87095
0.87219
0.872995
0.873348
0.873227
0.87261
0.871473
0.869788
0.867524
0.864647
0.861118
0.85689
0.851911
0.846116
0.839425
0.83174
0.822933
0.81284
0.801237
0.787824
0.772178
0.753698
0.73151
0.70431
0.670123
0.62591
0.567062
0.48705
0.376958
0.228427
0.0726436
0.0309695
0.292184
0.379306
0.530607
0.644331
0.714297
0.760017
0.792311
0.816129
0.834335
0.848758
0.860546
0.870427
0.878883
0.886244
0.892742
0.898545
0.903778
0.908536
0.912891
0.916901
0.920609
0.924052
0.927258
0.93025
0.933048
0.935665
0.938115
0.940407
0.942548
0.944544
0.946398
0.948115
0.949695
0.951138
0.952445
0.953613
0.954639
0.955522
0.956257
0.956839
0.957264
0.957524
0.957615
0.957529
0.957257
0.956792
0.956124
0.955242
0.954135
0.95279
0.951193
0.949325
0.947166
0.944692
0.941871
0.938665
0.935023
0.93088
0.926146
0.9207
0.914371
0.906908
0.897942
0.886901
0.872863
0.854247
0.828214
0.789432
0.726146
0.611349
0.435853
0.317985
)
;

boundaryField
{
    movingWall
    {
        type            calculated;
        value           uniform 1;
    }
    fixedWalls
    {
        type            calculated;
        value           uniform 0;
    }
    frontAndBack
    {
        type            empty;
    }
}


// ************************************************************************* //
