/*--------------------------------*- C++ -*----------------------------------*\
  =========                 |
  \\      /  F ield         | OpenFOAM: The Open Source CFD Toolbox
   \\    /   O peration     | Website:  https://openfoam.org
    \\  /    A nd           | Version:  dev
     \\/     M anipulation  |
\*---------------------------------------------------------------------------*/
FoamFile
{
    format      ascii;
    class       volScalarField;
    location    "34.2";
    object      p;
}
// * * * * * * * * * * * * * * * * * * * * * * * * * * * * * * * * * * * * * //

dimensions      [0 2 -2 0 0 0 0];

internalField   nonuniform List<scalar> 
5184
(
1.39423e-06
-1.0197e-05
-9.60807e-05
-0.000248973
-0.000448399
-0.000677083
-0.000920792
-0.00116755
-0.00140823
-0.00163566
-0.00184444
-0.00203054
-0.00219102
-0.00232379
-0.00242736
-0.00250075
-0.00254326
-0.00255447
-0.00253409
-0.00248197
-0.00239801
-0.00228219
-0.00213458
-0.0019553
-0.00174459
-0.00150284
-0.00123057
-0.00092855
-0.00059776
-0.000239476
0.000144718
0.000552895
0.000982762
0.00143165
0.00189649
0.00237384
0.00285989
0.00335046
0.00384107
0.004327
0.00480329
0.00526487
0.00570662
0.00612345
0.00651041
0.00686279
0.00717623
0.00744678
0.00767109
0.00784641
0.00797074
0.00804287
0.00806246
0.00803006
0.00794718
0.00781626
0.0076407
0.00742481
0.0071738
0.00689374
0.00659149
0.00627465
0.00595154
0.00563112
0.00532294
0.00503708
0.00478406
0.0045745
0.00441836
0.00432408
0.00429714
0.00432442
1.48844e-05
2.41178e-06
-7.21865e-05
-0.000199962
-0.000365232
-0.000555522
-0.000759901
-0.000968767
-0.00117419
-0.00136979
-0.0015505
-0.00171243
-0.0018526
-0.00196879
-0.00205934
-0.00212307
-0.0021591
-0.00216685
-0.00214588
-0.0020959
-0.00201674
-0.00190832
-0.00177064
-0.0016038
-0.00140803
-0.0011837
-0.000931335
-0.000651664
-0.000345646
-1.45006e-05
0.000340266
0.000716837
0.00111306
0.00152645
0.00195416
0.002393
0.00283947
0.00328974
0.00373971
0.00418506
0.00462129
0.0050438
0.00544795
0.00582915
0.00618294
0.00650511
0.00679175
0.00703936
0.00724498
0.00740621
0.00752133
0.00758935
0.00761007
0.00758413
0.00751298
0.00739896
0.00724526
0.00705587
0.00683562
0.00659004
0.0063254
0.00604856
0.00576697
0.00548855
0.00522161
0.00497473
0.00475658
0.00457553
0.00443889
0.00435259
0.00432403
0.00435162
0.000101566
7.68508e-05
1.50899e-06
-0.000116042
-0.000263766
-0.000432027
-0.000612114
-0.000796194
-0.000977565
-0.00115067
-0.001311
-0.00145496
-0.00157974
-0.00168319
-0.00176364
-0.00181985
-0.00185091
-0.00185611
-0.00183497
-0.00178711
-0.00171231
-0.00161042
-0.0014814
-0.00132531
-0.00114234
-0.000932822
-0.000697238
-0.000436269
-0.000150814
0.000157984
0.000488714
0.000839671
0.00120885
0.00159391
0.00199221
0.00240079
0.00281636
0.00323538
0.00365403
0.0040683
0.00447402
0.00486692
0.00524271
0.00559714
0.0059261
0.00622571
0.00649237
0.00672288
0.00691454
0.00706516
0.00717323
0.00723788
0.00725901
0.00723726
0.00717407
0.00707169
0.00693311
0.00676212
0.0065632
0.0063415
0.00610281
0.0058534
0.00560006
0.00534988
0.00511026
0.00488863
0.00469249
0.00452889
0.00440386
0.00432263
0.00429485
0.00432548
0.000256615
0.000205215
0.00011741
-1.54935e-06
-0.000143997
-0.000302153
-0.000468893
-0.000637846
-0.000803473
-0.000961083
-0.00110681
-0.0012375
-0.00135067
-0.00144434
-0.00151699
-0.00156743
-0.00159475
-0.00159828
-0.00157748
-0.00153197
-0.00146144
-0.00136573
-0.00124474
-0.00109849
-0.000927102
-0.000730846
-0.000510145
-0.000265605
1.96192e-06
0.000291508
0.000601732
0.000931053
0.0012776
0.00163921
0.00201339
0.00239736
0.00278805
0.00318212
0.00357599
0.00396587
0.00434783
0.00471785
0.00507186
0.00540586
0.00571596
0.0059985
0.00625008
0.00646769
0.00664878
0.00679132
0.00689387
0.00695566
0.00697661
0.00695738
0.00689936
0.0068047
0.00667627
0.00651766
0.00633309
0.00612742
0.00590603
0.00567476
0.00543982
0.00520771
0.00498508
0.00477862
0.00459492
0.00444027
0.00432009
0.00423945
0.00420841
0.00423367
0.000461384
0.000372789
0.000264195
0.000136493
-7.86776e-06
-0.000162723
-0.000322301
-0.000481601
-0.000636212
-0.000782334
-0.000916785
-0.00103695
-0.00114073
-0.00122642
-0.0012927
-0.00133851
-0.00136303
-0.00136561
-0.00134573
-0.00130299
-0.00123707
-0.00114775
-0.0010349
-0.000898457
-0.000738492
-0.000555192
-0.000348895
-0.000120114
0.000130443
0.000401843
0.00069291
0.0010022
0.00132799
0.00166826
0.0020207
0.00238271
0.00275139
0.00312358
0.0034959
0.00386476
0.0042264
0.00457699
0.00491266
0.00522957
0.005524
0.00579241
0.00603157
0.00623858
0.00641098
0.00654682
0.00664472
0.00670396
0.00672444
0.00670681
0.00665241
0.00656329
0.0064422
0.00629256
0.00611839
0.00592427
0.00571523
0.00549674
0.00527454
0.0050546
0.00484295
0.00464563
0.00446856
0.00431736
0.00419698
0.00411218
0.00407179
0.00408163
0.00069971
0.000567695
0.000432534
0.000290496
0.000138569
-1.84766e-05
-0.000176032
-0.000330357
-0.000478115
-0.000616381
-0.000742682
-0.000854968
-0.000951568
-0.00103113
-0.00109257
-0.00113502
-0.00115776
-0.00116023
-0.00114194
-0.00110251
-0.00104159
-0.000958936
-0.000854348
-0.000727715
-0.00057902
-0.000408362
-0.000215979
-2.27221e-06
0.00023217
0.000486543
0.000759808
0.00105067
0.00135755
0.00167859
0.00201164
0.00235425
0.00270371
0.00305701
0.00341092
0.003762
0.00410666
0.0044412
0.00476186
0.00506492
0.00534677
0.00560396
0.00583332
0.006032
0.00619761
0.00632821
0.00642245
0.00647957
0.00649948
0.00648277
0.00643071
0.00634527
0.00622909
0.00608542
0.0059181
0.00573149
0.00553035
0.0053198
0.00510521
0.00489209
0.00468599
0.00449241
0.00431666
0.00416381
0.00403843
0.0039449
0.00388971
0.00387664
0.000957806
0.000779054
0.000613522
0.000452986
0.000289071
0.000125386
-3.44469e-05
-0.000187827
-0.00033242
-0.000466139
-0.00058721
-0.000694162
-0.000785786
-0.0008611
-0.000919302
-0.000959731
-0.000981832
-0.00098513
-0.000969207
-0.000933687
-0.000878235
-0.000802557
-0.000706407
-0.000589599
-0.000452029
-0.000293695
-0.000114721
8.46167e-05
0.000303861
0.000542351
0.000799192
0.00107324
0.00136307
0.00166699
0.001983
0.0023088
0.00264181
0.00297917
0.00331779
0.00365433
0.00398532
0.00430713
0.0046161
0.00490856
0.00518095
0.00542983
0.00565206
0.0058448
0.00600563
0.00613259
0.0062243
0.00627996
0.00629941
0.00628318
0.00623247
0.00614916
0.00603575
0.00589539
0.00573176
0.005549
0.00535167
0.00514464
0.00493294
0.00472174
0.00451619
0.00432133
0.00414203
0.00398286
0.00384806
0.00374167
0.00366736
0.00362635
0.00122355
0.000996726
0.000798564
0.000616672
0.000437566
0.000263884
9.84171e-05
-5.72633e-05
-0.000201748
-0.000333739
-0.000452142
-0.000556055
-0.000644742
-0.000717602
-0.000774134
-0.000813909
-0.000836541
-0.000841673
-0.000828956
-0.000798046
-0.000748607
-0.000680312
-0.000592858
-0.000485984
-0.000359489
-0.000213258
-4.72907e-05
0.000138272
0.000343118
0.000566737
0.000808391
0.00106709
0.00134158
0.0016303
0.00193141
0.00224275
0.00256188
0.00288605
0.00321227
0.0035373
0.00385771
0.00416994
0.00447036
0.00475531
0.00502122
0.00526464
0.00548238
0.00567154
0.00582965
0.00595467
0.00604515
0.0061002
0.00611959
0.00610373
0.00605374
0.00597139
0.0058591
0.00571988
0.00555726
0.00537526
0.00517826
0.00497088
0.00475796
0.00454438
0.00433497
0.00413445
0.00394729
0.00377768
0.00362961
0.00350683
0.00341006
0.00333789
0.00148667
0.00121156
0.000979599
0.00077452
0.000577998
0.000391868
0.000218214
5.76757e-05
-8.91877e-05
-0.000221819
-0.000339766
-0.000442683
-0.000530298
-0.000602392
-0.000658771
-0.000699245
-0.000723607
-0.000731622
-0.000723019
-0.000697491
-0.000654698
-0.000594282
-0.000515881
-0.000419148
-0.00030378
-0.00016954
-1.62932e-05
0.000155966
0.000347081
0.000556701
0.000784251
0.00102891
0.00128957
0.00156483
0.001853
0.00215206
0.00245967
0.00277318
0.0030897
0.00340602
0.00371878
0.00402442
0.0043193
0.00459972
0.00486207
0.00510283
0.00531871
0.00550672
0.00566427
0.00578922
0.00587996
0.00593551
0.0059555
0.00594024
0.00589072
0.00580861
0.00569621
0.00555642
0.00539268
0.00520885
0.00500919
0.00479819
0.00458048
0.00436075
0.00414363
0.00393358
0.00373479
0.00355113
0.00338648
0.00324437
0.00312262
0.00301729
0.00173819
0.00141529
0.00114913
0.000919797
0.000704397
0.000504086
0.00032034
0.000152957
1.70994e-06
-0.000133532
-0.000252927
-0.000356657
-0.0004449
-0.000517809
-0.000575494
-0.000618001
-0.000645303
-0.00065729
-0.000653766
-0.000634461
-0.00059903
-0.00054708
-0.000478182
-0.0003919
-0.000287818
-0.000165571
-2.48775e-05
0.000134423
0.00031234
0.00050869
0.00072307
0.000954823
0.00120301
0.0014664
0.00174341
0.00203217
0.00233043
0.00263566
0.002945
0.0032553
0.0035632
0.00386512
0.00415737
0.0044362
0.00469789
0.0049388
0.00515553
0.00534492
0.00550423
0.00563114
0.00572389
0.00578132
0.00580291
0.00578883
0.00573992
0.00565772
0.00554443
0.00540284
0.00523627
0.00504852
0.00484372
0.00462627
0.00440069
0.00417154
0.00394331
0.00372031
0.00350655
0.00330569
0.00312159
0.00295769
0.00280905
0.00266934
0.00197017
0.00160042
0.00130018
0.0010461
0.000810942
0.000595285
0.000400073
0.000224333
6.71102e-05
-7.23696e-05
-0.000194836
-0.000300972
-0.000391383
-0.000466582
-0.000526969
-0.000572819
-0.000604278
-0.000621354
-0.000623927
-0.000611753
-0.000584481
-0.000541674
-0.000482832
-0.00040742
-0.000314902
-0.000204774
-7.66004e-05
6.99465e-05
0.000235048
0.000418701
0.00062068
0.000840505
0.0010774
0.0013303
0.00159776
0.00187802
0.00216897
0.00246812
0.00277266
0.00307948
0.00338518
0.00368617
0.00397867
0.00425883
0.00452277
0.00476674
0.00498711
0.00518057
0.00534413
0.00547529
0.00557206
0.00563307
0.00565762
0.00564567
0.00559791
0.00551573
0.0054012
0.00525701
0.00508639
0.00489306
0.00468109
0.00445482
0.00421872
0.0039773
0.00373498
0.003496
0.0032643
0.00304346
0.0028374
0.00264961
0.00247254
0.00229762
0.00217546
0.00176007
0.00142623
0.00114733
0.000891985
0.000660265
0.000452641
0.000267422
0.000102977
-4.20702e-05
-0.000168987
-0.000278928
-0.000372904
-0.000451765
-0.000516187
-0.000566663
-0.000603497
-0.000626811
-0.000636545
-0.000632479
-0.000614245
-0.000581356
-0.000533231
-0.000469229
-0.000388683
-0.000290939
-0.000175399
-4.15594e-05
0.000110946
0.000282302
0.000472471
0.000681155
0.000907759
0.00115136
0.00141069
0.00168409
0.00196955
0.00226466
0.00256665
0.0028724
0.00317851
0.00348129
0.00377688
0.00406129
0.00433047
0.00458047
0.00480744
0.00500782
0.00517837
0.00531633
0.00541945
0.0054861
0.00551532
0.00550686
0.00546122
0.00537961
0.00526394
0.00511681
0.00494136
0.00474124
0.0045205
0.00428346
0.0040346
0.00377842
0.00351938
0.00326176
0.00300948
0.00276614
0.00253586
0.00232232
0.00211548
0.00190468
0.00234752
0.00188785
0.00152116
0.00121767
0.000942055
0.000693907
0.000473262
0.000277759
0.000105131
-4.65652e-05
-0.000179103
-0.00029408
-0.000392887
-0.000476693
-0.000546428
-0.000602787
-0.00064622
-0.000676946
-0.000694959
-0.000700048
-0.000691821
-0.000669728
-0.000633098
-0.000581175
-0.00051315
-0.000428212
-0.000325586
-0.00020458
-6.4636e-05
9.46311e-05
0.000273382
0.000471511
0.000688609
0.000923922
0.00117633
0.00144431
0.00172594
0.00201889
0.00232042
0.00262742
0.00293643
0.00324369
0.0035452
0.00383681
0.00411429
0.00437342
0.00461011
0.0048205
0.00500105
0.00514868
0.00526082
0.00533553
0.00537157
0.00536841
0.00532631
0.00524627
0.00513005
0.00498009
0.00479947
0.0045918
0.00436111
0.00411175
0.00384824
0.00357519
0.00329713
0.00301845
0.00274319
0.00247506
0.00221851
0.00197747
0.00173959
0.00149219
0.00248025
0.00197781
0.00157918
0.00125158
0.000955866
0.000691192
0.000457185
0.000250846
6.93035e-05
-8.99197e-05
-0.000229075
-0.000350179
-0.000454977
-0.000544932
-0.000621213
-0.000684695
-0.000735959
-0.000775306
-0.00080277
-0.000818137
-0.000820978
-0.000810671
-0.000786445
-0.000747413
-0.000692618
-0.000621076
-0.000531826
-0.000423978
-0.000296766
-0.000149593
1.7911e-05
0.000205848
0.000414002
0.000641802
0.000888286
0.00115207
0.00143135
0.00172385
0.00202687
0.00233731
0.00265163
0.002966
0.00327627
0.00357809
0.00386702
0.00413855
0.00438829
0.00461203
0.00480588
0.00496639
0.00509062
0.00517626
0.00522171
0.00522613
0.00518947
0.0051125
0.00499678
0.0048446
0.00465895
0.0044434
0.004202
0.00393915
0.00365948
0.00336774
0.00306863
0.00276674
0.00246631
0.00217126
0.00188645
0.00161623
0.00134596
0.00106107
0.00256795
0.00202432
0.00159483
0.00124375
0.000928311
0.000647223
0.00039972
0.00018219
-8.81394e-06
-0.00017628
-0.000322912
-0.000451119
-0.00056298
-0.00066023
-0.000744255
-0.000816091
-0.000876435
-0.000925652
-0.000963802
-0.000990655
-0.00100573
-0.00100832
-0.000997547
-0.000972378
-0.000931693
-0.000874328
-0.000799121
-0.00070497
-0.000590888
-0.000456054
-0.00029987
-0.000122014
7.75096e-05
0.000298325
0.000539645
0.000800239
0.00107841
0.00137198
0.00167829
0.00199421
0.00231618
0.00264025
0.00296212
0.00327723
0.00358086
0.00386822
0.00413455
0.00437527
0.00458608
0.00476307
0.00490288
0.00500277
0.00506073
0.00507551
0.00504674
0.00497488
0.00486124
0.00470796
0.00451791
0.00429462
0.00404217
0.00376505
0.00346805
0.00315611
0.00283418
0.00250712
0.00217947
0.00185546
0.00154046
0.00123932
0.000935211
0.000611623
0.00260519
0.00202206
0.00156288
0.00118912
0.000854472
0.00055724
0.000296266
6.73439e-05
-0.000133527
-0.000309825
-0.000464684
-0.000600884
-0.000720814
-0.000826462
-0.000919409
-0.00100084
-0.00107153
-0.00113192
-0.00118206
-0.0012217
-0.00125029
-0.00126703
-0.00127091
-0.00126075
-0.00123525
-0.00119305
-0.00113277
-0.0010531
-0.000952801
-0.000830812
-0.000686295
-0.000518687
-0.000327762
-0.000113681
0.000122963
0.000381108
0.000659191
0.000955132
0.00126633
0.00158965
0.0019215
0.0022578
0.0025941
0.00292562
0.00324734
0.00355414
0.00384087
0.0041025
0.00433426
0.00453176
0.00469112
0.00480911
0.0048832
0.00491171
0.00489384
0.0048297
0.00472031
0.0045676
0.00437429
0.00414389
0.0038805
0.00358873
0.00327358
0.00294022
0.00259394
0.00223994
0.00188315
0.00152819
0.00118104
0.000847164
0.000507536
0.000143712
0.00258683
0.00196598
0.00147839
0.00108283
0.000729619
0.000416637
0.000142337
-9.80613e-05
-0.000309099
-0.000494723
-0.000658479
-0.000803497
-0.000932458
-0.00104758
-0.00115062
-0.0012429
-0.00132526
-0.00139818
-0.0014617
-0.00151553
-0.00155904
-0.00159132
-0.00161122
-0.0016174
-0.00160837
-0.00158255
-0.00153836
-0.0014742
-0.00138862
-0.00128027
-0.00114807
-0.000991189
-0.000809144
-0.000601859
-0.000369708
-0.00011356
0.000165179
0.00046455
0.000782019
0.00111449
0.0014583
0.0018093
0.00216285
0.00251394
0.00285725
0.00318728
0.00349845
0.00378524
0.00404236
0.00426485
0.00444824
0.00458871
0.00468317
0.00472939
0.00472608
0.00467291
0.00457056
0.00442068
0.00422585
0.00398949
0.00371575
0.00340939
0.00307561
0.00271992
0.00234798
0.00196543
0.00157766
0.00118978
0.000808488
0.000439927
6.28551e-05
-0.000343155
0.00250797
0.00185126
0.00133664
0.000920261
0.000549224
0.000220978
-6.64092e-05
-0.000318284
-0.00053971
-0.000735086
-0.000908354
-0.00106298
-0.0012019
-0.00132757
-0.00144189
-0.00154629
-0.00164169
-0.00172856
-0.00180694
-0.00187648
-0.00193646
-0.00198583
-0.00202331
-0.00204737
-0.00205632
-0.00204836
-0.00202164
-0.00197435
-0.00190471
-0.00181114
-0.00169224
-0.0015469
-0.00137437
-0.00117429
-0.000946789
-0.00069252
-0.000412694
-0.000109124
0.000215756
0.000558889
0.000916604
0.00128464
0.00165822
0.00203207
0.00240056
0.00275778
0.0030977
0.00341425
0.00370154
0.00395397
0.00416642
0.00433437
0.00445407
0.00452267
0.00453827
0.00450003
0.0044082
0.0042641
0.0040701
0.00382953
0.00354656
0.00322611
0.00287363
0.002495
0.00209632
0.00168377
0.00126325
0.000840485
0.000422963
1.7609e-05
-0.000399115
-0.000849697
0.00236394
0.00167335
0.00113315
0.000697022
0.000308971
-3.39795e-05
-0.00033415
-0.000597439
-0.00082942
-0.00103493
-0.00121829
-0.00138328
-0.0015331
-0.00167038
-0.00179719
-0.00191504
-0.00202489
-0.00212723
-0.00222206
-0.00230895
-0.00238708
-0.00245528
-0.00251208
-0.00255578
-0.00258446
-0.00259609
-0.00258857
-0.00255977
-0.00250767
-0.00243034
-0.00232609
-0.0021935
-0.00203149
-0.00183942
-0.00161712
-0.00136499
-0.00108401
-0.000775807
-0.000442684
-8.76238e-05
0.000285709
0.00067299
0.00106927
0.00146906
0.00186639
0.00225494
0.00262815
0.00297937
0.00330206
0.0035899
0.00383701
0.00403809
0.00418862
0.004285
0.00432462
0.00430605
0.00422899
0.00409436
0.00390425
0.00366186
0.00337137
0.00303784
0.00266702
0.00226518
0.00183896
0.0013951
0.00094016
0.000480513
2.45713e-05
-0.000419868
-0.00087876
-0.00137676
0.00215034
0.00142794
0.000863717
0.000408963
4.77184e-06
-0.000352266
-0.000664865
-0.000939465
-0.00118213
-0.00139813
-0.00159215
-0.00176825
-0.0019299
-0.00207989
-0.00222043
-0.00235309
-0.0024789
-0.0025983
-0.00271127
-0.00281729
-0.00291542
-0.00300435
-0.00308244
-0.00314776
-0.0031982
-0.00323145
-0.00324512
-0.00323682
-0.00320418
-0.00314496
-0.00305711
-0.00293888
-0.00278884
-0.00260601
-0.0023899
-0.00214058
-0.00185879
-0.00154591
-0.00120408
-0.000836143
-0.000445739
-3.72279e-05
0.000384316
0.000813166
0.00124302
0.00166713
0.0020784
0.00246954
0.00283328
0.00316251
0.00345048
0.00369102
0.00387872
0.00400908
0.0040787
0.00408538
0.00402819
0.00390755
0.00372519
0.0034841
0.00318845
0.00284343
0.0024551
0.00203018
0.00157587
0.00109959
0.000608621
0.000110091
-0.000386567
-0.000872583
-0.00137648
-0.00192523
0.00186301
0.001111
0.000524378
5.21951e-05
-0.000367207
-0.000737674
-0.00106231
-0.00134809
-0.00160156
-0.00182839
-0.00203361
-0.0022216
-0.00239601
-0.00255984
-0.00271539
-0.00286431
-0.00300762
-0.00314579
-0.0032787
-0.00340576
-0.00352591
-0.00363766
-0.00373921
-0.0038284
-0.00390287
-0.00396006
-0.00399728
-0.00401181
-0.00400095
-0.0039621
-0.00389285
-0.00379104
-0.00365488
-0.003483
-0.00327453
-0.0030292
-0.00274741
-0.00243027
-0.00207966
-0.0016983
-0.0012897
-0.000858246
-0.000409095
5.18146e-05
0.000517865
0.000981851
0.00143612
0.00187271
0.00228355
0.00266065
0.00299632
0.00328337
0.00351536
0.00368679
0.00379328
0.00383174
0.00380048
0.00369927
0.00352939
0.00329355
0.00299584
0.00264158
0.00223713
0.00178969
0.00130707
0.000797471
0.000268965
-0.000270463
-0.000810245
-0.00134053
-0.0018926
-0.00249592
0.00149807
0.00071877
0.000111469
-0.000376888
-0.000810529
-0.00119373
-0.00152999
-0.0018268
-0.00209117
-0.00232917
-0.00254617
-0.00274681
-0.00293497
-0.00311378
-0.00328567
-0.00345232
-0.0036148
-0.00377352
-0.0039283
-0.00407846
-0.00422279
-0.00435966
-0.00448705
-0.00460259
-0.00470367
-0.00478742
-0.00485087
-0.00489094
-0.00490458
-0.0048888
-0.00484078
-0.00475795
-0.00463808
-0.00447937
-0.00428054
-0.00404089
-0.00376044
-0.00343995
-0.00308102
-0.00268613
-0.00225864
-0.00180287
-0.00132405
-0.000828276
-0.000322476
0.000185709
0.000688041
0.00117585
0.00164021
0.00207218
0.00246298
0.00280432
0.00308857
0.00330907
0.00346029
0.00353809
0.00353984
0.00346455
0.00331288
0.00308718
0.00279137
0.00243086
0.0020123
0.00154339
0.00103265
0.00048908
-7.83449e-05
-0.00066068
-0.0012461
-0.00182355
-0.00242729
-0.00308947
0.00105197
0.00024782
-0.000378365
-0.00088159
-0.00132846
-0.00172367
-0.00207112
-0.0023788
-0.00265417
-0.00290369
-0.00313304
-0.00334711
-0.00355001
-0.003745
-0.0039346
-0.00412055
-0.00430391
-0.00448505
-0.00466375
-0.0048392
-0.00501005
-0.00517451
-0.00533035
-0.00547497
-0.00560548
-0.00571875
-0.00581145
-0.00588016
-0.00592143
-0.00593186
-0.00590819
-0.0058474
-0.00574676
-0.00560401
-0.00541737
-0.00518568
-0.0049085
-0.00458617
-0.00421992
-0.00381192
-0.00336533
-0.00288434
-0.00237415
-0.001841
-0.00129209
-0.000735466
-0.00017996
0.000365014
0.000889635
0.0013839
0.00183789
0.00224203
0.00258737
0.00286588
0.00307075
0.00319656
0.00323956
0.00319779
0.00307118
0.00286154
0.00257256
0.00220964
0.00177973
0.00129103
0.000752783
0.000174895
-0.000432658
-0.00105987
-0.00169351
-0.00232122
-0.00298047
-0.00370631
0.000521469
-0.000304957
-0.000948149
-0.00146488
-0.00192393
-0.0023304
-0.00268861
-0.00300699
-0.00329346
-0.00355484
-0.00379712
-0.00402544
-0.00424409
-0.00445649
-0.00466521
-0.00487206
-0.00507809
-0.00528363
-0.00548839
-0.00569143
-0.00589129
-0.00608599
-0.00627309
-0.00644976
-0.00661283
-0.00675885
-0.00688417
-0.00698498
-0.00705743
-0.00709767
-0.00710196
-0.00706678
-0.00698888
-0.00686545
-0.00669418
-0.00647336
-0.00620201
-0.00587999
-0.00550807
-0.00508803
-0.00462271
-0.00411611
-0.00357334
-0.00300071
-0.00240561
-0.0017965
-0.00118277
-0.000574598
1.72512e-05
0.000581662
0.00110744
0.00158359
0.0019997
0.00234619
0.00261471
0.00279837
0.00289209
0.00289272
0.00279924
0.00261278
0.00233664
0.00197615
0.00153847
0.00103234
0.000467752
-0.000144411
-0.000793077
-0.00146706
-0.00215158
-0.00283281
-0.00355172
-0.00434651
-9.6271e-05
-0.000942297
-0.00160054
-0.00212939
-0.00259953
-0.00301651
-0.003385
-0.00371392
-0.00401159
-0.00428519
-0.00454098
-0.00478437
-0.00501981
-0.00525084
-0.00548014
-0.00570954
-0.00594008
-0.00617206
-0.0064051
-0.00663817
-0.00686966
-0.0070974
-0.00731876
-0.00753066
-0.00772965
-0.00791197
-0.0080736
-0.00821035
-0.00831793
-0.00839201
-0.00842836
-0.0084229
-0.00837182
-0.0082717
-0.0081196
-0.00791322
-0.00765097
-0.00733212
-0.00695688
-0.00652654
-0.00604356
-0.00551161
-0.00493564
-0.00432192
-0.00367799
-0.00301266
-0.00233584
-0.00165848
-0.000992299
-0.000349605
0.000257033
0.000815099
0.00131249
0.00173791
0.00208122
0.00233384
0.00248906
0.00254232
0.0024914
0.00233655
0.00208051
0.0017284
0.00128753
0.000767136
0.000178013
-0.000467921
-0.00115839
-0.00188092
-0.00261899
-0.00335715
-0.00414019
-0.00500969
-0.000803704
-0.00166654
-0.00233783
-0.00287734
-0.00335747
-0.00378417
-0.00416249
-0.00450177
-0.00481074
-0.00509689
-0.00536679
-0.00562606
-0.00587933
-0.00613025
-0.00638158
-0.00663519
-0.00689212
-0.00715262
-0.00741625
-0.00768185
-0.00794769
-0.00821142
-0.0084702
-0.00872071
-0.00895921
-0.00918162
-0.00938356
-0.00956043
-0.00970748
-0.00981988
-0.00989286
-0.00992176
-0.00990213
-0.00982991
-0.00970147
-0.00951381
-0.00926465
-0.00895256
-0.00857713
-0.00813904
-0.00764022
-0.00708393
-0.00647484
-0.00581908
-0.00512425
-0.00439941
-0.00365496
-0.00290258
-0.00215498
-0.00142568
-0.000728722
-7.82794e-05
0.000511703
0.00102796
0.00145836
0.00179232
0.00202122
0.0021388
0.00214135
0.002028
0.00180069
0.00146418
0.00102583
0.000495304
-0.00011579
-0.000794425
-0.00152703
-0.00229967
-0.00309393
-0.00389258
-0.0047445
-0.00569497
-0.00160284
-0.00247962
-0.00316187
-0.00371057
-0.00419957
-0.00463519
-0.00502285
-0.00537231
-0.00569265
-0.0059917
-0.00627628
-0.00655223
-0.00682433
-0.00709639
-0.0073712
-0.00765069
-0.00793588
-0.00822701
-0.00852354
-0.00882424
-0.00912722
-0.00942998
-0.00972946
-0.0100221
-0.0103039
-0.0105704
-0.0108169
-0.0110384
-0.0112296
-0.0113852
-0.0114999
-0.0115682
-0.0115853
-0.0115461
-0.0114465
-0.0112825
-0.0110512
-0.0107503
-0.0103786
-0.00993615
-0.00942418
-0.00884542
-0.00820412
-0.00750615
-0.00675905
-0.00597203
-0.00515592
-0.00432305
-0.0034871
-0.00266285
-0.00186587
-0.00111212
-0.000417556
0.000202381
0.000733274
0.00116225
0.00147847
0.00167359
0.00174214
0.00168176
0.00149336
0.00118111
0.00075225
0.00021682
-0.000412781
-0.00112236
-0.00189695
-0.00272102
-0.00357406
-0.0044368
-0.00536264
-0.00640078
-0.00249524
-0.003383
-0.00407409
-0.00463048
-0.0051272
-0.00557094
-0.00596744
-0.00632687
-0.00665864
-0.00697089
-0.00727069
-0.00756408
-0.00785601
-0.00815038
-0.00845009
-0.00875708
-0.00907239
-0.00939622
-0.00972798
-0.0100663
-0.0104093
-0.0107541
-0.0110977
-0.0114361
-0.0117651
-0.0120799
-0.0123755
-0.0126463
-0.0128867
-0.0130907
-0.0132524
-0.0133659
-0.0134253
-0.013425
-0.0133599
-0.0132254
-0.0130174
-0.0127329
-0.0123698
-0.0119272
-0.0114057
-0.0108073
-0.0101356
-0.00939616
-0.00859629
-0.00774522
-0.00685407
-0.00593577
-0.00500492
-0.00407755
-0.00317079
-0.0023025
-0.00149081
-0.000753557
-0.000107707
0.00043124
0.000849864
0.00113738
0.00128613
0.00129192
0.0011543
0.000876553
0.000465629
-6.8208e-05
-0.000711802
-0.00144977
-0.00226561
-0.00314207
-0.0040563
-0.00498682
-0.00599183
-0.00712481
-0.00348195
-0.0043777
-0.00507549
-0.00563806
-0.00614134
-0.00659235
-0.00699718
-0.00736634
-0.00770957
-0.00803527
-0.00835078
-0.0086623
-0.00897496
-0.00929276
-0.00961869
-0.00995472
-0.0103019
-0.0106605
-0.0110297
-0.0114082
-0.0117939
-0.012184
-0.012575
-0.0129628
-0.013343
-0.0137105
-0.0140597
-0.0143848
-0.0146795
-0.0149375
-0.0151521
-0.0153166
-0.0154246
-0.0154695
-0.0154453
-0.0153465
-0.0151681
-0.014906
-0.0145571
-0.0141197
-0.0135933
-0.012979
-0.0122799
-0.0115007
-0.0106486
-0.00973254
-0.00876385
-0.00775595
-0.00672424
-0.00568595
-0.00465982
-0.00366568
-0.00272395
-0.00185507
-0.00107887
-0.00041378
0.000123785
0.000520172
0.000765087
0.000852091
0.00077894
0.000547724
0.000164801
-0.000359504
-0.00101136
-0.00177417
-0.00262984
-0.0035592
-0.00453683
-0.00553876
-0.00662843
-0.00786382
-0.00456352
-0.00546424
-0.00616658
-0.0067338
-0.00724247
-0.00769991
-0.00811253
-0.00849114
-0.00884579
-0.00918513
-0.00951673
-0.00984698
-0.0101812
-0.0105234
-0.0108767
-0.0112432
-0.011624
-0.0120191
-0.012428
-0.0128491
-0.0132803
-0.0137185
-0.0141602
-0.0146011
-0.0150365
-0.0154609
-0.0158684
-0.0162528
-0.0166073
-0.016925
-0.0171984
-0.0174204
-0.0175834
-0.0176803
-0.017704
-0.0176479
-0.017506
-0.0172731
-0.0169451
-0.0165189
-0.0159932
-0.0153679
-0.0146453
-0.0138294
-0.0129267
-0.0119459
-0.0108982
-0.0097975
-0.00865979
-0.00750346
-0.00634879
-0.00521763
-0.0041328
-0.00311757
-0.00219483
-0.00138636
-0.000711944
-0.000188593
0.000170273
0.000355449
0.000362433
0.000191686
-0.00015136
-0.000656564
-0.00130956
-0.00209254
-0.00298576
-0.00396796
-0.00501088
-0.0060878
-0.00726774
-0.00861355
-0.00573996
-0.00664265
-0.00734739
-0.00791776
-0.00843065
-0.00889367
-0.00931349
-0.00970121
-0.0100672
-0.0104202
-0.0107682
-0.0111176
-0.011474
-0.0118415
-0.0122233
-0.0126215
-0.0130372
-0.0134706
-0.0139211
-0.014387
-0.0148661
-0.0153554
-0.015851
-0.0163485
-0.0168429
-0.0173285
-0.0177991
-0.0182478
-0.0186675
-0.0190506
-0.0193892
-0.0196751
-0.0199001
-0.020056
-0.0201348
-0.0201289
-0.0200311
-0.0198349
-0.0195351
-0.0191273
-0.0186088
-0.0179787
-0.0172378
-0.0163893
-0.0154389
-0.0143948
-0.013268
-0.0120724
-0.0108247
-0.00954408
-0.00825242
-0.00697352
-0.00573271
-0.00455618
-0.0034702
-0.00250019
-0.00166979
-0.000999829
-0.000507436
-0.000205151
-0.000100298
-0.000194562
-0.000483869
-0.000958586
-0.001604
-0.00240119
-0.00332865
-0.00436294
-0.00547262
-0.00662794
-0.00790391
-0.0093685
-0.00701076
-0.00791247
-0.00861752
-0.00918954
-0.00970549
-0.0101732
-0.0105996
-0.010996
-0.011373
-0.0117398
-0.0121042
-0.0124731
-0.012852
-0.0132454
-0.0136564
-0.0140873
-0.0145392
-0.0150124
-0.0155061
-0.0160188
-0.0165482
-0.017091
-0.0176435
-0.018201
-0.0187581
-0.019309
-0.0198471
-0.0203651
-0.0208553
-0.0213097
-0.0217195
-0.022076
-0.02237
-0.0225923
-0.022734
-0.0227861
-0.0227404
-0.0225892
-0.0223256
-0.0219441
-0.0214405
-0.0208124
-0.0200596
-0.019184
-0.0181902
-0.0170858
-0.0158811
-0.0145901
-0.0132296
-0.0118197
-0.0103836
-0.00894708
-0.00753786
-0.00618525
-0.00491906
-0.00376873
-0.00276215
-0.00192454
-0.0012773
-0.000836993
-0.000614401
-0.000613974
-0.000833531
-0.00126437
-0.0018917
-0.00269562
-0.00365286
-0.00473761
-0.00591501
-0.0071519
-0.00852969
-0.0101218
-0.00837484
-0.00927273
-0.00997607
-0.0105483
-0.0110661
-0.0115376
-0.0119699
-0.0123745
-0.0127623
-0.0131425
-0.0135233
-0.0139117
-0.0143134
-0.0147329
-0.0151736
-0.0156378
-0.0161268
-0.0166408
-0.0171791
-0.0177402
-0.0183217
-0.0189205
-0.0195324
-0.0201528
-0.0207761
-0.0213961
-0.0220059
-0.0225979
-0.0231639
-0.0236952
-0.0241824
-0.024616
-0.024986
-0.0252822
-0.0254945
-0.0256129
-0.0256278
-0.02553
-0.0253113
-0.0249647
-0.0244845
-0.0238667
-0.0231095
-0.0222135
-0.0211821
-0.0200216
-0.018742
-0.0173564
-0.015882
-0.0143394
-0.0127528
-0.0111498
-0.00956063
-0.00801765
-0.00655443
-0.00520466
-0.00400094
-0.00297342
-0.00214845
-0.00154727
-0.00118491
-0.0010693
-0.0012008
-0.00157217
-0.00216894
-0.00297041
-0.0039516
-0.00508418
-0.00632959
-0.00765088
-0.00913628
-0.0108649
-0.00983062
-0.010722
-0.0114217
-0.0119928
-0.0125114
-0.0129857
-0.0134231
-0.0138353
-0.0142333
-0.0146265
-0.0150233
-0.0154309
-0.0158552
-0.0163009
-0.0167714
-0.0172692
-0.0177957
-0.0183511
-0.0189349
-0.0195457
-0.0201808
-0.0208373
-0.0215109
-0.0221967
-0.0228892
-0.0235817
-0.0242671
-0.0249375
-0.0255841
-0.0261976
-0.0267681
-0.0272852
-0.0277381
-0.0281155
-0.0284063
-0.0285992
-0.0286832
-0.0286478
-0.0284833
-0.0281808
-0.0277331
-0.0271345
-0.0263815
-0.0254731
-0.0244111
-0.0232007
-0.0218505
-0.0203732
-0.0187855
-0.0171084
-0.0153669
-0.0135902
-0.0118108
-0.0100641
-0.0083875
-0.00681926
-0.00539704
-0.00415644
-0.00312944
-0.00234276
-0.00181648
-0.00156286
-0.0015856
-0.00187957
-0.00243112
-0.00321906
-0.00421679
-0.0053934
-0.00670629
-0.00811437
-0.00971307
-0.0115874
-0.011376
-0.0122584
-0.0129527
-0.0135213
-0.0140395
-0.0145158
-0.0149575
-0.0153765
-0.0157839
-0.0161894
-0.0166016
-0.0170278
-0.0174742
-0.0179455
-0.0184454
-0.0189766
-0.0195405
-0.0201375
-0.0207673
-0.0214282
-0.022118
-0.0228334
-0.0235703
-0.0243237
-0.0250877
-0.0258557
-0.0266201
-0.0273727
-0.0281042
-0.0288049
-0.0294642
-0.0300708
-0.030613
-0.0310788
-0.0314557
-0.0317313
-0.0318931
-0.0319292
-0.0318281
-0.0315794
-0.031174
-0.0306043
-0.0298651
-0.0289534
-0.0278693
-0.0266163
-0.0252018
-0.0236373
-0.0219389
-0.0201275
-0.0182287
-0.0162728
-0.0142945
-0.0123321
-0.0104269
-0.00862169
-0.0069596
-0.00548222
-0.00422781
-0.0032294
-0.00251305
-0.0020963
-0.00198709
-0.00218323
-0.00267254
-0.00343376
-0.00443886
-0.00565433
-0.00703321
-0.00852991
-0.0102474
-0.0122769
-0.0130084
-0.0138796
-0.0145669
-0.0151318
-0.0156487
-0.0161258
-0.0165709
-0.0169957
-0.0174116
-0.0178284
-0.018255
-0.0186988
-0.0191661
-0.019662
-0.0201905
-0.0207542
-0.0213549
-0.0219931
-0.0226685
-0.0233797
-0.0241244
-0.0248994
-0.0257006
-0.0265228
-0.0273603
-0.028206
-0.0290522
-0.0298902
-0.0307105
-0.0315027
-0.0322555
-0.0329571
-0.0335949
-0.0341556
-0.0346259
-0.0349919
-0.03524
-0.0353564
-0.0353282
-0.0351431
-0.03479
-0.0342596
-0.0335444
-0.0326394
-0.0315428
-0.0302562
-0.0287851
-0.0271399
-0.0253355
-0.0233922
-0.0213358
-0.0191975
-0.0170137
-0.0148255
-0.0126777
-0.0106181
-0.00869531
-0.00695735
-0.00544946
-0.00421181
-0.00327743
-0.00267019
-0.00240335
-0.00247866
-0.00288618
-0.00360518
-0.00460652
-0.00585409
-0.00729636
-0.00888278
-0.0107244
-0.0129186
-0.0147248
-0.0155829
-0.0162618
-0.016822
-0.0173366
-0.0178136
-0.0182609
-0.0186904
-0.0191135
-0.0195403
-0.0199797
-0.0204395
-0.0209262
-0.0214452
-0.0220007
-0.0225955
-0.0232316
-0.0239097
-0.0246298
-0.0253905
-0.0261897
-0.0270242
-0.0278899
-0.0287818
-0.0296936
-0.0306186
-0.0315485
-0.0324745
-0.0333866
-0.0342738
-0.0351244
-0.0359258
-0.0366644
-0.0373262
-0.0378965
-0.0383604
-0.0387025
-0.0389079
-0.0389617
-0.0388499
-0.0385594
-0.0380787
-0.0373982
-0.0365108
-0.0354123
-0.0341021
-0.0325839
-0.0308661
-0.0289622
-0.0268917
-0.0246799
-0.0223584
-0.0199649
-0.0175429
-0.0151408
-0.0128108
-0.0106075
-0.00858564
-0.00679796
-0.00529267
-0.00411075
-0.00328362
-0.00283104
-0.00275986
-0.00306341
-0.00372219
-0.00470644
-0.00597761
-0.00747935
-0.00915575
-0.0111262
-0.0134948
-0.0165217
-0.0173654
-0.0180349
-0.0185895
-0.0191007
-0.0195766
-0.020025
-0.0204578
-0.0208865
-0.0213214
-0.0217716
-0.0222453
-0.0227492
-0.0232889
-0.023869
-0.0244927
-0.0251621
-0.0258782
-0.0266412
-0.0274499
-0.0283023
-0.0291954
-0.0301251
-0.0310862
-0.0320728
-0.0330776
-0.0340925
-0.0351081
-0.0361141
-0.0370991
-0.0380508
-0.0389558
-0.0397999
-0.0405679
-0.0412441
-0.0418123
-0.0422559
-0.0425582
-0.0427027
-0.0426735
-0.0424555
-0.042035
-0.0414002
-0.0405415
-0.0394523
-0.0381297
-0.0365751
-0.0347945
-0.0327997
-0.0306087
-0.028246
-0.0257431
-0.0231384
-0.0204774
-0.0178114
-0.0151974
-0.0126953
-0.0103672
-0.00827378
-0.00647199
-0.00501191
-0.00393367
-0.00326496
-0.003019
-0.00319362
-0.00377156
-0.00472302
-0.00600729
-0.00756308
-0.00932874
-0.0114325
-0.013985
-0.0183955
-0.0192238
-0.0198832
-0.0204315
-0.0209385
-0.0214123
-0.0218603
-0.0222947
-0.022727
-0.0231677
-0.0236262
-0.0241108
-0.0246289
-0.0251863
-0.0257879
-0.0264373
-0.027137
-0.0278883
-0.0286915
-0.0295457
-0.0304492
-0.031399
-0.0323912
-0.0334206
-0.0344811
-0.0355656
-0.0366655
-0.0377714
-0.0388726
-0.0399572
-0.0410123
-0.0420239
-0.0429769
-0.0438553
-0.0446423
-0.0453205
-0.0458719
-0.0462782
-0.0465213
-0.0465834
-0.0464473
-0.0460972
-0.0455188
-0.0447
-0.0436318
-0.0423086
-0.040729
-0.0388968
-0.0368214
-0.0345188
-0.0320122
-0.0293322
-0.0265177
-0.0236152
-0.0206788
-0.0177694
-0.0149527
-0.0122976
-0.00987335
-0.00774639
-0.00597682
-0.00461484
-0.00369748
-0.00324591
-0.00326388
-0.00373754
-0.00463794
-0.00592264
-0.00752537
-0.00937839
-0.0116191
-0.0143649
-0.0203421
-0.0211547
-0.0218038
-0.0223454
-0.0228475
-0.0233179
-0.0237641
-0.024198
-0.0246314
-0.0250749
-0.0255384
-0.0260305
-0.0265589
-0.02713
-0.0277491
-0.0284202
-0.0291461
-0.0299287
-0.0307684
-0.0316648
-0.0326162
-0.0336199
-0.034672
-0.0357676
-0.0369005
-0.0380633
-0.0392475
-0.0404434
-0.0416398
-0.0428247
-0.0439845
-0.0451045
-0.0461689
-0.0471608
-0.0480624
-0.0488551
-0.0495195
-0.0500359
-0.0503845
-0.0505456
-0.0505
-0.0502296
-0.0497177
-0.0489499
-0.0479142
-0.0466023
-0.0450101
-0.0431383
-0.0409939
-0.0385903
-0.0359488
-0.0330988
-0.0300786
-0.0269353
-0.023725
-0.020512
-0.0173673
-0.0143668
-0.0115882
-0.00910816
-0.00699766
-0.00531829
-0.004118
-0.00342762
-0.00325843
-0.00360151
-0.00442985
-0.00569993
-0.00734059
-0.00927772
-0.0116584
-0.0146066
-0.0223575
-0.0231549
-0.0237938
-0.0243285
-0.0248252
-0.025291
-0.0257335
-0.0261646
-0.026596
-0.0270388
-0.0275031
-0.0279982
-0.0285321
-0.029112
-0.0297434
-0.0304311
-0.0311783
-0.0319871
-0.0328587
-0.0337927
-0.0347879
-0.0358416
-0.0369503
-0.0381089
-0.0393114
-0.0405503
-0.0418169
-0.0431014
-0.0443923
-0.045677
-0.0469415
-0.0481705
-0.0493476
-0.0504549
-0.0514736
-0.052384
-0.0531654
-0.0537967
-0.0542563
-0.0545229
-0.0545751
-0.0543928
-0.0539569
-0.0532502
-0.0522581
-0.0509693
-0.0493766
-0.0474779
-0.045277
-0.0427845
-0.0400191
-0.0370083
-0.0337892
-0.0304088
-0.0269243
-0.0234029
-0.0199201
-0.0165583
-0.0134042
-0.0105444
-0.00806202
-0.00603116
-0.00451227
-0.00354769
-0.00315819
-0.00334145
-0.00407385
-0.00531167
-0.00697916
-0.00899565
-0.0115184
-0.0146778
-0.0244376
-0.0252211
-0.0258506
-0.0263786
-0.0268692
-0.0273294
-0.0277661
-0.0281914
-0.0286172
-0.0290548
-0.029515
-0.0300075
-0.0305412
-0.0311236
-0.0317612
-0.0324592
-0.0332214
-0.0340506
-0.0349482
-0.0359143
-0.036948
-0.0380469
-0.0392075
-0.040425
-0.0416933
-0.043005
-0.0443512
-0.0457218
-0.0471051
-0.0484881
-0.0498563
-0.0511939
-0.0524836
-0.0537068
-0.0548438
-0.0558737
-0.0567746
-0.0575241
-0.0580989
-0.058476
-0.0586321
-0.0585449
-0.0581929
-0.0575563
-0.0566179
-0.0553633
-0.0537821
-0.051869
-0.0496243
-0.0470557
-0.0441788
-0.0410184
-0.0376096
-0.0339986
-0.030243
-0.0264116
-0.0225839
-0.0188485
-0.0153001
-0.0120362
-0.00915205
-0.00673567
-0.0048616
-0.00358563
-0.00294012
-0.00293144
-0.00354101
-0.00472618
-0.0064071
-0.0084965
-0.0111623
-0.0145414
-0.0265783
-0.0273502
-0.0279718
-0.0284937
-0.028978
-0.029431
-0.0298596
-0.0302756
-0.0306913
-0.0311185
-0.0315685
-0.0320519
-0.0325782
-0.0331559
-0.0337922
-0.034493
-0.0352629
-0.0361052
-0.0370218
-0.0380133
-0.0390792
-0.0402173
-0.0414243
-0.0426956
-0.044025
-0.0454052
-0.046827
-0.0482802
-0.0497529
-0.0512315
-0.0527012
-0.0541456
-0.0555466
-0.056885
-0.0581401
-0.0592899
-0.0603114
-0.0611807
-0.0618733
-0.0623643
-0.0626286
-0.0626418
-0.0623801
-0.0618213
-0.0609452
-0.0597346
-0.0581758
-0.0562601
-0.0539845
-0.0513527
-0.0483772
-0.0450796
-0.0414923
-0.0376598
-0.0336388
-0.0294993
-0.0253236
-0.0212055
-0.0172475
-0.0135574
-0.0102435
-0.00740836
-0.00514214
-0.00351615
-0.00257665
-0.00234101
-0.00279783
-0.00390703
-0.00558548
-0.00773945
-0.0105481
-0.0141546
-0.0287759
-0.0295397
-0.0301557
-0.0306725
-0.0311503
-0.0315947
-0.0320123
-0.032415
-0.0328153
-0.0332256
-0.0336582
-0.0341245
-0.0346351
-0.0351994
-0.0358256
-0.0365205
-0.0372893
-0.0381363
-0.0390638
-0.040073
-0.0411636
-0.042334
-0.0435809
-0.0448998
-0.0462847
-0.047728
-0.0492206
-0.050752
-0.0523099
-0.0538805
-0.0554484
-0.0569966
-0.0585065
-0.059958
-0.0613295
-0.0625982
-0.0637397
-0.0647291
-0.0655403
-0.0661468
-0.0665218
-0.0666389
-0.0664721
-0.0659966
-0.0651898
-0.0640313
-0.0625043
-0.0605966
-0.0583016
-0.0556193
-0.0525581
-0.0491363
-0.0453828
-0.0413395
-0.0370615
-0.0326188
-0.0280953
-0.0235891
-0.0192096
-0.0150746
-0.0113051
-0.00801916
-0.005324
-0.00330837
-0.00203489
-0.00153455
-0.00180557
-0.00281241
-0.00446981
-0.00667794
-0.00962785
-0.013469
-0.0310271
-0.0317878
-0.0324014
-0.0329145
-0.0333858
-0.03382
-0.0342232
-0.0346076
-0.0349861
-0.035372
-0.0357787
-0.0362186
-0.0367036
-0.0372443
-0.0378501
-0.0385288
-0.0392868
-0.0401287
-0.0410578
-0.0420758
-0.0431828
-0.0443775
-0.0456568
-0.0470164
-0.0484502
-0.0499506
-0.0515083
-0.0531125
-0.0547507
-0.0564086
-0.0580704
-0.0597185
-0.0613337
-0.062895
-0.06438
-0.065765
-0.0670246
-0.0681325
-0.0690613
-0.0697831
-0.0702694
-0.0704917
-0.0704222
-0.0700336
-0.0693007
-0.0682003
-0.0667125
-0.0648216
-0.0625171
-0.0597955
-0.0566609
-0.0531275
-0.0492205
-0.0449782
-0.0404534
-0.0357147
-0.0308467
-0.0259503
-0.0211409
-0.0165454
-0.0122974
-0.00853063
-0.00537047
-0.00292507
-0.00127593
-0.000470554
-0.000519615
-0.00139452
-0.00300938
-0.00525897
-0.0083472
-0.0124295
-0.0333294
-0.0340935
-0.034709
-0.0352205
-0.0356854
-0.0361074
-0.0364923
-0.0368524
-0.0372015
-0.037554
-0.0379244
-0.038327
-0.0387749
-0.0392804
-0.0398541
-0.040505
-0.0412407
-0.0420666
-0.042987
-0.0440039
-0.045118
-0.0463282
-0.0476317
-0.0490242
-0.0504996
-0.0520502
-0.0536666
-0.0553376
-0.0570503
-0.0587901
-0.0605407
-0.0622837
-0.0639995
-0.0656662
-0.0672607
-0.0687581
-0.0701323
-0.0713556
-0.0723995
-0.0732344
-0.0738305
-0.0741574
-0.0741853
-0.0738847
-0.073228
-0.0721892
-0.0707454
-0.0688775
-0.0665714
-0.0638195
-0.060622
-0.0569884
-0.0529399
-0.0485106
-0.04375
-0.0387242
-0.0335173
-0.0282318
-0.0229874
-0.0179192
-0.0131727
-0.00889722
-0.0052372
-0.00232184
-0.000254036
0.000899118
0.00111128
0.000401251
-0.00114652
-0.00342244
-0.00664434
-0.0109734
-0.0356811
-0.0364572
-0.0370801
-0.0375926
-0.0380513
-0.0384587
-0.0388205
-0.0391492
-0.0394598
-0.0397681
-0.0400904
-0.0404428
-0.0408404
-0.0412972
-0.0418253
-0.0424354
-0.0431361
-0.0439341
-0.0448341
-0.0458391
-0.0469501
-0.0481663
-0.0494851
-0.0509022
-0.0524114
-0.0540049
-0.0556729
-0.0574041
-0.059185
-0.0610006
-0.0628341
-0.0646664
-0.0664772
-0.068244
-0.0699427
-0.0715476
-0.0730315
-0.0743657
-0.0755203
-0.0764645
-0.0771669
-0.0775955
-0.0777186
-0.0775047
-0.0769238
-0.0759473
-0.0745494
-0.0727078
-0.070405
-0.0676294
-0.0643767
-0.0606523
-0.0564726
-0.0518672
-0.0468814
-0.0415781
-0.0360393
-0.0303677
-0.0246861
-0.0191362
-0.0138742
-0.00906468
-0.00487152
-0.00144633
0.00108415
0.00263006
0.00314582
0.00263704
0.00118422
-0.00110021
-0.00444942
-0.00903016
-0.038082
-0.0388809
-0.0395182
-0.0400351
-0.0404878
-0.0408777
-0.0412103
-0.041499
-0.0417601
-0.0420115
-0.0422717
-0.0425591
-0.0428911
-0.0432838
-0.0437514
-0.0443061
-0.0449578
-0.0457146
-0.0465819
-0.0475633
-0.0486604
-0.0498725
-0.0511971
-0.05263
-0.0541648
-0.0557934
-0.0575058
-0.0592901
-0.0611325
-0.0630175
-0.0649273
-0.0668428
-0.0687424
-0.0706031
-0.0723999
-0.0741063
-0.0756939
-0.077133
-0.0783925
-0.0794405
-0.0802438
-0.0807692
-0.0809829
-0.0808518
-0.0803434
-0.0794269
-0.0780738
-0.0762587
-0.0739607
-0.0711642
-0.0678611
-0.0640521
-0.0597488
-0.0549759
-0.0497742
-0.044202
-0.0383386
-0.0322853
-0.0261662
-0.0201279
-0.0143361
-0.00896972
-0.00421182
-0.000237535
0.00280041
0.00478615
0.00565099
0.00538348
0.004057
0.00178477
-0.00168352
-0.00652011
-0.0405335
-0.041369
-0.0420293
-0.0425544
-0.0430012
-0.04337
-0.043666
-0.043904
-0.0441026
-0.044282
-0.0444636
-0.0446688
-0.0449178
-0.0452291
-0.0456193
-0.0461025
-0.0466901
-0.0473913
-0.0482127
-0.0491583
-0.05023
-0.0514276
-0.0527484
-0.0541882
-0.0557402
-0.0573961
-0.0591453
-0.0609756
-0.0628726
-0.06482
-0.0667997
-0.0687915
-0.0707733
-0.0727212
-0.0746093
-0.0764102
-0.0780945
-0.0796314
-0.0809888
-0.0821333
-0.0830305
-0.0836456
-0.0839433
-0.0838885
-0.0834468
-0.0825851
-0.0812722
-0.0794801
-0.0771845
-0.0743664
-0.0710135
-0.0671222
-0.0626992
-0.0577643
-0.0523529
-0.0465188
-0.0403368
-0.0339057
-0.0273495
-0.0208179
-0.014484
-0.00853987
-0.00318721
0.00137485
0.00496574
0.00744044
0.00870305
0.00872067
0.00755574
0.00531958
0.00174242
-0.00335354
-0.0430394
-0.0439285
-0.0446224
-0.0451604
-0.0456011
-0.0459437
-0.0461938
-0.0463683
-0.0464884
-0.0465779
-0.0466617
-0.0467649
-0.046911
-0.0471217
-0.0474159
-0.0478099
-0.0483171
-0.0489476
-0.049709
-0.0506061
-0.0516409
-0.0528133
-0.0541207
-0.0555582
-0.0571192
-0.0587945
-0.0605733
-0.0624425
-0.0643871
-0.0663903
-0.0684329
-0.0704943
-0.0725513
-0.0745792
-0.0765514
-0.0784392
-0.0802124
-0.0818391
-0.0832861
-0.0845186
-0.0855011
-0.0861971
-0.0865699
-0.0865826
-0.086199
-0.0853837
-0.0841034
-0.0823271
-0.0800277
-0.0771828
-0.0737764
-0.0698005
-0.0652572
-0.0601613
-0.0545427
-0.0484498
-0.0419527
-0.0351462
-0.0281525
-0.0211225
-0.0142352
-0.00769372
-0.00171734
0.00347082
0.00766097
0.010676
0.0123885
0.0127393
0.0117753
0.00960263
0.00592892
0.000570492
-0.0456066
-0.0465704
-0.0473108
-0.0478668
-0.0483004
-0.0486102
-0.0488027
-0.0488975
-0.0489199
-0.0488982
-0.0488619
-0.0488402
-0.0488611
-0.0489494
-0.0491273
-0.0494133
-0.0498225
-0.0503665
-0.0510537
-0.0518892
-0.0528755
-0.0540122
-0.0552966
-0.0567234
-0.0582853
-0.0599726
-0.0617738
-0.0636751
-0.0656607
-0.067713
-0.069812
-0.071936
-0.0740612
-0.0761619
-0.0782104
-0.0801772
-0.0820309
-0.0837386
-0.0852659
-0.0865768
-0.0876345
-0.0884011
-0.0888384
-0.0889077
-0.0885711
-0.0877911
-0.0865323
-0.0847611
-0.0824477
-0.0795666
-0.0760982
-0.0720304
-0.067361
-0.0620997
-0.056271
-0.0499179
-0.0431047
-0.0359216
-0.0284875
-0.0209529
-0.0135002
-0.00634163
0.000287357
0.00614033
0.0109774
0.0145867
0.0168052
0.0175419
0.0168232
0.0147452
0.0109895
0.00536563
-0.048246
-0.0493106
-0.0501128
-0.0506924
-0.0511169
-0.0513847
-0.0515043
-0.0514996
-0.051401
-0.0512427
-0.0510599
-0.0508875
-0.0507578
-0.0507
-0.0507394
-0.0508972
-0.0511902
-0.0516313
-0.0522297
-0.0529909
-0.0539173
-0.0550082
-0.0562606
-0.0576685
-0.0592239
-0.0609164
-0.0627335
-0.0646606
-0.066681
-0.0687761
-0.070925
-0.0731051
-0.0752916
-0.0774577
-0.0795748
-0.0816122
-0.0835377
-0.0853171
-0.0869147
-0.0882936
-0.0894153
-0.0902408
-0.0907301
-0.0908433
-0.0905403
-0.089782
-0.0885306
-0.0867505
-0.0844091
-0.0814779
-0.0779341
-0.073762
-0.068955
-0.063518
-0.0574705
-0.0508495
-0.0437137
-0.0361476
-0.0282659
-0.0202166
-0.0121839
-0.00438686
0.00292504
0.00948315
0.0150171
0.0192783
0.0220635
0.0232445
0.0228207
0.0208734
0.0170525
0.01116
-0.050974
-0.0521715
-0.0530539
-0.0536626
-0.054074
-0.0542873
-0.0543143
-0.0541849
-0.0539369
-0.0536118
-0.0532521
-0.0528989
-0.0525905
-0.0523604
-0.0522376
-0.0522458
-0.0524037
-0.0527255
-0.0532207
-0.0538951
-0.0547507
-0.0557866
-0.0569987
-0.0583804
-0.0599228
-0.0616143
-0.0634416
-0.0653889
-0.0674385
-0.0695707
-0.0717636
-0.0739935
-0.0762346
-0.0784589
-0.0806369
-0.0827367
-0.0847249
-0.0865662
-0.0882238
-0.0896593
-0.0908331
-0.0917046
-0.0922325
-0.092375
-0.0920905
-0.0913379
-0.0900775
-0.0882712
-0.0858842
-0.0828851
-0.079248
-0.0749538
-0.0699919
-0.0643628
-0.0580808
-0.0511774
-0.0437054
-0.0357432
-0.0274001
-0.0188207
-0.0101885
-0.00172746
0.00630123
0.0136083
0.0198932
0.0248686
0.0282875
0.0299781
0.0299058
0.0281304
0.024264
0.0180986
-0.0538141
-0.0551844
-0.0561684
-0.0568112
-0.0572025
-0.0573437
-0.0572523
-0.0569668
-0.0565345
-0.0560065
-0.0554342
-0.0548664
-0.0543477
-0.0539168
-0.0536064
-0.0534429
-0.0534467
-0.0536328
-0.054011
-0.0545868
-0.0553619
-0.0563343
-0.0574991
-0.0588484
-0.0603721
-0.0620577
-0.0638903
-0.065853
-0.067927
-0.0700913
-0.0723229
-0.0745968
-0.0768861
-0.0791618
-0.081393
-0.0835469
-0.0855888
-0.0874821
-0.0891889
-0.0906694
-0.0918826
-0.0927866
-0.0933383
-0.0934945
-0.0932118
-0.0924473
-0.091159
-0.0893069
-0.0868536
-0.0837651
-0.0800127
-0.0755739
-0.0704343
-0.0645903
-0.0580514
-0.0508435
-0.0430136
-0.0346339
-0.0258077
-0.0166746
-0.00741616
0.0017412
0.0105269
0.0186329
0.0257293
0.0314887
0.0356164
0.0378906
0.0382351
0.0366798
0.0327905
0.0263463
-0.0567999
-0.0583922
-0.0595027
-0.060183
-0.0605422
-0.060587
-0.0603432
-0.0598616
-0.0592022
-0.0584283
-0.0576019
-0.0567809
-0.0560171
-0.0553547
-0.0548301
-0.0544722
-0.0543028
-0.0543374
-0.0545857
-0.0550525
-0.0557385
-0.0566404
-0.057752
-0.0590641
-0.060565
-0.0622406
-0.0640748
-0.0660493
-0.0681437
-0.0703358
-0.0726014
-0.0749141
-0.0772458
-0.0795663
-0.0818435
-0.0840433
-0.0861298
-0.0880653
-0.0898103
-0.0913239
-0.0925635
-0.0934858
-0.0940461
-0.0941996
-0.093901
-0.0931054
-0.0917689
-0.0898493
-0.0873067
-0.0841045
-0.0802112
-0.075601
-0.070256
-0.0641685
-0.0573434
-0.0498015
-0.0415837
-0.0327558
-0.0234148
-0.0136946
-0.00377308
0.00612287
0.0157155
0.0246801
0.0326585
0.0392825
0.0442057
0.0471496
0.0479875
0.0467095
0.0428237
0.0360916
-0.0599787
-0.0618535
-0.063119
-0.0638372
-0.0641451
-0.0640589
-0.0636177
-0.0628892
-0.0619501
-0.0608787
-0.05975
-0.0586323
-0.0575851
-0.0566582
-0.0558918
-0.0553168
-0.0549558
-0.0548242
-0.0549311
-0.0552799
-0.0558698
-0.0566959
-0.0577502
-0.0590218
-0.060497
-0.0621602
-0.0639935
-0.065977
-0.0680889
-0.0703055
-0.072601
-0.0749479
-0.0773167
-0.0796759
-0.0819921
-0.08423
-0.0863523
-0.08832
-0.0900924
-0.091627
-0.0928799
-0.0938061
-0.0943595
-0.0944933
-0.0941604
-0.093314
-0.0919081
-0.089898
-0.0872415
-0.0838994
-0.079837
-0.0750255
-0.0694434
-0.063079
-0.0559325
-0.0480196
-0.0393754
-0.0300592
-0.020161
-0.00980839
0.000825678
0.0115157
0.0219789
0.0318762
0.040822
0.0484068
0.0542285
0.057945
0.0593684
0.0584372
0.0545862
0.0475526
-0.0634163
-0.0656491
-0.0671012
-0.0678514
-0.0680774
-0.0678119
-0.0671135
-0.0660731
-0.0647893
-0.0633588
-0.061872
-0.0604085
-0.0590362
-0.0578102
-0.0567739
-0.0559594
-0.0553896
-0.0550787
-0.0550344
-0.0552583
-0.0557472
-0.0564943
-0.0574891
-0.0587185
-0.0601669
-0.0618166
-0.0636478
-0.0656388
-0.0677662
-0.0700047
-0.072327
-0.0747041
-0.0771052
-0.0794973
-0.0818459
-0.0841143
-0.0862638
-0.0882541
-0.0900431
-0.0915869
-0.0928401
-0.093756
-0.0942868
-0.0943839
-0.0939984
-0.0930814
-0.0915845
-0.0894608
-0.0866652
-0.0831559
-0.0788951
-0.0738505
-0.067997
-0.0613185
-0.0538108
-0.0454841
-0.0363673
-0.0265132
-0.0160043
-0.00496098
0.00644996
0.0180061
0.0294218
0.0403453
0.0503653
0.0590295
0.0658766
0.0704921
0.0726153
0.0721176
0.0683403
0.060985
-0.0672054
-0.0698897
-0.0715622
-0.0723281
-0.0724247
-0.0719112
-0.0708757
-0.0694403
-0.0677314
-0.0658685
-0.063959
-0.062095
-0.0603525
-0.0587915
-0.0574571
-0.0563821
-0.0555879
-0.0550869
-0.0548842
-0.0549786
-0.0553642
-0.0560311
-0.0569663
-0.0581539
-0.059576
-0.0612126
-0.0630418
-0.0650401
-0.067182
-0.0694406
-0.0717872
-0.0741912
-0.0766202
-0.0790402
-0.0814149
-0.0837065
-0.085875
-0.0878786
-0.0896738
-0.0912152
-0.092456
-0.0933477
-0.0938409
-0.0938851
-0.0934292
-0.0924223
-0.0908135
-0.0885534
-0.0855942
-0.0818909
-0.0774023
-0.0720925
-0.0659323
-0.0589012
-0.0509895
-0.0422018
-0.0325605
-0.0221108
-0.0109271
0.000878588
0.013147
0.0256608
0.0381335
0.0502031
0.0614329
0.0713273
0.0793603
0.0850354
0.0880046
0.0880529
0.0843992
0.0766928
-0.0714761
-0.0747287
-0.0766548
-0.0774021
-0.0772957
-0.0764373
-0.0749574
-0.0730202
-0.0707871
-0.0684042
-0.065998
-0.063673
-0.0615125
-0.0595797
-0.0579203
-0.0565655
-0.0555341
-0.054835
-0.0544697
-0.0544332
-0.0547158
-0.0553041
-0.0561818
-0.0573302
-0.0587284
-0.0603539
-0.0621826
-0.0641888
-0.0663453
-0.0686232
-0.0709922
-0.0734203
-0.0758736
-0.0783166
-0.0807118
-0.0830198
-0.0851994
-0.0872074
-0.088999
-0.0905271
-0.0917435
-0.092598
-0.0930394
-0.0930152
-0.0924725
-0.0913577
-0.0896178
-0.0872004
-0.0840547
-0.0801323
-0.0753885
-0.0697832
-0.0632824
-0.0558604
-0.0475018
-0.0382044
-0.027983
-0.0168741
-0.00494278
0.00770922
0.0209324
0.0345168
0.0481782
0.0615462
0.0741605
0.0854798
0.0949075
0.101852
0.105861
0.106607
0.103145
0.0950457
-0.0764138
-0.0803801
-0.0825869
-0.083251
-0.0828282
-0.081487
-0.0794186
-0.0768425
-0.073963
-0.0709565
-0.0679692
-0.0651172
-0.0624888
-0.060148
-0.0581387
-0.0564881
-0.0552102
-0.054309
-0.0537807
-0.0536152
-0.0537984
-0.0543127
-0.0551378
-0.0562515
-0.05763
-0.0592481
-0.0610792
-0.0630953
-0.0652672
-0.0675644
-0.0699548
-0.0724049
-0.0748793
-0.077341
-0.0797513
-0.0820695
-0.084253
-0.0862573
-0.088036
-0.0895409
-0.0907219
-0.0915274
-0.0919043
-0.0917982
-0.091154
-0.0899158
-0.088028
-0.0854352
-0.0820834
-0.0779206
-0.0728978
-0.0669702
-0.0600987
-0.0522513
-0.0434056
-0.0335515
-0.0226945
-0.0108608
0.00189662
0.0154887
0.029779
0.0445689
0.0595803
0.0744386
0.0886616
0.10166
0.112759
0.121257
0.126569
0.128224
0.125054
0.116505
-0.0822849
-0.0871458
-0.0896428
-0.0901077
-0.0891942
-0.087174
-0.0843229
-0.080932
-0.0772562
-0.0735045
-0.0698415
-0.0663918
-0.0632451
-0.0604625
-0.0580821
-0.0561243
-0.0545959
-0.0534934
-0.0528062
-0.0525181
-0.0526093
-0.0530572
-0.0538372
-0.0549235
-0.0562886
-0.0579046
-0.0597423
-0.0617714
-0.0639608
-0.066278
-0.0686894
-0.0711599
-0.0736528
-0.0761296
-0.0785505
-0.0808733
-0.0830543
-0.0850476
-0.0868055
-0.0882783
-0.0894146
-0.0901611
-0.0904628
-0.0902637
-0.0895063
-0.0881324
-0.0860837
-0.0833017
-0.079729
-0.0753096
-0.0699898
-0.0637196
-0.0564536
-0.0481528
-0.0387864
-0.0283345
-0.0167913
-0.00416959
0.00949265
0.0241235
0.0396045
0.0557543
0.0723077
0.0888924
0.105009
0.12002
0.133161
0.143598
0.150587
0.15346
0.150735
0.141664
-0.0894812
-0.0954583
-0.0982133
-0.0982762
-0.0966042
-0.0936246
-0.08973
-0.0852995
-0.0806452
-0.0760075
-0.071565
-0.0674447
-0.0637316
-0.0604782
-0.057712
-0.0554426
-0.0536661
-0.0523695
-0.0515334
-0.051134
-0.051145
-0.0515381
-0.0522839
-0.0533523
-0.0547126
-0.0563336
-0.0581836
-0.0602301
-0.0624399
-0.0647789
-0.0672117
-0.069702
-0.0722115
-0.0747007
-0.0771283
-0.0794512
-0.0816244
-0.0836008
-0.0853314
-0.0867653
-0.0878496
-0.0885295
-0.0887484
-0.0884483
-0.0875698
-0.0860523
-0.0838346
-0.0808553
-0.0770533
-0.0723682
-0.0667415
-0.0601171
-0.0524426
-0.0436707
-0.0337607
-0.0226807
-0.0104108
0.00305291
0.0176922
0.033458
0.0502573
0.067935
0.0862495
0.104842
0.123206
0.14066
0.156342
0.16926
0.17846
0.183015
0.180993
0.171315
-0.0985927
-0.105946
-0.108838
-0.108148
-0.105304
-0.100966
-0.0956787
-0.0899247
-0.0840741
-0.0783917
-0.0730601
-0.0681985
-0.0638777
-0.0601337
-0.0569771
-0.0544014
-0.0523887
-0.0509135
-0.0499457
-0.0494527
-0.0494005
-0.0497547
-0.0504806
-0.0515439
-0.0529102
-0.0545454
-0.0564151
-0.0584847
-0.0607192
-0.0630827
-0.0655385
-0.0680487
-0.0705742
-0.0730741
-0.075506
-0.0778259
-0.0799876
-0.081943
-0.083642
-0.0850325
-0.0860604
-0.0866694
-0.0868015
-0.086397
-0.0853943
-0.0837307
-0.0813424
-0.0781648
-0.0741331
-0.0691824
-0.0632489
-0.0562701
-0.0481858
-0.038939
-0.0284776
-0.0167555
-0.0037354
0.0106075
0.0262804
0.0432645
0.0615022
0.0808779
0.10119
0.122112
0.14315
0.163593
0.182482
0.198635
0.210834
0.21779
0.216915
0.20657
-0.11054
-0.119542
-0.122259
-0.120212
-0.115562
-0.109299
-0.102156
-0.0947264
-0.0874266
-0.0805286
-0.0742007
-0.0685376
-0.0635826
-0.0593441
-0.0558079
-0.0529459
-0.0507216
-0.0490943
-0.0480213
-0.0474598
-0.0473678
-0.047704
-0.0484286
-0.0495028
-0.0508888
-0.0525495
-0.0544483
-0.0565484
-0.0588133
-0.0612055
-0.063687
-0.066219
-0.0687611
-0.0712716
-0.0737072
-0.0760229
-0.0781717
-0.0801046
-0.0817706
-0.0831166
-0.0840873
-0.0846255
-0.0846716
-0.0841643
-0.0830405
-0.0812353
-0.0786823
-0.075314
-0.0710619
-0.0658566
-0.0596289
-0.0523094
-0.0438295
-0.0341218
-0.0231209
-0.0107643
0.0030054
0.0182388
0.034975
0.0532345
0.0730076
0.0942351
0.116779
0.140375
0.164578
0.188682
0.211649
0.232091
0.248455
0.25895
0.260022
0.249061
-0.126825
-0.137648
-0.139489
-0.135049
-0.127622
-0.11864
-0.109042
-0.0995146
-0.0904881
-0.0822066
-0.0747932
-0.0682937
-0.0627048
-0.057994
-0.0541128
-0.0510046
-0.0486104
-0.0468715
-0.0457312
-0.0451359
-0.0450347
-0.04538
-0.0461266
-0.0472316
-0.0486542
-0.0503545
-0.0522938
-0.0544339
-0.0567366
-0.0591635
-0.0616755
-0.0642328
-0.0667943
-0.0693175
-0.0717586
-0.0740717
-0.0762093
-0.0781216
-0.0797571
-0.0810616
-0.0819793
-0.0824517
-0.0824184
-0.0818168
-0.0805822
-0.0786477
-0.075945
-0.0724035
-0.0679514
-0.0625151
-0.0560198
-0.0483893
-0.0395463
-0.0294122
-0.0179074
-0.0049515
0.0095364
0.0256366
0.0434264
0.0629753
0.084336
0.107527
0.132504
0.15911
0.187003
0.21555
0.243696
0.269877
0.292131
0.30799
0.312486
0.301338
-0.150034
-0.162418
-0.161862
-0.153268
-0.1416
-0.128814
-0.116015
-0.103916
-0.0928907
-0.0830921
-0.0745511
-0.0672294
-0.0610532
-0.0559327
-0.0517747
-0.0484883
-0.0459881
-0.044196
-0.0430404
-0.0424565
-0.0423855
-0.0427734
-0.0435706
-0.0447307
-0.04621
-0.0479669
-0.049961
-0.0521529
-0.0545034
-0.0569732
-0.0595227
-0.0621115
-0.0646979
-0.0672391
-0.0696907
-0.0720065
-0.0741385
-0.0760367
-0.0776487
-0.0789203
-0.0797948
-0.0802131
-0.0801141
-0.079434
-0.078107
-0.0760649
-0.0732373
-0.0695513
-0.064932
-0.0593018
-0.0525809
-0.0446865
-0.0355326
-0.0250297
-0.0130837
0.000404931
0.015542
0.0324408
0.0512221
0.0720134
0.0949437
0.120133
0.147666
0.177549
0.209628
0.243455
0.278093
0.311936
0.342604
0.366771
0.377482
0.367638
-0.184896
-0.197167
-0.190986
-0.175279
-0.157239
-0.13924
-0.122387
-0.107259
-0.0940357
-0.0826827
-0.073068
-0.0650248
-0.0583804
-0.0529718
-0.0486518
-0.045291
-0.0427765
-0.0410102
-0.0399069
-0.0393919
-0.0393994
-0.0398707
-0.0407525
-0.0419962
-0.0435564
-0.0453902
-0.0474564
-0.0497148
-0.0521258
-0.05465
-0.0572473
-0.0598771
-0.0624977
-0.065066
-0.0675376
-0.0698661
-0.0720034
-0.0738992
-0.0755012
-0.0767548
-0.0776029
-0.0779862
-0.0778431
-0.0771092
-0.0757178
-0.0735997
-0.0706829
-0.0668928
-0.0621518
-0.0563792
-0.0494906
-0.0413973
-0.0320056
-0.0212156
-0.00891941
0.005001
0.0206764
0.0382538
0.0579002
0.0798065
0.10419
0.131291
0.161363
0.194638
0.231256
0.271125
0.313673
0.357509
0.400153
0.437347
0.459604
0.455297
-0.240279
-0.246864
-0.228435
-0.200843
-0.173493
-0.148619
-0.126896
-0.108449
-0.0930369
-0.0802888
-0.0698229
-0.0612933
-0.0544034
-0.0489054
-0.0445952
-0.0413053
-0.0388976
-0.0372579
-0.03629
-0.0359126
-0.0360555
-0.0366571
-0.0376629
-0.0390231
-0.0406919
-0.0426262
-0.0447849
-0.047128
-0.0496159
-0.0522094
-0.0548687
-0.0575534
-0.060222
-0.0628316
-0.065338
-0.0676949
-0.0698544
-0.0717664
-0.0733786
-0.0746364
-0.0754829
-0.0758587
-0.0757019
-0.074948
-0.07353
-0.0713777
-0.0684184
-0.0645763
-0.0597718
-0.0539217
-0.0469382
-0.038728
-0.0291908
-0.0182182
-0.00569017
0.00852735
0.0245877
0.0426692
0.0629831
0.0857835
0.111379
0.140144
0.172529
0.209051
0.250263
0.296639
0.348335
0.404771
0.46403
0.521415
0.564971
0.576615
-0.33302
-0.31837
-0.275152
-0.228631
-0.188252
-0.154803
-0.127719
-0.106081
-0.0888742
-0.0752003
-0.0643368
-0.0557215
-0.048923
-0.0436116
-0.0395338
-0.0364933
-0.0343353
-0.0329362
-0.0321955
-0.0320297
-0.032368
-0.0331494
-0.0343199
-0.0358309
-0.0376375
-0.0396978
-0.0419715
-0.0444195
-0.0470033
-0.0496842
-0.0524232
-0.0551805
-0.0579151
-0.0605848
-0.0631458
-0.0655523
-0.0677567
-0.0697095
-0.0713585
-0.0726497
-0.0735264
-0.0739294
-0.073797
-0.0730648
-0.0716656
-0.0695294
-0.066583
-0.0627497
-0.0579491
-0.0520964
-0.0451015
-0.036868
-0.0272914
-0.0162566
-0.00363544
0.0107187
0.0269762
0.0453404
0.066059
0.0894402
0.115876
0.145869
0.180073
0.219332
0.264713
0.317496
0.379054
0.450535
0.531892
0.619397
0.700969
0.751888
-0.501623
-0.41964
-0.327914
-0.253703
-0.196855
-0.15404
-0.122175
-0.0983913
-0.0804467
-0.0667602
-0.0562367
-0.048111
-0.041845
-0.0370559
-0.0334661
-0.0308702
-0.0291121
-0.0280705
-0.0276486
-0.0277672
-0.0283598
-0.0293691
-0.0307446
-0.0324406
-0.0344149
-0.0366278
-0.0390408
-0.0416168
-0.0443184
-0.0471084
-0.0499488
-0.052801
-0.0556248
-0.0583789
-0.0610201
-0.0635036
-0.0657822
-0.0678071
-0.0695269
-0.0708879
-0.0718339
-0.0723064
-0.072244
-0.0715828
-0.070256
-0.0681938
-0.065323
-0.0615671
-0.0568455
-0.0510729
-0.0441583
-0.0360041
-0.0265037
-0.0155393
-0.00297815
0.0113324
0.0275721
0.0459581
0.0667593
0.0903181
0.117081
0.147647
0.182832
0.223778
0.272089
0.330016
0.400683
0.488192
0.596498
0.726653
0.877363
1.02573
-0.850639
-0.553006
-0.361297
-0.253406
-0.183283
-0.135614
-0.103277
-0.0808433
-0.0647471
-0.0528926
-0.0440133
-0.0373026
-0.0322323
-0.0284477
-0.0257026
-0.0238201
-0.0226687
-0.0221467
-0.0221736
-0.0226829
-0.0236184
-0.0249311
-0.0265773
-0.0285166
-0.0307115
-0.0331258
-0.0357244
-0.0384725
-0.0413351
-0.0442771
-0.047262
-0.0502527
-0.0532105
-0.0560952
-0.0588648
-0.0614753
-0.0638808
-0.0660331
-0.0678818
-0.069374
-0.0704544
-0.0710651
-0.0711456
-0.0706325
-0.0694599
-0.0675586
-0.0648564
-0.0612773
-0.0567415
-0.0511647
-0.0444567
-0.0365208
-0.0272516
-0.0165326
-0.00423286
0.00979843
0.0257386
0.0438017
0.0642537
0.0874344
0.113791
0.143933
0.178716
0.219386
0.267828
0.326988
0.401674
0.499739
0.632387
0.816583
1.09968
1.50768
-1.48535
-0.683436
-0.324181
-0.193725
-0.128198
-0.0889178
-0.0651271
-0.0500091
-0.0396512
-0.0321672
-0.0266116
-0.0224518
-0.0193662
-0.0171499
-0.0156644
-0.0148097
-0.0145093
-0.0147021
-0.0153371
-0.0163703
-0.0177624
-0.0194776
-0.0214823
-0.0237444
-0.0262328
-0.0289168
-0.0317657
-0.0347483
-0.037833
-0.0409871
-0.0441767
-0.0473666
-0.05052
-0.0535984
-0.0565613
-0.0593661
-0.0619682
-0.0643205
-0.0663738
-0.0680763
-0.0693737
-0.0702092
-0.0705231
-0.0702536
-0.0693354
-0.0677006
-0.0652781
-0.0619937
-0.057769
-0.0525219
-0.0461648
-0.0386042
-0.029739
-0.0194584
-0.00763903
0.00585939
0.0211996
0.038575
0.0582222
0.0804379
0.105607
0.134244
0.167068
0.205124
0.250028
0.30446
0.37333
0.466405
0.603476
0.832755
1.31079
2.23472
)
;

boundaryField
{
    movingWall
    {
        type            zeroGradient;
    }
    fixedWalls
    {
        type            zeroGradient;
    }
    frontAndBack
    {
        type            empty;
    }
}


// ************************************************************************* //
