/*--------------------------------*- C++ -*----------------------------------*\
  =========                 |
  \\      /  F ield         | OpenFOAM: The Open Source CFD Toolbox
   \\    /   O peration     | Website:  https://openfoam.org
    \\  /    A nd           | Version:  dev
     \\/     M anipulation  |
\*---------------------------------------------------------------------------*/
FoamFile
{
    format      ascii;
    class       volScalarField;
    location    "34.2";
    object      Uy;
}
// * * * * * * * * * * * * * * * * * * * * * * * * * * * * * * * * * * * * * //

dimensions      [0 1 -1 0 0 0 0];

internalField   nonuniform List<scalar> 
5184
(
-1.26814e-05
-2.08736e-05
-1.72421e-05
-8.19395e-06
2.67039e-06
1.3619e-05
2.38473e-05
3.30503e-05
4.11083e-05
4.80271e-05
5.38683e-05
5.87168e-05
6.26649e-05
6.5804e-05
6.82188e-05
6.99847e-05
7.1166e-05
7.18151e-05
7.19728e-05
7.16688e-05
7.09225e-05
6.97442e-05
6.8137e-05
6.60978e-05
6.36194e-05
6.0692e-05
5.73052e-05
5.34493e-05
4.91172e-05
4.43059e-05
3.90179e-05
3.32625e-05
2.70569e-05
2.0427e-05
1.34086e-05
6.04741e-06
-1.60048e-06
-9.46859e-06
-1.74804e-05
-2.555e-05
-3.35829e-05
-4.14776e-05
-4.91269e-05
-5.64199e-05
-6.32438e-05
-6.94868e-05
-7.50401e-05
-7.98007e-05
-8.36739e-05
-8.6576e-05
-8.84364e-05
-8.91999e-05
-8.88284e-05
-8.73022e-05
-8.46208e-05
-8.08036e-05
-7.58899e-05
-6.99384e-05
-6.30268e-05
-5.52512e-05
-4.67257e-05
-3.75833e-05
-2.79789e-05
-1.80952e-05
-8.15738e-06
1.53974e-06
1.05723e-05
1.8303e-05
2.37194e-05
2.51296e-05
1.98485e-05
6.24284e-06
-4.58465e-05
-6.5687e-05
-4.05486e-05
7.63948e-06
6.56848e-05
0.000126
0.000184307
0.000238357
0.000287009
0.000329822
0.000366756
0.000397999
0.000423864
0.000444718
0.000460938
0.000472882
0.000480872
0.000485186
0.000486045
0.000483622
0.000478037
0.000469368
0.000457652
0.0004429
0.000425098
0.000404224
0.000380253
0.000353168
0.00032297
0.000289686
0.000253375
0.000214142
0.000172135
0.000127557
8.06693e-05
3.17898e-05
-1.87023e-05
-7.03687e-05
-0.000122714
-0.000175192
-0.000227207
-0.000278127
-0.000327291
-0.00037402
-0.00041763
-0.000457445
-0.000492812
-0.000523117
-0.000547799
-0.000566363
-0.000578397
-0.00058358
-0.000581697
-0.000572646
-0.000556441
-0.000533223
-0.000503254
-0.000466924
-0.000424749
-0.000377367
-0.000325548
-0.000270198
-0.000212376
-0.000153336
-9.45887e-05
-3.80119e-05
1.39339e-05
5.79435e-05
8.94233e-05
0.000101875
8.6529e-05
3.64893e-05
-8.12986e-05
-9.50262e-05
-1.91297e-05
0.000105938
0.000254666
0.000410611
0.000563457
0.000707067
0.000837991
0.000954522
0.00105606
0.00114271
0.00121498
0.00127359
0.00131936
0.00135313
0.00137566
0.00138762
0.00138958
0.00138197
0.00136514
0.00133929
0.00130457
0.00126103
0.00120868
0.00114752
0.00107752
0.000998718
0.000911164
0.000815
0.000710459
0.000597885
0.000477751
0.000350673
0.000217418
7.89071e-05
-6.37777e-05
-0.000209401
-0.00035658
-0.000503796
-0.000649414
-0.0007917
-0.000928852
-0.00105903
-0.00118037
-0.00129107
-0.00138937
-0.00147362
-0.00154232
-0.00159416
-0.00162803
-0.00164311
-0.00163882
-0.00161491
-0.00157145
-0.00150884
-0.00142783
-0.00132951
-0.00121535
-0.00108713
-0.000947044
-0.000797651
-0.000641962
-0.000483507
-0.000326487
-0.000175991
-3.83363e-05
7.84607e-05
0.000164102
0.000205422
0.000186306
9.04023e-05
-9.77492e-05
-7.31525e-05
8.47841e-05
0.000318375
0.000590121
0.000874397
0.00115417
0.00141865
0.00166137
0.00187878
0.00206934
0.0022328
0.0023697
0.00248109
0.00256824
0.00263249
0.00267511
0.00269725
0.00269989
0.00268383
0.00264967
0.00259782
0.00252856
0.00244204
0.00233835
0.00221753
0.00207964
0.00192478
0.00175317
0.00156515
0.00136124
0.00114218
0.000908958
0.000662798
0.000405219
0.000138021
-0.000136704
-0.000416587
-0.000698992
-0.000981041
-0.00125965
-0.00153155
-0.00179338
-0.00204169
-0.00227303
-0.00248402
-0.0026714
-0.00283213
-0.00296344
-0.00306289
-0.00312846
-0.00315862
-0.00315234
-0.00310917
-0.00302927
-0.00291341
-0.00276303
-0.00258023
-0.00236777
-0.0021291
-0.00186837
-0.00159048
-0.00130115
-0.00100704
-0.000715976
-0.000437234
-0.000181958
3.62411e-05
0.000200646
0.000290863
0.000282594
0.000147301
-8.44204e-05
2.08857e-05
0.000295455
0.000668054
0.00109087
0.00152999
0.00196198
0.00237135
0.00274838
0.00308743
0.00338573
0.00364247
0.00385809
0.00403385
0.0041714
0.00427255
0.00433912
0.00437273
0.00437482
0.00434655
0.00428884
0.00420235
0.00408753
0.00394468
0.00377399
0.00357562
0.00334975
0.00309666
0.0028168
0.00251082
0.00217967
0.00182463
0.00144735
0.00104987
0.000634683
0.000204705
-0.000236702
-0.000685751
-0.00113825
-0.00158965
-0.00203507
-0.0024694
-0.00288734
-0.00328352
-0.00365254
-0.00398914
-0.00428825
-0.00454514
-0.0047555
-0.00491557
-0.00502222
-0.00507306
-0.00506653
-0.00500193
-0.00487954
-0.00470061
-0.00446741
-0.00418327
-0.00385257
-0.00348077
-0.00307444
-0.00264132
-0.00219042
-0.00173213
-0.00127852
-0.000843624
-0.000443946
-9.90442e-05
0.000167741
0.000328679
0.00035103
0.000194162
-3.75385e-05
0.000197362
0.000626925
0.0011704
0.00177183
0.00239035
0.00299689
0.00357167
0.00410182
0.00457959
0.00500089
0.00536424
0.00566987
0.00591915
0.00611407
0.00625688
0.00634987
0.00639517
0.00639465
0.00634988
0.00626209
0.00613221
0.00596091
0.00574866
0.00549582
0.00520271
0.00486971
0.00449734
0.00408638
0.0036379
0.00315341
0.00263485
0.00208471
0.00150604
0.000902485
0.000278294
-0.000361664
-0.00101193
-0.00166651
-0.00231889
-0.00296213
-0.00358898
-0.00419192
-0.00476335
-0.00529566
-0.00578141
-0.00621348
-0.00658519
-0.00689047
-0.00712404
-0.00728149
-0.00735946
-0.00735574
-0.00726939
-0.00710078
-0.00685171
-0.00652541
-0.00612661
-0.00566154
-0.00513798
-0.00456528
-0.00395442
-0.0033181
-0.00267093
-0.00202962
-0.00141338
-0.000844341
-0.000348195
4.50821e-05
0.000300546
0.000377382
0.000224547
4.40914e-05
0.000461285
0.00108711
0.00183481
0.00264251
0.00346397
0.00426553
0.00502377
0.00572305
0.00635369
0.00691037
0.00739093
0.00779538
0.00812515
0.0083825
0.00857011
0.00869071
0.00874689
0.00874097
0.0086749
0.00855024
0.00836821
0.00812972
0.00783545
0.00748595
0.00708176
0.00662352
0.00611208
0.00554862
0.00493476
0.00427264
0.00356504
0.00281542
0.00202798
0.0012077
0.00036037
-0.000507445
-0.00138841
-0.00227448
-0.00315696
-0.00402663
-0.00487381
-0.00568856
-0.00646078
-0.0071804
-0.00783759
-0.0084229
-0.00892752
-0.00934342
-0.00966359
-0.0098822
-0.0099948
-0.00999845
-0.00989185
-0.00967551
-0.00935177
-0.00892491
-0.0084012
-0.00778891
-0.00709834
-0.00634189
-0.00553408
-0.00469164
-0.00383369
-0.0029819
-0.00216089
-0.00139858
-0.000726829
-0.000182131
0.000193702
0.000352546
0.000235022
0.000160465
0.000814524
0.0016798
0.0026663
0.00370832
0.00475579
0.00577169
0.00672973
0.00761209
0.00840752
0.00910967
0.00971583
0.0102258
0.0106411
0.0109643
0.0111985
0.0113467
0.0114121
0.0113973
0.0113048
0.0111363
0.0108935
0.0105774
0.010189
0.00972902
0.00919835
0.0085979
0.00792892
0.00719307
0.00639259
0.0055304
0.00461019
0.00363653
0.00261491
0.00155181
0.000454693
-0.000667998
-0.00180687
-0.00295165
-0.00409127
-0.00521399
-0.00630755
-0.00735933
-0.00835654
-0.00928644
-0.0101366
-0.010895
-0.0115505
-0.0120929
-0.0125134
-0.0128044
-0.0129604
-0.0129775
-0.012854
-0.0125906
-0.01219
-0.0116576
-0.0110014
-0.0102318
-0.00936167
-0.00840676
-0.0073853
-0.00631831
-0.00522962
-0.00414609
-0.00309786
-0.00211873
-0.00124669
-0.000524524
-4.61136e-07
0.000270953
0.000223883
0.000310945
0.00125699
0.00240597
0.00366674
0.00497156
0.00626807
0.007517
0.00869015
0.00976819
0.0107387
0.0115947
0.0123332
0.0129537
0.0134582
0.0138493
0.0141305
0.0143055
0.0143776
0.0143501
0.0142256
0.0140064
0.0136942
0.0132905
0.0127965
0.0122131
0.0115415
0.0107831
0.00993937
0.00901271
0.008006
0.006923
0.00576843
0.00454807
0.00326882
0.00193876
0.000567171
-0.000835491
-0.00225763
-0.00368658
-0.00510876
-0.00650973
-0.00787446
-0.00918748
-0.0104331
-0.0115957
-0.0126601
-0.0136115
-0.0144362
-0.0151218
-0.0156571
-0.0160331
-0.0162427
-0.016281
-0.0161459
-0.0158379
-0.0153604
-0.0147199
-0.0139258
-0.0129908
-0.0119308
-0.0107646
-0.00951456
-0.00820603
-0.00686775
-0.00553189
-0.00423423
-0.00301447
-0.00191662
-0.000989562
-0.000287468
0.000129491
0.000190476
0.000494629
0.00178745
0.00326472
0.00483575
0.00643223
0.00800084
0.00950123
0.0109042
0.0121896
0.0133444
0.0143615
0.0152376
0.0159726
0.0165685
0.0170286
0.0173566
0.0175567
0.0176327
0.0175881
0.0174262
0.0171493
0.0167596
0.0162588
0.0156482
0.0149293
0.0141034
0.0131722
0.012138
0.0110036
0.00977257
0.00844968
0.00704072
0.00555276
0.00399418
0.00237478
0.000705741
-0.00100036
-0.0027296
-0.00446682
-0.00619575
-0.00789914
-0.00955903
-0.0111569
-0.0126741
-0.0140919
-0.015392
-0.0165568
-0.0175699
-0.0184161
-0.0190823
-0.0195571
-0.0198321
-0.0199012
-0.0197616
-0.0194137
-0.0188612
-0.0181117
-0.0171763
-0.0160698
-0.014811
-0.0134222
-0.0119297
-0.0103635
-0.00875722
-0.00714852
-0.00557888
-0.00409389
-0.00274356
-0.00158263
-0.000670861
-7.34541e-05
0.000134721
0.000710484
0.00240399
0.00425397
0.00617136
0.00808853
0.00995235
0.0117225
0.0133695
0.0148734
0.0162211
0.0174055
0.0184238
0.0192762
0.0199652
0.0204944
0.0208683
0.0210913
0.0211679
0.021102
0.0208971
0.0205559
0.0200808
0.0194739
0.0187368
0.0178711
0.0168785
0.0157613
0.0145221
0.0131643
0.0116925
0.0101123
0.00843053
0.00665572
0.00479776
0.00286822
0.000880256
-0.00115135
-0.00321027
-0.00527876
-0.00733774
-0.00936705
-0.0113457
-0.0132519
-0.0150638
-0.0167595
-0.0183175
-0.019717
-0.0209386
-0.0219645
-0.0227788
-0.0233683
-0.0237223
-0.0238337
-0.0236987
-0.0233173
-0.0226938
-0.0218364
-0.0207579
-0.0194752
-0.01801
-0.0163882
-0.0146401
-0.0128003
-0.0109076
-0.00900519
-0.00714023
-0.00536431
-0.00373337
-0.00230792
-0.00115309
-0.000338721
5.6786e-05
0.000957432
0.00310431
0.00537084
0.00767048
0.00993729
0.0121194
0.0141774
0.0160827
0.0178157
0.0193643
0.0207219
0.0218862
0.0228584
0.0236414
0.0242396
0.024658
0.0249016
0.0249754
0.0248838
0.0246305
0.0242187
0.0236511
0.0229298
0.0220569
0.0210342
0.0198639
0.0185485
0.0170911
0.015496
0.0137684
0.0119149
0.00994357
0.00786423
0.00568838
0.00342937
0.00110238
-0.00127557
-0.0036857
-0.00610757
-0.00851927
-0.0108976
-0.0132183
-0.0154565
-0.0175867
-0.0195838
-0.0214226
-0.0230794
-0.0245312
-0.0257573
-0.026739
-0.0274606
-0.0279094
-0.0280766
-0.0279574
-0.0275512
-0.0268624
-0.0258999
-0.024678
-0.0232158
-0.0215377
-0.0196731
-0.0176566
-0.0155273
-0.0133294
-0.0111115
-0.00892682
-0.00683285
-0.00489153
-0.00316916
-0.00173615
-0.000666874
-4.31133e-05
0.00123438
0.00388588
0.0066119
0.00932919
0.0119744
0.0144977
0.0168615
0.0190389
0.0210117
0.0227688
0.024305
0.025619
0.0267129
0.0275905
0.0282572
0.0287186
0.0289804
0.0290481
0.0289266
0.02862
0.0281318
0.0274649
0.0266219
0.025605
0.0244162
0.0230581
0.0215337
0.0198466
0.0180016
0.0160047
0.0138636
0.0115875
0.00918754
0.00667676
0.00407033
0.00138545
-0.00135859
-0.00414052
-0.0069372
-0.0097238
-0.012474
-0.0151603
-0.0177543
-0.0202271
-0.0225498
-0.0246939
-0.0266317
-0.0283371
-0.0297858
-0.0309562
-0.0318297
-0.0323912
-0.0326301
-0.0325401
-0.0321198
-0.0313733
-0.0303104
-0.0289463
-0.0273024
-0.0254057
-0.0232892
-0.0209915
-0.0185566
-0.016034
-0.013478
-0.0109477
-0.00850697
-0.00622374
-0.00417018
-0.00242212
-0.00105856
-0.000164842
0.00154024
0.00474598
0.00797334
0.0111429
0.0141947
0.0170819
0.0197695
0.0222327
0.0244555
0.0264288
0.0281487
0.0296157
0.0308331
0.031806
0.0325405
0.0330434
0.033321
0.0333796
0.0332243
0.0328599
0.0322901
0.0315183
0.030547
0.0293788
0.028016
0.0264616
0.0247187
0.0227916
0.0206857
0.0184078
0.0159664
0.0133718
0.0106366
0.00777527
0.0048048
0.0017444
-0.00138444
-0.00455794
-0.00775027
-0.0109336
-0.0140785
-0.017154
-0.0201283
-0.0229687
-0.0256426
-0.0281175
-0.030362
-0.0323461
-0.0340421
-0.0354246
-0.0364721
-0.0371669
-0.0374957
-0.0374506
-0.0370291
-0.0362349
-0.0350778
-0.0335744
-0.0317478
-0.0296277
-0.0272504
-0.0246588
-0.0219018
-0.0190341
-0.016116
-0.013213
-0.0103949
-0.0077363
-0.00531533
-0.0032135
-0.00151475
-0.000308438
0.00187389
0.00568177
0.00945103
0.0131067
0.0165927
0.019866
0.0228948
0.0256574
0.0281405
0.0303373
0.0322462
0.0338695
0.0352121
0.0362807
0.0370827
0.0376257
0.0379171
0.0379637
0.0377715
0.0373453
0.0366896
0.0358077
0.0347027
0.0333771
0.0318337
0.0300756
0.0281063
0.0259306
0.0235543
0.0209851
0.0182323
0.0153072
0.0122237
0.00899771
0.00564795
0.00219554
-0.00133579
-0.00491986
-0.00852808
-0.0121297
-0.0156921
-0.0191808
-0.0225604
-0.0257944
-0.0288461
-0.031679
-0.0342576
-0.0365479
-0.0385178
-0.0401386
-0.0413849
-0.0422359
-0.0426755
-0.0426937
-0.0422865
-0.0414565
-0.0402138
-0.0385756
-0.0365665
-0.0342189
-0.0315725
-0.0286742
-0.025578
-0.022344
-0.0190387
-0.0157339
-0.0125061
-0.00943653
-0.00660981
-0.0041135
-0.00203696
-0.000474167
0.00223422
0.00669029
0.0110406
0.015215
0.0191621
0.0228431
0.0262303
0.0293057
0.0320591
0.0344868
0.0365898
0.0383727
0.0398425
0.0410075
0.0418766
0.0424587
0.0427622
0.0427947
0.0425626
0.0420717
0.0413264
0.0403305
0.0390873
0.0375995
0.0358701
0.0339024
0.0317003
0.0292689
0.0266145
0.0237454
0.0206717
0.0174057
0.0139623
0.0103591
0.00661611
0.00275646
-0.00119405
-0.00520683
-0.00925067
-0.0132919
-0.0172945
-0.0212207
-0.0250313
-0.0286857
-0.0321433
-0.0353631
-0.0383052
-0.0409311
-0.0432044
-0.045092
-0.0465647
-0.0475977
-0.048172
-0.0482747
-0.0478998
-0.0470487
-0.0457309
-0.043964
-0.0417742
-0.0391962
-0.0362728
-0.0330551
-0.0296021
-0.0259797
-0.0222606
-0.0185233
-0.0148514
-0.011333
-0.00805996
-0.00512625
-0.00262732
-0.000662565
0.00262007
0.00776842
0.0127372
0.0174619
0.0218961
0.0260059
0.0297683
0.0331694
0.0362031
0.038869
0.0411713
0.0431172
0.0447162
0.0459785
0.0469148
0.0475353
0.0478497
0.0478663
0.0475925
0.0470344
0.0461969
0.045084
0.0436993
0.0420458
0.0401265
0.0379448
0.035505
0.0328124
0.0298738
0.0266979
0.0232956
0.0196799
0.0158669
0.0118753
0.00772663
0.00344577
-0.000939491
-0.00539828
-0.00989678
-0.0143984
-0.018864
-0.0232523
-0.0275202
-0.031623
-0.0355157
-0.0391529
-0.0424898
-0.0454831
-0.0480917
-0.0502777
-0.0520072
-0.0532514
-0.0539873
-0.0541987
-0.0538771
-0.0530222
-0.0516423
-0.0497552
-0.0473881
-0.0445777
-0.0413701
-0.0378205
-0.0339928
-0.0299589
-0.025798
-0.0215956
-0.0174431
-0.0134359
-0.00967341
-0.00625694
-0.00328872
-0.000874464
0.00303022
0.00891291
0.0145361
0.0198412
0.0247874
0.0293463
0.0335
0.0372396
0.0405633
0.0434747
0.0459815
0.048094
0.0498244
0.0511853
0.0521891
0.0528479
0.0531725
0.0531723
0.0528555
0.0522286
0.0512973
0.0500657
0.0485375
0.0467159
0.0446041
0.0422056
0.0395249
0.0365673
0.0333401
0.0298524
0.0261154
0.0221431
0.0179523
0.0135628
0.00899753
0.00428287
-0.000551504
-0.00547257
-0.0104441
-0.0154265
-0.0203777
-0.0252528
-0.0300047
-0.0345847
-0.0389431
-0.0430298
-0.0467948
-0.0501898
-0.0531682
-0.0556869
-0.057707
-0.0591946
-0.0601223
-0.0604702
-0.0602262
-0.0593877
-0.0579616
-0.0559651
-0.053426
-0.0503829
-0.0468848
-0.0429909
-0.0387703
-0.034301
-0.029669
-0.0249674
-0.0202955
-0.0157569
-0.0114592
-0.00751191
-0.00402481
-0.00111101
0.00346343
0.0101203
0.016432
0.0223461
0.0278281
0.0328555
0.0374163
0.0415067
0.0451299
0.048294
0.0510105
0.0532935
0.0551578
0.0566187
0.057691
0.0583884
0.0587231
0.0587058
0.0583454
0.0576494
0.0566234
0.0552723
0.0535999
0.0516093
0.049304
0.0466874
0.0437641
0.0405396
0.0370212
0.0332183
0.0291425
0.0248085
0.0202335
0.0154384
0.0104472
0.0052877
-8.79403e-06
-0.00540726
-0.0108691
-0.0163522
-0.0218111
-0.0271976
-0.0324607
-0.0375473
-0.0424032
-0.0469729
-0.0512014
-0.0550345
-0.0584199
-0.0613088
-0.0636563
-0.0654231
-0.0665767
-0.0670921
-0.0669537
-0.0661554
-0.0647019
-0.0626096
-0.0599063
-0.0566319
-0.0528381
-0.0485884
-0.0439567
-0.0390274
-0.0338938
-0.0286569
-0.0234246
-0.0183094
-0.013428
-0.00889876
-0.00484013
-0.00137367
0.00391836
0.011387
0.0184193
0.0249696
0.0310099
0.0365244
0.0415072
0.0459603
0.0498924
0.0533162
0.0562478
0.058705
0.060706
0.0622689
0.0634109
0.0641477
0.0644931
0.0644591
0.0640556
0.0632906
0.0621705
0.0607004
0.0588841
0.0567251
0.0542266
0.0513922
0.0482263
0.0447345
0.0409241
0.0368046
0.032388
0.0276889
0.0227253
0.0175187
0.0120941
0.00648039
0.000710307
-0.00517931
-0.0111477
-0.0171502
-0.0231385
-0.0290608
-0.0348622
-0.0404855
-0.0458713
-0.0509591
-0.0556881
-0.059998
-0.0638304
-0.0671298
-0.0698451
-0.0719305
-0.0733476
-0.0740659
-0.0740647
-0.0733341
-0.071876
-0.0697046
-0.0668475
-0.0633454
-0.0592526
-0.0546362
-0.0495755
-0.0441612
-0.0384943
-0.0326844
-0.0268484
-0.0211088
-0.015592
-0.0104264
-0.00574005
-0.00166426
0.0043936
0.0127092
0.0204921
0.027704
0.034324
0.0403431
0.0457621
0.0505894
0.0548392
0.0585298
0.0616818
0.0643172
0.0664578
0.068125
0.0693384
0.070116
0.0704733
0.0704237
0.0699782
0.0691456
0.0679328
0.0663451
0.0643867
0.062061
0.0593712
0.0563209
0.0529142
0.0491566
0.0450553
0.0406197
0.0358618
0.0307964
0.0254419
0.01982
0.0139564
0.00788087
0.00162751
-0.00476539
-0.0112551
-0.0177947
-0.024333
-0.0308149
-0.0371817
-0.0433717
-0.0493207
-0.0549626
-0.0602306
-0.0650581
-0.0693798
-0.0731332
-0.0762599
-0.0787072
-0.0804295
-0.08139
-0.0815622
-0.0809312
-0.0794948
-0.0772649
-0.0742677
-0.0705444
-0.0661512
-0.0611587
-0.0556516
-0.0497272
-0.0434945
-0.0370721
-0.030587
-0.0241722
-0.0179651
-0.0121049
-0.00673084
-0.0019849
0.00488767
0.0140828
0.0226443
0.0305414
0.0377609
0.044301
0.0501697
0.055382
0.0599582
0.0639224
0.0673001
0.0701178
0.0724013
0.0741752
0.0754622
0.0762824
0.0766534
0.07659
0.0761045
0.0752063
0.0739032
0.0722006
0.070103
0.0676138
0.0647361
0.0614731
0.057829
0.0538088
0.0494196
0.0446703
0.0395729
0.0341421
0.0283962
0.0223572
0.0160512
0.00950851
0.00276417
-0.00414227
-0.0111664
-0.0182592
-0.0253669
-0.0324312
-0.0393898
-0.0461764
-0.0527219
-0.0589547
-0.0648016
-0.0701892
-0.0750449
-0.0792986
-0.0828838
-0.0857399
-0.0878134
-0.08906
-0.0894463
-0.0889512
-0.0875677
-0.085304
-0.0821843
-0.0782495
-0.0735571
-0.0681811
-0.0622112
-0.0557517
-0.0489199
-0.0418442
-0.0346622
-0.0275186
-0.0205627
-0.013946
-0.00781967
-0.0023381
0.00539897
0.0155034
0.0248692
0.0334734
0.0413107
0.0483872
0.0547181
0.0603256
0.0652365
0.0694808
0.0730894
0.0760936
0.0785233
0.0804068
0.0817698
0.082635
0.0830219
0.0829472
0.0824242
0.0814636
0.0800733
0.0782596
0.0760268
0.0733784
0.0703175
0.0668468
0.0629702
0.0586925
0.05402
0.0489615
0.0435284
0.0377352
0.0315998
0.0251442
0.0183946
0.0113816
0.00414084
-0.00328719
-0.0108568
-0.018517
-0.0262118
-0.0338799
-0.0414554
-0.0488679
-0.0560432
-0.0629038
-0.0693703
-0.0753619
-0.0807985
-0.0856013
-0.0896954
-0.0930111
-0.0954861
-0.0970673
-0.0977132
-0.0973956
-0.0961011
-0.0938332
-0.0906131
-0.0864803
-0.0814931
-0.0757285
-0.0692812
-0.0622622
-0.0547977
-0.0470265
-0.0390977
-0.0311687
-0.0234019
-0.0159624
-0.0090146
-0.00272666
0.00592584
0.0169667
0.0271599
0.0364911
0.0449631
0.0525899
0.0593947
0.0654069
0.0706603
0.0751909
0.0790355
0.0822303
0.0848098
0.0868059
0.0882476
0.0891604
0.0895661
0.089483
0.0889259
0.0879064
0.0864332
0.0845129
0.08215
0.0793481
0.0761098
0.0724378
0.0683354
0.0638066
0.0588575
0.0534962
0.0477333
0.0415828
0.0350621
0.0281928
0.0210009
0.0135169
0.0057768
-0.00217841
-0.010302
-0.0185416
-0.026839
-0.0351304
-0.0433466
-0.0514129
-0.0592503
-0.0667756
-0.0739026
-0.0805433
-0.086609
-0.0920123
-0.0966686
-0.100498
-0.103429
-0.105399
-0.106355
-0.106262
-0.105098
-0.102861
-0.0995676
-0.095255
-0.0899815
-0.0838264
-0.0768889
-0.0692872
-0.0611565
-0.0526465
-0.0439191
-0.0351451
-0.0265016
-0.0181683
-0.0103246
-0.00315376
0.00646651
0.0184677
0.0295092
0.0395852
0.0487069
0.0568969
0.0641862
0.070612
0.0762151
0.081038
0.0851235
0.0885129
0.0912456
0.0933574
0.0948808
0.0958441
0.0962717
0.0961836
0.0955962
0.0945221
0.0929709
0.0909494
0.0884625
0.0855137
0.0821052
0.0782395
0.0739192
0.0691478
0.0639304
0.0582745
0.0521897
0.0456893
0.0387899
0.0315124
0.023882
0.0159292
0.00768951
-0.000795632
-0.00947897
-0.018307
-0.0272201
-0.0361519
-0.0450302
-0.0537765
-0.062307
-0.0705328
-0.0783611
-0.085696
-0.0924404
-0.0984974
-0.103772
-0.108174
-0.11162
-0.114035
-0.115359
-0.115543
-0.114557
-0.112392
-0.109058
-0.10459
-0.0990429
-0.0924991
-0.0850617
-0.0768558
-0.0680259
-0.0587334
-0.0491535
-0.0394721
-0.0298819
-0.0205792
-0.0117595
-0.00362291
0.00701914
0.0200016
0.0319095
0.042746
0.0525309
0.0612954
0.0690789
0.0759262
0.0818855
0.0870063
0.0913372
0.0949252
0.0978144
0.100045
0.101653
0.10267
0.103123
0.103034
0.10242
0.101296
0.0996723
0.0975559
0.0949518
0.0918636
0.0882933
0.0842427
0.0797138
0.0747095
0.069234
0.0632935
0.0568969
0.0500562
0.042787
0.0351092
0.0270471
0.0186303
0.00989403
0.000879324
-0.00836634
-0.0177889
-0.0273273
-0.0369135
-0.0464726
-0.0559226
-0.0651751
-0.0741357
-0.0827048
-0.0907791
-0.0982522
-0.105017
-0.110969
-0.116004
-0.120027
-0.122952
-0.124704
-0.125225
-0.124472
-0.122427
-0.119092
-0.114497
-0.108696
-0.10177
-0.0938265
-0.0849972
-0.0754362
-0.0653172
-0.0548296
-0.0441754
-0.0335648
-0.0232118
-0.0133302
-0.00413796
0.00758181
0.0215632
0.034353
0.0459634
0.0564232
0.0657722
0.0740582
0.0813342
0.0876558
0.0930793
0.0976598
0.10145
0.104499
0.106851
0.108547
0.109621
0.110103
0.110016
0.109381
0.108212
0.106521
0.104317
0.101603
0.0983836
0.0946605
0.090435
0.0857082
0.0804822
0.0747601
0.068547
0.0618505
0.0546813
0.0470537
0.0389862
0.0305019
0.0216292
0.0124025
0.00286198
-0.00694503
-0.0169643
-0.0271342
-0.0373853
-0.0476404
-0.0578145
-0.0678149
-0.0775422
-0.0868902
-0.0957476
-0.103999
-0.111528
-0.118215
-0.123948
-0.128615
-0.132118
-0.134366
-0.135288
-0.134829
-0.132959
-0.129671
-0.124986
-0.118955
-0.11166
-0.103209
-0.0937403
-0.0834183
-0.0724289
-0.0609772
-0.0492824
-0.0375735
-0.0260842
-0.015048
-0.00470313
0.00815251
0.0231472
0.0368315
0.0492271
0.0603716
0.0703136
0.0791094
0.0868202
0.0935092
0.0992398
0.104074
0.108069
0.111281
0.113758
0.115544
0.116678
0.117192
0.117111
0.116459
0.115251
0.1135
0.111214
0.108398
0.105057
0.101191
0.0968009
0.0918879
0.0864525
0.0804969
0.0740247
0.0670423
0.0595586
0.0515863
0.0431423
0.0342483
0.024931
0.0152233
0.00516457
-0.00519891
-0.0158133
-0.0266166
-0.0375388
-0.0485009
-0.0594155
-0.0701862
-0.0807086
-0.0908706
-0.100553
-0.109631
-0.117978
-0.125463
-0.131959
-0.13734
-0.141493
-0.144311
-0.145706
-0.14561
-0.143977
-0.14079
-0.13606
-0.129833
-0.122187
-0.113232
-0.103113
-0.0920026
-0.0801002
-0.0676271
-0.0548213
-0.0419325
-0.0292156
-0.0169257
-0.00532294
0.00872921
0.024748
0.0393369
0.0525266
0.0643637
0.0749055
0.0842172
0.0923679
0.0994286
0.10547
0.11056
0.114764
0.118141
0.120745
0.122624
0.123821
0.124369
0.124299
0.123634
0.122392
0.120586
0.118226
0.115317
0.111862
0.107864
0.103321
0.0982347
0.0926035
0.0864287
0.0797126
0.0724597
0.0646775
0.0563767
0.0475722
0.0382838
0.0285363
0.018361
0.00779537
-0.00311549
-0.0143187
-0.0257528
-0.0373475
-0.0490229
-0.0606896
-0.0722483
-0.0835903
-0.0945975
-0.105144
-0.115095
-0.124314
-0.132657
-0.139983
-0.146151
-0.151029
-0.154495
-0.156443
-0.156785
-0.155461
-0.152439
-0.147718
-0.141336
-0.133365
-0.123918
-0.113142
-0.101219
-0.0883625
-0.0748108
-0.0608219
-0.0466675
-0.0326261
-0.0189764
-0.00600228
0.00930984
0.0263603
0.0418607
0.055851
0.0683866
0.0795338
0.0893659
0.0979605
0.105396
0.111751
0.1171
0.121514
0.125058
0.127791
0.129765
0.131027
0.131613
0.131557
0.130883
0.129612
0.127758
0.12533
0.122336
0.118778
0.114658
0.109974
0.104727
0.0989142
0.0925356
0.0855919
0.0780859
0.070023
0.0614119
0.0522655
0.042601
0.0324413
0.0218152
0.0107582
-0.000686536
-0.0124676
-0.0245247
-0.036788
-0.0491775
-0.0616025
-0.0739614
-0.086142
-0.0980211
-0.109466
-0.120333
-0.130475
-0.139736
-0.147959
-0.154988
-0.160671
-0.164869
-0.167453
-0.168318
-0.167383
-0.164599
-0.15995
-0.153464
-0.145205
-0.135283
-0.12385
-0.111096
-0.0972471
-0.0825602
-0.0673144
-0.0518054
-0.0363372
-0.0212142
-0.00674637
0.00989231
0.0279784
0.0443946
0.0591897
0.0724279
0.0841839
0.0945398
0.103581
0.111394
0.118065
0.123674
0.128299
0.132011
0.134874
0.136945
0.138273
0.138899
0.13886
0.138181
0.136885
0.134988
0.1325
0.129429
0.125777
0.121545
0.116733
0.111339
0.10536
0.0987934
0.0916396
0.0838991
0.0755751
0.0666743
0.0572068
0.0471875
0.0366366
0.0255803
0.0140516
0.00209126
-0.0102516
-0.0229185
-0.0358407
-0.0489389
-0.0621221
-0.0752873
-0.0883194
-0.101091
-0.113463
-0.125285
-0.136398
-0.146633
-0.15582
-0.163784
-0.170355
-0.175371
-0.178682
-0.180161
-0.179704
-0.17724
-0.172739
-0.166209
-0.157707
-0.147339
-0.135257
-0.121659
-0.106784
-0.0909068
-0.0743295
-0.0573737
-0.0403711
-0.0236541
-0.00756078
0.0104746
0.0295969
0.0469302
0.062532
0.0764747
0.0888417
0.0997231
0.109213
0.117404
0.124391
0.130261
0.135098
0.138978
0.141971
0.144139
0.145534
0.146202
0.146181
0.145501
0.144184
0.142249
0.139707
0.136566
0.132829
0.128497
0.123569
0.118041
0.11191
0.105174
0.0978282
0.0898729
0.0813091
0.0721407
0.0623754
0.0520253
0.0411076
0.0296454
0.0176689
0.00521573
-0.00766768
-0.0209253
-0.0344906
-0.0482856
-0.0622199
-0.0761902
-0.0900796
-0.103758
-0.11708
-0.129888
-0.142014
-0.153278
-0.163492
-0.172465
-0.180006
-0.18593
-0.190065
-0.192256
-0.192374
-0.190326
-0.186056
-0.179556
-0.17087
-0.160094
-0.14738
-0.132932
-0.117002
-0.0998816
-0.0818982
-0.0634007
-0.0447508
-0.0263115
-0.00845139
0.0110545
0.0312104
0.0494594
0.0658673
0.0805146
0.0934928
0.1049
0.114838
0.123408
0.13071
0.136841
0.141888
0.145936
0.149059
0.151322
0.152785
0.153495
0.153494
0.152813
0.151479
0.14951
0.14692
0.143716
0.139903
0.13548
0.130447
0.1248
0.118533
0.111643
0.104125
0.0959762
0.0871949
0.0777829
0.0677452
0.0570907
0.0458335
0.0339934
0.0215971
0.00867873
-0.00471859
-0.0185421
-0.032728
-0.0472008
-0.0618717
-0.0766382
-0.0913828
-0.105973
-0.12026
-0.13408
-0.147255
-0.159594
-0.170895
-0.180948
-0.189542
-0.196468
-0.201526
-0.204534
-0.205334
-0.203804
-0.199863
-0.193479
-0.184679
-0.173547
-0.16023
-0.144935
-0.127926
-0.109514
-0.0900511
-0.069915
-0.0495002
-0.0292027
-0.00942439
0.0116304
0.0328138
0.0519744
0.0691856
0.0845357
0.0981236
0.110055
0.12044
0.129387
0.137004
0.143392
0.148648
0.152861
0.156111
0.158469
0.159998
0.160749
0.160767
0.160087
0.158737
0.156738
0.154104
0.150843
0.146961
0.142458
0.137332
0.131579
0.125192
0.118166
0.110495
0.102173
0.0931977
0.0835676
0.0732845
0.0623544
0.050788
0.0386012
0.025817
0.0124658
-0.00141356
-0.015772
-0.0305496
-0.0456739
-0.0610591
-0.0766043
-0.092193
-0.107692
-0.122949
-0.137797
-0.152049
-0.165504
-0.177946
-0.189147
-0.198875
-0.206894
-0.212979
-0.216914
-0.218511
-0.217614
-0.21411
-0.207942
-0.199112
-0.187687
-0.173808
-0.157681
-0.139579
-0.119833
-0.0988181
-0.0769453
-0.0546434
-0.0323445
-0.0104863
0.0122001
0.0344022
0.0544678
0.0724775
0.0885264
0.102721
0.115174
0.126003
0.135324
0.143251
0.149894
0.155355
0.15973
0.163104
0.165553
0.167144
0.167933
0.167969
0.16729
0.165925
0.163897
0.161223
0.157911
0.153967
0.149393
0.144184
0.138337
0.131845
0.1247
0.116895
0.108423
0.099278
0.0894561
0.0789565
0.0677816
0.0559385
0.0434396
0.0303033
0.0165557
0.00223144
-0.0126252
-0.0279586
-0.0437008
-0.0597695
-0.0760673
-0.0924795
-0.108873
-0.125097
-0.140979
-0.156326
-0.170929
-0.184557
-0.196968
-0.207905
-0.21711
-0.224325
-0.229302
-0.231817
-0.231677
-0.228734
-0.222896
-0.214135
-0.202498
-0.188112
-0.171179
-0.151981
-0.130863
-0.108228
-0.0845201
-0.060205
-0.0357541
-0.011644
0.0127623
0.0359713
0.056933
0.0757342
0.0924763
0.107272
0.120243
0.131511
0.141201
0.149434
0.156326
0.161987
0.166518
0.17001
0.172545
0.174194
0.175018
0.175069
0.174388
0.173007
0.170951
0.168239
0.164879
0.16088
0.15624
0.150959
0.145031
0.138448
0.131201
0.123282
0.114682
0.105392
0.0954054
0.0847191
0.0733319
0.0612472
0.0484731
0.0350239
0.0209208
0.00619349
-0.00911882
-0.0249659
-0.0412847
-0.0579981
-0.075013
-0.0922183
-0.109484
-0.126658
-0.143569
-0.160018
-0.17579
-0.190641
-0.204314
-0.216532
-0.227009
-0.235457
-0.241594
-0.245155
-0.245906
-0.243657
-0.238276
-0.2297
-0.217949
-0.203126
-0.18543
-0.165142
-0.142625
-0.118308
-0.092667
-0.0662098
-0.0394494
-0.0129044
0.0133153
0.0375173
0.0593641
0.0789479
0.0963757
0.111767
0.125247
0.136949
0.147001
0.155533
0.162667
0.168521
0.1732
0.176803
0.179417
0.181118
0.181971
0.182032
0.181345
0.179946
0.177861
0.175111
0.171706
0.167655
0.162958
0.157613
0.151615
0.144954
0.137622
0.129608
0.120901
0.111491
0.101368
0.0905257
0.07896
0.0666704
0.0536607
0.0399407
0.0255266
0.0104427
-0.00527754
-0.0215897
-0.0384368
-0.0557478
-0.0734351
-0.091393
-0.109495
-0.127593
-0.145515
-0.163061
-0.180009
-0.196109
-0.211087
-0.224647
-0.236478
-0.24626
-0.253674
-0.258412
-0.260196
-0.258787
-0.254006
-0.245749
-0.233996
-0.218828
-0.200426
-0.179071
-0.155138
-0.129081
-0.101413
-0.0726823
-0.0434484
-0.014275
0.013858
0.0390369
0.0617563
0.0821122
0.100217
0.116194
0.130177
0.142303
0.152709
0.161531
0.168898
0.174934
0.179753
0.183458
0.186141
0.187885
0.18876
0.188823
0.188125
0.186703
0.184586
0.181797
0.178348
0.174248
0.169499
0.164098
0.158039
0.151314
0.143913
0.135822
0.12703
0.117524
0.107292
0.0963256
0.0846162
0.0721597
0.058956
0.0450098
0.0303324
0.0149422
-0.00113326
-0.0178562
-0.0351765
-0.05303
-0.0713361
-0.0899956
-0.108888
-0.12787
-0.146772
-0.165397
-0.183517
-0.200876
-0.217188
-0.232141
-0.245399
-0.256609
-0.265415
-0.271465
-0.274429
-0.274016
-0.269993
-0.262204
-0.250585
-0.23518
-0.216149
-0.193766
-0.168414
-0.14057
-0.110783
-0.0796464
-0.047769
-0.0157633
0.0143895
0.040528
0.0641058
0.0852221
0.103992
0.120546
0.135021
0.147561
0.158311
0.167411
0.175
0.181206
0.186152
0.189946
0.192688
0.194464
0.195349
0.195407
0.194689
0.193238
0.191085
0.188254
0.18476
0.180613
0.175815
0.170363
0.164254
0.157476
0.150019
0.14187
0.133013
0.123436
0.113124
0.102065
0.0902467
0.0776625
0.0643075
0.0501819
0.0352915
0.0196488
0.00327495
-0.0137993
-0.0315314
-0.049865
-0.0687276
-0.088028
-0.107654
-0.127468
-0.147306
-0.166974
-0.186246
-0.20486
-0.222523
-0.238905
-0.25365
-0.266375
-0.276683
-0.284178
-0.288474
-0.289222
-0.286128
-0.278974
-0.267643
-0.252133
-0.232572
-0.209218
-0.182459
-0.152791
-0.120799
-0.0871257
-0.0524296
-0.017377
0.0149093
0.0419892
0.0664106
0.0882743
0.107699
0.124817
0.139772
0.152714
0.163793
0.173158
0.180953
0.187316
0.192374
0.196243
0.199029
0.200823
0.201707
0.201747
0.201
0.199511
0.197315
0.194438
0.190896
0.186701
0.181856
0.17636
0.170206
0.163386
0.155888
0.147696
0.138796
0.129172
0.118807
0.107686
0.0957947
0.0831224
0.06966
0.055403
0.0403519
0.0245133
0.00790136
-0.00946035
-0.0275373
-0.0462819
-0.0656306
-0.0855018
-0.105792
-0.126374
-0.14709
-0.167753
-0.188139
-0.207988
-0.227
-0.244833
-0.261111
-0.275424
-0.287337
-0.296404
-0.302186
-0.304267
-0.302284
-0.29595
-0.285082
-0.269621
-0.249651
-0.225407
-0.197271
-0.165756
-0.131484
-0.0951422
-0.0574482
-0.0191241
0.0154174
0.0434205
0.0686703
0.0912679
0.111333
0.129003
0.144424
0.157752
0.169145
0.178757
0.186742
0.193243
0.198395
0.202321
0.205134
0.206931
0.207797
0.207806
0.207017
0.20548
0.203232
0.200302
0.196708
0.192464
0.187572
0.182034
0.175843
0.168991
0.161463
0.153245
0.144321
0.134672
0.124281
0.113129
0.101201
0.0884801
0.0749547
0.0606153
0.0454572
0.029481
0.0126941
-0.00488753
-0.0232379
-0.0423185
-0.062076
-0.0824392
-0.103316
-0.124588
-0.146111
-0.167704
-0.189152
-0.210197
-0.230536
-0.249823
-0.267664
-0.283623
-0.29723
-0.307992
-0.315409
-0.318999
-0.31832
-0.313007
-0.302798
-0.287563
-0.267332
-0.242301
-0.21284
-0.179473
-0.142852
-0.103717
-0.0628424
-0.0210126
0.0159144
0.0448231
0.0708868
0.0942045
0.114897
0.133103
0.148974
0.162671
0.174357
0.184198
0.192351
0.198968
0.204193
0.208156
0.210975
0.212754
0.213586
0.213546
0.212701
0.211103
0.208793
0.205801
0.202149
0.197851
0.192913
0.187335
0.181112
0.174234
0.166688
0.158459
0.149529
0.139878
0.129487
0.118336
0.106404
0.0936746
0.0801303
0.0657579
0.0505472
0.0344931
0.0175962
-0.000135307
-0.018684
-0.0380211
-0.0581039
-0.0788726
-0.100247
-0.122123
-0.144367
-0.166811
-0.18925
-0.211432
-0.23306
-0.253782
-0.273194
-0.290839
-0.306214
-0.31878
-0.327978
-0.333252
-0.334078
-0.330001
-0.320666
-0.305861
-0.285543
-0.259857
-0.229148
-0.193941
-0.154918
-0.112869
-0.0686295
-0.0230505
0.0164012
0.0462002
0.0730641
0.0970884
0.118393
0.137118
0.153421
0.167466
0.179425
0.189469
0.197765
0.204474
0.209746
0.213721
0.216522
0.218262
0.219037
0.218931
0.218012
0.216337
0.213951
0.210888
0.20717
0.202814
0.197827
0.19221
0.185958
0.179062
0.171509
0.163282
0.154363
0.144732
0.134366
0.123244
0.111343
0.0986436
0.0851243
0.0707678
0.055559
0.0394871
0.0225461
0.00473658
-0.0139329
-0.0334433
-0.0537629
-0.0748445
-0.0966212
-0.119003
-0.14187
-0.165071
-0.188413
-0.211657
-0.234511
-0.256628
-0.277597
-0.296946
-0.314144
-0.328608
-0.33972
-0.34685
-0.349386
-0.34677
-0.338546
-0.324399
-0.304196
-0.278017
-0.246163
-0.209153
-0.167691
-0.122614
-0.0748261
-0.0252461
0.0168799
0.0475568
0.0752093
0.0999275
0.121829
0.141057
0.157769
0.172138
0.184343
0.194562
0.202973
0.209743
0.215034
0.218991
0.221747
0.223421
0.224116
0.22392
0.222908
0.22114
0.218664
0.215516
0.211724
0.207303
0.202263
0.196606
0.190328
0.18342
0.175868
0.167656
0.158765
0.149173
0.138857
0.127793
0.115957
0.103325
0.0898732
0.0755808
0.060428
0.0443982
0.0274792
0.00966406
-0.0090471
-0.0286452
-0.04911
-0.0704068
-0.092483
-0.115264
-0.138647
-0.162497
-0.186638
-0.210846
-0.234845
-0.258292
-0.28078
-0.301826
-0.320876
-0.337312
-0.350457
-0.359607
-0.364055
-0.363137
-0.356276
-0.343039
-0.323186
-0.296706
-0.263843
-0.225092
-0.181173
-0.132968
-0.0814479
-0.0276075
0.0173531
0.0489
0.0773329
0.102734
0.125218
0.144927
0.162026
0.176691
0.189111
0.199473
0.207963
0.214761
0.220035
0.223941
0.226621
0.228199
0.228786
0.228476
0.227347
0.225466
0.222883
0.219638
0.21576
0.211267
0.20617
0.200472
0.194169
0.187254
0.179712
0.171527
0.162679
0.153145
0.142902
0.131923
0.120183
0.107656
0.0943138
0.0801327
0.0650886
0.0491599
0.0323283
0.0145799
-0.00409364
-0.0236929
-0.0442089
-0.0656198
-0.0878876
-0.110954
-0.134735
-0.159114
-0.183935
-0.208995
-0.234033
-0.258723
-0.282664
-0.305372
-0.326279
-0.344734
-0.360011
-0.37133
-0.377889
-0.378906
-0.373676
-0.361627
-0.342387
-0.315834
-0.282131
-0.241733
-0.195362
-0.143941
-0.0885098
-0.030143
0.0178247
0.0502399
0.079449
0.105524
0.128575
0.148745
0.166202
0.181132
0.193731
0.204197
0.212727
0.219512
0.22473
0.228548
0.231114
0.232562
0.23301
0.232558
0.231289
0.229273
0.226565
0.223208
0.219231
0.214658
0.209498
0.203756
0.19743
0.190512
0.182987
0.17484
0.16605
0.156593
0.146444
0.135577
0.123964
0.111576
0.0983839
0.0843597
0.0694756
0.0537054
0.0370253
0.0194147
0.000857453
-0.0186565
-0.0391289
-0.0605509
-0.0828994
-0.106133
-0.130186
-0.154963
-0.180332
-0.206112
-0.232065
-0.257886
-0.283187
-0.307493
-0.33023
-0.350723
-0.368203
-0.381821
-0.390678
-0.393871
-0.390549
-0.379986
-0.361654
-0.335293
-0.300957
-0.25904
-0.210248
-0.155541
-0.0960254
-0.0328606
0.0182996
0.0515897
0.0815766
0.108319
0.131922
0.15253
0.170315
0.185473
0.198208
0.208733
0.217257
0.223982
0.229099
0.232784
0.235196
0.236478
0.236752
0.236126
0.23469
0.232515
0.229662
0.226176
0.222089
0.217425
0.212196
0.206408
0.200059
0.193141
0.185642
0.177543
0.168824
0.159461
0.149429
0.138699
0.127241
0.115026
0.102023
0.0881993
0.0735246
0.0579684
0.0415019
0.0240983
0.00573426
-0.0136091
-0.0339439
-0.0552737
-0.07759
-0.100868
-0.125063
-0.150101
-0.175873
-0.202227
-0.228951
-0.255765
-0.282307
-0.308116
-0.332622
-0.355139
-0.374863
-0.390883
-0.402207
-0.407807
-0.406678
-0.397919
-0.380821
-0.354954
-0.320234
-0.276964
-0.225816
-0.167773
-0.104007
-0.0357687
0.0187843
0.0529663
0.08374
0.111148
0.135289
0.156309
0.174387
0.189728
0.202551
0.213083
0.221547
0.228159
0.233122
0.236625
0.238837
0.239909
0.239972
0.239139
0.237505
0.235147
0.232128
0.228495
0.224284
0.21952
0.214216
0.208379
0.202007
0.195093
0.187625
0.179584
0.17095
0.161698
0.151802
0.141233
0.12996
0.117951
0.105172
0.091591
0.0771728
0.0618837
0.0456903
0.0285605
0.0104641
-0.00862553
-0.0287305
-0.0498659
-0.0720372
-0.0952367
-0.119438
-0.144592
-0.170615
-0.197383
-0.224716
-0.252366
-0.280001
-0.307185
-0.333365
-0.357854
-0.379827
-0.398321
-0.412258
-0.420484
-0.421832
-0.41521
-0.3997
-0.374669
-0.339858
-0.295444
-0.242041
-0.180637
-0.112468
-0.0388756
0.019287
0.0543912
0.0859695
0.114045
0.138711
0.160114
0.178444
0.193917
0.206772
0.217249
0.22559
0.232027
0.236777
0.240042
0.242003
0.242818
0.242628
0.241552
0.239688
0.23712
0.233913
0.230116
0.225767
0.220893
0.215507
0.209618
0.203225
0.196319
0.188888
0.180916
0.172379
0.163255
0.153515
0.14313
0.132067
0.120294
0.107776
0.0944767
0.0803598
0.0653882
0.0495246
0.0327321
0.0149748
-0.00378125
-0.0235668
-0.0444079
-0.0663232
-0.0893207
-0.113394
-0.138515
-0.164629
-0.191641
-0.219406
-0.247714
-0.276268
-0.304669
-0.332391
-0.358761
-0.382946
-0.403946
-0.420608
-0.431658
-0.435762
-0.431619
-0.418078
-0.394265
-0.359705
-0.314406
-0.258889
-0.194129
-0.121416
-0.0421899
0.0198182
0.0558915
0.0883035
0.117055
0.142232
0.163986
0.182519
0.198066
0.210883
0.221234
0.22938
0.235571
0.240041
0.243005
0.244656
0.245164
0.244676
0.243317
0.241192
0.238386
0.234967
0.230989
0.226489
0.221494
0.216022
0.210079
0.203664
0.19677
0.189385
0.18149
0.173065
0.164084
0.154519
0.144339
0.133513
0.122006
0.109781
0.0968008
0.0830275
0.068421
0.0529407
0.0365458
0.0191953
0.000849191
-0.0185313
-0.0389816
-0.0605326
-0.0832071
-0.107017
-0.131956
-0.157996
-0.185075
-0.213084
-0.241852
-0.271129
-0.300558
-0.329652
-0.357769
-0.384085
-0.407581
-0.427041
-0.441082
-0.448205
-0.446889
-0.435722
-0.413549
-0.379631
-0.33376
-0.27632
-0.208243
-0.130864
-0.0457206
0.0203908
0.0575006
0.0907887
0.12023
0.145904
0.167971
0.18665
0.202199
0.2149
0.225041
0.232908
0.238771
0.242885
0.245479
0.246758
0.246903
0.246068
0.244385
0.241963
0.238891
0.235239
0.231061
0.226397
0.221274
0.21571
0.209711
0.203277
0.1964
0.189068
0.181262
0.172961
0.164139
0.154767
0.144816
0.13425
0.123036
0.111136
0.098511
0.085121
0.0709243
0.0558776
0.039937
0.0230572
0.00519306
-0.0137008
-0.0336683
-0.0547507
-0.0769845
-0.100398
-0.125007
-0.150808
-0.177771
-0.205825
-0.234843
-0.264624
-0.294863
-0.325126
-0.354814
-0.383131
-0.409059
-0.431344
-0.448506
-0.458887
-0.46074
-0.452369
-0.432299
-0.399469
-0.353398
-0.29428
-0.222968
-0.14082
-0.0494775
0.0210214
0.0592603
0.093483
0.123634
0.149791
0.172126
0.190882
0.206349
0.218839
0.228672
0.236162
0.241606
0.245277
0.247422
0.24826
0.247982
0.24675
0.2447
0.241947
0.23858
0.234672
0.230278
0.225439
0.220181
0.214521
0.208467
0.202017
0.195163
0.187893
0.180187
0.172023
0.163376
0.154217
0.144514
0.134234
0.12334
0.111794
0.0995575
0.0865884
0.0728434
0.0582776
0.0428442
0.026495
0.00918055
-0.0091499
-0.0285473
-0.0490619
-0.070742
-0.0936309
-0.117764
-0.143162
-0.169825
-0.19772
-0.226766
-0.256815
-0.287621
-0.318813
-0.349851
-0.379989
-0.408234
-0.433313
-0.453677
-0.467522
-0.472874
-0.467733
-0.450264
-0.419026
-0.373194
-0.312707
-0.238287
-0.151296
-0.0534716
0.0217302
0.061222
0.0964567
0.127346
0.153967
0.176515
0.195264
0.210545
0.222712
0.232122
0.239124
0.244042
0.247174
0.248786
0.249108
0.248343
0.24666
0.2442
0.241079
0.23739
0.233207
0.228582
0.223558
0.21816
0.212404
0.206297
0.199836
0.193013
0.185814
0.178221
0.17021
0.161755
0.152827
0.143394
0.133421
0.122873
0.111711
0.0998942
0.0873813
0.0741274
0.0600865
0.04521
0.0294473
0.0127458
-0.00494932
-0.0236946
-0.0435476
-0.0645664
-0.0868075
-0.110323
-0.135156
-0.161336
-0.188867
-0.217712
-0.247779
-0.278887
-0.310737
-0.342865
-0.374592
-0.404976
-0.43276
-0.456348
-0.473815
-0.482972
-0.4815
-0.467163
-0.43808
-0.393
-0.331525
-0.254183
-0.162302
-0.0577158
0.0225431
0.0634496
0.0997956
0.131457
0.158519
0.181208
0.199847
0.214818
0.226528
0.235381
0.241765
0.246038
0.248524
0.249508
0.249235
0.247916
0.245727
0.242813
0.239292
0.235256
0.230778
0.225912
0.220696
0.215155
0.209305
0.203149
0.196685
0.189904
0.182789
0.175322
0.16748
0.159234
0.150556
0.141414
0.131772
0.121595
0.110844
0.0994783
0.087455
0.0747295
0.0612548
0.0469814
0.0318574
0.0158279
-0.00116475
-0.0191811
-0.0382845
-0.0585408
-0.0800169
-0.10278
-0.126892
-0.15241
-0.17937
-0.207782
-0.237608
-0.268736
-0.300946
-0.333862
-0.366896
-0.399181
-0.429509
-0.456276
-0.477468
-0.490696
-0.493323
-0.48268
-0.456375
-0.412642
-0.350645
-0.270634
-0.173854
-0.0622256
0.0234925
0.0660222
0.103604
0.136077
0.163545
0.186284
0.204683
0.219193
0.230285
0.238422
0.24404
0.247535
0.249257
0.249512
0.24856
0.246619
0.24387
0.24046
0.236507
0.232101
0.227315
0.222199
0.216789
0.211108
0.205168
0.198973
0.192517
0.185789
0.178773
0.171449
0.163792
0.155775
0.147368
0.138538
0.129251
0.11947
0.109157
0.098271
0.0867694
0.0746074
0.061738
0.0481113
0.0336746
0.0183722
0.00214455
-0.0150714
-0.033343
-0.0527417
-0.0733429
-0.095225
-0.118468
-0.143149
-0.169337
-0.197084
-0.226405
-0.257258
-0.289508
-0.322878
-0.356886
-0.390771
-0.423408
-0.45323
-0.478174
-0.495687
-0.502824
-0.496457
-0.473617
-0.431916
-0.369962
-0.287616
-0.185971
-0.0670207
0.0246195
0.0690381
0.108008
0.141334
0.169156
0.191825
0.209819
0.223681
0.233964
0.241201
0.245885
0.248451
0.249281
0.248701
0.246983
0.244352
0.240991
0.237046
0.232634
0.227843
0.222739
0.21737
0.211769
0.205954
0.199936
0.193713
0.18728
0.180622
0.173723
0.166561
0.159109
0.151342
0.143227
0.134732
0.125824
0.116465
0.106616
0.0962388
0.08529
0.0737253
0.0614982
0.0485591
0.0348555
0.0203316
0.00492728
-0.0114218
-0.0287851
-0.0472378
-0.0668611
-0.0877423
-0.109974
-0.133653
-0.158876
-0.185729
-0.214282
-0.244559
-0.276511
-0.309968
-0.344573
-0.379694
-0.414328
-0.446992
-0.475629
-0.49757
-0.509589
-0.508088
-0.489459
-0.450579
-0.389349
-0.305102
-0.198682
-0.0721266
0.0259766
0.0726194
0.113161
0.147377
0.175474
0.197912
0.215292
0.228275
0.237521
0.243644
0.247202
0.248675
0.248478
0.246952
0.244381
0.240994
0.236974
0.232463
0.227572
0.222385
0.216962
0.211346
0.205563
0.199628
0.193547
0.187316
0.180924
0.174358
0.167597
0.160619
0.153396
0.145901
0.138103
0.129968
0.121463
0.112551
0.103195
0.0933549
0.0829893
0.0720548
0.0605055
0.0482931
0.0353658
0.0216686
0.00714201
-0.00827828
-0.0246624
-0.0420872
-0.0606373
-0.0804058
-0.101495
-0.124016
-0.148087
-0.173829
-0.201354
-0.230752
-0.262059
-0.295216
-0.329999
-0.365931
-0.40217
-0.437365
-0.469533
-0.495952
-0.513164
-0.517112
-0.503497
-0.468337
-0.408653
-0.323061
-0.212022
-0.0775777
0.0276313
0.0769194
0.119245
0.154376
0.182626
0.204614
0.221112
0.232935
0.240871
0.245635
0.247853
0.248057
0.246689
0.244108
0.240603
0.236402
0.231684
0.226584
0.221206
0.215624
0.20989
0.20404
0.198094
0.192061
0.18594
0.179725
0.173403
0.166954
0.160358
0.15359
0.146623
0.139427
0.131971
0.124223
0.116148
0.107712
0.0988755
0.0896017
0.0798498
0.0695777
0.0587409
0.0472925
0.0351826
0.0223575
0.00875949
-0.0056746
-0.021014
-0.0373354
-0.0547246
-0.0732775
-0.0931025
-0.114321
-0.137067
-0.161489
-0.187737
-0.21596
-0.246272
-0.278725
-0.313235
-0.349499
-0.386867
-0.42418
-0.459596
-0.490427
-0.513055
-0.523004
-0.51525
-0.484833
-0.427681
-0.341457
-0.226047
-0.0834204
0.0296715
0.0821301
0.126483
0.16252
0.190735
0.211978
0.227251
0.237568
0.243872
0.246996
0.247643
0.246392
0.243712
0.239972
0.235461
0.230402
0.224962
0.219266
0.213406
0.207443
0.20142
0.195363
0.189284
0.183183
0.177057
0.170892
0.164671
0.158373
0.151975
0.145449
0.138768
0.131902
0.124819
0.117486
0.109871
0.101939
0.093652
0.0849744
0.0758671
0.0662894
0.056199
0.0455509
0.0342975
0.0223875
0.00976543
-0.00362932
-0.0178638
-0.0330129
-0.0491613
-0.0664053
-0.0848555
-0.104639
-0.125902
-0.148811
-0.173548
-0.200309
-0.229282
-0.26062
-0.294384
-0.330453
-0.368398
-0.407304
-0.44555
-0.480581
-0.508726
-0.525161
-0.524144
-0.499618
-0.446186
-0.360245
-0.24083
-0.0897194
0.0322136
0.0884943
0.135135
0.172012
0.199907
0.220002
0.23361
0.241999
0.2463
0.247473
0.246303
0.243412
0.239286
0.234299
0.22873
0.222788
0.216625
0.210347
0.204029
0.197719
0.191446
0.185224
0.179055
0.172933
0.166844
0.160772
0.154695
0.148589
0.142428
0.136183
0.129825
0.123323
0.116647
0.109763
0.102639
0.095242
0.0875361
0.0794859
0.0710545
0.0622035
0.0528928
0.0430801
0.0327205
0.0217658
0.0101637
-0.00214295
-0.0152179
-0.0291327
-0.0439689
-0.0598208
-0.0767979
-0.0950291
-0.114666
-0.135886
-0.158896
-0.183928
-0.211231
-0.241051
-0.273582
-0.30889
-0.34679
-0.386654
-0.427162
-0.466006
-0.499599
-0.522894
-0.529481
-0.512123
-0.463838
-0.379359
-0.256475
-0.0965664
0.0354137
0.0963205
0.145507
0.183055
0.210197
0.228599
0.239985
0.24594
0.247813
0.246702
0.243467
0.238764
0.233085
0.226792
0.220145
0.213328
0.206469
0.199651
0.192928
0.186328
0.179866
0.17354
0.167342
0.161257
0.155265
0.149341
0.143462
0.137597
0.13172
0.1258
0.119808
0.113711
0.107479
0.101081
0.0944839
0.0876556
0.0805631
0.0731725
0.065449
0.0573568
0.0488585
0.0399148
0.0304841
0.020522
0.00998004
-0.00119484
-0.0130618
-0.0256879
-0.03915
-0.0535377
-0.0689569
-0.085534
-0.103421
-0.1228
-0.14389
-0.16695
-0.192275
-0.220187
-0.251001
-0.284963
-0.322136
-0.362213
-0.404253
-0.446318
-0.48507
-0.51542
-0.530414
-0.521611
-0.48018
-0.398692
-0.273119
-0.104094
0.0394873
0.106002
0.157945
0.195818
0.221565
0.237538
0.246004
0.248932
0.247914
0.244181
0.238655
0.232005
0.224709
0.217099
0.2094
0.201762
0.194278
0.187001
0.179958
0.173157
0.166592
0.160247
0.154102
0.148132
0.142308
0.136603
0.130984
0.125422
0.119885
0.114343
0.108764
0.103118
0.0973733
0.0915001
0.0854673
0.079244
0.0727991
0.066101
0.0591175
0.0518156
0.0441609
0.0361178
0.0276483
0.0187122
0.00926543
-0.000740042
-0.0113581
-0.0226501
-0.0346867
-0.0475513
-0.0613433
-0.0761829
-0.0922172
-0.109627
-0.128634
-0.149511
-0.172582
-0.198226
-0.226858
-0.258882
-0.294603
-0.334054
-0.376729
-0.421184
-0.464525
-0.50186
-0.525915
-0.527116
-0.49456
-0.418059
-0.290946
-0.112498
0.0447408
0.118043
0.172818
0.210379
0.233786
0.246355
0.251049
0.250283
0.245897
0.239237
0.231251
0.22259
0.213688
0.204824
0.196171
0.187827
0.179844
0.172237
0.165004
0.158125
0.151575
0.145323
0.139335
0.133576
0.128011
0.122605
0.117324
0.112133
0.107001
0.101895
0.0967848
0.0916391
0.0864283
0.0811229
0.075694
0.0701126
0.0643499
0.0583768
0.0521642
0.0456821
0.0388998
0.0317851
0.0243046
0.0164223
0.00809937
-0.000706969
-0.0100446
-0.0199681
-0.0305411
-0.0418388
-0.0539521
-0.066992
-0.0810964
-0.0964376
-0.113232
-0.131752
-0.152336
-0.175395
-0.201415
-0.230929
-0.264458
-0.302367
-0.344622
-0.390377
-0.437386
-0.481259
-0.514741
-0.52736
-0.506023
-0.437116
-0.310179
-0.122075
0.0516254
0.133083
0.190465
0.226611
0.246315
0.25422
0.254147
0.248989
0.240807
0.231005
0.220506
0.209889
0.199507
0.189558
0.180139
0.171288
0.163001
0.155254
0.148007
0.141216
0.134834
0.128814
0.123111
0.117679
0.112478
0.107467
0.102609
0.0978681
0.0932114
0.0886063
0.0840222
0.0794296
0.0748001
0.0701061
0.0653205
0.0604169
0.0553693
0.0501515
0.0447374
0.0391007
0.0332144
0.0270505
0.0205798
0.0137714
0.00659163
-0.000996388
-0.00903403
-0.0175687
-0.0266558
-0.0363615
-0.046766
-0.057969
-0.0700951
-0.0833028
-0.0977949
-0.113832
-0.131746
-0.151959
-0.174994
-0.201473
-0.232086
-0.267496
-0.308137
-0.353835
-0.403181
-0.452632
-0.495429
-0.520657
-0.513146
-0.45522
-0.33106
-0.133288
0.0608352
0.151913
0.211065
0.243966
0.258059
0.259746
0.253831
0.243653
0.2314
0.218434
0.205563
0.193231
0.181661
0.170937
0.161063
0.152
0.143686
0.13605
0.12902
0.122524
0.116496
0.110874
0.105603
0.10063
0.0959099
0.0913985
0.0870569
0.0828491
0.0787414
0.0747025
0.0707031
0.0667155
0.0627134
0.0586714
0.0545653
0.0503715
0.0460669
0.0416288
0.0370346
0.0322616
0.027287
0.022087
0.0166372
0.0109114
0.00488161
-0.00148292
-0.00821684
-0.0153599
-0.0229589
-0.0310698
-0.0397614
-0.0491194
-0.0592529
-0.0703016
-0.0824475
-0.0959282
-0.111055
-0.128234
-0.147991
-0.170985
-0.198017
-0.22998
-0.267727
-0.311764
-0.36166
-0.41507
-0.466328
-0.504818
-0.513809
-0.471164
-0.353763
-0.146866
0.0734751
0.175434
0.234344
0.261089
0.267028
0.260743
0.24801
0.232448
0.216178
0.200358
0.185561
0.172016
0.159766
0.148751
0.138869
0.129998
0.122016
0.114809
0.108272
0.102313
0.0968505
0.0918112
0.0871325
0.0827587
0.0786407
0.074735
0.0710023
0.0674077
0.063919
0.0605072
0.0571453
0.0538081
0.0504722
0.0471154
0.0437166
0.0402555
0.0367124
0.0330684
0.0293046
0.0254023
0.0213426
0.0171064
0.0126738
0.00802378
0.00313396
-0.00202044
-0.00746718
-0.0132383
-0.0193715
-0.0259125
-0.0329177
-0.0404578
-0.0486239
-0.0575339
-0.0673432
-0.0782581
-0.0905539
-0.104599
-0.120885
-0.140059
-0.162956
-0.190602
-0.224166
-0.26476
-0.312971
-0.367934
-0.425736
-0.477111
-0.504891
-0.482724
-0.378126
-0.163951
0.0913201
0.204416
0.258948
0.275164
0.269864
0.253969
0.233914
0.213201
0.193557
0.175708
0.159852
0.145926
0.133754
0.123121
0.113812
0.105633
0.0984082
0.0919909
0.0862542
0.0810914
0.0764122
0.0721404
0.0682112
0.064569
0.0611662
0.0579613
0.054918
0.0520043
0.0491914
0.0464538
0.0437679
0.0411122
0.0384671
0.0358138
0.0331351
0.0304144
0.0276359
0.0247843
0.0218448
0.0188026
0.0156432
0.0123517
0.00891292
0.00531086
0.0015284
-0.00245325
-0.00665523
-0.011102
-0.0158224
-0.0208518
-0.0262339
-0.0320243
-0.0382946
-0.0451392
-0.052683
-0.0610945
-0.0706021
-0.0815175
-0.0942677
-0.109436
-0.127811
-0.150439
-0.178645
-0.213974
-0.25792
-0.311202
-0.372243
-0.434416
-0.482006
-0.485944
-0.403028
-0.186192
0.117233
0.238721
0.281155
0.280905
0.261344
0.235091
0.208352
0.183802
0.162319
0.143949
0.128399
0.115271
0.104168
0.094736
0.0866742
0.0797343
0.0737137
0.0684486
0.0638062
0.0596786
0.0559778
0.0526316
0.0495802
0.0467735
0.0441695
0.0417322
0.0394309
0.0372386
0.035132
0.0330899
0.0310937
0.0291265
0.0271727
0.0252179
0.023249
0.0212533
0.019219
0.0171348
0.0149899
0.0127734
0.0104748
0.00808358
0.0055888
0.00297914
0.000242526
-0.0026343
-0.0056663
-0.00887082
-0.0122685
-0.0158847
-0.0197509
-0.0239077
-0.0284077
-0.0333206
-0.0387398
-0.0447924
-0.0516528
-0.0595634
-0.0688627
-0.0800275
-0.0937285
-0.110906
-0.132851
-0.161278
-0.198277
-0.245961
-0.305348
-0.373707
-0.439409
-0.47416
-0.425182
-0.215877
0.156131
0.275088
0.291984
0.268806
0.233906
0.199026
0.168432
0.14302
0.122383
0.105741
0.0923069
0.0814015
0.072475
0.0650976
0.0589371
0.0537383
0.0493047
0.0454842
0.0421584
0.0392344
0.0366384
0.0343113
0.0322053
0.0302812
0.0285067
0.0268544
0.0253015
0.0238282
0.0224173
0.021054
0.0197248
0.0184178
0.0171224
0.0158285
0.0145273
0.0132101
0.0118692
0.0104969
0.00908619
0.00763002
0.00612159
0.00455409
0.00292062
0.00121397
-0.000573481
-0.00245012
-0.00442544
-0.00651049
-0.00871851
-0.0110658
-0.0135729
-0.0162664
-0.0191809
-0.0223627
-0.0258744
-0.0298016
-0.0342631
-0.0394261
-0.045528
-0.0529108
-0.0620715
-0.0737376
-0.0889766
-0.109342
-0.137031
-0.174952
-0.226329
-0.292941
-0.370146
-0.436581
-0.436772
-0.256244
0.213989
0.300598
0.272375
0.223957
0.178792
0.141949
0.113582
0.0922024
0.0761062
0.063888
0.0544971
0.0471733
0.041373
0.036708
0.0328996
0.0297458
0.0270986
0.0248479
0.0229109
0.0212245
0.0197397
0.0184182
0.0172296
0.0161494
0.0151575
0.0142375
0.0133754
0.0125597
0.0117801
0.011028
0.0102956
0.00957621
0.00886361
0.00815227
0.00743713
0.00671351
0.00597705
0.00522366
0.00444945
0.0036507
0.00282378
0.00196508
0.00107098
0.000137693
-0.000838752
-0.00186278
-0.00293937
-0.00407437
-0.00527487
-0.00654963
-0.00790982
-0.00936992
-0.0109491
-0.0126728
-0.0145761
-0.0167069
-0.0191322
-0.0219471
-0.0252884
-0.0293563
-0.034449
-0.0410183
-0.0497611
-0.06177
-0.0787734
-0.103491
-0.140014
-0.193639
-0.268269
-0.357424
-0.419017
-0.305816
0.266009
0.275955
0.198597
0.138936
0.0984645
0.0710662
0.0526643
0.0402607
0.0317401
0.025733
0.0213809
0.0181425
0.0156709
0.0137402
0.0121998
0.0109473
0.00991129
0.00904074
0.00829862
0.00765743
0.00709638
0.00659948
0.00615423
0.00575072
0.00538095
0.00503836
0.00471754
0.00441392
0.00412359
0.00384321
0.00356984
0.00330089
0.00303406
0.00276725
0.00249858
0.00222633
0.00194889
0.00166477
0.00137257
0.00107094
0.000758598
0.000434253
9.66153e-05
-0.000255565
-0.000623765
-0.00100956
-0.00141474
-0.00184143
-0.00229223
-0.0027704
-0.00328018
-0.00382705
-0.00441837
-0.00506401
-0.00577748
-0.00657748
-0.0074902
-0.00855303
-0.00982011
-0.0113716
-0.0133289
-0.0158808
-0.0193308
-0.0241842
-0.0313195
-0.0423284
-0.0601787
-0.0903349
-0.141897
-0.2255
-0.331008
-0.319485
0.142935
0.125432
0.0767435
0.0457847
0.0280219
0.017653
0.0115782
0.00799234
0.00581832
0.00444647
0.00354125
0.00291661
0.00246703
0.00213102
0.0018716
0.00166567
0.00149829
0.00135942
0.00124211
0.00114137
0.00105356
0.00097593
0.00090639
0.000843289
0.000785314
0.000731403
0.000680678
0.000632405
0.000585962
0.000540811
0.000496487
0.000452579
0.000408723
0.000364592
0.000319891
0.000274352
0.000227729
0.000179795
0.000130338
7.9158e-05
2.60617e-05
-2.91456e-05
-8.66665e-05
-0.000146608
-0.00020926
-0.000274864
-0.000343694
-0.00041609
-0.000492485
-0.000573438
-0.000659681
-0.000752188
-0.000852273
-0.00096172
-0.00108298
-0.00121946
-0.00137595
-0.00155931
-0.0017795
-0.00205143
-0.00239795
-0.00285548
-0.00348471
-0.00439275
-0.00578225
-0.00806642
-0.0121427
-0.0200324
-0.0362275
-0.069559
-0.12766
-0.152141
)
;

boundaryField
{
    movingWall
    {
        type            calculated;
        value           uniform 0;
    }
    fixedWalls
    {
        type            calculated;
        value           uniform 0;
    }
    frontAndBack
    {
        type            empty;
    }
}


// ************************************************************************* //
