/*--------------------------------*- C++ -*----------------------------------*\
  =========                 |
  \\      /  F ield         | OpenFOAM: The Open Source CFD Toolbox
   \\    /   O peration     | Website:  https://openfoam.org
    \\  /    A nd           | Version:  dev
     \\/     M anipulation  |
\*---------------------------------------------------------------------------*/
FoamFile
{
    format      ascii;
    class       volScalarField;
    location    "47.7";
    object      p;
}
// * * * * * * * * * * * * * * * * * * * * * * * * * * * * * * * * * * * * * //

dimensions      [0 2 -2 0 0 0 0];

internalField   nonuniform List<scalar> 
5184
(
8.15169e-07
-1.12156e-05
-9.7246e-05
-0.000250201
-0.000449699
-0.000678472
-0.000922284
-0.00116915
-0.00140993
-0.00163747
-0.00184636
-0.00203256
-0.00219314
-0.002326
-0.00242967
-0.00250314
-0.00254574
-0.00255703
-0.00253674
-0.00248469
-0.0024008
-0.00228505
-0.00213748
-0.00195825
-0.00174758
-0.00150585
-0.00123361
-0.000931598
-0.000600815
-0.000242529
0.000141676
0.000549871
0.000979764
0.00142868
0.00189356
0.00237096
0.00285705
0.00334766
0.00383832
0.00432429
0.00480063
0.00526224
0.00570402
0.00612087
0.00650784
0.00686023
0.00717366
0.0074442
0.00766848
0.00784377
0.00796805
0.00804013
0.00805964
0.00802717
0.00794419
0.00781317
0.00763749
0.00742148
0.00717035
0.00689017
0.00658779
0.00627083
0.0059476
0.00562707
0.00531879
0.00503286
0.00477978
0.00457017
0.004414
0.0043197
0.00429277
0.00432006
1.38587e-05
1.29386e-06
-7.33503e-05
-0.000201175
-0.000366515
-0.000556886
-0.000761354
-0.000970314
-0.00117584
-0.00137154
-0.00155235
-0.00171437
-0.00185463
-0.0019709
-0.00206154
-0.00212535
-0.00216148
-0.00216931
-0.00214842
-0.00209852
-0.00201943
-0.00191107
-0.00177344
-0.00160665
-0.00141092
-0.00118663
-0.000934288
-0.000654637
-0.000348633
-1.74948e-05
0.000337272
0.000713851
0.00111009
0.0015235
0.00195123
0.00239011
0.00283661
0.00328691
0.00373691
0.00418229
0.00461855
0.00504109
0.00544526
0.00582647
0.00618027
0.00650243
0.00678906
0.00703665
0.00724224
0.00740344
0.00751851
0.00758648
0.00760714
0.00758112
0.00750988
0.00739577
0.00724196
0.00705247
0.0068321
0.00658641
0.00632166
0.00604471
0.00576301
0.0054845
0.00521748
0.00497052
0.0047523
0.00457122
0.00443455
0.00434824
0.00431967
0.00434728
0.000100434
7.57241e-05
3.5907e-07
-0.00011724
-0.000265027
-0.00043336
-0.000613528
-0.000797696
-0.00097916
-0.00115236
-0.00131278
-0.00145682
-0.00158169
-0.00168522
-0.00176575
-0.00182205
-0.00185319
-0.00185848
-0.00183742
-0.00178964
-0.00171491
-0.00161309
-0.00148412
-0.00132808
-0.00114516
-0.000935679
-0.000700127
-0.000439185
-0.000153751
0.000155033
0.000485755
0.000836711
0.00120589
0.00159097
0.00198929
0.00239788
0.00281348
0.00323252
0.00365119
0.00406548
0.00447122
0.00486414
0.00523994
0.00559438
0.00592335
0.00622294
0.00648958
0.00672008
0.0069117
0.00706229
0.00717031
0.00723492
0.00725598
0.00723416
0.00717089
0.00706841
0.00692974
0.00675864
0.00655961
0.00633782
0.00609902
0.00584951
0.00559607
0.00534582
0.00510612
0.00488441
0.00468822
0.00452457
0.00439952
0.00431828
0.0042905
0.00432115
0.000255512
0.000204118
0.000116287
-2.71899e-06
-0.000145224
-0.000303447
-0.000470264
-0.000639302
-0.000805016
-0.000962714
-0.00110852
-0.0012393
-0.00135254
-0.0014463
-0.00151902
-0.00156955
-0.00159696
-0.00160058
-0.00157986
-0.00153442
-0.00146397
-0.00136833
-0.0012474
-0.0011012
-0.000929859
-0.000733646
-0.000512983
-0.000268475
-9.35689e-07
0.000288589
0.000598797
0.000928109
0.00127466
0.00163626
0.00201045
0.00239444
0.00278514
0.00317923
0.00357311
0.00396301
0.00434498
0.00471501
0.00506902
0.00540303
0.00571313
0.00599565
0.00624722
0.0064648
0.00664586
0.00678836
0.00689087
0.00695261
0.0069735
0.0069542
0.00689611
0.00680136
0.00667283
0.00651412
0.00632945
0.00612368
0.00590218
0.00567082
0.0054358
0.00520362
0.00498092
0.00477438
0.00459062
0.00443594
0.00431575
0.00423509
0.00420406
0.00422933
0.000460341
0.000371737
0.000263112
0.000135365
-9.05236e-06
-0.000163973
-0.000323627
-0.000483008
-0.000637701
-0.000783904
-0.000918434
-0.00103868
-0.00114253
-0.0012283
-0.00129467
-0.00134056
-0.00136517
-0.00136783
-0.00134803
-0.00130537
-0.00123953
-0.00115028
-0.00103749
-0.000901107
-0.000741194
-0.000557943
-0.00035169
-0.000122947
0.000127576
0.000398948
0.000689992
0.000999264
0.00132504
0.00166531
0.00201775
0.00237976
0.00274845
0.00312065
0.00349298
0.00386184
0.00422349
0.00457409
0.00490976
0.00522667
0.00552109
0.0057895
0.00602864
0.00623562
0.00640798
0.00654378
0.00664164
0.00670083
0.00672125
0.00670355
0.00664907
0.00655986
0.00643869
0.00628896
0.00611469
0.00592047
0.00571133
0.00549275
0.00527047
0.00505046
0.00483875
0.00464137
0.00446423
0.00431299
0.00419259
0.00410778
0.0040674
0.00407726
0.000698742
0.000566702
0.000431504
0.000289419
0.000137433
-1.96794e-05
-0.00017731
-0.000331712
-0.000479547
-0.000617889
-0.000744265
-0.000856627
-0.000953304
-0.00103295
-0.00109447
-0.001137
-0.00115983
-0.00116239
-0.00114418
-0.00110483
-0.00104399
-0.000961406
-0.000856886
-0.000730315
-0.000581677
-0.000411073
-0.000218739
-5.07766e-06
0.000229324
0.000483662
0.000756896
0.00104773
0.00135459
0.00167562
0.00200866
0.00235127
0.00270073
0.00305403
0.00340795
0.00375904
0.0041037
0.00443824
0.00475889
0.00506195
0.00534379
0.00560097
0.00583031
0.00602897
0.00619454
0.00632511
0.0064193
0.00647637
0.00649622
0.00647944
0.0064273
0.00634177
0.0062255
0.00608174
0.00591433
0.00572763
0.00552639
0.00531575
0.00510108
0.0048879
0.00468174
0.0044881
0.0043123
0.00415941
0.004034
0.00394045
0.00388527
0.00387223
0.000956928
0.000778135
0.000612555
0.000451965
0.000287988
0.000124234
-3.5672e-05
-0.000189126
-0.000333792
-0.000467584
-0.000588728
-0.000695755
-0.000787459
-0.000862856
-0.000921143
-0.000961658
-0.000983846
-0.00098723
-0.000971391
-0.000935953
-0.00088058
-0.000804978
-0.000708898
-0.000592157
-0.00045465
-0.000296376
-0.000117457
8.18279e-05
0.000301025
0.000539471
0.000796275
0.00107029
0.0013601
0.001664
0.00197999
0.00230577
0.00263878
0.00297614
0.00331476
0.00365131
0.00398229
0.00430411
0.00461307
0.00490553
0.00517789
0.00542677
0.00564898
0.00584169
0.00600249
0.00612941
0.00622107
0.00627668
0.00629607
0.00627978
0.00622899
0.00614558
0.00603209
0.00589164
0.00572791
0.00554507
0.00534766
0.00514053
0.00492875
0.00471749
0.00451188
0.00431697
0.00413762
0.00397841
0.00384358
0.00373716
0.00366285
0.00362186
0.00122277
0.000995886
0.000797665
0.000615711
0.000436538
0.000262785
9.72477e-05
-5.85029e-05
-0.000203058
-0.000335121
-0.000453598
-0.000557589
-0.000646358
-0.000719302
-0.000775921
-0.000815783
-0.000838503
-0.000843722
-0.00083109
-0.000800264
-0.000750907
-0.000682691
-0.000595314
-0.000488512
-0.000362086
-0.000215921
-5.00165e-05
0.000135486
0.000340277
0.000563845
0.000805453
0.00106411
0.00133857
0.00162726
0.00192835
0.00223967
0.00255879
0.00288295
0.00320917
0.00353419
0.0038546
0.00416684
0.00446725
0.0047522
0.00501809
0.00526149
0.00547921
0.00566835
0.00582642
0.00595141
0.00604185
0.00609684
0.00611617
0.00610025
0.00605018
0.00596775
0.00585537
0.00571605
0.00555335
0.00537126
0.00517417
0.00496671
0.00475371
0.00454006
0.00433059
0.00413002
0.00394282
0.00377316
0.00362506
0.00350226
0.00340548
0.00333331
0.00148599
0.0012108
0.000978769
0.00077362
0.000577028
0.000390827
0.000217103
5.6496e-05
-9.04374e-05
-0.000223141
-0.000341166
-0.000444163
-0.000531863
-0.000604044
-0.000660511
-0.000701074
-0.000725524
-0.000733627
-0.000725111
-0.00069967
-0.000656963
-0.000596632
-0.000518312
-0.000421658
-0.000306366
-0.0001722
-1.90233e-05
0.000153169
0.000344219
0.00055378
0.000781276
0.00102588
0.0012865
0.00156174
0.00184988
0.00214891
0.0024565
0.00277001
0.00308651
0.00340284
0.00371559
0.00402123
0.0043161
0.00459652
0.00485885
0.0050996
0.00531546
0.00550344
0.00566096
0.00578587
0.00587657
0.00593207
0.005952
0.00593667
0.00588708
0.00580489
0.0056924
0.00555252
0.00538869
0.00520478
0.00500503
0.00479394
0.00457616
0.00435636
0.00413918
0.00392907
0.00373023
0.00354653
0.00338184
0.00323971
0.00311796
0.00301262
0.00173761
0.00141461
0.00114837
0.000918962
0.000703488
0.000503104
0.000319288
0.000151835
5.16321e-07
-0.000134802
-0.000254277
-0.000358091
-0.000446421
-0.00051942
-0.000577195
-0.000619793
-0.000647184
-0.00065926
-0.000655827
-0.000636612
-0.000601272
-0.000549411
-0.000480601
-0.000394406
-0.000290408
-0.000168243
-2.76291e-05
0.000131596
0.000309439
0.000505721
0.000720039
0.000951737
0.00119988
0.00146322
0.0017402
0.00202893
0.00232718
0.00263239
0.00294172
0.00325201
0.0035599
0.00386182
0.00415407
0.0044329
0.00469457
0.00493548
0.00515218
0.00534155
0.00550082
0.0056277
0.00572041
0.00577779
0.00579933
0.00578518
0.0057362
0.00565392
0.00554054
0.00539886
0.00523221
0.00504438
0.00483949
0.00462196
0.00439629
0.00416707
0.00393877
0.00371571
0.0035019
0.003301
0.00311686
0.00295294
0.00280428
0.00266456
0.00196969
0.00159983
0.00129949
0.00104533
0.000810094
0.000594362
0.000399078
0.000223264
6.59659e-05
-7.35936e-05
-0.000196144
-0.000302368
-0.00039287
-0.000468161
-0.00052864
-0.000574582
-0.000606132
-0.000623301
-0.000625967
-0.000613887
-0.000586712
-0.000544001
-0.000485255
-0.000409938
-0.000317514
-0.000207477
-7.93928e-05
6.70683e-05
0.000232088
0.000415664
0.000617573
0.000837334
0.00107418
0.00132702
0.00159445
0.00187468
0.0021656
0.00246473
0.00276926
0.00307607
0.00338177
0.00368276
0.00397525
0.00425541
0.00451935
0.0047633
0.00498366
0.00517709
0.00534062
0.00547174
0.00556848
0.00562945
0.00565394
0.00564193
0.0055941
0.00551185
0.00539723
0.00525295
0.00508225
0.00488883
0.00467678
0.00445043
0.00421425
0.00397274
0.00373035
0.00349132
0.00325956
0.00303866
0.00283256
0.00264474
0.00246765
0.00229272
0.00217508
0.00175955
0.00142561
0.00114662
0.000891195
0.000659396
0.000451695
0.000266398
0.000101873
-4.32587e-05
-0.000170264
-0.000280296
-0.000374366
-0.000453322
-0.000517839
-0.000568409
-0.000605337
-0.000628746
-0.000638577
-0.000634612
-0.000616481
-0.000583697
-0.000535677
-0.000471778
-0.000391336
-0.000293694
-0.000178254
-4.45105e-05
0.000107903
0.000279173
0.000469263
0.000677876
0.000904419
0.00114797
0.00140725
0.00168062
0.00196605
0.00226113
0.00256311
0.00286886
0.00317496
0.00347774
0.00377333
0.00405773
0.00432691
0.0045769
0.00480386
0.00500422
0.00517475
0.00531267
0.00541575
0.00548236
0.00551153
0.00550303
0.00545732
0.00537564
0.0052599
0.00511268
0.00493714
0.00473693
0.00451611
0.00427899
0.00403004
0.00377379
0.00351467
0.00325698
0.00300464
0.00276124
0.00253092
0.00231734
0.00211047
0.00189965
0.00234723
0.00188742
0.0015206
0.00121702
0.000941316
0.000693082
0.000472355
0.000276769
0.000104055
-4.77299e-05
-0.00018036
-0.000295433
-0.000394337
-0.00047824
-0.000548073
-0.000604528
-0.000648059
-0.000678885
-0.000697
-0.000702196
-0.00069408
-0.000672101
-0.000635587
-0.000583779
-0.000515869
-0.000431043
-0.000328527
-0.000207629
-6.77867e-05
9.13848e-05
0.000270047
0.000468098
0.000685127
0.000920381
0.00117274
0.00144068
0.00172228
0.0020152
0.00231672
0.00262371
0.00293272
0.00323997
0.00354149
0.0038331
0.00411058
0.0043697
0.00460639
0.00481677
0.0049973
0.0051449
0.005257
0.00533168
0.00536767
0.00536447
0.00532231
0.00524221
0.00512591
0.00497587
0.00479517
0.00458741
0.00435663
0.00410719
0.0038436
0.00357046
0.00329232
0.00301357
0.00273825
0.00247006
0.00221346
0.00197238
0.00173445
0.00148703
0.00248005
0.00197744
0.00157869
0.00125097
0.000955165
0.000690399
0.000456304
0.000249876
6.82435e-05
-9.10735e-05
-0.000230326
-0.000351529
-0.000456428
-0.000546484
-0.000622865
-0.000686447
-0.000737813
-0.000777265
-0.000804838
-0.000820321
-0.000823282
-0.000813101
-0.000789002
-0.000750097
-0.000695428
-0.00062401
-0.000534882
-0.000427152
-0.000300051
-0.000152984
1.44232e-05
0.000202273
0.00041035
0.000638086
0.000884516
0.00114826
0.0014275
0.00171997
0.00202298
0.0023334
0.00264773
0.0029621
0.00327237
0.0035742
0.00386313
0.00413466
0.0043844
0.00460813
0.00480198
0.00496247
0.00508667
0.00517228
0.00521769
0.00522207
0.00518536
0.00510833
0.00499254
0.00484029
0.00465456
0.00443893
0.00419744
0.0039345
0.00365475
0.00336292
0.00306373
0.00276176
0.00246126
0.00216615
0.00188128
0.001611
0.00134069
0.00105575
0.00256781
0.002024
0.00159437
0.00124318
0.000927634
0.000646447
0.000398849
0.000181226
-9.87287e-06
-0.000177437
-0.00032417
-0.00045248
-0.000564445
-0.0006618
-0.000745929
-0.00081787
-0.000878321
-0.000927651
-0.000965919
-0.000992897
-0.0010081
-0.00101083
-0.0010002
-0.000975167
-0.000934622
-0.000877394
-0.00080232
-0.000708298
-0.000594338
-0.000459618
-0.000303539
-0.000125779
7.36598e-05
0.000294403
0.000535664
0.000796212
0.00107435
0.00136789
0.00167418
0.00199009
0.00231206
0.00263614
0.00295801
0.00327313
0.00357678
0.00386414
0.00413048
0.0043712
0.00458201
0.00475899
0.00489878
0.00499865
0.00505657
0.00507132
0.00504251
0.0049706
0.0048569
0.00470355
0.00451342
0.00429005
0.00403751
0.0037603
0.00346321
0.00315118
0.00282917
0.00250204
0.00217431
0.00185023
0.00153516
0.00123396
0.000929798
0.000606158
0.00260509
0.00202178
0.00156245
0.00118856
0.000853801
0.000556464
0.00029539
6.63702e-05
-0.0001346
-0.000311
-0.000465964
-0.00060227
-0.000722309
-0.000828066
-0.000921122
-0.00100266
-0.00107347
-0.00113398
-0.00118425
-0.00122403
-0.00125276
-0.00126965
-0.00127368
-0.00126367
-0.00123832
-0.00119627
-0.00113615
-0.00105661
-0.000956446
-0.000834581
-0.000690177
-0.000522672
-0.00033184
-0.000117838
0.000118741
0.000376834
0.000654879
0.000950793
0.00126197
0.00158529
0.00191713
0.00225345
0.00258976
0.00292129
0.00324304
0.00354985
0.00383659
0.00409823
0.00433
0.0045275
0.00468686
0.00480482
0.00487889
0.00490737
0.00488947
0.00482529
0.00471585
0.00456307
0.00436969
0.00413921
0.00387574
0.00358389
0.00326864
0.00293519
0.00258882
0.00223474
0.00187786
0.00152283
0.00117562
0.000841671
0.00050198
0.000138093
0.00258676
0.0019657
0.00147796
0.00108226
0.000728937
0.000415844
0.00014144
-9.90614e-05
-0.000310202
-0.000495932
-0.000659796
-0.000804926
-0.000933999
-0.00104924
-0.0011524
-0.00124478
-0.00132727
-0.00140032
-0.00146398
-0.00151796
-0.00156163
-0.00159407
-0.00161414
-0.00162049
-0.00161162
-0.00158597
-0.00154193
-0.00147793
-0.00139249
-0.00128428
-0.0011522
-0.000995428
-0.000813482
-0.000606284
-0.000374205
-0.000118115
0.000160583
0.000459926
0.000777378
0.00110984
0.00145366
0.00180466
0.00215823
0.00250935
0.00285268
0.00318274
0.00349393
0.00378075
0.00403788
0.00426038
0.00444378
0.00458425
0.00467869
0.00472489
0.00472155
0.00466835
0.00456596
0.00441603
0.00422113
0.0039847
0.00371089
0.00340444
0.00307057
0.00271478
0.00234275
0.00196011
0.00157225
0.00118429
0.000802928
0.000434295
5.71518e-05
-0.000348931
0.0025079
0.00185097
0.00133619
0.00091967
0.00054851
0.000220149
-6.73467e-05
-0.000319328
-0.00054086
-0.000736346
-0.000909726
-0.00106446
-0.00120351
-0.00132929
-0.00144374
-0.00154826
-0.0016438
-0.00173081
-0.00180935
-0.00187905
-0.00193919
-0.00198875
-0.00202641
-0.00205065
-0.00205978
-0.00205199
-0.00202545
-0.00197832
-0.00190885
-0.00181542
-0.00169665
-0.00155143
-0.001379
-0.00117901
-0.000951596
-0.000697391
-0.000417612
-0.000114073
0.00021079
0.000553919
0.00091164
0.00127969
0.00165329
0.00202717
0.0023957
0.00275296
0.00309291
0.0034095
0.00369682
0.00394927
0.00416174
0.0043297
0.00444941
0.00451799
0.00453357
0.00449531
0.00440344
0.0042593
0.00406525
0.00382461
0.00354157
0.00322103
0.00286847
0.00248974
0.00209097
0.00167833
0.00125772
0.000834867
0.000417264
1.18339e-05
-0.000404969
-0.000855635
0.00236385
0.00167302
0.00113266
0.000696384
0.000308205
-3.48635e-05
-0.000335146
-0.000598545
-0.000830635
-0.00103626
-0.00121973
-0.00138484
-0.00153478
-0.0016722
-0.00179914
-0.00191712
-0.00202712
-0.00212961
-0.00222461
-0.00231167
-0.00238999
-0.00245839
-0.00251539
-0.00255928
-0.00258816
-0.00259998
-0.00259264
-0.00256403
-0.00251209
-0.00243493
-0.00233082
-0.00219836
-0.00203646
-0.00184449
-0.00162228
-0.00137022
-0.00108929
-0.000781122
-0.000448017
-9.29587e-05
0.000280385
0.000667687
0.001064
0.00146383
0.0018612
0.00224979
0.00262305
0.00297433
0.00329706
0.00358494
0.00383208
0.00403319
0.00418374
0.00428012
0.00431974
0.00430115
0.00422407
0.0040894
0.00389925
0.0036568
0.00336624
0.00303263
0.00266173
0.0022598
0.00183348
0.00138953
0.000934495
0.000474756
1.87284e-05
-0.000425794
-0.00088477
-0.00138287
0.00215019
0.00142756
0.000863156
0.000408256
3.93367e-06
-0.000353226
-0.000665939
-0.000940651
-0.00118343
-0.00139955
-0.00159368
-0.00176991
-0.00193169
-0.00208182
-0.00222249
-0.00235531
-0.00248127
-0.00260084
-0.00271399
-0.0028202
-0.00291854
-0.00300768
-0.00308598
-0.00315152
-0.00320217
-0.00323562
-0.0032495
-0.00324139
-0.00320893
-0.00314988
-0.0030622
-0.00294411
-0.00279419
-0.00261147
-0.00239544
-0.00214621
-0.00186447
-0.00155163
-0.00120982
-0.000841888
-0.00045147
-4.29309e-05
0.000378652
0.000807548
0.00123746
0.00166163
0.00207296
0.00246417
0.00282797
0.00315725
0.00344527
0.00368586
0.00387359
0.00400397
0.00407361
0.00408028
0.00402309
0.00390242
0.00372002
0.00347888
0.00318317
0.00283808
0.00244967
0.00202466
0.00157026
0.00109388
0.000602817
0.000104191
-0.00039256
-0.000878666
-0.00138265
-0.00193151
0.00186278
0.00111053
0.000523727
5.13967e-05
-0.00036814
-0.00073873
-0.00106349
-0.00134938
-0.00160296
-0.00182991
-0.00203526
-0.00222338
-0.00239793
-0.0025619
-0.0027176
-0.00286667
-0.00301016
-0.00314851
-0.00328162
-0.00340889
-0.00352926
-0.00364125
-0.00374302
-0.00383245
-0.00390715
-0.00396455
-0.00400199
-0.00401673
-0.00400606
-0.0039674
-0.00389832
-0.00379667
-0.00366065
-0.00348888
-0.00328051
-0.00303526
-0.00275353
-0.00243643
-0.00208585
-0.00170449
-0.00129589
-0.000864396
-0.000415198
4.57713e-05
0.000511888
0.000975947
0.00143029
0.00186696
0.00227788
0.00265506
0.0029908
0.00327791
0.00350996
0.00368143
0.00378795
0.00382643
0.00379517
0.00369395
0.00352404
0.00328816
0.0029904
0.00263608
0.00223155
0.00178402
0.00130132
0.000791622
0.000263017
-0.000276513
-0.000816395
-0.00134678
-0.00189894
-0.00250237
0.00149773
0.00071819
0.000110703
-0.000377803
-0.000811579
-0.00119491
-0.00153129
-0.00182821
-0.0020927
-0.00233083
-0.00254795
-0.00274873
-0.00293703
-0.003116
-0.00328804
-0.00345488
-0.00361754
-0.00377645
-0.00393145
-0.00408184
-0.00422641
-0.00436353
-0.00449116
-0.00460696
-0.00470827
-0.00479227
-0.00485595
-0.00489625
-0.0049101
-0.00489452
-0.00484668
-0.00476402
-0.00464431
-0.00448573
-0.004287
-0.00404744
-0.00376706
-0.00344661
-0.00308771
-0.00269282
-0.00226531
-0.00180951
-0.00133064
-0.000834794
-0.000328912
0.000179362
0.000681787
0.00116969
0.00163415
0.00206621
0.00245711
0.00279854
0.00308286
0.00330342
0.00345469
0.00353253
0.00353431
0.00345902
0.00330734
0.00308161
0.00278576
0.00242519
0.00200656
0.00153758
0.00102675
0.000483079
-8.4445e-05
-0.000666884
-0.00125241
-0.00182996
-0.00243381
-0.00309611
0.00105149
0.000247099
-0.000379273
-0.000882647
-0.00132965
-0.00172499
-0.00207256
-0.00238036
-0.00265585
-0.0029055
-0.00313498
-0.0033492
-0.00355225
-0.0037474
-0.00393717
-0.00412331
-0.00430687
-0.00448823
-0.00466716
-0.00484285
-0.00501396
-0.00517868
-0.00533479
-0.00547968
-0.00561046
-0.00572399
-0.00581693
-0.00588589
-0.00592739
-0.00593803
-0.00591456
-0.00585395
-0.00575348
-0.00561087
-0.00542435
-0.00519276
-0.00491565
-0.00459337
-0.00422715
-0.00381915
-0.00337254
-0.00289151
-0.00238127
-0.00184804
-0.00129903
-0.000742304
-0.000186685
0.000358404
0.00088314
0.00137752
0.00183163
0.00223588
0.00258132
0.00285992
0.00306486
0.00319073
0.00323378
0.00319204
0.00306543
0.00285578
0.00256677
0.0022038
0.00177382
0.00128505
0.000746718
0.000168737
-0.000438916
-0.00106623
-0.00169999
-0.0023278
-0.00298717
-0.00371314
0.00052082
-0.000305847
-0.000949225
-0.00146611
-0.00192529
-0.00233189
-0.00269021
-0.00300872
-0.00329532
-0.00355683
-0.00379925
-0.00402772
-0.00424653
-0.0044591
-0.00466801
-0.00487506
-0.00508131
-0.00528708
-0.00549209
-0.0056954
-0.00589553
-0.00609051
-0.0062779
-0.00645485
-0.00661821
-0.00676451
-0.00689009
-0.00699117
-0.00706386
-0.00710433
-0.00710884
-0.00707385
-0.00699613
-0.00687286
-0.00670172
-0.00648101
-0.00620974
-0.00588778
-0.00551589
-0.00509584
-0.0046305
-0.00412385
-0.00358102
-0.0030083
-0.0024131
-0.00180387
-0.00119001
-0.000581702
1.02855e-05
0.000574834
0.00110074
0.00157704
0.00199327
0.00233989
0.0026085
0.00279226
0.00288605
0.00288672
0.00279327
0.00260682
0.00233066
0.00197013
0.0015324
0.00102619
0.000461525
-0.000150731
-0.000799498
-0.00147359
-0.00215822
-0.00283957
-0.0035586
-0.00435353
-9.71222e-05
-0.000943386
-0.00160182
-0.00213081
-0.00260108
-0.00301819
-0.0033868
-0.00371585
-0.00401365
-0.00428737
-0.00454332
-0.00478687
-0.00502248
-0.00525369
-0.00548319
-0.00571281
-0.00594358
-0.00617581
-0.00640912
-0.00664247
-0.00687425
-0.0071023
-0.00732396
-0.00753617
-0.00773546
-0.00791808
-0.00808
-0.00821702
-0.00832486
-0.0083992
-0.00843578
-0.00843053
-0.00837964
-0.00827969
-0.00812774
-0.00792148
-0.00765932
-0.00734053
-0.00696532
-0.00653499
-0.00605198
-0.00551997
-0.00494393
-0.00433011
-0.00368608
-0.00302061
-0.00234365
-0.00166612
-0.000999779
-0.000356921
0.00024988
0.000808106
0.00130566
0.00173122
0.00207467
0.00232741
0.00248272
0.00253605
0.00248518
0.00233036
0.00207432
0.00172219
0.00128128
0.00076082
0.000171619
-0.000474405
-0.00116498
-0.00188761
-0.0026258
-0.00336408
-0.00414725
-0.00501691
-0.000804789
-0.00166786
-0.00233933
-0.00287898
-0.00335924
-0.00378607
-0.00416451
-0.00450392
-0.00481301
-0.0050993
-0.00536936
-0.0056288
-0.00588224
-0.00613336
-0.00638491
-0.00663875
-0.00689593
-0.0071567
-0.00742061
-0.00768651
-0.00795266
-0.00821671
-0.00847582
-0.00872665
-0.00896548
-0.00918821
-0.00939046
-0.00956762
-0.00971495
-0.00982762
-0.00990086
-0.00992998
-0.00991056
-0.00983852
-0.00971024
-0.00952271
-0.00927364
-0.00896163
-0.00858623
-0.00814815
-0.0076493
-0.00709295
-0.00648378
-0.00582791
-0.00513296
-0.00440798
-0.00366337
-0.00291081
-0.00216302
-0.00143353
-0.000736374
-8.5743e-05
0.000504425
0.00102087
0.00145143
0.00178554
0.00201457
0.00213224
0.00213488
0.00202157
0.00179429
0.00145777
0.00101939
0.000488811
-0.000122354
-0.000801077
-0.00153378
-0.00230653
-0.00310092
-0.00389968
-0.00475174
-0.00570237
-0.00160419
-0.00248119
-0.00316362
-0.00371245
-0.00420158
-0.00463733
-0.00502511
-0.00537469
-0.00569517
-0.00599436
-0.00627911
-0.00655523
-0.00682753
-0.00709979
-0.00737483
-0.00765456
-0.00794002
-0.00823144
-0.00852827
-0.00882929
-0.0091326
-0.0094357
-0.00973552
-0.0100285
-0.0103107
-0.0105775
-0.0108244
-0.0110461
-0.0112377
-0.0113935
-0.0115085
-0.0115771
-0.0115943
-0.0115554
-0.0114559
-0.0112921
-0.0110609
-0.01076
-0.0103884
-0.00994596
-0.00943397
-0.00885514
-0.00821375
-0.00751566
-0.00676843
-0.00598125
-0.00516496
-0.0043319
-0.00349574
-0.00267127
-0.00187406
-0.00112009
-0.000425308
0.00019484
0.000725933
0.00115509
0.00147147
0.00166672
0.00173538
0.00167507
0.00148672
0.00117448
0.000745613
0.000210144
-0.00041952
-0.00112919
-0.00190387
-0.00272806
-0.00358121
-0.00444408
-0.00537006
-0.00640837
-0.00249688
-0.00338486
-0.00407612
-0.00463264
-0.00512949
-0.00557334
-0.00596997
-0.00632952
-0.00666143
-0.00697383
-0.0072738
-0.00756737
-0.0078595
-0.00815409
-0.00845404
-0.00876129
-0.00907689
-0.00940102
-0.0097331
-0.0100718
-0.0104151
-0.0107603
-0.0111042
-0.011443
-0.0117724
-0.0120876
-0.0123835
-0.0126546
-0.0128953
-0.0130996
-0.0132616
-0.0133754
-0.013435
-0.013435
-0.0133701
-0.0132357
-0.0130278
-0.0127433
-0.0123803
-0.0119377
-0.0114162
-0.0108177
-0.010146
-0.0094064
-0.00860637
-0.00775512
-0.00686377
-0.00594527
-0.00501419
-0.00408657
-0.00317955
-0.00231101
-0.00149907
-0.00076157
-0.000115487
0.000423679
0.000842499
0.00113018
0.00127907
0.00128496
0.00114741
0.000869705
0.000458786
-7.5076e-05
-0.000718722
-0.00145676
-0.0022727
-0.00314928
-0.00406363
-0.00499427
-0.00599943
-0.00713258
-0.00348391
-0.00437987
-0.00507782
-0.00564051
-0.00614391
-0.00659504
-0.00699999
-0.00736928
-0.00771264
-0.0080385
-0.00835418
-0.0086659
-0.00897876
-0.0092968
-0.00962299
-0.0099593
-0.0103068
-0.0106657
-0.0110352
-0.0114141
-0.0118002
-0.0121906
-0.012582
-0.0129702
-0.0133508
-0.0137186
-0.0140682
-0.0143937
-0.0146887
-0.014947
-0.0151619
-0.0153268
-0.015435
-0.0154801
-0.0154562
-0.0153575
-0.0151792
-0.0149172
-0.0145684
-0.014131
-0.0136045
-0.0129902
-0.012291
-0.0115117
-0.0106594
-0.00974316
-0.00877426
-0.00776612
-0.00673416
-0.0056956
-0.00466919
-0.00367476
-0.00273274
-0.00186359
-0.00108711
-0.000421769
0.000116028
0.000512619
0.000757705
0.000844845
0.000771792
0.000540639
0.000157741
-0.000366571
-0.00101846
-0.00178134
-0.0026371
-0.00356657
-0.00454432
-0.00554639
-0.0066362
-0.00787178
-0.00456583
-0.00546674
-0.00616922
-0.00673656
-0.00724535
-0.00770291
-0.00811564
-0.00849438
-0.00884917
-0.00918867
-0.00952045
-0.0098509
-0.0101853
-0.0105278
-0.0108814
-0.0112482
-0.0116293
-0.0120247
-0.012434
-0.0128554
-0.013287
-0.0137256
-0.0141677
-0.0146091
-0.0150448
-0.0154696
-0.0158776
-0.0162623
-0.0166172
-0.0169352
-0.017209
-0.0174312
-0.0175946
-0.0176917
-0.0177155
-0.0176596
-0.0175178
-0.0172851
-0.0169571
-0.016531
-0.0160052
-0.0153799
-0.0146572
-0.0138412
-0.0129383
-0.0119572
-0.0109094
-0.00980837
-0.00867038
-0.00751376
-0.00635879
-0.0052273
-0.00414216
-0.00312661
-0.00220356
-0.0013948
-0.000720116
-0.000196524
0.000162549
0.000347894
0.000355008
0.000184351
-0.000158646
-0.000663837
-0.00131685
-0.00209989
-0.00299318
-0.00397549
-0.00501853
-0.00609558
-0.00727568
-0.00862168
-0.00574264
-0.00664551
-0.00735038
-0.00792086
-0.00843386
-0.00889699
-0.00931692
-0.00970477
-0.0100709
-0.0104241
-0.0107722
-0.0111219
-0.0114785
-0.0118462
-0.0122283
-0.0126268
-0.0130429
-0.0134766
-0.0139275
-0.0143938
-0.0148733
-0.015363
-0.015859
-0.016357
-0.0168518
-0.0173378
-0.0178088
-0.0182579
-0.018678
-0.0190615
-0.0194004
-0.0196866
-0.0199119
-0.0200681
-0.0201471
-0.0201414
-0.0200437
-0.0198477
-0.0195479
-0.0191401
-0.0186216
-0.0179914
-0.0172504
-0.0164018
-0.0154512
-0.0144069
-0.0132799
-0.012084
-0.010836
-0.00955505
-0.00826306
-0.00698381
-0.00574265
-0.00456577
-0.00347944
-0.0025091
-0.00167839
-0.00100816
-0.000515518
-0.000213028
-0.000108013
-0.000202157
-0.000491389
-0.000966071
-0.00161149
-0.00240871
-0.00333625
-0.00437063
-0.00548043
-0.00663588
-0.007912
-0.00937679
-0.00701383
-0.0079157
-0.00862087
-0.00919299
-0.00970904
-0.0101768
-0.0106033
-0.0109999
-0.0113771
-0.011744
-0.0121086
-0.0124777
-0.0128569
-0.0132505
-0.0136618
-0.014093
-0.0145453
-0.0150188
-0.0155129
-0.0160261
-0.0165558
-0.0170991
-0.017652
-0.01821
-0.0187676
-0.0193189
-0.0198574
-0.0203758
-0.0208665
-0.0213212
-0.0217314
-0.0220882
-0.0223825
-0.0226051
-0.022747
-0.0227993
-0.0227538
-0.0226026
-0.0223391
-0.0219576
-0.021454
-0.0208259
-0.020073
-0.0191973
-0.0182033
-0.0170986
-0.0158937
-0.0146024
-0.0132415
-0.0118313
-0.0103949
-0.00895799
-0.00754839
-0.00619539
-0.00492883
-0.00377813
-0.0027712
-0.00193327
-0.00128576
-0.000845208
-0.000622418
-0.000621839
-0.000841291
-0.00127207
-0.00189938
-0.00270332
-0.00366062
-0.00474545
-0.00592296
-0.00715998
-0.00853793
-0.0101302
-0.00837832
-0.00927635
-0.00997979
-0.0105521
-0.0110701
-0.0115416
-0.011974
-0.0123788
-0.0127667
-0.013147
-0.013528
-0.0139167
-0.0143186
-0.0147384
-0.0151794
-0.015644
-0.0161333
-0.0166477
-0.0171864
-0.0177479
-0.0183299
-0.0189291
-0.0195415
-0.0201623
-0.0207861
-0.0214066
-0.0220168
-0.0226092
-0.0231757
-0.0237073
-0.024195
-0.0246289
-0.0249992
-0.0252957
-0.0255083
-0.0256269
-0.0256419
-0.0255442
-0.0253256
-0.024979
-0.0244988
-0.0238809
-0.0231236
-0.0222275
-0.0211959
-0.0200352
-0.0187553
-0.0173694
-0.0158947
-0.0143517
-0.0127647
-0.0111613
-0.00957176
-0.00802836
-0.00656473
-0.00521456
-0.00401046
-0.00298258
-0.00215729
-0.00155583
-0.00119324
-0.00107744
-0.00120881
-0.00158009
-0.00217682
-0.00297829
-0.00395951
-0.00509217
-0.00633767
-0.00765909
-0.00914464
-0.0108734
-0.00983452
-0.010726
-0.0114258
-0.0119969
-0.0125156
-0.0129901
-0.0134276
-0.0138399
-0.014238
-0.0146314
-0.0150284
-0.0154363
-0.0158608
-0.0163068
-0.0167776
-0.0172758
-0.0178026
-0.0183584
-0.0189427
-0.0195538
-0.0201895
-0.0208464
-0.0215204
-0.0222068
-0.0228997
-0.0235927
-0.0242786
-0.0249494
-0.0255964
-0.0262104
-0.0267813
-0.0272987
-0.0277519
-0.0281296
-0.0284207
-0.0286138
-0.028698
-0.0286627
-0.0284982
-0.0281958
-0.0277481
-0.0271495
-0.0263964
-0.0254878
-0.0244256
-0.0232149
-0.0218645
-0.0203869
-0.0187989
-0.0171213
-0.0153795
-0.0136023
-0.0118225
-0.0100753
-0.00839833
-0.00682966
-0.00540702
-0.00416603
-0.00313866
-0.00235167
-0.00182512
-0.00157128
-0.00159385
-0.0018877
-0.00243919
-0.0032271
-0.00422485
-0.00540152
-0.0067145
-0.0081227
-0.00972155
-0.0115961
-0.0113803
-0.0122628
-0.0129572
-0.0135258
-0.0140442
-0.0145205
-0.0149623
-0.0153814
-0.015789
-0.0161947
-0.0166071
-0.0170336
-0.0174801
-0.0179517
-0.018452
-0.0189836
-0.0195478
-0.0201453
-0.0207755
-0.0214368
-0.0221271
-0.022843
-0.0235804
-0.0243342
-0.0250987
-0.0258672
-0.0266321
-0.0273852
-0.0281172
-0.0288183
-0.0294779
-0.0300849
-0.0306275
-0.0310936
-0.0314708
-0.0317465
-0.0319085
-0.0319447
-0.0318437
-0.0315951
-0.0311896
-0.03062
-0.0298806
-0.0289687
-0.0278844
-0.0266312
-0.0252164
-0.0236516
-0.0219529
-0.0201411
-0.0182419
-0.0162856
-0.0143068
-0.0123439
-0.0104382
-0.00863257
-0.00697003
-0.00549223
-0.00423742
-0.00323866
-0.00252201
-0.002105
-0.00199558
-0.00219158
-0.00268079
-0.00344196
-0.00444706
-0.00566257
-0.00704153
-0.00853833
-0.010256
-0.0122857
-0.0130132
-0.0138844
-0.0145718
-0.0151367
-0.0156537
-0.0161309
-0.0165761
-0.017001
-0.0174171
-0.0178341
-0.0182608
-0.0187049
-0.0191724
-0.0196687
-0.0201975
-0.0207616
-0.0213627
-0.0220013
-0.0226771
-0.0233888
-0.0241339
-0.0249094
-0.0257111
-0.0265339
-0.0273718
-0.028218
-0.0290647
-0.0299032
-0.030724
-0.0315166
-0.0322698
-0.0329718
-0.0336099
-0.034171
-0.0346415
-0.0350078
-0.035256
-0.0353726
-0.0353444
-0.0351594
-0.0348063
-0.0342758
-0.0335605
-0.0326554
-0.0315586
-0.0302717
-0.0288004
-0.0271548
-0.02535
-0.0234063
-0.0213495
-0.0192108
-0.0170265
-0.0148378
-0.0126896
-0.0106294
-0.00870617
-0.00696777
-0.00545944
-0.00422141
-0.00328669
-0.00267915
-0.00241208
-0.0024872
-0.0028946
-0.00361353
-0.00461484
-0.00586243
-0.00730477
-0.00889128
-0.010733
-0.0129274
-0.01473
-0.0155882
-0.0162671
-0.0168274
-0.017342
-0.0178191
-0.0182665
-0.0186961
-0.0191194
-0.0195463
-0.0199859
-0.0204459
-0.0209329
-0.0214523
-0.022008
-0.0226032
-0.0232397
-0.0239183
-0.0246388
-0.0254
-0.0261997
-0.0270347
-0.0279009
-0.0287933
-0.0297057
-0.0306311
-0.0315615
-0.032488
-0.0334006
-0.0342883
-0.0351393
-0.035941
-0.03668
-0.0373421
-0.0379127
-0.0383768
-0.0387191
-0.0389246
-0.0389785
-0.0388667
-0.0385762
-0.0380955
-0.0374149
-0.0365273
-0.0354285
-0.0341181
-0.0325997
-0.0308815
-0.0289773
-0.0269064
-0.0246941
-0.0223721
-0.0199782
-0.0175557
-0.0151531
-0.0128226
-0.0106188
-0.00859643
-0.0068083
-0.00530259
-0.0041203
-0.00329284
-0.00284
-0.0027686
-0.00307198
-0.00373067
-0.00471487
-0.00598603
-0.00748782
-0.00916431
-0.0111349
-0.0135037
-0.0165274
-0.017371
-0.0180406
-0.0185952
-0.0191065
-0.0195825
-0.0200309
-0.0204638
-0.0208927
-0.0213277
-0.0217782
-0.0222521
-0.0227562
-0.0232963
-0.0238767
-0.0245008
-0.0251706
-0.0258872
-0.0266506
-0.0274598
-0.0283127
-0.0292063
-0.0301365
-0.0310982
-0.0320853
-0.0330906
-0.034106
-0.035122
-0.0361285
-0.037114
-0.0380662
-0.0389716
-0.0398159
-0.0405843
-0.0412608
-0.0418292
-0.0422729
-0.0425754
-0.04272
-0.0426908
-0.0424728
-0.0420522
-0.0414173
-0.0405584
-0.039469
-0.0381462
-0.0365913
-0.0348103
-0.0328152
-0.0306238
-0.0282607
-0.0257572
-0.0231521
-0.0204905
-0.0178241
-0.0152095
-0.012707
-0.0103783
-0.00828444
-0.00648221
-0.00502172
-0.00394313
-0.00327411
-0.0030279
-0.00320233
-0.00378014
-0.00473152
-0.00601577
-0.00757159
-0.00933732
-0.0114412
-0.0139939
-0.0184016
-0.0192298
-0.0198893
-0.0204376
-0.0209447
-0.0214185
-0.0218666
-0.0223011
-0.0227335
-0.0231744
-0.023633
-0.024118
-0.0246363
-0.0251941
-0.025796
-0.0264458
-0.0271459
-0.0278976
-0.0287012
-0.029556
-0.03046
-0.0314103
-0.0324029
-0.0334329
-0.034494
-0.035579
-0.0366794
-0.0377858
-0.0388874
-0.0399725
-0.041028
-0.04204
-0.0429934
-0.0438721
-0.0446594
-0.0453378
-0.0458894
-0.0462958
-0.046539
-0.0466011
-0.046465
-0.0461148
-0.0455362
-0.0447173
-0.0436489
-0.0423254
-0.0407456
-0.038913
-0.0368372
-0.0345342
-0.0320271
-0.0293467
-0.0265317
-0.0236287
-0.0206918
-0.0177819
-0.0149646
-0.012309
-0.00988429
-0.00775686
-0.00598686
-0.0046245
-0.0037068
-0.00325496
-0.00327271
-0.00374621
-0.00464651
-0.00593116
-0.0075339
-0.00938697
-0.0116278
-0.0143738
-0.0203486
-0.0211612
-0.0218103
-0.0223518
-0.022854
-0.0233245
-0.0237707
-0.0242047
-0.0246382
-0.0250819
-0.0255456
-0.0260379
-0.0265666
-0.0271381
-0.0277575
-0.0284289
-0.0291553
-0.0299383
-0.0307785
-0.0316753
-0.0326273
-0.0336315
-0.0346842
-0.0357803
-0.0369137
-0.038077
-0.0392617
-0.0404581
-0.0416551
-0.0428404
-0.0440006
-0.045121
-0.0461857
-0.047178
-0.0480799
-0.0488727
-0.0495373
-0.0500538
-0.0504025
-0.0505635
-0.0505179
-0.0502474
-0.0497354
-0.0489674
-0.0479315
-0.0466194
-0.0450268
-0.0431547
-0.0410099
-0.038606
-0.035964
-0.0331136
-0.0300928
-0.026949
-0.0237383
-0.0205247
-0.0173795
-0.0143785
-0.0115994
-0.00911884
-0.00700789
-0.00532812
-0.00412747
-0.00343678
-0.00326735
-0.00361023
-0.00443845
-0.00570845
-0.0073491
-0.00928627
-0.0116671
-0.0146154
-0.0223645
-0.0231618
-0.0238007
-0.0243353
-0.024832
-0.0252979
-0.0257405
-0.0261716
-0.0266032
-0.0270461
-0.0275106
-0.0280059
-0.0285401
-0.0291203
-0.0297521
-0.0304401
-0.0311877
-0.031997
-0.0328691
-0.0338036
-0.0347993
-0.0358535
-0.0369627
-0.0381219
-0.0393249
-0.0405643
-0.0418315
-0.0431164
-0.0444078
-0.0456929
-0.0469579
-0.0481873
-0.0493647
-0.0504723
-0.0514913
-0.0524019
-0.0531834
-0.0538148
-0.0542745
-0.054541
-0.0545932
-0.0544108
-0.0539747
-0.0532678
-0.0522755
-0.0509864
-0.0493935
-0.0474944
-0.0452931
-0.0428002
-0.0400344
-0.0370232
-0.0338036
-0.0304227
-0.0269377
-0.0234158
-0.0199324
-0.0165702
-0.0134155
-0.0105552
-0.0080724
-0.00604111
-0.00452184
-0.00355693
-0.00316715
-0.0033502
-0.00408244
-0.00532017
-0.00698762
-0.00900414
-0.011527
-0.0146866
-0.024445
-0.0252284
-0.0258578
-0.0263858
-0.0268764
-0.0273366
-0.0277734
-0.0281987
-0.0286246
-0.0290624
-0.0295228
-0.0300155
-0.0305494
-0.0311322
-0.0317701
-0.0324685
-0.0332311
-0.0340608
-0.0349588
-0.0359254
-0.0369596
-0.038059
-0.0392202
-0.0404382
-0.0417071
-0.0430193
-0.044366
-0.0457371
-0.0471208
-0.0485043
-0.0498729
-0.0512109
-0.0525009
-0.0537244
-0.0548617
-0.0558917
-0.0567928
-0.0575423
-0.0581172
-0.0584942
-0.0586503
-0.058563
-0.0582108
-0.057574
-0.0566353
-0.0553804
-0.053799
-0.0518855
-0.0496405
-0.0470715
-0.0441941
-0.0410332
-0.037624
-0.0340125
-0.0302564
-0.0264245
-0.0225963
-0.0188604
-0.0153115
-0.0120471
-0.00916251
-0.00674569
-0.00487123
-0.00359491
-0.0029491
-0.00294018
-0.00354957
-0.00473462
-0.00641548
-0.00850489
-0.0111707
-0.0145499
-0.026586
-0.0273578
-0.0279794
-0.0285012
-0.0289855
-0.0294385
-0.0298671
-0.0302832
-0.030699
-0.0311264
-0.0315766
-0.0320601
-0.0325867
-0.0331647
-0.0338013
-0.0345025
-0.0352728
-0.0361155
-0.0370326
-0.0380247
-0.039091
-0.0402296
-0.0414372
-0.042709
-0.044039
-0.0454196
-0.046842
-0.0482957
-0.0497688
-0.0512479
-0.052718
-0.0541627
-0.0555641
-0.0569027
-0.058158
-0.059308
-0.0603296
-0.061199
-0.0618916
-0.0623825
-0.0626468
-0.0626598
-0.062398
-0.0618389
-0.0609626
-0.0597516
-0.0581926
-0.0562765
-0.0540005
-0.0513684
-0.0483924
-0.0450943
-0.0415066
-0.0376736
-0.0336521
-0.0295121
-0.025336
-0.0212174
-0.0172589
-0.0135684
-0.010254
-0.00741839
-0.00515177
-0.00352541
-0.0025856
-0.0023497
-0.00280631
-0.00391537
-0.00559375
-0.0077477
-0.0105563
-0.014163
-0.028784
-0.0295477
-0.0301636
-0.0306803
-0.0311581
-0.0316025
-0.0320201
-0.0324228
-0.0328232
-0.0332337
-0.0336665
-0.034133
-0.0346438
-0.0352084
-0.0358349
-0.0365301
-0.0372994
-0.0381468
-0.0390747
-0.0400844
-0.0411756
-0.0423464
-0.0435939
-0.0449133
-0.0462987
-0.0477426
-0.0492357
-0.0507676
-0.0523259
-0.053897
-0.0554653
-0.0570138
-0.0585241
-0.0599758
-0.0613475
-0.0626163
-0.0637579
-0.0647473
-0.0655585
-0.0661649
-0.0665399
-0.0666568
-0.0664897
-0.0660141
-0.0652069
-0.0640481
-0.0625208
-0.0606127
-0.0583173
-0.0556346
-0.0525731
-0.0491508
-0.0453969
-0.0413531
-0.0370747
-0.0326315
-0.0281076
-0.0236009
-0.0192209
-0.0150854
-0.0113155
-0.00802913
-0.00533357
-0.00331757
-0.00204376
-0.00154314
-0.00181394
-0.00282062
-0.00447792
-0.006686
-0.00963594
-0.0134772
-0.0310356
-0.0317961
-0.0324096
-0.0329226
-0.0333939
-0.033828
-0.0342313
-0.0346156
-0.0349942
-0.0353803
-0.0357871
-0.0362272
-0.0367124
-0.0372535
-0.0378596
-0.0385386
-0.0392969
-0.0401393
-0.0410688
-0.0420873
-0.0431949
-0.04439
-0.0456699
-0.04703
-0.0484643
-0.0499652
-0.0515234
-0.0531281
-0.0547667
-0.0564251
-0.0580873
-0.0597357
-0.0613511
-0.0629127
-0.0643979
-0.065783
-0.0670427
-0.0681506
-0.0690794
-0.0698011
-0.0702872
-0.0705094
-0.0704396
-0.0700508
-0.0693175
-0.0682168
-0.0667286
-0.0648373
-0.0625325
-0.0598104
-0.0566755
-0.0531416
-0.0492342
-0.0449915
-0.0404663
-0.0357271
-0.0308587
-0.0259619
-0.0211521
-0.0165561
-0.0123077
-0.00854046
-0.00537991
-0.00293414
-0.00128466
-0.000479002
-0.000527825
-0.00140255
-0.00301729
-0.00526682
-0.00835505
-0.0124374
-0.0333381
-0.0341021
-0.0347175
-0.0352288
-0.0356937
-0.0361156
-0.0365005
-0.0368606
-0.0372098
-0.0375624
-0.037933
-0.0383357
-0.0387839
-0.0392896
-0.0398636
-0.0405149
-0.0412509
-0.0420773
-0.0429981
-0.0440155
-0.04513
-0.0463407
-0.0476448
-0.0490378
-0.0505137
-0.0520648
-0.0536817
-0.0553532
-0.0570663
-0.0588066
-0.0605575
-0.0623009
-0.0640168
-0.0656838
-0.0672785
-0.068776
-0.0701502
-0.0713735
-0.0724173
-0.0732521
-0.073848
-0.0741747
-0.0742023
-0.0739015
-0.0732444
-0.0722052
-0.070761
-0.0688927
-0.0665863
-0.063834
-0.0606361
-0.0570021
-0.0529531
-0.0485234
-0.0437624
-0.0387362
-0.0335289
-0.028243
-0.0229982
-0.0179296
-0.0131827
-0.00890683
-0.00524644
-0.00233072
-0.000262581
0.000890867
0.00110328
0.000393445
-0.00115418
-0.00343002
-0.00665191
-0.010981
-0.0356902
-0.036466
-0.0370888
-0.0376012
-0.0380598
-0.0384672
-0.0388289
-0.0391576
-0.0394683
-0.0397767
-0.0400991
-0.0404517
-0.0408495
-0.0413064
-0.0418349
-0.0424453
-0.0431464
-0.0439448
-0.0448452
-0.0458507
-0.0469621
-0.0481788
-0.0494982
-0.0509157
-0.0524255
-0.0540194
-0.0556879
-0.0574195
-0.0592009
-0.061017
-0.0628507
-0.0646834
-0.0664944
-0.0682614
-0.0699603
-0.0715653
-0.0730492
-0.0743833
-0.0755378
-0.0764819
-0.0771841
-0.0776124
-0.0777352
-0.077521
-0.0769397
-0.0759628
-0.0745645
-0.0727226
-0.0704193
-0.0676433
-0.0643902
-0.0606654
-0.0564852
-0.0518795
-0.0468933
-0.0415895
-0.0360504
-0.0303784
-0.0246965
-0.0191462
-0.0138838
-0.00907399
-0.00488047
-0.00145494
0.00107586
0.00262206
0.00313808
0.00262951
0.00117684
-0.00110748
-0.00445665
-0.0090374
-0.0380913
-0.03889
-0.0395271
-0.0400439
-0.0404965
-0.0408864
-0.0412189
-0.0415075
-0.0417687
-0.0420202
-0.0422805
-0.042568
-0.0429002
-0.0432931
-0.0437609
-0.0443159
-0.044968
-0.0457252
-0.0465929
-0.0475748
-0.0486723
-0.0498849
-0.0512101
-0.0526435
-0.0541788
-0.0558078
-0.0575207
-0.0593054
-0.0611483
-0.0630336
-0.0649438
-0.0668595
-0.0687594
-0.0706203
-0.0724172
-0.0741236
-0.0757112
-0.0771502
-0.0784097
-0.0794574
-0.0802605
-0.0807856
-0.080999
-0.0808675
-0.0803587
-0.0794419
-0.0780883
-0.0762728
-0.0739743
-0.0711774
-0.0678739
-0.0640645
-0.0597607
-0.0549875
-0.0497854
-0.0442129
-0.0383492
-0.0322954
-0.026176
-0.0201375
-0.0143453
-0.00897862
-0.0042204
-0.000245799
0.00279245
0.00477847
0.00564356
0.00537627
0.00404995
0.00177785
-0.00169038
-0.00652694
-0.040543
-0.0413782
-0.0420384
-0.0425634
-0.0430101
-0.0433787
-0.0436747
-0.0439127
-0.0441113
-0.0442907
-0.0444724
-0.0446777
-0.0449268
-0.0452384
-0.0456288
-0.0461122
-0.0467002
-0.0474018
-0.0482235
-0.0491696
-0.0502418
-0.0514398
-0.0527612
-0.0542014
-0.0557539
-0.0574103
-0.05916
-0.0609907
-0.0628881
-0.0648359
-0.0668159
-0.068808
-0.07079
-0.0727381
-0.0746263
-0.0764272
-0.0781114
-0.0796483
-0.0810055
-0.0821498
-0.0830468
-0.0836615
-0.0839588
-0.0839036
-0.0834615
-0.0825994
-0.0812861
-0.0794935
-0.0771974
-0.0743788
-0.0710255
-0.0671338
-0.0627104
-0.0577751
-0.0523634
-0.0465289
-0.0403466
-0.0339152
-0.0273587
-0.0208268
-0.0144927
-0.00854826
-0.00319532
0.00136701
0.00495817
0.00743314
0.00869599
0.00871383
0.00754907
0.00531306
0.00173599
-0.00335992
-0.0430491
-0.0439379
-0.0446316
-0.0451695
-0.04561
-0.0459525
-0.0462026
-0.046377
-0.0464971
-0.0465866
-0.0466705
-0.0467738
-0.04692
-0.0471308
-0.0474253
-0.0478196
-0.048327
-0.0489579
-0.0497197
-0.0506172
-0.0516525
-0.0528253
-0.0541332
-0.0555712
-0.0571327
-0.0588085
-0.0605877
-0.0624573
-0.0644024
-0.0664059
-0.0684489
-0.0705105
-0.0725677
-0.0745958
-0.076568
-0.0784558
-0.080229
-0.0818556
-0.0833023
-0.0845346
-0.0855168
-0.0862125
-0.0865849
-0.0865972
-0.0862131
-0.0853973
-0.0841165
-0.0823397
-0.0800399
-0.0771945
-0.0737876
-0.0698113
-0.0652676
-0.0601713
-0.0545523
-0.0484591
-0.0419617
-0.0351549
-0.028161
-0.0211308
-0.0142433
-0.00770151
-0.0017249
0.00346349
0.00765388
0.0106691
0.0123819
0.0127329
0.0117691
0.00959655
0.00592295
0.000564615
-0.0456165
-0.0465799
-0.0473201
-0.0478759
-0.0483094
-0.0486191
-0.0488115
-0.0489063
-0.0489287
-0.0489069
-0.0488706
-0.048849
-0.0488699
-0.0489584
-0.0491365
-0.0494228
-0.0498323
-0.0503766
-0.0510641
-0.0519001
-0.0528868
-0.054024
-0.0553088
-0.0567361
-0.0582984
-0.0599863
-0.0617879
-0.0636896
-0.0656757
-0.0677283
-0.0698276
-0.0719519
-0.0740773
-0.0761781
-0.0782267
-0.0801934
-0.0820471
-0.0837546
-0.0852817
-0.0865924
-0.0876497
-0.088416
-0.0888528
-0.0889216
-0.0885845
-0.0878041
-0.0865447
-0.084773
-0.0824591
-0.0795775
-0.0761085
-0.0720403
-0.0673705
-0.0621088
-0.0562798
-0.0499263
-0.0431129
-0.0359295
-0.0284952
-0.0209604
-0.0135074
-0.00634873
0.000280431
0.0061336
0.0109709
0.0145804
0.0167991
0.017536
0.0168174
0.0147396
0.010984
0.0053603
-0.048256
-0.0493202
-0.0501222
-0.0507016
-0.051126
-0.0513936
-0.0515132
-0.0515083
-0.0514097
-0.0512513
-0.0510685
-0.0508961
-0.0507665
-0.0507088
-0.0507484
-0.0509064
-0.0511997
-0.0516411
-0.0522399
-0.0530014
-0.0539282
-0.0550197
-0.0562725
-0.0576809
-0.0592367
-0.0609297
-0.0627472
-0.0646748
-0.0666956
-0.068791
-0.0709402
-0.0731206
-0.0753072
-0.0774735
-0.0795906
-0.081628
-0.0835534
-0.0853326
-0.08693
-0.0883086
-0.08943
-0.090255
-0.0907439
-0.0908566
-0.090553
-0.0897942
-0.0885423
-0.0867616
-0.0844196
-0.0814879
-0.0779436
-0.073771
-0.0689635
-0.0635262
-0.0574783
-0.0508569
-0.0437209
-0.0361546
-0.0282727
-0.0202232
-0.0121903
-0.0043932
0.00291883
0.00947708
0.0150112
0.0192725
0.0220579
0.0232391
0.0228155
0.0208683
0.0170476
0.0111553
-0.0509839
-0.0521812
-0.0530633
-0.0536718
-0.0540831
-0.0542962
-0.0543231
-0.0541936
-0.0539455
-0.0536203
-0.0532605
-0.0529074
-0.0525989
-0.0523689
-0.0522463
-0.0522547
-0.0524129
-0.052735
-0.0532305
-0.0539053
-0.0547613
-0.0557976
-0.0570102
-0.0583924
-0.0599352
-0.0616272
-0.0634549
-0.0654027
-0.0674527
-0.0695852
-0.0717785
-0.0740086
-0.0762498
-0.0784743
-0.0806522
-0.082752
-0.0847401
-0.0865813
-0.0882386
-0.0896738
-0.0908472
-0.0917183
-0.0922456
-0.0923876
-0.0921026
-0.0913494
-0.0900884
-0.0882816
-0.0858939
-0.0828942
-0.0792566
-0.0749619
-0.0699995
-0.06437
-0.0580876
-0.0511839
-0.0437116
-0.0357492
-0.0274059
-0.0188263
-0.0101941
-0.00173296
0.00629582
0.013603
0.019888
0.0248635
0.0282825
0.0299732
0.0299012
0.0281259
0.0242597
0.0180945
-0.053824
-0.055194
-0.0561777
-0.0568203
-0.0572114
-0.0573526
-0.057261
-0.0569753
-0.0565429
-0.0560148
-0.0554424
-0.0548746
-0.0543559
-0.0539251
-0.0536148
-0.0534514
-0.0534555
-0.0536418
-0.0540204
-0.0545966
-0.0553721
-0.0563449
-0.0575101
-0.05886
-0.0603842
-0.0620702
-0.0639032
-0.0658664
-0.0679408
-0.0701054
-0.0723373
-0.0746115
-0.0769009
-0.0791767
-0.081408
-0.0835618
-0.0856035
-0.0874967
-0.0892032
-0.0906834
-0.0918962
-0.0927997
-0.0933509
-0.0935066
-0.0932233
-0.0924581
-0.0911692
-0.0893165
-0.0868625
-0.0837735
-0.0800205
-0.0755811
-0.070441
-0.0645966
-0.0580572
-0.050849
-0.0430189
-0.0346389
-0.0258125
-0.0166793
-0.00742081
0.0017366
0.0105223
0.0186283
0.0257248
0.0314843
0.0356121
0.0378864
0.038231
0.036676
0.0327868
0.0263428
-0.0568098
-0.0584017
-0.0595119
-0.0601921
-0.0605511
-0.0605957
-0.0603517
-0.0598699
-0.0592104
-0.0584363
-0.0576098
-0.0567888
-0.056025
-0.0553625
-0.054838
-0.0544803
-0.0543112
-0.054346
-0.0545946
-0.0550618
-0.0557482
-0.0566505
-0.0577626
-0.0590752
-0.0605765
-0.0622527
-0.0640873
-0.0660622
-0.0681571
-0.0703495
-0.0726154
-0.0749283
-0.0772602
-0.0795808
-0.081858
-0.0840578
-0.0861442
-0.0880794
-0.0898242
-0.0913373
-0.0925766
-0.0934984
-0.0940582
-0.094211
-0.0939118
-0.0931156
-0.0917785
-0.0898582
-0.0873148
-0.0841121
-0.0802181
-0.0756073
-0.0702618
-0.0641739
-0.0573483
-0.049806
-0.0415879
-0.0327598
-0.0234186
-0.0136983
-0.00377676
0.00611921
0.0157118
0.0246764
0.0326548
0.0392788
0.044202
0.0471461
0.0479841
0.0467063
0.0428206
0.0360888
-0.0599884
-0.0618629
-0.0631281
-0.0638461
-0.0641538
-0.0640674
-0.0636261
-0.0628973
-0.061958
-0.0608864
-0.0597576
-0.0586398
-0.0575925
-0.0566656
-0.0558993
-0.0553244
-0.0549637
-0.0548323
-0.0549395
-0.0552887
-0.055879
-0.0567056
-0.0577604
-0.0590324
-0.0605081
-0.0621718
-0.0640056
-0.0659895
-0.0681019
-0.0703188
-0.0726146
-0.0749618
-0.0773307
-0.07969
-0.0820062
-0.084244
-0.0863662
-0.0883337
-0.0901058
-0.09164
-0.0928925
-0.0938182
-0.094371
-0.0945041
-0.0941706
-0.0933236
-0.091917
-0.0899062
-0.087249
-0.0839062
-0.0798432
-0.075031
-0.0694484
-0.0630834
-0.0559365
-0.0480232
-0.0393787
-0.0300622
-0.0201639
-0.00981114
0.00082297
0.011513
0.0219762
0.0318734
0.0408191
0.0484038
0.0542256
0.0579422
0.0593656
0.0584346
0.0545838
0.0475505
-0.0634258
-0.0656583
-0.0671101
-0.0678601
-0.0680859
-0.0678201
-0.0671216
-0.066081
-0.0647969
-0.0633662
-0.0618792
-0.0604156
-0.0590432
-0.0578172
-0.0567809
-0.0559665
-0.0553969
-0.0550863
-0.0550423
-0.0552665
-0.0557559
-0.0565034
-0.0574987
-0.0587286
-0.0601775
-0.0618277
-0.0636594
-0.0656509
-0.0677787
-0.0700175
-0.0723401
-0.0747175
-0.0771187
-0.079511
-0.0818596
-0.0841279
-0.0862772
-0.0882674
-0.090056
-0.0915994
-0.0928522
-0.0937675
-0.0942978
-0.0943943
-0.0940081
-0.0930904
-0.0915928
-0.0894683
-0.086672
-0.083162
-0.0789005
-0.0738552
-0.0680011
-0.0613221
-0.0538139
-0.0454868
-0.0363697
-0.0265153
-0.0160062
-0.00496278
0.00644821
0.0180043
0.0294199
0.0403434
0.0503632
0.0590273
0.0658744
0.0704899
0.0726132
0.0721156
0.0683386
0.0609835
-0.0672146
-0.0698986
-0.0715708
-0.0723365
-0.0724329
-0.0719192
-0.0708835
-0.0694478
-0.0677386
-0.0658755
-0.0639657
-0.0621016
-0.060359
-0.0587979
-0.0574636
-0.0563886
-0.0555946
-0.0550939
-0.0548915
-0.0549862
-0.0553723
-0.0560397
-0.0569753
-0.0581635
-0.0595861
-0.0612233
-0.063053
-0.0650517
-0.067194
-0.069453
-0.0717999
-0.0742041
-0.0766334
-0.0790534
-0.0814282
-0.0837197
-0.085888
-0.0878914
-0.0896863
-0.0912274
-0.0924677
-0.0933589
-0.0938514
-0.093895
-0.0934384
-0.0924308
-0.0908213
-0.0885604
-0.0856004
-0.0818963
-0.077407
-0.0720966
-0.0659358
-0.0589041
-0.0509919
-0.0422037
-0.032562
-0.022112
-0.0109281
0.000877681
0.0131462
0.0256599
0.0381326
0.050202
0.0614317
0.0713259
0.0793589
0.085034
0.0880031
0.0880516
0.0843981
0.076692
-0.071485
-0.0747373
-0.0766632
-0.0774103
-0.0773036
-0.0764449
-0.0749648
-0.0730273
-0.0707939
-0.0684107
-0.0660042
-0.0636791
-0.0615184
-0.0595855
-0.0579261
-0.0565714
-0.0555402
-0.0548414
-0.0544764
-0.0544402
-0.0547233
-0.0553121
-0.0561904
-0.0573392
-0.058738
-0.060364
-0.0621933
-0.0641999
-0.0663568
-0.0686352
-0.0710045
-0.0734329
-0.0758864
-0.0783294
-0.0807246
-0.0830326
-0.085212
-0.0872199
-0.0890111
-0.0905389
-0.0917547
-0.0926087
-0.0930495
-0.0930247
-0.0924812
-0.0913657
-0.0896251
-0.0872069
-0.0840604
-0.0801373
-0.0753927
-0.0697866
-0.0632852
-0.0558626
-0.0475035
-0.0382056
-0.0279838
-0.0168746
-0.00494302
0.00770913
0.0209324
0.0345168
0.0481781
0.061546
0.0741602
0.0854793
0.0949068
0.101852
0.10586
0.106606
0.103144
0.0950456
-0.0764223
-0.0803882
-0.0825949
-0.0832588
-0.0828357
-0.0814943
-0.0794255
-0.0768491
-0.0739693
-0.0709625
-0.0679749
-0.0651226
-0.062494
-0.0601532
-0.0581439
-0.0564933
-0.0552157
-0.0543148
-0.0537867
-0.0536217
-0.0538053
-0.0543201
-0.0551457
-0.05626
-0.0576391
-0.0592578
-0.0610893
-0.0631059
-0.0652783
-0.0675759
-0.0699667
-0.072417
-0.0748916
-0.0773534
-0.0797638
-0.0820819
-0.0842652
-0.0862693
-0.0880477
-0.0895522
-0.0907328
-0.0915377
-0.091914
-0.0918072
-0.0911623
-0.0899234
-0.0880348
-0.0854412
-0.0820887
-0.0779251
-0.0729015
-0.0669732
-0.0601009
-0.0522529
-0.0434067
-0.0335521
-0.0226947
-0.0108606
0.00189708
0.0154893
0.0297797
0.0445697
0.059581
0.0744392
0.088662
0.101661
0.112759
0.121257
0.126569
0.128224
0.125054
0.116505
-0.082293
-0.0871536
-0.0896504
-0.090115
-0.0892014
-0.0871808
-0.0843294
-0.0809381
-0.0772619
-0.0735099
-0.0698466
-0.0663966
-0.0632497
-0.060467
-0.0580867
-0.056129
-0.0546007
-0.0534985
-0.0528116
-0.0525239
-0.0526156
-0.053064
-0.0538447
-0.0549315
-0.0562972
-0.0579138
-0.059752
-0.0617816
-0.0639714
-0.0662891
-0.0687009
-0.0711716
-0.0736647
-0.0761417
-0.0785626
-0.0808854
-0.0830662
-0.0850593
-0.0868169
-0.0882893
-0.0894251
-0.0901711
-0.0904722
-0.0902724
-0.0895143
-0.0881397
-0.0860901
-0.0833074
-0.0797339
-0.0753137
-0.0699931
-0.0637222
-0.0564555
-0.048154
-0.038787
-0.0283346
-0.0167909
-0.00416884
0.00949369
0.0241247
0.0396058
0.0557557
0.0723091
0.0888937
0.10501
0.120021
0.133162
0.143599
0.150587
0.153461
0.150736
0.141665
-0.0894887
-0.0954656
-0.0982205
-0.0982832
-0.0966109
-0.093631
-0.089736
-0.0853051
-0.0806504
-0.0760123
-0.0715695
-0.0674489
-0.0637357
-0.0604821
-0.0577159
-0.0554466
-0.0536703
-0.052374
-0.0515382
-0.0511393
-0.0511508
-0.0515444
-0.0522908
-0.0533598
-0.0547207
-0.0563423
-0.0581928
-0.0602398
-0.0624501
-0.0647896
-0.0672228
-0.0697133
-0.072223
-0.0747124
-0.0771401
-0.079463
-0.081636
-0.0836121
-0.0853425
-0.086776
-0.0878598
-0.0885391
-0.0887575
-0.0884567
-0.0875775
-0.0860592
-0.0838408
-0.0808607
-0.0770579
-0.072372
-0.0667444
-0.0601193
-0.0524441
-0.0436715
-0.0337609
-0.0226803
-0.01041
0.00305411
0.0176937
0.0334597
0.0502592
0.067937
0.0862515
0.104844
0.123208
0.140661
0.156343
0.169261
0.178461
0.183016
0.180994
0.171317
-0.0985997
-0.105953
-0.108844
-0.108154
-0.105311
-0.100972
-0.0956841
-0.0899298
-0.0840787
-0.0783959
-0.073064
-0.0682021
-0.0638811
-0.0601369
-0.0569803
-0.0544048
-0.0523923
-0.0509174
-0.04995
-0.0494574
-0.0494057
-0.0497605
-0.050487
-0.0515509
-0.0529178
-0.0545536
-0.0564239
-0.058494
-0.060729
-0.063093
-0.0655492
-0.0680597
-0.0705854
-0.0730854
-0.0755175
-0.0778373
-0.0799988
-0.081954
-0.0836528
-0.0850429
-0.0860703
-0.0866788
-0.0868103
-0.0864051
-0.0854017
-0.0837374
-0.0813483
-0.07817
-0.0741374
-0.0691859
-0.0632516
-0.0562721
-0.048187
-0.0389396
-0.0284775
-0.0167548
-0.0037343
0.010609
0.0262822
0.0432666
0.0615045
0.0808803
0.101192
0.122114
0.143152
0.163595
0.182484
0.198637
0.210836
0.217792
0.216917
0.206572
-0.110547
-0.119548
-0.122265
-0.120218
-0.115568
-0.109305
-0.102161
-0.0947309
-0.0874307
-0.0805322
-0.074204
-0.0685406
-0.0635853
-0.0593467
-0.0558106
-0.0529487
-0.0507246
-0.0490975
-0.0480249
-0.047464
-0.0473725
-0.0477093
-0.0484345
-0.0495093
-0.050896
-0.0525573
-0.0544567
-0.0565574
-0.0588227
-0.0612154
-0.0636974
-0.0662296
-0.068772
-0.0712826
-0.0737183
-0.076034
-0.0781827
-0.0801154
-0.0817811
-0.0831268
-0.084097
-0.0846346
-0.0846802
-0.0841723
-0.0830478
-0.0812418
-0.0786881
-0.075319
-0.071066
-0.06586
-0.0596315
-0.0523112
-0.0438306
-0.0341222
-0.0231206
-0.0107635
0.0030067
0.0182406
0.0349771
0.0532369
0.0730101
0.0942379
0.116781
0.140378
0.164581
0.188685
0.211651
0.232093
0.248457
0.258952
0.260024
0.249063
-0.126831
-0.137654
-0.139494
-0.135055
-0.127628
-0.118645
-0.109046
-0.0995186
-0.0904916
-0.0822096
-0.0747959
-0.0682961
-0.062707
-0.0579961
-0.0541149
-0.0510068
-0.0486128
-0.0468743
-0.0457344
-0.0451396
-0.045039
-0.0453848
-0.046132
-0.0472378
-0.0486609
-0.0503619
-0.0523018
-0.0544425
-0.0567457
-0.0591731
-0.0616855
-0.0642431
-0.0668048
-0.0693283
-0.0717694
-0.0740825
-0.07622
-0.0781322
-0.0797673
-0.0810715
-0.0819888
-0.0824607
-0.0824268
-0.0818246
-0.0805892
-0.0786541
-0.0759506
-0.0724083
-0.0679554
-0.0625184
-0.0560223
-0.048391
-0.0395473
-0.0294125
-0.0179071
-0.00495061
0.0095378
0.0256384
0.0434286
0.0629778
0.0843388
0.10753
0.132507
0.159113
0.187006
0.215553
0.243699
0.26988
0.292134
0.307992
0.312488
0.30134
-0.150039
-0.162423
-0.161868
-0.153273
-0.141605
-0.128818
-0.116019
-0.10392
-0.0928937
-0.0830947
-0.0745533
-0.0672313
-0.0610549
-0.0559343
-0.0517763
-0.04849
-0.0459902
-0.0441983
-0.0430431
-0.0424598
-0.0423894
-0.0427779
-0.0435757
-0.0447364
-0.0462164
-0.0479739
-0.0499687
-0.0521611
-0.0545122
-0.0569825
-0.0595324
-0.0621215
-0.0647082
-0.0672496
-0.0697012
-0.0720171
-0.074149
-0.076047
-0.0776588
-0.07893
-0.0798041
-0.0802219
-0.0801223
-0.0794416
-0.078114
-0.0760712
-0.0732428
-0.0695561
-0.064936
-0.059305
-0.0525834
-0.0446882
-0.0355336
-0.0250301
-0.0130834
0.000405821
0.0155434
0.0324427
0.0512244
0.0720159
0.0949465
0.120136
0.147669
0.177552
0.209631
0.243458
0.278096
0.311939
0.342607
0.366774
0.377484
0.367641
-0.184901
-0.197172
-0.190991
-0.175284
-0.157243
-0.139244
-0.122391
-0.107262
-0.0940384
-0.0826849
-0.0730698
-0.0650264
-0.0583817
-0.052973
-0.0486531
-0.0452925
-0.0427782
-0.0410122
-0.0399093
-0.0393948
-0.0394029
-0.0398748
-0.0407573
-0.0420017
-0.0435625
-0.0453969
-0.0474637
-0.0497227
-0.0521343
-0.054659
-0.0572567
-0.0598869
-0.0625077
-0.0650762
-0.0675479
-0.0698765
-0.0720137
-0.0739094
-0.0755111
-0.0767643
-0.077612
-0.0779949
-0.0778512
-0.0771167
-0.0757247
-0.0736059
-0.0706884
-0.0668976
-0.0621558
-0.0563824
-0.049493
-0.041399
-0.0320066
-0.021216
-0.00891916
0.00500183
0.0206778
0.0382556
0.0579024
0.079809
0.104192
0.131294
0.161366
0.194641
0.231259
0.271128
0.313676
0.357512
0.400156
0.43735
0.459607
0.4553
-0.240284
-0.246869
-0.22844
-0.200848
-0.173497
-0.148623
-0.1269
-0.108451
-0.0930393
-0.0802908
-0.0698244
-0.0612946
-0.0544045
-0.0489064
-0.0445962
-0.0413064
-0.0388991
-0.0372596
-0.0362922
-0.0359153
-0.0360587
-0.036661
-0.0376674
-0.0390282
-0.0406977
-0.0426327
-0.044792
-0.0471356
-0.0496241
-0.0522181
-0.0548778
-0.0575629
-0.0602318
-0.0628416
-0.0653481
-0.067705
-0.0698645
-0.0717763
-0.0733883
-0.0746458
-0.0754919
-0.0758673
-0.07571
-0.0749555
-0.0735368
-0.0713839
-0.068424
-0.0645811
-0.0597759
-0.0539251
-0.0469408
-0.0387298
-0.029192
-0.0182186
-0.00569003
0.00852807
0.0245889
0.0426709
0.0629852
0.085786
0.111382
0.140147
0.172532
0.209054
0.250266
0.296642
0.348339
0.404774
0.464033
0.521419
0.564974
0.576619
-0.333024
-0.318374
-0.275157
-0.228635
-0.188256
-0.154807
-0.127723
-0.106084
-0.0888765
-0.0752021
-0.0643382
-0.0557226
-0.0489239
-0.0436124
-0.0395347
-0.0364943
-0.0343365
-0.0329377
-0.0321975
-0.0320321
-0.032371
-0.033153
-0.0343241
-0.0358357
-0.037643
-0.039704
-0.0419783
-0.0444269
-0.0470113
-0.0496927
-0.0524321
-0.0551898
-0.0579247
-0.0605946
-0.0631557
-0.0655623
-0.0677667
-0.0697193
-0.0713682
-0.0726591
-0.0735354
-0.0739379
-0.073805
-0.0730723
-0.0716725
-0.0695357
-0.0665885
-0.0627545
-0.0579532
-0.0520998
-0.0451042
-0.03687
-0.0272927
-0.0162573
-0.00363544
0.0107192
0.0269773
0.045342
0.0660609
0.0894426
0.115878
0.145872
0.180076
0.219335
0.264717
0.3175
0.379058
0.450538
0.531895
0.6194
0.700973
0.751891
-0.501627
-0.419645
-0.327918
-0.253708
-0.196859
-0.154044
-0.122178
-0.0983941
-0.0804489
-0.066762
-0.056238
-0.048112
-0.0418458
-0.0370566
-0.0334669
-0.030871
-0.0291132
-0.0280719
-0.0276504
-0.0277695
-0.0283626
-0.0293725
-0.0307486
-0.0324453
-0.0344202
-0.0366337
-0.0390474
-0.041624
-0.0443261
-0.0471166
-0.0499576
-0.0528101
-0.0556343
-0.0583886
-0.06103
-0.0635134
-0.0657921
-0.0678169
-0.0695365
-0.0708972
-0.0718429
-0.072315
-0.0722521
-0.0715904
-0.070263
-0.0682001
-0.0653287
-0.0615721
-0.0568498
-0.0510764
-0.0441612
-0.0360062
-0.0265051
-0.0155401
-0.0029783
0.0113328
0.0275731
0.0459595
0.0667612
0.0903203
0.117084
0.147649
0.182835
0.223781
0.272092
0.33002
0.400686
0.488195
0.596502
0.726657
0.877367
1.02574
-0.850644
-0.553011
-0.361302
-0.253411
-0.183288
-0.135618
-0.103281
-0.0808461
-0.0647494
-0.0528944
-0.0440146
-0.0373036
-0.0322331
-0.0284483
-0.0257031
-0.0238208
-0.0226695
-0.0221479
-0.0221751
-0.0226849
-0.0236209
-0.0249343
-0.0265811
-0.0285211
-0.0307166
-0.0331316
-0.0357308
-0.0384795
-0.0413427
-0.0442852
-0.0472706
-0.0502617
-0.0532199
-0.0561048
-0.0588745
-0.0614852
-0.0638907
-0.066043
-0.0678915
-0.0693835
-0.0704635
-0.0710738
-0.0711538
-0.0706402
-0.069467
-0.0675651
-0.0648622
-0.0612824
-0.056746
-0.0511684
-0.0444597
-0.0365231
-0.0272532
-0.0165336
-0.00423316
0.00979873
0.0257394
0.043803
0.0642555
0.0874365
0.113794
0.143936
0.178719
0.219389
0.267831
0.326992
0.401678
0.499742
0.632391
0.816586
1.09969
1.50768
-1.48535
-0.683441
-0.324186
-0.19373
-0.128203
-0.088922
-0.0651307
-0.050012
-0.0396535
-0.032169
-0.0266129
-0.0224527
-0.0193667
-0.0171503
-0.0156647
-0.0148101
-0.0145098
-0.0147029
-0.0153383
-0.016372
-0.0177647
-0.0194804
-0.0214858
-0.0237486
-0.0262377
-0.0289224
-0.0317719
-0.0347552
-0.0378405
-0.0409951
-0.0441852
-0.0473756
-0.0505294
-0.053608
-0.0565711
-0.059376
-0.0619781
-0.0643305
-0.0663836
-0.0680859
-0.069383
-0.0702181
-0.0705315
-0.0702616
-0.0693428
-0.0677073
-0.0652842
-0.061999
-0.0577737
-0.0525258
-0.046168
-0.0386067
-0.0297408
-0.0194595
-0.00763945
0.00585959
0.0212003
0.0385763
0.0582239
0.08044
0.105609
0.134247
0.167071
0.205127
0.250031
0.304463
0.373333
0.466408
0.60348
0.832759
1.31079
2.23472
)
;

boundaryField
{
    movingWall
    {
        type            zeroGradient;
    }
    fixedWalls
    {
        type            zeroGradient;
    }
    frontAndBack
    {
        type            empty;
    }
}


// ************************************************************************* //
