/*--------------------------------*- C++ -*----------------------------------*\
  =========                 |
  \\      /  F ield         | OpenFOAM: The Open Source CFD Toolbox
   \\    /   O peration     | Website:  https://openfoam.org
    \\  /    A nd           | Version:  dev
     \\/     M anipulation  |
\*---------------------------------------------------------------------------*/
FoamFile
{
    format      ascii;
    class       volScalarField;
    location    "29.7";
    object      Ux;
}
// * * * * * * * * * * * * * * * * * * * * * * * * * * * * * * * * * * * * * //

dimensions      [0 1 -1 0 0 0 0];

internalField   nonuniform List<scalar> 
5184
(
1.22493e-05
4.50468e-05
8.02612e-05
9.59453e-05
8.21269e-05
3.64368e-05
-4.05724e-05
-0.000146879
-0.00027969
-0.000435951
-0.00061254
-0.000806424
-0.00101474
-0.00123481
-0.00146418
-0.0017006
-0.001942
-0.00218645
-0.00243218
-0.0026775
-0.0029208
-0.00316053
-0.00339515
-0.00362315
-0.00384299
-0.00405314
-0.00425203
-0.0044381
-0.00460977
-0.00476546
-0.0049036
-0.00502268
-0.00512124
-0.00519789
-0.00525139
-0.0052806
-0.0052846
-0.00526264
-0.00521424
-0.00513916
-0.00503746
-0.00490951
-0.00475604
-0.00457808
-0.00437704
-0.00415468
-0.00391309
-0.00365469
-0.00338222
-0.00309868
-0.00280729
-0.0025115
-0.00221487
-0.00192105
-0.00163371
-0.00135651
-0.00109296
-0.000846458
-0.000620132
-0.000416837
-0.000239072
-8.89152e-05
3.2046e-05
0.000122797
0.000183006
0.000213175
0.00021489
0.000191201
0.000147136
9.07888e-05
3.6625e-05
6.22653e-06
2.07994e-05
6.55341e-05
9.46397e-05
7.27509e-05
-1.89715e-05
-0.00018734
-0.000432937
-0.000752546
-0.00114062
-0.00159037
-0.00209447
-0.00264545
-0.00323602
-0.00385918
-0.00450832
-0.00517725
-0.00586017
-0.00655164
-0.00724653
-0.00793994
-0.00862718
-0.0093037
-0.00996502
-0.0106067
-0.0112244
-0.0118137
-0.0123701
-0.0128892
-0.0133667
-0.0137983
-0.0141796
-0.0145066
-0.0147754
-0.0149824
-0.0151242
-0.0151981
-0.0152016
-0.0151331
-0.0149914
-0.014776
-0.0144874
-0.0141269
-0.0136965
-0.0131993
-0.0126392
-0.012021
-0.0113506
-0.0106346
-0.00988027
-0.00909579
-0.00828985
-0.00747162
-0.00665063
-0.00583662
-0.00503937
-0.00426855
-0.00353354
-0.00284326
-0.00220598
-0.00162919
-0.00111937
-0.0006818
-0.000320406
-3.74714e-05
0.000166638
0.000293843
0.000348892
0.000340052
0.000279814
0.000186027
8.63562e-05
1.96763e-05
1.76147e-05
4.12811e-05
1.95437e-05
-8.40494e-05
-0.000290284
-0.000607906
-0.00103818
-0.00157729
-0.00221808
-0.00295136
-0.00376684
-0.00465382
-0.00560159
-0.00659967
-0.00763802
-0.00870708
-0.00979776
-0.0109015
-0.01201
-0.0131155
-0.0142104
-0.0152873
-0.016339
-0.0173583
-0.0183383
-0.0192717
-0.0201517
-0.0209713
-0.0217235
-0.0224016
-0.022999
-0.0235095
-0.0239271
-0.0242463
-0.0244623
-0.0245709
-0.0245685
-0.0244528
-0.0242222
-0.0238764
-0.0234162
-0.0228438
-0.0221626
-0.0213775
-0.0204947
-0.0195218
-0.0184678
-0.0173429
-0.0161585
-0.0149269
-0.0136616
-0.0123765
-0.0110862
-0.00980552
-0.00854934
-0.00733238
-0.00616886
-0.00507233
-0.00405533
-0.00312912
-0.00230345
-0.00158621
-0.000983128
-0.000497449
-0.000129481
0.000123845
0.000269624
0.000319702
0.000291208
0.000207366
0.000102436
2.49723e-05
8.82865e-06
-7.03792e-06
-0.000107611
-0.000322379
-0.000669585
-0.00115763
-0.00178727
-0.00255373
-0.00344847
-0.00446047
-0.00557724
-0.00678558
-0.00807209
-0.0094235
-0.0108269
-0.0122699
-0.0137406
-0.0152276
-0.0167199
-0.018207
-0.0196786
-0.0211249
-0.022536
-0.0239023
-0.0252143
-0.0264625
-0.0276375
-0.0287301
-0.0297311
-0.0306318
-0.0314234
-0.0320979
-0.0326475
-0.0330653
-0.0333451
-0.0334816
-0.0334705
-0.0333088
-0.0329949
-0.0325286
-0.0319112
-0.0311457
-0.0302368
-0.0291911
-0.0280168
-0.026724
-0.0253243
-0.023831
-0.0222591
-0.0206245
-0.0189445
-0.0172373
-0.0155216
-0.0138165
-0.0121414
-0.0105151
-0.008956
-0.00748151
-0.00610778
-0.0048493
-0.00371857
-0.0027257
-0.00187801
-0.00117963
-0.000631047
-0.000228546
3.6345e-05
0.00017752
0.000214701
0.000174054
9.30114e-05
2.40233e-05
-2.13022e-06
-6.73028e-05
-0.00026411
-0.000609736
-0.00111668
-0.00179114
-0.00263214
-0.00363329
-0.00478448
-0.00607298
-0.00748446
-0.00900366
-0.010615
-0.0123029
-0.0140521
-0.0158478
-0.0176755
-0.0195215
-0.0213725
-0.0232153
-0.0250376
-0.0268268
-0.028571
-0.0302582
-0.0318767
-0.0334149
-0.0348611
-0.0362042
-0.037433
-0.0385367
-0.0395051
-0.0403284
-0.0409974
-0.0415038
-0.0418403
-0.0420009
-0.0419805
-0.041776
-0.0413853
-0.0408087
-0.0400478
-0.0391067
-0.037991
-0.0367088
-0.0352701
-0.033687
-0.0319736
-0.0301459
-0.0282216
-0.02622
-0.0241616
-0.0220681
-0.0199618
-0.0178658
-0.0158027
-0.0137953
-0.0118654
-0.0100338
-0.00831982
-0.00674076
-0.00531156
-0.00404435
-0.002948
-0.00202766
-0.00128427
-0.000714059
-0.000308047
-5.14645e-05
7.65653e-05
0.000103544
6.7487e-05
1.96617e-05
-1.36961e-05
-0.00013283
-0.000435797
-0.000924557
-0.00160374
-0.00247591
-0.00353723
-0.00477899
-0.00618911
-0.00775307
-0.00945474
-0.0112771
-0.0132025
-0.0152137
-0.0172931
-0.0194241
-0.02159
-0.0237749
-0.0259634
-0.0281404
-0.0302911
-0.0324011
-0.0344563
-0.0364427
-0.0383465
-0.0401541
-0.0418521
-0.0434273
-0.044867
-0.0461587
-0.0472906
-0.0482514
-0.0490307
-0.0496192
-0.0500087
-0.0501922
-0.0501644
-0.0499215
-0.0494618
-0.0487855
-0.0478948
-0.0467943
-0.0454908
-0.0439936
-0.0423141
-0.0404663
-0.0384663
-0.0363324
-0.0340847
-0.0317452
-0.0293374
-0.026886
-0.0244164
-0.0219548
-0.0195272
-0.0171595
-0.0148767
-0.0127026
-0.0106593
-0.00876674
-0.00704213
-0.0054996
-0.00414961
-0.00299853
-0.00204815
-0.00129518
-0.000730851
-0.000340444
-0.000103003
9.10596e-06
3.24772e-05
1.36172e-05
-2.5184e-05
-0.000199993
-0.000614016
-0.00125276
-0.00211177
-0.00318888
-0.00447653
-0.00596301
-0.00763381
-0.00947239
-0.0114608
-0.0135801
-0.0158113
-0.0181349
-0.0205321
-0.022984
-0.0254725
-0.0279797
-0.0304882
-0.0329811
-0.0354419
-0.0378542
-0.040202
-0.0424696
-0.0446413
-0.0467018
-0.048636
-0.0504291
-0.0520668
-0.0535351
-0.0548208
-0.0559115
-0.0567957
-0.057463
-0.0579044
-0.0581122
-0.0580808
-0.057806
-0.0572861
-0.0565213
-0.0555142
-0.05427
-0.0527964
-0.0511034
-0.0492041
-0.0471137
-0.0448501
-0.0424334
-0.039886
-0.0372322
-0.034498
-0.0317106
-0.0288984
-0.0260901
-0.023315
-0.0206016
-0.0179779
-0.0154704
-0.013104
-0.0109011
-0.00888108
-0.00706022
-0.00545071
-0.0040604
-0.00289229
-0.00194409
-0.00120786
-0.000669659
-0.000309285
-9.99045e-05
-7.73348e-06
6.85683e-06
-3.6336e-05
-0.000266908
-0.000793647
-0.00158542
-0.00262807
-0.00391404
-0.00543135
-0.00716473
-0.00909686
-0.0112089
-0.0134808
-0.0158921
-0.0184218
-0.0210492
-0.0237535
-0.0265146
-0.0293126
-0.032128
-0.034942
-0.0377358
-0.0404914
-0.0431907
-0.0458161
-0.0483503
-0.050776
-0.0530763
-0.0552347
-0.0572349
-0.0590611
-0.0606982
-0.0621317
-0.063348
-0.0643346
-0.0650803
-0.0655752
-0.0658113
-0.0657821
-0.0654834
-0.0649132
-0.0640717
-0.0629619
-0.0615893
-0.0599621
-0.0580913
-0.0559908
-0.0536772
-0.0511696
-0.0484899
-0.0456623
-0.042713
-0.0396702
-0.0365635
-0.0334238
-0.0302824
-0.0271712
-0.0241214
-0.0211638
-0.0183277
-0.0156403
-0.0131267
-0.0108088
-0.00870477
-0.00682893
-0.00519088
-0.00379522
-0.00264112
-0.00172199
-0.00102527
-0.000532141
-0.000217248
-5.0477e-05
-8.79343e-08
-4.70547e-05
-0.00033259
-0.000971693
-0.00191691
-0.00314424
-0.00464032
-0.00638833
-0.00836899
-0.0105618
-0.0129454
-0.0154976
-0.0181959
-0.021018
-0.0239414
-0.026944
-0.0300042
-0.0331007
-0.0362127
-0.0393199
-0.0424021
-0.0454399
-0.0484138
-0.0513047
-0.0540939
-0.0567627
-0.059293
-0.0616667
-0.0638663
-0.0658749
-0.067676
-0.0692542
-0.0705947
-0.0716842
-0.0725106
-0.0730633
-0.0733335
-0.0733144
-0.0730013
-0.072392
-0.0714866
-0.0702881
-0.0688022
-0.0670375
-0.0650056
-0.0627211
-0.0602014
-0.057467
-0.0545409
-0.051449
-0.0482192
-0.0448817
-0.0414681
-0.0380116
-0.0345459
-0.0311055
-0.0277243
-0.0244356
-0.0212715
-0.018262
-0.0154345
-0.0128136
-0.0104199
-0.00826989
-0.00637531
-0.00474272
-0.00337317
-0.00226188
-0.00139814
-0.000764997
-0.000339021
-9.41945e-05
-6.94674e-06
-5.73274e-05
-0.000396557
-0.00114642
-0.00224372
-0.00365471
-0.00536007
-0.00733788
-0.00956456
-0.0120162
-0.0146685
-0.0174972
-0.0204779
-0.0235865
-0.0267989
-0.0300919
-0.0334425
-0.0368282
-0.0402268
-0.0436169
-0.0469772
-0.0502868
-0.0535252
-0.056672
-0.0597072
-0.062611
-0.065364
-0.0679469
-0.0703412
-0.0725287
-0.074492
-0.0762145
-0.0776806
-0.0788761
-0.0797879
-0.0804048
-0.0807173
-0.080718
-0.0804017
-0.0797657
-0.07881
-0.0775374
-0.0759535
-0.0740671
-0.0718901
-0.0694376
-0.0667276
-0.0637816
-0.0606236
-0.0572807
-0.0537824
-0.0501606
-0.046449
-0.0426827
-0.0388979
-0.0351315
-0.03142
-0.0277996
-0.0243049
-0.0209688
-0.0178217
-0.0148906
-0.012199
-0.00976582
-0.00760534
-0.00572644
-0.00413241
-0.00282069
-0.0017828
-0.00100398
-0.000463009
-0.000138069
-1.36038e-05
-6.71718e-05
-0.00045858
-0.00131681
-0.00256362
-0.00415577
-0.00606797
-0.00827307
-0.0107431
-0.0134504
-0.0163679
-0.0194688
-0.0227268
-0.0261159
-0.0296109
-0.0331871
-0.0368203
-0.0404868
-0.0441635
-0.0478279
-0.0514576
-0.0550306
-0.0585254
-0.0619206
-0.065195
-0.0683279
-0.0712986
-0.0740872
-0.0766738
-0.0790393
-0.0811653
-0.0830343
-0.0846299
-0.0859367
-0.086941
-0.0876307
-0.0879955
-0.0880274
-0.0877206
-0.0870717
-0.0860803
-0.0847489
-0.0830827
-0.0810906
-0.0787843
-0.0761792
-0.0732938
-0.07015
-0.0667728
-0.0631903
-0.0594333
-0.0555352
-0.0515316
-0.0474597
-0.043358
-0.0392656
-0.035222
-0.0312661
-0.0274354
-0.0237658
-0.0202907
-0.0170403
-0.0140408
-0.0113143
-0.00887774
-0.00674273
-0.00491519
-0.00339513
-0.00217658
-0.00124725
-0.0005882
-0.000181774
-2.00328e-05
-7.66125e-05
-0.000518556
-0.00148228
-0.00287517
-0.00464487
-0.0067602
-0.00918879
-0.0118981
-0.0148569
-0.018035
-0.0214031
-0.0249329
-0.0285967
-0.0323678
-0.0362203
-0.0401288
-0.0440688
-0.0480161
-0.0519472
-0.055839
-0.0596685
-0.0634132
-0.067051
-0.0705597
-0.0739177
-0.0771035
-0.0800961
-0.0828747
-0.0854195
-0.0877111
-0.0897309
-0.0914618
-0.0928874
-0.0939932
-0.0947662
-0.0951953
-0.0952715
-0.0949883
-0.0943417
-0.0933304
-0.0919563
-0.0902243
-0.0881427
-0.0857231
-0.0829807
-0.0799342
-0.0766058
-0.0730211
-0.069209
-0.0652015
-0.0610334
-0.056742
-0.0523663
-0.0479474
-0.0435268
-0.0391467
-0.0348489
-0.0306744
-0.026662
-0.0228486
-0.0192676
-0.0159488
-0.0129173
-0.0101934
-0.00779168
-0.00572115
-0.00398462
-0.00257895
-0.00149441
-0.000714438
-0.000225311
-2.62602e-05
-8.56711e-05
-0.000576436
-0.00164245
-0.00317741
-0.00512019
-0.00743394
-0.0100811
-0.0130247
-0.0162298
-0.019663
-0.0232926
-0.0270882
-0.0310204
-0.0350611
-0.0391831
-0.0433601
-0.0475666
-0.0517777
-0.0559689
-0.0601164
-0.0641966
-0.0681862
-0.0720621
-0.0758018
-0.0793825
-0.0827822
-0.0859789
-0.0889512
-0.0916783
-0.09414
-0.0963169
-0.0981908
-0.0997446
-0.100963
-0.101831
-0.102338
-0.102473
-0.10223
-0.101602
-0.100587
-0.099188
-0.0974074
-0.0952533
-0.0927367
-0.0898726
-0.0866793
-0.0831793
-0.0793983
-0.0753661
-0.0711154
-0.0666823
-0.0621057
-0.0574267
-0.0526885
-0.0479355
-0.0432125
-0.0385648
-0.0340363
-0.0296699
-0.0255058
-0.0215813
-0.0179298
-0.0145802
-0.0115564
-0.00887637
-0.00655249
-0.00459074
-0.00299097
-0.00174621
-0.00084217
-0.0002689
-3.23446e-05
-9.43629e-05
-0.000632182
-0.00179703
-0.00346957
-0.00558033
-0.00808696
-0.0109469
-0.0141188
-0.0175639
-0.0212459
-0.0251306
-0.0291853
-0.0333792
-0.0376827
-0.0420675
-0.0465063
-0.0509727
-0.055441
-0.0598863
-0.064284
-0.0686099
-0.0728401
-0.076951
-0.0809192
-0.0847216
-0.0883353
-0.0917377
-0.0949067
-0.0978206
-0.100459
-0.1028
-0.104826
-0.106519
-0.107862
-0.10884
-0.10944
-0.10965
-0.109463
-0.108871
-0.107873
-0.106466
-0.104655
-0.102447
-0.0998504
-0.0968807
-0.0935556
-0.0898971
-0.0859313
-0.0816881
-0.0772011
-0.0725076
-0.0676478
-0.062665
-0.0576044
-0.0525133
-0.0474397
-0.042432
-0.0375381
-0.0328045
-0.0282756
-0.0239929
-0.0199937
-0.0163113
-0.0129734
-0.0100022
-0.00741341
-0.00521663
-0.00341493
-0.00200414
-0.000972274
-0.000312913
-3.83639e-05
-0.000102695
-0.00068575
-0.00194578
-0.00375103
-0.00602409
-0.00871736
-0.0117835
-0.0151767
-0.0188549
-0.0227786
-0.0269111
-0.0312178
-0.0356661
-0.0402252
-0.0448657
-0.0495593
-0.054279
-0.0589985
-0.0636921
-0.0683348
-0.072902
-0.0773693
-0.0817125
-0.0859079
-0.0899317
-0.0937605
-0.0973712
-0.100741
-0.103847
-0.106669
-0.109184
-0.111373
-0.113218
-0.114699
-0.115801
-0.11651
-0.116813
-0.116701
-0.116165
-0.115201
-0.113807
-0.111986
-0.109742
-0.107084
-0.104026
-0.100585
-0.0967818
-0.0926431
-0.0881987
-0.0834827
-0.0785332
-0.0733921
-0.0681044
-0.0627178
-0.0572823
-0.0518492
-0.0464705
-0.0411981
-0.0360827
-0.0311734
-0.0265159
-0.0221525
-0.0181209
-0.0144533
-0.0111763
-0.00830962
-0.00586669
-0.00385399
-0.00227032
-0.00110593
-0.000357822
-4.44083e-05
-0.000110668
-0.00073708
-0.00208844
-0.00402118
-0.00645037
-0.00932341
-0.0125883
-0.0161953
-0.0200987
-0.0242561
-0.0286284
-0.0331792
-0.0378742
-0.0426812
-0.0475699
-0.0525112
-0.0574774
-0.0624417
-0.067378
-0.0722608
-0.0770651
-0.0817662
-0.0863396
-0.0907611
-0.0950067
-0.0990524
-0.102875
-0.10645
-0.109755
-0.112768
-0.115467
-0.117831
-0.11984
-0.121474
-0.122717
-0.123553
-0.123967
-0.123949
-0.123489
-0.122581
-0.121221
-0.11941
-0.117151
-0.114451
-0.111323
-0.107783
-0.103851
-0.0995525
-0.0949175
-0.0899805
-0.0847804
-0.0793603
-0.0737669
-0.0680506
-0.062264
-0.056462
-0.0507005
-0.0450356
-0.0395228
-0.0342158
-0.0291657
-0.0244198
-0.0200209
-0.0160063
-0.0124072
-0.009248
-0.00654619
-0.00431198
-0.00254725
-0.00124454
-0.000404168
-5.05757e-05
-0.000118276
-0.000786088
-0.00222471
-0.0042794
-0.00685808
-0.00990343
-0.0133591
-0.0171714
-0.0212913
-0.0256737
-0.0302772
-0.0350634
-0.0399964
-0.0450431
-0.0501721
-0.0553536
-0.0605592
-0.0657617
-0.0709348
-0.0760526
-0.0810898
-0.0860216
-0.0908232
-0.0954701
-0.099938
-0.104203
-0.10824
-0.112026
-0.115537
-0.118751
-0.121643
-0.124194
-0.12638
-0.128183
-0.129584
-0.130565
-0.13111
-0.131207
-0.130845
-0.130014
-0.128711
-0.126932
-0.12468
-0.12196
-0.118782
-0.115161
-0.111117
-0.106673
-0.10186
-0.0967115
-0.0912672
-0.0855713
-0.0796725
-0.0736232
-0.0674792
-0.0612989
-0.0551424
-0.0490704
-0.0431434
-0.0374206
-0.0319585
-0.0268103
-0.0220244
-0.0176435
-0.0137044
-0.0102362
-0.00726107
-0.00479319
-0.00283775
-0.00138964
-0.000452542
-5.69681e-05
-0.000125505
-0.00083267
-0.00235428
-0.00452501
-0.00724606
-0.0104557
-0.0140935
-0.018102
-0.022429
-0.0270269
-0.031852
-0.0368641
-0.0420261
-0.0473035
-0.0526641
-0.0580776
-0.063515
-0.0689489
-0.0743524
-0.0796998
-0.0849655
-0.0901245
-0.0951519
-0.100023
-0.104714
-0.109199
-0.113455
-0.117457
-0.121181
-0.124604
-0.127701
-0.13045
-0.132829
-0.134816
-0.136392
-0.137537
-0.138234
-0.138467
-0.138225
-0.137496
-0.136272
-0.134549
-0.132328
-0.12961
-0.126405
-0.122724
-0.118586
-0.114014
-0.109037
-0.103688
-0.0980074
-0.0920407
-0.0858379
-0.0794536
-0.0729467
-0.0663793
-0.0598158
-0.0533219
-0.0469636
-0.0408058
-0.0349114
-0.0293396
-0.0241452
-0.0193772
-0.015078
-0.0112826
-0.00801775
-0.00530226
-0.00314484
-0.00154288
-0.000503563
-6.36906e-05
-0.000132339
-0.000876701
-0.00247677
-0.00475729
-0.00761315
-0.0109785
-0.014789
-0.0189839
-0.0235079
-0.028311
-0.0333474
-0.0385752
-0.0439561
-0.0494545
-0.0550375
-0.0606741
-0.066335
-0.0719925
-0.0776197
-0.0831906
-0.0886797
-0.094062
-0.0993126
-0.104407
-0.10932
-0.114028
-0.118505
-0.122728
-0.126671
-0.130311
-0.133623
-0.136583
-0.139168
-0.141356
-0.143124
-0.144452
-0.145321
-0.145714
-0.145615
-0.145011
-0.143892
-0.142251
-0.140085
-0.137395
-0.134185
-0.130468
-0.126257
-0.121576
-0.116451
-0.110916
-0.10501
-0.0987798
-0.0922764
-0.0855568
-0.078683
-0.0717206
-0.0647388
-0.0578085
-0.0510016
-0.0443893
-0.0380411
-0.0320233
-0.0263976
-0.0212198
-0.0165388
-0.0123957
-0.00882295
-0.00584406
-0.00347169
-0.00170599
-0.000557874
-7.085e-05
-0.000138754
-0.000918037
-0.00259179
-0.00497545
-0.00795807
-0.01147
-0.0154433
-0.0198139
-0.024524
-0.0295212
-0.0347577
-0.0401903
-0.0457792
-0.0514881
-0.0572833
-0.0631333
-0.0690087
-0.0748814
-0.0807245
-0.0865121
-0.0922188
-0.0978195
-0.10329
-0.108605
-0.11374
-0.11867
-0.123372
-0.127819
-0.131988
-0.135853
-0.139389
-0.142571
-0.145376
-0.147779
-0.149757
-0.151288
-0.152351
-0.152925
-0.152993
-0.152539
-0.151551
-0.150018
-0.147934
-0.145298
-0.142111
-0.138382
-0.134123
-0.129354
-0.124101
-0.118396
-0.112279
-0.105795
-0.0989967
-0.091944
-0.0847011
-0.0773378
-0.0699276
-0.0625473
-0.0552747
-0.0481881
-0.0413643
-0.0348771
-0.0287958
-0.0231839
-0.0180976
-0.0135846
-0.00968359
-0.00642358
-0.00382156
-0.00188073
-0.00061613
-7.85538e-05
-0.000144726
-0.000956518
-0.00269889
-0.00517867
-0.00827952
-0.0119283
-0.0160537
-0.0205889
-0.0254735
-0.0306528
-0.0360775
-0.0417028
-0.0474881
-0.053396
-0.0593922
-0.065445
-0.0715247
-0.0776032
-0.0836536
-0.0896501
-0.0955674
-0.101381
-0.107066
-0.112598
-0.117953
-0.123106
-0.128033
-0.132708
-0.137106
-0.141202
-0.144971
-0.148387
-0.151424
-0.154057
-0.156262
-0.158014
-0.15929
-0.160068
-0.160328
-0.16005
-0.159219
-0.157822
-0.155849
-0.153296
-0.15016
-0.146446
-0.142166
-0.137334
-0.131976
-0.126122
-0.119809
-0.113085
-0.106002
-0.0986213
-0.0910101
-0.0832421
-0.0753955
-0.0675528
-0.0597985
-0.0522183
-0.0448967
-0.037916
-0.0313539
-0.0252822
-0.0197651
-0.0148581
-0.0106067
-0.00704591
-0.00419775
-0.00206889
-0.000678994
-8.69103e-05
-0.000150226
-0.000991976
-0.00279761
-0.00536609
-0.00857616
-0.0123514
-0.0166178
-0.0213056
-0.0263521
-0.0317009
-0.037301
-0.0431063
-0.0490752
-0.0551696
-0.0613548
-0.0675988
-0.0738716
-0.0801453
-0.0863931
-0.0925894
-0.0987092
-0.104728
-0.110622
-0.116367
-0.121938
-0.127312
-0.132463
-0.137366
-0.141998
-0.14633
-0.150339
-0.153996
-0.157277
-0.160154
-0.162601
-0.164592
-0.166102
-0.167106
-0.16758
-0.167504
-0.166859
-0.165626
-0.163794
-0.161354
-0.158299
-0.154632
-0.150359
-0.145494
-0.140057
-0.134077
-0.127591
-0.120644
-0.113289
-0.105589
-0.0976141
-0.0894407
-0.0811522
-0.0728369
-0.0645863
-0.0564939
-0.0486529
-0.0411543
-0.0340853
-0.0275268
-0.0215521
-0.0162251
-0.0115992
-0.00771616
-0.0046036
-0.00227228
-0.000747134
-9.60286e-05
-0.000155225
-0.00102424
-0.00288749
-0.00553685
-0.00884663
-0.0127376
-0.017133
-0.0219608
-0.0271561
-0.0326608
-0.0384226
-0.0443941
-0.0505329
-0.0568004
-0.0631614
-0.0695837
-0.0760373
-0.0824943
-0.0889283
-0.0953138
-0.101626
-0.107842
-0.113937
-0.119888
-0.12567
-0.13126
-0.136633
-0.141765
-0.14663
-0.151203
-0.155456
-0.159362
-0.162896
-0.166028
-0.168731
-0.170978
-0.17274
-0.17399
-0.174704
-0.174855
-0.174422
-0.173384
-0.171724
-0.169428
-0.166488
-0.162901
-0.158668
-0.153801
-0.148316
-0.142238
-0.135604
-0.128456
-0.120847
-0.112842
-0.104511
-0.0959355
-0.087203
-0.0784077
-0.0696485
-0.061027
-0.0526455
-0.0446049
-0.0370024
-0.0299294
-0.0234689
-0.0176944
-0.012668
-0.00843938
-0.00504244
-0.0024927
-0.000821224
-0.000106018
-0.000159693
-0.00105312
-0.00296807
-0.00569009
-0.00908961
-0.0130849
-0.0175968
-0.0225512
-0.0278814
-0.0335278
-0.0394366
-0.0455597
-0.0518538
-0.0582798
-0.0648022
-0.0713887
-0.0780093
-0.0846364
-0.0912438
-0.0978065
-0.104301
-0.110702
-0.116989
-0.123137
-0.129123
-0.134923
-0.140514
-0.145871
-0.150969
-0.155781
-0.160281
-0.164442
-0.168235
-0.171631
-0.174603
-0.177119
-0.17915
-0.180668
-0.181642
-0.182046
-0.181853
-0.181038
-0.179581
-0.177464
-0.174674
-0.171202
-0.167046
-0.162212
-0.156713
-0.150572
-0.143819
-0.136497
-0.128658
-0.120365
-0.111693
-0.102723
-0.0935481
-0.0842691
-0.0749918
-0.0658264
-0.056885
-0.0482791
-0.0401168
-0.0325008
-0.0255253
-0.0192744
-0.01382
-0.00922057
-0.00551755
-0.00273197
-0.000901934
-0.00011699
-0.000163601
-0.00107847
-0.0030389
-0.00582499
-0.00930382
-0.0133915
-0.0180069
-0.0230739
-0.0285244
-0.0342972
-0.0403377
-0.0465968
-0.0530305
-0.0595993
-0.0662675
-0.0730028
-0.0797753
-0.0865577
-0.0933241
-0.10005
-0.106712
-0.113288
-0.119754
-0.126088
-0.132268
-0.13827
-0.144072
-0.149648
-0.154974
-0.160024
-0.164771
-0.169187
-0.173244
-0.176912
-0.18016
-0.182958
-0.185273
-0.187075
-0.188332
-0.189011
-0.189085
-0.188524
-0.187302
-0.185398
-0.182794
-0.179475
-0.175435
-0.170674
-0.1652
-0.159032
-0.152197
-0.144734
-0.136693
-0.128138
-0.119142
-0.109791
-0.100182
-0.0904197
-0.0806187
-0.0708978
-0.0613794
-0.0521861
-0.0434383
-0.0352508
-0.0277304
-0.0209729
-0.0150615
-0.0100646
-0.00603219
-0.00299187
-0.000989937
-0.000129056
-0.000166921
-0.00110011
-0.00309956
-0.0059408
-0.00948809
-0.0136558
-0.018361
-0.0235261
-0.0290815
-0.0349649
-0.0411208
-0.0474992
-0.0540558
-0.0607506
-0.0675479
-0.0744151
-0.081323
-0.0882442
-0.0951534
-0.102027
-0.108842
-0.115576
-0.122208
-0.128715
-0.135077
-0.141269
-0.147271
-0.153058
-0.158605
-0.163887
-0.168877
-0.173547
-0.177869
-0.181811
-0.185342
-0.188431
-0.191043
-0.193144
-0.1947
-0.195678
-0.196044
-0.195765
-0.194811
-0.193155
-0.190774
-0.187648
-0.183765
-0.17912
-0.173715
-0.167563
-0.160686
-0.153121
-0.144914
-0.136127
-0.126834
-0.117122
-0.107091
-0.0968521
-0.0865266
-0.0762426
-0.066133
-0.0563327
-0.0469748
-0.038188
-0.0300925
-0.0227975
-0.0163987
-0.0109762
-0.00658954
-0.00327417
-0.0010859
-0.000142328
-0.00016963
-0.00111793
-0.0031497
-0.00603685
-0.00964141
-0.0138763
-0.0186572
-0.0239052
-0.0295496
-0.035527
-0.0417812
-0.0482616
-0.0549232
-0.0617261
-0.0686342
-0.0756154
-0.0826403
-0.0896822
-0.0967164
-0.10372
-0.11067
-0.117546
-0.124326
-0.130991
-0.137518
-0.143887
-0.150076
-0.15606
-0.161818
-0.167323
-0.172549
-0.177468
-0.182051
-0.186267
-0.190084
-0.193469
-0.196385
-0.198798
-0.200671
-0.201966
-0.202647
-0.202677
-0.202022
-0.200649
-0.19853
-0.195639
-0.191958
-0.187474
-0.182185
-0.176096
-0.169226
-0.161603
-0.153273
-0.144292
-0.134734
-0.124688
-0.114255
-0.103552
-0.0927074
-0.0818574
-0.0711466
-0.0607224
-0.0507322
-0.0413191
-0.0326186
-0.0247548
-0.0178374
-0.0119597
-0.00719267
-0.0035806
-0.0011905
-0.000156923
-0.000171706
-0.00113179
-0.00318903
-0.00611262
-0.00976296
-0.0140519
-0.018894
-0.0242092
-0.029926
-0.0359803
-0.0423149
-0.0488789
-0.0556269
-0.0625187
-0.0695184
-0.0765938
-0.083716
-0.0908587
-0.0979978
-0.105111
-0.112177
-0.119174
-0.126085
-0.132887
-0.139563
-0.14609
-0.152448
-0.158616
-0.164569
-0.170284
-0.175735
-0.180893
-0.185731
-0.190216
-0.194317
-0.197998
-0.201224
-0.203957
-0.206158
-0.207787
-0.208804
-0.209169
-0.208843
-0.207787
-0.205968
-0.203355
-0.199921
-0.195648
-0.190526
-0.184553
-0.177741
-0.170113
-0.161707
-0.152579
-0.142798
-0.132452
-0.121646
-0.110499
-0.0991461
-0.0877334
-0.0764164
-0.0653556
-0.0547134
-0.0446491
-0.0353146
-0.0268506
-0.0193829
-0.0130196
-0.00784454
-0.00391287
-0.0013044
-0.000172958
-0.000173135
-0.00114163
-0.00321735
-0.00616775
-0.00985215
-0.0141817
-0.0190701
-0.0244366
-0.0302089
-0.0363221
-0.0427186
-0.049347
-0.0561617
-0.0631222
-0.0701928
-0.0773415
-0.0845396
-0.0917616
-0.0989837
-0.106185
-0.113344
-0.120441
-0.127459
-0.134378
-0.14118
-0.147845
-0.154353
-0.160683
-0.166814
-0.172722
-0.178381
-0.183765
-0.188845
-0.193591
-0.197969
-0.201944
-0.205479
-0.208536
-0.211073
-0.213049
-0.21442
-0.215141
-0.215171
-0.214465
-0.212985
-0.210691
-0.207552
-0.203541
-0.19864
-0.19284
-0.186144
-0.178569
-0.170145
-0.160923
-0.150968
-0.140367
-0.129224
-0.117662
-0.105821
-0.0938557
-0.0819335
-0.0702285
-0.0589186
-0.0481806
-0.0381847
-0.0290898
-0.0210398
-0.0141595
-0.00854796
-0.00427263
-0.00142825
-0.00019055
-0.00017391
-0.0011474
-0.00323456
-0.00620205
-0.00990871
-0.0142652
-0.019185
-0.0245865
-0.0303968
-0.0365506
-0.0429899
-0.0496628
-0.0565236
-0.0635317
-0.0706513
-0.0778508
-0.085102
-0.0923797
-0.0996611
-0.106925
-0.114153
-0.121326
-0.128427
-0.135437
-0.14234
-0.149118
-0.155752
-0.162222
-0.168507
-0.174586
-0.180435
-0.186026
-0.191332
-0.196324
-0.200967
-0.205228
-0.209068
-0.212448
-0.215325
-0.217655
-0.219392
-0.22049
-0.2209
-0.220574
-0.219468
-0.217536
-0.214739
-0.211043
-0.206421
-0.200854
-0.194338
-0.186879
-0.178502
-0.169248
-0.159178
-0.148374
-0.13694
-0.125001
-0.112701
-0.100202
-0.0876833
-0.0753325
-0.0633442
-0.0519138
-0.0412312
-0.031476
-0.0228118
-0.015383
-0.00930555
-0.00466146
-0.0015627
-0.000209824
-0.000174028
-0.00114911
-0.00324069
-0.00621559
-0.00993272
-0.0143027
-0.0192386
-0.0246586
-0.0304893
-0.0366652
-0.0431276
-0.0498245
-0.05671
-0.0637434
-0.0708891
-0.0781157
-0.0853955
-0.0927038
-0.100019
-0.10732
-0.11459
-0.121811
-0.128966
-0.13604
-0.143017
-0.149879
-0.156611
-0.163193
-0.169607
-0.175831
-0.181843
-0.187619
-0.19313
-0.198348
-0.20324
-0.207772
-0.211907
-0.215603
-0.218818
-0.221506
-0.223619
-0.225106
-0.225917
-0.225998
-0.2253
-0.22377
-0.221363
-0.218034
-0.213749
-0.20848
-0.202211
-0.194939
-0.186679
-0.177464
-0.167346
-0.156404
-0.144736
-0.132468
-0.119747
-0.106743
-0.0936448
-0.080654
-0.0679826
-0.0558456
-0.0444545
-0.0340113
-0.0247022
-0.016693
-0.0101197
-0.00508086
-0.0017084
-0.000230902
-0.0001735
-0.00114683
-0.00323593
-0.00620871
-0.00992466
-0.0142946
-0.0192316
-0.0246537
-0.0304872
-0.0366662
-0.0431318
-0.0498316
-0.0567197
-0.0637554
-0.0709031
-0.0781318
-0.0854143
-0.0927264
-0.100047
-0.107357
-0.11464
-0.121878
-0.129058
-0.136165
-0.143184
-0.1501
-0.156898
-0.163561
-0.170072
-0.176411
-0.182558
-0.188489
-0.194178
-0.199598
-0.204717
-0.209501
-0.213914
-0.217915
-0.22146
-0.224503
-0.226994
-0.22888
-0.230107
-0.230619
-0.230358
-0.229268
-0.227295
-0.224387
-0.220499
-0.215593
-0.209642
-0.202633
-0.194568
-0.18547
-0.175382
-0.164374
-0.15254
-0.140002
-0.126911
-0.113441
-0.09979
-0.0861737
-0.0728216
-0.0599696
-0.0478523
-0.0366962
-0.0267127
-0.018092
-0.0109925
-0.00553223
-0.00186594
-0.00025391
-0.000172344
-0.00114068
-0.00322062
-0.00618204
-0.0098855
-0.0142423
-0.0191657
-0.0245736
-0.0303923
-0.0365554
-0.0430039
-0.0496853
-0.0565533
-0.0635674
-0.0706922
-0.0778969
-0.0851546
-0.0924422
-0.0997391
-0.107027
-0.114291
-0.121516
-0.128687
-0.135793
-0.142819
-0.149754
-0.156583
-0.163292
-0.169865
-0.176284
-0.182531
-0.188585
-0.194421
-0.200012
-0.20533
-0.210342
-0.215011
-0.219298
-0.22316
-0.226549
-0.229415
-0.231703
-0.233356
-0.234315
-0.234518
-0.233901
-0.232405
-0.229968
-0.226536
-0.22206
-0.216501
-0.209834
-0.202048
-0.193152
-0.18318
-0.17219
-0.160269
-0.147534
-0.134135
-0.120249
-0.106083
-0.0918656
-0.0778441
-0.0642756
-0.0514196
-0.0395295
-0.0288443
-0.0195817
-0.0119257
-0.00601685
-0.00203594
-0.000278978
-0.000170591
-0.00113086
-0.00319531
-0.00613657
-0.00981674
-0.0141478
-0.0190432
-0.0244211
-0.0302075
-0.0363361
-0.0427473
-0.0493885
-0.0562135
-0.0631815
-0.0702575
-0.0774109
-0.0846154
-0.0918485
-0.0990906
-0.106325
-0.113536
-0.120712
-0.127839
-0.134907
-0.141904
-0.148819
-0.155641
-0.162356
-0.168952
-0.175413
-0.181723
-0.187861
-0.193806
-0.199535
-0.205018
-0.210226
-0.215124
-0.219673
-0.223831
-0.227551
-0.230782
-0.233468
-0.235552
-0.236969
-0.237654
-0.23754
-0.236558
-0.234639
-0.23172
-0.227741
-0.222649
-0.216406
-0.208987
-0.200387
-0.190625
-0.179747
-0.167828
-0.15498
-0.141348
-0.12711
-0.112479
-0.097697
-0.083027
-0.0687488
-0.0551482
-0.0425075
-0.0310963
-0.0211631
-0.0129208
-0.00653585
-0.00221896
-0.000306235
-0.000168286
-0.00111765
-0.00316075
-0.00607369
-0.00972046
-0.0140138
-0.0188677
-0.0242003
-0.0299377
-0.0360131
-0.0423669
-0.0489464
-0.0557049
-0.062602
-0.0696026
-0.0766766
-0.0837982
-0.0909457
-0.0981003
-0.105246
-0.11237
-0.11946
-0.126505
-0.133496
-0.140423
-0.147278
-0.15405
-0.16073
-0.167307
-0.173767
-0.180095
-0.186276
-0.19229
-0.198115
-0.203725
-0.209093
-0.214185
-0.218966
-0.223393
-0.227421
-0.231001
-0.234075
-0.236585
-0.238465
-0.239646
-0.240056
-0.239621
-0.238264
-0.235912
-0.232492
-0.227942
-0.222207
-0.215247
-0.207041
-0.19759
-0.186927
-0.175113
-0.162248
-0.148471
-0.133958
-0.118927
-0.103628
-0.0883415
-0.07337
-0.0590264
-0.0456242
-0.0334666
-0.0228361
-0.0139786
-0.00709017
-0.00241551
-0.000335811
-0.000165486
-0.00110142
-0.00311792
-0.00599522
-0.00959941
-0.0138441
-0.0186438
-0.0239168
-0.0295889
-0.0355933
-0.0418701
-0.0483661
-0.0550348
-0.0618357
-0.0687339
-0.0756996
-0.0827077
-0.0897371
-0.0967701
-0.103792
-0.110791
-0.117756
-0.124679
-0.131551
-0.138367
-0.145117
-0.151796
-0.158396
-0.164906
-0.171319
-0.17762
-0.183798
-0.189834
-0.19571
-0.201404
-0.20689
-0.212137
-0.217112
-0.221775
-0.226083
-0.229987
-0.233431
-0.236356
-0.238696
-0.240378
-0.241328
-0.241465
-0.240706
-0.238969
-0.23617
-0.232233
-0.227089
-0.220681
-0.21297
-0.20394
-0.193603
-0.182006
-0.169233
-0.155412
-0.140717
-0.125363
-0.109609
-0.0937518
-0.0781145
-0.0630387
-0.048871
-0.0359511
-0.0245998
-0.0150996
-0.00768056
-0.00262607
-0.000367837
-0.000162266
-0.00108262
-0.00306809
-0.00590344
-0.00945709
-0.0136435
-0.0183776
-0.0235776
-0.0291694
-0.0350856
-0.0412661
-0.0476575
-0.0542131
-0.0608924
-0.0676607
-0.0744886
-0.0813517
-0.0882296
-0.0951058
-0.101967
-0.108802
-0.115602
-0.12236
-0.129071
-0.135729
-0.14233
-0.148868
-0.155339
-0.161735
-0.168051
-0.174276
-0.180399
-0.186409
-0.192287
-0.198016
-0.203573
-0.20893
-0.214056
-0.218916
-0.223469
-0.227666
-0.231455
-0.234776
-0.237563
-0.239744
-0.24124
-0.241967
-0.241835
-0.240754
-0.238631
-0.235376
-0.230904
-0.225141
-0.218029
-0.209531
-0.19964
-0.18838
-0.17582
-0.162071
-0.147299
-0.131715
-0.115585
-0.0992153
-0.0829521
-0.0671651
-0.0522361
-0.0385442
-0.026452
-0.0162836
-0.00830753
-0.00285108
-0.000402442
-0.000158716
-0.00106183
-0.00301279
-0.0058012
-0.0092978
-0.0134178
-0.0180763
-0.0231916
-0.0286891
-0.034501
-0.0405669
-0.046833
-0.0532525
-0.0597848
-0.0663955
-0.0730557
-0.0797416
-0.0864338
-0.0931167
-0.0997783
-0.106409
-0.113003
-0.119553
-0.126057
-0.132512
-0.138914
-0.145263
-0.151554
-0.157785
-0.163952
-0.170047
-0.176065
-0.181994
-0.187822
-0.193534
-0.19911
-0.204527
-0.209757
-0.214769
-0.219523
-0.223976
-0.228076
-0.231766
-0.234982
-0.237649
-0.239689
-0.241014
-0.24153
-0.241139
-0.239738
-0.237225
-0.233501
-0.228474
-0.222064
-0.214215
-0.204892
-0.1941
-0.181883
-0.168336
-0.153607
-0.137904
-0.121489
-0.104682
-0.0878466
-0.0713813
-0.0557045
-0.0412376
-0.0283893
-0.0175298
-0.00897131
-0.00309088
-0.000439756
-0.000154948
-0.00103973
-0.0029539
-0.00569193
-0.00912674
-0.013174
-0.0177489
-0.0227693
-0.0281601
-0.0338531
-0.039787
-0.0459079
-0.0521686
-0.0585287
-0.0649541
-0.0714163
-0.0778923
-0.0843638
-0.0908163
-0.0972393
-0.103625
-0.109968
-0.116266
-0.122517
-0.12872
-0.134875
-0.140982
-0.147043
-0.153055
-0.159019
-0.164931
-0.170786
-0.17658
-0.182302
-0.187941
-0.193481
-0.198904
-0.204186
-0.209298
-0.214206
-0.21887
-0.223241
-0.227266
-0.23088
-0.234014
-0.236586
-0.238507
-0.239681
-0.240003
-0.239362
-0.237645
-0.234738
-0.230532
-0.224926
-0.217839
-0.209213
-0.199024
-0.187291
-0.174085
-0.159536
-0.143837
-0.127248
-0.110094
-0.0927553
-0.075658
-0.0592578
-0.0440212
-0.0304069
-0.0188366
-0.00967184
-0.00334576
-0.000479905
-0.000151095
-0.00101716
-0.00289364
-0.0055797
-0.00895011
-0.0129207
-0.017406
-0.0223236
-0.0275972
-0.0331578
-0.0389438
-0.0449004
-0.0509804
-0.0571435
-0.0633558
-0.0695896
-0.0758226
-0.0820377
-0.088222
-0.0943662
-0.100465
-0.106514
-0.112513
-0.118463
-0.124365
-0.130221
-0.136036
-0.141812
-0.147552
-0.153257
-0.158928
-0.164565
-0.170165
-0.175723
-0.181231
-0.186678
-0.19205
-0.197326
-0.202484
-0.207492
-0.212316
-0.216912
-0.221228
-0.225205
-0.228774
-0.231856
-0.234362
-0.236194
-0.237241
-0.237387
-0.236509
-0.23448
-0.231171
-0.226465
-0.220252
-0.21245
-0.203004
-0.191903
-0.17919
-0.164969
-0.149416
-0.13278
-0.115386
-0.0976293
-0.0799607
-0.0628736
-0.0468819
-0.0324983
-0.0202016
-0.0104087
-0.00361594
-0.000523011
-0.000147311
-0.000995082
-0.00283465
-0.00546936
-0.00877525
-0.0126676
-0.0170602
-0.0218692
-0.0270172
-0.0324342
-0.0380575
-0.043832
-0.0497102
-0.0556518
-0.0616235
-0.0675982
-0.0735549
-0.0794777
-0.0853551
-0.0911798
-0.0969478
-0.102658
-0.108312
-0.113912
-0.119463
-0.12497
-0.13044
-0.135877
-0.141289
-0.146679
-0.152053
-0.157413
-0.162761
-0.168095
-0.173412
-0.178705
-0.183965
-0.189176
-0.19432
-0.199372
-0.204301
-0.209067
-0.213626
-0.21792
-0.221886
-0.225446
-0.228514
-0.23099
-0.232764
-0.233712
-0.233704
-0.2326
-0.230258
-0.226537
-0.221307
-0.214453
-0.205891
-0.195576
-0.183515
-0.169784
-0.154532
-0.137992
-0.120485
-0.102413
-0.0842498
-0.0665259
-0.0498042
-0.0346558
-0.0216218
-0.0111813
-0.00390153
-0.000569198
-0.000143783
-0.000974653
-0.00278003
-0.00536659
-0.00861075
-0.0124265
-0.016726
-0.0214235
-0.0264401
-0.0317041
-0.0371519
-0.0427277
-0.0483837
-0.0540799
-0.0597835
-0.0654686
-0.0711154
-0.0767093
-0.0822408
-0.0877046
-0.0930988
-0.0984247
-0.103686
-0.108888
-0.114038
-0.119144
-0.124214
-0.129259
-0.134287
-0.139306
-0.144325
-0.14935
-0.154385
-0.159435
-0.164501
-0.169579
-0.174665
-0.179749
-0.184818
-0.189851
-0.194824
-0.199703
-0.204448
-0.209008
-0.213323
-0.21732
-0.220916
-0.224013
-0.2265
-0.228252
-0.229131
-0.228988
-0.227668
-0.225011
-0.220861
-0.215076
-0.207536
-0.198161
-0.18692
-0.17385
-0.159069
-0.142787
-0.12531
-0.107043
-0.08848
-0.0701845
-0.0527701
-0.0368698
-0.0230931
-0.0119885
-0.00420259
-0.000618586
-0.000140728
-0.000957221
-0.00273343
-0.00527803
-0.00846665
-0.012211
-0.0164204
-0.0210068
-0.0258887
-0.0309928
-0.0362539
-0.0416157
-0.0470301
-0.0524575
-0.057866
-0.0632308
-0.0685336
-0.0737619
-0.0789081
-0.0839691
-0.0889455
-0.093841
-0.0986619
-0.103416
-0.108115
-0.112767
-0.117387
-0.121985
-0.126573
-0.131165
-0.135772
-0.140403
-0.145067
-0.149773
-0.154525
-0.159326
-0.164176
-0.16907
-0.173999
-0.17895
-0.183904
-0.188833
-0.193703
-0.19847
-0.203078
-0.207462
-0.211543
-0.215225
-0.2184
-0.220943
-0.222712
-0.223552
-0.223295
-0.221765
-0.218782
-0.214176
-0.207792
-0.199511
-0.18926
-0.177032
-0.162905
-0.147057
-0.129773
-0.111452
-0.0926007
-0.073815
-0.0557584
-0.039129
-0.0246106
-0.0128289
-0.0045191
-0.000671295
-0.0001384
-0.000944375
-0.00269913
-0.00521147
-0.00835464
-0.0120366
-0.0161631
-0.020642
-0.0253892
-0.0303288
-0.0353942
-0.040528
-0.0456823
-0.050818
-0.0559043
-0.060918
-0.0658427
-0.070668
-0.0753889
-0.0800048
-0.084519
-0.088938
-0.0932708
-0.0975288
-0.101725
-0.105873
-0.109988
-0.114085
-0.118181
-0.12229
-0.126427
-0.130607
-0.134842
-0.139144
-0.143522
-0.147984
-0.152535
-0.157174
-0.1619
-0.166704
-0.171572
-0.176486
-0.181415
-0.186324
-0.191165
-0.195877
-0.200388
-0.204609
-0.208434
-0.211742
-0.214389
-0.216217
-0.217048
-0.216692
-0.214949
-0.211621
-0.206519
-0.199482
-0.190391
-0.17919
-0.165911
-0.150689
-0.133778
-0.115563
-0.0965557
-0.0773789
-0.0587452
-0.0414206
-0.0261688
-0.0137008
-0.004851
-0.000727452
-0.000137102
-0.000937986
-0.00268213
-0.005176
-0.00828834
-0.0119217
-0.0159764
-0.0203557
-0.0249714
-0.0297447
-0.034607
-0.0395004
-0.0443769
-0.0491983
-0.0539353
-0.0585666
-0.0630784
-0.0674629
-0.0717178
-0.0758457
-0.0798528
-0.0837487
-0.0875456
-0.0912579
-0.0949015
-0.0984937
-0.102053
-0.105597
-0.109145
-0.112717
-0.11633
-0.120002
-0.12375
-0.12759
-0.131536
-0.135598
-0.139787
-0.144109
-0.148566
-0.153157
-0.157873
-0.162702
-0.167623
-0.172606
-0.177611
-0.182586
-0.187465
-0.192167
-0.196593
-0.200625
-0.204124
-0.206927
-0.208854
-0.209703
-0.209256
-0.207291
-0.203585
-0.197934
-0.19017
-0.180186
-0.167956
-0.153564
-0.137224
-0.119295
-0.100284
-0.0808337
-0.0617041
-0.0437301
-0.0277612
-0.0146025
-0.00519818
-0.000787195
-0.000137196
-0.000940274
-0.00268837
-0.00518229
-0.00828362
-0.0118874
-0.0158865
-0.0201781
-0.0246689
-0.0292767
-0.0339308
-0.0385724
-0.0431539
-0.0476383
-0.0519985
-0.0562157
-0.0602789
-0.0641838
-0.0679314
-0.0715276
-0.0749821
-0.078308
-0.0815209
-0.0846383
-0.0876797
-0.0906656
-0.0936172
-0.0965566
-0.0995057
-0.102487
-0.105522
-0.108632
-0.111838
-0.11516
-0.118614
-0.122218
-0.125985
-0.129927
-0.134052
-0.138363
-0.14286
-0.147536
-0.152377
-0.157363
-0.16246
-0.167626
-0.172804
-0.177921
-0.182887
-0.187591
-0.191897
-0.195648
-0.198661
-0.200726
-0.201614
-0.201079
-0.198866
-0.194731
-0.188457
-0.179876
-0.168902
-0.155558
-0.140003
-0.12256
-0.103717
-0.0841326
-0.0646057
-0.0460416
-0.0293809
-0.0155318
-0.00556058
-0.000850681
-0.000139116
-0.000953883
-0.00272484
-0.00524292
-0.00835905
-0.0119579
-0.015923
-0.0201434
-0.0245197
-0.0289654
-0.0334077
-0.0377869
-0.0420563
-0.0461808
-0.0501357
-0.0539059
-0.0574838
-0.0608691
-0.0640667
-0.0670865
-0.0699422
-0.0726506
-0.075231
-0.0777047
-0.0800943
-0.0824239
-0.0847181
-0.0870019
-0.0893009
-0.0916404
-0.0940457
-0.0965416
-0.099152
-0.1019
-0.104808
-0.107896
-0.111183
-0.114685
-0.118414
-0.122381
-0.126592
-0.131046
-0.135737
-0.140651
-0.145766
-0.151048
-0.156449
-0.161907
-0.167342
-0.172652
-0.17771
-0.182365
-0.186435
-0.18971
-0.19195
-0.192891
-0.192253
-0.189751
-0.185117
-0.178123
-0.168614
-0.156542
-0.142002
-0.125263
-0.106785
-0.0872248
-0.0674181
-0.0483379
-0.0310205
-0.0164868
-0.0059382
-0.000918099
-0.000143389
-0.00098199
-0.00279992
-0.00537274
-0.00853635
-0.0121618
-0.0161203
-0.0202908
-0.0245664
-0.0288559
-0.0330839
-0.0371905
-0.0411302
-0.0448705
-0.0483904
-0.0516788
-0.0547328
-0.0575566
-0.0601599
-0.0625572
-0.0647666
-0.0668092
-0.0687083
-0.070489
-0.0721776
-0.0738016
-0.0753889
-0.0769679
-0.0785672
-0.0802155
-0.081941
-0.0837719
-0.0857356
-0.0878587
-0.0901669
-0.0926847
-0.0954346
-0.0984375
-0.101712
-0.105272
-0.109131
-0.113294
-0.117763
-0.122533
-0.127589
-0.132908
-0.138453
-0.144172
-0.149997
-0.155838
-0.161579
-0.167078
-0.17216
-0.176618
-0.180207
-0.182651
-0.183647
-0.182876
-0.180019
-0.174788
-0.166952
-0.156385
-0.143102
-0.127304
-0.109408
-0.0900556
-0.0701069
-0.0506006
-0.0326724
-0.0174655
-0.00633125
-0.000989695
-0.000150662
-0.00102845
-0.00292364
-0.00558941
-0.00884109
-0.0125319
-0.0165175
-0.0206644
-0.0248566
-0.0289976
-0.0330095
-0.0368326
-0.0404235
-0.0437535
-0.046806
-0.0495753
-0.052064
-0.0542819
-0.0562444
-0.0579711
-0.0594851
-0.0608124
-0.0619805
-0.0630185
-0.0639568
-0.0648261
-0.0656579
-0.0664837
-0.0673353
-0.0682443
-0.0692421
-0.0703597
-0.0716277
-0.0730762
-0.074734
-0.0766293
-0.0787888
-0.0812374
-0.0839981
-0.0870914
-0.0905345
-0.0943407
-0.0985185
-0.10307
-0.107991
-0.113268
-0.118873
-0.12477
-0.1309
-0.137188
-0.143532
-0.149802
-0.155835
-0.161429
-0.166343
-0.170295
-0.172964
-0.174001
-0.173042
-0.169736
-0.163777
-0.15495
-0.143178
-0.128579
-0.111505
-0.0925659
-0.0726351
-0.0528104
-0.034329
-0.0184666
-0.00674019
-0.00106579
-0.000161741
-0.00109796
-0.00310811
-0.00591402
-0.00930343
-0.0131067
-0.0171597
-0.0213139
-0.0254429
-0.0294441
-0.0332376
-0.0367645
-0.0399849
-0.0428749
-0.045424
-0.0476331
-0.0495115
-0.0510758
-0.0523476
-0.0533529
-0.0541204
-0.0546809
-0.0550669
-0.055312
-0.0554501
-0.0555159
-0.055544
-0.0555692
-0.0556262
-0.0557494
-0.055973
-0.056331
-0.0568569
-0.0575833
-0.0585427
-0.0597662
-0.0612842
-0.0631257
-0.0653179
-0.0678861
-0.070853
-0.074238
-0.0780565
-0.0823189
-0.087029
-0.0921828
-0.0977662
-0.103753
-0.110099
-0.116745
-0.123604
-0.130561
-0.137468
-0.144136
-0.150332
-0.155773
-0.160131
-0.163031
-0.16407
-0.162838
-0.158951
-0.152098
-0.142101
-0.128974
-0.112985
-0.094692
-0.0749635
-0.0549474
-0.0359834
-0.0194893
-0.007166
-0.00114683
-0.000177635
-0.00119634
-0.00336811
-0.00637191
-0.00995906
-0.0139307
-0.0180984
-0.0222952
-0.026383
-0.0302529
-0.0338235
-0.0370382
-0.0398618
-0.0422771
-0.0442816
-0.045884
-0.0471021
-0.0479602
-0.0484877
-0.0487171
-0.0486835
-0.0484236
-0.0479747
-0.047375
-0.0466625
-0.0458755
-0.0450519
-0.0442295
-0.0434458
-0.042738
-0.0421428
-0.0416967
-0.0414357
-0.0413953
-0.0416105
-0.0421155
-0.042944
-0.0441284
-0.0457
-0.0476884
-0.0501213
-0.053024
-0.0564183
-0.060322
-0.0647477
-0.0697012
-0.0751796
-0.0811691
-0.0876416
-0.0945513
-0.10183
-0.109382
-0.117075
-0.124739
-0.132154
-0.139046
-0.145083
-0.149877
-0.152993
-0.153964
-0.152332
-0.147686
-0.139733
-0.128369
-0.113752
-0.096365
-0.0770498
-0.0569913
-0.0376294
-0.0205343
-0.00761032
-0.00123342
-0.000199633
-0.00133081
-0.00372172
-0.00699366
-0.0108503
-0.0150558
-0.0193921
-0.0236704
-0.0277394
-0.0314842
-0.034823
-0.0377034
-0.0400972
-0.041996
-0.0434071
-0.0443494
-0.0448503
-0.0449438
-0.0446674
-0.0440618
-0.0431689
-0.0420314
-0.0406922
-0.039194
-0.0375791
-0.0358892
-0.0341656
-0.0324489
-0.0307792
-0.029196
-0.0277386
-0.0264455
-0.025355
-0.0245049
-0.0239327
-0.0236753
-0.0237689
-0.0242493
-0.0251513
-0.0265085
-0.0283533
-0.0307161
-0.0336248
-0.0371044
-0.0411756
-0.0458537
-0.0511468
-0.057054
-0.0635618
-0.070641
-0.0782419
-0.0862886
-0.0946718
-0.103241
-0.111797
-0.120079
-0.127765
-0.134459
-0.139704
-0.142988
-0.143778
-0.141564
-0.13593
-0.126633
-0.1137
-0.0975095
-0.0788486
-0.0589212
-0.0392623
-0.0216037
-0.00807582
-0.00132642
-0.000229391
-0.00151046
-0.00419128
-0.00781635
-0.0120275
-0.0165425
-0.021107
-0.0255074
-0.029578
-0.0331987
-0.0362894
-0.0388044
-0.0407254
-0.0420556
-0.0428146
-0.0430337
-0.042752
-0.0420142
-0.0408679
-0.0393621
-0.0375464
-0.0354702
-0.0331818
-0.0307288
-0.0281577
-0.0255137
-0.022841
-0.020183
-0.0175822
-0.0150801
-0.012718
-0.0105365
-0.00857566
-0.0068753
-0.00547488
-0.00441353
-0.00373006
-0.00346286
-0.00364986
-0.00432833
-0.00553468
-0.00730413
-0.00967033
-0.0126647
-0.0163157
-0.0206476
-0.0256794
-0.0314222
-0.0378774
-0.0450326
-0.0528573
-0.0612972
-0.070267
-0.0796413
-0.0892448
-0.098841
-0.108122
-0.116698
-0.1241
-0.129781
-0.133141
-0.133575
-0.130534
-0.123625
-0.112713
-0.0980412
-0.0803098
-0.0607159
-0.0408795
-0.0227024
-0.0085666
-0.00142704
-0.000269064
-0.0017468
-0.00480454
-0.00888507
-0.0135503
-0.0184602
-0.023317
-0.027879
-0.0319658
-0.0354541
-0.0382686
-0.0403737
-0.0417649
-0.0424605
-0.0424954
-0.0419158
-0.0407748
-0.0391293
-0.0370379
-0.0345593
-0.0317512
-0.0286697
-0.0253691
-0.0219018
-0.0183183
-0.0146671
-0.0109953
-0.00734872
-0.0037717
-0.00030783
0.00300014
0.00611007
0.00898026
0.0115693
0.0138362
0.0157399
0.0172395
0.0182943
0.0188637
0.0189073
0.018385
0.0172573
0.0154853
0.0130318
0.00986099
0.00594015
0.00124036
-0.00426164
-0.0105812
-0.0177226
-0.025675
-0.0344065
-0.0438572
-0.0539298
-0.0644785
-0.0752958
-0.0860985
-0.0965148
-0.106075
-0.114209
-0.120267
-0.123549
-0.123375
-0.119184
-0.110658
-0.0978639
-0.081377
-0.0623531
-0.0424809
-0.0238385
-0.0090888
-0.00153699
-0.0003215
-0.00205459
-0.0055962
-0.0102549
-0.0154895
-0.0208885
-0.0261032
-0.0308606
-0.0349671
-0.0382993
-0.0407915
-0.0424233
-0.0432085
-0.0431849
-0.0424064
-0.0409369
-0.0388455
-0.0362035
-0.0330813
-0.0295482
-0.0256703
-0.0215109
-0.0171301
-0.0125851
-0.00793013
-0.00321683
0.00150521
0.00618829
0.0107863
0.0152542
0.019548
0.0236244
0.0274407
0.0309542
0.0341225
0.0369034
0.0392541
0.0411322
0.0424947
0.0432984
0.0435002
0.0430565
0.0419242
0.0400602
0.0374225
0.0339705
0.0296658
0.0244739
0.018366
0.0113217
0.00333266
-0.00559193
-0.0154186
-0.0260803
-0.0374643
-0.0493981
-0.0616322
-0.0738225
-0.0855144
-0.0961331
-0.104988
-0.1113
-0.114259
-0.113129
-0.10738
-0.0968646
-0.0819837
-0.0638085
-0.0440697
-0.0250247
-0.00965143
-0.00165871
-0.000390506
-0.00245293
-0.00660998
-0.011993
-0.0179284
-0.0239172
-0.0295514
-0.0345256
-0.038636
-0.041765
-0.0438629
-0.0449314
-0.0450086
-0.0441568
-0.0424532
-0.0399827
-0.0368326
-0.03309
-0.0288387
-0.0241586
-0.0191249
-0.013808
-0.00827372
-0.00258354
0.00320482
0.00903697
0.0148613
0.0206286
0.0262916
0.0318042
0.0371217
0.0422001
0.0469958
0.0514657
0.0555663
0.0592544
0.0624861
0.0652174
0.0674033
0.0689987
0.0699574
0.0702327
0.0697773
0.0685434
0.066483
0.0635483
0.0596925
0.0548706
0.0490412
0.0421687
0.0342262
0.0252005
0.0150987
0.00395645
-0.00814954
-0.0210864
-0.0346463
-0.0485241
-0.0622954
-0.075397
-0.0871193
-0.0966193
-0.102968
-0.105247
-0.102695
-0.0949053
-0.0820485
-0.0650529
-0.0456524
-0.02628
-0.0102675
-0.00179569
-0.000481264
-0.00296683
-0.00790129
-0.0141815
-0.0209644
-0.0276445
-0.0337477
-0.0389371
-0.043005
-0.0458485
-0.0474435
-0.0478226
-0.0470556
-0.0452355
-0.0424673
-0.0388601
-0.0345221
-0.0295573
-0.0240637
-0.0181325
-0.0118476
-0.00528638
0.00148018
0.00838663
0.0153724
0.0223809
0.0293594
0.0362574
0.043027
0.049622
0.0559973
0.0621086
0.0679123
0.0733647
0.0784222
0.0830409
0.0871761
0.0907827
0.0938144
0.0962241
0.0979635
0.098983
0.0992318
0.0986579
0.0972081
0.0948281
0.0914635
0.08706
0.0815645
0.0749272
0.067104
0.0580603
0.047777
0.0362585
0.0235439
0.00972263
-0.00504524
-0.0205044
-0.0362755
-0.051827
-0.0664528
-0.0792694
-0.0892455
-0.0952849
-0.0963759
-0.0918124
-0.0814658
-0.0660482
-0.0472388
-0.0276315
-0.010956
-0.00195305
-0.000600972
-0.00362955
-0.00954094
-0.016921
-0.0247093
-0.0321738
-0.0387695
-0.0441335
-0.0480657
-0.0504911
-0.0514243
-0.0509396
-0.0491481
-0.0461803
-0.0421737
-0.0372652
-0.0315857
-0.0252574
-0.0183927
-0.0110939
-0.00345327
0.00444559
0.0125272
0.020723
0.0289705
0.0372118
0.0453934
0.0534648
0.0613782
0.0690874
0.0765479
0.0837158
0.0905477
0.0970003
0.10303
0.108593
0.113644
0.118137
0.122025
0.12526
0.127792
0.129569
0.130536
0.130639
0.12982
0.128018
0.125173
0.121223
0.116103
0.10975
0.102106
0.093116
0.0827353
0.0709377
0.0577248
0.0431406
0.0272918
0.0103753
-0.00728955
-0.025223
-0.0427492
-0.0589732
-0.0727876
-0.0829335
-0.0881404
-0.0873605
-0.0800931
-0.0667394
-0.0488403
-0.0291169
-0.0117441
-0.00213833
-0.000759892
-0.00448609
-0.0116202
-0.020333
-0.0292878
-0.0376051
-0.0446696
-0.0501057
-0.0537394
-0.055543
-0.0555869
-0.0540015
-0.0509496
-0.0466065
-0.0411476
-0.0347401
-0.0275391
-0.0196854
-0.0113053
-0.00251145
0.0065965
0.01593
0.0254105
0.0349674
0.0445373
0.0540624
0.0634895
0.0727688
0.0818536
0.0906988
0.0992609
0.107497
0.115365
0.122822
0.129826
0.136332
0.142296
0.147672
0.152413
0.156469
0.159789
0.162319
0.164003
0.164783
0.164597
0.163382
0.161069
0.157589
0.15287
0.146837
0.139417
0.130538
0.120132
0.108143
0.0945372
0.0793113
0.0625163
0.0442829
0.0248577
0.00464774
-0.0157301
-0.0354048
-0.0532295
-0.0678111
-0.0776249
-0.0812485
-0.0777294
-0.0670407
-0.0504659
-0.0307874
-0.0126715
-0.00236292
-0.000973129
-0.00559867
-0.0142575
-0.024564
-0.0348317
-0.0440176
-0.0514475
-0.0567578
-0.0598295
-0.0607098
-0.0595471
-0.0565446
-0.0519286
-0.0459269
-0.0387566
-0.0306173
-0.0216886
-0.0121288
-0.00207702
0.0083459
0.0190348
0.0298982
0.0408561
0.0518379
0.062781
0.073629
0.0843304
0.0948375
0.105105
0.115091
0.124754
0.134052
0.142945
0.151392
0.159351
0.16678
0.173635
0.17987
0.185438
0.190289
0.194372
0.197632
0.20001
0.201447
0.201879
0.201236
0.199447
0.196437
0.192126
0.18643
0.179263
0.170537
0.160164
0.148063
0.134162
0.118415
0.100814
0.0814211
0.0603973
0.038058
0.0149311
-0.00817715
-0.0301285
-0.0494402
-0.0643581
-0.0730672
-0.0740838
-0.0668128
-0.0521128
-0.0327111
-0.0137967
-0.0026446
-0.00126381
-0.00705548
-0.0176079
-0.0297853
-0.0414657
-0.0514383
-0.0590004
-0.063844
-0.065949
-0.0654736
-0.062672
-0.0578395
-0.0512775
-0.0432724
-0.0340859
-0.0239497
-0.0130657
-0.00160765
0.0102762
0.0224597
0.0348354
0.0473118
0.0598103
0.0722627
0.0846093
0.096797
0.108778
0.120508
0.131945
0.14305
0.153785
0.164111
0.17399
0.183385
0.192254
0.200558
0.208253
0.215296
0.221639
0.227234
0.232029
0.235968
0.238994
0.241043
0.24205
0.241944
0.240651
0.238089
0.234172
0.228811
0.221908
0.213362
0.203068
0.19092
0.176817
0.160668
0.14241
0.122031
0.0996019
0.0753278
0.0496184
0.0231704
-0.00294512
-0.0272203
-0.0477223
-0.0622518
-0.0687265
-0.0658224
-0.0537469
-0.0349737
-0.0152066
-0.003012
-0.00166894
-0.00898514
-0.021875
-0.0361878
-0.0492747
-0.0597807
-0.0670389
-0.0708676
-0.0714074
-0.0689751
-0.0639628
-0.0567771
-0.047804
-0.0373921
-0.0258459
-0.0134259
-0.000351623
0.0131937
0.0270577
0.041114
0.0552579
0.0694019
0.0834723
0.0974067
0.111151
0.124658
0.137886
0.150795
0.163349
0.175514
0.187254
0.198537
0.209326
0.219588
0.229285
0.238378
0.246829
0.254593
0.261626
0.267879
0.273303
0.27784
0.281435
0.284023
0.285537
0.285907
0.285053
0.282894
0.279338
0.274289
0.267644
0.25929
0.249109
0.236973
0.222754
0.206324
0.187567
0.166398
0.142791
0.116832
0.088783
0.0591866
0.0289782
-0.000394277
-0.0269046
-0.0480173
-0.0610145
-0.0636764
-0.0552634
-0.0376753
-0.017032
-0.00351286
-0.00225055
-0.0115805
-0.0273231
-0.043959
-0.0582348
-0.0687339
-0.0749434
-0.0769167
-0.0750395
-0.0698436
-0.0618917
-0.0517169
-0.0397938
-0.0265293
-0.0122637
0.0027231
0.0182036
0.033994
0.0499464
0.0659419
0.0818846
0.0976969
0.113315
0.128686
0.143766
0.158516
0.172901
0.18689
0.200453
0.213563
0.226189
0.238304
0.249877
0.260877
0.271272
0.281025
0.2901
0.298456
0.306051
0.312838
0.318768
0.323787
0.327838
0.330859
0.332782
0.333536
0.333043
0.331216
0.327966
0.32319
0.316781
0.308619
0.298573
0.286503
0.272257
0.255673
0.236588
0.214849
0.190336
0.163005
0.132953
0.100522
0.0664403
0.0319891
-0.000836176
-0.029271
-0.0499829
-0.0597112
-0.0564089
-0.0409101
-0.0194698
-0.00422916
-0.00311703
-0.0151372
-0.0342831
-0.0532168
-0.0680701
-0.0775573
-0.0815208
-0.0804065
-0.0749497
-0.0659558
-0.0541831
-0.0402946
-0.0248443
-0.00828262
0.00903187
0.0268171
0.0448532
0.0629701
0.0810363
0.0989507
0.116635
0.134028
0.151081
0.167758
0.184026
0.199858
0.215231
0.230123
0.244514
0.258382
0.271706
0.284464
0.29663
0.308179
0.319082
0.329308
0.338824
0.347593
0.355574
0.362725
0.368997
0.37434
0.378698
0.382011
0.384213
0.385232
0.384993
0.383409
0.380389
0.375832
0.369625
0.361646
0.351758
0.339809
0.325629
0.309031
0.289813
0.26776
0.242665
0.214354
0.182745
0.147946
0.110405
0.0711174
0.03188
-0.00449638
-0.0341847
-0.0528116
-0.0566316
-0.0447054
-0.0228095
-0.00530377
-0.00446322
-0.0201105
-0.0431222
-0.0638406
-0.0779579
-0.0847047
-0.0845962
-0.0786765
-0.0681408
-0.0541101
-0.0375384
-0.0191967
0.00031282
0.0205301
0.0411092
0.0617936
0.0823949
0.102776
0.122837
0.142507
0.161737
0.180489
0.198738
0.216465
0.233656
0.2503
0.266386
0.281905
0.296845
0.311196
0.324943
0.338072
0.350565
0.3624
0.373556
0.384005
0.393718
0.402663
0.410803
0.418098
0.424504
0.429973
0.434451
0.437882
0.440202
0.441344
0.44123
0.439781
0.436904
0.432501
0.42646
0.418657
0.408954
0.397191
0.383189
0.366744
0.347622
0.325559
0.30027
0.271462
0.238875
0.202361
0.162026
0.118458
0.0730514
0.0283916
-0.0114659
-0.0411219
-0.0547995
-0.0488639
-0.0274474
-0.0069835
-0.00664111
-0.0271815
-0.0540948
-0.075058
-0.0859286
-0.0871468
-0.0803455
-0.067389
-0.0500053
-0.0296184
-0.0073245
0.0160646
0.0399643
0.0639628
0.0877757
0.111211
0.134142
0.156488
0.1782
0.199252
0.219632
0.239335
0.258364
0.276725
0.294424
0.311467
0.32786
0.343605
0.358703
0.373154
0.386952
0.400089
0.412555
0.424335
0.435413
0.445766
0.455371
0.464199
0.472217
0.479391
0.485679
0.491037
0.495417
0.498764
0.50102
0.502121
0.501994
0.500563
0.49774
0.493429
0.487525
0.479905
0.470432
0.458949
0.445271
0.429185
0.410438
0.388733
0.363723
0.335013
0.302181
0.264823
0.222671
0.175798
0.12498
0.0722183
0.0213414
-0.0215937
-0.0486865
-0.0525867
-0.0338204
-0.00967103
-0.0102539
-0.0372389
-0.0668248
-0.0844597
-0.0876648
-0.0791808
-0.0622516
-0.0396896
-0.0136984
0.0141286
0.0427
0.0712961
0.0994589
0.12691
0.15349
0.179119
0.203766
0.227432
0.250135
0.271906
0.292777
0.312784
0.331961
0.35034
0.367949
0.384814
0.400954
0.416388
0.431126
0.445177
0.458545
0.471231
0.483229
0.494533
0.50513
0.515003
0.524135
0.5325
0.540071
0.546817
0.552703
0.557688
0.561728
0.564776
0.566775
0.567669
0.567391
0.56587
0.563025
0.558767
0.552996
0.545598
0.536443
0.525378
0.512224
0.496767
0.478749
0.457854
0.433699
0.405817
0.373652
0.336578
0.293954
0.245283
0.190535
0.130726
0.0688041
0.0106878
-0.0340565
-0.0536107
-0.0420285
-0.0139091
-0.0161375
-0.0508523
-0.0786909
-0.0857252
-0.0742025
-0.0504804
-0.0196344
0.0147906
0.0504607
0.0859488
0.120443
0.15352
0.184995
0.214823
0.243038
0.269714
0.294944
0.318826
0.341456
0.362925
0.383315
0.4027
0.421145
0.438705
0.455432
0.471364
0.486537
0.50098
0.514713
0.527753
0.540112
0.551796
0.562806
0.573141
0.582792
0.59175
0.599998
0.607518
0.614287
0.620278
0.625461
0.629802
0.633261
0.635797
0.63736
0.637901
0.63736
0.635673
0.63277
0.62857
0.622985
0.61591
0.607226
0.596794
0.584446
0.56998
0.553146
0.533631
0.511041
0.484875
0.454497
0.419115
0.377782
0.329454
0.273206
0.208723
0.137288
0.0634086
-0.0031111
-0.0463488
-0.0505326
-0.0199785
-0.0246202
-0.0658508
-0.0802538
-0.0636549
-0.0278787
0.0166929
0.0639945
0.110699
0.155134
0.196611
0.234976
0.270337
0.302923
0.332998
0.360828
0.386659
0.410711
0.433176
0.454219
0.473985
0.492593
0.510147
0.526735
0.542431
0.557296
0.571384
0.584736
0.597387
0.609366
0.620694
0.631386
0.641453
0.6509
0.659729
0.667936
0.675514
0.682452
0.688735
0.694345
0.69926
0.703456
0.706903
0.709569
0.711419
0.712413
0.712506
0.71165
0.709792
0.706871
0.702819
0.69756
0.691007
0.683056
0.673586
0.662451
0.64947
0.634417
0.617006
0.596862
0.573497
0.546263
0.514297
0.476469
0.43133
0.37715
0.312165
0.235332
0.148148
0.0578796
-0.0183928
-0.0528648
-0.0262208
-0.0312988
-0.0687274
-0.0436735
0.0154735
0.083681
0.150384
0.211699
0.266448
0.314765
0.357328
0.394942
0.428372
0.458282
0.485231
0.509678
0.531995
0.552488
0.571403
0.588942
0.605271
0.620525
0.634818
0.648242
0.660873
0.672775
0.684001
0.694593
0.704586
0.714008
0.722881
0.731219
0.739035
0.746334
0.753121
0.759392
0.765145
0.770371
0.77506
0.779197
0.782765
0.785746
0.788118
0.789854
0.790928
0.791309
0.790961
0.789849
0.78793
0.785157
0.781478
0.776833
0.771153
0.764358
0.75635
0.747013
0.736201
0.723729
0.709357
0.69277
0.673543
0.651095
0.624622
0.592998
0.554646
0.507386
0.448322
0.374027
0.281703
0.172057
0.0556977
-0.0301856
-0.0232111
-0.000660396
0.000352829
0.104333
0.217906
0.312101
0.388128
0.449782
0.500014
0.541353
0.575873
0.605148
0.630343
0.65232
0.671723
0.689037
0.704632
0.718793
0.731741
0.743651
0.754663
0.764887
0.774415
0.783318
0.791658
0.799483
0.806832
0.813739
0.820228
0.826321
0.832033
0.837376
0.842358
0.846985
0.851259
0.855178
0.85874
0.86194
0.864771
0.867222
0.869284
0.870942
0.872183
0.872989
0.873342
0.873222
0.872606
0.871469
0.869785
0.867521
0.864645
0.861116
0.856889
0.85191
0.846115
0.839425
0.83174
0.822933
0.81284
0.801237
0.787824
0.772178
0.753698
0.73151
0.70431
0.670123
0.62591
0.567062
0.48705
0.376958
0.228427
0.0726436
0.0309694
0.292184
0.379306
0.530607
0.644331
0.714297
0.760018
0.792312
0.81613
0.834336
0.848759
0.860547
0.870428
0.878884
0.886244
0.892742
0.898544
0.903777
0.908535
0.91289
0.916899
0.920607
0.92405
0.927256
0.930248
0.933045
0.935662
0.938112
0.940404
0.942544
0.94454
0.946395
0.948112
0.949691
0.951135
0.952441
0.953609
0.954636
0.955519
0.956254
0.956837
0.957261
0.957522
0.957613
0.957527
0.957256
0.956791
0.956123
0.955241
0.954135
0.95279
0.951193
0.949325
0.947166
0.944692
0.941871
0.938665
0.935023
0.93088
0.926146
0.920701
0.914371
0.906908
0.897942
0.886902
0.872863
0.854247
0.828214
0.789432
0.726146
0.611349
0.435853
0.317985
)
;

boundaryField
{
    movingWall
    {
        type            calculated;
        value           uniform 1;
    }
    fixedWalls
    {
        type            calculated;
        value           uniform 0;
    }
    frontAndBack
    {
        type            empty;
    }
}


// ************************************************************************* //
