/*--------------------------------*- C++ -*----------------------------------*\
  =========                 |
  \\      /  F ield         | OpenFOAM: The Open Source CFD Toolbox
   \\    /   O peration     | Website:  https://openfoam.org
    \\  /    A nd           | Version:  dev
     \\/     M anipulation  |
\*---------------------------------------------------------------------------*/
FoamFile
{
    format      ascii;
    class       volScalarField;
    location    "21.6";
    object      Ux;
}
// * * * * * * * * * * * * * * * * * * * * * * * * * * * * * * * * * * * * * //

dimensions      [0 1 -1 0 0 0 0];

internalField   nonuniform List<scalar> 
5184
(
1.23467e-05
4.51699e-05
8.02604e-05
9.58627e-05
8.20019e-05
3.62973e-05
-4.06993e-05
-0.000146969
-0.000279726
-0.000435914
-0.000612412
-0.00080619
-0.00101438
-0.00123432
-0.00146356
-0.00169984
-0.00194108
-0.00218538
-0.00243094
-0.0026761
-0.00291924
-0.0031588
-0.00339326
-0.0036211
-0.00384078
-0.00405077
-0.00424952
-0.00443545
-0.00460699
-0.00476256
-0.0049006
-0.0050196
-0.00511808
-0.00519468
-0.00524813
-0.00527732
-0.00528132
-0.00525938
-0.00521102
-0.005136
-0.00503439
-0.00490655
-0.0047532
-0.00457538
-0.00437451
-0.00415232
-0.00391092
-0.00365272
-0.00338045
-0.00309711
-0.00280594
-0.00251036
-0.00221393
-0.00192031
-0.00163317
-0.00135614
-0.00109275
-0.000846389
-0.000620185
-0.000416993
-0.000239309
-8.9208e-05
3.17203e-05
0.000122461
0.000182679
0.000212877
0.000214637
0.000191007
0.000147007
9.07238e-05
3.66078e-05
6.22684e-06
2.08434e-05
6.55766e-05
9.45878e-05
7.26175e-05
-1.91427e-05
-0.000187497
-0.000433021
-0.000752497
-0.00114039
-0.00158991
-0.00209373
-0.0026444
-0.00323461
-0.00385739
-0.00450613
-0.00517463
-0.00585711
-0.00654813
-0.00724254
-0.00793548
-0.00862225
-0.0092983
-0.00995915
-0.0106004
-0.0112176
-0.0118065
-0.0123625
-0.0128812
-0.0133584
-0.0137896
-0.0141707
-0.0144974
-0.014766
-0.0149728
-0.0151146
-0.0151884
-0.015192
-0.0151235
-0.0149819
-0.0147667
-0.0144784
-0.0141182
-0.0136881
-0.0131913
-0.0126316
-0.012014
-0.0113441
-0.0106286
-0.00987488
-0.00909099
-0.00828564
-0.00746799
-0.00664758
-0.00583412
-0.0050374
-0.00426708
-0.00353252
-0.00284265
-0.00220573
-0.00162924
-0.00111966
-0.000682274
-0.000321004
-3.81331e-05
0.000165966
0.00029321
0.000348337
0.000339608
0.000279499
0.000185846
8.62913e-05
1.96661e-05
1.76214e-05
4.12675e-05
1.94767e-05
-8.41479e-05
-0.00029036
-0.000607892
-0.001038
-0.00157686
-0.00221731
-0.00295018
-0.0037652
-0.00465165
-0.00559883
-0.00659629
-0.00763397
-0.00870233
-0.00979229
-0.0108952
-0.012003
-0.0131077
-0.0142019
-0.015278
-0.016329
-0.0173476
-0.0183268
-0.0192596
-0.020139
-0.0209579
-0.0217095
-0.0223871
-0.0229841
-0.0234943
-0.0239116
-0.0242306
-0.0244465
-0.0245549
-0.0245526
-0.024437
-0.0242067
-0.0238612
-0.0234014
-0.0228294
-0.0221488
-0.0213643
-0.0204823
-0.0195102
-0.018457
-0.0173329
-0.0161494
-0.0149188
-0.0136544
-0.0123702
-0.0110808
-0.00980102
-0.00854569
-0.00732951
-0.00616672
-0.00507085
-0.00405443
-0.00312872
-0.00230346
-0.00158654
-0.000983695
-0.000498161
-0.000130257
0.000123083
0.000268938
0.000319136
0.000290794
0.000207115
0.000102333
2.49532e-05
8.82434e-06
-7.05792e-06
-0.000107639
-0.000322368
-0.000669461
-0.00115731
-0.00178664
-0.00255271
-0.00344695
-0.00445836
-0.00557446
-0.00678205
-0.00806774
-0.00941828
-0.0108208
-0.0122628
-0.0137325
-0.0152185
-0.0167097
-0.0181958
-0.0196664
-0.0211116
-0.0225217
-0.0238871
-0.0251981
-0.0264454
-0.0276195
-0.0287113
-0.0297116
-0.0306116
-0.0314027
-0.0320767
-0.032626
-0.0330435
-0.0333231
-0.0334595
-0.0334485
-0.033287
-0.0329735
-0.0325076
-0.0318907
-0.0311258
-0.0302177
-0.0291729
-0.0279996
-0.0267078
-0.0253092
-0.0238171
-0.0222463
-0.0206129
-0.0189342
-0.0172282
-0.0155137
-0.0138098
-0.0121358
-0.0105106
-0.00895248
-0.00747889
-0.00610596
-0.00484818
-0.00371803
-0.00272563
-0.0018783
-0.00118018
-0.00063173
-0.000229273
3.56562e-05
0.000176933
0.000214261
0.000173779
9.28923e-05
2.39995e-05
-2.13513e-06
-6.73011e-05
-0.000264056
-0.000609554
-0.00111627
-0.0017904
-0.00263094
-0.00363153
-0.00478203
-0.00606975
-0.00748034
-0.00899856
-0.0106088
-0.0122956
-0.0140437
-0.0158381
-0.0176646
-0.0195093
-0.021359
-0.0232005
-0.0250214
-0.0268094
-0.0285524
-0.0302384
-0.0318557
-0.0333927
-0.0348379
-0.03618
-0.0374079
-0.0385109
-0.0394786
-0.0403013
-0.0409698
-0.0414759
-0.0418123
-0.0419728
-0.0419526
-0.0417483
-0.0413581
-0.0407819
-0.0400218
-0.0390814
-0.0379667
-0.0366856
-0.0352481
-0.0336662
-0.0319542
-0.0301279
-0.0282051
-0.0262049
-0.0241481
-0.0220561
-0.0199514
-0.0178567
-0.0157951
-0.013789
-0.0118603
-0.0100298
-0.00831687
-0.00673869
-0.00531026
-0.00404368
-0.00294783
-0.00202786
-0.0012847
-0.000714619
-0.000308631
-5.19905e-05
7.61554e-05
0.000103281
6.7369e-05
1.96365e-05
-1.36971e-05
-0.000132792
-0.000435628
-0.000924154
-0.00160298
-0.00247466
-0.00353536
-0.00477637
-0.0061856
-0.00774856
-0.00944912
-0.0112702
-0.0131944
-0.0152042
-0.0172822
-0.0194117
-0.0215761
-0.0237595
-0.0259464
-0.0281218
-0.030271
-0.0323795
-0.0344332
-0.0364182
-0.0383206
-0.0401269
-0.0418236
-0.0433978
-0.0448364
-0.0461272
-0.0472583
-0.0482185
-0.0489973
-0.0495855
-0.0499748
-0.0501582
-0.0501306
-0.0498881
-0.0494289
-0.0487532
-0.0478633
-0.0467638
-0.0454614
-0.0439654
-0.0422874
-0.0404411
-0.0384427
-0.0363104
-0.0340644
-0.0317267
-0.0293207
-0.026871
-0.0244032
-0.0219433
-0.0195174
-0.0171512
-0.0148699
-0.0126971
-0.010655
-0.00876355
-0.00703989
-0.00549816
-0.00414882
-0.00299824
-0.00204821
-0.00129546
-0.000731245
-0.000340847
-0.000103339
8.88074e-06
3.23728e-05
1.35938e-05
-2.51783e-05
-0.000199908
-0.000613714
-0.00125211
-0.00211061
-0.00318707
-0.00447391
-0.00595943
-0.00762914
-0.00946649
-0.0114535
-0.0135714
-0.0158011
-0.0181231
-0.0205186
-0.0229688
-0.0254555
-0.0279609
-0.0304676
-0.0329588
-0.0354177
-0.0378283
-0.0401744
-0.0424404
-0.0446105
-0.0466695
-0.0486023
-0.0503942
-0.0520307
-0.053498
-0.0547829
-0.0558729
-0.0567566
-0.0574235
-0.0578647
-0.0580725
-0.0580413
-0.0577669
-0.0572476
-0.0564835
-0.0554774
-0.0542343
-0.0527619
-0.0510705
-0.0491727
-0.047084
-0.0448221
-0.0424073
-0.0398619
-0.0372101
-0.0344779
-0.0316925
-0.0288823
-0.026076
-0.0233027
-0.0205911
-0.0179691
-0.0154632
-0.0130983
-0.0108966
-0.00887777
-0.00705788
-0.00544918
-0.00405951
-0.00289188
-0.00194402
-0.00120799
-0.000669889
-0.000309516
-0.000100074
-7.81637e-06
6.83733e-06
-3.63207e-05
-0.000266768
-0.000793197
-0.00158449
-0.00262647
-0.00391161
-0.00542792
-0.00716014
-0.00909094
-0.0112015
-0.0134719
-0.0158814
-0.0184094
-0.0210349
-0.0237373
-0.0264964
-0.0292924
-0.0321058
-0.0349177
-0.0377096
-0.0404631
-0.0431605
-0.045784
-0.0483164
-0.0507404
-0.0530391
-0.0551959
-0.0571947
-0.0590197
-0.0606557
-0.0620882
-0.0633038
-0.0642898
-0.0650351
-0.0655299
-0.065766
-0.065737
-0.0654388
-0.0648692
-0.0640286
-0.0629199
-0.0615486
-0.0599228
-0.0580536
-0.0559548
-0.053643
-0.0511375
-0.0484598
-0.0456344
-0.0426873
-0.0396467
-0.0365423
-0.0334048
-0.0302656
-0.0271565
-0.0241087
-0.0211531
-0.0183187
-0.015633
-0.0131209
-0.0108043
-0.00870143
-0.00682655
-0.0051893
-0.00379427
-0.00264063
-0.00172182
-0.00102529
-0.000532242
-0.000217349
-5.05344e-05
-1.0284e-07
-4.70289e-05
-0.000332391
-0.000971085
-0.00191568
-0.00314218
-0.00463724
-0.00638405
-0.00836332
-0.0105546
-0.0129365
-0.0154868
-0.0181833
-0.0210033
-0.0239246
-0.0269251
-0.029983
-0.0330773
-0.0361871
-0.039292
-0.042372
-0.0454076
-0.0483793
-0.0512682
-0.0540553
-0.0567223
-0.0592508
-0.0616228
-0.0638209
-0.0658282
-0.0676281
-0.0692053
-0.070545
-0.071634
-0.07246
-0.0730125
-0.0732827
-0.0732639
-0.0729514
-0.0723428
-0.0714384
-0.070241
-0.0687565
-0.0669934
-0.0649632
-0.0626806
-0.0601629
-0.0574307
-0.0545069
-0.0514173
-0.04819
-0.0448549
-0.0414437
-0.0379896
-0.0345264
-0.0310883
-0.0277093
-0.0244228
-0.0212607
-0.018253
-0.0154273
-0.0128079
-0.0104155
-0.00826661
-0.00637298
-0.00474118
-0.00337222
-0.00226137
-0.00139793
-0.00076495
-0.000339045
-9.42243e-05
-6.95721e-06
-5.72916e-05
-0.000396296
-0.00114565
-0.00224218
-0.00365218
-0.00535633
-0.00733272
-0.00955779
-0.0120076
-0.0146581
-0.0174847
-0.0204633
-0.0235695
-0.0267796
-0.0300702
-0.0334184
-0.0368015
-0.0401977
-0.0435854
-0.0469432
-0.0502505
-0.0534865
-0.0566311
-0.0596641
-0.0625659
-0.0653169
-0.0678981
-0.0702908
-0.0724768
-0.0744389
-0.0761603
-0.0776257
-0.0788205
-0.079732
-0.0803487
-0.0806613
-0.0806623
-0.0803466
-0.0797114
-0.0787568
-0.0774854
-0.075903
-0.0740183
-0.0718431
-0.0693926
-0.0666849
-0.0637411
-0.0605856
-0.0572453
-0.0537496
-0.0501304
-0.0464214
-0.0426578
-0.0388756
-0.0351117
-0.0314027
-0.0277846
-0.0242921
-0.0209581
-0.0178129
-0.0148835
-0.0121934
-0.00976158
-0.00760222
-0.00572426
-0.00413097
-0.00281982
-0.00178233
-0.00100378
-0.000462949
-0.000138069
-1.36099e-05
-6.71265e-05
-0.000458258
-0.00131588
-0.00256178
-0.00415276
-0.00606356
-0.00826703
-0.0107352
-0.0134405
-0.0163559
-0.0194545
-0.02271
-0.0260967
-0.0295891
-0.0331627
-0.0367931
-0.040457
-0.0441311
-0.0477928
-0.0514198
-0.0549903
-0.0584826
-0.0618753
-0.0651475
-0.0682782
-0.0712469
-0.0740336
-0.0766185
-0.0789825
-0.0811072
-0.0829752
-0.0845698
-0.085876
-0.08688
-0.0875695
-0.0879344
-0.0879667
-0.0876605
-0.0870125
-0.0860222
-0.0846921
-0.0830275
-0.0810371
-0.0787329
-0.0761299
-0.0732468
-0.0701055
-0.0667309
-0.0631511
-0.0593969
-0.0555017
-0.0515009
-0.0474318
-0.0433329
-0.0392433
-0.0352023
-0.0312489
-0.0274206
-0.0237533
-0.0202803
-0.0170318
-0.0140341
-0.0113091
-0.00887379
-0.00673988
-0.00491324
-0.00339387
-0.00217585
-0.00124688
-0.000588054
-0.000181744
-2.00343e-05
-7.65578e-05
-0.000518174
-0.00148118
-0.00287302
-0.00464139
-0.00675512
-0.00918187
-0.0118891
-0.0148457
-0.0180214
-0.021387
-0.0249141
-0.0285752
-0.0323435
-0.0361932
-0.0400988
-0.0440359
-0.0479804
-0.0519086
-0.0557975
-0.0596243
-0.0633664
-0.0670016
-0.070508
-0.0738637
-0.0770473
-0.0800379
-0.0828148
-0.085358
-0.0876482
-0.0896669
-0.0913969
-0.0928219
-0.0939273
-0.0947002
-0.0951294
-0.095206
-0.0949234
-0.0942777
-0.0932676
-0.091895
-0.0901646
-0.0880849
-0.0856673
-0.0829272
-0.0798832
-0.0765573
-0.0729754
-0.0691661
-0.0651616
-0.0609965
-0.056708
-0.0523354
-0.0479194
-0.0435018
-0.0391246
-0.0348296
-0.0306576
-0.0266477
-0.0228366
-0.0192578
-0.0159408
-0.012911
-0.0101886
-0.00778815
-0.00571866
-0.00398297
-0.00257794
-0.00149387
-0.000714203
-0.000225248
-2.62567e-05
-8.56068e-05
-0.000575995
-0.00164119
-0.00317495
-0.00511624
-0.0074282
-0.0100733
-0.0130147
-0.0162173
-0.0196479
-0.0232747
-0.0270674
-0.0309967
-0.0350344
-0.0391533
-0.0433273
-0.0475307
-0.0517387
-0.055927
-0.0600715
-0.0641488
-0.0681356
-0.0720089
-0.0757459
-0.0793243
-0.0827217
-0.0859164
-0.0888869
-0.0916123
-0.0940726
-0.0962483
-0.0981213
-0.0996745
-0.100892
-0.101761
-0.102268
-0.102403
-0.10216
-0.101533
-0.10052
-0.0991222
-0.0973433
-0.0951912
-0.0926768
-0.089815
-0.0866244
-0.083127
-0.0793489
-0.0753196
-0.071072
-0.0666421
-0.0620686
-0.0573929
-0.0526578
-0.0479079
-0.043188
-0.0385432
-0.0340176
-0.0296538
-0.0254922
-0.02157
-0.0179206
-0.0145729
-0.0115507
-0.00887214
-0.00654946
-0.00458869
-0.00298969
-0.00174549
-0.000841847
-0.000268806
-3.23361e-05
-9.42889e-05
-0.000631682
-0.00179561
-0.00346682
-0.00557592
-0.00808058
-0.0109383
-0.0141077
-0.0175501
-0.0212294
-0.0251111
-0.0291627
-0.0333535
-0.0376537
-0.0420352
-0.0464708
-0.0509339
-0.0553991
-0.0598412
-0.0642358
-0.0685586
-0.0727859
-0.076894
-0.0808596
-0.0846595
-0.0882709
-0.0916712
-0.0948382
-0.0977505
-0.100387
-0.102727
-0.104753
-0.106445
-0.107787
-0.108765
-0.109365
-0.109576
-0.109389
-0.108799
-0.107801
-0.106396
-0.104587
-0.102381
-0.0997865
-0.0968193
-0.0934968
-0.0898412
-0.0858783
-0.0816382
-0.0771544
-0.0724641
-0.0676077
-0.0626282
-0.057571
-0.0524832
-0.0474128
-0.0424082
-0.0375173
-0.0327866
-0.0282604
-0.0239801
-0.0199833
-0.016303
-0.0129669
-0.00999724
-0.00740983
-0.00521418
-0.00341337
-0.00200326
-0.000971862
-0.000312788
-3.83509e-05
-0.000102612
-0.000685195
-0.00194421
-0.003748
-0.00601925
-0.00871037
-0.0117741
-0.0151647
-0.0188399
-0.0227606
-0.0268899
-0.0311934
-0.0356384
-0.0401941
-0.0448311
-0.0495213
-0.0542376
-0.0589536
-0.063644
-0.0682835
-0.0728475
-0.0773117
-0.0816521
-0.0858447
-0.0898659
-0.0936924
-0.0973009
-0.100669
-0.103773
-0.106593
-0.109107
-0.111296
-0.113139
-0.11462
-0.115722
-0.116431
-0.116735
-0.116623
-0.116088
-0.115126
-0.113734
-0.111914
-0.109672
-0.107016
-0.103961
-0.100522
-0.0967223
-0.0925867
-0.0881454
-0.0834327
-0.0784866
-0.073349
-0.0680647
-0.0626817
-0.0572496
-0.0518199
-0.0464445
-0.0411753
-0.036063
-0.0311565
-0.0265017
-0.0221408
-0.0181115
-0.0144459
-0.0111706
-0.00830551
-0.00586383
-0.00385216
-0.00226926
-0.00110543
-0.000357666
-4.43911e-05
-0.000110576
-0.000736471
-0.00208672
-0.00401789
-0.00644512
-0.00931585
-0.0125782
-0.0161823
-0.0200826
-0.0242368
-0.0286058
-0.0331531
-0.0378446
-0.042648
-0.0475331
-0.0524708
-0.0574335
-0.0623943
-0.0673271
-0.0722065
-0.0770076
-0.0817056
-0.086276
-0.0906948
-0.0949377
-0.098981
-0.102801
-0.106374
-0.109678
-0.112689
-0.115387
-0.11775
-0.119758
-0.121392
-0.122634
-0.12347
-0.123885
-0.123868
-0.123409
-0.122502
-0.121144
-0.119334
-0.117077
-0.11438
-0.111255
-0.107717
-0.103788
-0.0994928
-0.0948611
-0.0899275
-0.0847308
-0.0793142
-0.0737245
-0.0680118
-0.0622288
-0.0564304
-0.0506723
-0.0450108
-0.0395012
-0.0341973
-0.0291501
-0.0244068
-0.0200104
-0.015998
-0.0124008
-0.00924333
-0.00654293
-0.00430987
-0.00254602
-0.00124395
-0.000403982
-5.05542e-05
-0.000118176
-0.000785431
-0.00222286
-0.00427587
-0.00685245
-0.00989534
-0.0133483
-0.0171576
-0.0212742
-0.0256533
-0.0302532
-0.0350358
-0.0399652
-0.0450081
-0.0501333
-0.0553111
-0.0605131
-0.065712
-0.0708815
-0.0759958
-0.0810297
-0.0859583
-0.0907568
-0.0954009
-0.0998661
-0.104128
-0.108163
-0.111947
-0.115457
-0.118669
-0.12156
-0.124109
-0.126295
-0.128098
-0.129498
-0.130479
-0.131025
-0.131123
-0.130762
-0.129932
-0.12863
-0.126853
-0.124603
-0.121886
-0.11871
-0.115092
-0.111051
-0.106611
-0.101801
-0.0966555
-0.0912148
-0.0855225
-0.0796274
-0.0735818
-0.0674416
-0.061265
-0.0551121
-0.0490437
-0.0431201
-0.0374005
-0.0319415
-0.0267962
-0.0220128
-0.0176344
-0.0136973
-0.010231
-0.00725741
-0.0047908
-0.00283635
-0.00138896
-0.000452325
-5.69421e-05
-0.000125398
-0.00083197
-0.00235232
-0.00452126
-0.0072401
-0.0104471
-0.014082
-0.0180874
-0.022411
-0.0270054
-0.0318268
-0.0368352
-0.0419933
-0.0472669
-0.0526237
-0.0580333
-0.0634669
-0.0688971
-0.074297
-0.0796408
-0.0849031
-0.0900588
-0.0950832
-0.0999516
-0.104639
-0.109122
-0.113376
-0.117376
-0.121098
-0.124519
-0.127615
-0.130363
-0.132741
-0.134728
-0.136303
-0.137448
-0.138146
-0.13838
-0.138139
-0.137411
-0.136189
-0.134468
-0.132248
-0.129533
-0.12633
-0.122652
-0.118517
-0.113949
-0.108974
-0.103629
-0.0979524
-0.0919894
-0.0857903
-0.0794099
-0.0729068
-0.0663432
-0.0597835
-0.0532933
-0.0469385
-0.0407842
-0.034893
-0.0293243
-0.0241327
-0.0193672
-0.0150703
-0.0112768
-0.0080137
-0.0052996
-0.00314327
-0.00154212
-0.000503316
-6.36601e-05
-0.000132226
-0.000875963
-0.00247471
-0.00475335
-0.00760688
-0.0109695
-0.014777
-0.0189686
-0.0234891
-0.0282885
-0.0333211
-0.0385451
-0.043922
-0.0494165
-0.0549955
-0.0606282
-0.0662853
-0.071939
-0.0775625
-0.0831297
-0.0886154
-0.0939944
-0.0992419
-0.104333
-0.109244
-0.113949
-0.118424
-0.122645
-0.126586
-0.130224
-0.133535
-0.136494
-0.139078
-0.141265
-0.143033
-0.144362
-0.145232
-0.145625
-0.145527
-0.144924
-0.143807
-0.142167
-0.140003
-0.137315
-0.134108
-0.130394
-0.126186
-0.121508
-0.116386
-0.110855
-0.104953
-0.0987261
-0.0922265
-0.0855109
-0.0786409
-0.0716825
-0.0647046
-0.0577781
-0.0509749
-0.0443662
-0.0380214
-0.0320068
-0.0263841
-0.021209
-0.0165304
-0.0123895
-0.00881851
-0.00584112
-0.00346995
-0.00170514
-0.000557597
-7.08151e-05
-0.000138636
-0.000917266
-0.00258963
-0.00497135
-0.00795155
-0.0114606
-0.0154308
-0.0197981
-0.0245046
-0.029498
-0.0347306
-0.0401592
-0.0457441
-0.0514489
-0.0572401
-0.0630861
-0.0689575
-0.0748264
-0.0806658
-0.0864498
-0.0921529
-0.0977504
-0.103217
-0.108529
-0.113662
-0.11859
-0.123289
-0.127734
-0.131901
-0.135764
-0.139299
-0.142481
-0.145285
-0.147687
-0.149665
-0.151196
-0.152259
-0.152834
-0.152903
-0.15245
-0.151464
-0.149932
-0.147851
-0.145217
-0.142032
-0.138306
-0.13405
-0.129284
-0.124034
-0.118333
-0.112219
-0.105739
-0.0989447
-0.091896
-0.0846571
-0.0772978
-0.0698916
-0.0625152
-0.0552464
-0.0481636
-0.0413433
-0.0348595
-0.0287813
-0.0231723
-0.0180885
-0.0135778
-0.00967876
-0.00642038
-0.00381965
-0.00187979
-0.000615823
-7.85147e-05
-0.000144603
-0.000955721
-0.00269666
-0.00517444
-0.00827281
-0.0119187
-0.0160409
-0.0205726
-0.0254535
-0.0306289
-0.0360497
-0.041671
-0.0474521
-0.0533559
-0.0593481
-0.0653969
-0.0714726
-0.0775472
-0.0835938
-0.0895867
-0.0955005
-0.101311
-0.106993
-0.112522
-0.117874
-0.123025
-0.127949
-0.132622
-0.137018
-0.141113
-0.14488
-0.148295
-0.151331
-0.153964
-0.156169
-0.157921
-0.159198
-0.159976
-0.160236
-0.15996
-0.159131
-0.157735
-0.155765
-0.153213
-0.150079
-0.146369
-0.142091
-0.137263
-0.131908
-0.126057
-0.119748
-0.113027
-0.105948
-0.0985714
-0.0909643
-0.0832003
-0.0753578
-0.0675191
-0.0597688
-0.0521924
-0.0448745
-0.0378973
-0.0313384
-0.0252697
-0.0197554
-0.0148508
-0.0106015
-0.00704244
-0.00419568
-0.00206787
-0.000678657
-8.68671e-05
-0.0001501
-0.000991159
-0.00279533
-0.00536176
-0.0085693
-0.0123416
-0.0166048
-0.021289
-0.0263318
-0.0316767
-0.0372727
-0.043074
-0.0490387
-0.055129
-0.0613101
-0.06755
-0.0738189
-0.0800887
-0.0863327
-0.0925253
-0.0986417
-0.104657
-0.110548
-0.11629
-0.121858
-0.127229
-0.132378
-0.13728
-0.141909
-0.146241
-0.150248
-0.153905
-0.157184
-0.160061
-0.162508
-0.164499
-0.166009
-0.167013
-0.167489
-0.167414
-0.16677
-0.165539
-0.163709
-0.16127
-0.158218
-0.154554
-0.150283
-0.145421
-0.139987
-0.134011
-0.127528
-0.120584
-0.113234
-0.105538
-0.0975667
-0.0893974
-0.081113
-0.0728018
-0.0645552
-0.0564668
-0.0486295
-0.0411345
-0.0340689
-0.0275136
-0.0215418
-0.0162173
-0.0115936
-0.00771243
-0.00460137
-0.00227117
-0.000746768
-9.59809e-05
-0.000155097
-0.00102341
-0.00288518
-0.00553246
-0.00883968
-0.0127277
-0.0171198
-0.021944
-0.0271355
-0.0326363
-0.038394
-0.0443615
-0.0504961
-0.0567595
-0.0631164
-0.0695346
-0.0759842
-0.0824374
-0.0888676
-0.0952496
-0.101559
-0.107771
-0.113863
-0.119811
-0.12559
-0.131178
-0.136549
-0.141679
-0.146542
-0.151113
-0.155365
-0.159271
-0.162803
-0.165935
-0.168638
-0.170885
-0.172647
-0.173898
-0.174613
-0.174765
-0.174333
-0.173296
-0.171638
-0.169344
-0.166406
-0.162821
-0.158592
-0.153727
-0.148245
-0.142171
-0.13554
-0.128395
-0.120791
-0.112789
-0.104462
-0.0958909
-0.0871625
-0.0783713
-0.0696162
-0.0609986
-0.052621
-0.0445842
-0.0369852
-0.0299154
-0.0234579
-0.0176861
-0.0126621
-0.00843539
-0.00504004
-0.00249151
-0.000820827
-0.000105966
-0.000159564
-0.00105229
-0.00296575
-0.00568568
-0.00908263
-0.0130749
-0.0175836
-0.0225344
-0.0278608
-0.0335032
-0.039408
-0.045527
-0.051817
-0.0582389
-0.0647572
-0.0713397
-0.0779564
-0.0845797
-0.0911834
-0.0977426
-0.104233
-0.110632
-0.116915
-0.12306
-0.129044
-0.134842
-0.140431
-0.145786
-0.150882
-0.155692
-0.160191
-0.164351
-0.168144
-0.17154
-0.174511
-0.177027
-0.179059
-0.180577
-0.181552
-0.181957
-0.181764
-0.180951
-0.179496
-0.177381
-0.174592
-0.171123
-0.166969
-0.162138
-0.156642
-0.150504
-0.143754
-0.136436
-0.128601
-0.120312
-0.111643
-0.102677
-0.0935065
-0.0842316
-0.0749584
-0.0657971
-0.0568596
-0.0482575
-0.0400988
-0.0324861
-0.0255138
-0.0192656
-0.0138137
-0.00921633
-0.005515
-0.0027307
-0.000901507
-0.000116933
-0.000163473
-0.00107764
-0.00303658
-0.0058206
-0.00929687
-0.0133816
-0.0179937
-0.0230572
-0.0285039
-0.0342728
-0.0403093
-0.0465643
-0.052994
-0.0595587
-0.0662229
-0.0729542
-0.0797229
-0.0865016
-0.0932644
-0.0999869
-0.106646
-0.113218
-0.119681
-0.126013
-0.13219
-0.13819
-0.14399
-0.149564
-0.154889
-0.159937
-0.164683
-0.169098
-0.173154
-0.176822
-0.18007
-0.182868
-0.185184
-0.186986
-0.188243
-0.188924
-0.188998
-0.188438
-0.187218
-0.185316
-0.182713
-0.179396
-0.175359
-0.1706
-0.165129
-0.158964
-0.152132
-0.144672
-0.136635
-0.128084
-0.119092
-0.109745
-0.100139
-0.0903813
-0.0805844
-0.0708676
-0.0613531
-0.0521637
-0.0434196
-0.0352356
-0.0277183
-0.0209637
-0.0150548
-0.0100601
-0.00602949
-0.00299051
-0.00098948
-0.000128994
-0.000166795
-0.0010993
-0.00309728
-0.00593647
-0.00948125
-0.013646
-0.018348
-0.0235096
-0.0290613
-0.0349409
-0.0410928
-0.0474673
-0.0540199
-0.0607107
-0.067504
-0.0743675
-0.0812715
-0.0881891
-0.0950949
-0.101965
-0.108777
-0.115508
-0.122137
-0.128642
-0.135001
-0.141191
-0.147191
-0.152976
-0.158522
-0.163802
-0.168791
-0.173461
-0.177782
-0.181724
-0.185255
-0.188343
-0.190955
-0.193057
-0.194614
-0.195593
-0.195959
-0.195681
-0.194729
-0.193075
-0.190695
-0.187571
-0.183691
-0.179048
-0.173645
-0.167496
-0.160622
-0.15306
-0.144857
-0.136073
-0.126783
-0.117075
-0.107048
-0.0968132
-0.0864917
-0.0762117
-0.066106
-0.0563096
-0.0469555
-0.0381721
-0.0300799
-0.0227879
-0.0163917
-0.0109715
-0.00658668
-0.00327273
-0.00108542
-0.000142262
-0.000169506
-0.00111713
-0.00314748
-0.00603263
-0.00963473
-0.0138668
-0.0186445
-0.0238891
-0.0295298
-0.0355036
-0.0417539
-0.0482304
-0.0548882
-0.0616872
-0.0685915
-0.0755689
-0.0825902
-0.0896286
-0.0966594
-0.103659
-0.110607
-0.11748
-0.124258
-0.13092
-0.137445
-0.143812
-0.149998
-0.155982
-0.161738
-0.167242
-0.172467
-0.177385
-0.181968
-0.186183
-0.19
-0.193385
-0.196301
-0.198715
-0.200588
-0.201884
-0.202566
-0.202597
-0.201943
-0.200572
-0.198454
-0.195565
-0.191886
-0.187404
-0.182117
-0.176031
-0.169163
-0.161543
-0.153216
-0.144238
-0.134684
-0.124641
-0.114212
-0.103513
-0.092672
-0.081826
-0.0711191
-0.0606988
-0.0507123
-0.0413028
-0.0326056
-0.0247448
-0.0178302
-0.0119548
-0.00718967
-0.00357909
-0.00118999
-0.000156852
-0.000171587
-0.00113102
-0.00318688
-0.00610854
-0.0097565
-0.0140427
-0.0188817
-0.0241937
-0.029907
-0.0359576
-0.0422885
-0.0488487
-0.055593
-0.0624811
-0.0694771
-0.0765489
-0.0836677
-0.090807
-0.0979429
-0.105053
-0.112116
-0.119111
-0.126019
-0.132819
-0.139492
-0.146018
-0.152375
-0.158541
-0.164493
-0.170207
-0.175656
-0.180814
-0.185651
-0.190137
-0.194237
-0.197919
-0.201145
-0.203878
-0.206079
-0.207709
-0.208727
-0.209093
-0.208767
-0.207713
-0.205896
-0.203283
-0.199851
-0.19558
-0.19046
-0.18449
-0.17768
-0.170054
-0.161651
-0.152526
-0.142748
-0.132406
-0.121603
-0.11046
-0.0991106
-0.0877018
-0.0763885
-0.0653316
-0.0546931
-0.0446323
-0.0353012
-0.0268403
-0.0193754
-0.0130144
-0.00784142
-0.00391129
-0.00130386
-0.000172882
-0.000173022
-0.00114089
-0.0032153
-0.00616385
-0.00984598
-0.0141729
-0.0190584
-0.0244217
-0.0301906
-0.0363004
-0.0426933
-0.0493181
-0.0561292
-0.0630863
-0.0701533
-0.0772986
-0.0844935
-0.0917122
-0.0989314
-0.106129
-0.113286
-0.120381
-0.127396
-0.134313
-0.141113
-0.147776
-0.154283
-0.160612
-0.166742
-0.172648
-0.178307
-0.183691
-0.188771
-0.193516
-0.197894
-0.201869
-0.205405
-0.208462
-0.211
-0.212976
-0.214347
-0.21507
-0.2151
-0.214396
-0.212916
-0.210624
-0.207486
-0.203477
-0.198578
-0.19278
-0.186086
-0.178512
-0.170091
-0.160872
-0.15092
-0.140322
-0.129182
-0.117623
-0.105785
-0.093824
-0.0819055
-0.0702042
-0.0588981
-0.0481636
-0.038171
-0.0290792
-0.021032
-0.0141542
-0.00854471
-0.00427098
-0.00142768
-0.00019047
-0.000173803
-0.0011467
-0.00323263
-0.00619838
-0.0099029
-0.0142569
-0.0191739
-0.0245724
-0.0303795
-0.0365301
-0.042966
-0.0496356
-0.0564929
-0.0634977
-0.070614
-0.0778103
-0.0850584
-0.0923332
-0.0996117
-0.106873
-0.114099
-0.121269
-0.128368
-0.135376
-0.142278
-0.149054
-0.155686
-0.162155
-0.16844
-0.174518
-0.180366
-0.185957
-0.191263
-0.196255
-0.200898
-0.205159
-0.208999
-0.212379
-0.215257
-0.217588
-0.219326
-0.220424
-0.220835
-0.22051
-0.219404
-0.217474
-0.214678
-0.210983
-0.206362
-0.200797
-0.194282
-0.186826
-0.17845
-0.169198
-0.159131
-0.14833
-0.136899
-0.124963
-0.112666
-0.100171
-0.0876555
-0.0753082
-0.0633235
-0.0518966
-0.0412174
-0.0314652
-0.0228039
-0.0153775
-0.00930219
-0.00465974
-0.00156211
-0.000209739
-0.000173929
-0.00114847
-0.0032389
-0.00621219
-0.00992731
-0.014295
-0.0192283
-0.0246455
-0.0304733
-0.0366461
-0.0431054
-0.0497991
-0.0566814
-0.0637117
-0.0708543
-0.0780779
-0.0853548
-0.0926604
-0.0999727
-0.107272
-0.114539
-0.121758
-0.128912
-0.135984
-0.142959
-0.14982
-0.156551
-0.163132
-0.169545
-0.175769
-0.181781
-0.187556
-0.193067
-0.198285
-0.203177
-0.20771
-0.211845
-0.215542
-0.218757
-0.221445
-0.223559
-0.225047
-0.225858
-0.22594
-0.225242
-0.223714
-0.221307
-0.21798
-0.213695
-0.208427
-0.202159
-0.194889
-0.186631
-0.177417
-0.167302
-0.156362
-0.144696
-0.132431
-0.119713
-0.106713
-0.0936174
-0.08063
-0.067962
-0.0558283
-0.0444405
-0.0340004
-0.0246941
-0.0166875
-0.0101162
-0.00507909
-0.00170778
-0.000230812
-0.000173411
-0.00114625
-0.0032343
-0.0062056
-0.00991973
-0.0142876
-0.0192222
-0.0246417
-0.0304725
-0.0366487
-0.0431113
-0.0498083
-0.0566934
-0.0637262
-0.0708711
-0.0780971
-0.0853769
-0.0926866
-0.100005
-0.107313
-0.114593
-0.12183
-0.129009
-0.136114
-0.143131
-0.150046
-0.156843
-0.163506
-0.170016
-0.176355
-0.182502
-0.188432
-0.194122
-0.199542
-0.204661
-0.209446
-0.213859
-0.217861
-0.221406
-0.22445
-0.226941
-0.228828
-0.230055
-0.230567
-0.230307
-0.229218
-0.227245
-0.224338
-0.220451
-0.215545
-0.209596
-0.202587
-0.194524
-0.185427
-0.175341
-0.164334
-0.152502
-0.139967
-0.126879
-0.113412
-0.0997633
-0.0861501
-0.0728013
-0.0599525
-0.0478384
-0.0366853
-0.0267046
-0.0180864
-0.010989
-0.00553042
-0.00186531
-0.000253817
-0.000172265
-0.00114016
-0.00321917
-0.00617927
-0.00988109
-0.014236
-0.0191572
-0.0245628
-0.030379
-0.0365396
-0.0429855
-0.0496642
-0.0565296
-0.0635411
-0.0706633
-0.0778655
-0.0851209
-0.0924063
-0.0997012
-0.106988
-0.11425
-0.121472
-0.128643
-0.135747
-0.142773
-0.149706
-0.156535
-0.163243
-0.169816
-0.176235
-0.182482
-0.188536
-0.194372
-0.199964
-0.205282
-0.210295
-0.214964
-0.219252
-0.223114
-0.226504
-0.22937
-0.231658
-0.233312
-0.234271
-0.234474
-0.233858
-0.232362
-0.229925
-0.226494
-0.222018
-0.21646
-0.209793
-0.202008
-0.193113
-0.183142
-0.172153
-0.160234
-0.147501
-0.134104
-0.120221
-0.106057
-0.0918428
-0.0778242
-0.0642587
-0.0514058
-0.0395186
-0.0288362
-0.0195761
-0.0119222
-0.006015
-0.00203529
-0.000278881
-0.000170524
-0.00113042
-0.00319406
-0.00613417
-0.0098129
-0.0141422
-0.0190358
-0.0244116
-0.0301959
-0.0363221
-0.042731
-0.0493699
-0.0561925
-0.0631583
-0.070232
-0.0773832
-0.0845857
-0.0918169
-0.0990572
-0.10629
-0.1135
-0.120674
-0.1278
-0.134867
-0.141863
-0.148778
-0.155599
-0.162315
-0.168911
-0.175372
-0.181681
-0.18782
-0.193766
-0.199494
-0.204979
-0.210187
-0.215086
-0.219635
-0.223794
-0.227514
-0.230745
-0.233432
-0.235516
-0.236933
-0.237619
-0.237505
-0.236522
-0.234604
-0.231685
-0.227706
-0.222614
-0.216371
-0.208952
-0.200353
-0.190591
-0.179714
-0.167797
-0.15495
-0.141319
-0.127084
-0.112455
-0.0976753
-0.0830079
-0.0687325
-0.0551347
-0.0424968
-0.0310882
-0.0211574
-0.0129172
-0.00653398
-0.00221829
-0.000306135
-0.000168231
-0.00111729
-0.00315971
-0.00607169
-0.00971724
-0.0140091
-0.0188614
-0.0241923
-0.0299278
-0.0360012
-0.0423531
-0.0489305
-0.055687
-0.0625821
-0.0695807
-0.0766529
-0.0837728
-0.0909186
-0.0980718
-0.105216
-0.112339
-0.119428
-0.126472
-0.133462
-0.140389
-0.147244
-0.154016
-0.160696
-0.167273
-0.173733
-0.180062
-0.186243
-0.192258
-0.198083
-0.203694
-0.209063
-0.214156
-0.218937
-0.223365
-0.227394
-0.230973
-0.234048
-0.236558
-0.238438
-0.239619
-0.24003
-0.239594
-0.238237
-0.235884
-0.232464
-0.227914
-0.222179
-0.215218
-0.207012
-0.197562
-0.186898
-0.175085
-0.162221
-0.148445
-0.133934
-0.118904
-0.103607
-0.0883234
-0.0733544
-0.0590134
-0.0456138
-0.0334586
-0.0228305
-0.0139751
-0.0070883
-0.00241484
-0.000335708
-0.000165444
-0.00110113
-0.00311711
-0.00599364
-0.00959686
-0.0138404
-0.0186388
-0.0239103
-0.0295809
-0.0355837
-0.0418588
-0.0483531
-0.0550201
-0.0618193
-0.0687159
-0.0756801
-0.0826868
-0.0897149
-0.0967468
-0.103768
-0.110766
-0.11773
-0.124652
-0.131525
-0.13834
-0.14509
-0.151769
-0.158369
-0.16488
-0.171293
-0.177595
-0.183773
-0.18981
-0.195687
-0.201382
-0.206868
-0.212116
-0.217092
-0.221756
-0.226065
-0.229969
-0.233414
-0.236339
-0.238678
-0.240361
-0.24131
-0.241446
-0.240687
-0.238949
-0.23615
-0.232212
-0.227068
-0.220659
-0.212947
-0.203917
-0.19358
-0.181982
-0.16921
-0.15539
-0.140695
-0.125342
-0.10959
-0.0937349
-0.0780998
-0.0630263
-0.048861
-0.0359435
-0.0245943
-0.0150961
-0.00767871
-0.0026254
-0.000367732
-0.000162237
-0.00108242
-0.00306751
-0.00590231
-0.00945524
-0.0136408
-0.0183738
-0.0235728
-0.0291633
-0.0350783
-0.0412575
-0.0476475
-0.0542018
-0.0608798
-0.0676468
-0.0744736
-0.0813356
-0.0882126
-0.0950879
-0.101948
-0.108783
-0.115582
-0.122341
-0.129051
-0.13571
-0.142311
-0.148849
-0.15532
-0.161717
-0.168033
-0.174259
-0.180384
-0.186394
-0.192274
-0.198003
-0.203561
-0.208919
-0.214046
-0.218907
-0.22346
-0.227657
-0.231447
-0.234768
-0.237555
-0.239736
-0.241231
-0.241957
-0.241825
-0.240743
-0.238619
-0.235362
-0.230889
-0.225125
-0.218012
-0.209514
-0.199621
-0.188361
-0.1758
-0.162052
-0.14728
-0.131697
-0.115568
-0.0992
-0.0829386
-0.0671535
-0.0522266
-0.0385368
-0.0264467
-0.0162802
-0.00830571
-0.00285041
-0.000402337
-0.000158702
-0.00106172
-0.00301247
-0.00580054
-0.00929668
-0.0134161
-0.0180739
-0.0231885
-0.0286851
-0.0344961
-0.0405611
-0.0468262
-0.0532447
-0.0597761
-0.0663859
-0.0730453
-0.0797305
-0.086422
-0.0931045
-0.0997658
-0.106397
-0.11299
-0.119541
-0.126045
-0.1325
-0.138903
-0.145252
-0.151544
-0.157776
-0.163943
-0.17004
-0.176058
-0.181989
-0.187818
-0.193531
-0.199108
-0.204526
-0.209757
-0.214769
-0.219524
-0.223977
-0.228078
-0.231768
-0.234983
-0.237651
-0.23969
-0.241014
-0.241529
-0.241137
-0.239735
-0.23722
-0.233495
-0.228465
-0.222055
-0.214203
-0.20488
-0.194086
-0.181869
-0.168321
-0.153592
-0.137888
-0.121475
-0.104668
-0.0878343
-0.0713707
-0.0556957
-0.0412308
-0.0283843
-0.0175265
-0.00896954
-0.00309023
-0.00043965
-0.000154949
-0.00103972
-0.00295383
-0.00569174
-0.00912637
-0.0131734
-0.0177479
-0.022768
-0.0281583
-0.0338507
-0.0397841
-0.0459044
-0.0521645
-0.0585241
-0.0649489
-0.0714107
-0.0778864
-0.0843575
-0.0908099
-0.0972329
-0.103619
-0.109962
-0.116261
-0.122512
-0.128715
-0.134871
-0.140979
-0.147041
-0.153054
-0.159019
-0.164932
-0.170789
-0.176583
-0.182307
-0.187947
-0.193488
-0.198912
-0.204195
-0.209308
-0.214217
-0.218881
-0.223253
-0.227277
-0.230892
-0.234025
-0.236596
-0.238516
-0.239689
-0.24001
-0.239368
-0.237649
-0.23474
-0.230531
-0.224923
-0.217834
-0.209206
-0.199016
-0.187281
-0.174075
-0.159524
-0.143825
-0.127237
-0.110083
-0.0927447
-0.0756486
-0.0592498
-0.0440148
-0.0304022
-0.0188335
-0.00967014
-0.00334513
-0.0004798
-0.00015111
-0.00101724
-0.00289383
-0.00558001
-0.00895052
-0.0129211
-0.0174065
-0.022324
-0.0275975
-0.033158
-0.0389438
-0.0449003
-0.0509801
-0.057143
-0.0633552
-0.0695889
-0.075822
-0.0820372
-0.0882216
-0.0943661
-0.100465
-0.106515
-0.112514
-0.118465
-0.124368
-0.130226
-0.136042
-0.141819
-0.147559
-0.153266
-0.158939
-0.164577
-0.170178
-0.175737
-0.181247
-0.186695
-0.192067
-0.197345
-0.202503
-0.207513
-0.212337
-0.216933
-0.221249
-0.225226
-0.228795
-0.231876
-0.234381
-0.236211
-0.237257
-0.237401
-0.236521
-0.234489
-0.231179
-0.226469
-0.220255
-0.21245
-0.203002
-0.191899
-0.179184
-0.164962
-0.149407
-0.132771
-0.115377
-0.0976205
-0.0799527
-0.0628666
-0.0468762
-0.0324941
-0.0201988
-0.0104071
-0.00361533
-0.000522909
-0.000147342
-0.000995259
-0.0028351
-0.00547017
-0.00877644
-0.0126692
-0.0170621
-0.0218714
-0.0270198
-0.0324371
-0.0380606
-0.0438354
-0.0497138
-0.0556556
-0.0616275
-0.0676026
-0.0735596
-0.0794828
-0.0853607
-0.091186
-0.0969548
-0.102666
-0.108321
-0.113922
-0.119474
-0.124982
-0.130453
-0.135892
-0.141305
-0.146697
-0.152072
-0.157434
-0.162783
-0.168118
-0.173437
-0.178731
-0.183992
-0.189205
-0.194349
-0.199402
-0.204331
-0.209098
-0.213656
-0.21795
-0.221916
-0.225475
-0.228542
-0.231017
-0.232788
-0.233734
-0.233724
-0.232618
-0.230273
-0.22655
-0.221317
-0.21446
-0.205895
-0.195577
-0.183514
-0.169781
-0.154527
-0.137987
-0.120479
-0.102406
-0.0842433
-0.0665201
-0.0497993
-0.034652
-0.0216192
-0.0111798
-0.00390096
-0.000569099
-0.00014383
-0.000974927
-0.00278076
-0.0053679
-0.00861273
-0.0124292
-0.0167294
-0.0214277
-0.0264449
-0.0317097
-0.0371581
-0.0427345
-0.0483911
-0.0540879
-0.0597922
-0.065478
-0.0711255
-0.0767202
-0.0822526
-0.0877173
-0.0931125
-0.0984395
-0.103702
-0.108905
-0.114056
-0.119163
-0.124236
-0.129282
-0.134311
-0.139332
-0.144353
-0.149379
-0.154416
-0.159468
-0.164534
-0.169614
-0.174701
-0.179786
-0.184856
-0.18989
-0.194863
-0.199743
-0.204487
-0.209047
-0.213361
-0.217358
-0.220953
-0.224048
-0.226533
-0.228283
-0.229159
-0.229014
-0.227691
-0.225031
-0.220878
-0.215089
-0.207546
-0.198168
-0.186924
-0.173851
-0.159069
-0.142785
-0.125306
-0.107039
-0.0884752
-0.0701799
-0.0527661
-0.0368666
-0.0230908
-0.0119871
-0.00420207
-0.000618491
-0.000140789
-0.000957591
-0.00273443
-0.00527985
-0.00846942
-0.0122148
-0.0164253
-0.0210128
-0.0258958
-0.031001
-0.0362632
-0.041626
-0.0470414
-0.0524699
-0.0578794
-0.0632453
-0.0685492
-0.0737786
-0.078926
-0.0839882
-0.0889659
-0.0938628
-0.0986851
-0.103441
-0.108141
-0.112795
-0.117416
-0.122016
-0.126606
-0.1312
-0.135808
-0.14044
-0.145106
-0.149814
-0.154567
-0.15937
-0.16422
-0.169115
-0.174045
-0.178998
-0.183952
-0.188881
-0.193751
-0.198517
-0.203125
-0.207508
-0.211587
-0.215268
-0.218441
-0.220982
-0.222749
-0.223586
-0.223326
-0.221792
-0.218806
-0.214196
-0.207809
-0.199524
-0.189269
-0.177038
-0.162909
-0.147058
-0.129772
-0.11145
-0.0925978
-0.0738118
-0.0557553
-0.0391264
-0.0246087
-0.0128277
-0.00451864
-0.000671207
-0.000138476
-0.000944841
-0.00270038
-0.00521378
-0.0083582
-0.0120416
-0.0161694
-0.0206499
-0.0253986
-0.0303397
-0.0354065
-0.0405418
-0.0456976
-0.0508347
-0.0559224
-0.0609375
-0.0658636
-0.0706904
-0.0754128
-0.0800303
-0.084546
-0.0889666
-0.0933011
-0.0975607
-0.101758
-0.105908
-0.110025
-0.114124
-0.118221
-0.122332
-0.126471
-0.130652
-0.134889
-0.139192
-0.143572
-0.148036
-0.152587
-0.157228
-0.161954
-0.166759
-0.171628
-0.176541
-0.181471
-0.186379
-0.191219
-0.19593
-0.20044
-0.204659
-0.208483
-0.211788
-0.214433
-0.216258
-0.217085
-0.216726
-0.214979
-0.211647
-0.206542
-0.199501
-0.190406
-0.179202
-0.165919
-0.150694
-0.133781
-0.115564
-0.0965549
-0.0773772
-0.0587433
-0.0414187
-0.0261673
-0.0136999
-0.0048506
-0.000727373
-0.000137193
-0.000938546
-0.00268365
-0.00517881
-0.00829268
-0.0119278
-0.0159843
-0.0203654
-0.024983
-0.0297582
-0.0346224
-0.0395177
-0.044396
-0.0492192
-0.053958
-0.0585912
-0.0631047
-0.067491
-0.0717478
-0.0758774
-0.0798864
-0.0837841
-0.0875828
-0.091297
-0.0949424
-0.0985365
-0.102097
-0.105643
-0.109194
-0.112767
-0.116382
-0.120055
-0.123805
-0.127647
-0.131593
-0.135657
-0.139847
-0.14417
-0.148628
-0.153219
-0.157935
-0.162765
-0.167685
-0.172668
-0.177672
-0.182646
-0.187524
-0.192224
-0.196649
-0.200678
-0.204174
-0.206975
-0.208898
-0.209743
-0.209293
-0.207324
-0.203613
-0.197958
-0.19019
-0.180202
-0.167968
-0.153573
-0.13723
-0.119298
-0.100285
-0.0808336
-0.0617033
-0.043729
-0.0277602
-0.0146018
-0.00519786
-0.000787125
-0.000137301
-0.000940925
-0.00269014
-0.00518559
-0.00828872
-0.0118945
-0.0158958
-0.0201896
-0.0246827
-0.0292928
-0.0339492
-0.038593
-0.0431768
-0.0476634
-0.0520257
-0.0562451
-0.0603105
-0.0642175
-0.0679672
-0.0715654
-0.075022
-0.07835
-0.0815648
-0.0846843
-0.0877277
-0.0907155
-0.0936691
-0.0966103
-0.0995613
-0.102544
-0.105581
-0.108693
-0.1119
-0.115223
-0.118679
-0.122284
-0.126052
-0.129994
-0.13412
-0.138431
-0.142928
-0.147604
-0.152446
-0.157431
-0.162527
-0.167692
-0.172869
-0.177985
-0.182949
-0.18765
-0.191953
-0.195702
-0.198711
-0.200773
-0.201657
-0.201117
-0.1989
-0.194761
-0.188482
-0.179897
-0.168919
-0.15557
-0.140012
-0.122566
-0.103721
-0.0841343
-0.0646062
-0.0460414
-0.0293804
-0.0155314
-0.00556034
-0.000850622
-0.000139235
-0.000954623
-0.00272686
-0.00524668
-0.00836488
-0.0119661
-0.0159337
-0.0201567
-0.0245356
-0.028984
-0.033429
-0.0378109
-0.0420829
-0.0462099
-0.0501674
-0.0539401
-0.0575205
-0.0609081
-0.0641081
-0.0671302
-0.0699882
-0.0726989
-0.0752815
-0.0777573
-0.0801491
-0.0824807
-0.0847768
-0.0870625
-0.0893633
-0.0917045
-0.0941114
-0.0966087
-0.0992205
-0.10197
-0.104879
-0.107968
-0.111256
-0.114758
-0.118488
-0.122455
-0.126666
-0.13112
-0.13581
-0.140724
-0.145838
-0.151119
-0.156519
-0.161976
-0.167409
-0.172716
-0.177772
-0.182424
-0.186491
-0.189762
-0.191998
-0.192934
-0.192292
-0.189785
-0.185146
-0.178148
-0.168634
-0.156558
-0.142014
-0.125271
-0.10679
-0.0872283
-0.0674199
-0.0483385
-0.0310206
-0.0164866
-0.00593806
-0.000918054
-0.000143521
-0.000982816
-0.00280218
-0.00537695
-0.00854289
-0.012171
-0.0161323
-0.0203058
-0.0245844
-0.028877
-0.033108
-0.0372177
-0.0411603
-0.0449036
-0.0484264
-0.0517176
-0.0547744
-0.0576008
-0.0602068
-0.0626066
-0.0648185
-0.0668635
-0.068765
-0.0705479
-0.0722387
-0.0738648
-0.075454
-0.0770349
-0.078636
-0.0802859
-0.0820129
-0.0838452
-0.0858101
-0.0879343
-0.0902435
-0.092762
-0.0955126
-0.0985159
-0.10179
-0.105351
-0.109209
-0.113372
-0.117841
-0.12261
-0.127666
-0.132984
-0.138527
-0.144245
-0.150068
-0.155906
-0.161645
-0.167141
-0.17222
-0.176674
-0.180259
-0.182699
-0.183691
-0.182915
-0.180053
-0.174817
-0.166976
-0.156404
-0.143117
-0.127316
-0.109416
-0.0900609
-0.0701099
-0.0506021
-0.032673
-0.0174656
-0.0063312
-0.000989664
-0.000150807
-0.00102936
-0.00292612
-0.00559405
-0.00884831
-0.0125421
-0.0165308
-0.0206809
-0.0248766
-0.0290209
-0.0330363
-0.0368628
-0.040457
-0.0437903
-0.046846
-0.0496184
-0.0521102
-0.0543311
-0.0562964
-0.0580259
-0.0595426
-0.0608724
-0.062043
-0.0630834
-0.0640239
-0.0648953
-0.065729
-0.0665567
-0.06741
-0.0683205
-0.0693196
-0.0704385
-0.0717076
-0.0731569
-0.0748156
-0.0767114
-0.0788713
-0.0813202
-0.084081
-0.0871742
-0.090617
-0.0944228
-0.0986
-0.103151
-0.108071
-0.113346
-0.11895
-0.124845
-0.130973
-0.137259
-0.143601
-0.149868
-0.155898
-0.161489
-0.166399
-0.170347
-0.173011
-0.174044
-0.17308
-0.169769
-0.163805
-0.154972
-0.143196
-0.128593
-0.111515
-0.0925729
-0.0726395
-0.0528129
-0.0343302
-0.018467
-0.00674025
-0.00106578
-0.000161897
-0.00109895
-0.00311081
-0.00591906
-0.00931128
-0.0131177
-0.0171742
-0.021332
-0.0254647
-0.0294696
-0.0332668
-0.0367975
-0.0400216
-0.0429152
-0.0454679
-0.0476804
-0.0495621
-0.0511296
-0.0524046
-0.0534128
-0.0541831
-0.0547463
-0.0551349
-0.0553824
-0.0555228
-0.0555906
-0.0556207
-0.0556476
-0.0557062
-0.0558308
-0.0560557
-0.0564148
-0.0569415
-0.0576686
-0.0586285
-0.0598524
-0.0613706
-0.0632121
-0.0654042
-0.0679721
-0.0709385
-0.0743229
-0.0781406
-0.082402
-0.087111
-0.0922636
-0.0978455
-0.10383
-0.110175
-0.116818
-0.123675
-0.130629
-0.137534
-0.144199
-0.150391
-0.155828
-0.160181
-0.163076
-0.164111
-0.162874
-0.158982
-0.152124
-0.142122
-0.12899
-0.112997
-0.0947007
-0.0749692
-0.0549508
-0.0359852
-0.01949
-0.00716617
-0.00114683
-0.000177803
-0.00119739
-0.003371
-0.00637732
-0.00996749
-0.0139425
-0.0181139
-0.0223147
-0.0264065
-0.0302804
-0.0338551
-0.0370738
-0.0399014
-0.0423207
-0.044329
-0.0459351
-0.0471568
-0.0480184
-0.0485491
-0.0487816
-0.048751
-0.0484939
-0.0480477
-0.0474504
-0.0467402
-0.0459552
-0.0451335
-0.0443128
-0.0435306
-0.042824
-0.0422299
-0.0417847
-0.0415244
-0.0414845
-0.0416999
-0.0422051
-0.0430336
-0.0442177
-0.0457889
-0.0477768
-0.050209
-0.0531109
-0.0565042
-0.0604068
-0.0648313
-0.0697833
-0.0752602
-0.0812479
-0.0877185
-0.0946261
-0.101903
-0.109451
-0.117142
-0.124803
-0.132215
-0.139103
-0.145136
-0.149925
-0.153036
-0.154003
-0.152365
-0.147714
-0.139756
-0.128387
-0.113766
-0.0963753
-0.0770568
-0.0569956
-0.0376317
-0.0205353
-0.00761061
-0.00123344
-0.000199812
-0.00133193
-0.00372479
-0.0069994
-0.0108593
-0.0150684
-0.0194086
-0.023691
-0.0277644
-0.0315135
-0.0348567
-0.0377414
-0.0401395
-0.0420425
-0.0434577
-0.0444039
-0.0449087
-0.0450058
-0.0447329
-0.0441306
-0.0432408
-0.0421062
-0.0407697
-0.039274
-0.0376613
-0.0359735
-0.0342517
-0.0325365
-0.0308681
-0.0292861
-0.0278296
-0.0265371
-0.0254471
-0.0245973
-0.0240252
-0.0237676
-0.0238609
-0.0243409
-0.0252422
-0.0265987
-0.0284425
-0.0308042
-0.0337118
-0.0371901
-0.0412598
-0.0459364
-0.0512279
-0.0571332
-0.0636391
-0.0707162
-0.0783148
-0.086359
-0.0947395
-0.103306
-0.111858
-0.120137
-0.127819
-0.134509
-0.139749
-0.143029
-0.143813
-0.141595
-0.135955
-0.126654
-0.113716
-0.0975213
-0.0788568
-0.0589264
-0.0392652
-0.0216051
-0.00807622
-0.00132646
-0.000229579
-0.00151163
-0.0041945
-0.00782237
-0.0120369
-0.0165557
-0.0211243
-0.0255291
-0.0296042
-0.0332295
-0.0363249
-0.0388445
-0.04077
-0.0421046
-0.042868
-0.0430912
-0.0428136
-0.0420796
-0.0409369
-0.0394346
-0.0376221
-0.0355488
-0.0332632
-0.0308127
-0.0282438
-0.0256018
-0.0229308
-0.0202743
-0.0176747
-0.0151736
-0.0128122
-0.0106312
-0.00867059
-0.00697026
-0.00556965
-0.00450793
-0.0038239
-0.00355597
-0.00374208
-0.00441951
-0.00562469
-0.00739287
-0.00975767
-0.0127505
-0.0163999
-0.0207302
-0.0257602
-0.0315011
-0.0379544
-0.0451074
-0.0529299
-0.0613674
-0.0703346
-0.0797061
-0.0893065
-0.0988994
-0.108176
-0.116749
-0.124147
-0.129823
-0.133179
-0.133607
-0.130562
-0.123647
-0.112731
-0.0980543
-0.0803191
-0.0607219
-0.0408829
-0.0227041
-0.00856712
-0.0014271
-0.000269261
-0.00174803
-0.00480788
-0.00889132
-0.01356
-0.0184739
-0.023335
-0.0279015
-0.0319931
-0.0354861
-0.0383055
-0.0404155
-0.0418114
-0.0425116
-0.0425511
-0.0419759
-0.0408391
-0.0391976
-0.03711
-0.0346349
-0.0318301
-0.0287516
-0.0254538
-0.021989
-0.0184076
-0.0147584
-0.0110883
-0.00744301
-0.00386708
-0.000404013
0.00290342
0.00601306
0.00888321
0.0114725
0.0137398
0.0156441
0.0171445
0.0182003
0.0187708
0.0188157
0.0182948
0.0171686
0.0153983
0.0129464
0.00977737
0.00585836
0.00116048
-0.00433956
-0.0106571
-0.0177964
-0.0257465
-0.0344756
-0.0439238
-0.0539938
-0.0645396
-0.0753538
-0.0861531
-0.0965657
-0.106121
-0.114252
-0.120305
-0.123582
-0.123403
-0.119207
-0.110677
-0.0978782
-0.0813872
-0.0623599
-0.0424849
-0.0238404
-0.00908942
-0.00153706
-0.000321702
-0.00205585
-0.00559963
-0.0102613
-0.0154994
-0.0209026
-0.0261217
-0.0308838
-0.0349951
-0.0383323
-0.0408295
-0.0424663
-0.0432565
-0.0432377
-0.0424639
-0.0409989
-0.0389119
-0.036274
-0.0331557
-0.0296262
-0.0257516
-0.0215953
-0.0172174
-0.0126749
-0.00802202
-0.00331059
0.00140989
0.00609173
0.0106887
0.015156
0.0194494
0.0235258
0.0273422
0.0308561
0.0340251
0.0368068
0.0391586
0.0410379
0.0424017
0.043207
0.0434104
0.0429684
0.0418379
0.0399758
0.0373401
0.03389
0.0295873
0.0243975
0.0182918
0.0112496
0.00326286
-0.00565943
-0.0154837
-0.0261428
-0.0375241
-0.049455
-0.0616859
-0.0738729
-0.0855611
-0.0961758
-0.105026
-0.111334
-0.114289
-0.113153
-0.1074
-0.0968797
-0.0819947
-0.0638159
-0.0440741
-0.0250269
-0.00965215
-0.0016588
-0.000390712
-0.0024542
-0.00661345
-0.0119994
-0.0179385
-0.0239314
-0.0295701
-0.0345491
-0.0386644
-0.0417984
-0.0439015
-0.0449751
-0.0450574
-0.0442106
-0.0425119
-0.040046
-0.0369004
-0.033162
-0.0289147
-0.0242383
-0.019208
-0.0138942
-0.00836272
-0.00267501
0.00311121
0.00894155
0.0147644
0.0205306
0.0261927
0.0317047
0.037022
0.0421005
0.0468966
0.051367
0.0554685
0.0591576
0.0623906
0.0651233
0.0673109
0.068908
0.0698685
0.0701457
0.0696924
0.0684605
0.0664022
0.0634697
0.059616
0.0547963
0.0489692
0.0420988
0.0341586
0.0251353
0.0150358
0.003896
-0.00820743
-0.0211416
-0.0346985
-0.0485732
-0.0623411
-0.0754391
-0.0871574
-0.0966531
-0.102998
-0.105272
-0.102715
-0.094921
-0.0820601
-0.0650608
-0.0456572
-0.0262824
-0.0102683
-0.00179581
-0.00048147
-0.0029681
-0.00790474
-0.014188
-0.0209745
-0.0276586
-0.0337663
-0.0389605
-0.0430334
-0.045882
-0.0474823
-0.0478665
-0.0471047
-0.0452897
-0.0425264
-0.038924
-0.0345905
-0.02963
-0.0241405
-0.018213
-0.0119316
-0.00537346
0.00139031
0.0082943
0.0152779
0.0222848
0.0292617
0.0361587
0.0429276
0.0495222
0.0558973
0.0620089
0.067813
0.0732662
0.0783247
0.0829446
0.0870812
0.0906894
0.0937229
0.0961345
0.0978759
0.0988976
0.0991486
0.0985769
0.0971293
0.0947517
0.0913895
0.0869882
0.081495
0.07486
0.0670391
0.0579977
0.0477168
0.0362006
0.0234885
0.00966979
-0.00509538
-0.0205516
-0.0363197
-0.0518678
-0.06649
-0.0793027
-0.0892747
-0.0953097
-0.0963964
-0.0918285
-0.0814778
-0.0660565
-0.0472439
-0.0276341
-0.0109569
-0.00195318
-0.000601175
-0.00363079
-0.00954431
-0.0169273
-0.0247192
-0.0321877
-0.0387878
-0.0441565
-0.0480937
-0.0505242
-0.0514626
-0.0509831
-0.0491968
-0.0462341
-0.0422325
-0.0373288
-0.0316538
-0.0253299
-0.0184693
-0.0111742
-0.00353709
0.00435863
0.0124375
0.0206308
0.0288762
0.0371158
0.045296
0.0533664
0.0612791
0.068988
0.0764485
0.0836166
0.0904491
0.0969025
0.102933
0.108497
0.11355
0.118045
0.121935
0.125172
0.127706
0.129485
0.130455
0.13056
0.129743
0.127944
0.125102
0.121154
0.116036
0.109686
0.102045
0.0930565
0.0826781
0.0708829
0.0576724
0.0430905
0.0272443
0.0103304
-0.00733159
-0.025262
-0.042785
-0.0590055
-0.072816
-0.082958
-0.0881607
-0.0873766
-0.0801053
-0.0667479
-0.0488456
-0.0291196
-0.011745
-0.00213847
-0.000760086
-0.00448727
-0.0116234
-0.020339
-0.0292972
-0.0376183
-0.0446871
-0.0501279
-0.0537664
-0.055575
-0.055624
-0.0540438
-0.0509971
-0.0466591
-0.0412051
-0.0348024
-0.027606
-0.0197566
-0.0113807
-0.0025906
0.00651387
0.0158443
0.0253219
0.0348763
0.0444442
0.0539676
0.0633933
0.0726717
0.0817558
0.0906007
0.0991628
0.107399
0.115268
0.122726
0.129731
0.136238
0.142204
0.147582
0.152325
0.156383
0.159705
0.162238
0.163925
0.164707
0.164524
0.163311
0.161
0.157523
0.152806
0.146776
0.139359
0.130482
0.120078
0.108092
0.0944881
0.0792645
0.0624719
0.0442409
0.0248183
0.00461105
-0.0157639
-0.0354354
-0.0532567
-0.0678347
-0.0776447
-0.0812644
-0.0777415
-0.0670493
-0.0504713
-0.0307903
-0.0126725
-0.00236307
-0.000973307
-0.00559975
-0.0142604
-0.0245695
-0.0348404
-0.04403
-0.0514639
-0.0567785
-0.059855
-0.0607401
-0.0595823
-0.056585
-0.051974
-0.0459773
-0.0388119
-0.0306774
-0.0217532
-0.0121978
-0.00215005
0.00826909
0.0189545
0.0298148
0.0407698
0.0517492
0.0626902
0.0735365
0.0842365
0.0947426
0.10501
0.114996
0.124658
0.133956
0.14285
0.151298
0.159258
0.166689
0.173545
0.179782
0.185352
0.190206
0.194291
0.197553
0.199935
0.201374
0.201808
0.201168
0.199382
0.196375
0.192066
0.186373
0.179208
0.170485
0.160114
0.148015
0.134116
0.118371
0.100773
0.0813824
0.0603609
0.0380241
0.0148998
-0.00820573
-0.0301541
-0.0494626
-0.064377
-0.0730826
-0.0740957
-0.0668212
-0.0521182
-0.032714
-0.0137977
-0.00264476
-0.00126396
-0.00705642
-0.0176105
-0.0297902
-0.0414735
-0.0514493
-0.0590152
-0.063863
-0.0659723
-0.0655015
-0.0627047
-0.0578771
-0.0513199
-0.0433197
-0.034138
-0.0240064
-0.0131269
-0.00167314
0.0102067
0.0223864
0.0347586
0.0472319
0.0597275
0.0721774
0.0845219
0.0967078
0.108687
0.120416
0.131853
0.142957
0.153692
0.164019
0.173899
0.183294
0.192164
0.200469
0.208166
0.215211
0.221557
0.227154
0.231951
0.235893
0.238921
0.240973
0.241983
0.24188
0.240589
0.23803
0.234116
0.228757
0.221857
0.213313
0.203022
0.190876
0.176775
0.160628
0.142373
0.121996
0.099569
0.075297
0.0495899
0.0231443
-0.00296864
-0.027241
-0.04774
-0.0622663
-0.0687378
-0.0658305
-0.0537522
-0.0349766
-0.0152076
-0.00301217
-0.00166906
-0.00898591
-0.0218771
-0.0361919
-0.0492812
-0.0597902
-0.0670517
-0.0708841
-0.0714279
-0.0689999
-0.0639922
-0.056811
-0.0478426
-0.0374353
-0.0258938
-0.0134783
-0.000408336
0.0131328
0.0269928
0.0410454
0.0551858
0.0693266
0.0833942
0.097326
0.111068
0.124574
0.1378
0.150708
0.163261
0.175425
0.187165
0.198448
0.209238
0.219501
0.229199
0.238294
0.246746
0.254512
0.261547
0.267803
0.273228
0.277769
0.281366
0.283956
0.285474
0.285846
0.284995
0.282839
0.279286
0.27424
0.267597
0.259246
0.249067
0.236933
0.222717
0.206289
0.187534
0.166367
0.142762
0.116804
0.0887576
0.0591632
0.0289571
-0.000413033
-0.0269207
-0.0480307
-0.0610251
-0.0636842
-0.0552685
-0.0376781
-0.017033
-0.00351303
-0.00225063
-0.0115811
-0.0273247
-0.0439621
-0.0582398
-0.0687415
-0.0749539
-0.0769304
-0.0750568
-0.0698647
-0.061917
-0.0517464
-0.0398276
-0.0265675
-0.0123063
0.00267614
0.0181524
0.0339387
0.0498872
0.065879
0.0818183
0.0976274
0.113243
0.128611
0.143689
0.158436
0.17282
0.186808
0.20037
0.213479
0.226105
0.23822
0.249794
0.260795
0.27119
0.280945
0.290021
0.298379
0.305976
0.312766
0.318698
0.32372
0.327773
0.330797
0.332723
0.33348
0.332989
0.331165
0.327918
0.323145
0.316738
0.308579
0.298536
0.286468
0.272224
0.255642
0.236559
0.214822
0.190311
0.162981
0.132931
0.100502
0.0664218
0.0319725
-0.000850558
-0.029283
-0.0499925
-0.0597183
-0.0564137
-0.0409127
-0.0194707
-0.00422933
-0.00311706
-0.0151375
-0.034284
-0.0532187
-0.0680735
-0.0775626
-0.0815285
-0.0804169
-0.0749633
-0.0659728
-0.0542037
-0.040319
-0.0248728
-0.00831513
0.00899524
0.0267763
0.0448084
0.0629214
0.0809838
0.0988945
0.116575
0.133965
0.151016
0.167689
0.183955
0.199785
0.215156
0.230047
0.244437
0.258305
0.271628
0.284386
0.296552
0.308102
0.319006
0.329233
0.338751
0.347521
0.355504
0.362657
0.368931
0.374277
0.378638
0.381953
0.384158
0.38518
0.384943
0.383363
0.380345
0.375791
0.369587
0.361611
0.351725
0.339778
0.3256
0.309004
0.289788
0.267737
0.242644
0.214334
0.182726
0.147929
0.110389
0.0711033
0.0318677
-0.00450689
-0.0341932
-0.052818
-0.0566359
-0.0447078
-0.0228104
-0.00530394
-0.00446319
-0.0201105
-0.0431224
-0.0638414
-0.0779596
-0.0847077
-0.084601
-0.0786835
-0.0681504
-0.0541225
-0.037554
-0.0192157
0.000290267
0.0205038
0.0410791
0.0617597
0.0823571
0.102734
0.122792
0.142459
0.161684
0.180433
0.198679
0.216404
0.233592
0.250234
0.266318
0.281836
0.296775
0.311125
0.324872
0.338001
0.350493
0.362329
0.373485
0.383936
0.39365
0.402597
0.410739
0.418036
0.424444
0.429915
0.434396
0.437829
0.440152
0.441296
0.441186
0.439739
0.436866
0.432465
0.426427
0.418626
0.408925
0.397165
0.383165
0.366722
0.347601
0.32554
0.300253
0.271446
0.23886
0.202347
0.162013
0.118446
0.0730412
0.0283828
-0.0114731
-0.0411274
-0.0548033
-0.048866
-0.0274482
-0.00698365
-0.00664101
-0.0271811
-0.0540943
-0.0750575
-0.0859285
-0.0871475
-0.0803474
-0.0673924
-0.0500108
-0.0296262
-0.00733493
0.0160513
0.0399478
0.0639429
0.0877523
0.111184
0.134111
0.156454
0.178162
0.199211
0.219587
0.239287
0.258313
0.276672
0.294368
0.311409
0.3278
0.343543
0.358641
0.37309
0.386887
0.400024
0.41249
0.424271
0.435349
0.445703
0.455309
0.464139
0.472159
0.479334
0.485624
0.490985
0.495367
0.498717
0.500976
0.502079
0.501955
0.500526
0.497706
0.493398
0.487496
0.479879
0.470408
0.458927
0.445252
0.429167
0.410422
0.388718
0.363709
0.335
0.302169
0.264813
0.222661
0.175789
0.124972
0.0722113
0.0213356
-0.0215983
-0.0486897
-0.0525886
-0.0338212
-0.00967117
-0.0102537
-0.0372383
-0.0668236
-0.0844582
-0.0876632
-0.0791795
-0.0622509
-0.0396899
-0.0137001
0.0141251
0.0426944
0.071288
0.0994482
0.126896
0.153473
0.179099
0.203743
0.227405
0.250105
0.271872
0.29274
0.312744
0.331918
0.350294
0.367901
0.384764
0.400902
0.416334
0.431071
0.445121
0.458489
0.471174
0.483172
0.494476
0.505073
0.514948
0.52408
0.532446
0.540019
0.546768
0.552655
0.557642
0.561685
0.564735
0.566737
0.567633
0.567358
0.565839
0.562996
0.558741
0.552973
0.545577
0.536424
0.525361
0.512209
0.496754
0.478737
0.457844
0.43369
0.405808
0.373644
0.33657
0.293947
0.245277
0.190529
0.130721
0.0687996
0.0106843
-0.0340591
-0.0536122
-0.0420291
-0.0139092
-0.0161374
-0.0508516
-0.0786893
-0.085723
-0.0741998
-0.0504775
-0.0196315
0.0147929
0.0504622
0.085949
0.120441
0.153516
0.184989
0.214815
0.243027
0.2697
0.294927
0.318806
0.341433
0.362899
0.383286
0.402668
0.42111
0.438668
0.455392
0.471322
0.486494
0.500934
0.514666
0.527705
0.540064
0.551747
0.562757
0.573092
0.582744
0.591702
0.599951
0.607472
0.614243
0.620236
0.625421
0.629764
0.633225
0.635763
0.637329
0.637872
0.637333
0.635649
0.632748
0.62855
0.622967
0.615894
0.607212
0.596782
0.584435
0.569971
0.553137
0.533624
0.511035
0.484869
0.454492
0.419111
0.377778
0.32945
0.273202
0.208719
0.137285
0.063406
-0.00311303
-0.0463499
-0.0505331
-0.0199786
-0.0246201
-0.0658501
-0.0802521
-0.0636523
-0.0278754
0.0166967
0.0639986
0.110703
0.155137
0.196614
0.234977
0.270337
0.302921
0.332994
0.360822
0.38665
0.4107
0.433162
0.454203
0.473965
0.49257
0.510122
0.526707
0.542401
0.557264
0.57135
0.5847
0.59735
0.609328
0.620655
0.631347
0.641413
0.65086
0.659689
0.667897
0.675475
0.682414
0.688698
0.69431
0.699227
0.703424
0.706873
0.709541
0.711393
0.712388
0.712484
0.71163
0.709774
0.706854
0.702805
0.697548
0.690996
0.683047
0.673579
0.662444
0.649464
0.634413
0.617002
0.596859
0.573495
0.54626
0.514295
0.476466
0.431327
0.377148
0.312162
0.23533
0.148146
0.0578782
-0.0183937
-0.0528652
-0.0262209
-0.0312986
-0.0687268
-0.0436721
0.0154758
0.0836842
0.150388
0.211703
0.266453
0.31477
0.357332
0.394945
0.428374
0.458283
0.48523
0.509675
0.53199
0.552481
0.571393
0.58893
0.605257
0.620509
0.6348
0.648222
0.660851
0.672751
0.683976
0.694567
0.704559
0.71398
0.722851
0.731189
0.739004
0.746304
0.753091
0.759363
0.765117
0.770343
0.775033
0.779171
0.782741
0.785723
0.788096
0.789834
0.79091
0.791292
0.790946
0.789836
0.787918
0.785146
0.781469
0.776825
0.771147
0.764353
0.756346
0.74701
0.736199
0.723727
0.709356
0.692769
0.673542
0.651094
0.624622
0.592998
0.554646
0.507385
0.448321
0.374026
0.281702
0.172056
0.0556972
-0.0301858
-0.0232112
-0.000660348
0.000353158
0.104334
0.217908
0.312103
0.388131
0.449786
0.500018
0.541357
0.575877
0.605152
0.630346
0.652321
0.671723
0.689036
0.70463
0.718789
0.731736
0.743644
0.754654
0.764877
0.774403
0.783305
0.791644
0.799468
0.806816
0.813721
0.82021
0.826302
0.832014
0.837357
0.842339
0.846966
0.85124
0.855159
0.858722
0.861923
0.864754
0.867207
0.869269
0.870929
0.87217
0.872977
0.873332
0.873213
0.872598
0.871462
0.869778
0.867516
0.864641
0.861112
0.856886
0.851908
0.846114
0.839424
0.831739
0.822933
0.81284
0.801238
0.787824
0.772178
0.753699
0.73151
0.70431
0.670123
0.625909
0.567062
0.48705
0.376958
0.228427
0.0726434
0.0309694
0.292184
0.379306
0.530608
0.644332
0.714298
0.760019
0.792314
0.816132
0.834338
0.848761
0.860549
0.870429
0.878885
0.886245
0.892742
0.898544
0.903776
0.908533
0.912888
0.916896
0.920603
0.924045
0.927251
0.930242
0.933039
0.935656
0.938106
0.940397
0.942538
0.944533
0.946388
0.948105
0.949685
0.951128
0.952435
0.953603
0.95463
0.955514
0.956249
0.956832
0.957257
0.957518
0.95761
0.957524
0.957253
0.956788
0.956121
0.95524
0.954134
0.952789
0.951192
0.949325
0.947167
0.944692
0.941872
0.938666
0.935024
0.930881
0.926147
0.920701
0.914371
0.906909
0.897943
0.886902
0.872863
0.854247
0.828214
0.789432
0.726146
0.611349
0.435852
0.317985
)
;

boundaryField
{
    movingWall
    {
        type            calculated;
        value           uniform 1;
    }
    fixedWalls
    {
        type            calculated;
        value           uniform 0;
    }
    frontAndBack
    {
        type            empty;
    }
}


// ************************************************************************* //
