/*--------------------------------*- C++ -*----------------------------------*\
  =========                 |
  \\      /  F ield         | OpenFOAM: The Open Source CFD Toolbox
   \\    /   O peration     | Website:  https://openfoam.org
    \\  /    A nd           | Version:  dev
     \\/     M anipulation  |
\*---------------------------------------------------------------------------*/
FoamFile
{
    format      ascii;
    class       volScalarField;
    location    "47.25";
    object      p;
}
// * * * * * * * * * * * * * * * * * * * * * * * * * * * * * * * * * * * * * //

dimensions      [0 2 -2 0 0 0 0];

internalField   nonuniform List<scalar> 
5184
(
7.35931e-07
-1.13204e-05
-9.73277e-05
-0.000250273
-0.000449761
-0.000678519
-0.00092232
-0.00116918
-0.00140995
-0.00163748
-0.00184636
-0.00203256
-0.00219313
-0.00232599
-0.00242965
-0.00250312
-0.00254571
-0.00255699
-0.00253668
-0.00248462
-0.00240072
-0.00228496
-0.0021374
-0.00195816
-0.00174749
-0.00150576
-0.00123352
-0.000931507
-0.000600723
-0.000242437
0.000141769
0.000549966
0.000979861
0.00142878
0.00189366
0.00237105
0.00285714
0.00334775
0.00383842
0.00432439
0.00480072
0.00526234
0.00570412
0.00612097
0.00650794
0.00686032
0.00717375
0.00744428
0.00766856
0.00784384
0.00796811
0.00804018
0.00805968
0.0080272
0.00794422
0.00781319
0.00763751
0.0074215
0.00717037
0.00689018
0.0065878
0.00627085
0.00594762
0.0056271
0.00531883
0.00503289
0.00477982
0.00457021
0.00441405
0.00431975
0.0042928
0.00432008
1.37529e-05
1.2143e-06
-7.34268e-05
-0.000201245
-0.000366573
-0.000556932
-0.000761392
-0.000970343
-0.00117586
-0.00137154
-0.00155235
-0.00171437
-0.00185463
-0.0019709
-0.00206153
-0.00212533
-0.00216145
-0.00216926
-0.00214836
-0.00209845
-0.00201936
-0.00191099
-0.00177336
-0.00160657
-0.00141084
-0.00118654
-0.0009342
-0.000654549
-0.000348546
-1.74066e-05
0.000337363
0.000713943
0.00111018
0.00152359
0.00195133
0.0023902
0.0028367
0.003287
0.00373701
0.00418239
0.00461865
0.00504118
0.00544535
0.00582656
0.00618036
0.00650253
0.00678915
0.00703674
0.00724232
0.0074035
0.00751857
0.00758653
0.00760718
0.00758115
0.00750991
0.00739579
0.00724198
0.00705248
0.00683212
0.00658643
0.00632167
0.00604473
0.00576304
0.00548453
0.00521751
0.00497056
0.00475235
0.00457126
0.00443459
0.00434829
0.00431973
0.00434732
0.000100348
7.5645e-05
2.83885e-07
-0.000117305
-0.000265081
-0.000433406
-0.000613567
-0.000797724
-0.000979177
-0.00115237
-0.00131278
-0.00145682
-0.00158169
-0.00168521
-0.00176574
-0.00182203
-0.00185316
-0.00185844
-0.00183736
-0.00178958
-0.00171484
-0.00161301
-0.00148404
-0.001328
-0.00114508
-0.000935594
-0.000700041
-0.0004391
-0.000153666
0.000155118
0.000485842
0.000836801
0.00120598
0.00159106
0.00198938
0.00239798
0.00281357
0.00323261
0.00365128
0.00406557
0.00447131
0.00486423
0.00524003
0.00559447
0.00592343
0.00622303
0.00648967
0.00672016
0.00691177
0.00706236
0.00717037
0.00723496
0.00725602
0.00723419
0.00717092
0.00706844
0.00692976
0.00675866
0.00655964
0.00633784
0.00609904
0.00584954
0.0055961
0.00534584
0.00510615
0.00488446
0.00468827
0.00452461
0.00439955
0.00431832
0.00429055
0.0043212
0.000255434
0.000204042
0.000116218
-2.77849e-06
-0.000145277
-0.000303494
-0.000470303
-0.000639329
-0.000805032
-0.000962721
-0.00110852
-0.0012393
-0.00135254
-0.00144629
-0.00151901
-0.00156953
-0.00159693
-0.00160053
-0.0015798
-0.00153436
-0.0014639
-0.00136825
-0.00124732
-0.00110112
-0.000929777
-0.000733564
-0.000512901
-0.000268395
-8.55964e-07
0.00028867
0.00059888
0.000928195
0.00127474
0.00163635
0.00201054
0.00239452
0.00278523
0.00317932
0.0035732
0.0039631
0.00434507
0.00471509
0.00506911
0.00540311
0.00571321
0.00599574
0.0062473
0.00646488
0.00664593
0.00678842
0.00689092
0.00695266
0.00697355
0.00695424
0.00689614
0.00680138
0.00667286
0.00651415
0.00632948
0.00612371
0.00590222
0.00567086
0.00543583
0.00520364
0.00498094
0.00477442
0.00459068
0.00443599
0.00431577
0.00423512
0.0042041
0.00422938
0.00046027
0.000371671
0.000263051
0.000135308
-9.10445e-06
-0.000164019
-0.000323663
-0.000483032
-0.000637715
-0.000783911
-0.000918436
-0.00103868
-0.00114253
-0.0012283
-0.00129465
-0.00134054
-0.00136513
-0.00136778
-0.00134798
-0.00130531
-0.00123946
-0.00115021
-0.00103741
-0.000901028
-0.000741115
-0.000557863
-0.000351612
-0.000122871
0.000127651
0.000399024
0.00069007
0.000999345
0.00132513
0.00166539
0.00201784
0.00237985
0.00274853
0.00312074
0.00349307
0.00386193
0.00422357
0.00457417
0.00490984
0.00522675
0.00552117
0.00578957
0.00602871
0.00623569
0.00640805
0.00654384
0.0066417
0.00670087
0.00672129
0.00670359
0.00664911
0.0065599
0.00643873
0.006289
0.00611473
0.00592051
0.00571138
0.0054928
0.00527051
0.00505049
0.00483877
0.0046414
0.00446429
0.00431305
0.00419264
0.00410783
0.00406744
0.00407731
0.000698682
0.000566644
0.000431448
0.000289365
0.000137383
-1.9721e-05
-0.000177341
-0.000331733
-0.00047956
-0.000617896
-0.000744267
-0.000856625
-0.000953299
-0.00103294
-0.00109445
-0.00113697
-0.00115979
-0.00116234
-0.00114413
-0.00110476
-0.00104392
-0.000961333
-0.00085681
-0.000730238
-0.000581601
-0.000410998
-0.000218666
-5.00554e-06
0.000229395
0.000483734
0.000756971
0.00104781
0.00135467
0.0016757
0.00200874
0.00235136
0.00270081
0.00305411
0.00340803
0.00375911
0.00410377
0.00443831
0.00475896
0.00506202
0.00534386
0.00560103
0.00583037
0.00602903
0.0061946
0.00632516
0.00641935
0.00647641
0.00649626
0.00647947
0.00642734
0.00634182
0.00622555
0.00608179
0.00591438
0.00572767
0.00552644
0.0053158
0.00510114
0.00488794
0.00468178
0.00448813
0.00431234
0.00415947
0.00403406
0.0039405
0.00388532
0.00387227
0.000956875
0.000778081
0.000612503
0.000451915
0.000287944
0.000124199
-3.56984e-05
-0.000189144
-0.000333805
-0.000467591
-0.000588731
-0.000695753
-0.00078745
-0.000862839
-0.000921116
-0.000961622
-0.000983802
-0.000987179
-0.000971334
-0.000935891
-0.000880513
-0.000804907
-0.000708825
-0.000592084
-0.000454578
-0.000296306
-0.000117389
8.18949e-05
0.000301092
0.00053954
0.000796346
0.00107036
0.00136017
0.00166407
0.00198006
0.00230585
0.00263885
0.00297622
0.00331483
0.00365138
0.00398236
0.00430417
0.00461313
0.00490559
0.00517795
0.00542682
0.00564903
0.00584174
0.00600254
0.00612946
0.00622113
0.00627673
0.00629612
0.00627981
0.00622903
0.00614563
0.00603214
0.0058917
0.00572798
0.00554513
0.00534771
0.00514059
0.00492881
0.00471754
0.00451192
0.004317
0.00413765
0.00397845
0.00384363
0.00373722
0.0036629
0.0036219
0.00122272
0.000995838
0.000797619
0.000615669
0.000436501
0.000262755
9.72246e-05
-5.85203e-05
-0.000203071
-0.000335129
-0.000453601
-0.000557585
-0.000646345
-0.00071928
-0.000775888
-0.000815742
-0.000838456
-0.00084367
-0.000831035
-0.000800206
-0.000750844
-0.000682625
-0.000595246
-0.000488444
-0.000362019
-0.000215857
-4.99545e-05
0.000135548
0.00034034
0.000563911
0.000805523
0.00106419
0.00133864
0.00162734
0.00192842
0.00223975
0.00255886
0.00288303
0.00320924
0.00353426
0.00385466
0.00416689
0.00446731
0.00475225
0.00501814
0.00526154
0.00547926
0.00566839
0.00582647
0.00595146
0.0060419
0.0060969
0.00611622
0.00610029
0.00605022
0.00596779
0.00585542
0.00571611
0.00555342
0.00537133
0.00517424
0.00496677
0.00475377
0.00454011
0.00433064
0.00413007
0.00394285
0.0037732
0.00362511
0.00350231
0.00340553
0.00333336
0.00148595
0.00121076
0.000978731
0.000773586
0.000576997
0.0003908
0.00021708
5.6478e-05
-9.04506e-05
-0.000223149
-0.000341166
-0.000444155
-0.000531845
-0.000604016
-0.000660474
-0.00070103
-0.000725476
-0.000733578
-0.00072506
-0.000699616
-0.000656906
-0.000596572
-0.000518251
-0.000421597
-0.000306306
-0.000172142
-1.89675e-05
0.000153225
0.000344278
0.000553843
0.000781345
0.00102596
0.00128658
0.00156181
0.00184996
0.00214899
0.00245658
0.00277008
0.00308658
0.0034029
0.00371565
0.00402128
0.00431615
0.00459657
0.0048589
0.00509964
0.0053155
0.00550348
0.005661
0.00578591
0.00587662
0.00593213
0.00595206
0.00593673
0.00588713
0.00580493
0.00569245
0.00555258
0.00538875
0.00520485
0.00500511
0.00479402
0.00457622
0.00435642
0.00413923
0.00392912
0.00373028
0.00354657
0.00338189
0.00323976
0.003118
0.00301267
0.00173757
0.00141458
0.00114834
0.000918934
0.00070346
0.000503078
0.000319264
0.000151815
5.02392e-07
-0.000134808
-0.000254274
-0.000358078
-0.000446397
-0.000519387
-0.000577155
-0.000619748
-0.000647139
-0.000659216
-0.000655782
-0.000636564
-0.000601221
-0.000549358
-0.000480548
-0.000394354
-0.000290357
-0.000168193
-2.75793e-05
0.000131647
0.000309494
0.000505781
0.000720105
0.000951809
0.00119995
0.0014633
0.00174028
0.00202901
0.00232725
0.00263246
0.00294178
0.00325207
0.00355996
0.00386187
0.00415411
0.00443293
0.00469461
0.00493552
0.00515222
0.00534159
0.00550086
0.00562774
0.00572046
0.00577785
0.00579939
0.00578524
0.00573626
0.00565398
0.0055406
0.00539892
0.00523227
0.00504444
0.00483956
0.00462203
0.00439636
0.00416714
0.00393883
0.00371577
0.00350196
0.00330105
0.00311691
0.00295299
0.00280433
0.00266461
0.00196966
0.0015998
0.00129946
0.0010453
0.000810068
0.000594335
0.000399053
0.000223243
6.5952e-05
-7.35978e-05
-0.000196137
-0.000302349
-0.000392841
-0.000468124
-0.000528598
-0.00057454
-0.000606092
-0.000623263
-0.000625929
-0.000613848
-0.00058667
-0.000543957
-0.000485211
-0.000409895
-0.000317471
-0.000207434
-7.93483e-05
6.71156e-05
0.00023214
0.000415722
0.000617637
0.000837405
0.00107426
0.0013271
0.00159453
0.00187476
0.00216567
0.0024648
0.00276932
0.00307612
0.00338182
0.0036828
0.00397529
0.00425544
0.00451938
0.00476333
0.00498369
0.00517712
0.00534066
0.00547178
0.00556852
0.0056295
0.005654
0.00564199
0.00559416
0.0055119
0.00539729
0.00525301
0.0050823
0.00488889
0.00467684
0.00445049
0.00421432
0.00397281
0.00373041
0.00349137
0.00325962
0.00303872
0.00283262
0.0026448
0.0024677
0.00229277
0.00217505
0.00175953
0.00142559
0.00114659
0.000891167
0.000659368
0.000451669
0.000266377
0.000101861
-4.32592e-05
-0.000170252
-0.000280272
-0.000374333
-0.000453282
-0.000517797
-0.000568369
-0.000605301
-0.000628714
-0.000638547
-0.000634581
-0.000616448
-0.000583662
-0.000535642
-0.000471744
-0.0003913
-0.000293657
-0.000178213
-4.44651e-05
0.000107954
0.00027923
0.000469326
0.000677946
0.000904494
0.00114805
0.00140733
0.0016807
0.00196612
0.0022612
0.00256317
0.00286891
0.003175
0.00347778
0.00377336
0.00405776
0.00432695
0.00457693
0.00480389
0.00500425
0.00517478
0.00531271
0.0054158
0.00548241
0.00551159
0.00550308
0.00545737
0.00537569
0.00525995
0.00511273
0.00493719
0.00473699
0.00451616
0.00427904
0.0040301
0.00377385
0.00351473
0.00325703
0.00300469
0.00276129
0.00253097
0.00231739
0.00211052
0.0018997
0.0023472
0.00188739
0.00152058
0.00121699
0.000941287
0.000693054
0.00047233
0.00027675
0.000104047
-4.77253e-05
-0.000180342
-0.000295404
-0.000394301
-0.0004782
-0.000548033
-0.000604491
-0.000648028
-0.000678858
-0.000696976
-0.000702173
-0.000694055
-0.000672075
-0.00063556
-0.00058375
-0.000515837
-0.000431008
-0.000328487
-0.000207583
-6.77348e-05
9.14424e-05
0.000270111
0.000468167
0.0006852
0.000920457
0.00117281
0.00144075
0.00172235
0.00201527
0.00231678
0.00262376
0.00293276
0.00324001
0.00354152
0.00383313
0.00411061
0.00436974
0.00460642
0.00481679
0.00499732
0.00514493
0.00525704
0.00533173
0.00536773
0.00536453
0.00532236
0.00524225
0.00512595
0.00497591
0.00479521
0.00458746
0.00435668
0.00410723
0.00384364
0.00357051
0.00329238
0.00301362
0.0027383
0.00247011
0.0022135
0.00197242
0.0017345
0.00148708
0.00248002
0.00197741
0.00157866
0.00125095
0.000955136
0.000690372
0.000456281
0.000249861
6.82403e-05
-9.10633e-05
-0.000230303
-0.000351496
-0.000456389
-0.000546442
-0.000622825
-0.000686412
-0.000737784
-0.000777242
-0.00080482
-0.000820304
-0.000823264
-0.00081308
-0.000788978
-0.00075007
-0.000695397
-0.000623974
-0.000534839
-0.000427102
-0.000299995
-0.000152923
1.44895e-05
0.000202343
0.000410423
0.000638159
0.000884588
0.00114833
0.00142757
0.00172004
0.00202304
0.00233346
0.00264777
0.00296213
0.0032724
0.00357423
0.00386316
0.00413469
0.00438443
0.00460816
0.00480201
0.00496249
0.0050867
0.00517231
0.00521774
0.00522211
0.00518541
0.00510837
0.00499258
0.00484032
0.0046546
0.00443896
0.00419747
0.00393453
0.00365478
0.00336296
0.00306377
0.0027618
0.0024613
0.00216619
0.00188132
0.00161104
0.00134074
0.0010558
0.00256777
0.00202398
0.00159434
0.00124315
0.000927607
0.000646424
0.000398832
0.000181217
-9.8699e-06
-0.000177421
-0.000324143
-0.000452445
-0.000564405
-0.000661758
-0.000745889
-0.000817837
-0.000878295
-0.000927632
-0.000965904
-0.000992884
-0.00100809
-0.00101082
-0.00100017
-0.00097514
-0.00093459
-0.000877354
-0.000802273
-0.000708244
-0.000594277
-0.000459551
-0.000303469
-0.000125707
7.3733e-05
0.000294475
0.000535734
0.000796277
0.00107441
0.00136794
0.00167423
0.00199014
0.0023121
0.00263617
0.00295804
0.00327315
0.0035768
0.00386417
0.00413051
0.00437123
0.00458203
0.00475901
0.00489881
0.00499868
0.00505661
0.00507136
0.00504255
0.00497063
0.00485693
0.00470357
0.00451344
0.00429007
0.00403754
0.00376033
0.00346324
0.00315121
0.0028292
0.00250207
0.00217435
0.00185027
0.0015352
0.001234
0.00092984
0.000606201
0.00260506
0.00202175
0.00156242
0.00118854
0.000853779
0.000556446
0.000295378
6.6368e-05
-0.000134591
-0.000310979
-0.000465933
-0.000602232
-0.000722267
-0.000828022
-0.000921082
-0.00100263
-0.00107345
-0.00113396
-0.00118424
-0.00122402
-0.00125275
-0.00126963
-0.00127366
-0.00126364
-0.00123829
-0.00119623
-0.0011361
-0.00105655
-0.00095638
-0.00083451
-0.000690103
-0.000522598
-0.000331766
-0.000117768
0.000118807
0.000376895
0.000654934
0.000950843
0.00126201
0.00158533
0.00191717
0.00225348
0.00258978
0.00292131
0.00324305
0.00354986
0.0038366
0.00409825
0.00433002
0.00452752
0.00468688
0.00480484
0.00487891
0.0049074
0.0048895
0.00482531
0.00471587
0.00456309
0.00436971
0.00413922
0.00387575
0.0035839
0.00326866
0.00293521
0.00258884
0.00223476
0.00187789
0.00152286
0.00117565
0.000841705
0.000502015
0.00013813
0.00258673
0.00196568
0.00147794
0.00108225
0.00072892
0.000415832
0.000141435
-9.90569e-05
-0.000310187
-0.000495906
-0.000659762
-0.000804885
-0.000933955
-0.00104919
-0.00115235
-0.00124475
-0.00132725
-0.00140031
-0.00146397
-0.00151795
-0.00156162
-0.00159405
-0.00161411
-0.00162045
-0.00161158
-0.00158592
-0.00154188
-0.00147787
-0.00139242
-0.00128421
-0.00115213
-0.000995353
-0.00081341
-0.000606216
-0.000374142
-0.000118058
0.000160633
0.00045997
0.000777417
0.00110987
0.00145369
0.00180469
0.00215826
0.00250936
0.00285269
0.00318275
0.00349394
0.00378076
0.0040379
0.0042604
0.0044438
0.00458427
0.00467871
0.00472492
0.00472158
0.00466837
0.00456598
0.00441604
0.00422114
0.00398471
0.00371089
0.00340445
0.00307058
0.00271479
0.00234276
0.00196012
0.00157227
0.00118431
0.00080295
0.000434321
5.71799e-05
-0.000348901
0.00250787
0.00185095
0.00133617
0.000919658
0.000548501
0.000220144
-6.73453e-05
-0.000319317
-0.00054084
-0.000736316
-0.000909687
-0.00106442
-0.00120346
-0.00132925
-0.0014437
-0.00154823
-0.00164378
-0.0017308
-0.00180934
-0.00187904
-0.00193918
-0.00198873
-0.00202638
-0.00205061
-0.00205973
-0.00205194
-0.0020254
-0.00197826
-0.00190878
-0.00181535
-0.00169658
-0.00155136
-0.00137893
-0.00117895
-0.000951538
-0.000697338
-0.000417565
-0.000114032
0.000210826
0.00055395
0.000911666
0.00127972
0.00165331
0.00202719
0.00239571
0.00275297
0.00309291
0.0034095
0.00369682
0.00394928
0.00416175
0.00432971
0.00444942
0.00451801
0.00453359
0.00449532
0.00440346
0.00425931
0.00406525
0.00382461
0.00354157
0.00322103
0.00286847
0.00248975
0.00209098
0.00167833
0.00125773
0.000834876
0.000417277
1.18506e-05
-0.000404949
-0.000855612
0.00236383
0.00167301
0.00113265
0.000696379
0.000308202
-3.48624e-05
-0.000335138
-0.000598529
-0.00083061
-0.00103622
-0.00121969
-0.00138479
-0.00153473
-0.00167215
-0.0017991
-0.00191709
-0.0020271
-0.0021296
-0.0022246
-0.00231167
-0.00238998
-0.00245836
-0.00251535
-0.00255923
-0.00258811
-0.00259993
-0.00259258
-0.00256397
-0.00251203
-0.00243486
-0.00233075
-0.00219829
-0.0020364
-0.00184443
-0.00162223
-0.00137017
-0.00108924
-0.000781082
-0.000447981
-9.29277e-05
0.000280411
0.000667708
0.00106402
0.00146384
0.00186121
0.0022498
0.00262306
0.00297433
0.00329706
0.00358495
0.00383209
0.0040332
0.00418375
0.00428014
0.00431976
0.00430117
0.00422408
0.00408942
0.00389926
0.0036568
0.00336624
0.00303263
0.00266173
0.0022598
0.00183348
0.00138953
0.000934495
0.000474759
1.87345e-05
-0.000425783
-0.000884756
-0.00138285
0.00215018
0.00142755
0.000863154
0.000408257
3.93711e-06
-0.000353218
-0.000665926
-0.00094063
-0.0011834
-0.00139951
-0.00159364
-0.00176986
-0.00193164
-0.00208177
-0.00222246
-0.00235528
-0.00248125
-0.00260084
-0.00271399
-0.0028202
-0.00291852
-0.00300765
-0.00308594
-0.00315147
-0.00320211
-0.00323556
-0.00324944
-0.00324133
-0.00320887
-0.00314982
-0.00306213
-0.00294404
-0.00279413
-0.00261141
-0.00239539
-0.00214616
-0.00186443
-0.0015516
-0.00120978
-0.000841854
-0.00045144
-4.29066e-05
0.000378671
0.000807564
0.00123748
0.00166164
0.00207297
0.00246417
0.00282797
0.00315725
0.00344528
0.00368586
0.0038736
0.00400399
0.00407362
0.0040803
0.0040231
0.00390243
0.00372003
0.00347889
0.00318317
0.00283808
0.00244967
0.00202467
0.00157026
0.00109388
0.000602817
0.000104191
-0.000392557
-0.000878659
-0.00138264
-0.00193149
0.00186278
0.00111053
0.000523732
5.14038e-05
-0.00036813
-0.000738717
-0.00106347
-0.00134935
-0.00160293
-0.00182987
-0.00203521
-0.00222333
-0.00239788
-0.00256186
-0.00271757
-0.00286665
-0.00301015
-0.00314851
-0.00328162
-0.00340889
-0.00352924
-0.00364121
-0.00374298
-0.00383239
-0.00390709
-0.00396449
-0.00400193
-0.00401666
-0.004006
-0.00396734
-0.00389826
-0.00379662
-0.0036606
-0.00348883
-0.00328046
-0.00303522
-0.0027535
-0.0024364
-0.00208582
-0.00170446
-0.00129585
-0.000864366
-0.000415174
4.57894e-05
0.000511903
0.00097596
0.0014303
0.00186697
0.00227789
0.00265507
0.0029908
0.00327792
0.00350996
0.00368144
0.00378796
0.00382644
0.00379518
0.00369397
0.00352406
0.00328818
0.00299042
0.00263609
0.00223156
0.00178403
0.00130133
0.000791627
0.000263019
-0.000276511
-0.000816391
-0.00134677
-0.00189894
-0.00250236
0.00149774
0.000718201
0.000110715
-0.000377789
-0.000811563
-0.00119488
-0.00153126
-0.00182818
-0.00209266
-0.00233078
-0.0025479
-0.00274868
-0.00293698
-0.00311596
-0.00328801
-0.00345486
-0.00361753
-0.00377645
-0.00393145
-0.00408183
-0.00422639
-0.00436349
-0.00449112
-0.0046069
-0.00470821
-0.00479221
-0.00485588
-0.00489618
-0.00491004
-0.00489446
-0.00484663
-0.00476398
-0.00464426
-0.00448568
-0.00428695
-0.0040474
-0.00376702
-0.00344658
-0.00308768
-0.00269278
-0.00226528
-0.00180948
-0.00133061
-0.000834771
-0.000328895
0.000179375
0.0006818
0.00116971
0.00163417
0.00206623
0.00245713
0.00279855
0.00308288
0.00330344
0.00345471
0.00353255
0.00353433
0.00345904
0.00330736
0.00308163
0.00278578
0.0024252
0.00200657
0.00153759
0.00102676
0.000483089
-8.44379e-05
-0.000666879
-0.0012524
-0.00182995
-0.0024338
-0.0030961
0.0010515
0.000247118
-0.000379253
-0.000882625
-0.00132962
-0.00172496
-0.00207253
-0.00238032
-0.00265581
-0.00290545
-0.00313493
-0.00334915
-0.0035522
-0.00374737
-0.00393714
-0.00412329
-0.00430686
-0.00448823
-0.00466716
-0.00484284
-0.00501394
-0.00517865
-0.00533474
-0.00547963
-0.0056104
-0.00572392
-0.00581687
-0.00588582
-0.00592732
-0.00593797
-0.00591451
-0.0058539
-0.00575344
-0.00561083
-0.00542431
-0.00519272
-0.00491561
-0.00459333
-0.00422711
-0.00381912
-0.00337251
-0.00289148
-0.00238123
-0.00184801
-0.00129901
-0.000742288
-0.000186671
0.00035842
0.000883161
0.00137755
0.00183166
0.0022359
0.00258134
0.00285994
0.00306488
0.00319076
0.0032338
0.00319206
0.00306545
0.0028558
0.00256679
0.00220382
0.00177384
0.00128506
0.000746733
0.000168751
-0.000438904
-0.00106622
-0.00169998
-0.00232779
-0.00298715
-0.00371312
0.000520842
-0.000305819
-0.000949196
-0.00146608
-0.00192525
-0.00233186
-0.00269018
-0.00300868
-0.00329527
-0.00355678
-0.00379919
-0.00402767
-0.00424649
-0.00445906
-0.00466798
-0.00487504
-0.00508129
-0.00528708
-0.00549208
-0.00569538
-0.00589551
-0.00609047
-0.00627785
-0.0064548
-0.00661815
-0.00676445
-0.00689004
-0.00699111
-0.0070638
-0.00710427
-0.00710879
-0.0070738
-0.00699609
-0.00687282
-0.00670168
-0.00648096
-0.0062097
-0.00588774
-0.00551585
-0.0050958
-0.00463047
-0.00412382
-0.00358099
-0.00300828
-0.00241308
-0.00180385
-0.00118999
-0.000581685
1.03081e-05
0.000574864
0.00110078
0.00157707
0.00199331
0.00233991
0.00260853
0.00279228
0.00288607
0.00288674
0.00279328
0.00260683
0.00233068
0.00197015
0.00153241
0.00102621
0.000461542
-0.000150713
-0.000799481
-0.00147357
-0.00215821
-0.00283955
-0.00355858
-0.0043535
-9.70901e-05
-0.000943349
-0.00160178
-0.00213077
-0.00260104
-0.00301815
-0.00338676
-0.0037158
-0.00401359
-0.00428732
-0.00454327
-0.00478682
-0.00502243
-0.00525366
-0.00548316
-0.00571278
-0.00594356
-0.0061758
-0.0064091
-0.00664245
-0.00687422
-0.00710225
-0.00732391
-0.00753611
-0.0077354
-0.00791802
-0.00807994
-0.00821697
-0.00832481
-0.00839915
-0.00843573
-0.00843049
-0.0083796
-0.00827965
-0.0081277
-0.00792144
-0.00765928
-0.00734049
-0.00696528
-0.00653494
-0.00605194
-0.00551994
-0.0049439
-0.00433009
-0.00368605
-0.00302059
-0.00234363
-0.0016661
-0.000999754
-0.000356889
0.000249919
0.000808149
0.0013057
0.00173126
0.0020747
0.00232743
0.00248275
0.00253607
0.0024852
0.00233038
0.00207434
0.0017222
0.00128129
0.000760838
0.000171639
-0.000474384
-0.00116496
-0.00188759
-0.00262578
-0.00336406
-0.00414723
-0.00501688
-0.000804746
-0.00166781
-0.00233928
-0.00287893
-0.00335919
-0.00378602
-0.00416445
-0.00450386
-0.00481295
-0.00509925
-0.00536931
-0.00562875
-0.00588219
-0.00613332
-0.00638487
-0.00663872
-0.0068959
-0.00715668
-0.00742058
-0.00768649
-0.00795262
-0.00821667
-0.00847576
-0.00872659
-0.00896542
-0.00918815
-0.0093904
-0.00956757
-0.0097149
-0.00982758
-0.00990081
-0.00992994
-0.00991052
-0.00983848
-0.0097102
-0.00952266
-0.0092736
-0.00896158
-0.00858619
-0.0081481
-0.00764925
-0.00709291
-0.00648375
-0.00582789
-0.00513294
-0.00440795
-0.00366335
-0.00291079
-0.00216299
-0.0014335
-0.000736335
-8.56971e-05
0.000504473
0.00102091
0.00145147
0.00178557
0.00201459
0.00213226
0.00213489
0.00202159
0.0017943
0.00145778
0.0010194
0.000488829
-0.000122333
-0.000801052
-0.00153375
-0.0023065
-0.00310089
-0.00389965
-0.00475171
-0.00570234
-0.00160414
-0.00248114
-0.00316356
-0.00371239
-0.00420152
-0.00463727
-0.00502505
-0.00537463
-0.00569511
-0.0059943
-0.00627904
-0.00655517
-0.00682747
-0.00709974
-0.00737479
-0.00765453
-0.00793999
-0.00823141
-0.00852824
-0.00882926
-0.00913256
-0.00943564
-0.00973546
-0.0100284
-0.0103106
-0.0105775
-0.0108243
-0.0110461
-0.0112376
-0.0113935
-0.0115084
-0.011577
-0.0115943
-0.0115554
-0.0114559
-0.0112921
-0.0110608
-0.01076
-0.0103884
-0.00994591
-0.00943392
-0.0088551
-0.00821371
-0.00751563
-0.0067684
-0.00598122
-0.00516493
-0.00433186
-0.0034957
-0.00267123
-0.00187402
-0.00112004
-0.000425259
0.000194887
0.000725973
0.00115512
0.00147149
0.00166674
0.00173539
0.00167508
0.00148673
0.00117449
0.000745624
0.00021016
-0.000419497
-0.00112916
-0.00190384
-0.00272802
-0.00358117
-0.00444405
-0.00537002
-0.00640833
-0.00249682
-0.00338479
-0.00407605
-0.00463257
-0.00512942
-0.00557327
-0.0059699
-0.00632945
-0.00666136
-0.00697376
-0.00727373
-0.0075673
-0.00785944
-0.00815404
-0.00845399
-0.00876125
-0.00907684
-0.00940098
-0.00973306
-0.0100718
-0.010415
-0.0107603
-0.0111041
-0.0114429
-0.0117723
-0.0120875
-0.0123834
-0.0126546
-0.0128952
-0.0130996
-0.0132616
-0.0133753
-0.013435
-0.0134349
-0.01337
-0.0132356
-0.0130277
-0.0127433
-0.0123802
-0.0119377
-0.0114162
-0.0108177
-0.0101459
-0.00940636
-0.00860633
-0.00775509
-0.00686374
-0.00594523
-0.00501415
-0.00408652
-0.00317951
-0.00231096
-0.00149902
-0.000761524
-0.000115445
0.000423712
0.000842522
0.0011302
0.00127907
0.00128497
0.00114741
0.000869707
0.000458793
-7.50608e-05
-0.000718698
-0.00145673
-0.00227266
-0.00314923
-0.00406358
-0.00499423
-0.00599939
-0.00713253
-0.00348383
-0.00437979
-0.00507773
-0.00564043
-0.00614383
-0.00659496
-0.00699991
-0.0073692
-0.00771256
-0.00803842
-0.0083541
-0.00866582
-0.00897869
-0.00929674
-0.00962292
-0.00995924
-0.0103067
-0.0106656
-0.0110352
-0.0114141
-0.0118001
-0.0121906
-0.0125819
-0.0129702
-0.0133507
-0.0137186
-0.0140681
-0.0143936
-0.0146887
-0.014947
-0.0151619
-0.0153267
-0.0154349
-0.0154801
-0.0154561
-0.0153574
-0.0151791
-0.0149171
-0.0145684
-0.0141309
-0.0136045
-0.0129902
-0.0122909
-0.0115117
-0.0106594
-0.00974312
-0.00877422
-0.00776607
-0.00673411
-0.00569555
-0.00466914
-0.00367471
-0.00273269
-0.00186354
-0.00108707
-0.000421737
0.000116049
0.00051263
0.000757708
0.000844843
0.000771788
0.000540636
0.000157745
-0.000366557
-0.00101844
-0.0017813
-0.00263706
-0.00356653
-0.00454427
-0.00554633
-0.00663615
-0.00787172
-0.00456574
-0.00546664
-0.00616913
-0.00673647
-0.00724525
-0.00770282
-0.00811555
-0.00849429
-0.00884908
-0.00918858
-0.00952036
-0.00985081
-0.0101852
-0.0105277
-0.0108813
-0.0112481
-0.0116292
-0.0120247
-0.0124339
-0.0128554
-0.0132869
-0.0137255
-0.0141676
-0.014609
-0.0150447
-0.0154695
-0.0158775
-0.0162623
-0.0166171
-0.0169351
-0.0172089
-0.0174312
-0.0175945
-0.0176916
-0.0177155
-0.0176595
-0.0175178
-0.017285
-0.016957
-0.0165309
-0.0160051
-0.0153799
-0.0146571
-0.0138411
-0.0129382
-0.0119572
-0.0109093
-0.00980832
-0.00867033
-0.00751371
-0.00635874
-0.00522725
-0.00414211
-0.00312656
-0.00220352
-0.00139477
-0.000720096
-0.000196515
0.000162548
0.000347888
0.000355
0.000184346
-0.000158644
-0.000663824
-0.00131683
-0.00209985
-0.00299314
-0.00397544
-0.00501848
-0.00609552
-0.00727562
-0.00862162
-0.00574253
-0.0066454
-0.00735027
-0.00792075
-0.00843375
-0.00889688
-0.00931681
-0.00970467
-0.0100708
-0.010424
-0.0107721
-0.0111218
-0.0114784
-0.0118461
-0.0122282
-0.0126267
-0.0130428
-0.0134766
-0.0139274
-0.0143937
-0.0148732
-0.0153629
-0.0158589
-0.0163569
-0.0168517
-0.0173378
-0.0178087
-0.0182579
-0.018678
-0.0190614
-0.0194003
-0.0196865
-0.0199118
-0.020068
-0.0201471
-0.0201413
-0.0200436
-0.0198476
-0.0195478
-0.01914
-0.0186216
-0.0179914
-0.0172504
-0.0164017
-0.0154512
-0.0144068
-0.0132798
-0.012084
-0.0108359
-0.00955499
-0.008263
-0.00698376
-0.0057426
-0.00456572
-0.0034794
-0.00250907
-0.00167837
-0.00100815
-0.00051552
-0.000213036
-0.000108022
-0.000202162
-0.000491386
-0.000966056
-0.00161146
-0.00240868
-0.0033362
-0.00437057
-0.00548037
-0.00663582
-0.00791194
-0.00937672
-0.0070137
-0.00791557
-0.00862074
-0.00919286
-0.00970892
-0.0101767
-0.0106032
-0.0109998
-0.011377
-0.0117439
-0.0121085
-0.0124776
-0.0128568
-0.0132504
-0.0136617
-0.0140929
-0.0145452
-0.0150187
-0.0155128
-0.016026
-0.0165558
-0.017099
-0.017652
-0.0182099
-0.0187675
-0.0193188
-0.0198573
-0.0203757
-0.0208664
-0.0213211
-0.0217313
-0.0220881
-0.0223824
-0.022605
-0.0227469
-0.0227993
-0.0227537
-0.0226026
-0.0223391
-0.0219576
-0.021454
-0.0208259
-0.020073
-0.0191972
-0.0182033
-0.0170986
-0.0158937
-0.0146023
-0.0132415
-0.0118313
-0.0103949
-0.00895793
-0.00754834
-0.00619534
-0.00492879
-0.0037781
-0.00277118
-0.00193327
-0.00128576
-0.000845214
-0.000622424
-0.000621841
-0.000841284
-0.00127205
-0.00189935
-0.00270328
-0.00366057
-0.00474539
-0.0059229
-0.00715992
-0.00853786
-0.0101301
-0.00837818
-0.0092762
-0.00997964
-0.010552
-0.0110699
-0.0115415
-0.0119739
-0.0123786
-0.0127665
-0.0131469
-0.0135279
-0.0139165
-0.0143185
-0.0147383
-0.0151793
-0.0156439
-0.0161332
-0.0166476
-0.0171863
-0.0177478
-0.0183298
-0.018929
-0.0195414
-0.0201622
-0.020786
-0.0214065
-0.0220167
-0.0226092
-0.0231756
-0.0237073
-0.0241949
-0.0246288
-0.0249991
-0.0252956
-0.0255082
-0.0256268
-0.0256418
-0.0255441
-0.0253256
-0.024979
-0.0244987
-0.0238809
-0.0231236
-0.0222274
-0.0211958
-0.0200351
-0.0187552
-0.0173693
-0.0158946
-0.0143516
-0.0127647
-0.0111613
-0.0095717
-0.00802831
-0.00656469
-0.00521453
-0.00401044
-0.00298257
-0.00215729
-0.00155583
-0.00119324
-0.00107744
-0.00120879
-0.00158006
-0.00217679
-0.00297824
-0.00395946
-0.00509211
-0.00633761
-0.00765903
-0.00914458
-0.0108734
-0.00983436
-0.0107259
-0.0114256
-0.0119968
-0.0125155
-0.0129899
-0.0134274
-0.0138398
-0.0142378
-0.0146312
-0.0150283
-0.0154361
-0.0158607
-0.0163066
-0.0167775
-0.0172756
-0.0178025
-0.0183583
-0.0189426
-0.0195537
-0.0201894
-0.0208463
-0.0215203
-0.0222067
-0.0228996
-0.0235926
-0.0242785
-0.0249493
-0.0255964
-0.0262103
-0.0267812
-0.0272987
-0.0277518
-0.0281296
-0.0284206
-0.0286137
-0.0286979
-0.0286627
-0.0284982
-0.0281958
-0.027748
-0.0271494
-0.0263963
-0.0254877
-0.0244256
-0.0232149
-0.0218644
-0.0203868
-0.0187988
-0.0171213
-0.0153794
-0.0136023
-0.0118224
-0.0100753
-0.00839828
-0.00682963
-0.005407
-0.00416602
-0.00313866
-0.00235167
-0.00182512
-0.00157127
-0.00159383
-0.00188767
-0.00243915
-0.00322706
-0.0042248
-0.00540147
-0.00671444
-0.00812264
-0.00972149
-0.011596
-0.0113802
-0.0122626
-0.012957
-0.0135257
-0.014044
-0.0145203
-0.0149621
-0.0153812
-0.0157888
-0.0161945
-0.0166069
-0.0170334
-0.01748
-0.0179516
-0.0184519
-0.0189834
-0.0195477
-0.0201452
-0.0207753
-0.0214367
-0.022127
-0.0228429
-0.0235802
-0.0243341
-0.0250986
-0.0258671
-0.026632
-0.0273851
-0.0281171
-0.0288182
-0.0294779
-0.0300848
-0.0306274
-0.0310935
-0.0314707
-0.0317465
-0.0319085
-0.0319446
-0.0318436
-0.031595
-0.0311896
-0.0306199
-0.0298805
-0.0289687
-0.0278844
-0.0266311
-0.0252163
-0.0236515
-0.0219528
-0.020141
-0.0182418
-0.0162855
-0.0143067
-0.0123439
-0.0104382
-0.00863254
-0.00697001
-0.00549222
-0.00423741
-0.00323865
-0.002522
-0.00210498
-0.00199555
-0.00219154
-0.00268075
-0.00344191
-0.00444701
-0.00566251
-0.00704148
-0.00853828
-0.0102559
-0.0122856
-0.013013
-0.0138842
-0.0145716
-0.0151365
-0.0156535
-0.0161308
-0.0165759
-0.0170008
-0.0174169
-0.0178339
-0.0182607
-0.0187047
-0.0191723
-0.0196686
-0.0201974
-0.0207615
-0.0213625
-0.0220011
-0.022677
-0.0233886
-0.0241338
-0.0249093
-0.025711
-0.0265338
-0.0273717
-0.0282179
-0.0290646
-0.0299031
-0.0307239
-0.0315165
-0.0322697
-0.0329717
-0.0336098
-0.0341709
-0.0346415
-0.0350077
-0.0352559
-0.0353725
-0.0353443
-0.0351593
-0.0348062
-0.0342758
-0.0335604
-0.0326553
-0.0315585
-0.0302716
-0.0288003
-0.0271547
-0.0253499
-0.0234063
-0.0213495
-0.0192107
-0.0170265
-0.0148377
-0.0126895
-0.0106294
-0.00870616
-0.00696776
-0.00545944
-0.0042214
-0.00328667
-0.00267913
-0.00241205
-0.00248716
-0.00289456
-0.00361348
-0.00461479
-0.00586238
-0.00730472
-0.00889123
-0.010733
-0.0129274
-0.0147298
-0.0155879
-0.0162669
-0.0168272
-0.0173418
-0.0178189
-0.0182663
-0.0186959
-0.0191192
-0.0195461
-0.0199857
-0.0204458
-0.0209328
-0.0214521
-0.0220079
-0.0226031
-0.0232395
-0.0239182
-0.0246387
-0.0253999
-0.0261996
-0.0270346
-0.0279008
-0.0287931
-0.0297056
-0.030631
-0.0315614
-0.0324879
-0.0334004
-0.0342881
-0.0351392
-0.0359409
-0.0366799
-0.037342
-0.0379126
-0.0383767
-0.038719
-0.0389245
-0.0389784
-0.0388666
-0.0385761
-0.0380954
-0.0374148
-0.0365272
-0.0354285
-0.0341181
-0.0325996
-0.0308815
-0.0289772
-0.0269063
-0.024694
-0.0223721
-0.0199781
-0.0175556
-0.015153
-0.0128226
-0.0106188
-0.00859643
-0.0068083
-0.00530258
-0.00412028
-0.00329282
-0.00283996
-0.00276856
-0.00307194
-0.00373062
-0.00471483
-0.00598599
-0.00748779
-0.00916427
-0.0111349
-0.0135037
-0.0165271
-0.0173708
-0.0180404
-0.018595
-0.0191063
-0.0195823
-0.0200307
-0.0204636
-0.0208925
-0.0213275
-0.021778
-0.0222519
-0.0227561
-0.0232961
-0.0238766
-0.0245006
-0.0251704
-0.025887
-0.0266504
-0.0274596
-0.0283125
-0.0292061
-0.0301363
-0.0310981
-0.0320852
-0.0330905
-0.0341058
-0.0351219
-0.0361284
-0.0371139
-0.038066
-0.0389714
-0.0398158
-0.0405841
-0.0412607
-0.0418291
-0.0422729
-0.0425753
-0.0427199
-0.0426907
-0.0424727
-0.0420522
-0.0414172
-0.0405583
-0.039469
-0.0381461
-0.0365912
-0.0348103
-0.0328151
-0.0306237
-0.0282606
-0.0257572
-0.023152
-0.0204905
-0.0178241
-0.0152095
-0.012707
-0.0103783
-0.00828443
-0.0064822
-0.00502171
-0.00394311
-0.00327408
-0.00302787
-0.00320229
-0.0037801
-0.00473149
-0.00601574
-0.00757157
-0.0093373
-0.0114412
-0.0139938
-0.0184013
-0.0192296
-0.0198891
-0.0204374
-0.0209445
-0.0214182
-0.0218664
-0.0223009
-0.0227333
-0.0231741
-0.0236328
-0.0241178
-0.0246361
-0.0251939
-0.0257958
-0.0264456
-0.0271457
-0.0278974
-0.028701
-0.0295558
-0.0304598
-0.0314101
-0.0324028
-0.0334328
-0.0344939
-0.0355788
-0.0366793
-0.0377857
-0.0388873
-0.0399724
-0.0410279
-0.0420399
-0.0429932
-0.043872
-0.0446593
-0.0453377
-0.0458893
-0.0462957
-0.0465389
-0.046601
-0.0464649
-0.0461147
-0.0455361
-0.0447172
-0.0436488
-0.0423253
-0.0407455
-0.0389129
-0.0368372
-0.0345342
-0.0320271
-0.0293467
-0.0265316
-0.0236286
-0.0206918
-0.0177819
-0.0149646
-0.012309
-0.00988429
-0.00775686
-0.00598685
-0.00462448
-0.00370678
-0.00325493
-0.00327268
-0.00374618
-0.00464648
-0.00593114
-0.00753389
-0.00938696
-0.0116278
-0.0143737
-0.0203484
-0.021161
-0.02181
-0.0223516
-0.0228538
-0.0233242
-0.0237705
-0.0242045
-0.024638
-0.0250817
-0.0255454
-0.0260377
-0.0265664
-0.0271379
-0.0277573
-0.0284288
-0.0291551
-0.0299381
-0.0307783
-0.0316752
-0.0326271
-0.0336313
-0.034684
-0.0357801
-0.0369135
-0.0380769
-0.0392616
-0.040458
-0.0416549
-0.0428403
-0.0440004
-0.0451208
-0.0461856
-0.0471778
-0.0480797
-0.0488726
-0.0495372
-0.0500537
-0.0504024
-0.0505634
-0.0505178
-0.0502473
-0.0497353
-0.0489673
-0.0479314
-0.0466193
-0.0450267
-0.0431547
-0.0410098
-0.0386059
-0.035964
-0.0331135
-0.0300928
-0.026949
-0.0237382
-0.0205247
-0.0173795
-0.0143785
-0.0115994
-0.00911884
-0.00700788
-0.00532811
-0.00412745
-0.00343676
-0.00326732
-0.00361022
-0.00443843
-0.00570845
-0.0073491
-0.00928628
-0.0116671
-0.0146154
-0.0223642
-0.0231616
-0.0238004
-0.0243351
-0.0248318
-0.0252977
-0.0257402
-0.0261714
-0.0266029
-0.0270459
-0.0275104
-0.0280057
-0.0285399
-0.0291201
-0.0297519
-0.0304399
-0.0311875
-0.0319969
-0.0328689
-0.0338034
-0.0347991
-0.0358534
-0.0369625
-0.0381217
-0.0393247
-0.0405641
-0.0418313
-0.0431163
-0.0444077
-0.0456928
-0.0469577
-0.0481872
-0.0493646
-0.0504722
-0.0514912
-0.0524017
-0.0531833
-0.0538147
-0.0542744
-0.0545409
-0.0545931
-0.0544107
-0.0539746
-0.0532677
-0.0522754
-0.0509864
-0.0493934
-0.0474944
-0.045293
-0.0428001
-0.0400343
-0.0370231
-0.0338035
-0.0304226
-0.0269377
-0.0234157
-0.0199324
-0.0165702
-0.0134155
-0.0105552
-0.00807239
-0.0060411
-0.00452183
-0.00355691
-0.00316714
-0.0033502
-0.00408244
-0.00532017
-0.00698764
-0.00900416
-0.011527
-0.0146866
-0.0244447
-0.0252281
-0.0258576
-0.0263855
-0.0268762
-0.0273363
-0.0277731
-0.0281985
-0.0286244
-0.0290622
-0.0295225
-0.0300153
-0.0305492
-0.031132
-0.0317699
-0.0324683
-0.0332309
-0.0340606
-0.0349586
-0.0359252
-0.0369594
-0.0380588
-0.03922
-0.040438
-0.0417069
-0.0430191
-0.0443658
-0.0457369
-0.0471207
-0.0485041
-0.0498728
-0.0512107
-0.0525008
-0.0537243
-0.0548615
-0.0558916
-0.0567926
-0.0575422
-0.0581171
-0.0584941
-0.0586502
-0.0585629
-0.0582107
-0.0575739
-0.0566353
-0.0553804
-0.0537989
-0.0518854
-0.0496404
-0.0470714
-0.044194
-0.0410332
-0.037624
-0.0340125
-0.0302564
-0.0264245
-0.0225963
-0.0188604
-0.0153115
-0.0120471
-0.00916251
-0.00674569
-0.00487122
-0.0035949
-0.0029491
-0.00294018
-0.00354958
-0.00473464
-0.00641551
-0.00850493
-0.0111708
-0.01455
-0.0265858
-0.0273576
-0.0279791
-0.0285009
-0.0289852
-0.0294383
-0.0298669
-0.030283
-0.0306988
-0.0311261
-0.0315763
-0.0320599
-0.0325865
-0.0331645
-0.0338011
-0.0345023
-0.0352726
-0.0361153
-0.0370324
-0.0380245
-0.0390908
-0.0402294
-0.041437
-0.0427088
-0.0440388
-0.0454195
-0.0468418
-0.0482955
-0.0497686
-0.0512477
-0.0527179
-0.0541626
-0.0555639
-0.0569026
-0.0581579
-0.0593078
-0.0603294
-0.0611989
-0.0618915
-0.0623824
-0.0626467
-0.0626597
-0.0623979
-0.0618389
-0.0609625
-0.0597516
-0.0581925
-0.0562764
-0.0540004
-0.0513683
-0.0483924
-0.0450943
-0.0415066
-0.0376736
-0.0336521
-0.0295121
-0.025336
-0.0212174
-0.0172589
-0.0135684
-0.010254
-0.00741839
-0.00515177
-0.00352541
-0.0025856
-0.00234971
-0.00280634
-0.00391541
-0.00559379
-0.00774775
-0.0105564
-0.0141631
-0.0287837
-0.0295474
-0.0301634
-0.03068
-0.0311578
-0.0316022
-0.0320198
-0.0324226
-0.032823
-0.0332335
-0.0336662
-0.0341328
-0.0346436
-0.0352082
-0.0358347
-0.0365299
-0.0372992
-0.0381466
-0.0390745
-0.0400842
-0.0411754
-0.0423462
-0.0435937
-0.0449132
-0.0462986
-0.0477424
-0.0492355
-0.0507674
-0.0523258
-0.0538968
-0.0554651
-0.0570137
-0.0585239
-0.0599756
-0.0613474
-0.0626161
-0.0637578
-0.0647472
-0.0655584
-0.0661648
-0.0665398
-0.0666567
-0.0664896
-0.066014
-0.0652069
-0.064048
-0.0625207
-0.0606127
-0.0583172
-0.0556346
-0.052573
-0.0491507
-0.0453969
-0.0413531
-0.0370747
-0.0326315
-0.0281076
-0.0236008
-0.0192209
-0.0150854
-0.0113155
-0.00802913
-0.00533357
-0.00331758
-0.00204377
-0.00154316
-0.00181397
-0.00282067
-0.00447797
-0.00668607
-0.00963601
-0.0134773
-0.0310353
-0.0317958
-0.0324093
-0.0329223
-0.0333936
-0.0338277
-0.034231
-0.0346154
-0.034994
-0.0353801
-0.0357868
-0.0362269
-0.0367122
-0.0372532
-0.0378594
-0.0385384
-0.0392967
-0.0401391
-0.0410686
-0.0420871
-0.0431946
-0.0443898
-0.0456697
-0.0470298
-0.0484641
-0.049965
-0.0515232
-0.0531279
-0.0547666
-0.0564249
-0.0580871
-0.0597355
-0.061351
-0.0629125
-0.0643978
-0.0657828
-0.0670425
-0.0681504
-0.0690792
-0.0698009
-0.0702871
-0.0705093
-0.0704395
-0.0700507
-0.0693175
-0.0682167
-0.0667286
-0.0648373
-0.0625324
-0.0598104
-0.0566754
-0.0531416
-0.0492341
-0.0449914
-0.0404663
-0.0357271
-0.0308587
-0.0259619
-0.021152
-0.0165561
-0.0123077
-0.00854046
-0.00537992
-0.00293415
-0.00128468
-0.00047903
-0.000527865
-0.0014026
-0.00301735
-0.0052669
-0.00835513
-0.0124375
-0.0333379
-0.0341018
-0.0347172
-0.0352286
-0.0356934
-0.0361153
-0.0365002
-0.0368604
-0.0372096
-0.0375622
-0.0379328
-0.0383355
-0.0387837
-0.0392894
-0.0398634
-0.0405147
-0.0412507
-0.0420771
-0.0429978
-0.0440152
-0.0451298
-0.0463405
-0.0476446
-0.0490376
-0.0505136
-0.0520647
-0.0536815
-0.055353
-0.0570661
-0.0588064
-0.0605573
-0.0623007
-0.0640167
-0.0656836
-0.0672783
-0.0687758
-0.07015
-0.0713733
-0.0724172
-0.073252
-0.0738479
-0.0741746
-0.0742022
-0.0739014
-0.0732444
-0.0722052
-0.070761
-0.0688927
-0.0665863
-0.063834
-0.060636
-0.057002
-0.0529531
-0.0485234
-0.0437624
-0.0387362
-0.0335289
-0.0282429
-0.0229982
-0.0179296
-0.0131827
-0.00890683
-0.00524644
-0.00233073
-0.000262601
0.000890837
0.00110324
0.00039339
-0.00115425
-0.0034301
-0.00665199
-0.0109811
-0.0356899
-0.0364658
-0.0370885
-0.0376009
-0.0380596
-0.0384669
-0.0388286
-0.0391573
-0.039468
-0.0397764
-0.0400989
-0.0404514
-0.0408493
-0.0413062
-0.0418347
-0.0424451
-0.0431461
-0.0439445
-0.044845
-0.0458505
-0.0469619
-0.0481786
-0.049498
-0.0509156
-0.0524253
-0.0540193
-0.0556878
-0.0574194
-0.0592007
-0.0610168
-0.0628505
-0.0646832
-0.0664943
-0.0682613
-0.0699601
-0.0715651
-0.073049
-0.0743831
-0.0755377
-0.0764818
-0.077184
-0.0776123
-0.0777351
-0.0775209
-0.0769396
-0.0759627
-0.0745645
-0.0727225
-0.0704193
-0.0676432
-0.0643902
-0.0606654
-0.0564852
-0.0518794
-0.0468932
-0.0415895
-0.0360504
-0.0303784
-0.0246965
-0.0191462
-0.0138838
-0.00907398
-0.00488047
-0.00145495
0.00107584
0.00262203
0.00313803
0.00262945
0.00117678
-0.00110756
-0.00445673
-0.00903748
-0.038091
-0.0388897
-0.0395268
-0.0400436
-0.0404962
-0.0408861
-0.0412186
-0.0415073
-0.0417684
-0.0420199
-0.0422802
-0.0425678
-0.0429
-0.0432929
-0.0437607
-0.0443157
-0.0449678
-0.0457249
-0.0465926
-0.0475745
-0.0486721
-0.0498847
-0.0512099
-0.0526433
-0.0541786
-0.0558077
-0.0575205
-0.0593053
-0.0611481
-0.0630334
-0.0649436
-0.0668593
-0.0687592
-0.0706201
-0.0724171
-0.0741235
-0.0757111
-0.0771501
-0.0784095
-0.0794573
-0.0802604
-0.0807855
-0.0809989
-0.0808674
-0.0803587
-0.0794418
-0.0780883
-0.0762728
-0.0739743
-0.0711774
-0.0678739
-0.0640644
-0.0597607
-0.0549875
-0.0497853
-0.0442128
-0.0383491
-0.0322954
-0.026176
-0.0201374
-0.0143453
-0.00897861
-0.00422039
-0.000245807
0.00279243
0.00477844
0.00564352
0.00537622
0.00404989
0.00177778
-0.00169045
-0.00652701
-0.0405427
-0.041378
-0.0420381
-0.0425631
-0.0430098
-0.0433784
-0.0436744
-0.0439124
-0.044111
-0.0442904
-0.0444722
-0.0446775
-0.0449266
-0.0452381
-0.0456286
-0.046112
-0.0467
-0.0474016
-0.0482233
-0.0491693
-0.0502416
-0.0514396
-0.052761
-0.0542012
-0.0557537
-0.0574101
-0.0591598
-0.0609905
-0.0628879
-0.0648357
-0.0668157
-0.0688078
-0.0707898
-0.0727379
-0.0746262
-0.076427
-0.0781113
-0.0796481
-0.0810054
-0.0821497
-0.0830467
-0.0836614
-0.0839588
-0.0839036
-0.0834615
-0.0825993
-0.081286
-0.0794934
-0.0771973
-0.0743788
-0.0710255
-0.0671337
-0.0627103
-0.0577751
-0.0523633
-0.0465288
-0.0403466
-0.0339152
-0.0273587
-0.0208268
-0.0144927
-0.00854824
-0.00319532
0.001367
0.00495816
0.00743311
0.00869596
0.00871378
0.00754902
0.005313
0.00173593
-0.00335998
-0.0430488
-0.0439376
-0.0446314
-0.0451692
-0.0456097
-0.0459522
-0.0462023
-0.0463767
-0.0464968
-0.0465863
-0.0466703
-0.0467735
-0.0469198
-0.0471306
-0.047425
-0.0478193
-0.0483268
-0.0489577
-0.0497195
-0.0506169
-0.0516522
-0.0528251
-0.054133
-0.0555711
-0.0571325
-0.0588083
-0.0605875
-0.0624571
-0.0644022
-0.0664057
-0.0684487
-0.0705103
-0.0725675
-0.0745956
-0.0765678
-0.0784557
-0.0802288
-0.0818554
-0.0833022
-0.0845345
-0.0855167
-0.0862124
-0.0865848
-0.0865971
-0.086213
-0.0853973
-0.0841165
-0.0823397
-0.0800398
-0.0771944
-0.0737876
-0.0698112
-0.0652675
-0.0601712
-0.0545522
-0.048459
-0.0419616
-0.0351549
-0.0281609
-0.0211307
-0.0142432
-0.00770149
-0.0017249
0.00346349
0.00765386
0.0106691
0.0123818
0.0127328
0.0117691
0.0095965
0.0059229
0.000564565
-0.0456162
-0.0465796
-0.0473198
-0.0478756
-0.0483091
-0.0486188
-0.0488112
-0.048906
-0.0489284
-0.0489066
-0.0488703
-0.0488488
-0.0488697
-0.0489582
-0.0491363
-0.0494225
-0.049832
-0.0503764
-0.0510639
-0.0518998
-0.0528866
-0.0540238
-0.0553086
-0.0567359
-0.0582983
-0.0599861
-0.0617878
-0.0636895
-0.0656755
-0.0677281
-0.0698274
-0.0719517
-0.0740771
-0.0761779
-0.0782265
-0.0801933
-0.0820469
-0.0837545
-0.0852816
-0.0865922
-0.0876496
-0.0884158
-0.0888526
-0.0889215
-0.0885844
-0.087804
-0.0865446
-0.0847729
-0.082459
-0.0795774
-0.0761085
-0.0720402
-0.0673704
-0.0621087
-0.0562797
-0.0499262
-0.0431128
-0.0359295
-0.0284952
-0.0209603
-0.0135074
-0.00634871
0.00028044
0.00613359
0.0109708
0.0145803
0.016799
0.017536
0.0168174
0.0147396
0.010984
0.00536026
-0.0482556
-0.0493199
-0.0501219
-0.0507013
-0.0511256
-0.0513933
-0.0515128
-0.051508
-0.0514094
-0.051251
-0.0510683
-0.0508958
-0.0507662
-0.0507086
-0.0507482
-0.0509062
-0.0511994
-0.0516409
-0.0522396
-0.0530012
-0.053928
-0.0550195
-0.0562723
-0.0576807
-0.0592366
-0.0609295
-0.0627471
-0.0646746
-0.0666954
-0.0687908
-0.0709401
-0.0731204
-0.0753071
-0.0774733
-0.0795904
-0.0816279
-0.0835533
-0.0853325
-0.0869299
-0.0883084
-0.0894298
-0.0902549
-0.0907438
-0.0908565
-0.090553
-0.0897941
-0.0885422
-0.0867616
-0.0844196
-0.0814879
-0.0779436
-0.0737709
-0.0689635
-0.0635261
-0.0574782
-0.0508569
-0.0437208
-0.0361546
-0.0282726
-0.0202232
-0.0121903
-0.00439318
0.00291884
0.00947707
0.0150112
0.0192725
0.0220579
0.0232391
0.0228155
0.0208683
0.0170476
0.0111553
-0.0509836
-0.0521808
-0.053063
-0.0536714
-0.0540827
-0.0542959
-0.0543228
-0.0541933
-0.0539452
-0.05362
-0.0532602
-0.0529071
-0.0525987
-0.0523687
-0.052246
-0.0522544
-0.0524126
-0.0527347
-0.0532303
-0.053905
-0.0547611
-0.0557974
-0.05701
-0.0583923
-0.0599351
-0.0616271
-0.0634548
-0.0654025
-0.0674525
-0.0695851
-0.0717783
-0.0740084
-0.0762497
-0.0784741
-0.0806521
-0.0827519
-0.08474
-0.0865811
-0.0882385
-0.0896736
-0.0908471
-0.0917182
-0.0922455
-0.0923875
-0.0921025
-0.0913493
-0.0900883
-0.0882815
-0.0858938
-0.0828942
-0.0792566
-0.0749618
-0.0699995
-0.0643699
-0.0580876
-0.0511838
-0.0437115
-0.0357491
-0.0274059
-0.0188263
-0.010194
-0.00173294
0.00629582
0.0136029
0.019888
0.0248635
0.0282825
0.0299732
0.0299011
0.0281259
0.0242596
0.0180945
-0.0538237
-0.0551937
-0.0561774
-0.05682
-0.0572111
-0.0573522
-0.0572607
-0.056975
-0.0565426
-0.0560145
-0.0554421
-0.0548743
-0.0543556
-0.0539248
-0.0536145
-0.0534512
-0.0534552
-0.0536416
-0.0540201
-0.0545964
-0.0553719
-0.0563447
-0.05751
-0.0588598
-0.060384
-0.06207
-0.0639031
-0.0658663
-0.0679407
-0.0701053
-0.0723372
-0.0746113
-0.0769008
-0.0791766
-0.0814078
-0.0835617
-0.0856034
-0.0874966
-0.0892031
-0.0906832
-0.0918961
-0.0927996
-0.0933508
-0.0935065
-0.0932232
-0.092458
-0.0911692
-0.0893164
-0.0868625
-0.0837734
-0.0800204
-0.075581
-0.070441
-0.0645965
-0.0580572
-0.050849
-0.0430188
-0.0346389
-0.0258125
-0.0166793
-0.00742079
0.0017366
0.0105223
0.0186283
0.0257247
0.0314843
0.035612
0.0378863
0.038231
0.0366759
0.0327868
0.0263428
-0.0568094
-0.0584014
-0.0595116
-0.0601918
-0.0605508
-0.0605954
-0.0603514
-0.0598696
-0.0592101
-0.058436
-0.0576095
-0.0567885
-0.0560247
-0.0553623
-0.0548378
-0.05448
-0.0543109
-0.0543458
-0.0545944
-0.0550616
-0.055748
-0.0566504
-0.0577624
-0.059075
-0.0605764
-0.0622525
-0.0640872
-0.0660621
-0.0681569
-0.0703494
-0.0726152
-0.0749282
-0.0772601
-0.0795807
-0.0818579
-0.0840576
-0.086144
-0.0880793
-0.089824
-0.0913372
-0.0925765
-0.0934982
-0.0940581
-0.0942109
-0.0939117
-0.0931155
-0.0917784
-0.0898581
-0.0873148
-0.084112
-0.0802181
-0.0756073
-0.0702618
-0.0641738
-0.0573483
-0.049806
-0.0415879
-0.0327598
-0.0234186
-0.0136983
-0.00377676
0.00611919
0.0157118
0.0246764
0.0326548
0.0392788
0.044202
0.047146
0.047984
0.0467062
0.0428206
0.0360887
-0.059988
-0.0618626
-0.0631278
-0.0638458
-0.0641534
-0.0640671
-0.0636257
-0.062897
-0.0619577
-0.0608861
-0.0597573
-0.0586395
-0.0575922
-0.0566654
-0.055899
-0.0553242
-0.0549634
-0.0548321
-0.0549392
-0.0552884
-0.0558788
-0.0567054
-0.0577602
-0.0590322
-0.060508
-0.0621717
-0.0640054
-0.0659894
-0.0681017
-0.0703186
-0.0726145
-0.0749616
-0.0773306
-0.0796899
-0.0820061
-0.0842439
-0.086366
-0.0883336
-0.0901056
-0.0916398
-0.0928924
-0.0938181
-0.0943709
-0.094504
-0.0941705
-0.0933235
-0.0919169
-0.0899061
-0.0872489
-0.0839061
-0.0798431
-0.075031
-0.0694484
-0.0630834
-0.0559365
-0.0480232
-0.0393787
-0.0300622
-0.0201639
-0.00981115
0.000822945
0.0115129
0.0219761
0.0318733
0.0408191
0.0484038
0.0542256
0.0579421
0.0593656
0.0584345
0.0545838
0.0475504
-0.0634255
-0.065658
-0.0671098
-0.0678598
-0.0680856
-0.0678198
-0.0671213
-0.0660806
-0.0647966
-0.0633659
-0.0618789
-0.0604153
-0.0590429
-0.0578169
-0.0567806
-0.0559663
-0.0553966
-0.055086
-0.055042
-0.0552663
-0.0557557
-0.0565032
-0.0574985
-0.0587284
-0.0601773
-0.0618275
-0.0636592
-0.0656507
-0.0677786
-0.0700174
-0.07234
-0.0747173
-0.0771186
-0.0795109
-0.0818595
-0.0841277
-0.0862771
-0.0882672
-0.0900559
-0.0915993
-0.092852
-0.0937674
-0.0942976
-0.0943942
-0.094008
-0.0930903
-0.0915927
-0.0894683
-0.086672
-0.083162
-0.0789005
-0.0738552
-0.0680011
-0.0613222
-0.053814
-0.0454868
-0.0363697
-0.0265153
-0.0160062
-0.00496282
0.00644816
0.0180043
0.0294199
0.0403433
0.0503632
0.0590272
0.0658743
0.0704899
0.0726131
0.0721156
0.0683385
0.0609835
-0.0672143
-0.0698983
-0.0715706
-0.0723362
-0.0724326
-0.0719189
-0.0708832
-0.0694475
-0.0677384
-0.0658752
-0.0639654
-0.0621013
-0.0603587
-0.0587976
-0.0574633
-0.0563884
-0.0555944
-0.0550936
-0.0548912
-0.054986
-0.0553721
-0.0560395
-0.0569751
-0.0581633
-0.059586
-0.0612231
-0.0630528
-0.0650515
-0.0671939
-0.0694529
-0.0717998
-0.074204
-0.0766332
-0.0790533
-0.0814281
-0.0837196
-0.0858879
-0.0878913
-0.0896862
-0.0912272
-0.0924675
-0.0933587
-0.0938513
-0.0938948
-0.0934383
-0.0924307
-0.0908212
-0.0885604
-0.0856004
-0.0818963
-0.077407
-0.0720966
-0.0659358
-0.0589041
-0.0509919
-0.0422038
-0.0325621
-0.022112
-0.0109282
0.000877625
0.0131461
0.0256599
0.0381325
0.0502019
0.0614317
0.0713258
0.0793588
0.0850339
0.0880031
0.0880516
0.084398
0.0766919
-0.0714847
-0.074737
-0.0766629
-0.07741
-0.0773033
-0.0764447
-0.0749645
-0.073027
-0.0707936
-0.0684105
-0.066004
-0.0636788
-0.0615181
-0.0595853
-0.0579259
-0.0565712
-0.0555399
-0.0548412
-0.0544762
-0.05444
-0.0547231
-0.0553119
-0.0561902
-0.0573391
-0.0587378
-0.0603639
-0.0621931
-0.0641998
-0.0663567
-0.068635
-0.0710044
-0.0734327
-0.0758862
-0.0783293
-0.0807245
-0.0830324
-0.0852119
-0.0872197
-0.0890109
-0.0905387
-0.0917546
-0.0926086
-0.0930494
-0.0930246
-0.0924811
-0.0913656
-0.089625
-0.0872068
-0.0840603
-0.0801373
-0.0753927
-0.0697867
-0.0632852
-0.0558627
-0.0475036
-0.0382057
-0.0279839
-0.0168747
-0.00494308
0.00770906
0.0209323
0.0345167
0.048178
0.0615459
0.0741601
0.0854792
0.0949067
0.101852
0.10586
0.106606
0.103144
0.0950455
-0.076422
-0.080388
-0.0825946
-0.0832585
-0.0828354
-0.081494
-0.0794253
-0.0768488
-0.073969
-0.0709622
-0.0679746
-0.0651224
-0.0624938
-0.060153
-0.0581437
-0.0564931
-0.0552155
-0.0543146
-0.0537865
-0.0536215
-0.0538052
-0.0543199
-0.0551455
-0.0562598
-0.057639
-0.0592576
-0.0610892
-0.0631058
-0.0652782
-0.0675758
-0.0699666
-0.0724169
-0.0748914
-0.0773533
-0.0797636
-0.0820818
-0.0842651
-0.0862692
-0.0880476
-0.0895521
-0.0907326
-0.0915376
-0.0919139
-0.0918071
-0.0911622
-0.0899233
-0.0880347
-0.0854412
-0.0820886
-0.0779251
-0.0729015
-0.0669732
-0.060101
-0.052253
-0.0434067
-0.0335521
-0.0226947
-0.0108606
0.001897
0.0154892
0.0297796
0.0445696
0.0595809
0.0744391
0.0886619
0.101661
0.112759
0.121256
0.126569
0.128224
0.125054
0.116505
-0.0822927
-0.0871533
-0.0896501
-0.0901148
-0.0892011
-0.0871805
-0.0843292
-0.0809378
-0.0772617
-0.0735096
-0.0698464
-0.0663964
-0.0632495
-0.0604668
-0.0580865
-0.0561288
-0.0546005
-0.0534983
-0.0528114
-0.0525238
-0.0526154
-0.0530639
-0.0538445
-0.0549313
-0.0562971
-0.0579136
-0.0597518
-0.0617814
-0.0639713
-0.066289
-0.0687008
-0.0711715
-0.0736646
-0.0761416
-0.0785624
-0.0808852
-0.083066
-0.0850591
-0.0868167
-0.0882892
-0.089425
-0.0901709
-0.0904721
-0.0902723
-0.0895142
-0.0881396
-0.0860901
-0.0833073
-0.0797339
-0.0753137
-0.0699931
-0.0637222
-0.0564555
-0.0481541
-0.0387871
-0.0283347
-0.016791
-0.00416892
0.00949361
0.0241246
0.0396057
0.0557556
0.072309
0.0888936
0.10501
0.120021
0.133162
0.143599
0.150587
0.15346
0.150736
0.141665
-0.0894884
-0.0954653
-0.0982202
-0.0982829
-0.0966106
-0.0936307
-0.0897357
-0.0853049
-0.0806502
-0.0760121
-0.0715693
-0.0674487
-0.0637354
-0.0604819
-0.0577157
-0.0554464
-0.0536701
-0.0523738
-0.051538
-0.0511391
-0.0511506
-0.0515442
-0.0522906
-0.0533596
-0.0547205
-0.0563421
-0.0581926
-0.0602397
-0.06245
-0.0647894
-0.0672227
-0.0697132
-0.0722229
-0.0747123
-0.07714
-0.0794628
-0.0816358
-0.083612
-0.0853423
-0.0867759
-0.0878597
-0.088539
-0.0887574
-0.0884566
-0.0875774
-0.0860592
-0.0838407
-0.0808607
-0.0770578
-0.072372
-0.0667445
-0.0601193
-0.0524441
-0.0436716
-0.0337609
-0.0226804
-0.0104101
0.00305403
0.0176937
0.0334597
0.0502591
0.0679369
0.0862514
0.104844
0.123208
0.140661
0.156343
0.169261
0.178461
0.183016
0.180994
0.171317
-0.0985993
-0.105953
-0.108844
-0.108154
-0.10531
-0.100972
-0.0956839
-0.0899295
-0.0840785
-0.0783956
-0.0730637
-0.0682018
-0.0638809
-0.0601367
-0.0569801
-0.0544046
-0.0523921
-0.0509172
-0.0499498
-0.0494573
-0.0494056
-0.0497603
-0.0504868
-0.0515507
-0.0529177
-0.0545534
-0.0564237
-0.0584939
-0.0607289
-0.0630928
-0.065549
-0.0680596
-0.0705852
-0.0730853
-0.0755173
-0.0778372
-0.0799987
-0.0819539
-0.0836526
-0.0850428
-0.0860702
-0.0866787
-0.0868102
-0.086405
-0.0854016
-0.0837373
-0.0813483
-0.0781699
-0.0741373
-0.0691859
-0.0632516
-0.0562721
-0.0481871
-0.0389397
-0.0284776
-0.0167549
-0.00373437
0.0106089
0.0262822
0.0432665
0.0615045
0.0808802
0.101192
0.122114
0.143152
0.163595
0.182484
0.198637
0.210836
0.217792
0.216917
0.206571
-0.110546
-0.119548
-0.122265
-0.120218
-0.115568
-0.109304
-0.102161
-0.0947306
-0.0874304
-0.080532
-0.0742037
-0.0685403
-0.0635851
-0.0593465
-0.0558104
-0.0529485
-0.0507244
-0.0490974
-0.0480248
-0.0474638
-0.0473723
-0.0477091
-0.0484343
-0.0495092
-0.0508958
-0.0525572
-0.0544565
-0.0565572
-0.0588226
-0.0612152
-0.0636972
-0.0662295
-0.0687718
-0.0712825
-0.0737182
-0.0760339
-0.0781825
-0.0801153
-0.081781
-0.0831266
-0.0840969
-0.0846345
-0.0846801
-0.0841722
-0.0830477
-0.0812418
-0.078688
-0.0753189
-0.071066
-0.06586
-0.0596315
-0.0523113
-0.0438306
-0.0341222
-0.0231207
-0.0107636
0.00300664
0.0182405
0.0349771
0.0532368
0.0730101
0.0942378
0.116781
0.140378
0.164581
0.188685
0.211651
0.232093
0.248457
0.258952
0.260024
0.249063
-0.12683
-0.137654
-0.139494
-0.135054
-0.127627
-0.118645
-0.109046
-0.0995183
-0.0904914
-0.0822094
-0.0747956
-0.0682959
-0.0627068
-0.0579959
-0.0541147
-0.0510066
-0.0486127
-0.0468741
-0.0457343
-0.0451394
-0.0450388
-0.0453847
-0.0461319
-0.0472376
-0.0486608
-0.0503617
-0.0523017
-0.0544424
-0.0567456
-0.0591729
-0.0616854
-0.064243
-0.0668047
-0.0693281
-0.0717693
-0.0740824
-0.0762199
-0.0781321
-0.0797672
-0.0810714
-0.0819887
-0.0824606
-0.0824268
-0.0818245
-0.0805892
-0.078654
-0.0759505
-0.0724083
-0.0679554
-0.0625184
-0.0560223
-0.0483911
-0.0395473
-0.0294125
-0.0179071
-0.00495066
0.00953775
0.0256384
0.0434285
0.0629778
0.0843387
0.10753
0.132507
0.159113
0.187006
0.215553
0.243699
0.26988
0.292134
0.307992
0.312488
0.30134
-0.150039
-0.162423
-0.161867
-0.153273
-0.141605
-0.128818
-0.116019
-0.10392
-0.0928935
-0.0830945
-0.0745531
-0.0672311
-0.0610546
-0.0559341
-0.0517761
-0.0484899
-0.04599
-0.0441982
-0.043043
-0.0424597
-0.0423892
-0.0427777
-0.0435755
-0.0447363
-0.0462162
-0.0479738
-0.0499685
-0.052161
-0.054512
-0.0569823
-0.0595323
-0.0621214
-0.064708
-0.0672494
-0.0697011
-0.072017
-0.0741489
-0.0760469
-0.0776587
-0.0789299
-0.079804
-0.0802218
-0.0801222
-0.0794416
-0.0781139
-0.0760712
-0.0732428
-0.069556
-0.0649359
-0.059305
-0.0525833
-0.0446882
-0.0355336
-0.0250301
-0.0130834
0.000405778
0.0155434
0.0324426
0.0512243
0.0720159
0.0949465
0.120136
0.147669
0.177552
0.209631
0.243458
0.278096
0.311939
0.342606
0.366774
0.377484
0.367641
-0.184901
-0.197171
-0.19099
-0.175284
-0.157243
-0.139244
-0.122391
-0.107262
-0.0940381
-0.0826846
-0.0730696
-0.0650261
-0.0583815
-0.0529728
-0.0486529
-0.0452923
-0.042778
-0.0410121
-0.0399092
-0.0393947
-0.0394028
-0.0398746
-0.0407571
-0.0420015
-0.0435624
-0.0453968
-0.0474636
-0.0497226
-0.0521342
-0.0546588
-0.0572566
-0.0598867
-0.0625076
-0.0650761
-0.0675478
-0.0698764
-0.0720136
-0.0739093
-0.075511
-0.0767642
-0.077612
-0.0779949
-0.0778512
-0.0771167
-0.0757247
-0.0736059
-0.0706884
-0.0668975
-0.0621558
-0.0563824
-0.049493
-0.041399
-0.0320067
-0.021216
-0.00891919
0.00500179
0.0206777
0.0382556
0.0579023
0.0798089
0.104192
0.131294
0.161366
0.194641
0.231259
0.271128
0.313676
0.357512
0.400156
0.43735
0.459607
0.4553
-0.240283
-0.246869
-0.228439
-0.200847
-0.173497
-0.148622
-0.1269
-0.108451
-0.0930391
-0.0802905
-0.0698242
-0.0612944
-0.0544043
-0.0489062
-0.044596
-0.0413062
-0.0388989
-0.0372595
-0.036292
-0.0359151
-0.0360586
-0.0366608
-0.0376672
-0.0390281
-0.0406975
-0.0426325
-0.0447918
-0.0471355
-0.049624
-0.052218
-0.0548777
-0.0575628
-0.0602316
-0.0628415
-0.065348
-0.0677049
-0.0698644
-0.0717763
-0.0733882
-0.0746457
-0.0754919
-0.0758672
-0.0757099
-0.0749555
-0.0735368
-0.0713839
-0.0684239
-0.0645811
-0.0597759
-0.053925
-0.0469408
-0.0387298
-0.029192
-0.0182187
-0.00569007
0.00852803
0.0245889
0.0426708
0.0629851
0.0857859
0.111382
0.140147
0.172532
0.209054
0.250266
0.296642
0.348338
0.404774
0.464033
0.521418
0.564974
0.576619
-0.333024
-0.318374
-0.275157
-0.228635
-0.188256
-0.154807
-0.127722
-0.106084
-0.0888763
-0.0752019
-0.064338
-0.0557224
-0.0489237
-0.0436122
-0.0395345
-0.0364941
-0.0343363
-0.0329376
-0.0321973
-0.032032
-0.0323708
-0.0331528
-0.034324
-0.0358356
-0.0376429
-0.0397038
-0.0419781
-0.0444268
-0.0470111
-0.0496925
-0.052432
-0.0551896
-0.0579246
-0.0605945
-0.0631556
-0.0655622
-0.0677666
-0.0697192
-0.0713681
-0.072659
-0.0735353
-0.0739379
-0.073805
-0.0730722
-0.0716725
-0.0695356
-0.0665885
-0.0627545
-0.0579532
-0.0520998
-0.0451042
-0.03687
-0.0272927
-0.0162573
-0.00363548
0.0107192
0.0269773
0.0453419
0.0660609
0.0894425
0.115878
0.145872
0.180076
0.219335
0.264717
0.3175
0.379058
0.450538
0.531895
0.6194
0.700972
0.751891
-0.501627
-0.419644
-0.327918
-0.253708
-0.196859
-0.154044
-0.122178
-0.0983939
-0.0804487
-0.0667618
-0.0562378
-0.0481118
-0.0418456
-0.0370564
-0.0334667
-0.0308709
-0.029113
-0.0280717
-0.0276502
-0.0277693
-0.0283625
-0.0293724
-0.0307485
-0.0324451
-0.0344201
-0.0366336
-0.0390473
-0.0416238
-0.044326
-0.0471165
-0.0499574
-0.05281
-0.0556341
-0.0583885
-0.0610299
-0.0635134
-0.065792
-0.0678168
-0.0695364
-0.0708971
-0.0718428
-0.0723149
-0.0722521
-0.0715904
-0.070263
-0.0682001
-0.0653287
-0.0615721
-0.0568498
-0.0510764
-0.0441612
-0.0360063
-0.0265052
-0.0155401
-0.00297834
0.0113328
0.027573
0.0459595
0.0667611
0.0903202
0.117084
0.147649
0.182835
0.223781
0.272092
0.33002
0.400686
0.488195
0.596502
0.726657
0.877366
1.02574
-0.850643
-0.553011
-0.361301
-0.25341
-0.183287
-0.135618
-0.10328
-0.0808459
-0.0647492
-0.0528942
-0.0440145
-0.0373034
-0.0322329
-0.0284481
-0.025703
-0.0238206
-0.0226694
-0.0221477
-0.022175
-0.0226847
-0.0236208
-0.0249341
-0.0265809
-0.0285209
-0.0307164
-0.0331314
-0.0357306
-0.0384793
-0.0413426
-0.044285
-0.0472705
-0.0502616
-0.0532197
-0.0561047
-0.0588744
-0.0614851
-0.0638906
-0.0660429
-0.0678914
-0.0693834
-0.0704635
-0.0710737
-0.0711538
-0.0706402
-0.069467
-0.0675651
-0.0648622
-0.0612824
-0.056746
-0.0511684
-0.0444597
-0.0365231
-0.0272532
-0.0165336
-0.0042332
0.00979868
0.0257393
0.043803
0.0642554
0.0874364
0.113794
0.143936
0.178719
0.219389
0.267831
0.326992
0.401677
0.499742
0.632391
0.816586
1.09969
1.50768
-1.48535
-0.68344
-0.324185
-0.19373
-0.128203
-0.0889217
-0.0651305
-0.0500118
-0.0396533
-0.0321688
-0.0266127
-0.0224525
-0.0193665
-0.0171501
-0.0156646
-0.0148099
-0.0145097
-0.0147028
-0.0153382
-0.0163718
-0.0177645
-0.0194803
-0.0214856
-0.0237484
-0.0262375
-0.0289222
-0.0317717
-0.034755
-0.0378403
-0.0409949
-0.044185
-0.0473754
-0.0505292
-0.0536079
-0.056571
-0.0593759
-0.0619781
-0.0643304
-0.0663836
-0.0680858
-0.069383
-0.070218
-0.0705315
-0.0702615
-0.0693427
-0.0677073
-0.0652842
-0.061999
-0.0577737
-0.0525258
-0.046168
-0.0386067
-0.0297408
-0.0194595
-0.00763949
0.00585953
0.0212003
0.0385762
0.0582238
0.0804399
0.105609
0.134247
0.167071
0.205127
0.250031
0.304463
0.373333
0.466408
0.603479
0.832758
1.31079
2.23472
)
;

boundaryField
{
    movingWall
    {
        type            zeroGradient;
    }
    fixedWalls
    {
        type            zeroGradient;
    }
    frontAndBack
    {
        type            empty;
    }
}


// ************************************************************************* //
