/*--------------------------------*- C++ -*----------------------------------*\
  =========                 |
  \\      /  F ield         | OpenFOAM: The Open Source CFD Toolbox
   \\    /   O peration     | Website:  https://openfoam.org
    \\  /    A nd           | Version:  dev
     \\/     M anipulation  |
\*---------------------------------------------------------------------------*/
FoamFile
{
    format      ascii;
    class       volScalarField;
    location    "17.1";
    object      Ux;
}
// * * * * * * * * * * * * * * * * * * * * * * * * * * * * * * * * * * * * * //

dimensions      [0 1 -1 0 0 0 0];

internalField   nonuniform List<scalar> 
5184
(
1.22798e-05
4.50449e-05
8.01367e-05
9.57055e-05
8.18076e-05
3.60783e-05
-4.09218e-05
-0.000147175
-0.000279901
-0.00043604
-0.000612473
-0.00080617
-0.00101427
-0.00123412
-0.00146325
-0.00169941
-0.00194053
-0.0021847
-0.00243013
-0.00267516
-0.00291816
-0.00315759
-0.00339192
-0.00361962
-0.00383917
-0.00404904
-0.00424767
-0.00443349
-0.00460492
-0.00476039
-0.00489834
-0.00501726
-0.00511568
-0.00519222
-0.00524564
-0.00527482
-0.00527881
-0.00525689
-0.00520856
-0.00513359
-0.00503204
-0.00490428
-0.00475103
-0.00457333
-0.00437257
-0.00415053
-0.00390927
-0.00365123
-0.00337913
-0.00309596
-0.00280496
-0.00250955
-0.00221329
-0.00191983
-0.00163283
-0.00135594
-0.00109269
-0.000846438
-0.00062033
-0.000417216
-0.00023959
-8.95297e-05
3.13776e-05
0.000122116
0.000182352
0.000212585
0.000214395
0.000190822
0.000146885
9.06611e-05
3.65908e-05
6.22689e-06
2.07985e-05
6.54461e-05
9.43806e-05
7.23297e-05
-1.94909e-05
-0.000187868
-0.000433368
-0.000752771
-0.00114054
-0.00158991
-0.00209353
-0.00264395
-0.0032339
-0.00385638
-0.0045048
-0.00517297
-0.00585509
-0.00654574
-0.00723978
-0.00793234
-0.00861872
-0.00929438
-0.00995485
-0.0105957
-0.0112126
-0.0118011
-0.0123567
-0.0128752
-0.0133521
-0.013783
-0.0141638
-0.0144904
-0.0147588
-0.0149655
-0.0151071
-0.0151809
-0.0151845
-0.0151161
-0.0149746
-0.0147596
-0.0144714
-0.0141114
-0.0136817
-0.0131852
-0.0126258
-0.0120086
-0.0113391
-0.0106241
-0.0098708
-0.00908738
-0.0082825
-0.00746533
-0.00664538
-0.00583237
-0.00503608
-0.00426615
-0.00353196
-0.00284241
-0.00220578
-0.00162952
-0.00112012
-0.000682871
-0.000321684
-3.88471e-05
0.000165265
0.000292567
0.000347789
0.000339179
0.000279202
0.000185676
8.6224e-05
1.96549e-05
1.75901e-05
4.11513e-05
1.92604e-05
-8.44439e-05
-0.000290693
-0.000608201
-0.00103822
-0.00157692
-0.00221715
-0.00294973
-0.00376439
-0.00465043
-0.00559716
-0.00659412
-0.00763127
-0.00869907
-0.00978844
-0.0108908
-0.011998
-0.0131021
-0.0141956
-0.0152711
-0.0163214
-0.0173395
-0.0183181
-0.0192503
-0.0201291
-0.0209476
-0.0216987
-0.0223759
-0.0229726
-0.0234824
-0.0238994
-0.0242183
-0.024434
-0.0245424
-0.0245402
-0.0244247
-0.0241945
-0.0238492
-0.0233897
-0.0228182
-0.022138
-0.0213541
-0.0204725
-0.0195011
-0.0184486
-0.0173252
-0.0161424
-0.0149125
-0.0136489
-0.0123655
-0.0110768
-0.00979773
-0.00854307
-0.00732753
-0.00616534
-0.00506999
-0.00405403
-0.00312872
-0.00230378
-0.0015871
-0.000984425
-0.000498983
-0.0001311
0.000122281
0.000268235
0.000318571
0.00029039
0.000206875
0.000102232
2.49328e-05
8.79943e-06
-7.15297e-06
-0.000107814
-0.000322582
-0.000669647
-0.00115739
-0.00178654
-0.00255233
-0.00344621
-0.00445717
-0.00557274
-0.00677974
-0.00806478
-0.00941461
-0.0108164
-0.0122576
-0.0137265
-0.0152116
-0.016702
-0.0181872
-0.019657
-0.0211014
-0.0225106
-0.0238751
-0.0251854
-0.0264319
-0.0276054
-0.0286965
-0.0296962
-0.0305956
-0.0313862
-0.0320598
-0.0326088
-0.0330261
-0.0333056
-0.0334419
-0.033431
-0.0332696
-0.0329563
-0.0324908
-0.0318743
-0.03111
-0.0302025
-0.0291584
-0.0279858
-0.0266949
-0.0252972
-0.023806
-0.0222362
-0.0206038
-0.0189261
-0.0172211
-0.0155076
-0.0138047
-0.0121317
-0.0105073
-0.00894997
-0.00747711
-0.00610482
-0.0048476
-0.00371792
-0.00272589
-0.00187883
-0.00118088
-0.000632523
-0.000230069
3.4929e-05
0.00017633
0.000213818
0.000173508
9.27761e-05
2.39751e-05
-2.15513e-06
-6.73662e-05
-0.000264149
-0.000609613
-0.00111621
-0.00179012
-0.00263035
-0.00363051
-0.00478049
-0.00606758
-0.00747745
-0.00899488
-0.0106043
-0.0122902
-0.0140372
-0.0158306
-0.0176561
-0.0194998
-0.0213483
-0.0231888
-0.0250086
-0.0267955
-0.0285374
-0.0302224
-0.0318388
-0.0333748
-0.0348192
-0.0361604
-0.0373876
-0.0384899
-0.0394571
-0.0402793
-0.0409474
-0.0414533
-0.0417895
-0.04195
-0.0419299
-0.0417257
-0.0413358
-0.0407602
-0.0400006
-0.0390609
-0.037947
-0.0366667
-0.0352301
-0.0336494
-0.0319385
-0.0301133
-0.0281917
-0.0261928
-0.0241372
-0.0220464
-0.019943
-0.0178495
-0.015789
-0.013784
-0.0118564
-0.0100268
-0.00831471
-0.00673728
-0.00530946
-0.0040434
-0.00294795
-0.00202826
-0.00128528
-0.00071527
-0.000309271
-5.25479e-05
7.57307e-05
0.000103015
6.72526e-05
1.96118e-05
-1.37113e-05
-0.000132815
-0.000435605
-0.000923999
-0.00160259
-0.00247392
-0.00353413
-0.00477454
-0.00618306
-0.00774519
-0.00944482
-0.0112649
-0.013188
-0.0151966
-0.0172734
-0.0194016
-0.0215648
-0.0237469
-0.0259325
-0.0281066
-0.0302545
-0.0323617
-0.0344141
-0.0363979
-0.0382991
-0.0401043
-0.0418001
-0.0433732
-0.044811
-0.0461011
-0.0472315
-0.0481911
-0.0489696
-0.0495575
-0.0499466
-0.05013
-0.0501025
-0.0498602
-0.0494015
-0.0487263
-0.0478371
-0.0467384
-0.045437
-0.0439421
-0.0422651
-0.0404201
-0.038423
-0.0362921
-0.0340475
-0.0317113
-0.0293067
-0.0268586
-0.0243922
-0.0219338
-0.0195092
-0.0171444
-0.0148643
-0.0126927
-0.0106516
-0.00876106
-0.00703819
-0.00549713
-0.00414833
-0.00299817
-0.00204842
-0.00129585
-0.000731701
-0.000341286
-0.000103696
8.64705e-06
3.2267e-05
1.35708e-05
-2.51839e-05
-0.00019988
-0.000613551
-0.00125169
-0.00210981
-0.00318575
-0.00447192
-0.00595664
-0.00762542
-0.00946173
-0.0114476
-0.0135643
-0.0157926
-0.0181132
-0.0205072
-0.0229559
-0.0254411
-0.027945
-0.0304502
-0.0329398
-0.0353972
-0.0378063
-0.040151
-0.0424155
-0.0445843
-0.0466421
-0.0485737
-0.0503645
-0.052
-0.0534665
-0.0547507
-0.0558401
-0.0567233
-0.0573899
-0.0578309
-0.0580388
-0.0580077
-0.0577337
-0.0572148
-0.0564514
-0.0554461
-0.054204
-0.0527327
-0.0510424
-0.0491459
-0.0470586
-0.0447983
-0.0423851
-0.0398413
-0.0371912
-0.0344607
-0.0316771
-0.0288685
-0.0260639
-0.0232922
-0.0205822
-0.0179616
-0.0154571
-0.0130934
-0.0108928
-0.00887497
-0.00705593
-0.00544793
-0.00405882
-0.00289161
-0.00194404
-0.00120819
-0.000670152
-0.000309765
-0.000100253
-7.90309e-06
6.81729e-06
-3.63149e-05
-0.000266678
-0.000792876
-0.00158378
-0.00262521
-0.00390963
-0.00542508
-0.00715627
-0.00908592
-0.0111952
-0.0134641
-0.0158722
-0.0183986
-0.0210224
-0.0237232
-0.0264805
-0.0292747
-0.0320864
-0.0348965
-0.0376866
-0.0404384
-0.0431341
-0.045756
-0.0482868
-0.0507092
-0.0530065
-0.0551621
-0.0571597
-0.0589836
-0.0606187
-0.0620504
-0.0632653
-0.0642509
-0.0649959
-0.0654905
-0.0657266
-0.0656979
-0.0654
-0.064831
-0.0639912
-0.0628834
-0.0615131
-0.0598885
-0.0580207
-0.0559234
-0.0536132
-0.0511093
-0.0484335
-0.0456099
-0.0426647
-0.0396261
-0.0365236
-0.033388
-0.0302507
-0.0271434
-0.0240974
-0.0211434
-0.0183107
-0.0156264
-0.0131157
-0.0108002
-0.0086984
-0.0068244
-0.00518788
-0.00379342
-0.00264021
-0.00172169
-0.00102533
-0.000532351
-0.000217455
-5.05948e-05
-1.18723e-07
-4.70118e-05
-0.000332235
-0.000970588
-0.00191465
-0.00314041
-0.00463455
-0.00638026
-0.00835829
-0.0105482
-0.0129285
-0.0154772
-0.0181719
-0.0209901
-0.0239094
-0.026908
-0.0299639
-0.0330562
-0.0361639
-0.0392668
-0.0423449
-0.0453785
-0.0483484
-0.0512354
-0.0540208
-0.0566861
-0.059213
-0.0615837
-0.0637805
-0.0657865
-0.0675855
-0.0691618
-0.0705009
-0.0715893
-0.072415
-0.0729674
-0.0732377
-0.0732191
-0.072907
-0.0722991
-0.0713955
-0.0701992
-0.0687158
-0.066954
-0.0649253
-0.0626443
-0.0601285
-0.0573981
-0.0544763
-0.0513888
-0.0481635
-0.0448306
-0.0414216
-0.0379696
-0.0345085
-0.0310725
-0.0276955
-0.0244109
-0.0212506
-0.0182446
-0.0154204
-0.0128024
-0.0104112
-0.00826344
-0.00637072
-0.00473966
-0.00337128
-0.00226086
-0.0013977
-0.000764897
-0.000339065
-9.42532e-05
-6.96794e-06
-5.72632e-05
-0.000396071
-0.00114496
-0.0022408
-0.00364987
-0.00535289
-0.00732794
-0.00955151
-0.0119997
-0.0146483
-0.017473
-0.0204495
-0.0235537
-0.0267616
-0.03005
-0.0333959
-0.0367769
-0.0401708
-0.0435562
-0.0469119
-0.050217
-0.0534509
-0.0565935
-0.0596246
-0.0625246
-0.0652739
-0.0678535
-0.0702448
-0.0724296
-0.0743906
-0.0761111
-0.0775758
-0.0787701
-0.0796812
-0.0802978
-0.0806105
-0.0806118
-0.0802965
-0.0796621
-0.0787083
-0.0774381
-0.0758569
-0.0739737
-0.0718002
-0.0693515
-0.0666457
-0.063704
-0.0605506
-0.0572125
-0.0537191
-0.0501023
-0.0463957
-0.0426344
-0.0388546
-0.035093
-0.0313862
-0.0277703
-0.0242798
-0.0209477
-0.0178042
-0.0148765
-0.0121879
-0.0097573
-0.00759905
-0.00572201
-0.00412947
-0.00281889
-0.00178182
-0.00100354
-0.000462875
-0.000138064
-1.36152e-05
-6.70861e-05
-0.000457959
-0.00131499
-0.00256002
-0.00414989
-0.00605932
-0.00826122
-0.0107276
-0.013431
-0.0163443
-0.0194407
-0.0226939
-0.0260782
-0.0295682
-0.0331393
-0.0367673
-0.0404287
-0.0441003
-0.0477595
-0.0513841
-0.0549523
-0.0584423
-0.0618329
-0.065103
-0.0682317
-0.0711987
-0.0739837
-0.076567
-0.0789297
-0.0810533
-0.0829203
-0.0845142
-0.0858198
-0.0868234
-0.0875129
-0.0878779
-0.0879105
-0.0876048
-0.0869576
-0.0859683
-0.0846394
-0.0829762
-0.0809874
-0.0786849
-0.0760838
-0.0732028
-0.0700637
-0.0666914
-0.063114
-0.0593623
-0.0554696
-0.0514714
-0.0474049
-0.0433086
-0.0392215
-0.035183
-0.031232
-0.027406
-0.0237408
-0.0202699
-0.0170232
-0.0140271
-0.0113036
-0.00886964
-0.00673684
-0.00491112
-0.00339249
-0.00217502
-0.00124644
-0.000587877
-0.000181702
-2.00341e-05
-7.65052e-05
-0.000517801
-0.0014801
-0.0028709
-0.00463794
-0.00675009
-0.00917501
-0.0118803
-0.0148346
-0.018008
-0.0213711
-0.0248957
-0.0285541
-0.0323197
-0.0361666
-0.0400696
-0.0440039
-0.0479457
-0.0518713
-0.0557576
-0.0595818
-0.0633215
-0.0669544
-0.0704585
-0.0738121
-0.0769939
-0.0799827
-0.082758
-0.0852997
-0.0875887
-0.0896065
-0.0913356
-0.0927601
-0.0938651
-0.0946379
-0.0950672
-0.0951442
-0.0948622
-0.0942173
-0.0932083
-0.0918369
-0.090108
-0.0880299
-0.0856143
-0.0828762
-0.0798343
-0.0765109
-0.0729314
-0.0691247
-0.0651229
-0.0609605
-0.0566748
-0.052305
-0.0478918
-0.0434769
-0.0391024
-0.03481
-0.0306406
-0.0266331
-0.0228242
-0.0192475
-0.0159324
-0.0129043
-0.0101834
-0.00778429
-0.0057159
-0.00398112
-0.00257679
-0.00149324
-0.00071392
-0.00022517
-2.6251e-05
-8.55423e-05
-0.000575549
-0.0016399
-0.00317247
-0.00511222
-0.00742237
-0.0100654
-0.0130045
-0.0162046
-0.0196326
-0.0232568
-0.0270466
-0.030973
-0.0350077
-0.0391237
-0.0432947
-0.0474952
-0.0517003
-0.0558856
-0.0600274
-0.0641019
-0.0680861
-0.0719569
-0.0756917
-0.0792678
-0.0826632
-0.085856
-0.0888248
-0.0915488
-0.0940077
-0.0961824
-0.0980546
-0.0996072
-0.100825
-0.101693
-0.1022
-0.102336
-0.102093
-0.101467
-0.100455
-0.0990588
-0.0972815
-0.0951311
-0.0926187
-0.0897591
-0.0865707
-0.0830759
-0.0793004
-0.0752739
-0.0710291
-0.0666021
-0.0620316
-0.0573588
-0.0526268
-0.0478798
-0.0431629
-0.0385209
-0.0339981
-0.0296369
-0.0254778
-0.021558
-0.0179107
-0.014565
-0.0115445
-0.00886743
-0.00654604
-0.00458634
-0.0029882
-0.00174465
-0.000841455
-0.000268689
-3.23246e-05
-9.42129e-05
-0.000631165
-0.00179413
-0.00346397
-0.00557135
-0.00807397
-0.0109294
-0.0140962
-0.017536
-0.0212123
-0.025091
-0.0291396
-0.0333272
-0.0376243
-0.0420026
-0.0464349
-0.0508949
-0.0553569
-0.059796
-0.0641876
-0.0685076
-0.0727321
-0.0768376
-0.0808007
-0.0845983
-0.0882075
-0.0916058
-0.0947711
-0.0976818
-0.100317
-0.102656
-0.104681
-0.106372
-0.107714
-0.108692
-0.109292
-0.109503
-0.109317
-0.108728
-0.107731
-0.106328
-0.10452
-0.102316
-0.0997236
-0.0967585
-0.0934385
-0.0897855
-0.0858254
-0.0815881
-0.0771074
-0.0724202
-0.0675669
-0.0625906
-0.0575366
-0.0524519
-0.0473847
-0.0423832
-0.0374953
-0.0327675
-0.028244
-0.0239663
-0.0199719
-0.0162937
-0.0129596
-0.00999167
-0.00740575
-0.00521134
-0.00341154
-0.0020022
-0.000971361
-0.000312632
-3.83332e-05
-0.000102525
-0.000684609
-0.00194254
-0.00374481
-0.00601413
-0.00870301
-0.0117642
-0.015152
-0.0188243
-0.0227418
-0.0268679
-0.031168
-0.0356096
-0.0401619
-0.0447955
-0.0494823
-0.0541952
-0.058908
-0.0635951
-0.0682315
-0.0727925
-0.0772538
-0.0815914
-0.0857814
-0.0898003
-0.0936245
-0.0972309
-0.100597
-0.1037
-0.106519
-0.109032
-0.111219
-0.113062
-0.114542
-0.115644
-0.116353
-0.116658
-0.116546
-0.116012
-0.115051
-0.11366
-0.111842
-0.109602
-0.106949
-0.103895
-0.100459
-0.0966622
-0.0925294
-0.0880912
-0.0833816
-0.0784388
-0.0733044
-0.0680236
-0.0626439
-0.0572152
-0.0517888
-0.0464168
-0.0411508
-0.0360416
-0.0311381
-0.0264861
-0.0221279
-0.0181009
-0.0144376
-0.0111642
-0.00830075
-0.0058605
-0.00384998
-0.00226799
-0.00110482
-0.000357472
-4.43677e-05
-0.000110478
-0.00073582
-0.00208488
-0.00401437
-0.0064395
-0.00930778
-0.0125673
-0.0161685
-0.0200656
-0.0242164
-0.028582
-0.0331257
-0.0378135
-0.0426134
-0.0474948
-0.052429
-0.0573881
-0.0623454
-0.0672748
-0.072151
-0.0769489
-0.0816439
-0.0862115
-0.0906275
-0.0948679
-0.0989089
-0.102727
-0.106298
-0.1096
-0.11261
-0.115307
-0.117669
-0.119676
-0.121309
-0.122552
-0.123388
-0.123803
-0.123787
-0.123329
-0.122423
-0.121066
-0.119258
-0.117003
-0.114308
-0.111185
-0.10765
-0.103724
-0.0994314
-0.0948028
-0.0898724
-0.0846792
-0.0792661
-0.0736799
-0.0679707
-0.0621914
-0.0563965
-0.050642
-0.0449839
-0.0394776
-0.0341769
-0.0291327
-0.0243924
-0.0199985
-0.0159885
-0.0123935
-0.0092379
-0.0065391
-0.00430736
-0.00254454
-0.00124323
-0.000403752
-5.05256e-05
-0.000118068
-0.000784718
-0.00222086
-0.00427204
-0.00684635
-0.00988661
-0.0133366
-0.0171427
-0.0212559
-0.0256314
-0.0302277
-0.0350064
-0.039932
-0.0449712
-0.0500926
-0.0552666
-0.0604649
-0.0656602
-0.0708261
-0.075937
-0.0809677
-0.0858931
-0.0906887
-0.09533
-0.0997926
-0.104052
-0.108085
-0.111867
-0.115375
-0.118585
-0.121476
-0.124024
-0.126209
-0.128011
-0.129411
-0.130392
-0.130939
-0.131037
-0.130677
-0.129849
-0.128548
-0.126773
-0.124525
-0.121809
-0.118637
-0.115021
-0.110983
-0.106545
-0.101739
-0.0965968
-0.0911595
-0.0854709
-0.0795794
-0.0735376
-0.0674011
-0.0612283
-0.0550792
-0.0490144
-0.0430943
-0.0373782
-0.0319225
-0.0267802
-0.0219997
-0.0176239
-0.0136892
-0.0102249
-0.0072531
-0.00478796
-0.00283467
-0.00138814
-0.000452058
-5.69088e-05
-0.000125281
-0.000831202
-0.00235016
-0.00451716
-0.00723358
-0.0104378
-0.0140696
-0.0180715
-0.0223916
-0.0269822
-0.0317997
-0.0368041
-0.0419583
-0.0472279
-0.0525807
-0.0579864
-0.0634162
-0.0688426
-0.0742389
-0.0795792
-0.0848381
-0.0899906
-0.0950119
-0.0998775
-0.104563
-0.109043
-0.113294
-0.117292
-0.121013
-0.124432
-0.127527
-0.130274
-0.132651
-0.134638
-0.136213
-0.137358
-0.138056
-0.138291
-0.138051
-0.137324
-0.136103
-0.134384
-0.132166
-0.129453
-0.126253
-0.122577
-0.118445
-0.11388
-0.108909
-0.103567
-0.0978937
-0.0919344
-0.0857392
-0.0793626
-0.0728635
-0.0663038
-0.059748
-0.0532617
-0.0469107
-0.04076
-0.0348723
-0.0293068
-0.0241183
-0.0193557
-0.0150613
-0.0112701
-0.00800891
-0.00529643
-0.00314139
-0.00154119
-0.000503014
-6.36218e-05
-0.000132101
-0.000875147
-0.00247242
-0.004749
-0.00759999
-0.0109597
-0.0147639
-0.0189519
-0.0234686
-0.0282641
-0.0332927
-0.0385126
-0.0438854
-0.0493757
-0.0549507
-0.0605793
-0.0662324
-0.0718823
-0.077502
-0.0830657
-0.0885479
-0.0939236
-0.099168
-0.104256
-0.109164
-0.113867
-0.11834
-0.122558
-0.126498
-0.130135
-0.133444
-0.136402
-0.138986
-0.141172
-0.14294
-0.144269
-0.145139
-0.145533
-0.145435
-0.144834
-0.143717
-0.14208
-0.139918
-0.137232
-0.134028
-0.130315
-0.126111
-0.121436
-0.116317
-0.110789
-0.104891
-0.0986681
-0.0921724
-0.0854608
-0.0785949
-0.0716406
-0.0646667
-0.0577443
-0.050945
-0.0443401
-0.0379991
-0.031988
-0.0263685
-0.0211964
-0.0165206
-0.0123821
-0.00881326
-0.00583763
-0.00346787
-0.00170412
-0.00055726
-7.07716e-05
-0.000138505
-0.000916409
-0.00258724
-0.00496679
-0.00794434
-0.0114504
-0.0154171
-0.0197807
-0.0244833
-0.0294726
-0.0347011
-0.0401254
-0.0457061
-0.0514067
-0.0571936
-0.0630355
-0.0689029
-0.0747678
-0.0806034
-0.0863837
-0.0920834
-0.0976775
-0.103141
-0.10845
-0.11358
-0.118506
-0.123203
-0.127646
-0.131811
-0.135672
-0.139206
-0.142386
-0.14519
-0.147592
-0.14957
-0.1511
-0.152164
-0.152739
-0.152809
-0.152357
-0.151372
-0.149842
-0.147763
-0.145131
-0.141949
-0.138225
-0.133972
-0.129209
-0.123962
-0.118265
-0.112154
-0.105678
-0.098888
-0.0918433
-0.0846086
-0.0772535
-0.0698515
-0.0624793
-0.0552147
-0.0481358
-0.0413194
-0.0348393
-0.0287646
-0.0231588
-0.0180779
-0.0135698
-0.00967307
-0.00641658
-0.00381739
-0.00187867
-0.000615452
-7.84661e-05
-0.000144467
-0.000954831
-0.00269418
-0.00516972
-0.00826534
-0.011908
-0.0160267
-0.0205547
-0.0254315
-0.0306028
-0.0360193
-0.0416362
-0.0474131
-0.0533125
-0.0593004
-0.065345
-0.0714166
-0.0774872
-0.08353
-0.0895192
-0.0954295
-0.101236
-0.106915
-0.112441
-0.117791
-0.122939
-0.127861
-0.132532
-0.136926
-0.141019
-0.144785
-0.148199
-0.151235
-0.153867
-0.156071
-0.157824
-0.1591
-0.159879
-0.16014
-0.159865
-0.159037
-0.157643
-0.155674
-0.153125
-0.149993
-0.146285
-0.14201
-0.137185
-0.131833
-0.125986
-0.119681
-0.112964
-0.105889
-0.0985164
-0.0909136
-0.0831539
-0.0753157
-0.0674813
-0.0597353
-0.052163
-0.0448492
-0.0378759
-0.0313207
-0.0252553
-0.0197441
-0.0148422
-0.0105953
-0.00703836
-0.00419323
-0.00206665
-0.000678254
-8.68138e-05
-0.000149959
-0.000990244
-0.00279278
-0.00535692
-0.00856164
-0.0123307
-0.0165902
-0.0212706
-0.0263093
-0.0316499
-0.0372417
-0.0430385
-0.0489988
-0.0550847
-0.0612615
-0.0674972
-0.073762
-0.0800277
-0.0862679
-0.0924568
-0.0985696
-0.104582
-0.110469
-0.116208
-0.121774
-0.127143
-0.132289
-0.137189
-0.141816
-0.146146
-0.150152
-0.153808
-0.157087
-0.159963
-0.162409
-0.1644
-0.16591
-0.166915
-0.167392
-0.167318
-0.166674
-0.165445
-0.163617
-0.16118
-0.15813
-0.154468
-0.150201
-0.145342
-0.139911
-0.133938
-0.127459
-0.120519
-0.113173
-0.105481
-0.0975141
-0.0893491
-0.0810691
-0.0727623
-0.0645201
-0.056436
-0.0486029
-0.0411119
-0.0340501
-0.0274983
-0.0215298
-0.0162083
-0.0115871
-0.00770806
-0.00459875
-0.00226987
-0.000746334
-9.59234e-05
-0.000154953
-0.00102248
-0.00288259
-0.00552755
-0.00883191
-0.0127166
-0.0171051
-0.0219253
-0.0271128
-0.0326093
-0.0383626
-0.0443256
-0.0504559
-0.0567148
-0.0630674
-0.0694813
-0.0759269
-0.082376
-0.0888023
-0.0951806
-0.101486
-0.107695
-0.113784
-0.119729
-0.125506
-0.131091
-0.13646
-0.141588
-0.146449
-0.151018
-0.155269
-0.159174
-0.162705
-0.165837
-0.168539
-0.170786
-0.172548
-0.1738
-0.174515
-0.174668
-0.174237
-0.173202
-0.171545
-0.169253
-0.166318
-0.162735
-0.158508
-0.153647
-0.148168
-0.142097
-0.135469
-0.128329
-0.120728
-0.112731
-0.104408
-0.095841
-0.087117
-0.0783303
-0.0695797
-0.0609665
-0.0525932
-0.0445605
-0.0369655
-0.0298994
-0.0234453
-0.0176766
-0.0126552
-0.00843076
-0.00503725
-0.00249012
-0.000820364
-0.000105904
-0.000159418
-0.00105135
-0.00296314
-0.00568073
-0.00907481
-0.0130638
-0.0175688
-0.0225157
-0.0278379
-0.0334761
-0.0393765
-0.0454911
-0.0517767
-0.0581941
-0.0647082
-0.0712864
-0.077899
-0.0845183
-0.0911181
-0.0976737
-0.104161
-0.110556
-0.116836
-0.122979
-0.128959
-0.134755
-0.140342
-0.145695
-0.150789
-0.155598
-0.160096
-0.164255
-0.168046
-0.171442
-0.174413
-0.176929
-0.17896
-0.180479
-0.181455
-0.18186
-0.181669
-0.180857
-0.179404
-0.17729
-0.174504
-0.171036
-0.166886
-0.162057
-0.156564
-0.150429
-0.143683
-0.136368
-0.128537
-0.120252
-0.111587
-0.102626
-0.0934598
-0.0841894
-0.0749207
-0.0657638
-0.0568308
-0.0482329
-0.0400783
-0.0324694
-0.0255005
-0.0192556
-0.0138064
-0.00921145
-0.00551205
-0.00272922
-0.000901015
-0.000116867
-0.000163327
-0.0010767
-0.00303398
-0.00581567
-0.00928908
-0.0133705
-0.017979
-0.0230385
-0.0284811
-0.0342458
-0.0402779
-0.0465286
-0.0529538
-0.0595142
-0.0661742
-0.0729013
-0.079666
-0.0864407
-0.0931997
-0.0999187
-0.106574
-0.113143
-0.119603
-0.125932
-0.132107
-0.138105
-0.143902
-0.149474
-0.154797
-0.159844
-0.164589
-0.169003
-0.173058
-0.176725
-0.179973
-0.182771
-0.185087
-0.186889
-0.188147
-0.188828
-0.188904
-0.188345
-0.187127
-0.185226
-0.182625
-0.179311
-0.175275
-0.170519
-0.165051
-0.158889
-0.152061
-0.144604
-0.136571
-0.128023
-0.119035
-0.109693
-0.100092
-0.0903382
-0.0805458
-0.0708335
-0.0613234
-0.0521383
-0.0433983
-0.0352182
-0.0277046
-0.0209533
-0.0150472
-0.010055
-0.0060264
-0.00298896
-0.00098896
-0.000128924
-0.000166651
-0.00109837
-0.00309471
-0.0059316
-0.00947356
-0.0136351
-0.0183335
-0.0234912
-0.0290388
-0.0349142
-0.0410619
-0.0474321
-0.0539803
-0.0606669
-0.067456
-0.0743154
-0.0812155
-0.0881292
-0.0950313
-0.101898
-0.108706
-0.115435
-0.12206
-0.128563
-0.134919
-0.141107
-0.147105
-0.152888
-0.158432
-0.163711
-0.168699
-0.173368
-0.177688
-0.181629
-0.18516
-0.188249
-0.190861
-0.192963
-0.194521
-0.1955
-0.195867
-0.19559
-0.194639
-0.192987
-0.190609
-0.187487
-0.183609
-0.178968
-0.173568
-0.167421
-0.160551
-0.152992
-0.144793
-0.136013
-0.126727
-0.117023
-0.107
-0.0967695
-0.0864525
-0.0761769
-0.0660757
-0.0562835
-0.0469336
-0.0381542
-0.0300657
-0.022777
-0.0163839
-0.0109661
-0.00658346
-0.00327111
-0.00108487
-0.000142187
-0.000169366
-0.00111623
-0.00314497
-0.00602787
-0.00962722
-0.0138561
-0.0186303
-0.0238711
-0.0295079
-0.0354776
-0.0417237
-0.048196
-0.0548496
-0.0616444
-0.0685447
-0.0755181
-0.0825356
-0.0895703
-0.0965975
-0.103594
-0.110538
-0.117408
-0.124183
-0.130843
-0.137366
-0.14373
-0.149915
-0.155897
-0.161651
-0.167154
-0.172378
-0.177295
-0.181877
-0.186092
-0.189909
-0.193293
-0.19621
-0.198624
-0.200497
-0.201794
-0.202477
-0.202509
-0.201856
-0.200486
-0.19837
-0.195483
-0.191805
-0.187326
-0.182042
-0.175958
-0.169093
-0.161476
-0.153152
-0.144178
-0.134628
-0.124589
-0.114164
-0.103469
-0.0926325
-0.0817908
-0.0710883
-0.0606723
-0.05069
-0.0412844
-0.032591
-0.0247336
-0.017822
-0.0119493
-0.00718633
-0.0035774
-0.00118942
-0.000156774
-0.000171452
-0.00113015
-0.00318446
-0.00610395
-0.00974925
-0.0140323
-0.018868
-0.0241763
-0.0298858
-0.0359325
-0.0422593
-0.0488155
-0.0555557
-0.0624398
-0.0694318
-0.0764999
-0.0836149
-0.0907507
-0.0978832
-0.10499
-0.11205
-0.119042
-0.125947
-0.132745
-0.139416
-0.14594
-0.152295
-0.158459
-0.16441
-0.170122
-0.175571
-0.180728
-0.185565
-0.19005
-0.19415
-0.197831
-0.201058
-0.203791
-0.205993
-0.207623
-0.208642
-0.209009
-0.208684
-0.207631
-0.205815
-0.203205
-0.199774
-0.195505
-0.190387
-0.184419
-0.177611
-0.169989
-0.161589
-0.152467
-0.142693
-0.132354
-0.121555
-0.110416
-0.0990711
-0.0876665
-0.0763576
-0.0653049
-0.0546705
-0.0446137
-0.0352863
-0.0268289
-0.019367
-0.0130088
-0.00783796
-0.00390954
-0.00130326
-0.000172799
-0.000172893
-0.00114006
-0.00321299
-0.00615947
-0.00983906
-0.014163
-0.0190452
-0.0244051
-0.0301703
-0.0362763
-0.0426654
-0.0492863
-0.0560935
-0.0630467
-0.0701101
-0.0772517
-0.084443
-0.0916584
-0.0988744
-0.106069
-0.113223
-0.120315
-0.127328
-0.134243
-0.141041
-0.147702
-0.154207
-0.160535
-0.166663
-0.172569
-0.178227
-0.18361
-0.188689
-0.193434
-0.197812
-0.201787
-0.205323
-0.20838
-0.210918
-0.212895
-0.214267
-0.214991
-0.215022
-0.214319
-0.21284
-0.210549
-0.207413
-0.203405
-0.198508
-0.192712
-0.18602
-0.17845
-0.170031
-0.160815
-0.150866
-0.140271
-0.129135
-0.11758
-0.105746
-0.093789
-0.0818746
-0.0701774
-0.0588753
-0.0481448
-0.0381559
-0.0290676
-0.0210235
-0.0141484
-0.00854116
-0.00426917
-0.00142706
-0.000190383
-0.000173682
-0.00114592
-0.00323045
-0.00619426
-0.00989637
-0.0142476
-0.0191615
-0.0245567
-0.0303604
-0.0365074
-0.0429396
-0.0496055
-0.0564592
-0.0634603
-0.0705731
-0.077766
-0.0850108
-0.0922824
-0.099558
-0.106817
-0.114039
-0.121208
-0.128304
-0.13531
-0.14221
-0.148984
-0.155615
-0.162083
-0.168367
-0.174444
-0.180291
-0.185881
-0.191187
-0.196178
-0.200822
-0.205083
-0.208923
-0.212304
-0.215182
-0.217513
-0.219252
-0.22035
-0.220762
-0.220438
-0.219334
-0.217404
-0.21461
-0.210916
-0.206297
-0.200734
-0.194221
-0.186766
-0.178393
-0.169144
-0.159079
-0.148282
-0.136854
-0.124921
-0.112628
-0.100136
-0.087625
-0.0752816
-0.0633009
-0.0518778
-0.0412022
-0.0314535
-0.0227953
-0.0153716
-0.00929856
-0.00465789
-0.00156147
-0.000209648
-0.000173818
-0.00114775
-0.00323689
-0.00620836
-0.00992125
-0.0142863
-0.0192167
-0.0246309
-0.0304554
-0.0366249
-0.0430807
-0.049771
-0.0566499
-0.0636768
-0.0708162
-0.0780366
-0.0853104
-0.0926131
-0.0999226
-0.107219
-0.114484
-0.121701
-0.128852
-0.135923
-0.142896
-0.149756
-0.156485
-0.163066
-0.169478
-0.175701
-0.181712
-0.187486
-0.192997
-0.198215
-0.203108
-0.207641
-0.211776
-0.215473
-0.218689
-0.221377
-0.223491
-0.22498
-0.225792
-0.225875
-0.225178
-0.22365
-0.221244
-0.217918
-0.213635
-0.208369
-0.202102
-0.194834
-0.186578
-0.177366
-0.167253
-0.156315
-0.144653
-0.132391
-0.119676
-0.106679
-0.0935876
-0.0806039
-0.0679396
-0.0558097
-0.0444254
-0.0339886
-0.0246854
-0.0166815
-0.0101126
-0.0050772
-0.00170713
-0.000230718
-0.00017331
-0.00114559
-0.00323247
-0.00620212
-0.0099142
-0.0142797
-0.0192117
-0.0246283
-0.0304562
-0.0366292
-0.0430887
-0.0497825
-0.0566645
-0.0636942
-0.0708361
-0.0780591
-0.0853361
-0.0926431
-0.0999589
-0.107265
-0.114543
-0.121778
-0.128954
-0.136058
-0.143074
-0.149988
-0.156784
-0.163446
-0.169955
-0.176294
-0.18244
-0.18837
-0.19406
-0.19948
-0.204599
-0.209384
-0.213798
-0.2178
-0.221346
-0.22439
-0.226881
-0.228769
-0.229997
-0.23051
-0.23025
-0.229162
-0.22719
-0.224283
-0.220397
-0.215492
-0.209544
-0.202537
-0.194475
-0.185379
-0.175295
-0.164291
-0.152461
-0.139929
-0.126844
-0.113379
-0.0997345
-0.0861247
-0.0727795
-0.0599341
-0.0478234
-0.0366736
-0.0266959
-0.0180804
-0.0109853
-0.0055285
-0.00186464
-0.00025372
-0.000172176
-0.00113958
-0.00321754
-0.00617616
-0.00987616
-0.0142289
-0.0191478
-0.0245508
-0.0303643
-0.0365221
-0.0429651
-0.049641
-0.0565035
-0.0635122
-0.0706317
-0.0778313
-0.0850842
-0.0923672
-0.0996598
-0.106944
-0.114204
-0.121426
-0.128594
-0.135697
-0.142722
-0.149654
-0.156482
-0.16319
-0.169762
-0.176181
-0.182428
-0.188481
-0.194318
-0.19991
-0.205229
-0.210241
-0.214911
-0.219199
-0.223062
-0.226452
-0.229319
-0.231608
-0.233262
-0.234222
-0.234425
-0.23381
-0.232314
-0.229878
-0.226447
-0.221972
-0.216414
-0.209748
-0.201964
-0.193071
-0.183101
-0.172114
-0.160196
-0.147466
-0.134071
-0.12019
-0.10603
-0.0918185
-0.0778031
-0.0642409
-0.0513912
-0.0395071
-0.0288276
-0.0195701
-0.0119184
-0.00601307
-0.00203462
-0.000278781
-0.000170448
-0.00112992
-0.00319265
-0.00613148
-0.00980862
-0.0141361
-0.0190275
-0.0244011
-0.030183
-0.0363068
-0.0427131
-0.0493495
-0.0561696
-0.0631328
-0.0702041
-0.0773531
-0.0845534
-0.0917825
-0.0990209
-0.106252
-0.11346
-0.120633
-0.127758
-0.134824
-0.141819
-0.148733
-0.155554
-0.162269
-0.168864
-0.175326
-0.181635
-0.187774
-0.19372
-0.199449
-0.204934
-0.210143
-0.215042
-0.219592
-0.223751
-0.227472
-0.230703
-0.233391
-0.235475
-0.236893
-0.237579
-0.237465
-0.236483
-0.234565
-0.231646
-0.227667
-0.222575
-0.216333
-0.208915
-0.200316
-0.190555
-0.179679
-0.167763
-0.154918
-0.141289
-0.127055
-0.11243
-0.0976523
-0.0829878
-0.0687154
-0.0551206
-0.0424856
-0.0310798
-0.0211515
-0.0129135
-0.00653205
-0.00221761
-0.000306032
-0.000168169
-0.00111687
-0.00315854
-0.00606944
-0.00971365
-0.014004
-0.0188545
-0.0241834
-0.0299169
-0.0359882
-0.0423378
-0.048913
-0.0556674
-0.0625603
-0.0695569
-0.0766271
-0.0837452
-0.0908893
-0.0980408
-0.105184
-0.112305
-0.119393
-0.126436
-0.133426
-0.140352
-0.147206
-0.153978
-0.160658
-0.167235
-0.173695
-0.180024
-0.186206
-0.192221
-0.198047
-0.203659
-0.209028
-0.214121
-0.218903
-0.223332
-0.227361
-0.230941
-0.234017
-0.236527
-0.238407
-0.239589
-0.239999
-0.239563
-0.238206
-0.235853
-0.232434
-0.227883
-0.222147
-0.215187
-0.206981
-0.197531
-0.186868
-0.175056
-0.162193
-0.148418
-0.133908
-0.118881
-0.103586
-0.0883046
-0.0733382
-0.0589999
-0.045603
-0.0334505
-0.0228248
-0.0139714
-0.00708639
-0.00241415
-0.000335603
-0.000165396
-0.00110081
-0.00311619
-0.00599187
-0.00959401
-0.0138363
-0.0186332
-0.0239032
-0.0295721
-0.0355731
-0.0418464
-0.0483389
-0.0550041
-0.0618015
-0.0686964
-0.075659
-0.0826642
-0.0896909
-0.0967215
-0.103741
-0.110738
-0.117702
-0.124624
-0.131495
-0.13831
-0.145061
-0.15174
-0.158339
-0.164851
-0.171264
-0.177567
-0.183745
-0.189783
-0.195661
-0.201356
-0.206843
-0.212092
-0.217068
-0.221733
-0.226043
-0.229947
-0.233393
-0.236318
-0.238658
-0.24034
-0.241289
-0.241426
-0.240666
-0.238927
-0.236128
-0.23219
-0.227044
-0.220635
-0.212923
-0.203892
-0.193555
-0.181958
-0.169186
-0.155366
-0.140673
-0.125321
-0.109571
-0.0937177
-0.0780848
-0.0630137
-0.0488508
-0.0359357
-0.0245888
-0.0150926
-0.00767683
-0.00262472
-0.000367626
-0.000162205
-0.0010822
-0.00306687
-0.00590104
-0.00945317
-0.0136378
-0.0183697
-0.0235675
-0.0291567
-0.0350703
-0.041248
-0.0476367
-0.0541895
-0.0608661
-0.0676319
-0.0744574
-0.0813183
-0.0881942
-0.0950686
-0.101928
-0.108762
-0.115561
-0.122319
-0.12903
-0.135688
-0.142289
-0.148828
-0.155299
-0.161697
-0.168014
-0.17424
-0.180366
-0.186377
-0.192257
-0.197988
-0.203546
-0.208905
-0.214033
-0.218895
-0.223448
-0.227646
-0.231436
-0.234758
-0.237545
-0.239726
-0.241221
-0.241947
-0.241814
-0.240731
-0.238606
-0.235349
-0.230874
-0.225109
-0.217995
-0.209496
-0.199603
-0.188342
-0.175781
-0.162033
-0.147261
-0.131679
-0.115551
-0.0991847
-0.082925
-0.0671419
-0.0522171
-0.0385295
-0.0264414
-0.0162768
-0.00830388
-0.00284975
-0.00040223
-0.000158686
-0.0010616
-0.00301209
-0.00579979
-0.00929542
-0.0134142
-0.0180713
-0.023185
-0.0286807
-0.0344908
-0.0405548
-0.0468189
-0.0532364
-0.0597667
-0.0663756
-0.0730342
-0.0797186
-0.0864095
-0.0930914
-0.0997523
-0.106383
-0.112976
-0.119527
-0.126031
-0.132486
-0.13889
-0.145239
-0.151532
-0.157765
-0.163933
-0.170031
-0.17605
-0.181981
-0.187812
-0.193525
-0.199103
-0.204523
-0.209755
-0.214768
-0.219523
-0.223977
-0.228078
-0.231769
-0.234984
-0.237651
-0.23969
-0.241014
-0.241528
-0.241135
-0.239731
-0.237216
-0.233489
-0.228458
-0.222046
-0.214193
-0.204868
-0.194073
-0.181855
-0.168306
-0.153577
-0.137874
-0.12146
-0.104655
-0.0878224
-0.0713604
-0.0556871
-0.041224
-0.0283793
-0.0175233
-0.00896779
-0.00308958
-0.000439544
-0.000154949
-0.0010397
-0.00295374
-0.00569152
-0.00912595
-0.0131727
-0.0177469
-0.0227665
-0.0281563
-0.0338482
-0.039781
-0.0459007
-0.0521602
-0.0585192
-0.0649436
-0.0714049
-0.0778802
-0.084351
-0.0908032
-0.0972261
-0.103612
-0.109956
-0.116254
-0.122506
-0.12871
-0.134866
-0.140976
-0.147038
-0.153053
-0.159018
-0.164932
-0.17079
-0.176586
-0.182311
-0.187952
-0.193495
-0.19892
-0.204204
-0.209318
-0.214227
-0.218892
-0.223264
-0.227289
-0.230903
-0.234036
-0.236607
-0.238527
-0.239699
-0.240018
-0.239374
-0.237654
-0.234743
-0.230532
-0.224923
-0.217831
-0.209201
-0.199009
-0.187273
-0.174065
-0.159514
-0.143814
-0.127225
-0.110072
-0.0927347
-0.0756396
-0.0592422
-0.0440087
-0.0303976
-0.0188305
-0.00966849
-0.00334451
-0.000479695
-0.000151127
-0.00101732
-0.00289403
-0.00558034
-0.00895095
-0.0129216
-0.017407
-0.0223245
-0.0275979
-0.0331584
-0.038944
-0.0449003
-0.05098
-0.0571427
-0.0633548
-0.0695885
-0.0758215
-0.0820368
-0.0882214
-0.0943662
-0.100465
-0.106516
-0.112516
-0.118467
-0.124371
-0.13023
-0.136047
-0.141825
-0.147567
-0.153275
-0.158949
-0.164589
-0.170191
-0.175752
-0.181262
-0.186712
-0.192085
-0.197364
-0.202524
-0.207534
-0.212359
-0.216955
-0.221272
-0.225249
-0.228817
-0.231898
-0.234402
-0.23623
-0.237275
-0.237418
-0.236536
-0.234502
-0.231189
-0.226477
-0.22026
-0.212452
-0.203002
-0.191897
-0.17918
-0.164956
-0.149401
-0.132763
-0.115369
-0.0976126
-0.0799453
-0.0628602
-0.0468709
-0.03249
-0.020196
-0.0104056
-0.00361474
-0.000522807
-0.000147375
-0.000995449
-0.0028356
-0.00547105
-0.00877774
-0.0126709
-0.0170643
-0.021874
-0.0270227
-0.0324403
-0.0380641
-0.0438391
-0.0497178
-0.0556599
-0.0616322
-0.0676076
-0.0735651
-0.0794887
-0.0853672
-0.0911931
-0.0969626
-0.102675
-0.10833
-0.113932
-0.119486
-0.124995
-0.130467
-0.135908
-0.141322
-0.146715
-0.152092
-0.157455
-0.162806
-0.168143
-0.173462
-0.178758
-0.18402
-0.189234
-0.19438
-0.199433
-0.204363
-0.20913
-0.213689
-0.217983
-0.221948
-0.225507
-0.228573
-0.231046
-0.232816
-0.233761
-0.233748
-0.232639
-0.230292
-0.226566
-0.22133
-0.21447
-0.205902
-0.195581
-0.183516
-0.16978
-0.154525
-0.137983
-0.120474
-0.102401
-0.0842377
-0.0665149
-0.0497949
-0.0346486
-0.0216168
-0.0111784
-0.00390042
-0.000569002
-0.000143879
-0.000975222
-0.00278154
-0.00536933
-0.0086149
-0.0124322
-0.0167332
-0.0214322
-0.0264503
-0.0317158
-0.037165
-0.0427421
-0.0483994
-0.054097
-0.059802
-0.0654886
-0.0711368
-0.0767324
-0.0822657
-0.0877314
-0.0931276
-0.0984557
-0.103719
-0.108924
-0.114076
-0.119185
-0.124259
-0.129307
-0.134338
-0.13936
-0.144382
-0.14941
-0.154449
-0.159502
-0.16457
-0.169651
-0.174739
-0.179826
-0.184896
-0.189931
-0.194905
-0.199785
-0.20453
-0.20909
-0.213404
-0.2174
-0.220993
-0.224088
-0.226571
-0.228318
-0.229192
-0.229045
-0.227719
-0.225055
-0.220899
-0.215107
-0.20756
-0.198178
-0.186931
-0.173856
-0.15907
-0.142784
-0.125305
-0.107036
-0.0884716
-0.0701762
-0.0527626
-0.0368637
-0.0230888
-0.0119859
-0.00420158
-0.0006184
-0.000140854
-0.000957992
-0.0027355
-0.00528183
-0.00847246
-0.012219
-0.0164307
-0.0210194
-0.0259037
-0.03101
-0.0362734
-0.0416374
-0.047054
-0.0524836
-0.0578943
-0.0632613
-0.0685664
-0.073797
-0.0789457
-0.0840092
-0.0889883
-0.0938866
-0.0987103
-0.103468
-0.108169
-0.112825
-0.117448
-0.122049
-0.126641
-0.131237
-0.135846
-0.14048
-0.145148
-0.149857
-0.154612
-0.159416
-0.164268
-0.169164
-0.174095
-0.179048
-0.184003
-0.188933
-0.193803
-0.198569
-0.203177
-0.207559
-0.211637
-0.215316
-0.218488
-0.221026
-0.222791
-0.223625
-0.223362
-0.221824
-0.218834
-0.21422
-0.20783
-0.199541
-0.189282
-0.177048
-0.162915
-0.147062
-0.129774
-0.11145
-0.0925963
-0.0738097
-0.055753
-0.0391243
-0.0246071
-0.0128267
-0.00451821
-0.000671123
-0.000138557
-0.000945345
-0.00270175
-0.00521631
-0.00836209
-0.012047
-0.0161764
-0.0206585
-0.0254089
-0.0303516
-0.0354201
-0.040557
-0.0457144
-0.0508531
-0.0559423
-0.060959
-0.0658867
-0.0707151
-0.0754391
-0.0800581
-0.0845755
-0.0889978
-0.093334
-0.0975954
-0.101795
-0.105946
-0.110065
-0.114166
-0.118265
-0.122378
-0.126518
-0.130701
-0.13494
-0.139245
-0.143626
-0.148091
-0.152644
-0.157285
-0.162013
-0.166818
-0.171688
-0.176602
-0.181531
-0.18644
-0.191279
-0.19599
-0.200498
-0.204716
-0.208538
-0.211841
-0.214483
-0.216305
-0.217129
-0.216766
-0.215015
-0.211679
-0.20657
-0.199524
-0.190425
-0.179217
-0.16593
-0.150702
-0.133785
-0.115566
-0.0965556
-0.0773768
-0.0587422
-0.0414174
-0.0261661
-0.0136991
-0.00485025
-0.000727298
-0.00013729
-0.000939153
-0.0026853
-0.00518186
-0.00829741
-0.0119344
-0.0159928
-0.0203761
-0.0249957
-0.029773
-0.0346393
-0.0395366
-0.044417
-0.0492422
-0.0539829
-0.058618
-0.0631335
-0.0675217
-0.0717804
-0.075912
-0.0799229
-0.0838226
-0.0876233
-0.0913393
-0.0949868
-0.0985828
-0.102145
-0.105693
-0.109246
-0.112821
-0.116437
-0.120113
-0.123864
-0.127707
-0.131655
-0.135721
-0.139912
-0.144236
-0.148695
-0.153286
-0.158004
-0.162833
-0.167754
-0.172736
-0.17774
-0.182713
-0.187589
-0.192289
-0.196711
-0.200738
-0.204231
-0.207029
-0.208949
-0.20979
-0.209336
-0.207362
-0.203647
-0.197987
-0.190215
-0.180222
-0.167984
-0.153585
-0.137238
-0.119304
-0.100288
-0.080835
-0.0617035
-0.0437286
-0.0277596
-0.0146013
-0.00519759
-0.000787061
-0.000137414
-0.000941631
-0.00269206
-0.00518916
-0.00829427
-0.0119022
-0.0159059
-0.0202022
-0.0246977
-0.0293103
-0.0339692
-0.0386156
-0.0432017
-0.0476908
-0.0520555
-0.0562772
-0.0603449
-0.0642541
-0.068006
-0.0716065
-0.0750653
-0.0783954
-0.0816125
-0.0847341
-0.0877796
-0.0907695
-0.0937251
-0.0966683
-0.0996212
-0.102606
-0.105645
-0.108758
-0.111967
-0.115291
-0.118749
-0.122355
-0.126124
-0.130068
-0.134194
-0.138506
-0.143003
-0.14768
-0.152521
-0.157505
-0.162601
-0.167766
-0.172941
-0.178055
-0.183017
-0.187716
-0.192017
-0.195763
-0.198768
-0.200826
-0.201706
-0.201162
-0.19894
-0.194796
-0.188512
-0.179922
-0.168939
-0.155586
-0.140024
-0.122574
-0.103726
-0.0841375
-0.0646077
-0.0460419
-0.0293803
-0.0155311
-0.00556016
-0.000850571
-0.000139363
-0.000955423
-0.00272905
-0.00525076
-0.00837122
-0.011975
-0.0159453
-0.0201711
-0.024553
-0.0290043
-0.0334521
-0.0378369
-0.0421118
-0.0462416
-0.0502019
-0.0539772
-0.0575603
-0.0609505
-0.064153
-0.0671776
-0.070038
-0.0727511
-0.075336
-0.0778141
-0.0802081
-0.0825419
-0.0848401
-0.0871279
-0.0894306
-0.0917737
-0.0941823
-0.0966813
-0.0992947
-0.102046
-0.104956
-0.108046
-0.111335
-0.114838
-0.118568
-0.122536
-0.126747
-0.131201
-0.135891
-0.140805
-0.145918
-0.151198
-0.156597
-0.162052
-0.167483
-0.172788
-0.177841
-0.18249
-0.186553
-0.189821
-0.192052
-0.192985
-0.192337
-0.189825
-0.185181
-0.178178
-0.168659
-0.156578
-0.14203
-0.125283
-0.106798
-0.0872334
-0.0674228
-0.04834
-0.0310211
-0.0164867
-0.00593799
-0.000918017
-0.000143663
-0.000983708
-0.00280462
-0.00538151
-0.00854998
-0.0121809
-0.0161453
-0.020322
-0.0246039
-0.0288998
-0.0331342
-0.0372471
-0.041193
-0.0449394
-0.0484654
-0.0517596
-0.0548193
-0.0576486
-0.0602574
-0.06266
-0.0648745
-0.0669221
-0.0688261
-0.0706114
-0.0723045
-0.0739328
-0.0755242
-0.0771071
-0.0787101
-0.0803618
-0.0820905
-0.0839243
-0.0858906
-0.0880161
-0.0903264
-0.0928459
-0.0955973
-0.0986013
-0.101876
-0.105437
-0.109296
-0.113459
-0.117927
-0.122696
-0.12775
-0.133067
-0.138609
-0.144325
-0.150146
-0.155982
-0.161718
-0.167212
-0.172287
-0.176737
-0.180318
-0.182754
-0.183741
-0.182959
-0.180093
-0.174851
-0.167005
-0.156428
-0.143136
-0.12733
-0.109426
-0.0900678
-0.0701143
-0.0506046
-0.0326741
-0.017466
-0.00633124
-0.000989643
-0.000150962
-0.00103033
-0.0029288
-0.00559906
-0.00885611
-0.012553
-0.0165451
-0.0206988
-0.0248981
-0.0290462
-0.0330652
-0.0368954
-0.0404933
-0.04383
-0.0468892
-0.049665
-0.05216
-0.0543841
-0.0563524
-0.0580849
-0.0596045
-0.060937
-0.0621102
-0.0631531
-0.0640959
-0.0649696
-0.0658055
-0.0666351
-0.0674903
-0.0684025
-0.0694032
-0.0705235
-0.0717939
-0.0732443
-0.0749038
-0.0768005
-0.078961
-0.0814103
-0.0841714
-0.0872646
-0.0907074
-0.0945128
-0.0986895
-0.10324
-0.108159
-0.113433
-0.119036
-0.124929
-0.131055
-0.137339
-0.143678
-0.149942
-0.155969
-0.161556
-0.166462
-0.170405
-0.173065
-0.174092
-0.173123
-0.169807
-0.163837
-0.154999
-0.143218
-0.12861
-0.111527
-0.0925817
-0.0726453
-0.0528163
-0.034332
-0.0184677
-0.00674041
-0.00106577
-0.000162065
-0.0011
-0.00311371
-0.00592448
-0.00931974
-0.0131296
-0.0171898
-0.0213514
-0.0254881
-0.0294971
-0.0332984
-0.0368331
-0.0400611
-0.0429586
-0.045515
-0.0477312
-0.0496165
-0.0511874
-0.0524656
-0.053477
-0.0542503
-0.0548164
-0.0552077
-0.0554577
-0.0556005
-0.0556707
-0.0557028
-0.0557317
-0.055792
-0.0559182
-0.0561445
-0.0565049
-0.0570326
-0.0577607
-0.0587213
-0.0599457
-0.0614643
-0.063306
-0.0654981
-0.0680659
-0.071032
-0.0744158
-0.0782329
-0.0824934
-0.0872013
-0.0923525
-0.097933
-0.103916
-0.110259
-0.1169
-0.123754
-0.130706
-0.137607
-0.144268
-0.150456
-0.155889
-0.160238
-0.163128
-0.164158
-0.162915
-0.159017
-0.152154
-0.142146
-0.12901
-0.113011
-0.0947113
-0.0749764
-0.0549552
-0.0359875
-0.0194911
-0.00716644
-0.00114685
-0.000177983
-0.00119853
-0.00337411
-0.00638312
-0.00997655
-0.0139552
-0.0181306
-0.0223355
-0.0264317
-0.03031
-0.033889
-0.0371121
-0.0399439
-0.0423674
-0.0443797
-0.0459898
-0.0472153
-0.0480805
-0.0486147
-0.0488505
-0.0488231
-0.0485689
-0.0481255
-0.0475309
-0.0468231
-0.0460404
-0.0452207
-0.0444018
-0.0436213
-0.0429162
-0.0423233
-0.0418791
-0.0416197
-0.0415804
-0.0417964
-0.0423019
-0.0431304
-0.0443145
-0.0458855
-0.0478729
-0.0503046
-0.0532057
-0.0565981
-0.0604997
-0.0649229
-0.0698735
-0.0753488
-0.0813347
-0.0878033
-0.0947088
-0.101983
-0.109529
-0.117217
-0.124874
-0.132282
-0.139166
-0.145194
-0.149979
-0.153085
-0.154047
-0.152403
-0.147747
-0.139783
-0.128409
-0.113782
-0.0963875
-0.0770652
-0.0570009
-0.0376347
-0.0205367
-0.007611
-0.00123347
-0.000200003
-0.00133313
-0.00372808
-0.00700554
-0.0108688
-0.0150819
-0.0194263
-0.0237132
-0.0277911
-0.0315449
-0.0348927
-0.0377821
-0.0401847
-0.0420922
-0.0435117
-0.044462
-0.0449709
-0.0450718
-0.0448026
-0.0442037
-0.0433172
-0.0421857
-0.040852
-0.0393589
-0.0377487
-0.036063
-0.0343432
-0.0326298
-0.0309629
-0.0293822
-0.0279267
-0.0266351
-0.0255457
-0.0246964
-0.0241245
-0.0238669
-0.0239601
-0.0244397
-0.0253406
-0.0266964
-0.0285394
-0.0309001
-0.0338065
-0.0372835
-0.0413519
-0.0460268
-0.0513167
-0.0572201
-0.0637239
-0.0707988
-0.078395
-0.0864366
-0.0948142
-0.103377
-0.111926
-0.120201
-0.127879
-0.134565
-0.1398
-0.143074
-0.143853
-0.141629
-0.135984
-0.126677
-0.113735
-0.0975349
-0.0788663
-0.0589325
-0.0392688
-0.0216067
-0.00807673
-0.00132651
-0.000229779
-0.00151289
-0.00419794
-0.0078288
-0.0120469
-0.0165698
-0.0211428
-0.0255522
-0.0296322
-0.0332624
-0.0363627
-0.0388872
-0.0408175
-0.0421568
-0.0429247
-0.0431523
-0.0428789
-0.042149
-0.04101
-0.0395113
-0.0377022
-0.035632
-0.0333493
-0.0309014
-0.0283349
-0.025695
-0.0230259
-0.020371
-0.0177728
-0.0152728
-0.0129124
-0.0107319
-0.00877176
-0.00707162
-0.00567099
-0.00460904
-0.00392458
-0.00365604
-0.00384137
-0.00451787
-0.00572196
-0.0074889
-0.00985234
-0.0128437
-0.0164915
-0.0208201
-0.0258482
-0.0315872
-0.0380383
-0.0451892
-0.0530092
-0.0614442
-0.0704085
-0.079777
-0.0893741
-0.0989634
-0.108236
-0.116805
-0.124198
-0.129869
-0.13322
-0.133643
-0.130592
-0.123672
-0.11275
-0.0980691
-0.0803296
-0.0607289
-0.040887
-0.022706
-0.00856774
-0.00142717
-0.000269469
-0.00174933
-0.00481144
-0.00889797
-0.0135704
-0.0184885
-0.0233542
-0.0279255
-0.0320221
-0.0355202
-0.0383447
-0.0404598
-0.0418607
-0.0425658
-0.0426101
-0.0420394
-0.040907
-0.0392696
-0.0371859
-0.0347145
-0.0319131
-0.0288378
-0.0255429
-0.0220807
-0.0185017
-0.0148545
-0.0111862
-0.00754241
-0.0039677
-0.000505589
0.00280115
0.00591036
0.00878033
0.0113697
0.0136372
0.015542
0.0170431
0.0180998
0.0186714
0.0187175
0.0181979
0.0170731
0.0153044
0.0128542
0.00968702
0.0057699
0.001074
-0.00442397
-0.0107393
-0.0178764
-0.0258241
-0.0345507
-0.0439962
-0.0540633
-0.064606
-0.0754168
-0.0862125
-0.0966211
-0.106173
-0.114299
-0.120347
-0.123619
-0.123434
-0.119233
-0.110697
-0.097894
-0.0813986
-0.0623675
-0.0424894
-0.0238427
-0.00909015
-0.00153716
-0.000321917
-0.00205719
-0.00560327
-0.0102681
-0.0155101
-0.0209175
-0.0261413
-0.0309083
-0.0350248
-0.0383672
-0.0408697
-0.0425118
-0.0433071
-0.0432933
-0.0425244
-0.0410642
-0.0389817
-0.036348
-0.0332338
-0.029708
-0.0258369
-0.0216838
-0.0173087
-0.0127688
-0.00811821
-0.00340875
0.00131006
0.00599052
0.0105865
0.0150529
0.0193459
0.023422
0.0272384
0.0307526
0.0339221
0.0367045
0.0390573
0.0409377
0.0423028
0.0431096
0.0433145
0.0428743
0.0417456
0.0398854
0.0372517
0.0338037
0.0295031
0.0243155
0.018212
0.0111721
0.00318775
-0.00573205
-0.0155537
-0.0262101
-0.0375885
-0.0495162
-0.0617438
-0.0739271
-0.0856114
-0.0962218
-0.105068
-0.11137
-0.11432
-0.11318
-0.107421
-0.0968963
-0.0820068
-0.0638241
-0.044079
-0.0250294
-0.00965298
-0.00165891
-0.00039093
-0.00245555
-0.00661712
-0.0120063
-0.0179492
-0.0239464
-0.0295899
-0.0345739
-0.0386945
-0.0418338
-0.0439422
-0.0450212
-0.0451087
-0.0442671
-0.0425734
-0.0401123
-0.0369713
-0.0332373
-0.028994
-0.0243214
-0.0192946
-0.013984
-0.00845536
-0.00277019
0.00301381
0.00884226
0.0146636
0.0204285
0.0260896
0.0316011
0.036918
0.0419964
0.0467928
0.0512637
0.0553659
0.059056
0.0622901
0.0650242
0.0672133
0.068812
0.0697744
0.0700536
0.0696022
0.0683725
0.0663163
0.063386
0.0595346
0.0547172
0.0488924
0.0420244
0.0340866
0.0250658
0.0149688
0.00383164
-0.00826903
-0.0212003
-0.0347541
-0.0486255
-0.0623898
-0.0754838
-0.087198
-0.0966893
-0.103029
-0.105298
-0.102736
-0.094938
-0.0820726
-0.0650694
-0.0456624
-0.0262851
-0.0102693
-0.00179594
-0.000481688
-0.00296944
-0.00790839
-0.0141948
-0.0209851
-0.0276736
-0.033786
-0.0389852
-0.0430633
-0.0459173
-0.047523
-0.0479126
-0.0471561
-0.0453464
-0.0425881
-0.0389905
-0.0346617
-0.0297056
-0.0242202
-0.0182965
-0.0120185
-0.0054636
0.00129734
0.00819884
0.0151803
0.0221853
0.0291608
0.0360566
0.0428247
0.0494188
0.0557938
0.0619054
0.06771
0.0731638
0.0782232
0.0828442
0.0869823
0.090592
0.0936272
0.0960407
0.0977842
0.0988079
0.0990612
0.0984918
0.0970465
0.0946713
0.0913114
0.0869126
0.0814218
0.0747893
0.0669708
0.0579318
0.0476534
0.0361398
0.0234302
0.00961426
-0.00514806
-0.0206013
-0.0363661
-0.0519107
-0.0665291
-0.0793378
-0.0893054
-0.095336
-0.096418
-0.0918456
-0.0814906
-0.0660653
-0.0472494
-0.0276369
-0.0109579
-0.00195333
-0.000601389
-0.0036321
-0.00954787
-0.0169339
-0.0247295
-0.0322023
-0.038807
-0.0441807
-0.048123
-0.0505589
-0.0515026
-0.0510285
-0.0492476
-0.0462901
-0.0422935
-0.0373947
-0.0317244
-0.0254048
-0.0185483
-0.0112571
-0.00362339
0.00426919
0.0123452
0.0205362
0.0287794
0.0370172
0.045196
0.0532654
0.0611773
0.0688859
0.0763463
0.0835147
0.0903477
0.0968019
0.102834
0.108399
0.113453
0.11795
0.121842
0.125081
0.127617
0.129399
0.130371
0.130478
0.129664
0.127867
0.125028
0.121082
0.115967
0.10962
0.10198
0.0929947
0.0826188
0.0708261
0.057618
0.0430387
0.0271951
0.010284
-0.00737512
-0.0253024
-0.042822
-0.0590388
-0.0728455
-0.0829834
-0.0881819
-0.0873935
-0.080118
-0.0667568
-0.0488512
-0.0291225
-0.0117461
-0.00213862
-0.00076029
-0.00448852
-0.0116268
-0.0203453
-0.029307
-0.0376322
-0.0447055
-0.0501511
-0.0537946
-0.0556085
-0.0556628
-0.0540879
-0.0510464
-0.0467135
-0.0412646
-0.0348667
-0.0276749
-0.0198299
-0.011458
-0.00267166
0.00642937
0.0157566
0.0252315
0.0347835
0.0443493
0.053871
0.0632954
0.0725728
0.0816562
0.0905008
0.0990629
0.1073
0.115169
0.122628
0.129634
0.136143
0.14211
0.14749
0.152235
0.156295
0.15962
0.162155
0.163844
0.164629
0.164448
0.163238
0.16093
0.157455
0.152741
0.146714
0.139299
0.130424
0.120023
0.108039
0.0944379
0.0792168
0.0624266
0.0441982
0.0247781
0.00457364
-0.0157983
-0.0354666
-0.0532845
-0.0678589
-0.077665
-0.0812808
-0.077754
-0.0670581
-0.0504769
-0.0307932
-0.0126736
-0.00236324
-0.000973494
-0.0056009
-0.0142635
-0.0245753
-0.0348495
-0.0440429
-0.0514811
-0.0568003
-0.0598816
-0.0607717
-0.059619
-0.0566268
-0.0520209
-0.0460293
-0.0388687
-0.030739
-0.0218193
-0.0122682
-0.00222448
0.00819094
0.018873
0.0297302
0.0406825
0.0516595
0.0625984
0.073443
0.0841417
0.0946468
0.104913
0.114899
0.124561
0.13386
0.142754
0.151203
0.159165
0.166596
0.173455
0.179694
0.185266
0.190122
0.19421
0.197474
0.199858
0.2013
0.201737
0.201099
0.199316
0.196312
0.192006
0.186315
0.179153
0.170432
0.160064
0.147967
0.134071
0.118328
0.100732
0.0813436
0.0603245
0.0379901
0.0148683
-0.00823438
-0.0301798
-0.0494851
-0.0643961
-0.0730981
-0.0741077
-0.0668298
-0.0521237
-0.0327169
-0.0137988
-0.00264493
-0.00126412
-0.00705742
-0.0176133
-0.0297953
-0.0414816
-0.051461
-0.0590308
-0.0638827
-0.0659966
-0.0655305
-0.0627385
-0.0579158
-0.0513636
-0.0433683
-0.0341912
-0.0240643
-0.0131892
-0.00173962
0.0101363
0.0223123
0.0346812
0.0471514
0.0596443
0.0720919
0.0844343
0.0966186
0.108597
0.120324
0.13176
0.142865
0.1536
0.163926
0.173807
0.183203
0.192075
0.200381
0.20808
0.215127
0.221475
0.227074
0.231874
0.235818
0.238849
0.240904
0.241916
0.241816
0.240528
0.237971
0.23406
0.228704
0.221807
0.213266
0.202976
0.190833
0.176734
0.16059
0.142337
0.121962
0.0995365
0.0752667
0.0495618
0.0231186
-0.00299183
-0.0272614
-0.0477575
-0.0622807
-0.068749
-0.0658387
-0.0537575
-0.0349794
-0.0152087
-0.00301234
-0.00166918
-0.00898672
-0.0218794
-0.0361962
-0.0492881
-0.0598001
-0.0670652
-0.0709014
-0.0714494
-0.0690257
-0.0640224
-0.0568459
-0.0478821
-0.0374795
-0.0259424
-0.0135314
-0.000465694
0.0130714
0.0269275
0.0409766
0.0551137
0.0692514
0.0833163
0.0972458
0.110986
0.12449
0.137715
0.150621
0.163174
0.175338
0.187078
0.198361
0.209152
0.219415
0.229114
0.238211
0.246664
0.254432
0.261469
0.267728
0.273156
0.277699
0.281298
0.283892
0.285412
0.285787
0.284939
0.282785
0.279235
0.274192
0.267552
0.259203
0.249026
0.236895
0.222681
0.206255
0.187502
0.166336
0.142734
0.116778
0.0887331
0.0591407
0.0289367
-0.000431192
-0.0269364
-0.0480438
-0.0610354
-0.0636917
-0.0552735
-0.0376808
-0.017034
-0.00351321
-0.00225071
-0.0115816
-0.0273263
-0.0439654
-0.0582453
-0.0687495
-0.0749648
-0.0769447
-0.0750748
-0.0698867
-0.061943
-0.0517767
-0.0398622
-0.0266064
-0.0123495
0.00262878
0.018101
0.0338833
0.0498281
0.0658164
0.0817525
0.0975586
0.113171
0.128537
0.143613
0.158359
0.172741
0.186727
0.200289
0.213397
0.226024
0.238139
0.249713
0.260715
0.271111
0.280867
0.289945
0.298305
0.305904
0.312696
0.31863
0.323655
0.327711
0.330737
0.332666
0.333426
0.332938
0.331117
0.327872
0.323102
0.316698
0.308541
0.2985
0.286435
0.272193
0.255613
0.236531
0.214796
0.190287
0.162959
0.13291
0.100483
0.0664043
0.0319569
-0.000864235
-0.0292945
-0.0500017
-0.0597251
-0.0564182
-0.0409152
-0.0194717
-0.00422949
-0.00311709
-0.0151378
-0.034285
-0.0532209
-0.0680772
-0.0775684
-0.0815366
-0.0804279
-0.0749774
-0.0659903
-0.0542249
-0.040344
-0.0249017
-0.00834805
0.00895833
0.0267355
0.0447637
0.0628729
0.0809317
0.098839
0.116516
0.133903
0.150951
0.167623
0.183886
0.199714
0.215084
0.229974
0.244363
0.25823
0.271553
0.28431
0.296477
0.308028
0.318933
0.329162
0.33868
0.347452
0.355438
0.362592
0.36887
0.374218
0.378581
0.381899
0.384106
0.385132
0.384898
0.38332
0.380305
0.375753
0.369552
0.361578
0.351695
0.33975
0.325574
0.30898
0.289765
0.267716
0.242624
0.214315
0.182709
0.147913
0.110375
0.0710903
0.0318562
-0.00451671
-0.0342012
-0.052824
-0.0566399
-0.0447101
-0.0228113
-0.00530409
-0.00446316
-0.0201105
-0.0431227
-0.0638423
-0.0779615
-0.0847111
-0.0846062
-0.0786909
-0.0681604
-0.0541354
-0.03757
-0.0192351
0.000267384
0.0204773
0.041049
0.0617259
0.0823196
0.102693
0.122747
0.142411
0.161633
0.180379
0.198622
0.216344
0.233531
0.250171
0.266254
0.281769
0.296708
0.311057
0.324804
0.337932
0.350425
0.362262
0.373419
0.38387
0.393587
0.402535
0.410678
0.417977
0.424388
0.429861
0.434345
0.437781
0.440107
0.441253
0.441146
0.439702
0.436831
0.432433
0.426397
0.418599
0.4089
0.397141
0.383144
0.366702
0.347583
0.325524
0.300237
0.271432
0.238847
0.202335
0.162002
0.118436
0.0730319
0.0283747
-0.0114797
-0.0411325
-0.0548068
-0.048868
-0.027449
-0.0069838
-0.00664093
-0.0271809
-0.0540939
-0.0750572
-0.0859286
-0.0871485
-0.0803497
-0.0673963
-0.0500167
-0.0296344
-0.00734575
0.0160376
0.0399311
0.063923
0.087729
0.111157
0.134081
0.15642
0.178126
0.199171
0.219544
0.239241
0.258265
0.276621
0.294315
0.311354
0.327743
0.343485
0.358581
0.37303
0.386826
0.399963
0.412429
0.424211
0.43529
0.445645
0.455252
0.464083
0.472105
0.479282
0.485575
0.490938
0.495322
0.498675
0.500936
0.502042
0.501921
0.500494
0.497677
0.493372
0.487472
0.479856
0.470388
0.458909
0.445235
0.429152
0.410408
0.388706
0.363698
0.33499
0.302159
0.264804
0.222653
0.175781
0.124965
0.072205
0.0213304
-0.0216024
-0.0486926
-0.0525903
-0.0338219
-0.0096713
-0.0102536
-0.0372377
-0.0668226
-0.0844568
-0.0876618
-0.0791784
-0.0622504
-0.0396905
-0.0137022
0.0141213
0.0426885
0.0712797
0.0994372
0.126882
0.153457
0.179079
0.20372
0.227379
0.250076
0.27184
0.292705
0.312706
0.331877
0.350251
0.367856
0.384716
0.400853
0.416284
0.431019
0.445069
0.458436
0.471121
0.483119
0.494424
0.505021
0.514897
0.52403
0.532398
0.539973
0.546723
0.552612
0.557602
0.561647
0.564699
0.566704
0.567602
0.567329
0.565813
0.562973
0.55872
0.552954
0.54556
0.536409
0.525348
0.512197
0.496743
0.478727
0.457835
0.433682
0.405801
0.373638
0.336564
0.293941
0.245271
0.190524
0.130716
0.0687957
0.0106811
-0.0340614
-0.0536136
-0.0420297
-0.0139093
-0.0161372
-0.0508509
-0.0786879
-0.0857209
-0.0741972
-0.0504747
-0.019629
0.014795
0.0504633
0.0859488
0.120439
0.153513
0.184983
0.214807
0.243016
0.269687
0.294911
0.318787
0.341411
0.362874
0.383258
0.402637
0.421077
0.438633
0.455354
0.471283
0.486453
0.500892
0.514623
0.527661
0.540019
0.551702
0.562713
0.573048
0.5827
0.591659
0.599909
0.607432
0.614204
0.620199
0.625386
0.62973
0.633194
0.635734
0.637302
0.637847
0.63731
0.635628
0.63273
0.628534
0.622953
0.615881
0.607201
0.596772
0.584428
0.569964
0.553132
0.533619
0.51103
0.484865
0.454488
0.419107
0.377774
0.329447
0.273199
0.208716
0.137282
0.0634037
-0.00311472
-0.046351
-0.0505335
-0.0199787
-0.0246199
-0.0658493
-0.0802505
-0.0636499
-0.0278722
0.0167004
0.0640025
0.110707
0.155141
0.196616
0.234979
0.270337
0.302919
0.33299
0.360816
0.386642
0.410689
0.433148
0.454186
0.473946
0.492549
0.510098
0.526682
0.542373
0.557235
0.571319
0.584668
0.597317
0.609293
0.620619
0.631311
0.641377
0.650824
0.659654
0.667862
0.675441
0.682381
0.688666
0.694279
0.699197
0.703396
0.706847
0.709517
0.711371
0.712368
0.712465
0.711614
0.709759
0.706842
0.702794
0.697539
0.690988
0.683041
0.673573
0.66244
0.649461
0.63441
0.617
0.596857
0.573493
0.546259
0.514294
0.476465
0.431326
0.377146
0.312161
0.235329
0.148144
0.0578771
-0.0183944
-0.0528655
-0.026221
-0.0312985
-0.0687262
-0.0436707
0.0154781
0.0836873
0.150392
0.211707
0.266457
0.314774
0.357336
0.394949
0.428376
0.458283
0.485229
0.509672
0.531986
0.552474
0.571385
0.588919
0.605244
0.620494
0.634783
0.648203
0.66083
0.67273
0.683952
0.694542
0.704533
0.713954
0.722825
0.731162
0.738977
0.746277
0.753064
0.759337
0.765091
0.770319
0.775009
0.779149
0.78272
0.785704
0.788078
0.789817
0.790894
0.791278
0.790934
0.789825
0.787909
0.785139
0.781462
0.77682
0.771143
0.76435
0.756344
0.747009
0.736198
0.723727
0.709356
0.692769
0.673542
0.651095
0.624622
0.592997
0.554645
0.507385
0.44832
0.374025
0.281701
0.172055
0.0556967
-0.0301861
-0.0232112
-0.000660303
0.000353483
0.104335
0.217909
0.312106
0.388134
0.44979
0.500022
0.541361
0.575881
0.605155
0.630348
0.652323
0.671724
0.689035
0.704628
0.718786
0.731731
0.743638
0.754646
0.764868
0.774392
0.783294
0.791631
0.799454
0.806801
0.813706
0.820194
0.826285
0.831997
0.83734
0.842322
0.846949
0.851223
0.855143
0.858707
0.861908
0.86474
0.867193
0.869257
0.870917
0.87216
0.872968
0.873323
0.873205
0.872591
0.871457
0.869774
0.867513
0.864638
0.861111
0.856885
0.851908
0.846114
0.839425
0.83174
0.822934
0.812841
0.801239
0.787825
0.772179
0.753699
0.73151
0.70431
0.670123
0.625909
0.567062
0.487049
0.376957
0.228427
0.0726433
0.0309694
0.292184
0.379306
0.530608
0.644332
0.7143
0.760021
0.792316
0.816133
0.83434
0.848763
0.860551
0.870431
0.878886
0.886245
0.892741
0.898543
0.903775
0.908531
0.912885
0.916893
0.9206
0.924041
0.927246
0.930237
0.933034
0.935651
0.9381
0.940391
0.942531
0.944527
0.946382
0.948099
0.949679
0.951122
0.952429
0.953598
0.954625
0.955509
0.956245
0.956828
0.957253
0.957515
0.957607
0.957522
0.957251
0.956787
0.95612
0.955239
0.954133
0.952789
0.951193
0.949325
0.947167
0.944693
0.941873
0.938666
0.935025
0.930881
0.926148
0.920702
0.914372
0.906909
0.897943
0.886902
0.872863
0.854247
0.828214
0.789432
0.726146
0.611349
0.435852
0.317985
)
;

boundaryField
{
    movingWall
    {
        type            calculated;
        value           uniform 1;
    }
    fixedWalls
    {
        type            calculated;
        value           uniform 0;
    }
    frontAndBack
    {
        type            empty;
    }
}


// ************************************************************************* //
