/*--------------------------------*- C++ -*----------------------------------*\
  =========                 |
  \\      /  F ield         | OpenFOAM: The Open Source CFD Toolbox
   \\    /   O peration     | Website:  https://openfoam.org
    \\  /    A nd           | Version:  dev
     \\/     M anipulation  |
\*---------------------------------------------------------------------------*/
FoamFile
{
    format      ascii;
    class       volScalarField;
    location    "22.05";
    object      p;
}
// * * * * * * * * * * * * * * * * * * * * * * * * * * * * * * * * * * * * * //

dimensions      [0 2 -2 0 0 0 0];

internalField   nonuniform List<scalar> 
5184
(
1.76464e-06
-9.58147e-06
-9.53599e-05
-0.000248117
-0.000447346
-0.000675792
-0.000919218
-0.00116569
-0.00140605
-0.00163316
-0.00184162
-0.0020274
-0.00218757
-0.00232002
-0.0024233
-0.00249639
-0.00253863
-0.00254957
-0.00252894
-0.00247658
-0.0023924
-0.00227638
-0.00212858
-0.00194914
-0.0017383
-0.00149643
-0.00122407
-0.000921989
-0.000591167
-0.000232879
0.000151291
0.000559417
0.000989209
0.00143799
0.00190272
0.00237993
0.00286583
0.00335624
0.00384669
0.00433246
0.00480859
0.00527002
0.00571164
0.00612835
0.00651522
0.00686754
0.00718095
0.00745151
0.00767587
0.00785128
0.00797574
0.00804804
0.00806784
0.00803569
0.0079531
0.0078225
0.00764728
0.00743176
0.00718113
0.00690146
0.00659959
0.00628313
0.00596038
0.00564029
0.00533241
0.00504682
0.00479402
0.0045846
0.00442856
0.00433432
0.00430738
0.00433462
1.55315e-05
3.08012e-06
-7.14537e-05
-0.000199104
-0.000364202
-0.000554283
-0.000758422
-0.000967027
-0.00117218
-0.00136748
-0.0015479
-0.00170953
-0.00184941
-0.0019653
-0.00205557
-0.00211902
-0.00215479
-0.00216227
-0.00214105
-0.00209084
-0.00201147
-0.00190283
-0.00176496
-0.00159795
-0.00140204
-0.00117758
-0.000925105
-0.000645353
-0.00033928
-8.10464e-06
0.000346667
0.000723217
0.0011194
0.00153272
0.00196035
0.00239909
0.00284545
0.0032956
0.00374545
0.00419067
0.00462678
0.00504918
0.00545323
0.00583435
0.00618808
0.00651021
0.00679684
0.00704448
0.00725015
0.00741147
0.00752672
0.00759491
0.00761584
0.00759013
0.00751924
0.00740552
0.00725213
0.00706308
0.00684317
0.00659795
0.00633365
0.00605715
0.00577588
0.00549776
0.00523109
0.00498444
0.00476648
0.00458557
0.00444901
0.00436274
0.00433416
0.00436175
0.000102215
7.74851e-05
2.20163e-06
-0.000115233
-0.0002628
-0.000430871
-0.000610741
-0.000794581
-0.000975695
-0.00114853
-0.00130858
-0.00145227
-0.00157678
-0.00167994
-0.00176012
-0.00181606
-0.00184685
-0.0018518
-0.00183042
-0.00178233
-0.0017073
-0.0016052
-0.00147598
-0.00131972
-0.00113659
-0.000926924
-0.000691218
-0.000430151
-0.00014462
0.000164229
0.000494986
0.000845949
0.00121511
0.00160014
0.00199839
0.0024069
0.00282239
0.00324131
0.00365987
0.00407405
0.00447967
0.00487249
0.0052482
0.00560258
0.0059315
0.00623109
0.00649775
0.0067283
0.00692002
0.00707074
0.00717894
0.00724376
0.00726508
0.00724356
0.00718062
0.00707851
0.00694023
0.00676954
0.00657094
0.00634957
0.00611119
0.0058621
0.00560905
0.00535916
0.00511978
0.00489837
0.0047024
0.00453893
0.00441399
0.00433279
0.00430498
0.00433557
0.00025715
0.000205751
0.000118012
-8.33696e-07
-0.000143131
-0.000301108
-0.000467644
-0.000636372
-0.000801755
-0.000959111
-0.00110457
-0.00123501
-0.00134791
-0.00144131
-0.00151369
-0.00156387
-0.00159094
-0.00159421
-0.00157317
-0.00152742
-0.00145667
-0.00136074
-0.00123955
-0.0010931
-0.000921542
-0.00072513
-0.000504293
-0.000259638
8.02261e-06
0.00029764
0.000607913
0.000937262
0.00128382
0.00164541
0.00201956
0.0024035
0.00279414
0.00318814
0.00358194
0.00397175
0.00435364
0.00472359
0.00507754
0.0054115
0.00572158
0.00600411
0.00625571
0.00647336
0.00665452
0.00679715
0.00689984
0.00696179
0.00698294
0.00696393
0.00690615
0.00681175
0.0066836
0.00652528
0.00634101
0.00613564
0.00591455
0.00568358
0.00544892
0.00521708
0.00499468
0.00478841
0.00460487
0.00445034
0.00433026
0.00424966
0.0042186
0.00424378
0.000461739
0.000373176
0.00026466
0.000137076
-7.13565e-06
-0.000161815
-0.000321197
-0.00048028
-0.000634658
-0.000780537
-0.000914739
-0.00103465
-0.00113817
-0.00122361
-0.00128962
-0.00133518
-0.00135944
-0.00136177
-0.00134164
-0.00129866
-0.00123251
-0.00114297
-0.0010299
-0.000893257
-0.000733105
-0.000549635
-0.000343186
-0.000114273
0.000136397
0.000407889
0.000699025
0.00100837
0.00133418
0.00167447
0.00202691
0.0023889
0.00275754
0.0031297
0.00350197
0.00387077
0.00423236
0.00458291
0.00491853
0.00523541
0.00552983
0.00579825
0.00603744
0.00624449
0.00641696
0.0065529
0.00665094
0.00671033
0.006731
0.00671358
0.00665942
0.00657055
0.00644974
0.00630038
0.00612649
0.00593265
0.0057239
0.00550569
0.00528376
0.00506407
0.00485265
0.00465552
0.0044786
0.00432751
0.00420721
0.00412247
0.00408206
0.00409183
0.000699829
0.000567882
0.00043282
0.000290912
0.000139141
-1.77266e-05
-0.000175088
-0.000329202
-0.000476734
-0.000614764
-0.000740822
-0.000852862
-0.000949212
-0.00102852
-0.0010897
-0.00113189
-0.00115438
-0.0011566
-0.00113806
-0.00109838
-0.00103722
-0.000954335
-0.000849521
-0.000722674
-0.000573778
-0.000402934
-0.000210382
3.47581e-06
0.000238049
0.000492534
0.000765891
0.00105682
0.00136375
0.00168483
0.0020179
0.00236052
0.00270996
0.00306324
0.00341712
0.00376817
0.00411279
0.00444729
0.00476792
0.00507096
0.00535281
0.00561001
0.0058394
0.00603815
0.00620383
0.00633454
0.0064289
0.00648618
0.00650627
0.00648977
0.00643794
0.00635275
0.00623683
0.00609343
0.00592639
0.00574005
0.00553918
0.0053289
0.00511457
0.00490169
0.00469582
0.00450242
0.00432683
0.0041741
0.00404879
0.00395531
0.00390012
0.00388699
0.000957638
0.000779001
0.000613599
0.00045321
0.000289464
0.000125964
-3.36726e-05
-0.000186843
-0.000331214
-0.0004647
-0.000585533
-0.000692242
-0.00078362
-0.000858683
-0.00091663
-0.000956802
-0.000978647
-0.00098169
-0.000965511
-0.000929737
-0.000874035
-0.000798111
-0.000701721
-0.000584684
-0.000446897
-0.00028836
-0.000109199
9.03083e-05
0.000309704
0.000548326
0.000805279
0.00107942
0.00136933
0.0016733
0.00198934
0.00231516
0.00264818
0.00298554
0.00332414
0.00366067
0.00399163
0.00431342
0.00462237
0.00491482
0.0051872
0.00543611
0.00565838
0.00585117
0.00601208
0.00613914
0.00623098
0.00628679
0.00630642
0.0062904
0.00623991
0.00615684
0.00604369
0.0059036
0.00574023
0.00555774
0.00536069
0.00515391
0.00494246
0.0047315
0.00452616
0.0043315
0.00415236
0.00399331
0.0038586
0.00375225
0.00367795
0.0036369
0.00122306
0.000996408
0.00079841
0.000616688
0.000437766
0.000264278
9.90131e-05
-5.64553e-05
-0.000200717
-0.000332477
-0.000450643
-0.000554315
-0.000642758
-0.000715367
-0.000771643
-0.000811159
-0.000833531
-0.000838401
-0.000825421
-0.000794248
-0.000744545
-0.000675991
-0.000588283
-0.000481162
-0.000354431
-0.000207978
-4.18043e-05
0.000143948
0.000348966
0.000572738
0.000814525
0.00107334
0.00134792
0.00163672
0.00193788
0.00224926
0.00256841
0.0028926
0.00321881
0.00354383
0.00386423
0.00417645
0.00447685
0.0047618
0.00502771
0.00527115
0.00548893
0.00567815
0.00583633
0.00596146
0.00605207
0.00610727
0.00612682
0.00611117
0.0060614
0.00597928
0.00586724
0.00572828
0.00556593
0.0053842
0.00518746
0.00498034
0.00476767
0.00455432
0.00434513
0.0041448
0.0039578
0.00378832
0.00364036
0.00351763
0.00342088
0.00334868
0.00148585
0.00121096
0.000979201
0.000774316
0.000577996
0.000392073
0.000218628
5.83069e-05
-8.83302e-05
-0.000220727
-0.000338437
-0.000441114
-0.000528484
-0.000600326
-0.000656446
-0.000696656
-0.000720751
-0.000728495
-0.000719619
-0.000693814
-0.000650744
-0.000590053
-0.00051138
-0.000414381
-0.000298757
-0.000164274
-1.07982e-05
0.000161673
0.000352982
0.000562776
0.000790482
0.00103527
0.00129605
0.00157141
0.00185965
0.00215876
0.00246641
0.00277995
0.00309647
0.0034128
0.00372555
0.00403118
0.00432605
0.00460647
0.00486882
0.0051096
0.00532552
0.00551359
0.00567121
0.00579626
0.00588712
0.00594282
0.00596297
0.00594791
0.0058986
0.00581672
0.00570457
0.00556504
0.00540156
0.005218
0.0050186
0.00480785
0.00459039
0.0043709
0.00415399
0.00394413
0.00374551
0.00356199
0.00339746
0.00325542
0.00313371
0.00302838
0.00173703
0.00141441
0.00114848
0.000919372
0.000704193
0.000504102
0.000320575
0.000153416
2.4013e-06
-0.000132603
-0.000251758
-0.000355245
-0.00044324
-0.000515893
-0.000573313
-0.00061555
-0.000642575
-0.000654279
-0.000650469
-0.000630871
-0.000595147
-0.000542902
-0.000473712
-0.000387143
-0.000282783
-0.000160269
-1.93229e-05
0.000140214
0.000318347
0.000514895
0.000729452
0.000961362
0.00120969
0.00147318
0.00175029
0.00203912
0.00233744
0.0026427
0.00295206
0.00326237
0.00357026
0.00387217
0.00416442
0.00444325
0.00470494
0.00494588
0.00516264
0.00535208
0.00551145
0.00563845
0.00573132
0.00578889
0.00581065
0.00579675
0.00574804
0.00566607
0.00555302
0.00541168
0.00524538
0.00505789
0.00485335
0.00463615
0.00441082
0.00418191
0.0039539
0.0037311
0.00351751
0.00331681
0.00313283
0.00296903
0.00282044
0.00268075
0.00196867
0.00159925
0.00129929
0.00104546
0.000810543
0.000595121
0.000400141
0.000224633
6.76493e-05
-7.15866e-05
-0.000193808
-0.000299696
-0.000389854
-0.000464791
-0.000524905
-0.000570473
-0.000601643
-0.000618423
-0.000620693
-0.000608209
-0.000580623
-0.0005375
-0.000478343
-0.000402621
-0.0003098
-0.00019938
-7.09277e-05
7.58804e-05
0.000241224
0.000425099
0.000627279
0.000847282
0.00108434
0.00133736
0.00160494
0.00188529
0.00217629
0.00247549
0.00278005
0.00308689
0.0033926
0.00369358
0.00398608
0.00426623
0.00453018
0.00477416
0.00499456
0.00518805
0.00535167
0.00548291
0.00557978
0.00564093
0.00566562
0.00565385
0.00560629
0.00552433
0.00541004
0.00526609
0.00509573
0.00490266
0.00469096
0.00446494
0.00422909
0.00398791
0.00374581
0.00350705
0.00327553
0.00305485
0.00284893
0.00266125
0.00248426
0.00230939
0.00217364
0.00175863
0.00142511
0.00114648
0.000891404
0.000659938
0.000452558
0.000267581
0.000103383
-4.14128e-05
-0.000168077
-0.000277764
-0.000371478
-0.000450067
-0.000514205
-0.000564385
-0.000600915
-0.000623915
-0.000633327
-0.000628931
-0.000610361
-0.000577133
-0.000528668
-0.000464328
-0.000383451
-0.000285388
-0.000169543
-3.54144e-05
0.00011736
0.000288964
0.000479358
0.000688244
0.000915026
0.00115878
0.00141823
0.00169174
0.00197727
0.00227243
0.00257445
0.00288023
0.00318634
0.00348912
0.0037847
0.00406909
0.00433828
0.00458827
0.00481526
0.00501566
0.00518627
0.00532429
0.0054275
0.00549426
0.00552363
0.00551534
0.00546989
0.00538848
0.00527305
0.00512615
0.00495095
0.0047511
0.00453062
0.00429384
0.00404523
0.0037893
0.00353049
0.00327308
0.003021
0.00277783
0.00254771
0.0023343
0.00212756
0.00191685
0.0023454
0.00188617
0.00151983
0.00121664
0.000941315
0.000693438
0.000473051
0.000277801
0.000105428
-4.60081e-05
-0.000178284
-0.000292997
-0.000391533
-0.000475053
-0.00054449
-0.000600536
-0.000643646
-0.000674038
-0.000691707
-0.000696443
-0.000687853
-0.000665394
-0.000628397
-0.000576107
-0.000507723
-0.000422434
-0.000319473
-0.000198149
-5.79075e-05
0.000101635
0.000280636
0.000478992
0.000696289
0.000931774
0.00118432
0.00145242
0.00173414
0.00202715
0.00232872
0.00263574
0.00294475
0.003252
0.0035535
0.00384509
0.00412256
0.00438168
0.00461837
0.00482877
0.00500935
0.00515703
0.00526924
0.00534406
0.00538022
0.00537722
0.00533529
0.00525545
0.00513944
0.00498972
0.00480934
0.00460193
0.0043715
0.0041224
0.00385915
0.00358635
0.00330853
0.00303008
0.00275503
0.0024871
0.00223071
0.00198982
0.00175206
0.00150479
0.00247786
0.00197591
0.00157767
0.0012504
0.000954994
0.000690608
0.000456873
0.000250797
6.9521e-05
-8.94327e-05
-0.000228317
-0.000349144
-0.000453657
-0.000543311
-0.000619274
-0.000682423
-0.000733343
-0.000772333
-0.000799427
-0.000814415
-0.000816866
-0.000806163
-0.000781538
-0.000742108
-0.00068692
-0.000614995
-0.000525377
-0.00041718
-0.000289639
-0.000142161
2.56218e-05
0.00021381
0.000422186
0.000650179
0.000896825
0.00116074
0.00144011
0.00173268
0.00203575
0.0023462
0.00266053
0.00297488
0.00328513
0.00358693
0.00387582
0.00414733
0.00439705
0.00462078
0.00481465
0.00497519
0.00509947
0.00518519
0.00523074
0.0052353
0.0051988
0.00512201
0.00500649
0.00485454
0.00466913
0.00445383
0.00421268
0.0039501
0.00367069
0.00337921
0.00308035
0.0027787
0.00247849
0.00218365
0.00189903
0.00162897
0.00135885
0.00107411
0.00256533
0.00202224
0.00159318
0.00124245
0.000927343
0.000646559
0.00039934
0.000182085
-8.6416e-06
-0.000175827
-0.000322174
-0.000450091
-0.00056165
-0.00065858
-0.000742266
-0.000813747
-0.000873721
-0.000922555
-0.000960307
-0.00098675
-0.0010014
-0.00100357
-0.000992359
-0.000966756
-0.000925644
-0.00086786
-0.00079225
-0.000697715
-0.00058327
-0.000448099
-0.000291606
-0.000113471
8.62992e-05
0.000307328
0.000548828
0.000809568
0.00108785
0.00138149
0.00168785
0.00200379
0.00232576
0.0026498
0.00297163
0.0032867
0.00359029
0.00387761
0.0041439
0.00438459
0.00459538
0.00477238
0.00491221
0.00501216
0.0050702
0.00508509
0.00505646
0.00498476
0.00487131
0.00471824
0.00452842
0.00430537
0.00405317
0.00377631
0.00347958
0.0031679
0.00284623
0.00251943
0.00219202
0.00186823
0.00155344
0.00125248
0.000948543
0.000625133
0.00260239
0.00201985
0.00156113
0.00118775
0.000853449
0.000556536
0.000295859
6.72241e-05
-0.000133358
-0.000309362
-0.000463922
-0.000599815
-0.000719424
-0.000824731
-0.000917315
-0.000998361
-0.00106866
-0.00112864
-0.00117835
-0.00121754
-0.00124568
-0.00126195
-0.00126536
-0.00125472
-0.00122876
-0.0011861
-0.00112539
-0.00104529
-0.000944593
-0.000822233
-0.000677373
-0.000509456
-0.000318258
-0.000103941
0.000132901
0.000391206
0.000669412
0.000965437
0.00127668
0.00160002
0.00193186
0.00226813
0.00260438
0.00293584
0.0032575
0.00356422
0.00385089
0.00411246
0.00434418
0.00454165
0.00470101
0.00481902
0.00489316
0.00492176
0.004904
0.00484
0.00473078
0.00457825
0.00438516
0.00415499
0.00389185
0.00360034
0.00328545
0.00295236
0.00260635
0.00225262
0.00189608
0.00154136
0.00119444
0.000860765
0.000521334
0.000157716
0.00258391
0.00196369
0.0014766
0.00108143
0.00072859
0.000415941
0.000141951
-9.81483e-05
-0.000308884
-0.0004942
-0.000657641
-0.000802334
-0.000930952
-0.00104571
-0.00114836
-0.00124023
-0.00132216
-0.00139463
-0.00145769
-0.00151104
-0.00155406
-0.00158583
-0.00160522
-0.00161088
-0.00160134
-0.00157503
-0.00153035
-0.00146573
-0.00137971
-0.00127096
-0.00113838
-0.000981158
-0.000798811
-0.000591266
-0.000358896
-0.000102574
0.000176299
0.000475761
0.000793283
0.00112577
0.00146956
0.00182052
0.002174
0.00252501
0.00286823
0.00319816
0.00350923
0.00379594
0.00405298
0.00427541
0.00445876
0.00459921
0.00469369
0.00473996
0.00473673
0.00468367
0.00458146
0.00443175
0.00423712
0.00400098
0.00372748
0.00342137
0.00308786
0.00273244
0.00236077
0.0019785
0.00159099
0.00120337
0.000822325
0.000453991
7.71414e-05
-0.000328634
0.002505
0.00184896
0.00133486
0.000918897
0.000548243
0.000220344
-6.67215e-05
-0.000318284
-0.000539394
-0.000734447
-0.000907382
-0.00106166
-0.00120022
-0.00132549
-0.0014394
-0.00154335
-0.00163829
-0.00172468
-0.00180256
-0.00187158
-0.00193102
-0.00197985
-0.00201677
-0.00204026
-0.00204865
-0.00204015
-0.00201291
-0.00196511
-0.001895
-0.00180098
-0.00168166
-0.00153595
-0.00136308
-0.00116272
-0.000934979
-0.000680519
-0.000400549
-9.68805e-05
0.000228054
0.0005712
0.000928889
0.00129687
0.00167036
0.00204411
0.00241248
0.00276958
0.00310936
0.00342578
0.00371296
0.00396529
0.00417765
0.00434555
0.00446523
0.00453383
0.00454947
0.00451131
0.00441959
0.00427563
0.0040818
0.00384143
0.00355869
0.00323849
0.00288628
0.00250792
0.00210952
0.00169725
0.00127701
0.000854517
0.000437261
3.21568e-05
-0.000384319
-0.000834637
0.002361
0.0016711
0.00113145
0.000695753
0.000308098
-3.4492e-05
-0.000334329
-0.000597293
-0.000828943
-0.00103411
-0.00121712
-0.00138174
-0.00153117
-0.00166803
-0.0017944
-0.00191176
-0.00202112
-0.00212294
-0.00221722
-0.00230355
-0.00238109
-0.0024487
-0.0025049
-0.00254798
-0.00257606
-0.0025871
-0.00257899
-0.00254965
-0.00249702
-0.00241921
-0.00231451
-0.0021815
-0.00201913
-0.00182674
-0.00160418
-0.00135184
-0.0010707
-0.000762397
-0.000429217
-7.41463e-05
0.000299154
0.000686362
0.00108254
0.0014822
0.00187938
0.00226776
0.0026408
0.00299186
0.00331438
0.00360207
0.00384905
0.00405003
0.00420049
0.00429682
0.00433645
0.00431791
0.00424092
0.0041064
0.00391644
0.00367422
0.00338394
0.00305065
0.00268009
0.00227853
0.00185259
0.00140902
0.000954366
0.000495007
3.93499e-05
-0.000404818
-0.000863435
-0.00136114
0.0021475
0.00142582
0.000862161
0.000407856
4.07405e-06
-0.000352592
-0.000664846
-0.000939108
-0.00118143
-0.00139707
-0.00159071
-0.00176643
-0.00192766
-0.0020772
-0.00221726
-0.00234941
-0.00247467
-0.00259352
-0.00270589
-0.0028113
-0.0029088
-0.00299708
-0.00307451
-0.00313918
-0.00318895
-0.00322155
-0.0032346
-0.00322569
-0.00319248
-0.00313273
-0.00304439
-0.00292571
-0.00277527
-0.00259209
-0.00237569
-0.00212615
-0.00184418
-0.00153119
-0.0011893
-0.000821358
-0.000430995
-2.25712e-05
0.000398846
0.000827537
0.00125721
0.00168112
0.00209217
0.0024831
0.00284662
0.00317564
0.00346343
0.00370382
0.00389138
0.00402165
0.00409122
0.00409788
0.00404072
0.00392016
0.00373791
0.00349696
0.0032015
0.0028567
0.00246862
0.00204398
0.00158995
0.00111397
0.000623296
0.000125067
-0.00037129
-0.000857013
-0.00136061
-0.00190903
0.00186035
0.00110909
0.000523046
5.13248e-05
-0.000367659
-0.000737744
-0.00106203
-0.00134745
-0.00160056
-0.00182702
-0.00203185
-0.00221942
-0.00239339
-0.00255674
-0.00271177
-0.00286013
-0.00300287
-0.00314042
-0.0032727
-0.0033991
-0.00351856
-0.00362961
-0.00373044
-0.00381891
-0.00389267
-0.00394915
-0.00398569
-0.00399956
-0.00398808
-0.00394865
-0.00387886
-0.00377656
-0.00363997
-0.00346771
-0.00325892
-0.00301334
-0.00273136
-0.00241409
-0.00206342
-0.00168206
-0.00127351
-0.000842158
-0.000393157
6.75646e-05
0.000533394
0.000997136
0.00145114
0.00188746
0.00229803
0.00267487
0.00301029
0.00329712
0.00352892
0.00370019
0.00380657
0.00384496
0.00381368
0.0037125
0.00354269
0.00330696
0.00300942
0.00265535
0.00225113
0.00180395
0.00132163
0.000812327
0.000284127
-0.000254987
-0.000794453
-0.00132443
-0.00187617
-0.00247913
0.00149569
0.000717158
0.000110442
-0.000377446
-0.00081066
-0.00119347
-0.00152937
-0.00182581
-0.00208981
-0.00232742
-0.002544
-0.0027442
-0.00293188
-0.00311018
-0.00328151
-0.00344758
-0.00360943
-0.00376749
-0.00392158
-0.00407102
-0.00421461
-0.00435072
-0.00447734
-0.0045921
-0.0046924
-0.00477539
-0.00483809
-0.00487745
-0.00489041
-0.004874
-0.00482539
-0.00474203
-0.00462169
-0.00446257
-0.00426338
-0.00402346
-0.0037428
-0.00342217
-0.00306318
-0.00266828
-0.00224085
-0.0017852
-0.00130655
-0.000811
-0.000305459
0.000202435
0.000704455
0.00119194
0.00165597
0.0020876
0.00247809
0.00281914
0.00310313
0.0033234
0.00347444
0.00355211
0.00355378
0.00347846
0.00332681
0.00310118
0.0028055
0.00244516
0.00202681
0.00155816
0.0010477
0.000504431
-6.26788e-05
-0.000644688
-0.00122977
-0.00180689
-0.00241029
-0.00307208
0.00104996
0.00024659
-0.000379004
-0.000881755
-0.00132819
-0.001723
-0.00207009
-0.00237739
-0.00265237
-0.00290148
-0.00313039
-0.003344
-0.00354639
-0.00374083
-0.00392984
-0.00411515
-0.00429784
-0.00447827
-0.00465623
-0.0048309
-0.00500095
-0.00516459
-0.00531959
-0.00546337
-0.00559304
-0.00570548
-0.00579738
-0.00586531
-0.00590585
-0.00591559
-0.00589128
-0.0058299
-0.00572875
-0.00558555
-0.00539853
-0.00516653
-0.00488912
-0.00456664
-0.00420032
-0.00379232
-0.0033458
-0.00286494
-0.00235495
-0.00182205
-0.00127344
-0.000717154
-0.000162015
0.000382571
0.000906794
0.00140066
0.00185427
0.00225803
0.00260303
0.00288125
0.00308585
0.00321146
0.00325431
0.00321245
0.0030858
0.00287619
0.0025873
0.00222452
0.00179479
0.00130632
0.00076835
0.00019076
-0.000416473
-0.00104335
-0.00167665
-0.00230401
-0.00296288
-0.0036883
0.000519936
-0.000305715
-0.000948314
-0.00146457
-0.00192318
-0.00232926
-0.00268708
-0.00300508
-0.00329115
-0.0035521
-0.00379392
-0.00402175
-0.00423986
-0.00445167
-0.00465976
-0.00486593
-0.00507123
-0.00527601
-0.00547997
-0.00568218
-0.00588118
-0.00607499
-0.00626118
-0.00643694
-0.00659911
-0.00674424
-0.00686869
-0.00696867
-0.00704032
-0.0070798
-0.0070834
-0.00704758
-0.00696913
-0.00684521
-0.00667351
-0.00645236
-0.00618076
-0.00585857
-0.00548656
-0.00506652
-0.00460128
-0.00409482
-0.00355228
-0.00297993
-0.00238518
-0.00177645
-0.00116315
-0.000555431
3.59508e-05
0.000599889
0.00112519
0.0016009
0.00201658
0.00236269
0.00263086
0.00281424
0.00290773
0.0029082
0.00281462
0.00262813
0.00235203
0.00199164
0.00155411
0.00104819
0.00048386
-0.000128012
-0.000776358
-0.00145
-0.00213416
-0.00281502
-0.00353354
-0.00432788
-9.7236e-05
-0.000942491
-0.00160015
-0.00212852
-0.00259823
-0.0030148
-0.00338291
-0.00371144
-0.00400869
-0.00428184
-0.00453715
-0.00478002
-0.00501488
-0.00524529
-0.00547392
-0.00570259
-0.00593235
-0.00616351
-0.0063957
-0.00662787
-0.00685843
-0.00708522
-0.00730561
-0.00751653
-0.00771455
-0.00789591
-0.00805661
-0.00819246
-0.00829917
-0.00837245
-0.00840804
-0.00840189
-0.0083502
-0.00824954
-0.00809699
-0.00789024
-0.00762772
-0.00730867
-0.00693333
-0.00650299
-0.00602009
-0.00548831
-0.00491259
-0.00429918
-0.00365564
-0.00299075
-0.00231441
-0.00163756
-0.000971926
-0.000329783
0.000276304
0.00083383
0.00133071
0.00175564
0.00209852
0.00235077
0.00250568
0.00255869
0.0025076
0.00235266
0.00209659
0.00174453
0.00130378
0.000783573
0.000194685
-0.000450969
-0.00114113
-0.0018633
-0.002601
-0.00333878
-0.00412141
-0.00499044
-0.000804002
-0.00166608
-0.00233679
-0.00287583
-0.00335553
-0.00378183
-0.00415975
-0.00449864
-0.00480717
-0.00509286
-0.00536226
-0.00562097
-0.00587363
-0.00612389
-0.00637451
-0.00662734
-0.00688344
-0.00714307
-0.00740577
-0.00767042
-0.00793526
-0.00819797
-0.00845571
-0.00870517
-0.00894264
-0.00916402
-0.00936496
-0.00954085
-0.00968697
-0.00979851
-0.00987067
-0.00989882
-0.00987853
-0.00980572
-0.00967679
-0.00948873
-0.00923926
-0.00892696
-0.00855142
-0.00811332
-0.00761459
-0.00705848
-0.00644966
-0.00579425
-0.00509985
-0.00437549
-0.00363159
-0.00287979
-0.00213281
-0.00140414
-0.000707816
-5.80057e-05
0.000531365
0.00104705
0.00147691
0.00181039
0.00203889
0.00215613
0.00215844
0.00204492
0.00181753
0.00148101
0.00104273
0.000512351
-9.85322e-05
-0.000776904
-0.0015092
-0.00228149
-0.00307538
-0.00387363
-0.00472512
-0.00567509
-0.00160238
-0.00247842
-0.0031601
-0.00370834
-0.00419691
-0.00463214
-0.0050194
-0.00536845
-0.00568835
-0.00598691
-0.00627097
-0.00654633
-0.0068178
-0.00708915
-0.0073632
-0.00764186
-0.00792617
-0.00821636
-0.00851191
-0.00881159
-0.00911351
-0.00941517
-0.00971355
-0.0100051
-0.0102858
-0.0105512
-0.0107966
-0.0110171
-0.0112073
-0.0113619
-0.0114757
-0.0115433
-0.0115596
-0.0115198
-0.0114196
-0.0112552
-0.0110236
-0.0107224
-0.0103506
-0.00990816
-0.00939628
-0.00881771
-0.0081767
-0.00747911
-0.00673247
-0.00594599
-0.00513048
-0.00429826
-0.003463
-0.00263947
-0.00184321
-0.00109019
-0.00039634
0.000222914
0.000753169
0.00118156
0.00149727
0.00169197
0.00176018
0.00169954
0.00151099
0.00119866
0.000769828
0.000234504
-0.000394918
-0.00110426
-0.00187855
-0.00270227
-0.00355493
-0.00441727
-0.00534266
-0.00638028
-0.00249392
-0.00338097
-0.00407151
-0.00462746
-0.00512376
-0.0055671
-0.00596321
-0.00632222
-0.00665354
-0.00696528
-0.00726453
-0.00755731
-0.00784856
-0.00814219
-0.00844109
-0.0087472
-0.00906157
-0.00938441
-0.00971513
-0.0100524
-0.0103942
-0.0107379
-0.0110803
-0.0114175
-0.0117453
-0.012059
-0.0123534
-0.0126231
-0.0128624
-0.0130654
-0.0132262
-0.0133388
-0.0133975
-0.0133965
-0.0133308
-0.0131958
-0.0129874
-0.0127027
-0.0123394
-0.0118969
-0.0113754
-0.0107772
-0.0101058
-0.00936681
-0.00856744
-0.00771694
-0.00682645
-0.00590887
-0.00497879
-0.00405221
-0.00314627
-0.00227881
-0.00146794
-0.000731476
-8.63746e-05
0.000451884
0.000869892
0.00115688
0.00130518
0.00131063
0.00117276
0.000894881
0.000483918
-4.98635e-05
-0.000693317
-0.00143107
-0.00224663
-0.00312276
-0.00403661
-0.00496671
-0.00597126
-0.00710369
-0.00347968
-0.00437475
-0.00507202
-0.00563416
-0.00613703
-0.00658766
-0.00699209
-0.00736083
-0.00770359
-0.00802878
-0.0083437
-0.00865459
-0.00896653
-0.00928355
-0.00960862
-0.00994374
-0.0102899
-0.0106474
-0.0110156
-0.011393
-0.0117775
-0.0121663
-0.012556
-0.0129426
-0.0133215
-0.0136877
-0.0140357
-0.0143596
-0.0146533
-0.0149102
-0.0151238
-0.0152874
-0.0153945
-0.0154387
-0.0154139
-0.0153146
-0.0151358
-0.0148734
-0.0145244
-0.0140869
-0.0135606
-0.0129465
-0.0122477
-0.011469
-0.0106174
-0.00970196
-0.00873398
-0.00772685
-0.00669598
-0.00565857
-0.00463336
-0.00364014
-0.00269933
-0.00183136
-0.00105601
-0.000391728
0.000145106
0.000540851
0.00078522
0.000871782
0.000798297
0.000566861
0.000183829
-0.000340477
-0.000992239
-0.00175487
-0.00261028
-0.00353933
-0.00451658
-0.0055181
-0.00660728
-0.00784211
-0.00456021
-0.0054603
-0.00616214
-0.00672895
-0.00723724
-0.0076943
-0.00810652
-0.00848471
-0.00883888
-0.00917769
-0.00950868
-0.00983827
-0.0101717
-0.0105131
-0.0108656
-0.0112311
-0.0116108
-0.0120048
-0.0124125
-0.0128324
-0.0132623
-0.0136992
-0.0141396
-0.0145792
-0.0150133
-0.0154364
-0.0158426
-0.0162258
-0.0165791
-0.0168956
-0.017168
-0.017389
-0.0175511
-0.0176472
-0.0176702
-0.0176136
-0.0174712
-0.017238
-0.0169098
-0.0164837
-0.015958
-0.015333
-0.0146107
-0.0137953
-0.0128931
-0.0119129
-0.010866
-0.00976614
-0.00862934
-0.00747397
-0.00632031
-0.00519016
-0.00410636
-0.00309214
-0.00217038
-0.00136283
-0.000689262
-0.000166669
0.000191539
0.000376167
0.000382721
0.000211665
-0.000131567
-0.000636838
-0.00128979
-0.00207264
-0.00296563
-0.00394753
-0.00499008
-0.00606659
-0.00724604
-0.00859127
-0.00573554
-0.00663764
-0.00734192
-0.00791191
-0.00842443
-0.00888707
-0.0093065
-0.0096938
-0.0100593
-0.0104118
-0.0107591
-0.0111079
-0.0114634
-0.0118301
-0.0122109
-0.0126081
-0.0130227
-0.013455
-0.0139042
-0.0143688
-0.0148466
-0.0153345
-0.0158288
-0.0163249
-0.0168179
-0.0173022
-0.0177714
-0.0182188
-0.0186372
-0.0190191
-0.0193565
-0.0196414
-0.0198655
-0.0200206
-0.0200987
-0.0200922
-0.0199939
-0.0197974
-0.0194974
-0.0190896
-0.0185712
-0.0179412
-0.0172007
-0.0163527
-0.0154029
-0.0143595
-0.0132335
-0.0120388
-0.010792
-0.00951243
-0.00822186
-0.00694408
-0.00570439
-0.00452898
-0.00344409
-0.00247512
-0.00164568
-0.000976607
-0.000484987
-0.000183362
-7.90438e-05
-0.000173712
-0.000463291
-0.000938148
-0.00158358
-0.00238068
-0.00330796
-0.00434196
-0.0054513
-0.00660621
-0.00788168
-0.00934567
-0.00700515
-0.00790633
-0.00861096
-0.00918262
-0.00969822
-0.0101656
-0.0105916
-0.0109876
-0.0113641
-0.0117303
-0.0120941
-0.0124623
-0.0128404
-0.0132328
-0.0136429
-0.0140727
-0.0145235
-0.0149954
-0.0154878
-0.0159992
-0.0165272
-0.0170686
-0.0176196
-0.0181756
-0.0187313
-0.0192808
-0.0198174
-0.0203341
-0.020823
-0.0212761
-0.0216848
-0.0220402
-0.0223332
-0.0225546
-0.0226956
-0.0227471
-0.0227009
-0.0225493
-0.0222855
-0.0219039
-0.0214004
-0.0207725
-0.0200201
-0.019145
-0.0181518
-0.0170481
-0.0158443
-0.0145541
-0.0131946
-0.0117859
-0.010351
-0.00891563
-0.00750764
-0.00615624
-0.00489126
-0.00374208
-0.00273659
-0.00189997
-0.00125364
-0.000814101
-0.000592153
-0.000592232
-0.000812152
-0.00124321
-0.00187063
-0.00267452
-0.00363162
-0.00471611
-0.00589319
-0.00712968
-0.00850697
-0.0100984
-0.00836799
-0.0092654
-0.00996836
-0.0105403
-0.0110578
-0.0115289
-0.0119608
-0.012365
-0.0127523
-0.0131319
-0.0135121
-0.0138997
-0.0143005
-0.0147191
-0.0151588
-0.015622
-0.0161097
-0.0166224
-0.0171594
-0.0177191
-0.0182992
-0.0188965
-0.0195069
-0.0201257
-0.0207475
-0.0213661
-0.0219744
-0.022565
-0.0231296
-0.0236595
-0.0241456
-0.024578
-0.024947
-0.0252423
-0.0254538
-0.0255716
-0.0255859
-0.0254877
-0.0252688
-0.0249222
-0.024442
-0.0238244
-0.0230676
-0.0221721
-0.0211413
-0.0199816
-0.0187028
-0.0173182
-0.0158449
-0.0143034
-0.0127181
-0.0111164
-0.0095285
-0.00798684
-0.00652492
-0.00517642
-0.0039739
-0.00294749
-0.00212353
-0.00152325
-0.00116165
-0.00104665
-0.00117861
-0.00155029
-0.00214723
-0.00294873
-0.00392982
-0.0050622
-0.00630729
-0.00762821
-0.00911312
-0.0108411
-0.00982247
-0.0107134
-0.0114128
-0.0119836
-0.0125019
-0.0129759
-0.0134129
-0.0138247
-0.0142221
-0.0146148
-0.015011
-0.0154178
-0.0158412
-0.0162859
-0.0167554
-0.017252
-0.0177773
-0.0183314
-0.0189138
-0.0195231
-0.0201568
-0.0208117
-0.0214837
-0.022168
-0.0228588
-0.0235498
-0.0242337
-0.0249026
-0.0255478
-0.0261599
-0.0267292
-0.0272451
-0.0276969
-0.0280734
-0.0283634
-0.0285556
-0.0286391
-0.0286033
-0.0284385
-0.028136
-0.0276883
-0.02709
-0.0263373
-0.0254294
-0.0243681
-0.0231584
-0.0218091
-0.0203329
-0.0187463
-0.0170704
-0.0153302
-0.0135548
-0.0117768
-0.0100315
-0.00835629
-0.00678943
-0.00536851
-0.00412915
-0.00310327
-0.0023176
-0.0017922
-0.00153931
-0.00156261
-0.00185698
-0.00240879
-0.00319682
-0.00419451
-0.00537096
-0.00668357
-0.00809129
-0.00968951
-0.0115632
-0.0113665
-0.0122485
-0.0129426
-0.0135109
-0.0140289
-0.0145048
-0.0149462
-0.0153647
-0.0157716
-0.0161766
-0.0165881
-0.0170136
-0.017459
-0.0179293
-0.0184282
-0.0189582
-0.0195208
-0.0201165
-0.0207448
-0.0214042
-0.0220925
-0.0228063
-0.0235415
-0.0242933
-0.0250557
-0.0258221
-0.0265849
-0.027336
-0.0280661
-0.0287653
-0.0294233
-0.0300287
-0.0305699
-0.0310347
-0.0314108
-0.0316856
-0.0318469
-0.0318825
-0.0317812
-0.0315324
-0.0311271
-0.0305576
-0.0298188
-0.0289076
-0.0278241
-0.0265719
-0.0251584
-0.0235949
-0.0218977
-0.0200875
-0.0181901
-0.0162356
-0.0142587
-0.0122978
-0.010394
-0.0085903
-0.00692962
-0.00545357
-0.0042004
-0.00320312
-0.00248777
-0.00207185
-0.00196331
-0.00215995
-0.0026496
-0.003411
-0.00441612
-0.00563147
-0.00701012
-0.00850647
-0.0102235
-0.0122524
-0.0129975
-0.0138684
-0.0145555
-0.0151202
-0.0156369
-0.0161137
-0.0165584
-0.0169828
-0.0173982
-0.0178145
-0.0182403
-0.0186833
-0.0191498
-0.0196447
-0.020172
-0.0207346
-0.0213339
-0.0219707
-0.0226446
-0.0233543
-0.0240974
-0.0248708
-0.0256703
-0.0264909
-0.0273266
-0.0281707
-0.0290153
-0.0298517
-0.0306705
-0.0314613
-0.0322128
-0.0329131
-0.0335498
-0.0341096
-0.034579
-0.0349443
-0.0351918
-0.0353078
-0.0352793
-0.0350941
-0.0347412
-0.034211
-0.0334961
-0.0325917
-0.0314958
-0.0302099
-0.0287399
-0.0270957
-0.0252924
-0.0233504
-0.0212954
-0.0191585
-0.0169762
-0.0147895
-0.0126433
-0.0105852
-0.00866393
-0.00692741
-0.00542086
-0.00418445
-0.00325116
-0.00264487
-0.00237881
-0.00245472
-0.00286267
-0.00358193
-0.00458336
-0.00583087
-0.00727295
-0.00885906
-0.0107002
-0.0128938
-0.0147125
-0.0155704
-0.0162492
-0.0168092
-0.0173235
-0.0178004
-0.0182473
-0.0186764
-0.0190991
-0.0195252
-0.0199639
-0.0204229
-0.0209087
-0.0214267
-0.021981
-0.0225746
-0.0232093
-0.0238861
-0.0246046
-0.0253638
-0.0261613
-0.0269942
-0.0278582
-0.0287483
-0.0296585
-0.0305817
-0.03151
-0.0324344
-0.033345
-0.0342307
-0.03508
-0.0358801
-0.0366176
-0.0372784
-0.0378479
-0.038311
-0.0386526
-0.0388576
-0.0389111
-0.0387992
-0.0385088
-0.0380284
-0.0373483
-0.0364614
-0.0353636
-0.0340542
-0.032537
-0.0308203
-0.0289176
-0.0268484
-0.0246379
-0.0223179
-0.0199259
-0.0175055
-0.015105
-0.0127766
-0.0105748
-0.00855448
-0.00676824
-0.00526427
-0.00408356
-0.00325747
-0.00280578
-0.0027353
-0.00303937
-0.0036985
-0.00468292
-0.00595409
-0.00745569
-0.00913182
-0.0111019
-0.0134699
-0.016508
-0.0173516
-0.018021
-0.0185755
-0.0190865
-0.0195622
-0.0200103
-0.0204427
-0.0208709
-0.0213052
-0.0217548
-0.0222276
-0.0227306
-0.0232693
-0.0238482
-0.0244706
-0.0251386
-0.0258533
-0.0266148
-0.0274219
-0.0282726
-0.029164
-0.030092
-0.0310514
-0.0320363
-0.0330394
-0.0340525
-0.0350665
-0.036071
-0.0370545
-0.0380049
-0.0389086
-0.0397515
-0.0405185
-0.0411939
-0.0417614
-0.0422044
-0.0425063
-0.0426506
-0.0426214
-0.0424035
-0.0419833
-0.0413488
-0.0404907
-0.0394022
-0.0380805
-0.0365268
-0.0347473
-0.0327538
-0.0305641
-0.0282027
-0.0257013
-0.0230981
-0.0204387
-0.0177744
-0.0151619
-0.0126615
-0.010335
-0.00824302
-0.00644265
-0.00498386
-0.00390678
-0.00323904
-0.00299388
-0.00316912
-0.00374749
-0.0046992
-0.00598354
-0.00753924
-0.00930467
-0.011408
-0.0139599
-0.0183804
-0.0192087
-0.0198681
-0.0204163
-0.0209232
-0.0213967
-0.0218445
-0.0222785
-0.0227103
-0.0231504
-0.0236082
-0.0240921
-0.0246092
-0.0251656
-0.0257661
-0.0264142
-0.0271125
-0.0278623
-0.0286639
-0.0295165
-0.0304184
-0.0313664
-0.0323568
-0.0333845
-0.0344433
-0.035526
-0.0366243
-0.0377285
-0.0388281
-0.0399112
-0.040965
-0.0419753
-0.0429272
-0.0438046
-0.0445908
-0.0452683
-0.0458192
-0.0462252
-0.0464681
-0.0465301
-0.0463942
-0.0460443
-0.0454663
-0.0446481
-0.0435807
-0.0422583
-0.0406797
-0.0388486
-0.0367744
-0.0344731
-0.0319679
-0.0292894
-0.0264764
-0.0235754
-0.0206408
-0.017733
-0.0149179
-0.0122644
-0.00984171
-0.00771622
-0.00594802
-0.00458728
-0.00367098
-0.00322032
-0.00323899
-0.00371317
-0.0046139
-0.00589874
-0.00750144
-0.00935427
-0.0115947
-0.0143399
-0.0203257
-0.0211383
-0.0217874
-0.0223289
-0.022831
-0.0233012
-0.0237472
-0.0241807
-0.0246137
-0.0250567
-0.0255194
-0.0260107
-0.0265382
-0.0271083
-0.0277262
-0.028396
-0.0291206
-0.0299016
-0.0307398
-0.0316346
-0.0325843
-0.0335862
-0.0346366
-0.0357304
-0.0368615
-0.0380226
-0.0392051
-0.0403993
-0.0415942
-0.0427776
-0.043936
-0.0450548
-0.0461181
-0.0471091
-0.0480099
-0.0488019
-0.0494658
-0.0499819
-0.0503303
-0.0504914
-0.0504459
-0.0501759
-0.0496645
-0.0488973
-0.0478624
-0.0465513
-0.0449601
-0.0430894
-0.0409462
-0.038544
-0.0359038
-0.0330553
-0.0300365
-0.0268948
-0.0236862
-0.0204748
-0.0173318
-0.0143329
-0.0115559
-0.00907732
-0.00696824
-0.00529018
-0.00409104
-0.00340163
-0.00323324
-0.00357692
-0.00440567
-0.00567596
-0.00731665
-0.00925366
-0.0116341
-0.0145817
-0.0223397
-0.0231373
-0.0237762
-0.0243109
-0.0248075
-0.0252733
-0.0257156
-0.0261463
-0.0265773
-0.0270195
-0.0274832
-0.0279775
-0.0285105
-0.0290893
-0.0297196
-0.030406
-0.0311518
-0.0319592
-0.0328292
-0.0337616
-0.0347551
-0.0358071
-0.0369139
-0.0380708
-0.0392715
-0.0405086
-0.0417736
-0.0430564
-0.0443457
-0.045629
-0.0468921
-0.04812
-0.049296
-0.0504023
-0.0514203
-0.05233
-0.053111
-0.053742
-0.0542015
-0.0544681
-0.0545206
-0.0543386
-0.0539032
-0.0531971
-0.0522058
-0.050918
-0.0493263
-0.0474287
-0.045229
-0.0427378
-0.0399738
-0.0369644
-0.0337468
-0.0303679
-0.0268851
-0.0233652
-0.019884
-0.0165239
-0.0133713
-0.0105131
-0.00803216
-0.00600264
-0.00448496
-0.00352143
-0.0031328
-0.00331676
-0.00404963
-0.00528774
-0.00695533
-0.00897175
-0.0114942
-0.0146532
-0.0244185
-0.0252022
-0.0258319
-0.0263599
-0.0268506
-0.0273106
-0.0277472
-0.0281721
-0.0285975
-0.0290347
-0.0294942
-0.029986
-0.0305187
-0.0311001
-0.0317366
-0.0324333
-0.0331942
-0.0340219
-0.0349179
-0.0358824
-0.0369143
-0.0380115
-0.0391704
-0.0403861
-0.0416527
-0.0429626
-0.0443071
-0.0456761
-0.0470578
-0.0484394
-0.0498063
-0.0511427
-0.0524313
-0.0536537
-0.0547899
-0.0558192
-0.0567198
-0.057469
-0.0580438
-0.058421
-0.0585774
-0.0584906
-0.0581391
-0.0575033
-0.0565657
-0.055312
-0.0537319
-0.0518199
-0.0495764
-0.0470091
-0.0441335
-0.0409745
-0.0375672
-0.0339577
-0.0302036
-0.0263737
-0.0225477
-0.0188138
-0.015267
-0.0120046
-0.00912194
-0.00670692
-0.00483411
-0.00355924
-0.00291467
-0.00290674
-0.00351688
-0.0047024
-0.00638348
-0.00847288
-0.0111384
-0.0145171
-0.0265579
-0.0273301
-0.027952
-0.028474
-0.0289583
-0.0294113
-0.0298397
-0.0302555
-0.0306708
-0.0310976
-0.0315469
-0.0320296
-0.032555
-0.0331317
-0.0337669
-0.0344665
-0.035235
-0.0360758
-0.0369909
-0.0379808
-0.039045
-0.0401813
-0.0413866
-0.0426561
-0.0439838
-0.0453622
-0.0467824
-0.048234
-0.0497051
-0.0511823
-0.0526508
-0.054094
-0.055494
-0.0568316
-0.0580859
-0.0592352
-0.0602564
-0.0611256
-0.0618182
-0.0623093
-0.062574
-0.0625877
-0.0623267
-0.0617686
-0.0608934
-0.0596837
-0.0581261
-0.0562115
-0.053937
-0.0513066
-0.0483324
-0.0450362
-0.0414503
-0.0376192
-0.0335997
-0.0294617
-0.0252875
-0.0211709
-0.0172144
-0.0135259
-0.0102134
-0.00737958
-0.00511464
-0.00348978
-0.00255127
-0.00231645
-0.00277389
-0.00388352
-0.00556221
-0.00771623
-0.0105247
-0.0141309
-0.0287543
-0.0295186
-0.0301349
-0.0306518
-0.0311297
-0.0315741
-0.0319916
-0.032394
-0.032794
-0.0332039
-0.033636
-0.0341016
-0.0346113
-0.0351747
-0.0357997
-0.0364934
-0.0372609
-0.0381064
-0.0390324
-0.04004
-0.041129
-0.0422976
-0.0435428
-0.04486
-0.0462431
-0.0476847
-0.0491757
-0.0507055
-0.0522619
-0.0538311
-0.0553978
-0.0569448
-0.0584538
-0.0599045
-0.0612754
-0.0625436
-0.0636849
-0.0646742
-0.0654855
-0.0660922
-0.0664677
-0.0665853
-0.0664192
-0.0659446
-0.0651387
-0.0639812
-0.0624554
-0.0605489
-0.058255
-0.055574
-0.0525142
-0.0490937
-0.0453416
-0.0412996
-0.0370231
-0.0325817
-0.0280597
-0.0235549
-0.0191768
-0.0150433
-0.0112752
-0.00799059
-0.00529669
-0.00328221
-0.00200975
-0.00151027
-0.00178198
-0.00278931
-0.00444701
-0.00665526
-0.00960509
-0.013446
-0.0310044
-0.0317656
-0.0323796
-0.0328929
-0.0333644
-0.0337986
-0.0342017
-0.0345859
-0.0349641
-0.0353497
-0.0357558
-0.036195
-0.0366792
-0.0372191
-0.0378238
-0.0385014
-0.039258
-0.0400985
-0.0410261
-0.0420425
-0.0431479
-0.0443409
-0.0456185
-0.0469764
-0.0484084
-0.0499071
-0.0514632
-0.0530659
-0.0547026
-0.0563592
-0.0580198
-0.0596668
-0.061281
-0.0628416
-0.0643261
-0.0657107
-0.0669701
-0.068078
-0.069007
-0.0697292
-0.070216
-0.070439
-0.0703702
-0.0699826
-0.0692507
-0.0681514
-0.0666647
-0.064775
-0.0624719
-0.0597515
-0.0566182
-0.0530861
-0.0491804
-0.0449395
-0.0404161
-0.0356787
-0.030812
-0.025917
-0.0211089
-0.0165147
-0.0122681
-0.00850252
-0.00534359
-0.00289932
-0.0012512
-0.000446722
-0.000496513
-0.00137196
-0.00298719
-0.00523697
-0.00832519
-0.0124073
-0.0333056
-0.0340704
-0.0346863
-0.0351981
-0.0356632
-0.0360852
-0.0364701
-0.03683
-0.0371789
-0.0375311
-0.0379011
-0.038303
-0.0387502
-0.0392548
-0.0398275
-0.0404773
-0.0412117
-0.0420363
-0.0429551
-0.0439705
-0.045083
-0.0462915
-0.0475934
-0.0489842
-0.0504579
-0.0520068
-0.0536216
-0.0552911
-0.0570024
-0.0587409
-0.0604903
-0.0622323
-0.0639472
-0.0656132
-0.0672073
-0.0687044
-0.0700785
-0.0713019
-0.072346
-0.0731814
-0.0737781
-0.0741058
-0.0741345
-0.073835
-0.0731793
-0.0721417
-0.0706991
-0.0688325
-0.0665277
-0.0637772
-0.0605809
-0.0569487
-0.0529014
-0.0484734
-0.0437141
-0.0386895
-0.0334839
-0.0281995
-0.0229564
-0.0178895
-0.0131441
-0.00886985
-0.00521099
-0.00229672
-0.000229928
0.000922327
0.00113373
0.000423105
-0.00112509
-0.00340126
-0.00662324
-0.0109522
-0.0356564
-0.0364332
-0.0370566
-0.0375695
-0.0380284
-0.038436
-0.0387977
-0.0391263
-0.0394368
-0.0397448
-0.0400667
-0.0404186
-0.0408155
-0.0412714
-0.0417986
-0.0424076
-0.0431071
-0.0439038
-0.0448024
-0.0458059
-0.0469153
-0.0481298
-0.049447
-0.0508624
-0.0523699
-0.0539618
-0.0556282
-0.0573579
-0.0591374
-0.0609518
-0.0627841
-0.0646155
-0.0664255
-0.0681917
-0.06989
-0.0714947
-0.0729785
-0.0743129
-0.0754678
-0.0764126
-0.0771157
-0.0775452
-0.0776692
-0.0774565
-0.0768767
-0.0759015
-0.0745049
-0.0726647
-0.0703633
-0.0675889
-0.0643376
-0.0606146
-0.0564361
-0.0518319
-0.0468473
-0.0415451
-0.0360075
-0.030337
-0.0246565
-0.0191077
-0.0138468
-0.00903835
-0.00484624
-0.00142208
0.00110743
0.00265246
0.00316745
0.00265804
0.00120474
-0.00108001
-0.00442937
-0.00901008
-0.0380565
-0.0388562
-0.0394941
-0.0400113
-0.0404643
-0.0408544
-0.0411871
-0.0414757
-0.0417367
-0.0419879
-0.0422478
-0.0425347
-0.0428661
-0.043258
-0.0437247
-0.0442784
-0.044929
-0.0456844
-0.0465503
-0.0475303
-0.0486258
-0.0498363
-0.0511594
-0.0525906
-0.0541238
-0.0557508
-0.0574616
-0.0592444
-0.0610855
-0.0629692
-0.064878
-0.0667925
-0.0686914
-0.0705516
-0.0723481
-0.0740543
-0.0756419
-0.0770813
-0.0783413
-0.0793899
-0.080194
-0.0807203
-0.0809352
-0.0808052
-0.0802982
-0.0793831
-0.0780314
-0.0762177
-0.073921
-0.071126
-0.0678243
-0.0640166
-0.0597145
-0.0549429
-0.0497422
-0.0441712
-0.0383088
-0.0322564
-0.0261383
-0.020101
-0.0143102
-0.00894472
-0.00418776
-0.000214403
0.00282265
0.00480754
0.00567162
0.00540346
0.00407645
0.00180384
-0.00166468
-0.00650134
-0.0405073
-0.0413437
-0.0420046
-0.0425301
-0.0429773
-0.0433462
-0.0436424
-0.0438805
-0.044079
-0.0442582
-0.0444396
-0.0446444
-0.0448928
-0.0452035
-0.0455929
-0.046075
-0.0466616
-0.0473616
-0.0481816
-0.0491257
-0.050196
-0.0513919
-0.0527112
-0.0541493
-0.0556997
-0.057354
-0.0591017
-0.0609306
-0.0628263
-0.0647725
-0.0667511
-0.0687421
-0.0707232
-0.0726706
-0.0745585
-0.0763593
-0.0780437
-0.079581
-0.0809389
-0.0820841
-0.0829823
-0.0835985
-0.0838973
-0.0838438
-0.0834035
-0.0825433
-0.081232
-0.0794413
-0.0771472
-0.0743306
-0.0709791
-0.0670891
-0.0626674
-0.0577337
-0.0523234
-0.0464903
-0.0403093
-0.0338791
-0.0273237
-0.0207929
-0.0144598
-0.0085165
-0.00316464
0.0013966
0.00498669
0.00746061
0.00872249
0.00873945
0.00757396
0.00533737
0.00175991
-0.00333623
-0.0430127
-0.0439027
-0.0445973
-0.0451357
-0.0455768
-0.0459196
-0.04617
-0.0463446
-0.0464647
-0.0465541
-0.0466378
-0.0467406
-0.0468863
-0.0470963
-0.0473898
-0.047783
-0.0482891
-0.0489184
-0.0496785
-0.0505742
-0.0516075
-0.0527784
-0.0540842
-0.0555202
-0.0570795
-0.0587533
-0.0605305
-0.0623983
-0.0643417
-0.0663437
-0.0683853
-0.0704458
-0.0725022
-0.0745298
-0.0765017
-0.0783895
-0.0801629
-0.0817901
-0.0832377
-0.084471
-0.0854545
-0.0861517
-0.0865258
-0.08654
-0.0861579
-0.0853442
-0.0840654
-0.0822908
-0.0799929
-0.0771496
-0.0737447
-0.0697702
-0.0652282
-0.0601335
-0.0545159
-0.048424
-0.0419278
-0.0351221
-0.0281291
-0.0210998
-0.0142132
-0.00767229
-0.00169655
0.00349094
0.00768041
0.0106947
0.0124066
0.0127567
0.0117922
0.009619
0.0059449
0.000586193
-0.0455795
-0.0465442
-0.0472853
-0.0478418
-0.0482759
-0.048586
-0.0487787
-0.0488737
-0.0488963
-0.0488745
-0.0488381
-0.0488163
-0.0488367
-0.0489245
-0.0491018
-0.049387
-0.0497952
-0.0503381
-0.051024
-0.0518582
-0.052843
-0.0539782
-0.055261
-0.0566863
-0.0582466
-0.0599324
-0.0617321
-0.063632
-0.0656163
-0.0676674
-0.0697655
-0.0718887
-0.0740133
-0.0761136
-0.078162
-0.0801288
-0.0819828
-0.0836911
-0.0852191
-0.0865309
-0.0875897
-0.0883576
-0.0887962
-0.0888671
-0.0885321
-0.0877538
-0.0864967
-0.0847273
-0.0824156
-0.0795361
-0.0760692
-0.0720029
-0.0673348
-0.0620747
-0.0562472
-0.049895
-0.0430826
-0.0359003
-0.0284668
-0.0209327
-0.0134804
-0.0063224
0.000306102
0.00615857
0.0109951
0.0146038
0.0168217
0.0175578
0.0168385
0.01476
0.0110038
0.00537959
-0.0482186
-0.0492842
-0.0500872
-0.0506673
-0.0510923
-0.0513605
-0.0514804
-0.0514759
-0.0513776
-0.0512193
-0.0510366
-0.050864
-0.050734
-0.0506758
-0.0507147
-0.0508717
-0.0511638
-0.0516039
-0.052201
-0.0529609
-0.0538858
-0.0549753
-0.0562261
-0.0576325
-0.0591863
-0.0608772
-0.0626928
-0.0646186
-0.0666377
-0.0687317
-0.0708797
-0.073059
-0.0752449
-0.0774107
-0.0795277
-0.0815652
-0.0834911
-0.085271
-0.0868695
-0.0882493
-0.0893723
-0.0901991
-0.09069
-0.0908048
-0.0905035
-0.089747
-0.0884975
-0.0867192
-0.0843795
-0.0814501
-0.0779079
-0.0737374
-0.0689318
-0.0634961
-0.0574496
-0.0508296
-0.0436946
-0.0361292
-0.028248
-0.0201992
-0.0121668
-0.00437009
0.0029415
0.00949927
0.0150329
0.0192935
0.0220783
0.0232588
0.0228344
0.0208865
0.0170651
0.0111721
-0.0509464
-0.0521451
-0.0530282
-0.0536375
-0.0540494
-0.0542632
-0.0542906
-0.0541615
-0.0539138
-0.0535889
-0.0532292
-0.0528761
-0.0525674
-0.052337
-0.0522137
-0.0522213
-0.0523784
-0.0526991
-0.0531932
-0.0538663
-0.0547205
-0.0557549
-0.0569655
-0.0583456
-0.0598864
-0.0615764
-0.0634022
-0.0653481
-0.0673964
-0.0695275
-0.0717195
-0.0739487
-0.0761892
-0.0784132
-0.0805911
-0.0826911
-0.0846797
-0.0865217
-0.0881801
-0.0896167
-0.0907918
-0.0916648
-0.0921943
-0.0923385
-0.0920558
-0.0913052
-0.0900467
-0.0882424
-0.0858572
-0.0828599
-0.0792246
-0.074932
-0.0699716
-0.0643439
-0.058063
-0.0511606
-0.0436894
-0.0357278
-0.0273852
-0.0188061
-0.0101742
-0.00171335
0.00631519
0.0136221
0.0199068
0.0248819
0.0283004
0.0299905
0.0299177
0.0281417
0.0242747
0.0181088
-0.0537866
-0.0551581
-0.0561429
-0.0567863
-0.0571781
-0.0573199
-0.0572289
-0.0569438
-0.0565119
-0.0559842
-0.0554121
-0.0548444
-0.0543256
-0.0538945
-0.0535837
-0.0534196
-0.0534226
-0.0536077
-0.0539848
-0.0545594
-0.0553331
-0.056304
-0.0574672
-0.058815
-0.0603371
-0.0620211
-0.0638522
-0.0658136
-0.0678863
-0.0700495
-0.0722801
-0.0745533
-0.0768421
-0.0791175
-0.0813487
-0.0835028
-0.0855451
-0.0874391
-0.0891468
-0.0906285
-0.0918431
-0.0927486
-0.093302
-0.0934601
-0.0931793
-0.0924168
-0.0911305
-0.0892805
-0.0868291
-0.0837426
-0.0799921
-0.0755549
-0.070417
-0.0645744
-0.0580366
-0.0508298
-0.0430008
-0.0346217
-0.0257959
-0.0166631
-0.00740481
0.00175249
0.0105382
0.0186442
0.0257405
0.0314998
0.0356272
0.037901
0.0382451
0.0366892
0.0327993
0.0263544
-0.0567727
-0.0583661
-0.0594774
-0.0601584
-0.0605182
-0.0605636
-0.0603203
-0.0598392
-0.0591803
-0.0584068
-0.0575807
-0.0567599
-0.0559962
-0.0553336
-0.0548086
-0.0544502
-0.0542802
-0.0543138
-0.054561
-0.0550266
-0.0557111
-0.0566116
-0.0577216
-0.0590321
-0.0605314
-0.0622055
-0.0640381
-0.0660112
-0.0681044
-0.0702954
-0.07256
-0.074872
-0.0772031
-0.0795234
-0.0818006
-0.0840006
-0.0860876
-0.0880238
-0.0897698
-0.0912846
-0.0925257
-0.0934495
-0.0940117
-0.094167
-0.0938704
-0.0930769
-0.0917426
-0.0898252
-0.0872846
-0.0840845
-0.0801931
-0.0755847
-0.0702415
-0.0641555
-0.0573317
-0.0497908
-0.0415739
-0.0327467
-0.0234061
-0.0136861
-0.00376474
0.00613124
0.015724
0.0246888
0.0326673
0.0392913
0.0442144
0.047158
0.0479955
0.046717
0.0428304
0.0360976
-0.0599519
-0.0618279
-0.0630942
-0.0638131
-0.0641216
-0.064036
-0.0635955
-0.0628675
-0.061929
-0.0608581
-0.0597299
-0.0586125
-0.0575654
-0.0566385
-0.0558719
-0.0552964
-0.0549347
-0.0548023
-0.054908
-0.0552556
-0.0558441
-0.0566687
-0.0577215
-0.0589913
-0.060465
-0.0621266
-0.0639583
-0.0659404
-0.068051
-0.0702664
-0.072561
-0.0749072
-0.0772754
-0.0796344
-0.0819505
-0.0841887
-0.0863115
-0.08828
-0.0900534
-0.0915892
-0.0928436
-0.0937715
-0.0943267
-0.0944625
-0.0941317
-0.0932875
-0.0918838
-0.089876
-0.0872217
-0.0838817
-0.0798214
-0.0750118
-0.0694315
-0.0630687
-0.0559236
-0.0480119
-0.0393686
-0.0300531
-0.0201554
-0.00980301
0.000830993
0.0115211
0.0219845
0.0318821
0.0408282
0.0484131
0.0542349
0.0579513
0.0593743
0.0584426
0.054591
0.0475565
-0.0633902
-0.0656242
-0.0670771
-0.0678279
-0.0680546
-0.0677897
-0.0670921
-0.0660524
-0.0647692
-0.0633395
-0.0618531
-0.0603901
-0.059018
-0.0577921
-0.0567556
-0.0559407
-0.0553702
-0.0550585
-0.0550131
-0.0552357
-0.0557233
-0.0564688
-0.057462
-0.0586897
-0.0601364
-0.0617845
-0.0636141
-0.0656037
-0.0677298
-0.069967
-0.0722883
-0.0746647
-0.0770652
-0.0794571
-0.0818057
-0.0840743
-0.0862243
-0.0882155
-0.0900055
-0.0915506
-0.0928053
-0.0937229
-0.0942556
-0.0943548
-0.0939715
-0.0930567
-0.0915621
-0.0894407
-0.0866475
-0.0831404
-0.0788817
-0.0738391
-0.0679875
-0.0613108
-0.0538045
-0.045479
-0.0363633
-0.0265099
-0.0160016
-0.00495856
0.00645232
0.0180086
0.0294245
0.0403484
0.0503688
0.0590333
0.0658807
0.0704962
0.0726191
0.0721209
0.068343
0.0609868
-0.0671801
-0.0698656
-0.0715389
-0.0723055
-0.0724028
-0.07189
-0.0708553
-0.0694207
-0.0677126
-0.0658505
-0.0639416
-0.0620782
-0.060336
-0.0587751
-0.0574406
-0.0563652
-0.0555704
-0.0550686
-0.0548647
-0.0549579
-0.055342
-0.0560074
-0.0569409
-0.0581268
-0.0595472
-0.0611821
-0.0630097
-0.0650064
-0.067147
-0.0694044
-0.0717499
-0.0741531
-0.0765817
-0.0790013
-0.081376
-0.0836679
-0.0858369
-0.0878413
-0.0896375
-0.0911803
-0.0924226
-0.0933161
-0.0938112
-0.0938575
-0.0934038
-0.0923992
-0.0907928
-0.0885351
-0.0855783
-0.0818773
-0.077391
-0.0720833
-0.0659251
-0.0588957
-0.0509856
-0.0421993
-0.0325591
-0.0221102
-0.0109271
0.000878223
0.0131466
0.0256605
0.0381335
0.0502035
0.0614338
0.0713286
0.079362
0.0850372
0.0880062
0.0880542
0.0843998
0.0766925
-0.071452
-0.0747056
-0.0766325
-0.0773805
-0.0772748
-0.0764172
-0.0749382
-0.0730019
-0.0707697
-0.0683877
-0.0659823
-0.0636579
-0.0614978
-0.0595652
-0.0579058
-0.0565506
-0.0555185
-0.0548186
-0.0544522
-0.0544143
-0.0546955
-0.0552822
-0.0561582
-0.0573048
-0.0587012
-0.060325
-0.062152
-0.0641567
-0.0663117
-0.0685884
-0.0709564
-0.0733836
-0.0758364
-0.078279
-0.0806741
-0.0829824
-0.0851625
-0.0871714
-0.088964
-0.0904935
-0.0917114
-0.0925677
-0.093011
-0.092989
-0.0924485
-0.0913361
-0.0895986
-0.0871837
-0.0840404
-0.0801205
-0.075379
-0.0697758
-0.0632771
-0.055857
-0.0475001
-0.0382041
-0.0279839
-0.016876
-0.00494529
0.0077063
0.0209294
0.0345138
0.0481755
0.0615439
0.0741589
0.0854787
0.0949068
0.101852
0.105861
0.106606
0.103144
0.0950434
-0.0763909
-0.0803582
-0.0825658
-0.0832305
-0.0828084
-0.0814681
-0.0794007
-0.0768256
-0.0739472
-0.0709417
-0.0679553
-0.065104
-0.0624761
-0.0601355
-0.0581262
-0.0564752
-0.0551967
-0.0542947
-0.0537651
-0.0535983
-0.05378
-0.0542926
-0.0551159
-0.0562278
-0.0576045
-0.0592208
-0.0610501
-0.0630646
-0.0652351
-0.067531
-0.0699203
-0.0723695
-0.0748433
-0.0773047
-0.0797149
-0.0820333
-0.0842173
-0.0862224
-0.0880022
-0.0895084
-0.0906909
-0.0914982
-0.0918771
-0.0917732
-0.0911312
-0.0898955
-0.0880101
-0.0854199
-0.0820706
-0.0779102
-0.0728898
-0.0669645
-0.0600951
-0.0522496
-0.0434057
-0.0335531
-0.0226974
-0.0108647
0.00189192
0.0154835
0.0297736
0.0445635
0.0595751
0.0744339
0.0886575
0.101657
0.112756
0.121254
0.126567
0.128222
0.12505
0.116501
-0.0822636
-0.0871253
-0.0896229
-0.0900885
-0.0891758
-0.0871565
-0.0843065
-0.0809167
-0.0772421
-0.0734915
-0.0698295
-0.0663806
-0.0632345
-0.0604521
-0.0580717
-0.0561136
-0.0545845
-0.0534811
-0.0527926
-0.0525031
-0.0525928
-0.0530389
-0.0538171
-0.0549015
-0.0562648
-0.0578789
-0.0597147
-0.0617422
-0.06393
-0.0662459
-0.0686562
-0.0711258
-0.073618
-0.0760945
-0.0785153
-0.0808383
-0.0830197
-0.0850138
-0.0867727
-0.0882469
-0.0893847
-0.090133
-0.0904367
-0.0902398
-0.0894846
-0.0881132
-0.086067
-0.0832875
-0.0797174
-0.0753004
-0.0699831
-0.0637152
-0.0564514
-0.0481526
-0.0387881
-0.0283378
-0.0167959
-0.00417529
0.0094861
0.0241163
0.039597
0.0557468
0.0723004
0.0888855
0.105002
0.120014
0.133156
0.143594
0.150582
0.153455
0.15073
0.141658
-0.0894615
-0.0954393
-0.098195
-0.0982585
-0.0965872
-0.0936087
-0.0897152
-0.085286
-0.080633
-0.0759965
-0.0715551
-0.0674357
-0.0637231
-0.06047
-0.0577038
-0.055434
-0.0536568
-0.0523592
-0.0515218
-0.051121
-0.0511303
-0.0515216
-0.0522655
-0.0533319
-0.0546903
-0.0563094
-0.0581575
-0.0602023
-0.0624105
-0.0647481
-0.0671798
-0.0696691
-0.0721779
-0.0746667
-0.0770942
-0.0794173
-0.0815909
-0.083568
-0.0852997
-0.0867349
-0.0878207
-0.0885023
-0.0887233
-0.0884253
-0.0875491
-0.086034
-0.0838188
-0.0808421
-0.0770426
-0.0723601
-0.0667358
-0.0601137
-0.0524415
-0.0436716
-0.0337635
-0.0226852
-0.0104167
0.00304581
0.0176842
0.0334493
0.0502481
0.0679257
0.0862403
0.104833
0.123198
0.140652
0.156335
0.169253
0.178454
0.183009
0.180986
0.171308
-0.0985748
-0.105929
-0.108821
-0.108132
-0.105289
-0.100952
-0.0956656
-0.0899131
-0.0840638
-0.0783827
-0.0730522
-0.0681915
-0.0638714
-0.0601275
-0.0569709
-0.0543948
-0.0523814
-0.0509051
-0.049936
-0.0494415
-0.0493876
-0.0497399
-0.0504638
-0.0515251
-0.0528894
-0.0545226
-0.0563904
-0.0584582
-0.0606911
-0.0630532
-0.0655078
-0.068017
-0.0705417
-0.0730412
-0.075473
-0.077793
-0.0799551
-0.0819112
-0.0836112
-0.085003
-0.0860323
-0.0866431
-0.0867772
-0.0863748
-0.0853744
-0.0837132
-0.0813274
-0.0781524
-0.0741231
-0.069175
-0.063244
-0.0562675
-0.0481855
-0.0389408
-0.0284813
-0.0167609
-0.00374229
0.0105993
0.0262712
0.0432546
0.0614918
0.0808673
0.101179
0.122101
0.14314
0.163584
0.182473
0.198627
0.210826
0.217783
0.216907
0.206561
-0.110524
-0.119526
-0.122243
-0.120197
-0.115549
-0.109287
-0.102145
-0.0947165
-0.0874182
-0.0805216
-0.0741949
-0.0685327
-0.0635782
-0.0593399
-0.0558037
-0.0529412
-0.0507161
-0.0490877
-0.0480133
-0.0474503
-0.0473564
-0.0476907
-0.0484133
-0.0494855
-0.0508694
-0.0525281
-0.0544249
-0.0565233
-0.0587864
-0.0611772
-0.0636575
-0.0661884
-0.0687297
-0.0712398
-0.0736752
-0.075991
-0.0781401
-0.0800737
-0.0817407
-0.0830879
-0.0840601
-0.0845999
-0.0846479
-0.0841428
-0.0830212
-0.0812184
-0.0786679
-0.0753021
-0.0710525
-0.0658498
-0.0596245
-0.0523074
-0.0438297
-0.0341241
-0.0231251
-0.0107703
0.00299789
0.01823
0.0349651
0.0532238
0.0729963
0.0942235
0.116767
0.140364
0.164567
0.188671
0.211638
0.232081
0.248445
0.25894
0.260012
0.24905
-0.126811
-0.137634
-0.139475
-0.135036
-0.12761
-0.118629
-0.109032
-0.0995065
-0.0904816
-0.0822014
-0.0747892
-0.0682906
-0.0627023
-0.0579917
-0.0541103
-0.0510016
-0.0486065
-0.0468665
-0.0457248
-0.0451279
-0.0450249
-0.0453682
-0.0461127
-0.0472157
-0.0486361
-0.0503344
-0.0522717
-0.05441
-0.056711
-0.0591363
-0.0616471
-0.0642033
-0.0667639
-0.0692867
-0.0717275
-0.0740407
-0.0761786
-0.0780916
-0.0797279
-0.0810336
-0.0819527
-0.0824268
-0.0823954
-0.0817958
-0.0805634
-0.0786313
-0.0759309
-0.072392
-0.0679423
-0.0625086
-0.0560157
-0.0483876
-0.0395468
-0.0294147
-0.0179119
-0.00495777
0.00952858
0.0256274
0.0434161
0.0629642
0.0843242
0.107515
0.132492
0.159097
0.18699
0.215538
0.243685
0.269866
0.292121
0.307979
0.312475
0.301326
-0.150021
-0.162405
-0.16185
-0.153256
-0.14159
-0.128804
-0.116007
-0.10391
-0.0928857
-0.0830885
-0.0745487
-0.0672279
-0.0610522
-0.0559319
-0.0517737
-0.0484867
-0.0459857
-0.0441924
-0.0430353
-0.0424498
-0.042377
-0.0427629
-0.043558
-0.0447159
-0.0461931
-0.0479479
-0.04994
-0.05213
-0.0544788
-0.0569471
-0.0594953
-0.0620829
-0.0646685
-0.0672092
-0.0696605
-0.0719763
-0.0741086
-0.0760073
-0.0776202
-0.078893
-0.0797688
-0.0801887
-0.0800915
-0.0794134
-0.0780886
-0.0760488
-0.0732235
-0.0695399
-0.0649231
-0.0592954
-0.0525769
-0.0446848
-0.0355332
-0.0250323
-0.0130882
0.000398644
0.0155342
0.0324316
0.0512118
0.0720021
0.0949317
0.12012
0.147653
0.177536
0.209614
0.243442
0.27808
0.311924
0.342592
0.36676
0.37747
0.367626
-0.184885
-0.197155
-0.190974
-0.175268
-0.157229
-0.139231
-0.12238
-0.107253
-0.0940319
-0.0826803
-0.0730669
-0.0650245
-0.0583806
-0.0529722
-0.048652
-0.0452907
-0.0427752
-0.0410077
-0.0399029
-0.0393863
-0.0393919
-0.0398612
-0.040741
-0.0419825
-0.0435406
-0.0453723
-0.0474364
-0.0496929
-0.0521022
-0.0546248
-0.0572208
-0.0598495
-0.0624692
-0.0650369
-0.0675082
-0.0698366
-0.0719742
-0.0738705
-0.0754733
-0.0767279
-0.0775773
-0.0779622
-0.0778208
-0.0770888
-0.0756996
-0.0735837
-0.0706692
-0.0668815
-0.0621429
-0.0563727
-0.0494864
-0.0413954
-0.0320059
-0.021218
-0.00892375
0.00499492
0.0206688
0.0382448
0.05789
0.0797953
0.104178
0.131278
0.16135
0.194625
0.231243
0.271112
0.313659
0.357496
0.400141
0.437335
0.459591
0.455284
-0.240269
-0.246854
-0.228424
-0.200833
-0.173484
-0.148611
-0.12689
-0.108444
-0.0930339
-0.0802873
-0.0698225
-0.0612939
-0.0544045
-0.0489066
-0.0445962
-0.0413058
-0.0388973
-0.0372563
-0.036287
-0.0359079
-0.0360489
-0.0366486
-0.0376523
-0.0390103
-0.040677
-0.0426092
-0.0447659
-0.047107
-0.0495932
-0.0521851
-0.054843
-0.0575266
-0.0601942
-0.0628032
-0.0653092
-0.067666
-0.0698257
-0.0717382
-0.0733511
-0.0746099
-0.0754576
-0.0758349
-0.0756798
-0.0749278
-0.0735117
-0.0713616
-0.0684046
-0.0645648
-0.0597627
-0.053915
-0.0469338
-0.0387258
-0.0291908
-0.0182202
-0.00569415
0.00852163
0.0245804
0.0426605
0.0629732
0.0857726
0.111367
0.140132
0.172516
0.209038
0.25025
0.296626
0.348322
0.404757
0.464017
0.521402
0.564958
0.576602
-0.33301
-0.318359
-0.275142
-0.228621
-0.188243
-0.154796
-0.127713
-0.106077
-0.0888717
-0.0751992
-0.0643369
-0.0557226
-0.0489247
-0.0436134
-0.0395355
-0.0364944
-0.0343355
-0.0329353
-0.0321932
-0.0320257
-0.0323622
-0.0331417
-0.0343101
-0.0358189
-0.0376234
-0.0396816
-0.0419533
-0.0443994
-0.0469814
-0.0496607
-0.0523982
-0.0551543
-0.057888
-0.060557
-0.0631175
-0.0655239
-0.0677284
-0.0696816
-0.0713313
-0.0726234
-0.0735013
-0.0739057
-0.0737749
-0.0730445
-0.0716472
-0.0695132
-0.0665689
-0.0627379
-0.0579396
-0.0520893
-0.0450967
-0.0368654
-0.0272909
-0.0162582
-0.00363895
0.0107134
0.0269694
0.0453322
0.0660495
0.0894297
0.115864
0.145857
0.18006
0.219319
0.2647
0.317483
0.379041
0.450521
0.531878
0.619384
0.700956
0.751874
-0.501613
-0.419629
-0.327903
-0.253693
-0.196846
-0.154033
-0.122169
-0.0983872
-0.0804442
-0.0667593
-0.056237
-0.0481123
-0.0418469
-0.0370581
-0.0334682
-0.0308718
-0.0291129
-0.0280702
-0.027647
-0.027764
-0.0283548
-0.0293621
-0.0307356
-0.0324294
-0.0344016
-0.0366123
-0.0390233
-0.0415973
-0.0442971
-0.0470854
-0.0499244
-0.0527753
-0.0555982
-0.0583515
-0.0609922
-0.0634754
-0.0657542
-0.0677794
-0.0694997
-0.0708616
-0.0718087
-0.0722826
-0.0722218
-0.0715623
-0.0702374
-0.0681772
-0.0653086
-0.0615549
-0.0568356
-0.0510653
-0.044153
-0.036001
-0.0265028
-0.0155404
-0.00298117
0.0113276
0.0275657
0.0459502
0.0667502
0.0903079
0.11707
0.147635
0.18282
0.223765
0.272076
0.330003
0.400669
0.488178
0.596485
0.72664
0.877349
1.02572
-0.850628
-0.552996
-0.361286
-0.253396
-0.183274
-0.135606
-0.103271
-0.0808389
-0.0647445
-0.0528917
-0.0440138
-0.0373042
-0.0322346
-0.0284503
-0.0257051
-0.0238223
-0.0226701
-0.0221472
-0.0221727
-0.0226804
-0.0236141
-0.0249249
-0.026569
-0.0285062
-0.0306989
-0.0331111
-0.0357075
-0.0384536
-0.0413144
-0.0442546
-0.047238
-0.0502274
-0.0531841
-0.056068
-0.0588369
-0.0614472
-0.0638527
-0.0660053
-0.0678545
-0.0693475
-0.070429
-0.0710409
-0.0711229
-0.0706115
-0.0694408
-0.0675415
-0.0648414
-0.0612645
-0.0567311
-0.0511565
-0.0444508
-0.0365171
-0.0272501
-0.0165333
-0.00423544
0.00979404
0.0257325
0.0437942
0.0642449
0.0874244
0.11378
0.143921
0.178704
0.219374
0.267815
0.326975
0.401661
0.499725
0.632374
0.816569
1.09967
1.50767
-1.48533
-0.683425
-0.324169
-0.193714
-0.128188
-0.0889095
-0.0651206
-0.0500045
-0.0396485
-0.0321664
-0.0266123
-0.0224538
-0.019369
-0.0171532
-0.0156678
-0.0148128
-0.0145117
-0.0147035
-0.0153373
-0.0163689
-0.0177592
-0.0194724
-0.021475
-0.0237349
-0.0262211
-0.0289028
-0.0317495
-0.03473
-0.0378127
-0.0409649
-0.0441529
-0.0473414
-0.0504937
-0.0535711
-0.0565333
-0.0593377
-0.0619397
-0.0642922
-0.066346
-0.0680492
-0.0693476
-0.0701843
-0.0704997
-0.0702319
-0.0693156
-0.0676827
-0.0652624
-0.0619802
-0.0577579
-0.052513
-0.0461582
-0.0385999
-0.029737
-0.0194586
-0.00764119
0.00585535
0.0211938
0.0385677
0.0582135
0.080428
0.105596
0.134233
0.167056
0.205112
0.250015
0.304447
0.373316
0.466391
0.603463
0.832742
1.31077
2.23471
)
;

boundaryField
{
    movingWall
    {
        type            zeroGradient;
    }
    fixedWalls
    {
        type            zeroGradient;
    }
    frontAndBack
    {
        type            empty;
    }
}


// ************************************************************************* //
