/*--------------------------------*- C++ -*----------------------------------*\
  =========                 |
  \\      /  F ield         | OpenFOAM: The Open Source CFD Toolbox
   \\    /   O peration     | Website:  https://openfoam.org
    \\  /    A nd           | Version:  dev
     \\/     M anipulation  |
\*---------------------------------------------------------------------------*/
FoamFile
{
    format      ascii;
    class       volScalarField;
    location    "25.65";
    object      p;
}
// * * * * * * * * * * * * * * * * * * * * * * * * * * * * * * * * * * * * * //

dimensions      [0 2 -2 0 0 0 0];

internalField   nonuniform List<scalar> 
5184
(
1.79225e-06
-9.50897e-06
-9.5282e-05
-0.000248085
-0.000447397
-0.00067594
-0.000919479
-0.00116607
-0.00140656
-0.0016338
-0.00184239
-0.00202829
-0.00218859
-0.00232117
-0.00242457
-0.00249778
-0.00254014
-0.00255119
-0.00253068
-0.00247843
-0.00239435
-0.00227843
-0.00213071
-0.00195135
-0.00174057
-0.00149875
-0.00122644
-0.000924392
-0.00059359
-0.000235309
0.000148866
0.00055701
0.000986833
0.00143566
0.00190044
0.00237771
0.00286367
0.00335414
0.00384467
0.0043305
0.00480671
0.00526821
0.00570989
0.00612666
0.00651357
0.00686593
0.00717935
0.00744992
0.00767426
0.00784963
0.00797404
0.00804627
0.00806598
0.00803373
0.00795102
0.00782029
0.00764493
0.00742926
0.00717847
0.00689863
0.0065966
0.00627998
0.00595708
0.00563685
0.00532884
0.00504314
0.00479025
0.00458078
0.00442469
0.00433043
0.00430349
0.00433074
1.5588e-05
3.16618e-06
-7.13777e-05
-0.000199078
-0.000364248
-0.000554413
-0.000758649
-0.000967358
-0.00117262
-0.00136804
-0.00154858
-0.00171033
-0.00185033
-0.00196634
-0.00205672
-0.00212028
-0.00215617
-0.00216377
-0.00214266
-0.00209256
-0.00201328
-0.00190474
-0.00176696
-0.00160003
-0.00140418
-0.00117978
-0.000927361
-0.000647648
-0.000341605
-1.04485e-05
0.000344317
0.000720874
0.00111707
0.00153042
0.00195809
0.00239687
0.00284328
0.00329348
0.00374338
0.00418866
0.00462482
0.00504727
0.00545137
0.00583253
0.0061863
0.00650845
0.00679509
0.00704272
0.00724837
0.00740966
0.00752486
0.00759298
0.00761382
0.00758801
0.00751702
0.00740317
0.00724965
0.00706046
0.00684041
0.00659504
0.00633059
0.00605395
0.00577254
0.0054943
0.00522752
0.00498077
0.00476273
0.00458177
0.00444518
0.00435891
0.00433035
0.00435791
0.000102315
7.75969e-05
2.29391e-06
-0.000115187
-0.000262817
-0.000430966
-0.000610926
-0.000794863
-0.000976081
-0.00114902
-0.00130919
-0.00145298
-0.0015776
-0.00168088
-0.00176117
-0.00181723
-0.00184813
-0.00185319
-0.00183191
-0.00178393
-0.00170901
-0.001607
-0.00147787
-0.00132169
-0.00113863
-0.000929033
-0.000693384
-0.000432365
-0.000146873
0.00016195
0.000492692
0.000843652
0.00121282
0.00159786
0.00199614
0.00240467
0.0028202
0.00323916
0.00365776
0.00407198
0.00447764
0.0048705
0.00524625
0.00560066
0.00592961
0.00622921
0.00649588
0.00672642
0.00691811
0.0070688
0.00717694
0.00724169
0.00726293
0.00724131
0.00717827
0.00707605
0.00693764
0.00676683
0.00656809
0.00634659
0.00610807
0.00585885
0.00560568
0.00535567
0.00511619
0.00489469
0.00469865
0.00453512
0.00441014
0.00432893
0.00430115
0.00433175
0.000257306
0.000205903
0.000118141
-7.47672e-07
-0.000143104
-0.000301156
-0.000467777
-0.000636597
-0.000802079
-0.000959539
-0.00110511
-0.00123564
-0.00134865
-0.00144216
-0.00151465
-0.00156494
-0.00159212
-0.0015955
-0.00157457
-0.00152892
-0.00145828
-0.00136245
-0.00124134
-0.00109499
-0.000923503
-0.000727163
-0.00050639
-0.000261789
5.82551e-06
0.000295409
0.000605658
0.000934996
0.00128155
0.00164315
0.00201731
0.00240126
0.00279192
0.00318596
0.00357978
0.00396962
0.00435155
0.00472152
0.00507551
0.00540949
0.00571959
0.00600213
0.00625373
0.00647137
0.0066525
0.0067951
0.00689773
0.00695961
0.00698068
0.00696158
0.0069037
0.00680919
0.00668092
0.00652248
0.00633808
0.00613259
0.00591137
0.00568027
0.0054455
0.00521355
0.00499106
0.00478471
0.00460111
0.00444653
0.0043264
0.00424577
0.00421473
0.00423995
0.000461966
0.00037339
0.000264847
0.000137219
-7.05221e-06
-0.000161804
-0.000321267
-0.000480439
-0.000634914
-0.000780892
-0.000915195
-0.00103521
-0.00113883
-0.00122437
-0.00129049
-0.00133616
-0.00136053
-0.00136297
-0.00134295
-0.00130007
-0.00123403
-0.00114459
-0.00103161
-0.000895059
-0.000734992
-0.000551601
-0.000345224
-0.000116373
0.000134244
0.000405694
0.0006968
0.00100612
0.00133193
0.00167221
0.00202465
0.00238664
0.0027553
0.00312747
0.00349976
0.00386858
0.0042302
0.00458077
0.00491642
0.00523332
0.00552775
0.00579618
0.00603536
0.0062424
0.00641484
0.00655074
0.00664872
0.00670804
0.00672864
0.00671113
0.00665686
0.00656789
0.00644697
0.00629749
0.00612349
0.00592953
0.00572066
0.00550233
0.00528029
0.00506049
0.00484898
0.00465178
0.0044748
0.00432366
0.00420332
0.00411855
0.00407815
0.00408795
0.000700158
0.000568185
0.000433086
0.000291125
0.00013929
-1.7649e-05
-0.000175089
-0.000329289
-0.000476916
-0.000615044
-0.0007412
-0.000853338
-0.000949788
-0.0010292
-0.00109049
-0.00113279
-0.00115539
-0.00115771
-0.00113928
-0.00109971
-0.00103866
-0.000955873
-0.000851159
-0.000724409
-0.000575605
-0.000404848
-0.000212375
1.4125e-06
0.000235926
0.000490361
0.000763679
0.00105458
0.00136149
0.00168255
0.00201561
0.00235823
0.00270767
0.00306096
0.00341485
0.00376591
0.00411056
0.00444507
0.00476572
0.00506878
0.00535064
0.00560785
0.00583723
0.00603596
0.00620161
0.00633227
0.00642658
0.0064838
0.00650381
0.00648722
0.00643529
0.00634999
0.00623396
0.00609045
0.0059233
0.00573685
0.00553587
0.00532548
0.00511104
0.00489806
0.0046921
0.00449862
0.00432297
0.00417019
0.00404485
0.00395134
0.00389615
0.00388305
0.000958091
0.00077941
0.000613956
0.000453505
0.00028969
0.000126116
-3.35989e-05
-0.000186856
-0.00033132
-0.000464904
-0.000585834
-0.000692641
-0.000784119
-0.000859286
-0.00091734
-0.000957621
-0.000979576
-0.000982728
-0.00096666
-0.000930996
-0.000875402
-0.000799584
-0.0007033
-0.000586367
-0.000448681
-0.000290239
-0.000111165
8.82646e-05
0.000307593
0.000546157
0.000803064
0.00107717
0.00136705
0.001671
0.00198703
0.00231283
0.00264584
0.0029832
0.00332181
0.00365834
0.00398932
0.00431112
0.00462008
0.00491255
0.00518494
0.00543385
0.0056561
0.00584888
0.00600976
0.00613678
0.00622856
0.00628431
0.00630386
0.00628775
0.00623717
0.00615399
0.00604074
0.00590053
0.00573705
0.00555446
0.0053573
0.00515041
0.00493887
0.00472781
0.00452238
0.00432764
0.00414843
0.00398933
0.00385458
0.00374821
0.0036739
0.00363286
0.00122365
0.000996932
0.000798867
0.000617075
0.000438077
0.000264511
9.91643e-05
-5.63917e-05
-0.000200747
-0.000332605
-0.000450869
-0.00055464
-0.000643183
-0.000715897
-0.000772282
-0.000811908
-0.000834392
-0.000839374
-0.000826506
-0.000795445
-0.000745855
-0.000677412
-0.000589817
-0.000482809
-0.000356188
-0.000209839
-4.37607e-05
0.000141906
0.000346849
0.000570556
0.000812289
0.00107106
0.0013456
0.00163437
0.00193551
0.00224687
0.00256601
0.00289018
0.0032164
0.00354142
0.00386182
0.00417405
0.00447447
0.00475943
0.00502535
0.00526879
0.00548655
0.00567575
0.00583391
0.005959
0.00604955
0.00610468
0.00612416
0.00610842
0.00605856
0.00597635
0.0058642
0.00572512
0.00556267
0.00538083
0.00518399
0.00497677
0.004764
0.00455055
0.00434127
0.00414086
0.0039538
0.00378425
0.00363624
0.00351349
0.00341673
0.00334454
0.00148659
0.00121161
0.000979767
0.000774801
0.000578398
0.00039239
0.000218858
5.84473e-05
-8.82843e-05
-0.00022078
-0.00033859
-0.000441366
-0.000528839
-0.000600787
-0.000657019
-0.000697342
-0.000721551
-0.00072941
-0.000720649
-0.000694961
-0.000652009
-0.000591437
-0.000512885
-0.000416009
-0.000300504
-0.000166135
-1.27634e-05
0.000159614
0.00035084
0.000560562
0.000788205
0.00103294
0.00129367
0.001569
0.00185721
0.00215629
0.00246392
0.00277744
0.00309396
0.00341028
0.00372304
0.00402868
0.00432356
0.00460399
0.00486635
0.00510713
0.00532303
0.00551108
0.00566867
0.00579368
0.00588449
0.00594012
0.00596021
0.00594506
0.00589567
0.00581369
0.00570143
0.00556179
0.0053982
0.00521454
0.00501504
0.00480419
0.00458663
0.00436705
0.00415005
0.0039401
0.00374141
0.00355783
0.00339324
0.00325117
0.00312944
0.00302411
0.00173792
0.00141518
0.00114916
0.000919958
0.000704686
0.000504503
0.000320885
0.000153633
2.52139e-06
-0.000132584
-0.000251841
-0.00035543
-0.00044353
-0.000516293
-0.000573828
-0.000616181
-0.000643324
-0.000655147
-0.000651456
-0.000631981
-0.000596381
-0.000544264
-0.000475206
-0.00038877
-0.00028454
-0.00016215
-2.13174e-05
0.000138117
0.000316159
0.000512626
0.000727112
0.000958961
0.00120723
0.00147068
0.00174775
0.00203654
0.00233484
0.00264008
0.00294942
0.00325973
0.00356763
0.00386955
0.0041618
0.00444064
0.00470234
0.00494327
0.00516002
0.00534944
0.00550879
0.00563575
0.00572857
0.00578608
0.00580777
0.00579379
0.005745
0.00566294
0.00554978
0.00540834
0.00524192
0.00505433
0.0048497
0.0046324
0.00440697
0.00417797
0.00394986
0.00372697
0.00351331
0.00331253
0.0031285
0.00296465
0.00281604
0.00267634
0.00196971
0.00160016
0.00130008
0.00104614
0.000811125
0.000595604
0.000400527
0.000224923
6.78384e-05
-7.15023e-05
-0.000193829
-0.000299823
-0.00039009
-0.00046514
-0.000525372
-0.000571062
-0.000602354
-0.000619257
-0.000621653
-0.000609299
-0.000581847
-0.000538863
-0.000479848
-0.00040427
-0.00031159
-0.000201304
-7.29749e-05
7.37217e-05
0.000238965
0.00042275
0.00062485
0.000844782
0.00108178
0.00133475
0.00160227
0.00188258
0.00217356
0.00247272
0.00277728
0.00308411
0.00338982
0.00369081
0.00398331
0.00426347
0.00452743
0.0047714
0.00499179
0.00518527
0.00534886
0.00548006
0.0055769
0.00563799
0.00566263
0.00565078
0.00560314
0.00552109
0.0054067
0.00526265
0.00509218
0.00489901
0.0046872
0.00446109
0.00422514
0.00398386
0.00374167
0.00350281
0.00327121
0.00305046
0.00284447
0.00265674
0.00247971
0.00230482
0.00217483
0.00175966
0.001426
0.00114726
0.00089207
0.000660497
0.000453014
0.000267936
0.000103632
-4.12732e-05
-0.000168048
-0.000277845
-0.000371673
-0.00045038
-0.000514641
-0.000564948
-0.000601606
-0.000624736
-0.000634282
-0.000630024
-0.000611599
-0.00057852
-0.000530209
-0.000466025
-0.0003853
-0.000287381
-0.000171669
-3.76623e-05
0.000115002
0.000286505
0.000476809
0.000685613
0.000912322
0.00115601
0.00141541
0.00168887
0.00197437
0.0022695
0.00257151
0.00287727
0.00318339
0.00348617
0.00378176
0.00406617
0.00433535
0.00458535
0.00481233
0.00501272
0.0051833
0.0053213
0.00542447
0.00549119
0.0055205
0.00551215
0.00546662
0.00538513
0.0052696
0.0051226
0.0049473
0.00474734
0.00452676
0.00428987
0.00404116
0.00378513
0.00352623
0.00326872
0.00301655
0.0027733
0.00254311
0.00232964
0.00212286
0.00191211
0.00234672
0.00188731
0.00152082
0.00121751
0.000942056
0.000694063
0.000473567
0.000278209
0.000105726
-4.58261e-05
-0.000178218
-0.000293047
-0.000391702
-0.000475346
-0.000544912
-0.000601092
-0.000644338
-0.000674868
-0.00069268
-0.000697565
-0.000689133
-0.000666835
-0.000630003
-0.00057788
-0.000509658
-0.000424525
-0.000321707
-0.000200517
-6.03964e-05
9.9034e-05
0.000277934
0.000476196
0.00069341
0.000928822
0.00118131
0.00144935
0.00173103
0.00202401
0.00232557
0.00263258
0.00294159
0.00324885
0.00355036
0.00384196
0.00411943
0.00437856
0.00461525
0.00482564
0.00500621
0.00515387
0.00526606
0.00534084
0.00537695
0.00537389
0.00533189
0.00525197
0.00513587
0.00498605
0.00480557
0.00459805
0.00436752
0.00411831
0.00385496
0.00358205
0.00330413
0.00302557
0.00275043
0.00248241
0.00222595
0.001985
0.00174718
0.00149985
0.00247931
0.00197715
0.00157875
0.00125134
0.000955798
0.000691287
0.000457435
0.000251245
6.98521e-05
-8.92227e-05
-0.000228228
-0.000349178
-0.000453816
-0.000543601
-0.000619702
-0.000682993
-0.000734057
-0.000773196
-0.000800445
-0.000815595
-0.000818215
-0.000807686
-0.000783238
-0.000743986
-0.000688972
-0.000617214
-0.000527752
-0.0004197
-0.000292293
-0.00014494
2.27283e-05
0.000210811
0.000419093
0.000647002
0.000893576
0.00115743
0.00143676
0.0017293
0.00203235
0.00234279
0.00265713
0.00297149
0.00328175
0.00358356
0.00387247
0.00414398
0.00439371
0.00461744
0.00481131
0.00497184
0.0050961
0.0051818
0.00522732
0.00523182
0.00519526
0.00511839
0.00500279
0.00485074
0.00466523
0.00444983
0.00420857
0.00394587
0.00366636
0.00337476
0.0030758
0.00277404
0.00247374
0.0021788
0.0018941
0.00162396
0.00135378
0.00106897
0.00256688
0.00202357
0.00159433
0.00124345
0.000928193
0.000647276
0.000399933
0.000182558
-8.29238e-06
-0.000175604
-0.00032208
-0.000450126
-0.000561817
-0.000658886
-0.000742719
-0.000814351
-0.000874481
-0.000923477
-0.000961398
-0.000988017
-0.00100285
-0.0010052
-0.000994185
-0.000968772
-0.000927846
-0.000870242
-0.000794801
-0.000700425
-0.000586129
-0.000451096
-0.000294732
-0.000116716
8.29474e-05
0.000303882
0.000545301
0.000805974
0.0010842
0.00137782
0.00168415
0.00200009
0.00232207
0.00264613
0.00296798
0.00328307
0.00358667
0.003874
0.00414031
0.00438101
0.00459181
0.00476881
0.00490865
0.00500858
0.00506659
0.00508145
0.00505276
0.00498099
0.00486746
0.0047143
0.00452438
0.00430122
0.00404892
0.00377195
0.0034751
0.0031633
0.00284152
0.00251461
0.00218709
0.00186321
0.00154832
0.00124728
0.000943267
0.000619776
0.00260403
0.00202125
0.00156233
0.00118878
0.000854326
0.000557273
0.000296464
6.77031e-05
-0.000133008
-0.000309145
-0.000463839
-0.000599868
-0.000719617
-0.000825072
-0.000917814
-0.000999024
-0.00106949
-0.00112964
-0.00117954
-0.00121893
-0.00124726
-0.00126373
-0.00126734
-0.00125691
-0.00123115
-0.00118868
-0.00112815
-0.00104823
-0.000947699
-0.000825493
-0.000680778
-0.000512994
-0.000321916
-0.000107706
0.000129046
0.000387278
0.000665428
0.000961418
0.00127264
0.00159599
0.00192784
0.00226413
0.0026004
0.00293188
0.00325356
0.00356032
0.003847
0.0041086
0.00434034
0.00453784
0.00469721
0.00481522
0.00488935
0.00491791
0.00490011
0.00483605
0.00472676
0.00457415
0.00438097
0.00415069
0.00388744
0.00359582
0.00328081
0.00294761
0.00260147
0.00224762
0.00189097
0.00153615
0.00118913
0.000855364
0.000515845
0.000152134
0.00258562
0.00196513
0.00147782
0.00108248
0.000729473
0.000416676
0.000142549
-9.7683e-05
-0.000308554
-0.000494008
-0.000657589
-0.000802425
-0.000931193
-0.00104611
-0.00114893
-0.00124097
-0.0013231
-0.00139576
-0.00145902
-0.00151257
-0.0015558
-0.00158779
-0.0016074
-0.00161328
-0.00160396
-0.00157785
-0.00153338
-0.00146895
-0.00138311
-0.00127453
-0.00114212
-0.000985038
-0.000802825
-0.000595398
-0.000363129
-0.000106887
0.000171927
0.000471351
0.000788855
0.00112134
0.00146515
0.00181613
0.00216964
0.00252069
0.00286394
0.00319391
0.00350502
0.00379177
0.00404885
0.00427131
0.00445469
0.00459516
0.00468964
0.0047359
0.00473264
0.00467953
0.00457726
0.00442748
0.00423275
0.00399651
0.0037229
0.00341668
0.00308305
0.00272751
0.00235572
0.00197332
0.0015857
0.00119797
0.000816814
0.000448379
7.14296e-05
-0.00033445
0.00250673
0.00185041
0.00133608
0.000919934
0.000549108
0.000221054
-6.61543e-05
-0.000317855
-0.000539105
-0.000734302
-0.000907384
-0.00106181
-0.00120053
-0.00132598
-0.00144007
-0.00154422
-0.00163936
-0.00172596
-0.00180406
-0.0018733
-0.00193296
-0.00198202
-0.00201918
-0.00204291
-0.00205154
-0.00204326
-0.00201624
-0.00196865
-0.00189874
-0.00180491
-0.00168578
-0.00154023
-0.00136751
-0.00116727
-0.000939642
-0.000685269
-0.000405363
-0.000101736
0.00022318
0.000566327
0.000924035
0.00129205
0.00166558
0.00203936
0.00240778
0.00276493
0.00310477
0.00342126
0.00370848
0.00396087
0.00417328
0.00434121
0.00446091
0.00452952
0.00454514
0.00450695
0.00441518
0.00427116
0.00407725
0.00383678
0.00355394
0.00323362
0.00288129
0.00250281
0.00210429
0.00169189
0.00127153
0.000848913
0.00043154
2.63254e-05
-0.000390261
-0.000840696
0.00236273
0.00167253
0.00113264
0.000696752
0.000308918
-3.38322e-05
-0.000333816
-0.000596923
-0.000828719
-0.00103404
-0.0012172
-0.00138198
-0.00153158
-0.00166863
-0.00179519
-0.00191277
-0.00202235
-0.00212439
-0.00221891
-0.00230548
-0.00238327
-0.00245113
-0.00250758
-0.00255092
-0.00257926
-0.00259054
-0.00258268
-0.00255357
-0.00250117
-0.00242356
-0.00231906
-0.00218623
-0.00202402
-0.00183177
-0.00160933
-0.00135709
-0.00107602
-0.000767754
-0.000434594
-7.95223e-05
0.000293798
0.000681042
0.00107727
0.00147698
0.00187422
0.00226268
0.00263579
0.00298692
0.00330953
0.00359729
0.00384434
0.00404537
0.00419587
0.00429223
0.00433185
0.0043133
0.00423628
0.0041017
0.00391167
0.00366937
0.00337899
0.00304559
0.00267491
0.00227323
0.00184716
0.00140346
0.000948683
0.000489196
3.34128e-05
-0.000410875
-0.000869613
-0.00136745
0.00214919
0.0014272
0.000863294
0.000408788
4.82222e-06
-0.000352009
-0.000664414
-0.000938823
-0.0011813
-0.00139709
-0.0015909
-0.00176678
-0.00192819
-0.00207794
-0.00221821
-0.0023506
-0.0024761
-0.00259519
-0.00270782
-0.00281348
-0.00291125
-0.0029998
-0.00307751
-0.00314245
-0.00319251
-0.00322538
-0.00323869
-0.00323005
-0.00319708
-0.00313755
-0.00304943
-0.00293095
-0.00278068
-0.00259766
-0.00238139
-0.00213195
-0.00185006
-0.00153711
-0.00119524
-0.000827299
-0.000436915
-2.84493e-05
0.000393025
0.000821784
0.00125154
0.00167553
0.00208668
0.00247771
0.00284133
0.00317045
0.00345833
0.00369879
0.00388642
0.00401673
0.00408632
0.00409299
0.00403582
0.00391522
0.00373291
0.00349189
0.00319634
0.00285144
0.00246325
0.00203848
0.00158433
0.00110821
0.000617408
0.000119044
-0.000377447
-0.000863301
-0.00136703
-0.0019156
0.00186197
0.00111038
0.000524087
5.21599e-05
-0.000367011
-0.000737263
-0.0010617
-0.00134728
-0.00160054
-0.00182716
-0.00203216
-0.00221992
-0.00239409
-0.00255765
-0.00271291
-0.00286152
-0.00300452
-0.00314234
-0.00327489
-0.00340157
-0.00352131
-0.00363266
-0.00373379
-0.00382257
-0.00389663
-0.00395341
-0.00399024
-0.0040044
-0.00399318
-0.003954
-0.00388445
-0.00378237
-0.00364596
-0.00347387
-0.00326522
-0.00301975
-0.00273785
-0.00242064
-0.00207
-0.00168863
-0.00128006
-0.00084866
-0.000399592
6.1212e-05
0.000527138
0.000990989
0.00144511
0.00188155
0.00229225
0.00266921
0.00300475
0.00329168
0.00352357
0.00369491
0.00380134
0.00383976
0.00380848
0.00370729
0.00353744
0.00330166
0.00300403
0.00264988
0.00224555
0.00179826
0.0013158
0.000806367
0.00027803
-0.000261226
-0.000800834
-0.00133095
-0.00188283
-0.00248595
0.0014972
0.000718331
0.000111358
-0.000376738
-0.000810141
-0.00119312
-0.00152918
-0.00182578
-0.00208993
-0.00232771
-0.00254448
-0.00274487
-0.00293277
-0.0031113
-0.00328288
-0.00344921
-0.00361134
-0.00376968
-0.00392407
-0.00407381
-0.00421772
-0.00435415
-0.00448109
-0.00459619
-0.00469682
-0.00478014
-0.00484316
-0.00488283
-0.00489608
-0.00487994
-0.00483159
-0.00474846
-0.00462833
-0.00446939
-0.00427035
-0.00403055
-0.00374998
-0.00342942
-0.00307045
-0.00267555
-0.0022481
-0.00179239
-0.00131367
-0.000818017
-0.000312361
0.000195664
0.000697825
0.00118545
0.00164964
0.00208142
0.00247206
0.00281324
0.00309735
0.00331771
0.00346883
0.00354656
0.00354827
0.00347295
0.00332129
0.00309562
0.00279988
0.00243946
0.00202101
0.00155225
0.00104167
0.00049826
-6.89911e-05
-0.000651147
-0.00123638
-0.00181365
-0.0024172
-0.00307916
0.00105132
0.000247607
-0.000378246
-0.000881206
-0.00132783
-0.00172282
-0.00207006
-0.00237753
-0.00265268
-0.00290196
-0.00313107
-0.00334488
-0.0035475
-0.00374219
-0.00393146
-0.00411706
-0.00430004
-0.00448078
-0.00465905
-0.00483405
-0.00500444
-0.00516843
-0.00532378
-0.00546793
-0.00559797
-0.00571077
-0.00580301
-0.00587128
-0.00591213
-0.00592217
-0.00589814
-0.00583702
-0.0057361
-0.00559309
-0.00540623
-0.00517437
-0.00489706
-0.00457464
-0.00420835
-0.00380036
-0.00335381
-0.00287288
-0.00236281
-0.0018298
-0.00128105
-0.000724611
-0.000169307
0.000375453
0.000899854
0.0013939
0.00184768
0.00225161
0.00259676
0.00287511
0.00307983
0.00320553
0.00324844
0.00320662
0.00307998
0.00287036
0.00258142
0.00221857
0.00178876
0.00130019
0.000762091
0.000184369
-0.000423007
-0.00105003
-0.00168348
-0.002311
-0.00297004
-0.00369564
0.000521098
-0.000304891
-0.00094775
-0.00146422
-0.00192302
-0.00232927
-0.00268726
-0.00300543
-0.00329167
-0.00355281
-0.00379483
-0.00402288
-0.00424123
-0.0044533
-0.00466167
-0.00486814
-0.00507376
-0.00527887
-0.00548317
-0.00568573
-0.0058851
-0.00607928
-0.00626587
-0.00644203
-0.00660459
-0.00675011
-0.00687494
-0.00697528
-0.00704727
-0.00708708
-0.00709098
-0.00705544
-0.00697723
-0.00685352
-0.00668201
-0.006461
-0.00618951
-0.0058674
-0.00549543
-0.00507539
-0.00461012
-0.00410359
-0.00356095
-0.00298847
-0.00239356
-0.00178466
-0.00117117
-0.000563246
2.8342e-05
0.000592488
0.001118
0.00159391
0.00200978
0.00235606
0.00262438
0.00280789
0.00290148
0.00290201
0.00280847
0.00262199
0.00234587
0.00198543
0.00154784
0.00104181
0.000477369
-0.000134633
-0.00078312
-0.00145691
-0.00214123
-0.00282225
-0.00354094
-0.00433548
-9.63074e-05
-0.0009419
-0.00159982
-0.0021284
-0.0025983
-0.00301505
-0.00338332
-0.00371202
-0.00400946
-0.0042828
-0.00453833
-0.00478143
-0.00501655
-0.00524724
-0.00547616
-0.00570515
-0.00593525
-0.00616676
-0.00639931
-0.00663187
-0.00686282
-0.00709002
-0.00731083
-0.00752218
-0.00772063
-0.00790241
-0.00806352
-0.00819976
-0.00830685
-0.00838047
-0.00841639
-0.00841054
-0.00835911
-0.00825868
-0.00810633
-0.00789975
-0.00763734
-0.00731838
-0.00694309
-0.00651275
-0.00602982
-0.00549795
-0.00492212
-0.00430857
-0.00366485
-0.00299976
-0.00232321
-0.00164613
-0.000980261
-0.000337879
0.000268448
0.000826212
0.00132332
0.00174847
0.00209154
0.00234395
0.002499
0.00255211
0.0025011
0.00234619
0.00209014
0.00173805
0.00129724
0.000776945
0.00018795
-0.000457829
-0.00114813
-0.00187045
-0.00260831
-0.00334626
-0.00412906
-0.0049983
-0.000803352
-0.00166577
-0.00233673
-0.00287597
-0.00335587
-0.00378235
-0.00416044
-0.0044995
-0.00480822
-0.00509412
-0.00536374
-0.0056227
-0.00587563
-0.00612618
-0.00637711
-0.00663028
-0.00688673
-0.00714674
-0.00740983
-0.00767489
-0.00794016
-0.00820331
-0.00846151
-0.00871143
-0.00894935
-0.00917119
-0.00937257
-0.00954889
-0.00969542
-0.00980733
-0.00987985
-0.00990831
-0.00988831
-0.00981575
-0.00968703
-0.00949915
-0.00924982
-0.00893762
-0.00856212
-0.00812403
-0.00762525
-0.00706906
-0.00646011
-0.00580454
-0.00510994
-0.00438537
-0.00364123
-0.00288918
-0.00214192
-0.00141299
-0.000716384
-6.62974e-05
0.000523343
0.00103928
0.00146938
0.00180308
0.00203176
0.00214914
0.00215155
0.0020381
0.00181074
0.00147423
0.00103591
0.000505459
-0.000105521
-0.00078401
-0.00151644
-0.00228888
-0.00308293
-0.00388135
-0.00473303
-0.00568321
-0.00160205
-0.00247841
-0.00316034
-0.00370879
-0.00419756
-0.00463296
-0.00502039
-0.00536962
-0.00568971
-0.00598849
-0.00627278
-0.00654841
-0.00682015
-0.00709181
-0.00736619
-0.00764521
-0.0079299
-0.0082205
-0.00851647
-0.00881658
-0.00911896
-0.0094211
-0.00971996
-0.010012
-0.0102932
-0.0105591
-0.010805
-0.0110259
-0.0112165
-0.0113716
-0.0114857
-0.0115537
-0.0115703
-0.0115308
-0.0114308
-0.0112666
-0.0110351
-0.0107341
-0.0103623
-0.00991986
-0.00940793
-0.00882927
-0.00818812
-0.00749035
-0.00674351
-0.00595679
-0.00514101
-0.00430851
-0.00347295
-0.00264911
-0.00185254
-0.0010992
-0.000405037
0.000214519
0.000745057
0.00117371
0.00148964
0.00168452
0.00175288
0.00169235
0.00150386
0.00119156
0.000762711
0.000227335
-0.000402168
-0.00111162
-0.00188604
-0.00270991
-0.00356273
-0.00442524
-0.00535082
-0.00638867
-0.00249395
-0.00338131
-0.0040721
-0.00462825
-0.00512474
-0.00556825
-0.00596454
-0.00632373
-0.00665525
-0.00696722
-0.00726671
-0.00755976
-0.00785131
-0.00814526
-0.00844451
-0.008751
-0.00906578
-0.00938904
-0.0097202
-0.0100579
-0.0104002
-0.0107445
-0.0110873
-0.0114251
-0.0117534
-0.0120676
-0.0123625
-0.0126327
-0.0128725
-0.013076
-0.0132371
-0.0133501
-0.0134091
-0.0134084
-0.013343
-0.0132082
-0.013
-0.0127153
-0.0123521
-0.0119096
-0.0113881
-0.0107898
-0.0101183
-0.00937906
-0.00857946
-0.00772871
-0.00683792
-0.00592003
-0.00498962
-0.0040627
-0.00315641
-0.00228859
-0.00147736
-0.000740542
-9.51101e-05
0.000443452
0.00086173
0.00114895
0.00129744
0.00130304
0.00116527
0.000887443
0.000476491
-5.73189e-05
-0.000700836
-0.00143868
-0.00225437
-0.00313064
-0.00404465
-0.00497493
-0.00597967
-0.00711234
-0.00348011
-0.00437549
-0.00507299
-0.00563532
-0.00613838
-0.00658917
-0.00699379
-0.00736271
-0.00770567
-0.00803109
-0.00834627
-0.00865743
-0.00896969
-0.00928705
-0.00961249
-0.00994801
-0.0102946
-0.0106526
-0.0110212
-0.0113991
-0.0117841
-0.0121735
-0.0125637
-0.0129509
-0.0133304
-0.0136971
-0.0140457
-0.0143701
-0.0146642
-0.0149216
-0.0151356
-0.0152996
-0.0154071
-0.0154516
-0.0154271
-0.015328
-0.0151493
-0.0148871
-0.0145382
-0.0141007
-0.0135743
-0.0129601
-0.0122612
-0.0114823
-0.0106304
-0.00971472
-0.00874643
-0.00773897
-0.00670773
-0.00566995
-0.00464434
-0.00365071
-0.0027095
-0.00184113
-0.00106541
-0.000400769
0.000136385
0.000532408
0.000777013
0.000863763
0.000790418
0.000559072
0.000176081
-0.000348228
-0.00100003
-0.00176274
-0.00261826
-0.00354744
-0.00452486
-0.00552655
-0.00661594
-0.00785101
-0.00456108
-0.00546145
-0.00616352
-0.00673051
-0.00723897
-0.00769621
-0.00810861
-0.00848698
-0.00884135
-0.0091804
-0.00951166
-0.00984153
-0.0101753
-0.0105171
-0.0108699
-0.0112359
-0.011616
-0.0120105
-0.0124187
-0.0128392
-0.0132696
-0.0137071
-0.0141481
-0.0145883
-0.0150229
-0.0154465
-0.0158534
-0.0162371
-0.0165909
-0.0169079
-0.0171808
-0.0174022
-0.0175647
-0.0176611
-0.0176844
-0.017628
-0.0174859
-0.0172528
-0.0169247
-0.0164985
-0.0159728
-0.0153477
-0.0146252
-0.0138096
-0.0129072
-0.0119267
-0.0108795
-0.00977924
-0.00864205
-0.00748627
-0.00633217
-0.00520158
-0.00411733
-0.00310266
-0.00218046
-0.00137251
-0.000698572
-0.000175651
0.000182841
0.000367703
0.000374438
0.000203511
-0.000139647
-0.000644892
-0.00129786
-0.00208077
-0.00297385
-0.00395588
-0.00499859
-0.00607527
-0.00725494
-0.00860041
-0.00573688
-0.00663925
-0.00734374
-0.00791389
-0.00842658
-0.0088894
-0.009309
-0.00969648
-0.0100622
-0.0104149
-0.0107625
-0.0111116
-0.0114675
-0.0118345
-0.0122157
-0.0126134
-0.0130285
-0.0134613
-0.013911
-0.0143762
-0.0148546
-0.0153431
-0.0158379
-0.0163347
-0.0168283
-0.0173131
-0.0177829
-0.0182309
-0.0186499
-0.0190323
-0.0193703
-0.0196556
-0.0198801
-0.0200355
-0.020114
-0.0201077
-0.0200096
-0.0198133
-0.0195133
-0.0191055
-0.0185871
-0.017957
-0.0172163
-0.0163681
-0.015418
-0.0143743
-0.013248
-0.0120529
-0.0108057
-0.00952567
-0.00823463
-0.00695635
-0.00571617
-0.00454027
-0.0034549
-0.00248547
-0.00165561
-0.000986151
-0.000494198
-0.00019229
-8.77444e-05
-0.000182243
-0.000471709
-0.000946508
-0.00159193
-0.00238907
-0.00331642
-0.00435055
-0.00546004
-0.00661512
-0.00789081
-0.00935506
-0.007007
-0.00790842
-0.00861323
-0.00918506
-0.00970082
-0.0101683
-0.0105945
-0.0109907
-0.0113674
-0.0117339
-0.0120979
-0.0124664
-0.0128449
-0.0132377
-0.0136482
-0.0140785
-0.0145298
-0.0150022
-0.0154952
-0.0160072
-0.0165358
-0.0170778
-0.0176295
-0.0181861
-0.0187425
-0.0192926
-0.0198298
-0.0203471
-0.0208366
-0.0212902
-0.0216994
-0.0220553
-0.0223487
-0.0225706
-0.0227118
-0.0227636
-0.0227176
-0.0225661
-0.0223024
-0.0219209
-0.0214173
-0.0207894
-0.0200368
-0.0191614
-0.018168
-0.0170639
-0.0158598
-0.0145692
-0.0132093
-0.0118001
-0.0103647
-0.00892878
-0.00752025
-0.00616832
-0.00490281
-0.00375312
-0.00274715
-0.0019101
-0.00126338
-0.000823507
-0.000601284
-0.000601147
-0.000820914
-0.00125188
-0.00187926
-0.00268316
-0.00364032
-0.00472492
-0.00590214
-0.0071388
-0.00851631
-0.010108
-0.00837036
-0.00926799
-0.00997112
-0.0105432
-0.0110608
-0.0115321
-0.0119642
-0.0123686
-0.0127561
-0.0131359
-0.0135164
-0.0139043
-0.0143056
-0.0147246
-0.0151647
-0.0156283
-0.0161166
-0.0166299
-0.0171674
-0.0177278
-0.0183085
-0.0189064
-0.0195175
-0.020137
-0.0207595
-0.0213786
-0.0219876
-0.0225788
-0.023144
-0.0236746
-0.0241611
-0.0245941
-0.0249635
-0.0252592
-0.0254711
-0.0255891
-0.0256036
-0.0255056
-0.0252868
-0.0249402
-0.02446
-0.0238423
-0.0230853
-0.0221896
-0.0211585
-0.0199985
-0.0187193
-0.0173343
-0.0158605
-0.0143185
-0.0127327
-0.0111304
-0.00954194
-0.0079997
-0.00653721
-0.00518815
-0.00398511
-0.00295821
-0.00213381
-0.00153315
-0.00117122
-0.00105596
-0.00118772
-0.00155927
-0.00215614
-0.00295762
-0.00393875
-0.00507122
-0.00631645
-0.00763753
-0.00912265
-0.0108509
-0.00982539
-0.0107166
-0.0114161
-0.011987
-0.0125054
-0.0129796
-0.0134168
-0.0138287
-0.0142264
-0.0146193
-0.0150158
-0.0154229
-0.0158467
-0.0162919
-0.0167618
-0.017259
-0.0177847
-0.0183394
-0.0189225
-0.0195324
-0.0201667
-0.0208223
-0.021495
-0.02218
-0.0228715
-0.0235632
-0.0242478
-0.0249173
-0.0255631
-0.0261758
-0.0267456
-0.0272621
-0.0277143
-0.0280912
-0.0283816
-0.0285741
-0.0286578
-0.0286222
-0.0284575
-0.028155
-0.0277073
-0.0271088
-0.026356
-0.0254479
-0.0243863
-0.0231763
-0.0218266
-0.0203499
-0.0187628
-0.0170864
-0.0153456
-0.0135697
-0.011791
-0.0100451
-0.00836932
-0.00680186
-0.00538037
-0.00414046
-0.0031141
-0.00232799
-0.00180221
-0.001549
-0.00157206
-0.00186626
-0.00241796
-0.00320595
-0.00420366
-0.00538018
-0.00669292
-0.0081008
-0.00969922
-0.0115732
-0.01137
-0.0122522
-0.0129463
-0.0135148
-0.0140329
-0.014509
-0.0149505
-0.0153692
-0.0157764
-0.0161816
-0.0165934
-0.0170192
-0.017465
-0.0179358
-0.0184351
-0.0189656
-0.0195288
-0.0201251
-0.020754
-0.0214141
-0.022103
-0.0228175
-0.0235535
-0.024306
-0.0250691
-0.0258362
-0.0265997
-0.0273514
-0.0280822
-0.0287821
-0.0294406
-0.0300465
-0.0305882
-0.0310534
-0.0314298
-0.031705
-0.0318665
-0.0319023
-0.0318011
-0.0315523
-0.031147
-0.0305774
-0.0298384
-0.028927
-0.0278432
-0.0265907
-0.0251767
-0.0236128
-0.0219151
-0.0201044
-0.0182064
-0.0162513
-0.0142737
-0.0123122
-0.0104078
-0.0086034
-0.00694211
-0.00546548
-0.00421177
-0.003214
-0.00249821
-0.00208193
-0.0019731
-0.00216953
-0.00265904
-0.00342035
-0.00442547
-0.00564088
-0.00701963
-0.00851614
-0.0102334
-0.0122625
-0.0130016
-0.0138727
-0.0145598
-0.0151246
-0.0156414
-0.0161184
-0.0165632
-0.0169878
-0.0174035
-0.01782
-0.0182461
-0.0186895
-0.0191563
-0.0196517
-0.0201795
-0.0207426
-0.0213425
-0.0219799
-0.0226545
-0.0233648
-0.0241086
-0.0248827
-0.0256829
-0.0265042
-0.0273407
-0.0281855
-0.0290308
-0.0298679
-0.0306874
-0.0314788
-0.0322309
-0.0329318
-0.0335689
-0.0341291
-0.0345989
-0.0349645
-0.0352122
-0.0353284
-0.0353001
-0.0351149
-0.0347619
-0.0342316
-0.0335166
-0.0326119
-0.0315157
-0.0302295
-0.028759
-0.0271144
-0.0253106
-0.023368
-0.0213124
-0.019175
-0.016992
-0.0148046
-0.0126578
-0.010599
-0.00867703
-0.00693989
-0.00543275
-0.0041958
-0.00326203
-0.00265533
-0.00238893
-0.00246458
-0.00287235
-0.0035915
-0.00459289
-0.00584043
-0.0072826
-0.00886885
-0.0107102
-0.0129041
-0.0147172
-0.0155752
-0.0162541
-0.0168142
-0.0173286
-0.0178055
-0.0182526
-0.0186819
-0.0191048
-0.0195312
-0.0199702
-0.0204296
-0.0209158
-0.0214342
-0.021989
-0.0225831
-0.0232185
-0.0238958
-0.024615
-0.0253749
-0.0261731
-0.0270067
-0.0278715
-0.0287623
-0.0296732
-0.0305972
-0.0315262
-0.0324513
-0.0333625
-0.034249
-0.0350988
-0.0358995
-0.0366375
-0.0372987
-0.0378685
-0.0383319
-0.0386738
-0.0388789
-0.0389326
-0.0388207
-0.0385303
-0.0380498
-0.0373695
-0.0364823
-0.0353842
-0.0340745
-0.0325569
-0.0308397
-0.0289365
-0.0268667
-0.0246556
-0.0223349
-0.0199423
-0.0175212
-0.01512
-0.0127909
-0.0105885
-0.00856749
-0.00678062
-0.00527607
-0.00409483
-0.00326829
-0.00281622
-0.00274543
-0.00304928
-0.00370826
-0.00469261
-0.00596379
-0.00746545
-0.00914171
-0.011112
-0.0134802
-0.0165133
-0.0173569
-0.0180264
-0.0185809
-0.0190921
-0.0195679
-0.0200161
-0.0204486
-0.0208771
-0.0213117
-0.0217615
-0.0222347
-0.0227381
-0.0232773
-0.0238567
-0.0244796
-0.0251483
-0.0258636
-0.0266257
-0.0274335
-0.028285
-0.0291771
-0.0301058
-0.031066
-0.0320516
-0.0330555
-0.0340694
-0.0350841
-0.0360892
-0.0370734
-0.0380244
-0.0389286
-0.039772
-0.0405395
-0.0412152
-0.041783
-0.0422263
-0.0425284
-0.0426728
-0.0426435
-0.0424256
-0.0420053
-0.0413706
-0.0405122
-0.0394235
-0.0381014
-0.0365472
-0.0347673
-0.0327732
-0.0305829
-0.028221
-0.0257189
-0.0231151
-0.0204549
-0.0177899
-0.0151768
-0.0126757
-0.0103484
-0.00825585
-0.00645486
-0.00499551
-0.00391792
-0.00324976
-0.00300426
-0.00317923
-0.00375741
-0.00470902
-0.00599333
-0.00754908
-0.00931461
-0.0114181
-0.0139703
-0.0183863
-0.0192146
-0.019874
-0.0204223
-0.0209293
-0.0214029
-0.0218508
-0.0222849
-0.022717
-0.0231573
-0.0236154
-0.0240997
-0.0246172
-0.0251741
-0.025775
-0.0264237
-0.0271226
-0.027873
-0.0286753
-0.0295287
-0.0304312
-0.0313801
-0.0323712
-0.0333996
-0.0344592
-0.0355427
-0.0366417
-0.0377466
-0.0388469
-0.0399307
-0.040985
-0.0419959
-0.0429483
-0.0438261
-0.0446127
-0.0452905
-0.0458416
-0.0462477
-0.0464907
-0.0465528
-0.0464168
-0.0460668
-0.0454886
-0.0446701
-0.0436024
-0.0422796
-0.0407006
-0.038869
-0.0367943
-0.0344924
-0.0319865
-0.0293074
-0.0264937
-0.0235921
-0.0206567
-0.0177482
-0.0149325
-0.0122783
-0.00985492
-0.00772879
-0.00595999
-0.00459871
-0.00368196
-0.0032309
-0.00324927
-0.00372323
-0.00462382
-0.0059086
-0.00751132
-0.00936424
-0.0116048
-0.0143502
-0.0203322
-0.0211448
-0.0217939
-0.0223355
-0.0228376
-0.0233079
-0.0237539
-0.0241877
-0.0246208
-0.025064
-0.0255271
-0.0260187
-0.0265466
-0.0271172
-0.0277356
-0.028406
-0.0291311
-0.0299128
-0.0307517
-0.0316471
-0.0325976
-0.0336003
-0.0346515
-0.035746
-0.0368779
-0.0380398
-0.039223
-0.040418
-0.0416136
-0.0427976
-0.0439566
-0.0450759
-0.0461396
-0.047131
-0.0480322
-0.0488245
-0.0494886
-0.0500049
-0.0503533
-0.0505144
-0.0504689
-0.0501987
-0.0496871
-0.0489196
-0.0478843
-0.0465729
-0.0449812
-0.0431101
-0.0409663
-0.0385635
-0.0359228
-0.0330736
-0.0300542
-0.0269118
-0.0237025
-0.0204904
-0.0173467
-0.0143471
-0.0115694
-0.00909018
-0.00698048
-0.00530186
-0.00410222
-0.00341239
-0.00324366
-0.00358708
-0.00441565
-0.00568585
-0.00732653
-0.00926359
-0.0116441
-0.014592
-0.0223468
-0.0231443
-0.0237833
-0.024318
-0.0248146
-0.0252804
-0.0257228
-0.0261536
-0.0265848
-0.0270273
-0.0274913
-0.0279859
-0.0285193
-0.0290986
-0.0297294
-0.0304163
-0.0311627
-0.0319708
-0.0328415
-0.0337746
-0.0347688
-0.0358215
-0.0369292
-0.0380868
-0.0392883
-0.0405262
-0.0417919
-0.0430754
-0.0443654
-0.0456493
-0.0469131
-0.0481414
-0.0493179
-0.0504247
-0.051443
-0.052353
-0.0531341
-0.0537652
-0.0542248
-0.0544913
-0.0545437
-0.0543616
-0.053926
-0.0532196
-0.0522279
-0.0509397
-0.0493476
-0.0474495
-0.0452492
-0.0427574
-0.0399928
-0.0369829
-0.0337646
-0.0303851
-0.0269015
-0.023381
-0.0198991
-0.0165383
-0.013385
-0.0105262
-0.00804459
-0.00601449
-0.00449629
-0.00353231
-0.0031433
-0.00332696
-0.00405963
-0.00529761
-0.00696516
-0.00898161
-0.0115042
-0.0146634
-0.0244261
-0.0252098
-0.0258394
-0.0263674
-0.0268581
-0.0273181
-0.0277548
-0.0281799
-0.0286055
-0.0290428
-0.0295026
-0.0299947
-0.0305279
-0.0311097
-0.0317467
-0.032444
-0.0332054
-0.0340338
-0.0349305
-0.0358957
-0.0369284
-0.0380263
-0.039186
-0.0404025
-0.0416698
-0.0429805
-0.0443258
-0.0456954
-0.0470778
-0.04846
-0.0498275
-0.0511644
-0.0524535
-0.0536762
-0.0548128
-0.0558424
-0.0567431
-0.0574924
-0.0580672
-0.0584443
-0.0586006
-0.0585136
-0.0581619
-0.0575257
-0.0565878
-0.0553337
-0.0537531
-0.0518406
-0.0495966
-0.0470287
-0.0441525
-0.0409929
-0.037585
-0.0339749
-0.0302201
-0.0263896
-0.0225628
-0.0188283
-0.0152808
-0.0120177
-0.00913448
-0.00671887
-0.00484552
-0.00357018
-0.0029252
-0.00291694
-0.00352683
-0.0047122
-0.00639322
-0.00848262
-0.0111483
-0.0145271
-0.0265661
-0.0273382
-0.02796
-0.0284819
-0.0289663
-0.0294193
-0.0298477
-0.0302636
-0.0306791
-0.0311061
-0.0315557
-0.0320387
-0.0325645
-0.0331416
-0.0337773
-0.0344774
-0.0352465
-0.036088
-0.0370037
-0.0379944
-0.0390593
-0.0401964
-0.0414025
-0.0426728
-0.0440012
-0.0453804
-0.0468013
-0.0482536
-0.0497253
-0.0512032
-0.0526722
-0.0541159
-0.0555163
-0.0568542
-0.0581089
-0.0592584
-0.0602797
-0.061149
-0.0618416
-0.0623326
-0.0625972
-0.0626106
-0.0623493
-0.0617909
-0.0609153
-0.0597052
-0.058147
-0.056232
-0.053957
-0.051326
-0.0483512
-0.0450544
-0.0414679
-0.0376362
-0.033616
-0.0294774
-0.0253026
-0.0211853
-0.0172282
-0.013539
-0.010226
-0.00739154
-0.00512605
-0.00350071
-0.00256177
-0.00232659
-0.00278376
-0.0038932
-0.00557179
-0.00772579
-0.0105343
-0.0141407
-0.028763
-0.0295271
-0.0301433
-0.0306601
-0.031138
-0.0315825
-0.032
-0.0324025
-0.0328026
-0.0332127
-0.033645
-0.0341109
-0.0346211
-0.0351848
-0.0358104
-0.0365045
-0.0372727
-0.0381188
-0.0390455
-0.0400538
-0.0411435
-0.0423129
-0.0435588
-0.0448767
-0.0462606
-0.047703
-0.0491947
-0.0507252
-0.0522822
-0.053852
-0.0554192
-0.0569668
-0.0584762
-0.0599272
-0.0612984
-0.0625667
-0.0637082
-0.0646975
-0.0655087
-0.0661153
-0.0664906
-0.066608
-0.0664415
-0.0659666
-0.0651602
-0.0640023
-0.0624759
-0.0605689
-0.0582746
-0.055593
-0.0525326
-0.0491115
-0.0453588
-0.0413163
-0.0370392
-0.0325972
-0.0280746
-0.0235692
-0.0191905
-0.0150563
-0.0112876
-0.00800246
-0.00530802
-0.00329305
-0.00202014
-0.00152029
-0.0017917
-0.00279882
-0.00445639
-0.00666458
-0.00961444
-0.0134555
-0.0310136
-0.0317746
-0.0323884
-0.0329017
-0.0333731
-0.0338072
-0.0342105
-0.0345947
-0.0349731
-0.0353588
-0.0357651
-0.0362046
-0.0366892
-0.0372294
-0.0378347
-0.0385127
-0.0392699
-0.040111
-0.0410393
-0.0420564
-0.0431625
-0.0443562
-0.0456346
-0.0469932
-0.0484261
-0.0499255
-0.0514823
-0.0530856
-0.0547229
-0.0563801
-0.0580412
-0.0596887
-0.0613033
-0.0628642
-0.064349
-0.0657337
-0.0669932
-0.0681011
-0.06903
-0.069752
-0.0702385
-0.0704612
-0.0703921
-0.0700041
-0.0692717
-0.0681719
-0.0666848
-0.0647945
-0.0624908
-0.0597699
-0.0566361
-0.0531034
-0.0491971
-0.0449556
-0.0404316
-0.0356937
-0.0308265
-0.0259309
-0.0211222
-0.0165275
-0.0122803
-0.00851418
-0.00535473
-0.00290997
-0.00126141
-0.000456546
-0.00050602
-0.00138123
-0.0029963
-0.005246
-0.00833422
-0.0124164
-0.0333153
-0.0340798
-0.0346955
-0.0352072
-0.0356722
-0.0360942
-0.0364791
-0.0368391
-0.0371881
-0.0375404
-0.0379106
-0.0383128
-0.0387604
-0.0392653
-0.0398385
-0.0404888
-0.0412237
-0.0420489
-0.0429684
-0.0439845
-0.0450977
-0.0463069
-0.0476095
-0.049001
-0.0504755
-0.0520252
-0.0536406
-0.0553107
-0.0570226
-0.0587617
-0.0605116
-0.0622541
-0.0639693
-0.0656357
-0.0672299
-0.0687272
-0.0701012
-0.0713246
-0.0723686
-0.0732038
-0.0738002
-0.0741275
-0.0741558
-0.0738559
-0.0731998
-0.0721616
-0.0707185
-0.0688513
-0.066546
-0.0637949
-0.060598
-0.0569652
-0.0529174
-0.0484889
-0.043729
-0.0387039
-0.0334977
-0.0282129
-0.0229693
-0.0179018
-0.013156
-0.00888118
-0.00522183
-0.0023071
-0.000239868
0.000912775
0.00112451
0.000414138
-0.00113387
-0.00340993
-0.00663187
-0.0109609
-0.0356665
-0.036443
-0.0370662
-0.0375789
-0.0380378
-0.0384452
-0.038807
-0.0391356
-0.0394461
-0.0397543
-0.0400764
-0.0404285
-0.0408257
-0.041282
-0.0418097
-0.0424192
-0.0431192
-0.0439164
-0.0448156
-0.0458198
-0.0469299
-0.0481452
-0.049463
-0.0508792
-0.0523874
-0.05398
-0.0556471
-0.0573774
-0.0591575
-0.0609725
-0.0628052
-0.0646371
-0.0664474
-0.0682138
-0.0699123
-0.0715171
-0.0730009
-0.0743352
-0.07549
-0.0764345
-0.0771373
-0.0775664
-0.0776899
-0.0774767
-0.0768964
-0.0759206
-0.0745235
-0.0726827
-0.0703807
-0.0676058
-0.0643539
-0.0606302
-0.0564512
-0.0518465
-0.0468614
-0.0415587
-0.0360206
-0.0303497
-0.0246688
-0.0191195
-0.0138581
-0.00904922
-0.00485667
-0.00143208
0.00109785
0.00264326
0.00315858
0.00264944
0.00119635
-0.00108826
-0.00443755
-0.00901827
-0.038067
-0.0388664
-0.039504
-0.040021
-0.0404739
-0.0408639
-0.0411965
-0.0414852
-0.0417463
-0.0419976
-0.0422576
-0.0425447
-0.0428764
-0.0432686
-0.0437357
-0.0442898
-0.044941
-0.045697
-0.0465635
-0.0475441
-0.0486403
-0.0498515
-0.0511753
-0.0526072
-0.0541411
-0.0557688
-0.0574803
-0.0592637
-0.0611054
-0.0629896
-0.0648989
-0.0668138
-0.068713
-0.0705734
-0.07237
-0.0740763
-0.0756638
-0.0771031
-0.0783629
-0.0794111
-0.0802149
-0.0807408
-0.0809551
-0.0808247
-0.080317
-0.0794013
-0.078049
-0.0762347
-0.0739375
-0.0711418
-0.0678395
-0.0640312
-0.0597286
-0.0549565
-0.0497554
-0.0441839
-0.0383211
-0.0322683
-0.0261498
-0.0201121
-0.0143208
-0.00895501
-0.00419765
-0.000223906
0.00281353
0.00479878
0.00566318
0.0053953
0.00406852
0.00179608
-0.00167234
-0.00650896
-0.0405181
-0.0413541
-0.0420147
-0.0425401
-0.0429871
-0.043356
-0.043652
-0.0438901
-0.0440887
-0.044268
-0.0444495
-0.0446544
-0.0449031
-0.0452141
-0.0456038
-0.0460864
-0.0466735
-0.047374
-0.0481946
-0.0491394
-0.0502103
-0.0514069
-0.0527269
-0.0541657
-0.0557168
-0.0573718
-0.0591201
-0.0609496
-0.0628458
-0.0647926
-0.0667717
-0.068763
-0.0707444
-0.072692
-0.07458
-0.0763808
-0.0780651
-0.0796022
-0.0809599
-0.0821048
-0.0830025
-0.0836182
-0.0839165
-0.0838624
-0.0834215
-0.0825606
-0.0812486
-0.0794574
-0.0771626
-0.0743453
-0.0709933
-0.0671027
-0.0626804
-0.0577462
-0.0523355
-0.046502
-0.0403206
-0.03389
-0.0273343
-0.0208031
-0.0144697
-0.00852607
-0.00317388
0.0013877
0.00497813
0.00745238
0.00871457
0.00873181
0.00756656
0.00533016
0.00175283
-0.00334323
-0.0430237
-0.0439133
-0.0446076
-0.0451459
-0.0455868
-0.0459295
-0.0461798
-0.0463543
-0.0464744
-0.0465639
-0.0466476
-0.0467506
-0.0468965
-0.0471068
-0.0474006
-0.0477941
-0.0483007
-0.0489306
-0.0496913
-0.0505875
-0.0516215
-0.0527931
-0.0540995
-0.0555362
-0.0570963
-0.0587707
-0.0605486
-0.062417
-0.0643609
-0.0663633
-0.0684055
-0.0704663
-0.072523
-0.0745506
-0.0765227
-0.0784104
-0.0801837
-0.0818107
-0.083258
-0.0844909
-0.085474
-0.0861706
-0.0865442
-0.0865577
-0.0861749
-0.0853605
-0.0840811
-0.0823057
-0.0800072
-0.0771632
-0.0737577
-0.0697826
-0.06524
-0.0601448
-0.0545268
-0.0484345
-0.0419379
-0.0351318
-0.0281386
-0.021109
-0.0142221
-0.007681
-0.00170501
0.00348276
0.00767251
0.0106871
0.0123992
0.0127497
0.0117854
0.0096124
0.00593847
0.000579891
-0.0455907
-0.046555
-0.0472958
-0.0478521
-0.048286
-0.0485959
-0.0487886
-0.0488835
-0.048906
-0.0488843
-0.0488479
-0.0488261
-0.0488468
-0.0489348
-0.0491124
-0.0493979
-0.0498066
-0.0503499
-0.0510364
-0.0518712
-0.0528566
-0.0539925
-0.055276
-0.0567019
-0.0582629
-0.0599494
-0.0617497
-0.0636502
-0.0656351
-0.0676867
-0.0697851
-0.0719087
-0.0740335
-0.076134
-0.0781824
-0.0801492
-0.082003
-0.083711
-0.0852387
-0.0865501
-0.0876084
-0.0883757
-0.0888137
-0.0888839
-0.0885482
-0.0877692
-0.0865113
-0.0847411
-0.0824287
-0.0795485
-0.0760809
-0.072014
-0.0673454
-0.0620848
-0.0562568
-0.0499042
-0.0430915
-0.0359089
-0.0284751
-0.0209408
-0.0134884
-0.00633015
0.000298543
0.00615122
0.010988
0.0145969
0.0168151
0.0175515
0.0168324
0.0147541
0.0109981
0.00537404
-0.04823
-0.0492951
-0.0500978
-0.0506776
-0.0511024
-0.0513705
-0.0514903
-0.0514857
-0.0513872
-0.0512289
-0.0510462
-0.0508736
-0.0507438
-0.0506858
-0.0507249
-0.0508823
-0.0511748
-0.0516153
-0.052213
-0.0529734
-0.053899
-0.0549891
-0.0562406
-0.0576476
-0.0592021
-0.0608938
-0.06271
-0.0646363
-0.066656
-0.0687504
-0.0708988
-0.0730785
-0.0752646
-0.0774305
-0.0795475
-0.081585
-0.0835107
-0.0852903
-0.0868884
-0.0882678
-0.0893902
-0.0902164
-0.0907066
-0.0908206
-0.0905186
-0.0897614
-0.088511
-0.086732
-0.0843915
-0.0814613
-0.0779185
-0.0737472
-0.068941
-0.0635048
-0.0574579
-0.0508375
-0.0437022
-0.0361365
-0.0282551
-0.0202061
-0.0121736
-0.00437677
0.00293494
0.00949284
0.0150266
0.0192874
0.0220724
0.0232531
0.022829
0.0208813
0.0170601
0.0111674
-0.0509579
-0.0521561
-0.0530389
-0.0536478
-0.0540596
-0.0542731
-0.0543003
-0.0541712
-0.0539233
-0.0535983
-0.0532386
-0.0528855
-0.0525769
-0.0523467
-0.0522236
-0.0522314
-0.0523889
-0.0527101
-0.0532047
-0.0538783
-0.0547332
-0.0557682
-0.0569794
-0.0583603
-0.0599017
-0.0615924
-0.0634188
-0.0653653
-0.0674142
-0.0695457
-0.0717381
-0.0739676
-0.0762083
-0.0784325
-0.0806103
-0.0827102
-0.0846986
-0.0865403
-0.0881984
-0.0896344
-0.090809
-0.0916813
-0.09221
-0.0923535
-0.09207
-0.0913185
-0.0900592
-0.088254
-0.085868
-0.08287
-0.0792339
-0.0749407
-0.0699796
-0.0643513
-0.05807
-0.0511672
-0.0436956
-0.0357338
-0.027391
-0.0188118
-0.0101798
-0.00171887
0.00630973
0.0136167
0.0199015
0.0248767
0.0282953
0.0299856
0.029913
0.0281373
0.0242706
0.0181049
-0.053798
-0.055169
-0.0561534
-0.0567966
-0.0571882
-0.0573297
-0.0572386
-0.0569533
-0.0565212
-0.0559934
-0.0554212
-0.0548534
-0.0543347
-0.0539037
-0.0535931
-0.0534292
-0.0534326
-0.0536181
-0.0539957
-0.0545709
-0.0553452
-0.0563167
-0.0574806
-0.058829
-0.0603519
-0.0620365
-0.0638683
-0.0658302
-0.0679035
-0.0700671
-0.0722981
-0.0745716
-0.0768606
-0.0791361
-0.0813673
-0.0835213
-0.0855634
-0.0874571
-0.0891644
-0.0906455
-0.0918595
-0.0927643
-0.093317
-0.0934742
-0.0931926
-0.0924292
-0.091142
-0.0892911
-0.0868389
-0.0837515
-0.0800002
-0.0755623
-0.0704237
-0.0645805
-0.0580423
-0.0508351
-0.0430056
-0.0346263
-0.0258003
-0.0166674
-0.00740911
0.00174821
0.0105339
0.0186398
0.0257362
0.0314955
0.035623
0.037897
0.0382412
0.0366857
0.0327959
0.0263513
-0.056784
-0.0583769
-0.0594879
-0.0601686
-0.0605281
-0.0605732
-0.0603297
-0.0598484
-0.0591893
-0.0584156
-0.0575894
-0.0567685
-0.0560047
-0.0553422
-0.0548174
-0.0544593
-0.0542895
-0.0543236
-0.0545713
-0.0550374
-0.0557226
-0.0566237
-0.0577344
-0.0590456
-0.0605455
-0.0622203
-0.0640536
-0.0660273
-0.0681209
-0.0703124
-0.0725774
-0.0748897
-0.0772211
-0.0795414
-0.0818186
-0.0840185
-0.0861053
-0.0880411
-0.0897867
-0.0913009
-0.0925413
-0.0934645
-0.0940258
-0.0941803
-0.0938828
-0.0930884
-0.0917532
-0.0898348
-0.0872933
-0.0840924
-0.0802001
-0.075591
-0.070247
-0.0641604
-0.057336
-0.0497947
-0.0415774
-0.03275
-0.0234092
-0.0136892
-0.00376773
0.00612822
0.0157209
0.0246856
0.032664
0.039288
0.0442111
0.0471549
0.0479925
0.0467142
0.042828
0.0360954
-0.059963
-0.0618386
-0.0631045
-0.063823
-0.0641313
-0.0640454
-0.0636046
-0.0628764
-0.0619377
-0.0608666
-0.0597381
-0.0586206
-0.0575735
-0.0566466
-0.05588
-0.0553047
-0.0549434
-0.0548113
-0.0549175
-0.0552657
-0.0558548
-0.0566801
-0.0577335
-0.0590041
-0.0604784
-0.0621407
-0.0639732
-0.0659558
-0.068067
-0.0702829
-0.0725778
-0.0749243
-0.0772928
-0.0796518
-0.081968
-0.0842059
-0.0863285
-0.0882967
-0.0900696
-0.0916049
-0.0928586
-0.0937858
-0.0943401
-0.094475
-0.0941433
-0.0932982
-0.0918935
-0.0898847
-0.0872294
-0.0838885
-0.0798273
-0.0750169
-0.0694359
-0.0630724
-0.0559267
-0.0480145
-0.0393708
-0.0300551
-0.0201572
-0.00980471
0.000829309
0.0115194
0.0219827
0.0318801
0.0408261
0.0484109
0.0542327
0.0579491
0.0593722
0.0584407
0.0545894
0.0475553
-0.0634011
-0.0656345
-0.0670871
-0.0678376
-0.068064
-0.0677988
-0.0671009
-0.0660609
-0.0647774
-0.0633474
-0.0618608
-0.0603976
-0.0590254
-0.0577995
-0.056763
-0.0559484
-0.0553782
-0.0550668
-0.0550219
-0.055245
-0.0557332
-0.0564794
-0.0574733
-0.0587018
-0.0601492
-0.061798
-0.0636283
-0.0656185
-0.0677451
-0.0699829
-0.0723046
-0.0746813
-0.077082
-0.079474
-0.0818225
-0.084091
-0.0862408
-0.0882316
-0.0900211
-0.0915656
-0.0928196
-0.0937365
-0.0942683
-0.0943666
-0.0939824
-0.0930666
-0.091571
-0.0894486
-0.0866543
-0.0831463
-0.0788867
-0.0738433
-0.0679908
-0.0613134
-0.0538065
-0.0454805
-0.0363644
-0.0265107
-0.0160021
-0.00495898
0.00645191
0.0180081
0.0294239
0.0403476
0.0503678
0.0590321
0.0658794
0.0704949
0.0726179
0.0721199
0.0683423
0.0609865
-0.0671906
-0.0698756
-0.0715486
-0.0723148
-0.0724118
-0.0718987
-0.0708637
-0.0694287
-0.0677203
-0.0658578
-0.0639487
-0.062085
-0.0603427
-0.0587817
-0.0574473
-0.0563721
-0.0555775
-0.0550761
-0.0548727
-0.0549664
-0.0553512
-0.0560173
-0.0569515
-0.0581382
-0.0595593
-0.0611949
-0.0630232
-0.0650206
-0.0671617
-0.0694196
-0.0717656
-0.0741691
-0.0765978
-0.0790176
-0.0813923
-0.083684
-0.0858527
-0.0878568
-0.0896526
-0.0911947
-0.0924364
-0.0933291
-0.0938233
-0.0938687
-0.0934141
-0.0924084
-0.090801
-0.0885422
-0.0855844
-0.0818823
-0.0773951
-0.0720865
-0.0659275
-0.0588974
-0.0509866
-0.0421997
-0.032559
-0.0221098
-0.0109265
0.000878992
0.0131474
0.0256612
0.0381341
0.0502038
0.061434
0.0713285
0.0793617
0.0850369
0.088006
0.0880541
0.0844
0.0766931
-0.071462
-0.0747152
-0.0766417
-0.0773894
-0.0772834
-0.0764254
-0.0749461
-0.0730094
-0.0707768
-0.0683944
-0.0659886
-0.063664
-0.0615037
-0.059571
-0.0579116
-0.0565566
-0.0555248
-0.0548253
-0.0544594
-0.0544221
-0.0547039
-0.0552913
-0.0561681
-0.0573154
-0.0587126
-0.0603371
-0.0621649
-0.0641702
-0.0663258
-0.068603
-0.0709714
-0.073399
-0.075852
-0.0782948
-0.0806899
-0.082998
-0.0851779
-0.0871863
-0.0889784
-0.0905074
-0.0917246
-0.0925801
-0.0930226
-0.0929996
-0.0924581
-0.0913447
-0.0896061
-0.0871901
-0.0840458
-0.0801248
-0.0753823
-0.0697782
-0.0632787
-0.0558578
-0.0475002
-0.0382036
-0.0279829
-0.0168745
-0.00494359
0.00770816
0.0209313
0.0345157
0.0481772
0.0615454
0.0741601
0.0854797
0.0949076
0.101853
0.105861
0.106607
0.103145
0.0950449
-0.0764004
-0.0803672
-0.0825745
-0.0832389
-0.0828165
-0.0814759
-0.079408
-0.0768325
-0.0739536
-0.0709477
-0.0679609
-0.0651093
-0.0624811
-0.0601405
-0.0581312
-0.0564804
-0.0552022
-0.0543005
-0.0537715
-0.0536053
-0.0537876
-0.0543009
-0.055125
-0.0562377
-0.0576152
-0.0592323
-0.0610623
-0.0630775
-0.0652486
-0.067545
-0.0699348
-0.0723843
-0.0748583
-0.0773199
-0.0797301
-0.0820484
-0.0842321
-0.0862369
-0.0880162
-0.0895218
-0.0907037
-0.0915102
-0.0918881
-0.0917833
-0.0911403
-0.0899035
-0.0880171
-0.0854257
-0.0820754
-0.077914
-0.0728925
-0.0669663
-0.0600959
-0.0522496
-0.043405
-0.0335518
-0.0226955
-0.0108624
0.00189455
0.0154863
0.0297765
0.0445664
0.0595779
0.0744364
0.0886597
0.101659
0.112758
0.121256
0.126568
0.128223
0.125052
0.116503
-0.0822724
-0.0871338
-0.0896311
-0.0900964
-0.0891834
-0.0871636
-0.0843132
-0.0809229
-0.0772478
-0.0734967
-0.0698343
-0.066385
-0.0632386
-0.0604562
-0.0580758
-0.0561178
-0.054589
-0.053486
-0.0527981
-0.0525092
-0.0525995
-0.0530465
-0.0538255
-0.0549106
-0.0562747
-0.0578897
-0.0597263
-0.0617544
-0.0639429
-0.0662594
-0.0686702
-0.0711401
-0.0736326
-0.0761092
-0.07853
-0.0808529
-0.0830341
-0.0850278
-0.0867863
-0.0882598
-0.089397
-0.0901444
-0.0904473
-0.0902494
-0.0894933
-0.0881208
-0.0860735
-0.0832929
-0.0797217
-0.0753037
-0.0699853
-0.0637164
-0.0564517
-0.048152
-0.0387867
-0.0283357
-0.0167933
-0.00417223
0.0094895
0.02412
0.0396008
0.0557505
0.0723041
0.088889
0.105006
0.120017
0.133159
0.143596
0.150585
0.153458
0.150733
0.141661
-0.0894696
-0.0954471
-0.0982025
-0.0982658
-0.0965941
-0.0936152
-0.0897212
-0.0852914
-0.0806379
-0.0760009
-0.071559
-0.0674392
-0.0637264
-0.0604731
-0.0577069
-0.0554373
-0.0536604
-0.0523633
-0.0515264
-0.0511263
-0.0511363
-0.0515284
-0.0522731
-0.0533404
-0.0546996
-0.0563195
-0.0581684
-0.0602139
-0.0624228
-0.064761
-0.0671932
-0.0696829
-0.072192
-0.0746809
-0.0771085
-0.0794314
-0.0816048
-0.0835816
-0.0853128
-0.0867474
-0.0878325
-0.0885134
-0.0887335
-0.0884346
-0.0875573
-0.0860412
-0.083825
-0.0808471
-0.0770465
-0.0723629
-0.0667375
-0.0601145
-0.0524413
-0.0436706
-0.0337616
-0.0226826
-0.0104136
0.00304945
0.0176882
0.0334536
0.0502526
0.0679302
0.0862448
0.104838
0.123202
0.140656
0.156338
0.169256
0.178457
0.183012
0.180989
0.171311
-0.0985821
-0.105936
-0.108828
-0.108138
-0.105295
-0.100958
-0.0956708
-0.0899177
-0.0840678
-0.0783861
-0.0730552
-0.0681941
-0.0638737
-0.0601298
-0.0569731
-0.0543973
-0.0523842
-0.0509084
-0.0499399
-0.049446
-0.0493928
-0.0497459
-0.0504707
-0.0515329
-0.0528981
-0.0545321
-0.0564007
-0.0584693
-0.0607029
-0.0630655
-0.0655207
-0.0680303
-0.0705553
-0.0730549
-0.0754868
-0.0778067
-0.0799686
-0.0819243
-0.0836239
-0.0850151
-0.0860438
-0.0866538
-0.0867871
-0.0863837
-0.0853823
-0.0837201
-0.0813332
-0.0781571
-0.0741267
-0.0691775
-0.0632454
-0.056268
-0.048185
-0.0389394
-0.0284791
-0.0167579
-0.00373874
0.0106034
0.0262757
0.0432594
0.0614968
0.0808723
0.101184
0.122106
0.143145
0.163588
0.182477
0.198631
0.21083
0.217786
0.216911
0.206565
-0.110531
-0.119532
-0.12225
-0.120203
-0.115554
-0.109292
-0.102149
-0.0947204
-0.0874214
-0.0805242
-0.074197
-0.0685344
-0.0635797
-0.0593413
-0.0558051
-0.0529429
-0.0507181
-0.0490902
-0.0480164
-0.0474541
-0.047361
-0.0476961
-0.0484196
-0.0494926
-0.0508775
-0.0525371
-0.0544347
-0.0565338
-0.0587977
-0.061189
-0.0636699
-0.0662012
-0.0687429
-0.0712531
-0.0736885
-0.0760043
-0.0781532
-0.0800865
-0.081753
-0.0830997
-0.0840712
-0.0846103
-0.0846575
-0.0841515
-0.0830289
-0.0812251
-0.0786735
-0.0753066
-0.0710559
-0.0658521
-0.0596258
-0.0523076
-0.043829
-0.0341225
-0.0231227
-0.0107672
0.00300168
0.0182344
0.0349699
0.0532289
0.0730016
0.094229
0.116772
0.140369
0.164572
0.188676
0.211643
0.232086
0.24845
0.258945
0.260017
0.249055
-0.126816
-0.13764
-0.13948
-0.135041
-0.127615
-0.118633
-0.109036
-0.0995095
-0.090484
-0.0822032
-0.0747905
-0.0682915
-0.0627029
-0.0579923
-0.054111
-0.0510025
-0.0486078
-0.0468683
-0.0457272
-0.045131
-0.0450288
-0.0453729
-0.0461184
-0.0472222
-0.0486436
-0.0503427
-0.0522809
-0.05442
-0.0567217
-0.0591477
-0.061659
-0.0642156
-0.0667766
-0.0692996
-0.0717405
-0.0740536
-0.0761913
-0.078104
-0.0797399
-0.0810451
-0.0819636
-0.082437
-0.0824047
-0.0818043
-0.0805708
-0.0786377
-0.0759364
-0.0723963
-0.0679456
-0.0625108
-0.0560169
-0.0483877
-0.0395459
-0.029413
-0.0179094
-0.00495451
0.00953249
0.0256319
0.043421
0.0629694
0.0843297
0.107521
0.132497
0.159103
0.186996
0.215544
0.24369
0.269871
0.292126
0.307984
0.31248
0.301332
-0.150026
-0.16241
-0.161855
-0.153261
-0.141594
-0.128808
-0.11601
-0.103912
-0.0928874
-0.0830896
-0.0745493
-0.0672281
-0.0610521
-0.0559318
-0.0517737
-0.048487
-0.0459864
-0.0441936
-0.0430371
-0.0424524
-0.0423803
-0.0427671
-0.0435631
-0.044722
-0.0462001
-0.0479558
-0.0499488
-0.0521396
-0.0544891
-0.0569581
-0.0595068
-0.0620949
-0.0646808
-0.0672217
-0.0696731
-0.0719889
-0.074121
-0.0760195
-0.077632
-0.0789042
-0.0797794
-0.0801987
-0.0801006
-0.0794217
-0.0780959
-0.0760551
-0.0732288
-0.0695442
-0.0649263
-0.0592975
-0.052578
-0.0446849
-0.0355323
-0.0250307
-0.0130857
0.000401889
0.0155381
0.0324361
0.0512167
0.0720074
0.0949373
0.120126
0.147659
0.177542
0.20962
0.243448
0.278086
0.311929
0.342597
0.366765
0.377475
0.367632
-0.184889
-0.19716
-0.190979
-0.175272
-0.157233
-0.139235
-0.122383
-0.107255
-0.0940331
-0.0826808
-0.0730669
-0.0650242
-0.0583801
-0.0529715
-0.0486515
-0.0452904
-0.0427754
-0.0410084
-0.0399043
-0.0393883
-0.0393948
-0.039865
-0.0407456
-0.0419881
-0.0435471
-0.0453797
-0.0474447
-0.0497021
-0.0521121
-0.0546354
-0.0572319
-0.0598611
-0.0624811
-0.0650491
-0.0675205
-0.0698489
-0.0719863
-0.0738824
-0.0754848
-0.076739
-0.0775878
-0.077972
-0.0778298
-0.077097
-0.0757069
-0.07359
-0.0706745
-0.0668858
-0.0621462
-0.0563749
-0.0494876
-0.0413956
-0.0320052
-0.0212164
-0.00892134
0.00499806
0.0206726
0.0382491
0.0578949
0.0798006
0.104183
0.131284
0.161356
0.194631
0.231249
0.271118
0.313665
0.357502
0.400146
0.437341
0.459597
0.45529
-0.240273
-0.246858
-0.228428
-0.200837
-0.173487
-0.148614
-0.126892
-0.108445
-0.0930347
-0.0802875
-0.0698222
-0.0612932
-0.0544036
-0.0489057
-0.0445954
-0.0413051
-0.038897
-0.0372566
-0.0362879
-0.0359096
-0.0360514
-0.0366519
-0.0376565
-0.0390155
-0.0406831
-0.0426162
-0.0447738
-0.0471157
-0.0496027
-0.0521953
-0.0548538
-0.0575378
-0.0602059
-0.0628151
-0.0653212
-0.0676781
-0.0698376
-0.0717499
-0.0733624
-0.0746208
-0.075468
-0.0758446
-0.0756888
-0.074936
-0.073519
-0.071368
-0.06841
-0.0645692
-0.059766
-0.0539173
-0.0469351
-0.0387261
-0.0291903
-0.0182188
-0.0056919
0.00852461
0.024584
0.0426647
0.0629779
0.0857777
0.111373
0.140138
0.172522
0.209044
0.250256
0.296632
0.348328
0.404764
0.464023
0.521408
0.564964
0.576608
-0.333014
-0.318363
-0.275146
-0.228625
-0.188247
-0.154799
-0.127715
-0.106078
-0.0888723
-0.0751992
-0.0643364
-0.0557216
-0.0489235
-0.0436122
-0.0395343
-0.0364935
-0.034335
-0.0329353
-0.0321938
-0.0320271
-0.0323644
-0.0331446
-0.034314
-0.0358238
-0.0376292
-0.0396883
-0.0419608
-0.0444078
-0.0469905
-0.0496705
-0.0524087
-0.0551653
-0.0578994
-0.0605687
-0.0631293
-0.0655357
-0.0677402
-0.0696932
-0.0713426
-0.0726343
-0.0735116
-0.0739154
-0.0737839
-0.0730527
-0.0716546
-0.0695196
-0.0665744
-0.0627424
-0.0579431
-0.0520918
-0.0450982
-0.036866
-0.0272906
-0.016257
-0.00363692
0.0107162
0.0269728
0.0453362
0.066054
0.0894347
0.11587
0.145862
0.180066
0.219325
0.264706
0.317489
0.379047
0.450527
0.531884
0.61939
0.700962
0.75188
-0.501617
-0.419633
-0.327907
-0.253697
-0.19685
-0.154035
-0.122171
-0.0983885
-0.0804448
-0.0667592
-0.0562364
-0.0481113
-0.0418456
-0.0370567
-0.0334669
-0.0308707
-0.0291122
-0.0280699
-0.0276473
-0.027765
-0.0283566
-0.0293648
-0.0307391
-0.0324339
-0.034407
-0.0366187
-0.0390306
-0.0416054
-0.044306
-0.047095
-0.0499346
-0.0527861
-0.0556093
-0.058363
-0.0610039
-0.0634872
-0.0657659
-0.0677909
-0.069511
-0.0708724
-0.0718191
-0.0722923
-0.0722308
-0.0715706
-0.0702449
-0.0681838
-0.0653143
-0.0615596
-0.0568393
-0.051068
-0.0441547
-0.0360018
-0.0265026
-0.0155394
-0.00297936
0.0113302
0.0275689
0.0459541
0.0667546
0.0903127
0.117075
0.14764
0.182826
0.223771
0.272082
0.330009
0.400675
0.488184
0.596491
0.726646
0.877356
1.02573
-0.850632
-0.553
-0.36129
-0.2534
-0.183278
-0.135609
-0.103273
-0.0808403
-0.0647452
-0.0528916
-0.0440131
-0.037303
-0.0322331
-0.0284487
-0.0257036
-0.023821
-0.0226691
-0.0221466
-0.0221727
-0.0226811
-0.0236156
-0.0249273
-0.0265723
-0.0285104
-0.030704
-0.0331171
-0.0357145
-0.0384614
-0.041323
-0.044264
-0.0472481
-0.050238
-0.0531952
-0.0560794
-0.0588486
-0.0614589
-0.0638644
-0.0660169
-0.0678659
-0.0693585
-0.0704395
-0.0710509
-0.0711322
-0.07062
-0.0694485
-0.0675483
-0.0648473
-0.0612695
-0.056735
-0.0511594
-0.0444528
-0.0365181
-0.0272502
-0.0165325
-0.00423381
0.00979643
0.0257356
0.0437979
0.0642491
0.0874291
0.113785
0.143927
0.178709
0.219379
0.267821
0.326981
0.401667
0.499732
0.63238
0.816575
1.09968
1.50767
-1.48534
-0.683429
-0.324174
-0.193719
-0.128192
-0.0889126
-0.0651229
-0.050006
-0.0396492
-0.0321662
-0.0266115
-0.0224525
-0.0193673
-0.0171513
-0.0156659
-0.014811
-0.0145103
-0.0147025
-0.0153368
-0.0163691
-0.0177602
-0.0194743
-0.0214778
-0.0237387
-0.0262258
-0.0289086
-0.0317562
-0.0347376
-0.0378212
-0.0409742
-0.0441629
-0.047352
-0.0505047
-0.0535826
-0.056545
-0.0593496
-0.0619516
-0.064304
-0.0663576
-0.0680605
-0.0693584
-0.0701946
-0.0705093
-0.0702408
-0.0693236
-0.0676899
-0.0652686
-0.0619854
-0.0577621
-0.0525163
-0.0461605
-0.0386012
-0.0297373
-0.019458
-0.00763974
0.00585759
0.0211968
0.0385713
0.0582177
0.0804327
0.105601
0.134238
0.167062
0.205117
0.250021
0.304453
0.373322
0.466397
0.603469
0.832748
1.31078
2.23471
)
;

boundaryField
{
    movingWall
    {
        type            zeroGradient;
    }
    fixedWalls
    {
        type            zeroGradient;
    }
    frontAndBack
    {
        type            empty;
    }
}


// ************************************************************************* //
