/*--------------------------------*- C++ -*----------------------------------*\
  =========                 |
  \\      /  F ield         | OpenFOAM: The Open Source CFD Toolbox
   \\    /   O peration     | Website:  https://openfoam.org
    \\  /    A nd           | Version:  dev
     \\/     M anipulation  |
\*---------------------------------------------------------------------------*/
FoamFile
{
    format      ascii;
    class       volScalarField;
    location    "25.65";
    object      Uy;
}
// * * * * * * * * * * * * * * * * * * * * * * * * * * * * * * * * * * * * * //

dimensions      [0 1 -1 0 0 0 0];

internalField   nonuniform List<scalar> 
5184
(
-1.27269e-05
-2.08909e-05
-1.72405e-05
-8.18796e-06
2.67415e-06
1.36182e-05
2.38426e-05
3.30408e-05
4.10947e-05
4.80099e-05
5.38479e-05
5.86934e-05
6.26389e-05
6.57756e-05
6.81886e-05
6.99532e-05
7.11335e-05
7.17819e-05
7.19391e-05
7.16348e-05
7.08882e-05
6.971e-05
6.81031e-05
6.60646e-05
6.35871e-05
6.06607e-05
5.72753e-05
5.34212e-05
4.90915e-05
4.42828e-05
3.89977e-05
3.32454e-05
2.70433e-05
2.04173e-05
1.34031e-05
6.04624e-06
-1.59725e-06
-9.46084e-06
-1.7468e-05
-2.5533e-05
-3.35616e-05
-4.14521e-05
-4.90975e-05
-5.63867e-05
-6.32072e-05
-6.94473e-05
-7.49982e-05
-7.97571e-05
-8.36292e-05
-8.65309e-05
-8.83916e-05
-8.91561e-05
-8.87862e-05
-8.72621e-05
-8.45834e-05
-8.07695e-05
-7.58596e-05
-6.99125e-05
-6.30057e-05
-5.52351e-05
-4.67147e-05
-3.75774e-05
-2.79782e-05
-1.80994e-05
-8.16608e-06
1.52703e-06
1.05568e-05
1.82857e-05
2.37016e-05
2.51135e-05
1.98383e-05
6.2424e-06
-4.58993e-05
-6.56926e-05
-4.05275e-05
7.65741e-06
6.56836e-05
0.000125973
0.000184253
0.000238275
0.000286902
0.000329691
0.000366603
0.000397828
0.000423677
0.000444517
0.000460725
0.000472661
0.000480645
0.000484953
0.000485809
0.000483385
0.0004778
0.000469132
0.000457421
0.000442674
0.00042488
0.000404015
0.000380056
0.000352986
0.000322804
0.000289538
0.000253248
0.000214036
0.000172054
0.000127503
8.06422e-05
3.17912e-05
-1.86717e-05
-7.03084e-05
-0.000122624
-0.000175072
-0.000227059
-0.000277952
-0.00032709
-0.000373796
-0.000417385
-0.000457182
-0.000492535
-0.000522829
-0.000547504
-0.000566065
-0.0005781
-0.000583289
-0.000581416
-0.000572378
-0.00055619
-0.000532992
-0.000503047
-0.000466744
-0.000424597
-0.000377245
-0.000325458
-0.000270138
-0.000212348
-0.000153337
-9.4617e-05
-3.80642e-05
1.38642e-05
5.7863e-05
8.93405e-05
0.000101801
8.64787e-05
3.64762e-05
-8.12817e-05
-9.49718e-05
-1.90754e-05
0.000105956
0.000254625
0.0004105
0.000563271
0.000706806
0.000837659
0.000954125
0.00105561
0.0011422
0.00121442
0.001273
0.00131874
0.00135249
0.001375
0.00138694
0.00138889
0.00138128
0.00136445
0.00133861
0.0013039
0.00126038
0.00120806
0.00114692
0.00107697
0.000998204
0.000910699
0.000814589
0.000710107
0.000597598
0.000477535
0.000350532
0.000217354
7.89244e-05
-6.36777e-05
-0.000209217
-0.000356313
-0.000503447
-0.000648985
-0.000791196
-0.000928277
-0.00105839
-0.00117968
-0.00129033
-0.00138859
-0.00147281
-0.00154149
-0.00159332
-0.0016272
-0.00164228
-0.00163802
-0.00161415
-0.00157073
-0.00150818
-0.00142723
-0.00132899
-0.0012149
-0.00108676
-0.000946762
-0.000797454
-0.000641848
-0.000483473
-0.000326526
-0.000176092
-3.84867e-05
7.82789e-05
0.000163911
0.000205248
0.00018618
9.03558e-05
-9.76848e-05
-7.30538e-05
8.48476e-05
0.000318354
0.000589984
0.000874125
0.00115376
0.0014181
0.00166068
0.00187798
0.00206843
0.00223178
0.0023686
0.00247992
0.00256702
0.00263122
0.0026738
0.00269591
0.00269855
0.00268248
0.00264832
0.00259649
0.00252726
0.00244078
0.00233715
0.00221639
0.00207857
0.0019238
0.00175228
0.00156436
0.00136058
0.00114165
0.00090856
0.000662544
0.000405116
0.000138075
-0.000136492
-0.000416215
-0.00069846
-0.000980354
-0.00125881
-0.00153057
-0.00179227
-0.00204045
-0.00227168
-0.00248258
-0.00266989
-0.00283056
-0.00296183
-0.00306126
-0.00312684
-0.00315703
-0.0031508
-0.0031077
-0.00302788
-0.00291212
-0.00276186
-0.0025792
-0.00236688
-0.00212836
-0.00186779
-0.00159005
-0.00130088
-0.00100692
-0.000715989
-0.000437364
-0.000182182
3.59539e-05
0.000200333
0.00029057
0.000282375
0.00014721
-8.43344e-05
2.09916e-05
0.000295481
0.000667933
0.00109056
0.00152947
0.00196123
0.00237038
0.0027472
0.00308606
0.0033842
0.00364078
0.00385627
0.00403192
0.00416937
0.00427046
0.00433697
0.00437055
0.00437262
0.00434435
0.00428666
0.0042002
0.00408543
0.00394265
0.00377205
0.00357378
0.00334804
0.00309509
0.00281538
0.00250958
0.00217863
0.0018238
0.00144673
0.00104949
0.000634547
0.000204819
-0.000236333
-0.000685126
-0.00113737
-0.00158852
-0.0020337
-0.0024678
-0.00288554
-0.00328152
-0.00365037
-0.00398682
-0.00428582
-0.00454262
-0.00475292
-0.00491296
-0.00501962
-0.0050705
-0.00506404
-0.00499955
-0.00487729
-0.00469852
-0.00446551
-0.00418158
-0.0038511
-0.00347953
-0.00307344
-0.00264057
-0.00218991
-0.00173185
-0.00127845
-0.000843743
-0.000444215
-9.94188e-05
0.000167316
0.00032827
0.000350715
0.000194027
-3.74518e-05
0.000197432
0.000626851
0.0011701
0.00177124
0.00238945
0.00299568
0.00357015
0.00410001
0.00457751
0.00499857
0.0053617
0.00566715
0.00591628
0.00611107
0.00625378
0.0063467
0.00639195
0.00639141
0.00634664
0.00625888
0.00612906
0.00595784
0.0057457
0.005493
0.00520005
0.00486723
0.00449507
0.00408435
0.00363613
0.00315192
0.00263367
0.00208386
0.00150553
0.000902325
0.000278497
-0.000361092
-0.00101099
-0.0016652
-0.00231722
-0.00296012
-0.00358664
-0.00418929
-0.00476044
-0.0052925
-0.00577805
-0.00620995
-0.00658152
-0.00688673
-0.00712025
-0.00727771
-0.00735574
-0.00735212
-0.00726592
-0.0070975
-0.00684865
-0.00652261
-0.00612409
-0.00565934
-0.00513611
-0.00456376
-0.00395324
-0.00331726
-0.00267041
-0.00202941
-0.00141343
-0.000844612
-0.000348624
4.45689e-05
0.000300036
0.000376979
0.000224368
4.41586e-05
0.000461269
0.00108687
0.00183424
0.00264155
0.00346259
0.00426374
0.00502156
0.00572045
0.00635074
0.0069071
0.00738738
0.00779159
0.00812115
0.00837834
0.00856582
0.00868633
0.00874245
0.00873651
0.00867046
0.00854585
0.00836391
0.00812554
0.00783142
0.00748211
0.00707814
0.00662017
0.00610902
0.00554589
0.00493239
0.00427067
0.00356349
0.00281431
0.00202733
0.00120753
0.000360693
-0.000506625
-0.00138709
-0.00227267
-0.00315467
-0.00402388
-0.00487063
-0.00568497
-0.00645682
-0.00717611
-0.00783302
-0.00841811
-0.00892255
-0.00933834
-0.00965846
-0.00987708
-0.00998975
-0.00999352
-0.00988711
-0.00967101
-0.00934757
-0.00892105
-0.00839772
-0.00778584
-0.00709571
-0.00633972
-0.00553236
-0.00469037
-0.00383285
-0.00298146
-0.00216081
-0.00139879
-0.000727266
-0.000182697
0.000193116
0.000352071
0.000234807
0.000160491
0.000814368
0.0016793
0.00266536
0.00370686
0.0047538
0.00576916
0.00672668
0.00760856
0.00840354
0.00910529
0.00971109
0.0102208
0.0106358
0.0109588
0.0111928
0.0113409
0.0114062
0.0113915
0.0112989
0.0111306
0.0108878
0.0105719
0.0101837
0.00972404
0.00919368
0.00859358
0.00792499
0.00718957
0.00638957
0.0055279
0.00460823
0.00363515
0.00261413
0.00155165
0.000455168
-0.000666883
-0.00180512
-0.00294926
-0.00408827
-0.0052104
-0.00630341
-0.00735467
-0.00835141
-0.00928089
-0.0101307
-0.0108888
-0.0115441
-0.0120863
-0.0125067
-0.0127978
-0.0129539
-0.0129711
-0.0128479
-0.0125847
-0.0121845
-0.0116526
-0.0109968
-0.0102277
-0.00935815
-0.00840381
-0.00738293
-0.00631651
-0.00522836
-0.00414534
-0.00309757
-0.00211883
-0.00124708
-0.000525099
-1.08953e-06
0.000270425
0.000223638
0.000310908
0.00125664
0.00240513
0.00366532
0.00496949
0.00626533
0.0075136
0.00868611
0.00976354
0.0107335
0.0115891
0.0123271
0.0129473
0.0134514
0.0138423
0.0141233
0.0142982
0.0143703
0.0143427
0.0142183
0.0139992
0.0136872
0.0132837
0.0127899
0.0122069
0.0115357
0.0107777
0.0099345
0.00900839
0.00800228
0.00691993
0.00576605
0.00454641
0.00326791
0.00193863
0.000567828
-0.000834039
-0.00225538
-0.00368356
-0.00510497
-0.00650522
-0.00786926
-0.00918164
-0.0104267
-0.0115888
-0.0126527
-0.0136038
-0.0144282
-0.0151136
-0.0156488
-0.0160248
-0.0162345
-0.016273
-0.0161382
-0.0158305
-0.0153535
-0.0147135
-0.01392
-0.0129856
-0.0119262
-0.0107608
-0.0095114
-0.00820357
-0.00686597
-0.00553074
-0.00423364
-0.00301437
-0.0019169
-0.000990095
-0.000288101
0.000128937
0.000190211
0.000494507
0.00178684
0.00326346
0.00483374
0.00642942
0.00799721
0.00949679
0.010899
0.0121837
0.0133379
0.0143544
0.01523
0.0159646
0.0165601
0.0170199
0.0173477
0.0175477
0.0176236
0.0175791
0.0174172
0.0171405
0.016751
0.0162504
0.0156402
0.0149217
0.0140963
0.0131657
0.0121321
0.0109984
0.00976811
0.00844602
0.0070379
0.00555082
0.00399316
0.0023747
0.000706609
-0.000998529
-0.00272682
-0.0044631
-0.00619111
-0.00789363
-0.00955269
-0.0111498
-0.0126663
-0.0140835
-0.015383
-0.0165474
-0.0175601
-0.0184062
-0.0190722
-0.019547
-0.0198221
-0.0198914
-0.0197521
-0.0194046
-0.0188527
-0.0181038
-0.0171691
-0.0160633
-0.0148053
-0.0134173
-0.0119257
-0.0103603
-0.0087548
-0.00714686
-0.00557791
-0.00409352
-0.00274366
-0.00158306
-0.000671457
-7.40066e-05
0.000134447
0.000710255
0.00240306
0.0042522
0.00616865
0.00808484
0.00994768
0.0117168
0.013363
0.014866
0.016213
0.0173968
0.0184145
0.0192664
0.019955
0.0204839
0.0208576
0.0210805
0.021157
0.0210911
0.0208863
0.0205453
0.0200705
0.019464
0.0187273
0.0178621
0.0168702
0.0157536
0.0145152
0.0131582
0.0116873
0.010108
0.00842726
0.00665349
0.00479662
0.00286819
0.000881361
-0.00114911
-0.0032069
-0.00527428
-0.00733219
-0.00936047
-0.0113381
-0.0132434
-0.0150545
-0.0167495
-0.0183068
-0.0197058
-0.0209271
-0.0219527
-0.0227668
-0.0233562
-0.0237104
-0.023822
-0.0236874
-0.0233065
-0.0226836
-0.0218269
-0.0207491
-0.0194673
-0.018003
-0.0163822
-0.0146351
-0.0127962
-0.0109045
-0.00900293
-0.00713879
-0.00536358
-0.00373322
-0.00230819
-0.0011536
-0.000339243
5.65129e-05
0.000957073
0.00310302
0.00536847
0.00766696
0.00993261
0.0121136
0.0141704
0.0160747
0.0178068
0.0193545
0.0207113
0.0218751
0.0228467
0.0236292
0.0242271
0.0246452
0.0248888
0.0249625
0.024871
0.0246178
0.0242063
0.023639
0.0229182
0.0220458
0.0210237
0.0198541
0.0185395
0.0170831
0.0154889
0.0137624
0.01191
0.00993983
0.00786172
0.00568714
0.00342942
0.00110374
-0.00127289
-0.00368171
-0.0061023
-0.00851275
-0.0108899
-0.0132095
-0.0154466
-0.0175759
-0.0195721
-0.0214102
-0.0230663
-0.0245177
-0.0257434
-0.026725
-0.0274465
-0.0278954
-0.0280629
-0.0279441
-0.0275385
-0.0268503
-0.0258886
-0.0246675
-0.0232063
-0.0215293
-0.0196658
-0.0176504
-0.0155222
-0.0133254
-0.0111085
-0.00892479
-0.00683167
-0.00489106
-0.00316922
-0.00173653
-0.000667336
-4.33734e-05
0.00123387
0.00388415
0.00660885
0.00932476
0.0119686
0.0144905
0.0168531
0.0190293
0.021001
0.0227572
0.0242925
0.0256058
0.0266991
0.0275763
0.0282426
0.0287037
0.0289654
0.0290331
0.0289117
0.0286053
0.0281174
0.027451
0.0266085
0.0255922
0.0244042
0.0230469
0.0215234
0.0198374
0.0179935
0.0159979
0.0138581
0.0115833
0.00918474
0.00667541
0.00407046
0.00138709
-0.00135544
-0.00413588
-0.0069311
-0.00971628
-0.0124651
-0.0151501
-0.0177429
-0.0202146
-0.0225364
-0.0246796
-0.0266167
-0.0283216
-0.0297699
-0.03094
-0.0318134
-0.0323751
-0.0326143
-0.0325246
-0.0321049
-0.0313592
-0.0302971
-0.0289341
-0.0272912
-0.0253957
-0.0232804
-0.020984
-0.0185504
-0.016029
-0.0134741
-0.010945
-0.00850525
-0.00622286
-0.00416996
-0.00242232
-0.00105893
-0.000165079
0.00153956
0.00474377
0.00796952
0.0111375
0.0141877
0.0170733
0.0197594
0.0222213
0.024443
0.0264151
0.0281342
0.0296004
0.0308171
0.0317895
0.0325236
0.0330263
0.0333038
0.0333624
0.0332072
0.0328431
0.0322737
0.0315023
0.0305317
0.0293642
0.0280023
0.0264489
0.0247071
0.0227812
0.0206766
0.0184
0.0159601
0.0133671
0.0106335
0.00777381
0.00480503
0.00174632
-0.00138082
-0.00455264
-0.00774331
-0.0109251
-0.0140684
-0.0171425
-0.0201154
-0.0229546
-0.0256273
-0.0281013
-0.030345
-0.0323285
-0.034024
-0.0354063
-0.0364537
-0.0371485
-0.0374776
-0.0374329
-0.0370121
-0.0362187
-0.0350626
-0.0335603
-0.0317348
-0.029616
-0.0272401
-0.0246499
-0.0218943
-0.019028
-0.0161113
-0.0132095
-0.0103926
-0.00773494
-0.00531476
-0.00321348
-0.001515
-0.00030864
0.00187302
0.00567903
0.00944637
0.0131002
0.0165844
0.0198558
0.022883
0.0256441
0.0281259
0.0303215
0.0322294
0.0338519
0.0351938
0.0362619
0.0370634
0.0376062
0.0378975
0.0379442
0.0377521
0.0373263
0.036671
0.0357898
0.0346854
0.0333607
0.0318184
0.0300613
0.0280933
0.0259189
0.0235442
0.0209765
0.0182253
0.015302
0.0122203
0.00899615
0.00564826
0.00219776
-0.00133168
-0.00491387
-0.00852026
-0.0121201
-0.0156808
-0.0191679
-0.0225459
-0.0257785
-0.028829
-0.0316609
-0.0342386
-0.0365281
-0.0384975
-0.040118
-0.0413641
-0.0422151
-0.0426551
-0.0426737
-0.0422671
-0.0414381
-0.0401964
-0.0385593
-0.0365515
-0.0342053
-0.0315605
-0.0286638
-0.0255691
-0.0223367
-0.0190329
-0.0157295
-0.0125031
-0.00943462
-0.00660883
-0.00411321
-0.00203706
-0.000474324
0.00223314
0.00668696
0.011035
0.0152072
0.0191523
0.0228313
0.0262167
0.0292904
0.0320424
0.0344688
0.0365707
0.0383527
0.0398218
0.0409862
0.0418549
0.0424367
0.0427402
0.0427727
0.0425409
0.0420504
0.0413056
0.0403105
0.039068
0.0375813
0.035853
0.0338866
0.0316859
0.029256
0.0266033
0.0237359
0.020664
0.0174
0.0139586
0.0103574
0.00661652
0.00275897
-0.00118945
-0.00520017
-0.00924197
-0.0132812
-0.0172819
-0.0212064
-0.0250153
-0.0286682
-0.0321244
-0.035343
-0.038284
-0.0409091
-0.0431818
-0.045069
-0.0465415
-0.0475746
-0.0481491
-0.0482523
-0.0478781
-0.0470279
-0.0457112
-0.0439456
-0.0417572
-0.0391807
-0.0362589
-0.033043
-0.0295917
-0.0259711
-0.0222537
-0.0185179
-0.0148475
-0.0113305
-0.00805851
-0.00512563
-0.00262724
-0.000662668
0.00261876
0.00776447
0.0127307
0.0174529
0.0218847
0.0259923
0.0297527
0.033152
0.036184
0.0388486
0.0411497
0.0430947
0.0446929
0.0459546
0.0468905
0.0475108
0.0478251
0.0478419
0.0475684
0.0470107
0.0461738
0.0450618
0.0436781
0.0420257
0.0401076
0.0379274
0.0354892
0.0327983
0.0298615
0.0266876
0.0232872
0.0196737
0.0158629
0.0118735
0.00772712
0.00344855
-0.000934414
-0.00539094
-0.00988722
-0.0143867
-0.0188502
-0.0232366
-0.0275026
-0.0316038
-0.0354949
-0.0391308
-0.0424665
-0.0454589
-0.0480668
-0.0502523
-0.0519816
-0.0532257
-0.0539619
-0.0541738
-0.0538529
-0.0529989
-0.0516202
-0.0497345
-0.0473689
-0.0445602
-0.0413543
-0.0378066
-0.0339808
-0.0299488
-0.0257897
-0.0215892
-0.0174383
-0.0134327
-0.00967142
-0.00625595
-0.00328842
-0.000874502
0.00302867
0.00890829
0.0145286
0.0198308
0.0247743
0.0293308
0.0334823
0.03722
0.0405419
0.0434518
0.0459573
0.0480689
0.0497985
0.0511587
0.0521622
0.0528208
0.0531453
0.0531453
0.0528289
0.0522026
0.051272
0.0500413
0.0485142
0.0466938
0.0445835
0.0421866
0.0395075
0.0365519
0.0333267
0.0298411
0.0261063
0.0221364
0.0179479
0.0135609
0.00899808
0.00428593
-0.00054596
-0.00546457
-0.0104336
-0.0154138
-0.0203627
-0.0252356
-0.0299855
-0.0345637
-0.0389205
-0.0430056
-0.0467694
-0.0501633
-0.0531409
-0.0556591
-0.0576788
-0.0591664
-0.0600943
-0.0604426
-0.0601994
-0.0593619
-0.057937
-0.0559419
-0.0534045
-0.0503631
-0.0468669
-0.0429751
-0.0387566
-0.0342893
-0.0296594
-0.0249598
-0.0202897
-0.0157528
-0.0114566
-0.0075105
-0.00402428
-0.00111097
0.00346162
0.010115
0.0164233
0.0223343
0.0278133
0.0328381
0.0373964
0.0414847
0.0451061
0.0482686
0.0509838
0.0532656
0.0551291
0.0565894
0.0576613
0.0583585
0.0586933
0.0586762
0.0583163
0.0576209
0.0565958
0.0552457
0.0535745
0.0515853
0.0492816
0.0466668
0.0437453
0.0405228
0.0370066
0.033206
0.0291327
0.0248012
0.0202288
0.0154363
0.0104478
0.00529101
-2.80338e-06
-0.00539862
-0.0108578
-0.0163384
-0.0217949
-0.0271791
-0.03244
-0.0375246
-0.0423786
-0.0469468
-0.0511738
-0.0550057
-0.0583903
-0.0612785
-0.0636256
-0.0653923
-0.066546
-0.067062
-0.0669242
-0.0661269
-0.0646748
-0.0625839
-0.0598823
-0.0566098
-0.0528181
-0.0485705
-0.0439411
-0.0390141
-0.0338827
-0.028648
-0.0234177
-0.0183045
-0.0134248
-0.00889689
-0.00483932
-0.00137355
0.00391629
0.011381
0.0184095
0.0249563
0.0309934
0.036505
0.0414851
0.0459359
0.049866
0.0532881
0.0562184
0.0586744
0.0606745
0.0622368
0.0633784
0.0641151
0.0644606
0.0644269
0.0640239
0.0632597
0.0621406
0.0606715
0.0588566
0.0566991
0.0542024
0.0513699
0.048206
0.0447165
0.0409085
0.0367915
0.0323774
0.027681
0.0227203
0.0175165
0.0120948
0.00648392
0.000716719
-0.00517005
-0.0111356
-0.0171354
-0.0231211
-0.0290409
-0.03484
-0.0404612
-0.045845
-0.050931
-0.0556584
-0.059967
-0.0637984
-0.067097
-0.0698118
-0.0718971
-0.0733143
-0.074033
-0.0740326
-0.073303
-0.0718461
-0.0696763
-0.066821
-0.0633209
-0.0592303
-0.0546162
-0.0495579
-0.0441461
-0.0384816
-0.0326741
-0.0268404
-0.0211029
-0.015588
-0.010424
-0.00573894
-0.00166404
0.00439125
0.0127024
0.0204811
0.0276892
0.0343056
0.0403215
0.0457377
0.0505625
0.0548102
0.058499
0.0616496
0.0642838
0.0664235
0.0680901
0.0693032
0.0700806
0.0704381
0.0703889
0.069944
0.0691122
0.0679004
0.066314
0.0643571
0.0620331
0.0593452
0.0562969
0.0528925
0.0491373
0.0450385
0.0406056
0.0358505
0.030788
0.0254365
0.0198176
0.013957
0.00788461
0.00163431
-0.00475556
-0.0112423
-0.017779
-0.0243145
-0.0307938
-0.0371581
-0.0433458
-0.0492926
-0.0549326
-0.0601989
-0.0650249
-0.0693455
-0.073098
-0.0762242
-0.0786712
-0.0803936
-0.0813545
-0.0815274
-0.0808973
-0.0794623
-0.0772339
-0.0742386
-0.0705174
-0.0661265
-0.0611365
-0.0556319
-0.0497102
-0.0434801
-0.0370604
-0.0305778
-0.0241653
-0.0179603
-0.012102
-0.0067294
-0.00198458
0.00488503
0.0140752
0.0226321
0.030525
0.0377406
0.0442774
0.050143
0.0553526
0.0599266
0.0638889
0.0672651
0.0700815
0.0723642
0.0741375
0.0754241
0.0762443
0.0766155
0.0765526
0.0760677
0.0751705
0.0738685
0.0721673
0.0700713
0.067584
0.0647083
0.0614476
0.0578058
0.0537882
0.0494017
0.0446553
0.0395609
0.0341332
0.0283904
0.0223546
0.0160518
0.00951243
0.00277132
-0.0041319
-0.0111529
-0.0182427
-0.0253474
-0.0324089
-0.0393647
-0.0461489
-0.0526921
-0.0589228
-0.0647678
-0.0701539
-0.0750083
-0.079261
-0.0828456
-0.0857013
-0.0877748
-0.0890217
-0.0894086
-0.0889145
-0.0875324
-0.0852703
-0.0821526
-0.0782199
-0.0735299
-0.0681565
-0.0621894
-0.0557327
-0.0489037
-0.0418308
-0.0346516
-0.0275105
-0.020557
-0.0139424
-0.00781787
-0.00233765
0.00539605
0.015495
0.0248557
0.0334554
0.0412886
0.0483614
0.054689
0.0602937
0.0652023
0.0694445
0.0730516
0.0760545
0.0784833
0.0803663
0.0817289
0.0825941
0.0829813
0.0829072
0.082385
0.0814253
0.0800364
0.0782241
0.0759931
0.0733467
0.0702879
0.0668197
0.0629457
0.0586706
0.0540011
0.0489456
0.0435157
0.0377257
0.0315937
0.0251415
0.0183952
0.0113857
0.00414832
-0.00327634
-0.0108426
-0.0184996
-0.0261913
-0.0338564
-0.0414291
-0.048839
-0.0560117
-0.0628701
-0.0693346
-0.0753246
-0.0807597
-0.0855614
-0.0896547
-0.09297
-0.0954448
-0.0970263
-0.0976728
-0.0973561
-0.096063
-0.0937968
-0.0905786
-0.086448
-0.0814634
-0.0757015
-0.069257
-0.0622411
-0.0547796
-0.0470114
-0.0390857
-0.0311595
-0.0233953
-0.0159581
-0.00901241
-0.00272608
0.00592263
0.0169575
0.0271452
0.0364715
0.044939
0.0525619
0.0593633
0.0653725
0.0706234
0.075152
0.0789949
0.0821884
0.084767
0.0867625
0.0882039
0.0891168
0.0895228
0.0894404
0.0888841
0.0878657
0.086394
0.0844753
0.0821144
0.0793145
0.0760786
0.0724092
0.0683094
0.0637836
0.0588376
0.0534794
0.0477198
0.0415727
0.0350556
0.0281899
0.0210015
0.0135211
0.00578457
-0.00216711
-0.0102872
-0.0185234
-0.0268176
-0.0351059
-0.043319
-0.0513826
-0.0592174
-0.0667403
-0.0738651
-0.0805039
-0.0865681
-0.0919702
-0.0966256
-0.100455
-0.103386
-0.105355
-0.106312
-0.10622
-0.105057
-0.102822
-0.0995303
-0.09522
-0.0899492
-0.0837968
-0.0768624
-0.0692639
-0.0611364
-0.0526298
-0.0439056
-0.0351346
-0.026494
-0.0181633
-0.010322
-0.00315304
0.00646301
0.0184578
0.0294933
0.039564
0.048681
0.0568668
0.0641525
0.0705751
0.0761756
0.0809963
0.0850801
0.0884682
0.0911999
0.0933112
0.0948344
0.0957978
0.0962258
0.0961384
0.095552
0.0944791
0.0929294
0.0909097
0.0884249
0.0854783
0.0820724
0.0782094
0.0738919
0.0691236
0.0639095
0.0582568
0.0521756
0.0456787
0.038783
0.0315092
0.0238825
0.0159335
0.00769752
-0.00078394
-0.00946366
-0.0182882
-0.0271978
-0.0361264
-0.0450015
-0.0537449
-0.0622726
-0.0704959
-0.0783219
-0.0856549
-0.0923976
-0.0984531
-0.103727
-0.108128
-0.111573
-0.113989
-0.115313
-0.115498
-0.114513
-0.11235
-0.109018
-0.104552
-0.0990079
-0.092467
-0.0850328
-0.0768302
-0.0680038
-0.0587148
-0.0491384
-0.0394603
-0.0298733
-0.0205735
-0.0117565
-0.00362204
0.00701536
0.0199909
0.0318924
0.0427232
0.0525031
0.0612632
0.0690428
0.0758869
0.0818435
0.0869619
0.0912911
0.0948778
0.097766
0.0999961
0.101604
0.102621
0.103075
0.102986
0.102374
0.101251
0.0996288
0.0975142
0.0949124
0.0918265
0.0882588
0.0842111
0.0796853
0.0746842
0.069212
0.0632751
0.0568821
0.0500452
0.0427798
0.0351058
0.0270476
0.0186347
0.00990226
0.000891367
-0.00835055
-0.0177694
-0.0273043
-0.0368871
-0.0464429
-0.0558898
-0.0651394
-0.0740974
-0.0826642
-0.0907363
-0.0982076
-0.104971
-0.110921
-0.115956
-0.119979
-0.122904
-0.124656
-0.125177
-0.124425
-0.122382
-0.119049
-0.114456
-0.108658
-0.101735
-0.0937951
-0.0849693
-0.075412
-0.0652967
-0.0548128
-0.0441623
-0.0335551
-0.0232054
-0.0133266
-0.00413694
0.00757774
0.0215517
0.0343347
0.0459392
0.0563936
0.065738
0.0740199
0.0812925
0.0876112
0.0930323
0.097611
0.1014
0.104448
0.1068
0.108496
0.10957
0.110052
0.109966
0.109332
0.108165
0.106476
0.104273
0.101562
0.0983449
0.0946246
0.090402
0.0856785
0.0804558
0.0747372
0.0685278
0.0618351
0.0546698
0.0470462
0.0389826
0.0305023
0.0216337
0.0124109
0.00287434
-0.00692881
-0.0169443
-0.0271106
-0.0373581
-0.0476098
-0.0577807
-0.0677782
-0.0775026
-0.0868481
-0.0957032
-0.103953
-0.11148
-0.118166
-0.123897
-0.128565
-0.132067
-0.134316
-0.135238
-0.13478
-0.132911
-0.129625
-0.124943
-0.118915
-0.111623
-0.103175
-0.0937101
-0.0833919
-0.0724064
-0.0609587
-0.0492677
-0.0375626
-0.0260769
-0.015044
-0.00470193
0.00814818
0.0231349
0.0368122
0.0492014
0.0603403
0.0702773
0.079069
0.0867761
0.0934622
0.0991903
0.104022
0.108016
0.111227
0.113704
0.11549
0.116624
0.117138
0.117059
0.116408
0.115202
0.113452
0.111168
0.108355
0.105016
0.101153
0.0967667
0.091857
0.0864252
0.0804732
0.0740049
0.0670263
0.0595466
0.0515785
0.0431386
0.0342486
0.0249355
0.0152319
0.0051772
-0.00518232
-0.0157928
-0.0265924
-0.0375109
-0.0484696
-0.0593808
-0.0701485
-0.080668
-0.0908273
-0.100507
-0.109584
-0.117928
-0.125412
-0.131906
-0.137288
-0.141439
-0.144258
-0.145653
-0.145558
-0.143927
-0.140742
-0.136015
-0.12979
-0.122147
-0.113196
-0.103081
-0.091974
-0.0800757
-0.0676068
-0.0548052
-0.0419204
-0.0292074
-0.0169211
-0.00532155
0.00872462
0.0247351
0.0393165
0.0524995
0.0643306
0.0748674
0.0841746
0.0923216
0.0993792
0.105418
0.110506
0.114709
0.118085
0.120688
0.122568
0.123764
0.124314
0.124245
0.123581
0.122341
0.120537
0.118179
0.115272
0.111821
0.107825
0.103286
0.0982029
0.0925753
0.0864043
0.0796921
0.0724433
0.0646652
0.0563686
0.0475683
0.0382841
0.0285409
0.0183697
0.00780825
-0.00309856
-0.0142978
-0.0257281
-0.0373191
-0.0489909
-0.0606542
-0.0722098
-0.0835487
-0.0945532
-0.105097
-0.115046
-0.124263
-0.132605
-0.139929
-0.146096
-0.150974
-0.15444
-0.156388
-0.156731
-0.155409
-0.152388
-0.14767
-0.14129
-0.133323
-0.123879
-0.113107
-0.101188
-0.088336
-0.0747887
-0.0608043
-0.0466542
-0.032617
-0.0189712
-0.0060007
0.00930501
0.0263467
0.0418393
0.0558226
0.068352
0.0794938
0.0893213
0.0979121
0.105345
0.111697
0.117044
0.121456
0.124999
0.127732
0.129706
0.130968
0.131556
0.1315
0.130828
0.129559
0.127707
0.125282
0.12229
0.118735
0.114618
0.109938
0.104694
0.0988853
0.0925106
0.085571
0.0780691
0.0700104
0.0614037
0.0522615
0.0426014
0.032446
0.0218241
0.0107713
-0.000669315
-0.0124464
-0.0244996
-0.0367591
-0.049145
-0.0615665
-0.0739222
-0.0860997
-0.0979759
-0.109418
-0.120283
-0.130423
-0.139682
-0.147904
-0.154931
-0.160614
-0.164811
-0.167396
-0.168262
-0.167328
-0.164545
-0.1599
-0.153415
-0.14516
-0.135242
-0.123812
-0.111063
-0.0972186
-0.0825363
-0.0672951
-0.0517908
-0.0363272
-0.0212085
-0.00674459
0.00988726
0.0279642
0.0443722
0.05916
0.0723918
0.0841423
0.0944934
0.103531
0.111341
0.118008
0.123616
0.128239
0.13195
0.134813
0.136884
0.138212
0.13884
0.138801
0.138124
0.136831
0.134936
0.13245
0.129382
0.125733
0.121505
0.116696
0.111305
0.10533
0.0987679
0.0916183
0.083882
0.0755624
0.0666659
0.0572028
0.0471879
0.0366414
0.0255894
0.014065
0.00210875
-0.0102301
-0.022893
-0.0358115
-0.048906
-0.0620856
-0.0752475
-0.0882765
-0.101045
-0.113415
-0.125234
-0.136345
-0.146578
-0.155763
-0.163726
-0.170296
-0.175312
-0.178623
-0.180103
-0.179647
-0.177185
-0.172685
-0.166158
-0.15766
-0.147296
-0.135218
-0.121624
-0.106753
-0.090881
-0.0743086
-0.0573578
-0.0403601
-0.0236477
-0.00755879
0.0104693
0.0295822
0.0469069
0.0625011
0.0764372
0.0887984
0.0996749
0.10916
0.117349
0.124333
0.130201
0.135036
0.138915
0.141908
0.144076
0.145472
0.146141
0.146121
0.145442
0.144128
0.142195
0.139656
0.136518
0.132784
0.128456
0.123531
0.118007
0.11188
0.105148
0.0978065
0.0898557
0.0812962
0.0721323
0.0623715
0.0520258
0.0411125
0.0296547
0.0176825
0.00523347
-0.00764587
-0.0208995
-0.034461
-0.0482523
-0.0621831
-0.07615
-0.0900363
-0.103711
-0.117031
-0.129837
-0.141961
-0.153222
-0.163434
-0.172406
-0.179946
-0.18587
-0.190005
-0.192196
-0.192316
-0.190268
-0.186
-0.179503
-0.17082
-0.160048
-0.147338
-0.132895
-0.116969
-0.099854
-0.0818757
-0.0633835
-0.0447388
-0.0263045
-0.00844917
0.0110491
0.0311952
0.0494353
0.0658354
0.0804759
0.0934482
0.10485
0.114784
0.123351
0.13065
0.136778
0.141825
0.145872
0.148994
0.151258
0.152721
0.153432
0.153432
0.152753
0.151421
0.149455
0.146867
0.143667
0.139857
0.135438
0.130409
0.124765
0.118503
0.111617
0.104104
0.0959589
0.0871821
0.0777746
0.0677414
0.0570914
0.0458386
0.0340029
0.0216109
0.00869671
-0.00469654
-0.0185161
-0.0326982
-0.0471673
-0.0618347
-0.0765979
-0.0913393
-0.105926
-0.12021
-0.134028
-0.147201
-0.159538
-0.170837
-0.180889
-0.189482
-0.196407
-0.201465
-0.204473
-0.205274
-0.203745
-0.199806
-0.193425
-0.184627
-0.173498
-0.160185
-0.144895
-0.127891
-0.109485
-0.090027
-0.0698965
-0.0494871
-0.029195
-0.00942195
0.0116248
0.0327981
0.0519496
0.0691529
0.0844959
0.0980777
0.110004
0.120385
0.129328
0.136942
0.143328
0.148583
0.152795
0.156045
0.158403
0.159932
0.160684
0.160704
0.160026
0.158678
0.156682
0.15405
0.150793
0.146915
0.142416
0.137293
0.131544
0.125161
0.11814
0.110473
0.102156
0.093185
0.0835594
0.0732809
0.0623554
0.0507933
0.038611
0.0258311
0.012484
-0.00139129
-0.0157458
-0.0305196
-0.0456403
-0.061022
-0.0765639
-0.0921494
-0.107645
-0.1229
-0.137745
-0.151995
-0.165448
-0.177887
-0.189087
-0.198813
-0.206832
-0.212916
-0.216852
-0.218449
-0.217553
-0.214051
-0.207886
-0.199058
-0.187637
-0.173762
-0.157639
-0.139543
-0.119802
-0.0987925
-0.0769255
-0.0546293
-0.0323362
-0.0104836
0.0121944
0.0343862
0.0544425
0.072444
0.0884857
0.102674
0.115122
0.125946
0.135264
0.143188
0.149829
0.155289
0.159662
0.163036
0.165485
0.167077
0.167868
0.167905
0.167228
0.165865
0.16384
0.161169
0.15786
0.15392
0.149349
0.144145
0.138302
0.131814
0.124674
0.116873
0.108406
0.0992654
0.0894482
0.0789531
0.0677828
0.0559442
0.0434496
0.0303176
0.0165742
0.00225393
-0.0125988
-0.0279285
-0.0436671
-0.0597324
-0.0760269
-0.092436
-0.108827
-0.125048
-0.140927
-0.156272
-0.170873
-0.184499
-0.196908
-0.207844
-0.217048
-0.224262
-0.229239
-0.231754
-0.231615
-0.228674
-0.222837
-0.214079
-0.202446
-0.188063
-0.171136
-0.151942
-0.13083
-0.108201
-0.0844989
-0.06019
-0.0357452
-0.011641
0.0127564
0.035955
0.0569073
0.0757
0.0924348
0.107225
0.120189
0.131453
0.141139
0.149369
0.15626
0.161919
0.166449
0.169941
0.172476
0.174126
0.174952
0.175004
0.174325
0.172947
0.170894
0.168184
0.164828
0.160832
0.156197
0.15092
0.144996
0.138417
0.131175
0.123261
0.114665
0.105379
0.0953978
0.0847161
0.0733335
0.0612532
0.0484835
0.0350385
0.0209395
0.00621621
-0.0090923
-0.0249357
-0.041251
-0.0579611
-0.0749728
-0.0921751
-0.109438
-0.126609
-0.143517
-0.159965
-0.175734
-0.190583
-0.204254
-0.216471
-0.226947
-0.235394
-0.241531
-0.245092
-0.245843
-0.243596
-0.238217
-0.229643
-0.217895
-0.203077
-0.185385
-0.165102
-0.14259
-0.118279
-0.0926445
-0.0661938
-0.0394399
-0.0129013
0.0133094
0.0375007
0.059338
0.0789133
0.0963337
0.111718
0.125193
0.13689
0.146939
0.155468
0.1626
0.168452
0.17313
0.176733
0.179348
0.181049
0.181904
0.181966
0.181282
0.179885
0.177803
0.175056
0.171655
0.167607
0.162915
0.157574
0.15158
0.144924
0.137597
0.129587
0.120885
0.111479
0.101361
0.0905233
0.0789621
0.0666769
0.0536716
0.0399557
0.0255457
0.0104656
-0.00525087
-0.0215594
-0.0384032
-0.055711
-0.0733952
-0.0913501
-0.10945
-0.127545
-0.145464
-0.163008
-0.179954
-0.196052
-0.211028
-0.224586
-0.236416
-0.246197
-0.25361
-0.258349
-0.260133
-0.258725
-0.253946
-0.245691
-0.233941
-0.218777
-0.200379
-0.179029
-0.155102
-0.129051
-0.101389
-0.0726652
-0.0434381
-0.0142716
0.013852
0.0390202
0.0617299
0.0820773
0.100174
0.116145
0.130123
0.142244
0.152646
0.161465
0.16883
0.174865
0.179683
0.183387
0.186071
0.187816
0.188692
0.188757
0.188061
0.186642
0.184528
0.181742
0.178297
0.174201
0.169456
0.164059
0.158005
0.151284
0.143887
0.135801
0.127014
0.117513
0.107286
0.0963238
0.0846189
0.0721668
0.0589673
0.0450253
0.0303518
0.0149654
-0.00110645
-0.0178259
-0.035143
-0.0529934
-0.0712965
-0.0899532
-0.108843
-0.127823
-0.146722
-0.165344
-0.183462
-0.200819
-0.21713
-0.232081
-0.245337
-0.256547
-0.265352
-0.271402
-0.274366
-0.273954
-0.269932
-0.262145
-0.250529
-0.235128
-0.216101
-0.193723
-0.168376
-0.140538
-0.110758
-0.0796285
-0.0477582
-0.0157597
0.0143835
0.0405113
0.0640793
0.085187
0.10395
0.120497
0.134967
0.147502
0.158247
0.167345
0.174931
0.181136
0.186081
0.189875
0.192617
0.194394
0.195281
0.195341
0.194626
0.193177
0.191027
0.188199
0.184709
0.180566
0.175772
0.170325
0.16422
0.157447
0.149994
0.14185
0.132998
0.123426
0.113118
0.102063
0.09025
0.0776702
0.0643194
0.0501978
0.0353112
0.0196723
0.00330191
-0.013769
-0.031498
-0.0498286
-0.0686884
-0.0879862
-0.107609
-0.127421
-0.147257
-0.166923
-0.186192
-0.204805
-0.222466
-0.238847
-0.25359
-0.266314
-0.276621
-0.284115
-0.288411
-0.28916
-0.286067
-0.278914
-0.267586
-0.252079
-0.232522
-0.209174
-0.18242
-0.152758
-0.120773
-0.0871068
-0.0524182
-0.0173732
0.0149034
0.0419725
0.0663842
0.0882393
0.107656
0.124768
0.139718
0.152654
0.163729
0.173091
0.180884
0.187246
0.192303
0.196172
0.198958
0.200753
0.201638
0.201681
0.200936
0.19945
0.197257
0.194383
0.190846
0.186654
0.181814
0.176322
0.170173
0.163357
0.155864
0.147677
0.138782
0.129162
0.118802
0.107685
0.0957987
0.0831307
0.0696725
0.0554195
0.0403721
0.024537
0.00792847
-0.00943006
-0.0275041
-0.0462458
-0.0655919
-0.0854606
-0.105749
-0.126328
-0.147042
-0.167703
-0.188088
-0.207935
-0.226944
-0.244776
-0.261053
-0.275364
-0.287276
-0.296343
-0.302124
-0.304205
-0.302223
-0.295891
-0.285025
-0.269567
-0.249601
-0.225362
-0.197231
-0.165722
-0.131457
-0.0951225
-0.0574362
-0.01912
0.0154115
0.0434039
0.0686441
0.0912331
0.111291
0.128954
0.14437
0.157693
0.169081
0.178691
0.186673
0.193173
0.198324
0.20225
0.205063
0.206861
0.207729
0.20774
0.206954
0.20542
0.203175
0.200248
0.196658
0.192418
0.187531
0.181997
0.175811
0.168963
0.16144
0.153227
0.144307
0.134663
0.124277
0.11313
0.101206
0.0884891
0.0749678
0.0606323
0.0454778
0.0295051
0.0127214
-0.00485724
-0.0232048
-0.0422828
-0.0620378
-0.0823987
-0.103273
-0.124543
-0.146064
-0.167656
-0.189102
-0.210145
-0.230483
-0.249768
-0.267607
-0.283564
-0.29717
-0.307932
-0.315348
-0.318938
-0.31826
-0.312948
-0.302741
-0.287509
-0.267281
-0.242255
-0.212799
-0.179438
-0.142824
-0.103696
-0.0628299
-0.0210083
0.0159086
0.0448068
0.0708609
0.09417
0.114855
0.133054
0.148919
0.162612
0.174295
0.184132
0.192282
0.198898
0.204122
0.208085
0.210904
0.212685
0.213518
0.213481
0.212638
0.211043
0.208736
0.205748
0.2021
0.197806
0.192872
0.187299
0.18108
0.174207
0.166666
0.158442
0.149517
0.13987
0.129484
0.118337
0.10641
0.0936843
0.0801441
0.0657754
0.0505683
0.0345175
0.0176237
-0.000105004
-0.0186511
-0.0379857
-0.0580662
-0.0788328
-0.100205
-0.12208
-0.144322
-0.166764
-0.189201
-0.211382
-0.233008
-0.253729
-0.273139
-0.290783
-0.306157
-0.318722
-0.327919
-0.333193
-0.334019
-0.329942
-0.320609
-0.305807
-0.285492
-0.259811
-0.229106
-0.193905
-0.15489
-0.112847
-0.0686165
-0.023046
0.0163956
0.0461842
0.0730387
0.0970545
0.118352
0.137071
0.153367
0.167408
0.179362
0.189403
0.197697
0.204405
0.209676
0.21365
0.216452
0.218193
0.21897
0.218866
0.21795
0.216278
0.213895
0.210835
0.207122
0.20277
0.197787
0.192175
0.185927
0.179036
0.171488
0.163266
0.154352
0.144725
0.134363
0.123246
0.11135
0.0986541
0.0851387
0.0707858
0.0555805
0.0395118
0.0225737
0.00476687
-0.0139001
-0.0334082
-0.0537258
-0.0748055
-0.0965805
-0.11896
-0.141826
-0.165026
-0.188366
-0.211608
-0.234461
-0.256577
-0.277544
-0.296892
-0.314088
-0.328551
-0.339663
-0.346793
-0.349328
-0.346713
-0.33849
-0.324345
-0.304145
-0.27797
-0.246121
-0.209117
-0.167661
-0.122593
-0.0748126
-0.0252414
0.0168744
0.0475411
0.0751845
0.0998944
0.121789
0.14101
0.157716
0.172081
0.184281
0.194498
0.202906
0.209675
0.214965
0.218921
0.221678
0.223353
0.22405
0.223856
0.222846
0.221081
0.218608
0.215465
0.211676
0.20726
0.202224
0.196572
0.190299
0.183395
0.175848
0.167641
0.158755
0.149167
0.138855
0.127796
0.115964
0.103336
0.0898882
0.0755994
0.0604499
0.0444231
0.0275069
0.00969433
-0.00901452
-0.0286106
-0.0490735
-0.0703686
-0.0924432
-0.115223
-0.138604
-0.162453
-0.186593
-0.2108
-0.234797
-0.258244
-0.28073
-0.301774
-0.320824
-0.337258
-0.350402
-0.359552
-0.363999
-0.363081
-0.356221
-0.342986
-0.323135
-0.296659
-0.2638
-0.225056
-0.181143
-0.132946
-0.0814341
-0.0276027
0.0173478
0.0488848
0.0773088
0.102702
0.125178
0.144881
0.161974
0.176635
0.189051
0.199409
0.207897
0.214694
0.219967
0.223873
0.226553
0.228132
0.228721
0.228413
0.227287
0.225409
0.22283
0.219588
0.215714
0.211225
0.206132
0.200439
0.194141
0.18723
0.179693
0.171513
0.16267
0.15314
0.142902
0.131927
0.120191
0.107668
0.0943294
0.0801518
0.0651109
0.0491851
0.0323562
0.0146101
-0.00406129
-0.0236587
-0.044173
-0.0655824
-0.0878489
-0.110914
-0.134694
-0.159072
-0.183892
-0.208951
-0.233988
-0.258677
-0.282617
-0.305324
-0.32623
-0.344683
-0.359959
-0.371277
-0.377835
-0.378853
-0.373623
-0.361575
-0.342337
-0.315788
-0.282089
-0.241697
-0.195331
-0.143918
-0.0884956
-0.030138
0.0178196
0.0502253
0.0794258
0.105493
0.128536
0.1487
0.166152
0.181078
0.193672
0.204135
0.212663
0.219446
0.224664
0.228481
0.231048
0.232497
0.232947
0.232497
0.23123
0.229217
0.226513
0.223159
0.219187
0.214617
0.209461
0.203724
0.197403
0.190489
0.182969
0.174827
0.166041
0.156589
0.146445
0.135582
0.123973
0.111588
0.0984001
0.0843792
0.0694982
0.0537308
0.0370532
0.0194449
0.000889556
-0.0186227
-0.0390936
-0.0605143
-0.0828617
-0.106094
-0.130146
-0.154923
-0.180291
-0.20607
-0.232023
-0.257842
-0.283143
-0.307448
-0.330183
-0.350675
-0.368154
-0.381771
-0.390627
-0.393819
-0.390498
-0.379936
-0.361606
-0.335247
-0.300916
-0.259003
-0.210218
-0.155518
-0.096011
-0.0328555
0.0182947
0.0515758
0.0815544
0.108289
0.131886
0.152487
0.170267
0.18542
0.198151
0.208673
0.217195
0.223919
0.229035
0.232719
0.235132
0.236414
0.23669
0.236067
0.234632
0.232461
0.229611
0.226128
0.222046
0.217385
0.212161
0.206378
0.200033
0.19312
0.185625
0.177531
0.168816
0.159458
0.14943
0.138704
0.127251
0.11504
0.10204
0.0882192
0.0735474
0.0579939
0.0415298
0.0241283
0.00576606
-0.0135757
-0.0339092
-0.055238
-0.0775533
-0.100831
-0.125025
-0.150062
-0.175834
-0.202187
-0.22891
-0.255724
-0.282265
-0.308073
-0.332578
-0.355094
-0.374817
-0.390836
-0.402159
-0.407759
-0.40663
-0.397871
-0.380775
-0.35491
-0.320194
-0.276928
-0.225786
-0.16775
-0.103993
-0.0357635
0.0187797
0.0529531
0.0837188
0.111119
0.135254
0.156268
0.17434
0.189677
0.202496
0.213025
0.221487
0.228097
0.23306
0.236562
0.238774
0.239847
0.239912
0.239081
0.237449
0.235094
0.232078
0.228449
0.224242
0.219482
0.214182
0.208349
0.201982
0.195073
0.187609
0.179573
0.170943
0.161696
0.151805
0.141239
0.12997
0.117964
0.105189
0.0916112
0.0771958
0.0619093
0.0457181
0.0285902
0.0104956
-0.00859269
-0.0286965
-0.049831
-0.0720015
-0.0952005
-0.119402
-0.144555
-0.170578
-0.197345
-0.224678
-0.252328
-0.279962
-0.307145
-0.333325
-0.357813
-0.379784
-0.398277
-0.412213
-0.420438
-0.421786
-0.415164
-0.399655
-0.374626
-0.339818
-0.295409
-0.242011
-0.180614
-0.112453
-0.0388704
0.0192827
0.0543789
0.0859497
0.114018
0.138678
0.160075
0.178399
0.193869
0.206719
0.217193
0.225532
0.231967
0.236717
0.239981
0.241942
0.242758
0.24257
0.241495
0.239635
0.237069
0.233865
0.230072
0.225727
0.220856
0.215475
0.20959
0.203201
0.1963
0.188874
0.180906
0.172374
0.163254
0.153518
0.143136
0.132078
0.120308
0.107793
0.094497
0.0803828
0.0654136
0.0495522
0.0327615
0.0150058
-0.003749
-0.0235336
-0.0443739
-0.0662886
-0.0892858
-0.113359
-0.13848
-0.164593
-0.191605
-0.21937
-0.247678
-0.276232
-0.304632
-0.332353
-0.358723
-0.382906
-0.403906
-0.420567
-0.431615
-0.435719
-0.431576
-0.418036
-0.394224
-0.359667
-0.314372
-0.25886
-0.194107
-0.121402
-0.0421847
0.0198142
0.05588
0.0882849
0.11703
0.1422
0.163949
0.182476
0.198019
0.210833
0.221181
0.229324
0.235513
0.239983
0.242947
0.244598
0.245107
0.24462
0.243263
0.24114
0.238337
0.234921
0.230946
0.22645
0.22146
0.215991
0.210052
0.203642
0.196752
0.189371
0.181481
0.17306
0.164083
0.154522
0.144347
0.133524
0.12202
0.109798
0.0968212
0.0830505
0.0684462
0.052968
0.0365748
0.0192258
0.000880768
-0.0184988
-0.0389485
-0.060499
-0.0831733
-0.106983
-0.131922
-0.157963
-0.185041
-0.21305
-0.241818
-0.271095
-0.300524
-0.329618
-0.357734
-0.384049
-0.407544
-0.427003
-0.441043
-0.448165
-0.446848
-0.435681
-0.41351
-0.379594
-0.333727
-0.276292
-0.208221
-0.13085
-0.0457154
0.0203873
0.0574901
0.0907716
0.120206
0.145875
0.167937
0.186611
0.202155
0.214853
0.224991
0.232855
0.238717
0.24283
0.245423
0.246702
0.246848
0.246015
0.244334
0.241914
0.238844
0.235195
0.23102
0.22636
0.221241
0.215681
0.209686
0.203256
0.196383
0.189055
0.181254
0.172957
0.164139
0.154771
0.144823
0.134261
0.12305
0.111153
0.0985312
0.0851437
0.0709492
0.0559044
0.0399654
0.023087
0.00522388
-0.0136692
-0.0336362
-0.0547183
-0.076952
-0.100366
-0.124975
-0.150776
-0.17774
-0.205794
-0.234812
-0.264593
-0.294832
-0.325095
-0.354782
-0.383098
-0.409025
-0.431309
-0.44847
-0.45885
-0.460703
-0.452331
-0.432262
-0.399434
-0.353366
-0.294253
-0.222946
-0.140806
-0.0494724
0.0210181
0.0592508
0.0934674
0.123613
0.149764
0.172094
0.190846
0.206308
0.218794
0.228625
0.236112
0.241554
0.245224
0.247369
0.248207
0.24793
0.246699
0.244651
0.241899
0.238535
0.23463
0.230239
0.225403
0.220149
0.214494
0.208443
0.201997
0.195147
0.187881
0.180179
0.17202
0.163377
0.154221
0.144522
0.134245
0.123354
0.111811
0.0995774
0.0866107
0.0728678
0.0583038
0.0428719
0.026524
0.0092105
-0.00911926
-0.0285162
-0.0490307
-0.0707107
-0.0935997
-0.117733
-0.143131
-0.169795
-0.19769
-0.226737
-0.256786
-0.287593
-0.318784
-0.349822
-0.37996
-0.408203
-0.433282
-0.453645
-0.467488
-0.47284
-0.467699
-0.45023
-0.418993
-0.373164
-0.312681
-0.238266
-0.151282
-0.0534666
0.0217274
0.0612136
0.0964428
0.127327
0.153943
0.176485
0.19523
0.210507
0.22267
0.232078
0.239077
0.243994
0.247125
0.248735
0.249058
0.248294
0.246611
0.244153
0.241034
0.237348
0.233167
0.228546
0.223525
0.21813
0.212378
0.206274
0.199817
0.192998
0.185804
0.178214
0.170207
0.161756
0.152831
0.143401
0.133432
0.122887
0.111728
0.0999136
0.087403
0.0741512
0.0601119
0.0452369
0.0294754
0.0127748
-0.00491974
-0.0236646
-0.0435175
-0.0645364
-0.0867777
-0.110294
-0.135127
-0.161308
-0.188839
-0.217685
-0.247752
-0.278861
-0.310711
-0.342839
-0.374566
-0.404949
-0.432732
-0.456319
-0.473786
-0.482941
-0.481468
-0.467132
-0.43805
-0.392972
-0.3315
-0.254164
-0.162289
-0.0577109
0.0225407
0.0634423
0.0997834
0.13144
0.158497
0.181181
0.199816
0.214784
0.226489
0.235339
0.241721
0.245993
0.248478
0.249461
0.249188
0.24787
0.245682
0.242769
0.239249
0.235216
0.23074
0.225877
0.220664
0.215127
0.20928
0.203128
0.196668
0.18989
0.182779
0.175316
0.167477
0.159235
0.150561
0.141421
0.131783
0.121609
0.110861
0.0994971
0.0874759
0.0747524
0.0612793
0.0470073
0.0318844
0.0158557
-0.00113632
-0.0191524
-0.0382557
-0.0585121
-0.0799886
-0.102752
-0.126865
-0.152383
-0.179344
-0.207757
-0.237583
-0.268712
-0.300923
-0.333839
-0.366873
-0.399158
-0.429485
-0.456251
-0.477441
-0.490668
-0.493295
-0.482652
-0.456348
-0.412616
-0.350622
-0.270616
-0.173841
-0.0622209
0.0234905
0.0660161
0.103594
0.136062
0.163526
0.18626
0.204655
0.219161
0.23025
0.238384
0.244
0.247493
0.249214
0.249468
0.248516
0.246575
0.243827
0.240419
0.236467
0.232064
0.227279
0.222166
0.216759
0.211081
0.205145
0.198953
0.1925
0.185776
0.178764
0.171443
0.16379
0.155776
0.147372
0.138545
0.129261
0.119483
0.109173
0.098289
0.0867895
0.0746294
0.0617615
0.0481361
0.0337004
0.0183988
0.0021717
-0.015044
-0.0333156
-0.0527144
-0.073316
-0.0951986
-0.118442
-0.143124
-0.169313
-0.197061
-0.226383
-0.257237
-0.289487
-0.322857
-0.356865
-0.39075
-0.423387
-0.453208
-0.478151
-0.495663
-0.502799
-0.496431
-0.473592
-0.431892
-0.369941
-0.287599
-0.18596
-0.0670162
0.024618
0.0690331
0.107999
0.141321
0.16914
0.191804
0.209795
0.223652
0.233932
0.241167
0.245848
0.248412
0.249242
0.248661
0.246942
0.244311
0.240951
0.237007
0.232597
0.227807
0.222705
0.217339
0.21174
0.205929
0.199914
0.193694
0.187264
0.18061
0.173714
0.166555
0.159107
0.151342
0.143231
0.134739
0.125834
0.116477
0.106631
0.0962558
0.085309
0.0737461
0.0615205
0.0485826
0.0348801
0.0203568
0.00495304
-0.0113958
-0.0287591
-0.047212
-0.0668357
-0.0877175
-0.10995
-0.13363
-0.158853
-0.185708
-0.214261
-0.244539
-0.276492
-0.30995
-0.344555
-0.379676
-0.41431
-0.446973
-0.475609
-0.49755
-0.509567
-0.508065
-0.489436
-0.450557
-0.38933
-0.305086
-0.198671
-0.0721224
0.0259755
0.0726157
0.113154
0.147366
0.17546
0.197894
0.21527
0.22825
0.237492
0.243614
0.247169
0.248641
0.248441
0.246915
0.244344
0.240957
0.236937
0.232427
0.227538
0.222352
0.216931
0.211317
0.205536
0.199604
0.193526
0.187298
0.18091
0.174347
0.167589
0.160613
0.153394
0.145902
0.138106
0.129974
0.121472
0.112563
0.103209
0.0933708
0.0830071
0.0720743
0.0605265
0.0483152
0.0353889
0.0216924
0.00716626
-0.0082538
-0.0246379
-0.0420629
-0.0606134
-0.0803825
-0.101472
-0.123994
-0.148066
-0.173809
-0.201335
-0.230734
-0.262043
-0.2952
-0.329983
-0.365916
-0.402154
-0.437349
-0.469516
-0.495935
-0.513145
-0.517093
-0.503477
-0.468318
-0.408635
-0.323046
-0.212012
-0.0775738
0.0276306
0.0769167
0.11924
0.154367
0.182614
0.204599
0.221094
0.232914
0.240846
0.245607
0.247823
0.248026
0.246656
0.244074
0.240569
0.236368
0.23165
0.226551
0.221174
0.215593
0.209862
0.204013
0.19807
0.192039
0.185921
0.179709
0.173389
0.166943
0.16035
0.153585
0.14662
0.139427
0.131974
0.124229
0.116157
0.107722
0.0988883
0.0896164
0.0798663
0.0695958
0.0587604
0.0473131
0.0352041
0.0223797
0.00878213
-0.00565174
-0.0209911
-0.0373128
-0.0547023
-0.0732558
-0.0930815
-0.114301
-0.137048
-0.161471
-0.18772
-0.215944
-0.246257
-0.27871
-0.313221
-0.349486
-0.386854
-0.424167
-0.459582
-0.490412
-0.51304
-0.522987
-0.515234
-0.484816
-0.427665
-0.341444
-0.226038
-0.0834168
0.0296713
0.0821286
0.12648
0.162514
0.190726
0.211966
0.227236
0.237549
0.243851
0.246973
0.247617
0.246365
0.243683
0.239941
0.23543
0.230371
0.224931
0.219236
0.213377
0.207415
0.201394
0.195339
0.189261
0.183163
0.177039
0.170876
0.164658
0.158363
0.151967
0.145444
0.138766
0.131902
0.124821
0.117491
0.109879
0.101948
0.0936636
0.0849879
0.0758822
0.0663061
0.0562169
0.0455699
0.0343174
0.022408
0.00978637
-0.00360816
-0.0178426
-0.032992
-0.0491407
-0.0663853
-0.0848362
-0.104621
-0.125885
-0.148794
-0.173532
-0.200294
-0.229269
-0.260608
-0.294372
-0.330442
-0.368387
-0.407293
-0.445539
-0.480569
-0.508713
-0.525147
-0.52413
-0.499603
-0.446172
-0.360233
-0.240822
-0.0897161
0.0322138
0.0884939
0.135133
0.172008
0.1999
0.219993
0.233598
0.241984
0.246282
0.247453
0.24628
0.243387
0.239261
0.234272
0.228703
0.222761
0.216597
0.21032
0.204003
0.197694
0.191422
0.185202
0.179034
0.172914
0.166827
0.160758
0.154683
0.14858
0.142421
0.136178
0.129822
0.123323
0.116649
0.109767
0.102646
0.0952506
0.0875465
0.0794981
0.0710682
0.0622186
0.0529091
0.0430974
0.0327386
0.0217845
0.0101829
-0.00212359
-0.0151985
-0.0291135
-0.0439501
-0.0598025
-0.0767803
-0.0950123
-0.11465
-0.135872
-0.158883
-0.183915
-0.21122
-0.24104
-0.273572
-0.308881
-0.346782
-0.386645
-0.427153
-0.465997
-0.499589
-0.522883
-0.529469
-0.512111
-0.463826
-0.379349
-0.256468
-0.0965635
0.0354142
0.096321
0.145507
0.183053
0.210193
0.228592
0.239976
0.245928
0.247799
0.246685
0.243448
0.238743
0.233063
0.226769
0.220121
0.213304
0.206444
0.199627
0.192904
0.186305
0.179844
0.173519
0.167323
0.16124
0.155249
0.149328
0.14345
0.137588
0.131713
0.125796
0.119805
0.11371
0.107481
0.101085
0.0944895
0.0876631
0.0805723
0.0731833
0.0654612
0.0573703
0.0488731
0.0399304
0.0305005
0.0205389
0.00999735
-0.00117733
-0.0130443
-0.0256705
-0.0391329
-0.0535212
-0.0689411
-0.0855189
-0.103407
-0.122787
-0.143878
-0.166939
-0.192265
-0.220178
-0.250993
-0.284956
-0.322128
-0.362206
-0.404246
-0.44631
-0.485062
-0.515411
-0.530405
-0.521602
-0.480171
-0.398684
-0.273113
-0.104091
0.0394882
0.106004
0.157946
0.195817
0.221563
0.237533
0.245997
0.248922
0.247902
0.244167
0.238639
0.231987
0.22469
0.217079
0.209379
0.201741
0.194256
0.186979
0.179937
0.173137
0.166572
0.160229
0.154085
0.148116
0.142295
0.13659
0.130973
0.125413
0.119878
0.114338
0.108761
0.103117
0.0973744
0.0915031
0.085472
0.0792504
0.0728071
0.0661105
0.0591283
0.0518275
0.0441739
0.0361316
0.0276629
0.0187272
0.00928084
-0.000724445
-0.0113425
-0.0226346
-0.0346716
-0.0475366
-0.0613292
-0.0761695
-0.0922046
-0.109615
-0.128623
-0.149501
-0.172573
-0.198219
-0.226851
-0.258876
-0.294597
-0.334049
-0.376724
-0.421179
-0.464519
-0.501854
-0.525908
-0.527109
-0.494553
-0.418052
-0.290941
-0.112496
0.0447419
0.118045
0.17282
0.210379
0.233785
0.246352
0.251045
0.250276
0.245888
0.239226
0.231238
0.222576
0.213672
0.204807
0.196153
0.187809
0.179825
0.172219
0.164985
0.158107
0.151558
0.145307
0.13932
0.133563
0.127999
0.122594
0.117314
0.112125
0.106995
0.101891
0.0967822
0.0916382
0.0864291
0.0811253
0.075698
0.0701181
0.0643567
0.058385
0.0521736
0.0456925
0.0389111
0.0317972
0.0243173
0.0164355
0.00811287
-0.000693312
-0.0100309
-0.0199546
-0.0305278
-0.041826
-0.0539398
-0.0669804
-0.0810855
-0.0964275
-0.113223
-0.131744
-0.152328
-0.175389
-0.201409
-0.230924
-0.264453
-0.302363
-0.344618
-0.390373
-0.437382
-0.481255
-0.514736
-0.527354
-0.506017
-0.437111
-0.310175
-0.122074
0.0516266
0.133085
0.190467
0.226612
0.246316
0.254219
0.254144
0.248984
0.2408
0.230997
0.220495
0.209877
0.199494
0.189544
0.180125
0.171273
0.162986
0.155238
0.147991
0.1412
0.134819
0.1288
0.123098
0.117667
0.112467
0.107457
0.1026
0.0978612
0.0932059
0.0886023
0.0840197
0.0794286
0.0748006
0.070108
0.0653238
0.0604215
0.0553751
0.0501584
0.0447454
0.0391096
0.033224
0.0270608
0.0205907
0.0137827
0.0066032
-0.000984678
-0.00902232
-0.0175571
-0.0266445
-0.0363505
-0.0467556
-0.0579591
-0.0700859
-0.0832943
-0.0977873
-0.113825
-0.13174
-0.151954
-0.17499
-0.20147
-0.232083
-0.267493
-0.308135
-0.353833
-0.403178
-0.452629
-0.495426
-0.520652
-0.513142
-0.455216
-0.331057
-0.133286
0.0608365
0.151916
0.211068
0.243969
0.258061
0.259747
0.25383
0.24365
0.231396
0.218428
0.205555
0.193222
0.181651
0.170925
0.161051
0.151987
0.143673
0.136037
0.129007
0.122511
0.116483
0.110862
0.105592
0.10062
0.0959005
0.0913902
0.0870498
0.0828431
0.0787366
0.074699
0.0707009
0.0667146
0.0627137
0.0586729
0.0545679
0.0503752
0.0460717
0.0416345
0.0370412
0.0322691
0.0272951
0.0220957
0.0166463
0.0109208
0.00489128
-0.00147314
-0.00820707
-0.0153503
-0.0229495
-0.0310607
-0.0397527
-0.0491113
-0.0592453
-0.0702947
-0.0824413
-0.0959227
-0.11105
-0.12823
-0.147988
-0.170983
-0.198015
-0.229978
-0.267726
-0.311763
-0.361658
-0.415068
-0.466325
-0.504815
-0.513806
-0.471161
-0.35376
-0.146865
0.0734763
0.175437
0.234347
0.261092
0.26703
0.260744
0.248009
0.232446
0.216175
0.200354
0.185555
0.17201
0.159758
0.148743
0.138859
0.129987
0.122005
0.114798
0.108261
0.102303
0.0968403
0.0918015
0.0871233
0.0827502
0.0786331
0.0747281
0.0709964
0.0674027
0.0639151
0.0605043
0.0571434
0.0538073
0.0504724
0.0471166
0.0437187
0.0402585
0.0367163
0.0330731
0.02931
0.0254083
0.0213492
0.0171134
0.0126811
0.00803142
0.00314177
-0.00201255
-0.00745931
-0.0132305
-0.019364
-0.0259053
-0.0329108
-0.0404514
-0.0486179
-0.0575285
-0.0673384
-0.0782539
-0.0905504
-0.104596
-0.120883
-0.140057
-0.162954
-0.190601
-0.224166
-0.264759
-0.31297
-0.367933
-0.425735
-0.47711
-0.504889
-0.482721
-0.378124
-0.16395
0.0913211
0.204418
0.258951
0.275167
0.269867
0.253971
0.233915
0.213201
0.193555
0.175705
0.159848
0.145921
0.133748
0.123114
0.113805
0.105625
0.0984001
0.0919827
0.086246
0.0810832
0.0764043
0.0721328
0.068204
0.0645624
0.0611602
0.057956
0.0549134
0.0520004
0.0491884
0.0464515
0.0437664
0.0411116
0.0384672
0.0358148
0.0331368
0.0304168
0.0276389
0.024788
0.021849
0.0188073
0.0156483
0.0123572
0.00891864
0.00531678
0.00153444
-0.00244717
-0.00664918
-0.011096
-0.0158167
-0.0208463
-0.0262287
-0.0320194
-0.0382902
-0.0451352
-0.0526795
-0.0610915
-0.0705996
-0.0815155
-0.0942661
-0.109435
-0.127811
-0.150439
-0.178645
-0.213974
-0.257919
-0.311202
-0.372242
-0.434415
-0.482005
-0.485942
-0.403027
-0.186191
0.117234
0.238722
0.281157
0.280907
0.261346
0.235092
0.208353
0.183802
0.162318
0.143947
0.128396
0.115267
0.104164
0.0947313
0.086669
0.0797286
0.0737078
0.0684426
0.0638002
0.0596726
0.055972
0.0526261
0.049575
0.0467687
0.0441651
0.0417283
0.0394275
0.0372358
0.0351298
0.0330883
0.0310927
0.0291261
0.0271728
0.0252187
0.0232502
0.0212551
0.0192213
0.0171376
0.014993
0.0127768
0.0104786
0.00808757
0.00559297
0.00298344
0.000246896
-0.00262992
-0.00566196
-0.00886658
-0.0122644
-0.0158808
-0.0197472
-0.0239043
-0.0284046
-0.0333178
-0.0387374
-0.0447904
-0.0516512
-0.0595621
-0.0688618
-0.0800269
-0.0937283
-0.110905
-0.132851
-0.161278
-0.198277
-0.245961
-0.305348
-0.373707
-0.439408
-0.474159
-0.425181
-0.215876
0.156131
0.275089
0.291985
0.268808
0.233908
0.199028
0.168432
0.14302
0.122382
0.10574
0.0923053
0.0813993
0.0724724
0.0650945
0.0589337
0.0537347
0.0493008
0.0454802
0.0421545
0.0392305
0.0366346
0.0343077
0.0322019
0.0302781
0.0285038
0.0268519
0.0252993
0.0238264
0.0224159
0.021053
0.0197242
0.0184176
0.0171226
0.0158291
0.0145282
0.0132114
0.0118707
0.0104988
0.0090883
0.00763235
0.0061241
0.00455674
0.00292338
0.0012168
-0.00057062
-0.00244726
-0.00442263
-0.00650776
-0.00871589
-0.0110633
-0.0135706
-0.0162643
-0.019179
-0.0223611
-0.025873
-0.0298004
-0.0342622
-0.0394254
-0.0455276
-0.0529106
-0.0620715
-0.0737378
-0.0889769
-0.109342
-0.137031
-0.174952
-0.226329
-0.292941
-0.370146
-0.436581
-0.436771
-0.256244
0.213989
0.300599
0.272376
0.223958
0.178793
0.14195
0.113583
0.0922027
0.0761062
0.0638876
0.0544963
0.0471721
0.0413716
0.0367063
0.0328977
0.0297438
0.0270964
0.0248457
0.0229087
0.0212223
0.0197376
0.0184162
0.0172277
0.0161477
0.015156
0.0142361
0.0133743
0.0125588
0.0117794
0.0110275
0.0102954
0.00957619
0.0088638
0.00815267
0.00743772
0.00671428
0.00597798
0.00522474
0.00445067
0.00365203
0.0028252
0.00196657
0.00107252
0.000139257
-0.000837184
-0.00186122
-0.00293785
-0.00407291
-0.00527348
-0.00654833
-0.00790862
-0.00936884
-0.0109481
-0.012672
-0.0145754
-0.0167063
-0.0191318
-0.0219468
-0.0252882
-0.0293563
-0.0344491
-0.0410185
-0.0497613
-0.0617702
-0.0787736
-0.103491
-0.140014
-0.193639
-0.268269
-0.357424
-0.419017
-0.305816
0.266009
0.275956
0.198597
0.138937
0.098465
0.0710666
0.0526646
0.0402609
0.0317401
0.0257329
0.0213806
0.018142
0.0156703
0.0137395
0.0121991
0.0109465
0.00991046
0.00903989
0.00829778
0.00765661
0.00709559
0.00659874
0.00615355
0.0057501
0.0053804
0.0050379
0.00471716
0.00441362
0.00412338
0.00384309
0.00356981
0.00330094
0.00303418
0.00276745
0.00249886
0.00222667
0.00194929
0.00166523
0.00137307
0.00107148
0.000759161
0.000434837
9.72134e-05
-0.000254966
-0.000623172
-0.00100898
-0.00141419
-0.0018409
-0.00229173
-0.00276995
-0.00327976
-0.00382669
-0.00441806
-0.00506376
-0.00577729
-0.00657733
-0.00749012
-0.00855299
-0.00982012
-0.0113717
-0.013329
-0.0158809
-0.0193309
-0.0241843
-0.0313196
-0.0423285
-0.0601788
-0.0903349
-0.141897
-0.2255
-0.331008
-0.319485
0.142935
0.125432
0.0767436
0.0457848
0.028022
0.0176531
0.0115782
0.00799238
0.00581832
0.00444643
0.00354119
0.00291652
0.00246691
0.00213089
0.00187146
0.00166552
0.00149814
0.00135927
0.00124196
0.00114123
0.00105343
0.000975811
0.000906283
0.000843195
0.000785236
0.00073134
0.00068063
0.000632374
0.000585946
0.000540811
0.000496502
0.000452608
0.000408766
0.000364647
0.000319957
0.000274428
0.000227814
0.000179887
0.000130436
7.92599e-05
2.61665e-05
-2.90387e-05
-8.6557e-05
-0.000146502
-0.000209159
-0.000274768
-0.000343604
-0.000416007
-0.000492411
-0.000573372
-0.000659624
-0.000752141
-0.000852237
-0.000961694
-0.00108297
-0.00121946
-0.00137596
-0.00155932
-0.00177952
-0.00205146
-0.00239798
-0.00285552
-0.00348475
-0.00439278
-0.00578228
-0.00806645
-0.0121428
-0.0200324
-0.0362275
-0.069559
-0.12766
-0.152141
)
;

boundaryField
{
    movingWall
    {
        type            calculated;
        value           uniform 0;
    }
    fixedWalls
    {
        type            calculated;
        value           uniform 0;
    }
    frontAndBack
    {
        type            empty;
    }
}


// ************************************************************************* //
