/*--------------------------------*- C++ -*----------------------------------*\
  =========                 |
  \\      /  F ield         | OpenFOAM: The Open Source CFD Toolbox
   \\    /   O peration     | Website:  https://openfoam.org
    \\  /    A nd           | Version:  dev
     \\/     M anipulation  |
\*---------------------------------------------------------------------------*/
FoamFile
{
    format      ascii;
    class       volScalarField;
    location    "49.95";
    object      p;
}
// * * * * * * * * * * * * * * * * * * * * * * * * * * * * * * * * * * * * * //

dimensions      [0 2 -2 0 0 0 0];

internalField   nonuniform List<scalar> 
5184
(
5.70982e-07
-1.16009e-05
-9.76399e-05
-0.0002506
-0.000450098
-0.000678863
-0.000922665
-0.00116952
-0.00141029
-0.00163783
-0.00184671
-0.00203291
-0.0021935
-0.00232637
-0.00243004
-0.00250351
-0.0025461
-0.00255738
-0.00253707
-0.00248501
-0.00240112
-0.00228536
-0.00213781
-0.00195858
-0.00174792
-0.00150619
-0.00123395
-0.000931945
-0.000601161
-0.000242872
0.000141335
0.000549535
0.000979434
0.00142836
0.00189324
0.00237064
0.00285674
0.00334736
0.00383802
0.00432399
0.00480033
0.00526195
0.00570373
0.00612058
0.00650756
0.00685995
0.00717337
0.00744391
0.00766818
0.00784346
0.00796772
0.00803977
0.00805927
0.00802677
0.00794378
0.00781274
0.00763706
0.00742104
0.0071699
0.00688971
0.00658732
0.00627036
0.00594712
0.00562659
0.0053183
0.00503236
0.00477926
0.00456964
0.00441345
0.00431917
0.00429226
0.00431958
1.34734e-05
9.06447e-07
-7.37453e-05
-0.000201572
-0.000366908
-0.000557271
-0.00076173
-0.000970678
-0.00117619
-0.00137188
-0.00155269
-0.00171472
-0.00185499
-0.00197127
-0.00206191
-0.00212572
-0.00216183
-0.00216964
-0.00214874
-0.00209883
-0.00201974
-0.00191138
-0.00177376
-0.00160698
-0.00141126
-0.00118697
-0.00093463
-0.000654981
-0.000348978
-1.78378e-05
0.000336932
0.000713514
0.00110976
0.00152317
0.00195091
0.00238979
0.0028363
0.0032866
0.0037366
0.00418199
0.00461825
0.00504078
0.00544495
0.00582617
0.00617997
0.00650214
0.00678876
0.00703635
0.00724193
0.00740311
0.00751817
0.00758611
0.00760676
0.00758071
0.00750946
0.00739534
0.00724152
0.00705202
0.00683164
0.00658595
0.00632119
0.00604423
0.00576253
0.00548401
0.00521698
0.00497002
0.0047518
0.00457069
0.004434
0.00434766
0.0043191
0.00434677
0.000100043
7.53324e-05
-3.33164e-08
-0.000117628
-0.000265409
-0.000433734
-0.000613891
-0.000798046
-0.000979497
-0.00115269
-0.00131311
-0.00145717
-0.00158205
-0.00168558
-0.00176612
-0.00182241
-0.00185353
-0.00185881
-0.00183773
-0.00178995
-0.00171522
-0.0016134
-0.00148444
-0.00132841
-0.00114549
-0.000936015
-0.000700467
-0.000439528
-0.000154095
0.000154689
0.000485412
0.000836372
0.00120556
0.00159064
0.00198896
0.00239756
0.00281316
0.0032322
0.00365088
0.00406517
0.00447091
0.00486383
0.00523963
0.00559407
0.00592304
0.00622264
0.00648927
0.00671976
0.00691137
0.00706194
0.00716995
0.00723453
0.00725558
0.00723375
0.00717047
0.00706798
0.0069293
0.00675819
0.00655916
0.00633735
0.00609855
0.00584904
0.0055956
0.00534534
0.00510563
0.00488391
0.00468771
0.00452406
0.004399
0.00431774
0.00428994
0.00432062
0.000255125
0.000203731
0.000115904
-3.0951e-06
-0.000145593
-0.000303809
-0.000470614
-0.000639637
-0.000805341
-0.000963036
-0.00110885
-0.00123964
-0.0013529
-0.00144666
-0.00151938
-0.0015699
-0.0015973
-0.0016009
-0.00158017
-0.00153473
-0.00146428
-0.00136864
-0.00124772
-0.00110152
-0.00093019
-0.000733983
-0.000513324
-0.000268819
-1.28239e-06
0.000288241
0.000598449
0.000927764
0.00127431
0.00163593
0.00201012
0.00239411
0.00278482
0.00317891
0.0035728
0.00396269
0.00434466
0.00471469
0.0050687
0.0054027
0.00571281
0.00599533
0.00624689
0.00646446
0.00664551
0.00678799
0.00689049
0.00695222
0.0069731
0.00695379
0.00689568
0.00680092
0.00667239
0.00651367
0.00632899
0.00612322
0.00590172
0.00567035
0.00543533
0.00520314
0.00498043
0.00477388
0.00459011
0.00443541
0.00431521
0.00423456
0.00420351
0.0042288
0.000459965
0.000371364
0.000262744
0.000135003
-9.40721e-06
-0.000164318
-0.000323959
-0.000483328
-0.000638015
-0.00078422
-0.00091876
-0.00103902
-0.00114288
-0.00122866
-0.00129501
-0.0013409
-0.00136549
-0.00136814
-0.00134834
-0.00130567
-0.00123984
-0.00115059
-0.00103781
-0.000901433
-0.000741526
-0.000558279
-0.000352031
-0.000123293
0.000127226
0.000398594
0.000689636
0.00099891
0.00132469
0.00166496
0.00201741
0.00237943
0.00274812
0.00312032
0.00349265
0.00386152
0.00422316
0.00457376
0.00490943
0.00522633
0.00552075
0.00578915
0.00602828
0.00623525
0.00640761
0.0065434
0.00664125
0.00670042
0.00672084
0.00670313
0.00664864
0.00655943
0.00643825
0.00628851
0.00611424
0.00592001
0.00571087
0.00549228
0.00527
0.00504997
0.00483826
0.00464088
0.00446374
0.00431247
0.00419206
0.00410727
0.00406687
0.00407674
0.000698388
0.000566349
0.000431154
0.000289074
0.000137097
-2.00044e-05
-0.000177623
-0.000332018
-0.000479854
-0.000618203
-0.00074459
-0.000856961
-0.000953644
-0.00103329
-0.0010948
-0.00113733
-0.00116015
-0.00116269
-0.00114449
-0.00110513
-0.0010443
-0.000961721
-0.000857207
-0.000730642
-0.00058201
-0.000411412
-0.000219084
-5.42784e-06
0.000228967
0.0004833
0.000756532
0.00104737
0.00135423
0.00167526
0.00200831
0.00235093
0.00270039
0.0030537
0.00340761
0.0037587
0.00410336
0.00443789
0.00475855
0.0050616
0.00534343
0.0056006
0.00582993
0.00602858
0.00619415
0.0063247
0.00641889
0.00647595
0.0064958
0.00647901
0.00642687
0.00634135
0.00622507
0.0060813
0.00591389
0.00572718
0.00552593
0.00531529
0.00510061
0.00488741
0.00468124
0.0044876
0.00431181
0.00415891
0.00403348
0.00393994
0.00388476
0.00387171
0.000956599
0.000777805
0.000612229
0.000451644
0.000287674
0.00012393
-3.59696e-05
-0.000189423
-0.000334096
-0.000467898
-0.000589052
-0.000696084
-0.000787788
-0.000863179
-0.000921459
-0.000961966
-0.000984148
-0.00098753
-0.000971692
-0.000936258
-0.000880892
-0.000805295
-0.000709222
-0.000592487
-0.000454987
-0.000296719
-0.000117807
8.14707e-05
0.00030066
0.0005391
0.0007959
0.00106991
0.00135973
0.00166363
0.00197962
0.00230542
0.00263843
0.00297579
0.00331441
0.00365096
0.00398194
0.00430375
0.00461271
0.00490516
0.00517752
0.00542638
0.00564858
0.00584129
0.00600207
0.00612899
0.00622065
0.00627625
0.00629564
0.00627934
0.00622856
0.00614516
0.00603166
0.00589121
0.00572748
0.00554463
0.00534721
0.00514007
0.00492828
0.004717
0.00451137
0.00431646
0.00413712
0.00397791
0.00384307
0.00373666
0.00366234
0.00362135
0.00122247
0.000995586
0.000797368
0.000615417
0.000436247
0.000262498
9.6959e-05
-5.87984e-05
-0.000203364
-0.000335436
-0.000453918
-0.000557908
-0.000646671
-0.000719608
-0.000776219
-0.000816076
-0.000838795
-0.000844017
-0.000831391
-0.000800573
-0.000751223
-0.000683014
-0.000595642
-0.000488847
-0.000362427
-0.000216269
-5.03736e-05
0.00013512
0.000339903
0.000563463
0.000805068
0.00106373
0.00133818
0.00162688
0.00192797
0.00223931
0.00255843
0.00288259
0.00320881
0.00353383
0.00385424
0.00416646
0.00446687
0.00475181
0.00501769
0.00526109
0.0054788
0.00566793
0.00582599
0.00595098
0.00604141
0.00609641
0.00611573
0.00609981
0.00604975
0.00596732
0.00585494
0.00571562
0.00555292
0.00537082
0.00517372
0.00496626
0.00475325
0.00453958
0.00433009
0.00412951
0.00394231
0.00377266
0.00362456
0.00350175
0.00340497
0.00333281
0.00148572
0.00121053
0.000978502
0.000773352
0.000576755
0.000390549
0.000216815
5.61977e-05
-9.07455e-05
-0.000223455
-0.000341478
-0.000444469
-0.000532159
-0.000604331
-0.000660792
-0.000701354
-0.000725809
-0.00073392
-0.000725415
-0.000699983
-0.000657285
-0.00059696
-0.000518646
-0.000421998
-0.000306713
-0.000172555
-1.9389e-05
0.000152793
0.000343835
0.000553388
0.000780881
0.00102549
0.00128611
0.00156135
0.00184949
0.00214853
0.00245612
0.00276963
0.00308613
0.00340246
0.00371521
0.00402084
0.00431571
0.00459612
0.00485844
0.00509918
0.00531503
0.00550301
0.00566052
0.00578543
0.00587613
0.00593162
0.00595156
0.00593623
0.00588664
0.00580445
0.00569196
0.00555209
0.00538826
0.00520435
0.00500459
0.0047935
0.0045757
0.00435589
0.00413869
0.00392856
0.00372971
0.00354602
0.00338134
0.0032392
0.00311744
0.00301211
0.00173738
0.00141438
0.00114813
0.000918712
0.000703226
0.000502828
0.000318998
0.000151534
2.0859e-07
-0.000135109
-0.000254577
-0.000358381
-0.000446699
-0.00051969
-0.000577462
-0.000620064
-0.000647465
-0.000659554
-0.000656135
-0.000636931
-0.0006016
-0.000549747
-0.000480943
-0.000394753
-0.000290763
-0.000168608
-2.80045e-05
0.000131209
0.000309044
0.00050532
0.000719635
0.000951334
0.00119948
0.00146282
0.00173981
0.00202854
0.00232679
0.002632
0.00294133
0.00325162
0.00355951
0.00386142
0.00415366
0.00443248
0.00469415
0.00493504
0.00515174
0.00534111
0.00550037
0.00562725
0.00571996
0.00577734
0.00579888
0.00578473
0.00573575
0.00565348
0.0055401
0.00539843
0.00523178
0.00504394
0.00483906
0.00462151
0.00439584
0.00416661
0.0039383
0.00371522
0.00350139
0.00330048
0.00311635
0.00295242
0.00280376
0.00266404
0.00196949
0.00159961
0.00129927
0.00104509
0.000809836
0.000594086
0.000398786
0.000222963
6.56636e-05
-7.38899e-05
-0.00019643
-0.000302641
-0.000393133
-0.000468418
-0.000528898
-0.000574849
-0.000606413
-0.000623599
-0.000626281
-0.000614215
-0.000587049
-0.000544346
-0.000485605
-0.000410295
-0.000317879
-0.000207852
-7.97784e-05
6.6672e-05
0.000231683
0.000415255
0.000617163
0.000836925
0.00107377
0.00132662
0.00159405
0.00187428
0.0021652
0.00246433
0.00276885
0.00307566
0.00338136
0.00368234
0.00397483
0.00425497
0.0045189
0.00476285
0.0049832
0.00517663
0.00534016
0.00547129
0.00556802
0.00562899
0.00565348
0.00564147
0.00559364
0.00551139
0.00539678
0.00525251
0.00508181
0.0048884
0.00467635
0.00444999
0.0042138
0.00397228
0.00372987
0.00349082
0.00325905
0.00303814
0.00283204
0.00264422
0.00246712
0.00229218
0.00217489
0.00175935
0.00142539
0.00114638
0.000890939
0.000659122
0.000451407
0.000266104
0.000101582
-4.35409e-05
-0.000170534
-0.000280555
-0.000374617
-0.00045357
-0.000518092
-0.000568675
-0.000605621
-0.000629049
-0.0006389
-0.000634948
-0.000616828
-0.000584051
-0.000536037
-0.000472146
-0.000391711
-0.00029408
-0.00017865
-4.49158e-05
0.000107491
0.000278758
0.000468848
0.000677464
0.00090401
0.00114756
0.00140684
0.00168021
0.00196564
0.00226072
0.00256269
0.00286843
0.00317453
0.0034773
0.00377288
0.00405728
0.00432645
0.00457643
0.00480339
0.00500375
0.00517428
0.00531221
0.00541529
0.00548189
0.00551106
0.00550255
0.00545685
0.00537517
0.00525943
0.00511221
0.00493668
0.00473649
0.00451567
0.00427854
0.00402958
0.00377331
0.00351419
0.00325647
0.00300412
0.00276071
0.00253038
0.00231679
0.00210992
0.0018991
0.00234705
0.00188722
0.00152039
0.00121678
0.000941063
0.000692815
0.000472077
0.000276489
0.000103779
-4.79962e-05
-0.000180616
-0.00029568
-0.00039458
-0.000478485
-0.000548327
-0.000604798
-0.000648349
-0.000679195
-0.00069733
-0.000702541
-0.000694435
-0.000672464
-0.000635958
-0.000584157
-0.000516255
-0.000431439
-0.000328933
-0.000208042
-6.82044e-05
9.09657e-05
0.00026963
0.000467685
0.000684716
0.000919972
0.00117233
0.00144026
0.00172186
0.00201478
0.00231629
0.00262328
0.00293227
0.00323952
0.00354102
0.00383263
0.0041101
0.00436922
0.00460591
0.00481628
0.00499682
0.00514442
0.00525653
0.00533121
0.0053672
0.00536399
0.00532183
0.00524172
0.00512543
0.00497539
0.00479469
0.00458695
0.00435617
0.00410672
0.00384312
0.00356997
0.00329182
0.00301305
0.00273771
0.00246951
0.00221289
0.00197181
0.00173388
0.00148645
0.00247987
0.00197724
0.00157847
0.00125075
0.000954921
0.000690144
0.000456042
0.000249613
6.79848e-05
-9.13245e-05
-0.000230569
-0.000351768
-0.000456667
-0.000546728
-0.000623122
-0.000686722
-0.000738109
-0.000777582
-0.000805174
-0.000820673
-0.000823646
-0.000813473
-0.000789381
-0.000750485
-0.000695825
-0.000624416
-0.000535296
-0.000427571
-0.000300473
-0.000153405
1.40048e-05
0.000201858
0.000409939
0.000637674
0.000884101
0.00114784
0.00142707
0.00171954
0.00202254
0.00233295
0.00264727
0.00296163
0.00327189
0.00357371
0.00386263
0.00413416
0.00438389
0.00460763
0.00480149
0.00496198
0.00508619
0.0051718
0.0052172
0.00522157
0.00518486
0.00510784
0.00499205
0.00483979
0.00465407
0.00443844
0.00419695
0.00393401
0.00365425
0.00336241
0.0030632
0.00276122
0.0024607
0.00216558
0.0018807
0.00161041
0.0013401
0.00105516
0.00256763
0.00202381
0.00159416
0.00124296
0.000927403
0.000646208
0.000398606
0.000180982
-1.01149e-05
-0.000177675
-0.000324405
-0.000452714
-0.000564684
-0.000662047
-0.000746191
-0.000818152
-0.000878624
-0.000927974
-0.00096626
-0.000993254
-0.00100847
-0.00101121
-0.00100059
-0.000975566
-0.00093503
-0.000877809
-0.000802742
-0.000708724
-0.000594764
-0.000460042
-0.000303961
-0.000126197
7.32438e-05
0.000293986
0.000535241
0.00079578
0.0010739
0.00136744
0.00167372
0.00198962
0.00231159
0.00263565
0.00295751
0.00327262
0.00357625
0.00386361
0.00412995
0.00437068
0.00458149
0.00475849
0.00489829
0.00499816
0.00505608
0.00507082
0.00504199
0.00497008
0.00485638
0.00470303
0.0045129
0.00428953
0.00403699
0.00375978
0.00346269
0.00315065
0.00282862
0.00250147
0.00217373
0.00184964
0.00153456
0.00123335
0.000929185
0.000605541
0.00260492
0.00202159
0.00156225
0.00118835
0.000853585
0.000556243
0.000295164
6.61424e-05
-0.000134829
-0.000311229
-0.000466194
-0.000602504
-0.00072255
-0.000828318
-0.00092139
-0.00100295
-0.00107378
-0.00113431
-0.0011846
-0.00122439
-0.00125314
-0.00127004
-0.00127408
-0.00126408
-0.00123874
-0.0011967
-0.00113658
-0.00105705
-0.000956878
-0.000835011
-0.000690605
-0.000523098
-0.000332266
-0.000118267
0.000118304
0.000376388
0.00065442
0.000950322
0.00126149
0.0015848
0.00191663
0.00225293
0.00258923
0.00292075
0.00324249
0.0035493
0.00383604
0.00409768
0.00432946
0.00452698
0.00468634
0.00480432
0.00487838
0.00490686
0.00488894
0.00482475
0.00471531
0.00456253
0.00436915
0.00413867
0.00387519
0.00358334
0.00326808
0.00293463
0.00258824
0.00223415
0.00187726
0.00152222
0.00117499
0.000841041
0.000501342
0.000137451
0.00258659
0.00196552
0.00147777
0.00108207
0.000728734
0.000415637
0.000141228
-9.92774e-05
-0.000310423
-0.000496157
-0.000660026
-0.000805162
-0.000934245
-0.00104949
-0.00115267
-0.00124508
-0.00132759
-0.00140066
-0.00146434
-0.00151833
-0.00156201
-0.00159447
-0.00161455
-0.0016209
-0.00161205
-0.0015864
-0.00154237
-0.00147837
-0.00139293
-0.00128472
-0.00115264
-0.000995868
-0.000813925
-0.000606731
-0.000374661
-0.000118582
0.000160102
0.000459431
0.000776871
0.00110932
0.00145313
0.00180412
0.00215768
0.00250878
0.00285211
0.00318216
0.00349336
0.00378018
0.00403733
0.00425984
0.00444325
0.00458372
0.00467817
0.00472437
0.00472101
0.0046678
0.0045654
0.00441546
0.00422057
0.00398413
0.00371031
0.00340385
0.00306998
0.00271419
0.00234214
0.00195949
0.00157162
0.00118365
0.00080228
0.00043364
5.64888e-05
-0.000349598
0.00250773
0.0018508
0.001336
0.000919481
0.000548316
0.000219951
-6.75509e-05
-0.000319539
-0.000541078
-0.000736572
-0.00090996
-0.0010647
-0.00120376
-0.00132956
-0.00144402
-0.00154856
-0.00164412
-0.00173116
-0.00180971
-0.00187943
-0.00193959
-0.00198916
-0.00202683
-0.00205108
-0.00206021
-0.00205244
-0.0020259
-0.00197877
-0.0019093
-0.00181587
-0.00169711
-0.00155189
-0.00137947
-0.00117949
-0.000952079
-0.000697885
-0.00041812
-0.000114596
0.000210254
0.000553369
0.000911078
0.00127912
0.00165271
0.00202658
0.0023951
0.00275236
0.00309232
0.00340891
0.00369624
0.0039487
0.00416118
0.00432915
0.00444886
0.00451745
0.00453302
0.00449474
0.00440286
0.00425871
0.00406465
0.00382401
0.00354096
0.00322041
0.00286784
0.00248911
0.00209033
0.00167767
0.00125706
0.000834197
0.000416588
1.11511e-05
-0.000405659
-0.000856329
0.00236368
0.00167285
0.00113247
0.000696194
0.000308012
-3.50612e-05
-0.00033535
-0.000598757
-0.000830858
-0.00103649
-0.00121998
-0.00138509
-0.00153505
-0.00167247
-0.00179943
-0.00191743
-0.00202745
-0.00212997
-0.00222499
-0.00231207
-0.0023904
-0.00245881
-0.00251582
-0.00255972
-0.00258861
-0.00260044
-0.00259311
-0.0025645
-0.00251256
-0.0024354
-0.0023313
-0.00219884
-0.00203696
-0.00184499
-0.0016228
-0.00137074
-0.00108983
-0.000781676
-0.000448585
-9.35401e-05
0.000279791
0.000667083
0.00106339
0.00146321
0.00186058
0.00224918
0.00262244
0.00297372
0.00329646
0.00358435
0.0038315
0.00403261
0.00418317
0.00427955
0.00431917
0.00430057
0.00422347
0.0040888
0.00389864
0.00365618
0.00336561
0.00303199
0.00266107
0.00225914
0.00183281
0.00138885
0.000933805
0.000474059
1.80248e-05
-0.000426503
-0.000885486
-0.00138359
0.00215002
0.00142737
0.000862962
0.000408059
3.73407e-06
-0.00035343
-0.000666151
-0.000940872
-0.00118366
-0.00139979
-0.00159393
-0.00177017
-0.00193196
-0.0020821
-0.0022228
-0.00235563
-0.00248162
-0.00260122
-0.00271439
-0.00282062
-0.00291897
-0.00300812
-0.00308643
-0.00315198
-0.00320264
-0.0032361
-0.00324998
-0.00324187
-0.00320942
-0.00315038
-0.0030627
-0.00294462
-0.00279472
-0.00261201
-0.002396
-0.00214677
-0.00186505
-0.00155223
-0.00121042
-0.000842503
-0.000452096
-4.35665e-05
0.000378009
0.000806904
0.00123682
0.00166099
0.00207232
0.00246353
0.00282734
0.00315663
0.00344466
0.00368525
0.00387299
0.00400338
0.00407301
0.00407969
0.00402248
0.00390181
0.0037194
0.00347824
0.00318252
0.00283741
0.00244899
0.00202398
0.00156956
0.00109318
0.000602102
0.000103468
-0.000393289
-0.0008794
-0.00138339
-0.00193225
0.0018626
0.00111033
0.000523521
5.11872e-05
-0.000368352
-0.000738945
-0.00106371
-0.00134961
-0.00160321
-0.00183017
-0.00203553
-0.00222365
-0.00239822
-0.0025622
-0.00271792
-0.00286702
-0.00301053
-0.00314891
-0.00328205
-0.00340934
-0.00352972
-0.00364171
-0.0037435
-0.00383293
-0.00390763
-0.00396505
-0.00400249
-0.00401724
-0.00400658
-0.00396793
-0.00389886
-0.00379722
-0.00366121
-0.00348946
-0.00328111
-0.00303588
-0.00275416
-0.00243707
-0.0020865
-0.00170515
-0.00129655
-0.000865064
-0.000415871
4.50954e-05
0.000511214
0.000975278
0.00142963
0.0018663
0.00227723
0.00265441
0.00299016
0.00327728
0.00350933
0.00368081
0.00378733
0.00382581
0.00379455
0.00369333
0.00352341
0.00328752
0.00298974
0.0026354
0.00223085
0.00178331
0.0013006
0.000790896
0.000262282
-0.000277256
-0.000817144
-0.00134753
-0.00189971
-0.00250314
0.00149753
0.000717978
0.000110483
-0.000378027
-0.000811805
-0.00119513
-0.00153152
-0.00182846
-0.00209296
-0.00233109
-0.00254823
-0.00274902
-0.00293733
-0.00311632
-0.00328838
-0.00345524
-0.00361793
-0.00377688
-0.0039319
-0.00408231
-0.00422689
-0.00436402
-0.00449166
-0.00460746
-0.00470879
-0.00479279
-0.00485648
-0.00489679
-0.00491065
-0.00489508
-0.00484726
-0.00476461
-0.00464491
-0.00448635
-0.00428764
-0.0040481
-0.00376773
-0.0034473
-0.00308841
-0.00269352
-0.00226602
-0.00181022
-0.00133134
-0.000835502
-0.000329619
0.000178659
0.000681092
0.001169
0.00163347
0.00206553
0.00245644
0.00279787
0.00308221
0.00330278
0.00345406
0.0035319
0.00353368
0.00345839
0.00330669
0.00308095
0.00278508
0.00242449
0.00200585
0.00153685
0.00102602
0.000482338
-8.51944e-05
-0.000667642
-0.00125317
-0.00183073
-0.00243459
-0.0030969
0.00105128
0.000246874
-0.000379507
-0.000882885
-0.00132989
-0.00172523
-0.00207281
-0.00238062
-0.00265612
-0.00290578
-0.00313527
-0.0033495
-0.00355256
-0.00374774
-0.00393753
-0.0041237
-0.00430729
-0.00448868
-0.00466764
-0.00484335
-0.00501447
-0.00517921
-0.00533532
-0.00548022
-0.005611
-0.00572454
-0.0058175
-0.00588646
-0.00592797
-0.00593863
-0.00591518
-0.00585458
-0.00575413
-0.00561154
-0.00542504
-0.00519347
-0.00491638
-0.00459412
-0.0042279
-0.00381991
-0.0033733
-0.00289226
-0.00238201
-0.00184878
-0.00129977
-0.000743041
-0.000187416
0.000357681
0.000882427
0.00137682
0.00183094
0.00223519
0.00258064
0.00285926
0.00306421
0.00319008
0.00323313
0.00319138
0.00306477
0.0028551
0.00256608
0.00220309
0.0017731
0.00128431
0.000745973
0.000167985
-0.000439675
-0.001067
-0.00170076
-0.00232859
-0.00298796
-0.00371394
0.000520597
-0.000306085
-0.000949471
-0.00146636
-0.00192554
-0.00233215
-0.00269048
-0.00300899
-0.0032956
-0.00355712
-0.00379955
-0.00402804
-0.00424687
-0.00445945
-0.00466839
-0.00487548
-0.00508175
-0.00528756
-0.00549259
-0.00569592
-0.00589607
-0.00609106
-0.00627845
-0.00645542
-0.00661878
-0.0067651
-0.0068907
-0.00699179
-0.00706449
-0.00710497
-0.0071095
-0.00707453
-0.00699683
-0.00687358
-0.00670247
-0.00648177
-0.00621053
-0.00588858
-0.0055167
-0.00509666
-0.00463131
-0.00412465
-0.00358182
-0.00300909
-0.00241388
-0.00180465
-0.00119078
-0.000582464
9.5362e-06
0.000574099
0.00110002
0.00157633
0.00199258
0.0023392
0.00260783
0.00279158
0.00288537
0.00288604
0.00279257
0.00260611
0.00232994
0.0019694
0.00153166
0.00102544
0.00046077
-0.00015149
-0.000800262
-0.00147436
-0.002159
-0.00284035
-0.0035594
-0.00435433
-9.73555e-05
-0.000943634
-0.00160207
-0.00213107
-0.00260135
-0.00301846
-0.00338708
-0.00371613
-0.00401394
-0.00428768
-0.00454364
-0.0047872
-0.00502283
-0.00525407
-0.0054836
-0.00571324
-0.00594405
-0.00617631
-0.00640965
-0.00664302
-0.00687481
-0.00710287
-0.00732455
-0.00753676
-0.00773607
-0.0079187
-0.00808064
-0.00821769
-0.00832555
-0.0083999
-0.00843649
-0.00843126
-0.00838039
-0.00828046
-0.00812854
-0.00792231
-0.00766017
-0.00734139
-0.00696619
-0.00653586
-0.00605285
-0.00552083
-0.00494478
-0.00433095
-0.0036869
-0.00302143
-0.00234446
-0.00166692
-0.00100057
-0.000357692
0.000249128
0.000807373
0.00130494
0.00173052
0.00207397
0.00232671
0.00248202
0.00253534
0.00248446
0.00232963
0.00207358
0.00172144
0.00128052
0.00076006
0.000170858
-0.000475169
-0.00116575
-0.00188838
-0.00262658
-0.00336487
-0.00414805
-0.00501772
-0.000805031
-0.00166812
-0.00233959
-0.00287925
-0.00335952
-0.00378635
-0.0041648
-0.00450422
-0.00481332
-0.00509963
-0.0053697
-0.00562915
-0.00588261
-0.00613376
-0.00638533
-0.00663921
-0.00689642
-0.00715722
-0.00742116
-0.00768709
-0.00795325
-0.00821731
-0.00847643
-0.00872728
-0.00896613
-0.00918888
-0.00939115
-0.00956834
-0.00971568
-0.00982838
-0.00990163
-0.00993077
-0.00991137
-0.00983935
-0.0097111
-0.00952359
-0.00927455
-0.00896255
-0.00858717
-0.00814908
-0.00765023
-0.00709387
-0.00648468
-0.00582881
-0.00513384
-0.00440884
-0.00366422
-0.00291165
-0.00216385
-0.00143434
-0.000737161
-8.65075e-05
0.000503679
0.00102013
0.0014507
0.0017848
0.00201383
0.0021315
0.00213412
0.00202081
0.00179352
0.001457
0.00101862
0.000488042
-0.000123121
-0.000801843
-0.00153455
-0.0023073
-0.0031017
-0.00390048
-0.00475255
-0.00570319
-0.00160445
-0.00248146
-0.00316389
-0.00371274
-0.00420187
-0.00463763
-0.00502541
-0.00537501
-0.00569549
-0.0059947
-0.00627946
-0.0065556
-0.00682791
-0.0071002
-0.00737527
-0.00765504
-0.00794053
-0.00823198
-0.00852884
-0.00882989
-0.00913321
-0.00943633
-0.00973617
-0.0100292
-0.0103113
-0.0105782
-0.0108251
-0.0110469
-0.0112384
-0.0113944
-0.0115093
-0.0115779
-0.0115952
-0.0115563
-0.0114568
-0.0112931
-0.0110619
-0.010761
-0.0103894
-0.00994696
-0.00943496
-0.00885612
-0.00821472
-0.00751661
-0.00676936
-0.00598217
-0.00516586
-0.00433278
-0.0034966
-0.00267211
-0.00187488
-0.00112089
-0.000426089
0.000194071
0.000725167
0.00115432
0.00147069
0.00166594
0.00173459
0.00167428
0.00148592
0.00117369
0.000744827
0.000209367
-0.00042029
-0.00112995
-0.00190464
-0.00272883
-0.00358199
-0.00444488
-0.00537087
-0.00640919
-0.00249715
-0.00338514
-0.00407641
-0.00463294
-0.00512979
-0.00557365
-0.00597029
-0.00632985
-0.00666178
-0.00697418
-0.00727417
-0.00756776
-0.00785991
-0.00815452
-0.0084545
-0.00876179
-0.00907742
-0.00940158
-0.00973369
-0.0100724
-0.0104157
-0.010761
-0.0111049
-0.0114437
-0.0117731
-0.0120883
-0.0123843
-0.0126554
-0.0128961
-0.0131005
-0.0132625
-0.0133763
-0.013436
-0.0134359
-0.0133711
-0.0132367
-0.0130288
-0.0127444
-0.0123813
-0.0119388
-0.0114173
-0.0108188
-0.010147
-0.00940741
-0.00860736
-0.00775609
-0.00686473
-0.0059462
-0.0050151
-0.00408745
-0.00318041
-0.00231185
-0.00149989
-0.000762379
-0.000116291
0.000422871
0.000841684
0.00112936
0.00127824
0.00128414
0.00114659
0.000868893
0.000457987
-7.58602e-05
-0.000719495
-0.00145753
-0.00227347
-0.00315005
-0.00406441
-0.00499506
-0.00600024
-0.0071334
-0.00348419
-0.00438016
-0.00507812
-0.00564082
-0.00614423
-0.00659537
-0.00700033
-0.00736963
-0.00771301
-0.00803888
-0.00835457
-0.0086663
-0.00897919
-0.00929725
-0.00962347
-0.00995982
-0.0103074
-0.0106662
-0.0110359
-0.0114148
-0.0118009
-0.0121913
-0.0125827
-0.012971
-0.0133516
-0.0137194
-0.0140691
-0.0143945
-0.0146896
-0.014948
-0.0151629
-0.0153278
-0.015436
-0.0154812
-0.0154572
-0.0153586
-0.0151803
-0.0149183
-0.0145695
-0.0141321
-0.0136056
-0.0129913
-0.0122921
-0.0115128
-0.0106605
-0.00974419
-0.00877527
-0.0077671
-0.00673511
-0.00569653
-0.00467009
-0.00367564
-0.0027336
-0.00186444
-0.00108796
-0.000422618
0.000115174
0.000511761
0.000756847
0.000843992
0.00077095
0.000539811
0.000156932
-0.000367362
-0.00101924
-0.00178211
-0.00263787
-0.00356735
-0.00454511
-0.00554718
-0.006637
-0.00787259
-0.00456612
-0.00546705
-0.00616954
-0.00673689
-0.00724569
-0.00770326
-0.00811601
-0.00849476
-0.00884955
-0.00918907
-0.00952085
-0.00985133
-0.0101857
-0.0105283
-0.0108819
-0.0112487
-0.0116298
-0.0120253
-0.0124346
-0.0128561
-0.0132877
-0.0137263
-0.0141685
-0.0146099
-0.0150457
-0.0154705
-0.0158785
-0.0162633
-0.0166182
-0.0169362
-0.01721
-0.0174323
-0.0175956
-0.0176928
-0.0177167
-0.0176607
-0.017519
-0.0172862
-0.0169582
-0.0165321
-0.0160064
-0.0153811
-0.0146584
-0.0138423
-0.0129394
-0.0119583
-0.0109104
-0.0098094
-0.00867139
-0.00751473
-0.00635973
-0.00522823
-0.00414307
-0.00312751
-0.00220445
-0.00139569
-0.000721006
-0.000197413
0.000161664
0.00034702
0.000354149
0.000183511
-0.000159465
-0.000664638
-0.00131764
-0.00210067
-0.00299396
-0.00397627
-0.00501932
-0.00609637
-0.00727648
-0.00862249
-0.00574296
-0.00664583
-0.00735072
-0.00792121
-0.00843422
-0.00889736
-0.0093173
-0.00970517
-0.0100713
-0.0104245
-0.0107727
-0.0111223
-0.0114789
-0.0118467
-0.0122288
-0.0126274
-0.0130435
-0.0134773
-0.0139281
-0.0143945
-0.014874
-0.0153637
-0.0158598
-0.0163578
-0.0168527
-0.0173387
-0.0178097
-0.0182589
-0.018679
-0.0190625
-0.0194014
-0.0196877
-0.019913
-0.0200692
-0.0201483
-0.0201426
-0.0200449
-0.0198489
-0.0195491
-0.0191413
-0.0186228
-0.0179926
-0.0172516
-0.016403
-0.0154524
-0.0144081
-0.013281
-0.0120851
-0.010837
-0.00955607
-0.00826405
-0.00698478
-0.0057436
-0.00456671
-0.00348037
-0.00251003
-0.00167932
-0.00100907
-0.000516426
-0.000213921
-0.000108886
-0.000203009
-0.000492219
-0.000966881
-0.00161228
-0.0024095
-0.00333703
-0.00437141
-0.00548122
-0.00663667
-0.0079128
-0.0093776
-0.00701416
-0.00791604
-0.00862123
-0.00919336
-0.00970942
-0.0101772
-0.0106038
-0.0110003
-0.0113775
-0.0117444
-0.0121091
-0.0124782
-0.0128574
-0.013251
-0.0136624
-0.0140936
-0.0145459
-0.0150195
-0.0155136
-0.0160268
-0.0165566
-0.0170999
-0.0176529
-0.0182108
-0.0187685
-0.0193199
-0.0198584
-0.0203768
-0.0208675
-0.0213223
-0.0217325
-0.0220894
-0.0223837
-0.0226063
-0.0227482
-0.0228006
-0.0227551
-0.0226039
-0.0223404
-0.0219589
-0.0214553
-0.0208272
-0.0200743
-0.0191985
-0.0182046
-0.0170998
-0.0158949
-0.0146035
-0.0132426
-0.0118324
-0.010396
-0.00895901
-0.0075494
-0.00619638
-0.00492981
-0.0037791
-0.00277216
-0.00193422
-0.00128669
-0.000846117
-0.000623305
-0.000622702
-0.000842133
-0.00127289
-0.00190019
-0.00270412
-0.00366141
-0.00474624
-0.00592375
-0.00716077
-0.00853873
-0.010131
-0.00837867
-0.00927671
-0.00998016
-0.0105525
-0.0110705
-0.011542
-0.0119744
-0.0123792
-0.0127671
-0.0131475
-0.0135285
-0.0139171
-0.0143191
-0.0147389
-0.01518
-0.0156446
-0.016134
-0.0166484
-0.0171871
-0.0177487
-0.0183307
-0.0189299
-0.0195424
-0.0201632
-0.020787
-0.0214076
-0.0220179
-0.0226103
-0.0231768
-0.0237085
-0.0241962
-0.0246301
-0.0250004
-0.025297
-0.0255095
-0.0256282
-0.0256432
-0.0255455
-0.025327
-0.0249804
-0.0245001
-0.0238823
-0.023125
-0.0222288
-0.0211972
-0.0200365
-0.0187565
-0.0173706
-0.0158958
-0.0143528
-0.0127658
-0.0111624
-0.00957281
-0.0080294
-0.00656575
-0.00521557
-0.00401145
-0.00298355
-0.00215824
-0.00155676
-0.00119414
-0.00107832
-0.00120966
-0.00158092
-0.00217764
-0.0029791
-0.00396031
-0.00509296
-0.00633847
-0.00765989
-0.00914545
-0.0108742
-0.0098349
-0.0107264
-0.0114262
-0.0119973
-0.0125161
-0.0129905
-0.013428
-0.0138404
-0.0142384
-0.0146319
-0.0150289
-0.0154368
-0.0158613
-0.0163073
-0.0167782
-0.0172764
-0.0178033
-0.0183592
-0.0189435
-0.0195546
-0.0201903
-0.0208473
-0.0215213
-0.0222077
-0.0229007
-0.0235937
-0.0242797
-0.0249505
-0.0255976
-0.0262116
-0.0267825
-0.0273
-0.0277532
-0.028131
-0.028422
-0.0286152
-0.0286994
-0.0286641
-0.0284996
-0.0281972
-0.0277495
-0.0271509
-0.0263978
-0.0254892
-0.024427
-0.0232163
-0.0218658
-0.0203881
-0.0188001
-0.0171225
-0.0153806
-0.0136035
-0.0118236
-0.0100764
-0.0083994
-0.00683071
-0.00540805
-0.00416703
-0.00313964
-0.00235262
-0.00182604
-0.00157218
-0.00159472
-0.00188856
-0.00244003
-0.00322793
-0.00422566
-0.00540232
-0.0067153
-0.0081235
-0.00972236
-0.0115969
-0.0113807
-0.0122632
-0.0129576
-0.0135262
-0.0140446
-0.014521
-0.0149627
-0.0153819
-0.0157894
-0.0161952
-0.0166076
-0.0170341
-0.0174807
-0.0179523
-0.0184526
-0.0189842
-0.0195485
-0.0201461
-0.0207763
-0.0214377
-0.022128
-0.0228439
-0.0235813
-0.0243352
-0.0250998
-0.0258683
-0.0266333
-0.0273863
-0.0281184
-0.0288195
-0.0294792
-0.0300862
-0.0306289
-0.031095
-0.0314722
-0.031748
-0.03191
-0.0319462
-0.0318452
-0.0315965
-0.0311911
-0.0306214
-0.0298821
-0.0289702
-0.0278858
-0.0266326
-0.0252177
-0.0236529
-0.0219541
-0.0201423
-0.0182431
-0.0162867
-0.0143079
-0.0123451
-0.0104393
-0.00863366
-0.0069711
-0.00549327
-0.00423843
-0.00323964
-0.00252295
-0.00210592
-0.00199647
-0.00219245
-0.00268164
-0.0034428
-0.00444788
-0.00566338
-0.00704233
-0.00853914
-0.0102568
-0.0122865
-0.0130136
-0.0138848
-0.0145722
-0.0151372
-0.0156542
-0.0161314
-0.0165765
-0.0170015
-0.0174175
-0.0178346
-0.0182614
-0.0187054
-0.019173
-0.0196693
-0.0201982
-0.0207623
-0.0213634
-0.0220021
-0.0226779
-0.0233896
-0.0241349
-0.0249104
-0.0257121
-0.0265349
-0.0273729
-0.0282191
-0.0290659
-0.0299044
-0.0307252
-0.0315179
-0.0322712
-0.0329732
-0.0336113
-0.0341724
-0.034643
-0.0350093
-0.0352575
-0.035374
-0.0353459
-0.0351609
-0.0348078
-0.0342773
-0.033562
-0.0326568
-0.03156
-0.0302731
-0.0288017
-0.0271561
-0.0253513
-0.0234076
-0.0213508
-0.019212
-0.0170277
-0.014839
-0.0126907
-0.0106306
-0.00870728
-0.00696884
-0.00546049
-0.00422242
-0.00328766
-0.0026801
-0.002413
-0.00248809
-0.00289547
-0.00361437
-0.00461567
-0.00586325
-0.00730558
-0.0088921
-0.0107338
-0.0129283
-0.0147304
-0.0155886
-0.0162676
-0.0168278
-0.0173424
-0.0178196
-0.018267
-0.0186966
-0.0191199
-0.0195468
-0.0199865
-0.0204465
-0.0209336
-0.0214529
-0.0220087
-0.0226039
-0.0232405
-0.0239191
-0.0246397
-0.0254009
-0.0262006
-0.0270357
-0.027902
-0.0287944
-0.0297068
-0.0306323
-0.0315628
-0.0324893
-0.0334019
-0.0342896
-0.0351407
-0.0359424
-0.0366814
-0.0373436
-0.0379142
-0.0383782
-0.0387206
-0.0389261
-0.03898
-0.0388683
-0.0385778
-0.038097
-0.0374164
-0.0365288
-0.03543
-0.0341196
-0.0326011
-0.0308829
-0.0289787
-0.0269077
-0.0246954
-0.0223734
-0.0199794
-0.0175569
-0.0151543
-0.0128238
-0.0106199
-0.00859755
-0.00680938
-0.00530363
-0.00412131
-0.00329382
-0.00284094
-0.00276951
-0.00307287
-0.00373153
-0.00471572
-0.00598687
-0.00748865
-0.00916514
-0.0111358
-0.0135046
-0.0165278
-0.0173715
-0.0180411
-0.0185957
-0.019107
-0.019583
-0.0200314
-0.0204643
-0.0208932
-0.0213283
-0.0217788
-0.0222527
-0.0227569
-0.023297
-0.0238774
-0.0245015
-0.0251714
-0.025888
-0.0266515
-0.0274607
-0.0283137
-0.0292073
-0.0301376
-0.0310993
-0.0320864
-0.0330918
-0.0341072
-0.0351233
-0.0361299
-0.0371154
-0.0380676
-0.038973
-0.0398174
-0.0405857
-0.0412623
-0.0418307
-0.0422745
-0.0425769
-0.0427215
-0.0426924
-0.0424744
-0.0420538
-0.0414189
-0.0405599
-0.0394705
-0.0381477
-0.0365927
-0.0348118
-0.0328166
-0.0306252
-0.028262
-0.0257586
-0.0231534
-0.0204918
-0.0178254
-0.0152107
-0.0127082
-0.0103795
-0.00828555
-0.00648329
-0.00502276
-0.00394414
-0.00327508
-0.00302884
-0.00320324
-0.00378102
-0.00473239
-0.00601662
-0.00757244
-0.00933817
-0.0114421
-0.0139947
-0.018402
-0.0192303
-0.0198898
-0.0204381
-0.0209452
-0.021419
-0.0218671
-0.0223016
-0.0227341
-0.0231749
-0.0236336
-0.0241186
-0.024637
-0.0251947
-0.0257967
-0.0264466
-0.0271467
-0.0278984
-0.0287021
-0.0295569
-0.030461
-0.0314113
-0.0324041
-0.0334341
-0.0344952
-0.0355802
-0.0366807
-0.0377871
-0.0388888
-0.0399739
-0.0410295
-0.0420415
-0.0429948
-0.0438736
-0.0446609
-0.0453394
-0.0458909
-0.0462974
-0.0465406
-0.0466027
-0.0464666
-0.0461164
-0.0455378
-0.0447189
-0.0436504
-0.0423269
-0.040747
-0.0389145
-0.0368387
-0.0345357
-0.0320285
-0.0293481
-0.026533
-0.02363
-0.0206931
-0.0177831
-0.0149659
-0.0123102
-0.00988544
-0.00775797
-0.00598793
-0.00462553
-0.0037078
-0.00325592
-0.00327363
-0.0037471
-0.00464739
-0.00593203
-0.00753477
-0.00938785
-0.0116287
-0.0143747
-0.0203492
-0.0211617
-0.0218108
-0.0223524
-0.0228545
-0.023325
-0.0237712
-0.0242053
-0.0246388
-0.0250825
-0.0255462
-0.0260386
-0.0265673
-0.0271388
-0.0277582
-0.0284297
-0.0291561
-0.0299392
-0.0307794
-0.0316763
-0.0326283
-0.0336326
-0.0346853
-0.0357814
-0.0369149
-0.0380783
-0.0392631
-0.0404595
-0.0416565
-0.0428418
-0.044002
-0.0451224
-0.0461872
-0.0471795
-0.0480814
-0.0488743
-0.0495389
-0.0500554
-0.0504041
-0.0505652
-0.0505195
-0.050249
-0.049737
-0.048969
-0.0479331
-0.0466209
-0.0450283
-0.0431562
-0.0410114
-0.0386074
-0.0359655
-0.033115
-0.0300942
-0.0269504
-0.0237396
-0.020526
-0.0173808
-0.0143797
-0.0116006
-0.00911998
-0.00700899
-0.00532918
-0.00412848
-0.00343775
-0.00326828
-0.00361115
-0.00443934
-0.00570934
-0.00734999
-0.00928717
-0.011668
-0.0146164
-0.022365
-0.0231624
-0.0238012
-0.0243359
-0.0248326
-0.0252985
-0.025741
-0.0261722
-0.0266038
-0.0270467
-0.0275113
-0.0280066
-0.0285409
-0.029121
-0.0297529
-0.0304409
-0.0311886
-0.0319979
-0.03287
-0.0338046
-0.0348003
-0.0358546
-0.0369639
-0.0381231
-0.0393261
-0.0405656
-0.0418328
-0.0431178
-0.0444092
-0.0456944
-0.0469593
-0.0481888
-0.0493662
-0.0504739
-0.0514929
-0.0524035
-0.053185
-0.0538164
-0.0542761
-0.0545427
-0.0545949
-0.0544125
-0.0539764
-0.0532694
-0.0522771
-0.050988
-0.049395
-0.047496
-0.0452946
-0.0428017
-0.0400359
-0.0370246
-0.033805
-0.030424
-0.0269391
-0.0234171
-0.0199337
-0.0165714
-0.0134167
-0.0105564
-0.00807351
-0.00604218
-0.00452286
-0.00355791
-0.0031681
-0.00335113
-0.00408335
-0.00532107
-0.00698853
-0.00900505
-0.0115279
-0.0146875
-0.0244455
-0.0252289
-0.0258584
-0.0263863
-0.026877
-0.0273371
-0.0277739
-0.0281993
-0.0286252
-0.029063
-0.0295234
-0.0300162
-0.0305502
-0.031133
-0.0317709
-0.0324693
-0.033232
-0.0340617
-0.0349598
-0.0359264
-0.0369606
-0.0380601
-0.0392213
-0.0404394
-0.0417083
-0.0430206
-0.0443673
-0.0457384
-0.0471222
-0.0485057
-0.0498744
-0.0512124
-0.0525024
-0.053726
-0.0548632
-0.0558933
-0.0567944
-0.0575439
-0.0581188
-0.0584959
-0.0586519
-0.0585646
-0.0582124
-0.0575756
-0.0566369
-0.055382
-0.0538005
-0.051887
-0.049642
-0.047073
-0.0441956
-0.0410347
-0.0376254
-0.0340139
-0.0302577
-0.0264258
-0.0225976
-0.0188617
-0.0153127
-0.0120482
-0.00916364
-0.00674677
-0.00487226
-0.0035959
-0.00295006
-0.00294111
-0.00355049
-0.00473553
-0.0064164
-0.00850581
-0.0111716
-0.0145509
-0.0265866
-0.0273584
-0.02798
-0.0285018
-0.0289861
-0.0294391
-0.0298677
-0.0302839
-0.0306997
-0.031127
-0.0315773
-0.0320609
-0.0325875
-0.0331655
-0.0338022
-0.0345034
-0.0352737
-0.0361165
-0.0370336
-0.0380257
-0.039092
-0.0402307
-0.0414384
-0.0427102
-0.0440402
-0.0454209
-0.0468433
-0.0482971
-0.0497702
-0.0512493
-0.0527195
-0.0541642
-0.0555656
-0.0569043
-0.0581596
-0.0593096
-0.0603312
-0.0612006
-0.0618933
-0.0623842
-0.0626484
-0.0626615
-0.0623996
-0.0618405
-0.0609642
-0.0597532
-0.0581941
-0.0562781
-0.054002
-0.0513699
-0.0483939
-0.0450958
-0.041508
-0.037675
-0.0336535
-0.0295134
-0.0253373
-0.0212186
-0.0172601
-0.0135695
-0.0102551
-0.00741946
-0.0051528
-0.0035264
-0.00258655
-0.00235063
-0.00280724
-0.00391629
-0.00559467
-0.00774863
-0.0105573
-0.014164
-0.0287846
-0.0295483
-0.0301642
-0.0306809
-0.0311587
-0.0316031
-0.0320207
-0.0324235
-0.0328239
-0.0332344
-0.0336672
-0.0341337
-0.0346446
-0.0352092
-0.0358358
-0.036531
-0.0373003
-0.0381477
-0.0390757
-0.0400854
-0.0411766
-0.0423475
-0.043595
-0.0449145
-0.0463
-0.0477439
-0.0492371
-0.050769
-0.0523273
-0.0538984
-0.0554668
-0.0570153
-0.0585256
-0.0599774
-0.0613491
-0.0626179
-0.0637595
-0.064749
-0.0655601
-0.0661666
-0.0665415
-0.0666584
-0.0664913
-0.0660157
-0.0652085
-0.0640497
-0.0625223
-0.0606143
-0.0583188
-0.0556361
-0.0525745
-0.0491522
-0.0453983
-0.0413544
-0.037076
-0.0326328
-0.0281088
-0.0236021
-0.0192221
-0.0150866
-0.0113166
-0.00803019
-0.00533459
-0.00331855
-0.00204471
-0.00154407
-0.00181486
-0.00282154
-0.00447884
-0.00668693
-0.00963687
-0.0134782
-0.0310362
-0.0317967
-0.0324102
-0.0329232
-0.0333945
-0.0338286
-0.0342319
-0.0346163
-0.0349949
-0.035381
-0.0357878
-0.0362279
-0.0367132
-0.0372543
-0.0378604
-0.0385395
-0.0392979
-0.0401402
-0.0410698
-0.0420883
-0.0431959
-0.0443911
-0.0456711
-0.0470312
-0.0484656
-0.0499665
-0.0515248
-0.0531295
-0.0547681
-0.0564265
-0.0580888
-0.0597372
-0.0613527
-0.0629142
-0.0643995
-0.0657846
-0.0670443
-0.0681522
-0.069081
-0.0698027
-0.0702888
-0.070511
-0.0704411
-0.0700523
-0.0693191
-0.0682183
-0.0667302
-0.0648388
-0.062534
-0.0598119
-0.0566769
-0.053143
-0.0492355
-0.0449928
-0.0404676
-0.0357284
-0.0308599
-0.0259631
-0.0211532
-0.0165572
-0.0123088
-0.0085415
-0.00538091
-0.00293511
-0.0012856
-0.00047992
-0.000528734
-0.00140345
-0.00301819
-0.00526773
-0.00835596
-0.0124383
-0.0333388
-0.0341027
-0.0347181
-0.0352295
-0.0356943
-0.0361162
-0.0365012
-0.0368613
-0.0372105
-0.0375631
-0.0379337
-0.0383365
-0.0387847
-0.0392905
-0.0398645
-0.0405158
-0.0412518
-0.0420782
-0.042999
-0.0440165
-0.0451311
-0.0463418
-0.0476459
-0.049039
-0.050515
-0.0520661
-0.053683
-0.0553545
-0.0570677
-0.058808
-0.0605589
-0.0623024
-0.0640184
-0.0656853
-0.06728
-0.0687776
-0.0701518
-0.0713751
-0.0724189
-0.0732537
-0.0738496
-0.0741763
-0.0742039
-0.073903
-0.073246
-0.0722068
-0.0707626
-0.0688942
-0.0665878
-0.0638355
-0.0606374
-0.0570034
-0.0529544
-0.0485247
-0.0437637
-0.0387374
-0.0335301
-0.0282441
-0.0229993
-0.0179307
-0.0131838
-0.00890784
-0.00524741
-0.00233166
-0.000263496
0.000889969
0.00110239
0.000392559
-0.00115507
-0.00343091
-0.00665279
-0.0109819
-0.0356908
-0.0364667
-0.0370894
-0.0376019
-0.0380605
-0.0384678
-0.0388295
-0.0391583
-0.0394689
-0.0397774
-0.0400999
-0.0404524
-0.0408503
-0.0413073
-0.0418358
-0.0424462
-0.0431473
-0.0439457
-0.0448462
-0.0458517
-0.0469632
-0.0481799
-0.0494993
-0.0509169
-0.0524267
-0.0540207
-0.0556893
-0.0574209
-0.0592023
-0.0610184
-0.0628522
-0.0646849
-0.0664959
-0.0682629
-0.0699618
-0.0715668
-0.0730507
-0.0743848
-0.0755394
-0.0764835
-0.0771856
-0.077614
-0.0777367
-0.0775225
-0.0769412
-0.0759643
-0.074566
-0.072724
-0.0704208
-0.0676446
-0.0643916
-0.0606667
-0.0564865
-0.0518807
-0.0468945
-0.0415907
-0.0360515
-0.0303795
-0.0246976
-0.0191473
-0.0138848
-0.00907495
-0.0048814
-0.00145585
0.00107498
0.00262119
0.00313721
0.00262865
0.00117599
-0.00110834
-0.00445751
-0.00903826
-0.038092
-0.0388907
-0.0395278
-0.0400445
-0.0404971
-0.040887
-0.0412195
-0.0415082
-0.0417694
-0.0420209
-0.0422812
-0.0425688
-0.042901
-0.0432939
-0.0437618
-0.0443168
-0.0449689
-0.0457261
-0.0465938
-0.0475758
-0.0486733
-0.049886
-0.0512112
-0.0526446
-0.05418
-0.0558091
-0.057522
-0.0593068
-0.0611497
-0.063035
-0.0649453
-0.066861
-0.0687609
-0.0706218
-0.0724188
-0.0741252
-0.0757127
-0.0771518
-0.0784112
-0.0794589
-0.0802621
-0.0807871
-0.0810005
-0.080869
-0.0803602
-0.0794433
-0.0780898
-0.0762742
-0.0739757
-0.0711787
-0.0678752
-0.0640657
-0.0597619
-0.0549887
-0.0497865
-0.044214
-0.0383502
-0.0322965
-0.026177
-0.0201384
-0.0143463
-0.00897952
-0.00422128
-0.000246661
0.00279161
0.00477764
0.00564274
0.00537545
0.00404914
0.00177703
-0.00169119
-0.00652775
-0.0405437
-0.0413789
-0.042039
-0.042564
-0.0430107
-0.0433794
-0.0436753
-0.0439134
-0.0441119
-0.0442914
-0.0444732
-0.0446785
-0.0449276
-0.0452392
-0.0456296
-0.0461131
-0.0467011
-0.0474027
-0.0482245
-0.0491705
-0.0502428
-0.0514409
-0.0527623
-0.0542026
-0.0557551
-0.0574115
-0.0591613
-0.0609921
-0.0628895
-0.0648373
-0.0668174
-0.0688094
-0.0707915
-0.0727396
-0.0746278
-0.0764287
-0.078113
-0.0796498
-0.081007
-0.0821513
-0.0830482
-0.083663
-0.0839603
-0.0839051
-0.0834629
-0.0826007
-0.0812874
-0.0794948
-0.0771987
-0.0743801
-0.0710267
-0.0671349
-0.0627115
-0.0577762
-0.0523644
-0.0465299
-0.0403476
-0.0339162
-0.0273597
-0.0208277
-0.0144935
-0.0085491
-0.00319615
0.0013662
0.00495737
0.00743234
0.00869521
0.00871305
0.0075483
0.00531229
0.00173523
-0.00336068
-0.0430498
-0.0439386
-0.0446323
-0.0451701
-0.0456107
-0.0459531
-0.0462033
-0.0463777
-0.0464978
-0.0465873
-0.0466712
-0.0467745
-0.0469207
-0.0471316
-0.047426
-0.0478204
-0.0483279
-0.0489588
-0.0497206
-0.0506181
-0.0516535
-0.0528264
-0.0541343
-0.0555724
-0.0571339
-0.0588097
-0.060589
-0.0624586
-0.0644037
-0.0664073
-0.0684503
-0.0705119
-0.0725692
-0.0745973
-0.0765695
-0.0784573
-0.0802304
-0.0818571
-0.0833038
-0.0845361
-0.0855182
-0.0862139
-0.0865863
-0.0865986
-0.0862144
-0.0853987
-0.0841178
-0.082341
-0.0800411
-0.0771957
-0.0737888
-0.0698124
-0.0652686
-0.0601723
-0.0545533
-0.04846
-0.0419626
-0.0351558
-0.0281618
-0.0211316
-0.014244
-0.00770228
-0.00172567
0.00346274
0.00765313
0.0106684
0.0123811
0.0127322
0.0117684
0.00959584
0.00592224
0.00056391
-0.0456171
-0.0465806
-0.0473207
-0.0478766
-0.0483101
-0.0486197
-0.0488121
-0.0489069
-0.0489293
-0.0489075
-0.0488712
-0.0488497
-0.0488706
-0.0489592
-0.0491373
-0.0494236
-0.0498331
-0.0503774
-0.051065
-0.051901
-0.0528878
-0.054025
-0.0553099
-0.0567373
-0.0582996
-0.0599875
-0.0617892
-0.063691
-0.065677
-0.0677297
-0.069829
-0.0719533
-0.0740787
-0.0761796
-0.0782281
-0.0801949
-0.0820485
-0.0837561
-0.0852831
-0.0865938
-0.0876511
-0.0884173
-0.0888541
-0.088923
-0.0885858
-0.0878053
-0.0865459
-0.0847742
-0.0824602
-0.0795786
-0.0761096
-0.0720413
-0.0673714
-0.0621097
-0.0562806
-0.0499271
-0.0431136
-0.0359303
-0.0284959
-0.0209611
-0.0135081
-0.00634943
0.000279737
0.0061329
0.0109702
0.0145797
0.0167984
0.0175353
0.0168168
0.014739
0.0109834
0.00535965
-0.0482566
-0.0493208
-0.0501228
-0.0507022
-0.0511266
-0.0513943
-0.0515138
-0.0515089
-0.0514103
-0.0512519
-0.0510692
-0.0508968
-0.0507672
-0.0507095
-0.0507492
-0.0509072
-0.0512005
-0.0516419
-0.0522407
-0.0530023
-0.0539292
-0.0550207
-0.0562735
-0.057682
-0.0592379
-0.0609309
-0.0627485
-0.0646761
-0.0666969
-0.0687924
-0.0709416
-0.073122
-0.0753087
-0.0774749
-0.079592
-0.0816295
-0.0835548
-0.085334
-0.0869314
-0.0883099
-0.0894313
-0.0902563
-0.0907452
-0.0908578
-0.0905543
-0.0897954
-0.0885435
-0.0867628
-0.0844207
-0.0814889
-0.0779446
-0.0737719
-0.0689644
-0.063527
-0.057479
-0.0508577
-0.0437216
-0.0361553
-0.0282733
-0.0202239
-0.012191
-0.00439382
0.00291821
0.00947645
0.0150106
0.0192719
0.0220573
0.0232385
0.0228149
0.0208677
0.017047
0.0111547
-0.0509846
-0.0521818
-0.0530639
-0.0536724
-0.0540837
-0.0542968
-0.0543237
-0.0541942
-0.0539461
-0.0536209
-0.0532611
-0.052908
-0.0525996
-0.0523696
-0.052247
-0.0522554
-0.0524136
-0.0527357
-0.0532313
-0.0539061
-0.0547622
-0.0557986
-0.0570112
-0.0583935
-0.0599364
-0.0616284
-0.0634562
-0.0654039
-0.067454
-0.0695865
-0.0717798
-0.07401
-0.0762512
-0.0784757
-0.0806536
-0.0827534
-0.0847415
-0.0865826
-0.0882399
-0.0896751
-0.0908485
-0.0917195
-0.0922469
-0.0923888
-0.0921037
-0.0913506
-0.0900895
-0.0882826
-0.0858949
-0.0828952
-0.0792575
-0.0749627
-0.0700003
-0.0643707
-0.0580883
-0.0511846
-0.0437122
-0.0357498
-0.0274065
-0.0188269
-0.0101946
-0.00173351
0.00629526
0.0136024
0.0198874
0.0248629
0.0282819
0.0299727
0.0299006
0.0281254
0.0242591
0.018094
-0.0538246
-0.0551946
-0.0561783
-0.0568209
-0.057212
-0.0573531
-0.0572616
-0.0569759
-0.0565435
-0.0560154
-0.055443
-0.0548752
-0.0543565
-0.0539257
-0.0536154
-0.0534521
-0.0534562
-0.0536425
-0.0540211
-0.0545974
-0.055373
-0.0563459
-0.0575111
-0.058861
-0.0603853
-0.0620713
-0.0639044
-0.0658677
-0.0679421
-0.0701067
-0.0723386
-0.0746128
-0.0769023
-0.0791781
-0.0814093
-0.0835631
-0.0856049
-0.087498
-0.0892045
-0.0906846
-0.0918974
-0.0928009
-0.0933521
-0.0935077
-0.0932244
-0.0924592
-0.0911703
-0.0893175
-0.0868635
-0.0837743
-0.0800213
-0.0755818
-0.0704417
-0.0645972
-0.0580578
-0.0508496
-0.0430194
-0.0346395
-0.025813
-0.0166798
-0.00742129
0.00173612
0.0105218
0.0186278
0.0257243
0.0314838
0.0356115
0.0378859
0.0382305
0.0366755
0.0327863
0.0263423
-0.0568104
-0.0584023
-0.0595125
-0.0601927
-0.0605517
-0.0605962
-0.0603523
-0.0598705
-0.059211
-0.0584369
-0.0576103
-0.0567893
-0.0560255
-0.0553631
-0.0548386
-0.0544809
-0.0543118
-0.0543467
-0.0545953
-0.0550626
-0.055749
-0.0566514
-0.0577635
-0.0590762
-0.0605776
-0.0622538
-0.0640885
-0.0660635
-0.0681583
-0.0703508
-0.0726167
-0.0749296
-0.0772615
-0.0795821
-0.0818593
-0.0840591
-0.0861454
-0.0880807
-0.0898254
-0.0913385
-0.0925778
-0.0934995
-0.0940593
-0.0942121
-0.0939128
-0.0931166
-0.0917794
-0.0898591
-0.0873157
-0.0841129
-0.0802189
-0.075608
-0.0702625
-0.0641745
-0.0573489
-0.0498065
-0.0415884
-0.0327603
-0.023419
-0.0136987
-0.00377718
0.00611878
0.0157114
0.024676
0.0326544
0.0392784
0.0442016
0.0471456
0.0479836
0.0467058
0.0428202
0.0360883
-0.059989
-0.0618635
-0.0631287
-0.0638466
-0.0641543
-0.0640679
-0.0636266
-0.0628978
-0.0619585
-0.0608869
-0.0597581
-0.0586403
-0.057593
-0.0566662
-0.0558998
-0.055325
-0.0549642
-0.054833
-0.0549401
-0.0552894
-0.0558797
-0.0567064
-0.0577613
-0.0590333
-0.0605091
-0.0621729
-0.0640067
-0.0659907
-0.0681031
-0.07032
-0.0726159
-0.074963
-0.077332
-0.0796913
-0.0820075
-0.0842453
-0.0863674
-0.0883349
-0.0901069
-0.0916411
-0.0928936
-0.0938193
-0.0943721
-0.0945052
-0.0941716
-0.0933245
-0.0919179
-0.0899071
-0.0872498
-0.0839069
-0.0798439
-0.0750317
-0.069449
-0.063084
-0.055937
-0.0480237
-0.0393791
-0.0300626
-0.0201642
-0.00981149
0.000822614
0.0115126
0.0219758
0.031873
0.0408188
0.0484034
0.0542252
0.0579418
0.0593653
0.0584342
0.0545835
0.0475501
-0.0634264
-0.0656589
-0.0671107
-0.0678606
-0.0680864
-0.0678206
-0.0671221
-0.0660814
-0.0647973
-0.0633667
-0.0618797
-0.0604161
-0.0590436
-0.0578177
-0.0567814
-0.0559671
-0.0553974
-0.0550869
-0.0550429
-0.0552672
-0.0557566
-0.0565042
-0.0574995
-0.0587295
-0.0601785
-0.0618287
-0.0636605
-0.065652
-0.0677799
-0.0700187
-0.0723413
-0.0747187
-0.07712
-0.0795122
-0.0818608
-0.0841291
-0.0862784
-0.0882685
-0.0900572
-0.0916005
-0.0928532
-0.0937686
-0.0942988
-0.0943953
-0.0940091
-0.0930913
-0.0915937
-0.0894691
-0.0866728
-0.0831627
-0.0789011
-0.0738558
-0.0680017
-0.0613226
-0.0538144
-0.0454872
-0.03637
-0.0265156
-0.0160065
-0.00496308
0.00644791
0.018004
0.0294196
0.0403431
0.0503629
0.059027
0.0658741
0.0704896
0.0726128
0.0721153
0.0683382
0.0609832
-0.0672152
-0.0698992
-0.0715714
-0.072337
-0.0724334
-0.0719197
-0.070884
-0.0694483
-0.0677391
-0.0658759
-0.0639661
-0.062102
-0.0603594
-0.0587983
-0.057464
-0.0563891
-0.0555951
-0.0550944
-0.054892
-0.0549869
-0.055373
-0.0560404
-0.0569761
-0.0581644
-0.0595871
-0.0612242
-0.063054
-0.0650528
-0.0671952
-0.0694542
-0.0718011
-0.0742053
-0.0766346
-0.0790546
-0.0814294
-0.0837209
-0.0858892
-0.0878926
-0.0896874
-0.0912284
-0.0924687
-0.0933599
-0.0938524
-0.0938959
-0.0934393
-0.0924316
-0.0908221
-0.0885612
-0.0856011
-0.081897
-0.0774077
-0.0720972
-0.0659363
-0.0589045
-0.0509923
-0.0422041
-0.0325623
-0.0221123
-0.0109284
0.000877444
0.0131459
0.0256597
0.0381323
0.0502017
0.0614315
0.0713256
0.0793586
0.0850337
0.0880028
0.0880513
0.0843978
0.0766917
-0.0714856
-0.0747378
-0.0766637
-0.0774107
-0.0773041
-0.0764454
-0.0749652
-0.0730277
-0.0707943
-0.0684111
-0.0660046
-0.0636794
-0.0615188
-0.0595859
-0.0579265
-0.0565718
-0.0555406
-0.0548419
-0.0544769
-0.0544408
-0.0547239
-0.0553128
-0.0561911
-0.0573401
-0.0587389
-0.060365
-0.0621943
-0.064201
-0.0663579
-0.0686363
-0.0710057
-0.073434
-0.0758875
-0.0783306
-0.0807258
-0.0830337
-0.0852131
-0.0872209
-0.0890121
-0.0905399
-0.0917557
-0.0926097
-0.0930504
-0.0930256
-0.0924821
-0.0913665
-0.0896258
-0.0872076
-0.084061
-0.0801379
-0.0753933
-0.0697872
-0.0632857
-0.055863
-0.0475038
-0.0382059
-0.027984
-0.0168748
-0.00494321
0.00770896
0.0209322
0.0345166
0.0481779
0.0615458
0.0741599
0.0854791
0.0949066
0.101851
0.10586
0.106606
0.103144
0.0950454
-0.0764228
-0.0803887
-0.0825954
-0.0832592
-0.0828361
-0.0814947
-0.0794259
-0.0768495
-0.0739696
-0.0709628
-0.0679752
-0.065123
-0.0624944
-0.0601535
-0.0581442
-0.0564937
-0.0552161
-0.0543152
-0.0537872
-0.0536222
-0.0538059
-0.0543207
-0.0551464
-0.0562608
-0.05764
-0.0592587
-0.0610903
-0.0631069
-0.0652794
-0.067577
-0.0699678
-0.0724181
-0.0748927
-0.0773546
-0.0797649
-0.082083
-0.0842663
-0.0862704
-0.0880488
-0.0895532
-0.0907337
-0.0915387
-0.0919149
-0.0918081
-0.0911631
-0.0899242
-0.0880356
-0.0854419
-0.0820893
-0.0779257
-0.0729021
-0.0669737
-0.0601014
-0.0522533
-0.043407
-0.0335523
-0.0226949
-0.0108607
0.00189694
0.0154892
0.0297796
0.0445695
0.0595808
0.074439
0.0886618
0.10166
0.112759
0.121256
0.126569
0.128224
0.125054
0.116505
-0.0822934
-0.087154
-0.0896508
-0.0901155
-0.0892018
-0.0871812
-0.0843298
-0.0809384
-0.0772623
-0.0735102
-0.0698469
-0.0663969
-0.06325
-0.0604673
-0.058087
-0.0561293
-0.054601
-0.0534989
-0.052812
-0.0525244
-0.0526162
-0.0530646
-0.0538453
-0.0549322
-0.056298
-0.0579146
-0.0597529
-0.0617825
-0.0639724
-0.0662901
-0.068702
-0.0711727
-0.0736658
-0.0761428
-0.0785637
-0.0808864
-0.0830672
-0.0850603
-0.0868179
-0.0882903
-0.0894261
-0.090172
-0.0904731
-0.0902732
-0.0895151
-0.0881404
-0.0860908
-0.083308
-0.0797345
-0.0753142
-0.0699936
-0.0637226
-0.0564558
-0.0481543
-0.0387873
-0.0283348
-0.0167911
-0.00416895
0.0094936
0.0241246
0.0396058
0.0557557
0.072309
0.0888936
0.10501
0.120021
0.133162
0.143599
0.150587
0.15346
0.150736
0.141665
-0.0894891
-0.095466
-0.0982208
-0.0982835
-0.0966112
-0.0936313
-0.0897363
-0.0853054
-0.0806507
-0.0760126
-0.0715697
-0.0674491
-0.0637358
-0.0604823
-0.0577162
-0.0554468
-0.0536706
-0.0523743
-0.0515386
-0.0511397
-0.0511513
-0.0515449
-0.0522914
-0.0533604
-0.0547214
-0.0563431
-0.0581937
-0.0602407
-0.0624511
-0.0647906
-0.0672238
-0.0697144
-0.0722241
-0.0747135
-0.0771412
-0.079464
-0.081637
-0.0836131
-0.0853434
-0.0867769
-0.0878607
-0.08854
-0.0887583
-0.0884576
-0.0875783
-0.0860599
-0.0838415
-0.0808613
-0.0770584
-0.0723725
-0.0667449
-0.0601197
-0.0524444
-0.0436718
-0.0337611
-0.0226805
-0.0104101
0.00305404
0.0176937
0.0334597
0.0502592
0.067937
0.0862515
0.104844
0.123208
0.140661
0.156343
0.169261
0.178461
0.183016
0.180994
0.171317
-0.0986
-0.105954
-0.108845
-0.108155
-0.105311
-0.100972
-0.0956844
-0.08993
-0.0840789
-0.0783961
-0.0730641
-0.0682022
-0.0638812
-0.0601371
-0.0569805
-0.054405
-0.0523925
-0.0509177
-0.0499503
-0.0494578
-0.0494062
-0.049761
-0.0504876
-0.0515515
-0.0529185
-0.0545544
-0.0564247
-0.0584949
-0.0607299
-0.0630939
-0.0655501
-0.0680607
-0.0705864
-0.0730865
-0.0755185
-0.0778383
-0.0799998
-0.081955
-0.0836537
-0.0850438
-0.0860712
-0.0866797
-0.0868112
-0.0864059
-0.0854025
-0.0837381
-0.081349
-0.0781705
-0.0741379
-0.0691864
-0.0632521
-0.0562724
-0.0481873
-0.0389399
-0.0284777
-0.016755
-0.00373438
0.0106089
0.0262822
0.0432666
0.0615046
0.0808804
0.101192
0.122114
0.143152
0.163595
0.182484
0.198637
0.210836
0.217792
0.216917
0.206572
-0.110547
-0.119548
-0.122265
-0.120218
-0.115568
-0.109305
-0.102161
-0.0947311
-0.0874308
-0.0805324
-0.0742041
-0.0685407
-0.0635854
-0.0593468
-0.0558107
-0.0529488
-0.0507248
-0.0490978
-0.0480253
-0.0474643
-0.0473729
-0.0477097
-0.048435
-0.0495099
-0.0508966
-0.052558
-0.0544574
-0.0565582
-0.0588236
-0.0612163
-0.0636983
-0.0662306
-0.0687729
-0.0712836
-0.0737193
-0.076035
-0.0781837
-0.0801164
-0.0817821
-0.0831277
-0.0840979
-0.0846355
-0.084681
-0.084173
-0.0830485
-0.0812425
-0.0786887
-0.0753196
-0.0710665
-0.0658604
-0.0596319
-0.0523116
-0.0438309
-0.0341224
-0.0231208
-0.0107637
0.00300664
0.0182406
0.0349771
0.0532369
0.0730102
0.094238
0.116782
0.140378
0.164581
0.188685
0.211651
0.232094
0.248457
0.258952
0.260024
0.249063
-0.126831
-0.137654
-0.139494
-0.135055
-0.127628
-0.118645
-0.109047
-0.0995187
-0.0904918
-0.0822097
-0.0747959
-0.0682961
-0.062707
-0.0579962
-0.054115
-0.0510069
-0.048613
-0.0468745
-0.0457347
-0.0451399
-0.0450393
-0.0453853
-0.0461325
-0.0472383
-0.0486615
-0.0503625
-0.0523026
-0.0544433
-0.0567466
-0.0591739
-0.0616864
-0.064244
-0.0668058
-0.0693292
-0.0717704
-0.0740835
-0.076221
-0.0781331
-0.0797683
-0.0810725
-0.0819897
-0.0824615
-0.0824277
-0.0818254
-0.08059
-0.0786547
-0.0759512
-0.0724089
-0.0679559
-0.0625188
-0.0560227
-0.0483914
-0.0395475
-0.0294127
-0.0179072
-0.00495072
0.00953775
0.0256384
0.0434286
0.0629779
0.0843389
0.10753
0.132507
0.159113
0.187006
0.215553
0.243699
0.26988
0.292134
0.307992
0.312489
0.30134
-0.150039
-0.162423
-0.161868
-0.153273
-0.141605
-0.128818
-0.116019
-0.10392
-0.0928938
-0.0830948
-0.0745533
-0.0672313
-0.0610549
-0.0559343
-0.0517764
-0.0484901
-0.0459903
-0.0441985
-0.0430434
-0.0424601
-0.0423897
-0.0427783
-0.0435761
-0.0447369
-0.046217
-0.0479746
-0.0499694
-0.0521619
-0.0545129
-0.0569833
-0.0595333
-0.0621224
-0.0647091
-0.0672505
-0.0697022
-0.072018
-0.07415
-0.0760479
-0.0776597
-0.078931
-0.079805
-0.0802228
-0.0801231
-0.0794424
-0.0781147
-0.0760719
-0.0732434
-0.0695566
-0.0649364
-0.0593055
-0.0525837
-0.0446885
-0.0355339
-0.0250303
-0.0130836
0.000405718
0.0155434
0.0324427
0.0512244
0.072016
0.0949466
0.120136
0.147669
0.177552
0.209631
0.243458
0.278096
0.311939
0.342607
0.366774
0.377485
0.367641
-0.184901
-0.197172
-0.190991
-0.175284
-0.157243
-0.139244
-0.122391
-0.107262
-0.0940384
-0.0826849
-0.0730698
-0.0650263
-0.0583817
-0.052973
-0.0486531
-0.0452925
-0.0427783
-0.0410124
-0.0399095
-0.0393951
-0.0394032
-0.0398751
-0.0407577
-0.0420021
-0.043563
-0.0453975
-0.0474644
-0.0497234
-0.0521351
-0.0546598
-0.0572575
-0.0598877
-0.0625086
-0.0650772
-0.0675489
-0.0698774
-0.0720146
-0.0739103
-0.075512
-0.0767652
-0.0776129
-0.0779958
-0.077852
-0.0771175
-0.0757255
-0.0736066
-0.070689
-0.0668981
-0.0621563
-0.0563829
-0.0494934
-0.0413993
-0.0320069
-0.0212162
-0.00891932
0.00500172
0.0206777
0.0382556
0.0579024
0.0798091
0.104193
0.131294
0.161366
0.194641
0.231259
0.271128
0.313676
0.357512
0.400157
0.43735
0.459607
0.4553
-0.240284
-0.246869
-0.22844
-0.200848
-0.173497
-0.148623
-0.1269
-0.108452
-0.0930393
-0.0802908
-0.0698244
-0.0612945
-0.0544044
-0.0489064
-0.0445962
-0.0413065
-0.0388991
-0.0372597
-0.0362924
-0.0359155
-0.036059
-0.0366613
-0.0376677
-0.0390286
-0.0406982
-0.0426332
-0.0447926
-0.0471363
-0.0496248
-0.0522189
-0.0548787
-0.0575638
-0.0602327
-0.0628425
-0.065349
-0.067706
-0.0698654
-0.0717773
-0.0733892
-0.0746467
-0.0754928
-0.0758681
-0.0757108
-0.0749563
-0.0735376
-0.0713846
-0.0684246
-0.0645816
-0.0597764
-0.0539255
-0.0469412
-0.0387301
-0.0291922
-0.0182188
-0.0056902
0.00852795
0.0245889
0.0426709
0.0629852
0.085786
0.111382
0.140147
0.172532
0.209054
0.250266
0.296643
0.348339
0.404774
0.464033
0.521419
0.564974
0.576619
-0.333024
-0.318374
-0.275157
-0.228636
-0.188257
-0.154807
-0.127723
-0.106084
-0.0888766
-0.0752021
-0.0643381
-0.0557226
-0.0489239
-0.0436124
-0.0395347
-0.0364943
-0.0343365
-0.0329378
-0.0321976
-0.0320323
-0.0323712
-0.0331533
-0.0343245
-0.0358361
-0.0376435
-0.0397045
-0.0419789
-0.0444276
-0.047012
-0.0496934
-0.0524329
-0.0551906
-0.0579256
-0.0605956
-0.0631566
-0.0655632
-0.0677676
-0.0697202
-0.0713691
-0.07266
-0.0735363
-0.0739388
-0.0738059
-0.0730731
-0.0716732
-0.0695364
-0.0665892
-0.0627551
-0.0579537
-0.0521002
-0.0451046
-0.0368703
-0.0272929
-0.0162575
-0.00363562
0.0107191
0.0269772
0.0453419
0.0660609
0.0894426
0.115878
0.145872
0.180076
0.219335
0.264717
0.3175
0.379058
0.450538
0.531895
0.619401
0.700973
0.751891
-0.501627
-0.419645
-0.327919
-0.253708
-0.19686
-0.154044
-0.122178
-0.0983942
-0.080449
-0.066762
-0.056238
-0.048112
-0.0418458
-0.0370566
-0.0334668
-0.030871
-0.0291132
-0.0280719
-0.0276505
-0.0277696
-0.0283628
-0.0293728
-0.0307489
-0.0324456
-0.0344207
-0.0366342
-0.039048
-0.0416246
-0.0443268
-0.0471174
-0.0499584
-0.052811
-0.0556351
-0.0583895
-0.0610309
-0.0635144
-0.0657931
-0.0678178
-0.0695374
-0.0708981
-0.0718438
-0.0723158
-0.072253
-0.0715912
-0.0702638
-0.0682008
-0.0653293
-0.0615727
-0.0568503
-0.0510769
-0.0441615
-0.0360066
-0.0265054
-0.0155403
-0.00297848
0.0113327
0.027573
0.0459595
0.0667612
0.0903203
0.117084
0.147649
0.182835
0.223781
0.272092
0.33002
0.400686
0.488195
0.596502
0.726657
0.877367
1.02574
-0.850644
-0.553011
-0.361302
-0.253411
-0.183288
-0.135618
-0.103281
-0.0808462
-0.0647494
-0.0528944
-0.0440146
-0.0373036
-0.032233
-0.0284482
-0.0257031
-0.0238208
-0.0226695
-0.0221479
-0.0221752
-0.022685
-0.0236211
-0.0249345
-0.0265813
-0.0285214
-0.030717
-0.033132
-0.0357313
-0.0384801
-0.0413434
-0.0442859
-0.0472714
-0.0502626
-0.0532207
-0.0561057
-0.0588755
-0.0614861
-0.0638916
-0.0660439
-0.0678924
-0.0693844
-0.0704644
-0.0710747
-0.0711547
-0.070641
-0.0694678
-0.0675659
-0.0648629
-0.061283
-0.0567465
-0.0511688
-0.0444601
-0.0365234
-0.0272535
-0.0165338
-0.00423335
0.00979857
0.0257393
0.043803
0.0642555
0.0874365
0.113794
0.143936
0.178719
0.219389
0.267831
0.326992
0.401678
0.499742
0.632391
0.816587
1.09969
1.50768
-1.48535
-0.683441
-0.324186
-0.19373
-0.128203
-0.0889221
-0.0651308
-0.0500121
-0.0396535
-0.0321689
-0.0266128
-0.0224526
-0.0193667
-0.0171502
-0.0156647
-0.01481
-0.0145098
-0.0147029
-0.0153384
-0.0163721
-0.0177648
-0.0194806
-0.021486
-0.0237489
-0.0262381
-0.0289228
-0.0317724
-0.0347558
-0.0378411
-0.0409958
-0.044186
-0.0473764
-0.0505302
-0.053609
-0.056572
-0.059377
-0.0619791
-0.0643314
-0.0663846
-0.0680868
-0.0693839
-0.070219
-0.0705324
-0.0702624
-0.0693436
-0.0677081
-0.0652849
-0.0619997
-0.0577743
-0.0525263
-0.0461684
-0.038607
-0.0297411
-0.0194598
-0.00763966
0.00585942
0.0212002
0.0385762
0.0582239
0.08044
0.105609
0.134247
0.167071
0.205128
0.250031
0.304464
0.373333
0.466408
0.60348
0.832759
1.31079
2.23472
)
;

boundaryField
{
    movingWall
    {
        type            zeroGradient;
    }
    fixedWalls
    {
        type            zeroGradient;
    }
    frontAndBack
    {
        type            empty;
    }
}


// ************************************************************************* //
