/*--------------------------------*- C++ -*----------------------------------*\
  =========                 |
  \\      /  F ield         | OpenFOAM: The Open Source CFD Toolbox
   \\    /   O peration     | Website:  https://openfoam.org
    \\  /    A nd           | Version:  dev
     \\/     M anipulation  |
\*---------------------------------------------------------------------------*/
FoamFile
{
    format      ascii;
    class       volScalarField;
    location    "49.95";
    object      Ux;
}
// * * * * * * * * * * * * * * * * * * * * * * * * * * * * * * * * * * * * * //

dimensions      [0 1 -1 0 0 0 0];

internalField   nonuniform List<scalar> 
5184
(
1.24632e-05
4.5392e-05
8.04776e-05
9.61044e-05
8.22662e-05
3.65593e-05
-4.04772e-05
-0.000146826
-0.000279693
-0.00043602
-0.000612687
-0.000806658
-0.00101507
-0.00123524
-0.00146473
-0.00170127
-0.00194278
-0.00218735
-0.0024332
-0.00267864
-0.00292207
-0.00316192
-0.00339666
-0.00362477
-0.00384472
-0.00405498
-0.00425397
-0.00444014
-0.00461189
-0.00476765
-0.00490586
-0.005025
-0.0051236
-0.00520028
-0.00525379
-0.00528301
-0.00528699
-0.00526501
-0.00521656
-0.00514142
-0.00503965
-0.00491162
-0.00475804
-0.00457997
-0.00437881
-0.00415632
-0.00391459
-0.00365604
-0.00338342
-0.00309972
-0.00280819
-0.00251225
-0.00221547
-0.00192151
-0.00163404
-0.00135672
-0.00109306
-0.000846461
-0.000620053
-0.000416693
-0.000238878
-8.86862e-05
3.22937e-05
0.000123048
0.000183246
0.00021339
0.00021507
0.000191339
0.000147229
9.08363e-05
3.66364e-05
6.22477e-06
2.09378e-05
6.58178e-05
9.49211e-05
7.30106e-05
-1.87496e-05
-0.000187184
-0.000432881
-0.000752623
-0.00114087
-0.00159082
-0.00209515
-0.0026464
-0.00323725
-0.00386071
-0.00451017
-0.00517944
-0.0058627
-0.00655452
-0.00724976
-0.00794352
-0.00863111
-0.00930797
-0.00996963
-0.0106117
-0.0112297
-0.0118192
-0.0123759
-0.0128953
-0.0133731
-0.0138048
-0.0141863
-0.0145135
-0.0147824
-0.0149894
-0.0151313
-0.0152052
-0.0152087
-0.0151401
-0.0149982
-0.0147827
-0.0144939
-0.0141331
-0.0137024
-0.0132049
-0.0126444
-0.0120259
-0.0113551
-0.0106387
-0.00988393
-0.00909903
-0.00829266
-0.00747401
-0.00665262
-0.00583822
-0.0050406
-0.00426944
-0.00353412
-0.00284356
-0.00220605
-0.00162906
-0.00111908
-0.000681396
-0.00031993
-3.69613e-05
0.000167144
0.000294311
0.000349293
0.000340368
0.000280036
0.000186156
8.64039e-05
1.96818e-05
1.76837e-05
4.14566e-05
1.97659e-05
-8.38363e-05
-0.000290136
-0.000607883
-0.00103834
-0.00157769
-0.00221877
-0.00295239
-0.00376826
-0.00465568
-0.00560391
-0.00660249
-0.00764137
-0.00871097
-0.0098022
-0.0109065
-0.0120156
-0.0131216
-0.0142171
-0.0152945
-0.0163468
-0.0173667
-0.0183471
-0.0192811
-0.0201615
-0.0209814
-0.021734
-0.0224124
-0.0230101
-0.0235208
-0.0239386
-0.024258
-0.024474
-0.0245825
-0.0245801
-0.0244642
-0.0242334
-0.0238873
-0.0234268
-0.022854
-0.0221723
-0.0213867
-0.0205034
-0.0195299
-0.0184753
-0.0173497
-0.0161646
-0.0149324
-0.0136664
-0.0123807
-0.0110897
-0.00980845
-0.00855168
-0.00733417
-0.00617016
-0.00507318
-0.00405578
-0.00312924
-0.0023033
-0.00158586
-0.000982637
-0.000496875
-0.000128878
0.000124425
0.000270135
0.000320112
0.000291502
0.000207544
0.000102511
2.49862e-05
8.86518e-06
-6.93649e-06
-0.000107484
-0.000322295
-0.00066962
-0.00115787
-0.00178778
-0.0025546
-0.00344976
-0.00446225
-0.00557957
-0.00678852
-0.00807567
-0.00942778
-0.0108319
-0.0122757
-0.0137471
-0.0152349
-0.0167279
-0.0182158
-0.0196882
-0.0211352
-0.0225471
-0.0239141
-0.0252268
-0.0264756
-0.0276512
-0.0287443
-0.0297458
-0.0306469
-0.0314389
-0.0321136
-0.0326635
-0.0330814
-0.0333613
-0.0334977
-0.0334865
-0.0333246
-0.0330104
-0.0325437
-0.0319258
-0.0311598
-0.0302503
-0.0292039
-0.0280289
-0.0267353
-0.0253347
-0.0238407
-0.0222678
-0.0206323
-0.0189514
-0.0172433
-0.0155268
-0.0138209
-0.012145
-0.010518
-0.00895819
-0.00748309
-0.00610882
-0.00484988
-0.00371876
-0.00272558
-0.00187767
-0.00117915
-0.000630486
-0.000227972
3.68731e-05
0.000177957
0.000215021
0.000174249
9.30968e-05
2.40412e-05
-2.11181e-06
-6.72605e-05
-0.000264094
-0.000609828
-0.00111697
-0.00179173
-0.00263311
-0.00363474
-0.00478649
-0.00607564
-0.00748784
-0.00900782
-0.01062
-0.0123088
-0.0140589
-0.0158555
-0.0176842
-0.0195312
-0.0213831
-0.0232269
-0.0250501
-0.0268403
-0.0285854
-0.0302735
-0.0318928
-0.0334317
-0.0348787
-0.0362224
-0.0374518
-0.038556
-0.0395249
-0.0403485
-0.0410177
-0.0415242
-0.0418608
-0.0420213
-0.0420008
-0.0417959
-0.0414049
-0.0408278
-0.0400664
-0.0391246
-0.0380081
-0.0367251
-0.0352855
-0.0337015
-0.0319871
-0.0301583
-0.0282329
-0.0262302
-0.0241707
-0.0220761
-0.0199689
-0.0178718
-0.0158077
-0.0137994
-0.0118686
-0.0100363
-0.00832161
-0.00674195
-0.00531224
-0.00404462
-0.00294796
-0.0020274
-0.00128386
-0.000713589
-0.00030758
-5.10561e-05
7.68738e-05
0.000103736
6.75709e-05
1.96797e-05
-1.36908e-05
-0.000132843
-0.0004359
-0.000924849
-0.00160433
-0.0024769
-0.00353873
-0.00478111
-0.00619195
-0.00775671
-0.00945926
-0.0112825
-0.013209
-0.0152212
-0.0173018
-0.0194338
-0.0216009
-0.023787
-0.0259767
-0.0281548
-0.0303066
-0.0324178
-0.034474
-0.0364614
-0.0383662
-0.0401747
-0.0418735
-0.0434495
-0.0448899
-0.0461822
-0.0473145
-0.0482757
-0.0490553
-0.0496439
-0.0500334
-0.0502168
-0.0501888
-0.0499456
-0.0494855
-0.0488086
-0.0479172
-0.0468159
-0.0455116
-0.0440133
-0.0423328
-0.0404839
-0.0384827
-0.0363476
-0.0340986
-0.0317579
-0.0293488
-0.0268961
-0.0244253
-0.0219625
-0.0195338
-0.017165
-0.0148812
-0.0127061
-0.010662
-0.00876867
-0.00704343
-0.00550038
-0.00414997
-0.00299858
-0.00204798
-0.00129489
-0.000730507
-0.000340115
-0.000102738
9.27685e-06
3.25536e-05
1.36337e-05
-2.51888e-05
-0.000200057
-0.000614244
-0.00125327
-0.00211268
-0.00319032
-0.00447862
-0.00596586
-0.00763753
-0.00947708
-0.0114665
-0.013587
-0.0158193
-0.0181443
-0.0205427
-0.0229959
-0.0254857
-0.0279942
-0.0305041
-0.0329984
-0.0354604
-0.037874
-0.040223
-0.0424917
-0.0446645
-0.0467261
-0.0486612
-0.0504552
-0.0520936
-0.0535625
-0.0548488
-0.0559399
-0.0568244
-0.0574918
-0.0579332
-0.058141
-0.0581092
-0.0578341
-0.0573136
-0.0565482
-0.0555403
-0.0542952
-0.0528206
-0.0511266
-0.049226
-0.0471344
-0.0448694
-0.0424513
-0.0399025
-0.0372473
-0.0345116
-0.0317228
-0.0289092
-0.0260996
-0.0233231
-0.0206085
-0.0179836
-0.015475
-0.0131077
-0.0109038
-0.00888311
-0.0070616
-0.00545157
-0.00406085
-0.00289243
-0.00194403
-0.00120768
-0.000669445
-0.00030909
-9.97683e-05
-7.66914e-06
6.8713e-06
-3.63492e-05
-0.000267021
-0.000794001
-0.00158615
-0.00262932
-0.00391595
-0.00543406
-0.00716836
-0.00910152
-0.0112147
-0.0134878
-0.0159004
-0.0184315
-0.0210603
-0.0237661
-0.0265287
-0.0293281
-0.0321451
-0.0349605
-0.0377559
-0.0405129
-0.0432136
-0.0458404
-0.0483758
-0.0508028
-0.0531042
-0.0552637
-0.0572648
-0.0590918
-0.0607296
-0.0621636
-0.0633804
-0.0643673
-0.0651131
-0.065608
-0.0658439
-0.0658144
-0.0655153
-0.0649445
-0.0641023
-0.0629917
-0.0616181
-0.0599897
-0.0581178
-0.0560159
-0.0537009
-0.0511918
-0.0485106
-0.0456814
-0.0427305
-0.0396861
-0.0365779
-0.0334366
-0.0302937
-0.0271809
-0.0241298
-0.0211709
-0.0183335
-0.015645
-0.0131305
-0.0108116
-0.00870683
-0.00683035
-0.00519178
-0.00379572
-0.00264133
-0.00172202
-0.0010252
-0.000532034
-0.000217158
-5.04289e-05
-7.60411e-08
-4.70755e-05
-0.00033275
-0.000972172
-0.00191788
-0.00314584
-0.00464272
-0.00639167
-0.00837341
-0.0105674
-0.0129523
-0.0155059
-0.0182057
-0.0210293
-0.0239543
-0.0269586
-0.0300204
-0.0331186
-0.0362323
-0.0393411
-0.042425
-0.0454643
-0.0484397
-0.0513322
-0.0541227
-0.0567929
-0.0593244
-0.0616992
-0.0638998
-0.0659093
-0.0677112
-0.0692899
-0.0706309
-0.0717207
-0.0725472
-0.0730999
-0.0733699
-0.0733505
-0.073037
-0.072427
-0.0715208
-0.0703214
-0.0688344
-0.0670685
-0.0650352
-0.0627493
-0.0602281
-0.057492
-0.0545644
-0.0514707
-0.0482392
-0.0448999
-0.0414846
-0.0380263
-0.0345591
-0.031117
-0.0277342
-0.0244441
-0.0212786
-0.0182678
-0.0154392
-0.0128173
-0.0104227
-0.00827193
-0.00637671
-0.00474363
-0.0033737
-0.00226214
-0.00139823
-0.000764989
-0.000338983
-9.41658e-05
-6.93803e-06
-5.73558e-05
-0.000396761
-0.00114702
-0.00224491
-0.00365667
-0.00536297
-0.00734186
-0.00956977
-0.0120228
-0.0146766
-0.0175069
-0.0204892
-0.0235994
-0.0268137
-0.0301085
-0.0334609
-0.0368483
-0.0402488
-0.0436407
-0.0470028
-0.0503141
-0.0535542
-0.0567026
-0.0597393
-0.0626445
-0.0653987
-0.0679829
-0.0703782
-0.0725666
-0.0745307
-0.0762539
-0.0777205
-0.0789163
-0.0798282
-0.0804451
-0.0807574
-0.0807577
-0.0804409
-0.0798042
-0.0788476
-0.077574
-0.0759889
-0.0741013
-0.0719229
-0.0694688
-0.0667572
-0.0638094
-0.0606497
-0.057305
-0.0538049
-0.0501812
-0.0464676
-0.0426995
-0.0389129
-0.0351447
-0.0314316
-0.0278095
-0.0243133
-0.0209758
-0.0178274
-0.0148952
-0.0122025
-0.00976852
-0.00760729
-0.00572778
-0.00413328
-0.0028212
-0.00178306
-0.00100408
-0.000463028
-0.000138061
-1.35986e-05
-6.72079e-05
-0.000458829
-0.00131754
-0.00256504
-0.00415808
-0.00607135
-0.00827769
-0.0107491
-0.0134579
-0.0163771
-0.0194797
-0.0227395
-0.0261305
-0.0296274
-0.0332056
-0.0368407
-0.0405092
-0.0441879
-0.0478542
-0.0514858
-0.0550607
-0.0585572
-0.0619541
-0.0652301
-0.0683645
-0.0713367
-0.0741264
-0.0767141
-0.0790806
-0.0812075
-0.0830772
-0.0846732
-0.0859803
-0.0869848
-0.0876744
-0.0880391
-0.0880705
-0.0877631
-0.0871135
-0.0861212
-0.0847887
-0.0831213
-0.0811278
-0.0788201
-0.0762133
-0.0733262
-0.0701806
-0.0668015
-0.0632171
-0.0594581
-0.0555581
-0.0515525
-0.0474786
-0.0433749
-0.0392806
-0.0352352
-0.0312775
-0.0274451
-0.023774
-0.0202975
-0.0170458
-0.0140452
-0.0113177
-0.00888025
-0.00674453
-0.00491641
-0.00339589
-0.00217702
-0.00124746
-0.000588278
-0.000181788
-2.0031e-05
-7.66558e-05
-0.00051885
-0.00148313
-0.00287681
-0.00464752
-0.00676406
-0.00919404
-0.0119049
-0.0148654
-0.0180453
-0.0214153
-0.024947
-0.0286128
-0.032386
-0.0362406
-0.0401513
-0.0440934
-0.0480428
-0.051976
-0.0558697
-0.0597012
-0.0634478
-0.0670873
-0.0705978
-0.0739573
-0.0771446
-0.0801384
-0.0829183
-0.0854641
-0.0877565
-0.089777
-0.0915084
-0.0929344
-0.0940403
-0.0948132
-0.0952421
-0.0953179
-0.0950341
-0.0943867
-0.0933745
-0.0919992
-0.090266
-0.0881829
-0.0857618
-0.0830177
-0.0799694
-0.0766391
-0.0730524
-0.0692383
-0.0652287
-0.0610585
-0.0567649
-0.0523872
-0.0479662
-0.0435435
-0.0391615
-0.0348619
-0.0306855
-0.0266715
-0.0228565
-0.0192741
-0.015954
-0.0129214
-0.0101965
-0.00779395
-0.00572273
-0.00398566
-0.00257957
-0.00149474
-0.000714576
-0.000225346
-2.62615e-05
-8.57212e-05
-0.000576772
-0.00164341
-0.00317926
-0.00512317
-0.00743826
-0.010087
-0.0130323
-0.0162391
-0.0196743
-0.023306
-0.0271036
-0.031038
-0.0350809
-0.0392052
-0.0433845
-0.0475932
-0.0518065
-0.0559999
-0.0601495
-0.0642318
-0.0682233
-0.0721012
-0.0758425
-0.0794249
-0.0828261
-0.0860242
-0.0889977
-0.0917259
-0.0941884
-0.096366
-0.0982404
-0.0997946
-0.101013
-0.101881
-0.102388
-0.102523
-0.102278
-0.10165
-0.100634
-0.0992338
-0.0974519
-0.0952963
-0.0927782
-0.0899123
-0.0867172
-0.0832152
-0.0794322
-0.0753978
-0.0711449
-0.0667096
-0.0621308
-0.0574496
-0.0527093
-0.047954
-0.043229
-0.0385792
-0.0340489
-0.0296806
-0.0255149
-0.0215888
-0.0179359
-0.014585
-0.0115601
-0.00887912
-0.00655444
-0.00459205
-0.00299179
-0.00174665
-0.00084237
-0.000268957
-3.2349e-05
-9.44192e-05
-0.000632558
-0.0017981
-0.00347162
-0.00558363
-0.00809172
-0.0109533
-0.014127
-0.0175741
-0.0212582
-0.0251451
-0.0292021
-0.0333983
-0.0377041
-0.0420913
-0.0465324
-0.0510012
-0.0554719
-0.0599195
-0.0643194
-0.0686474
-0.0728796
-0.0769925
-0.0809625
-0.0847666
-0.0883818
-0.0917857
-0.0949559
-0.0978709
-0.10051
-0.102852
-0.104879
-0.106572
-0.107915
-0.108893
-0.109492
-0.109702
-0.109514
-0.108922
-0.107922
-0.106515
-0.104703
-0.102492
-0.0998945
-0.096923
-0.093596
-0.0899355
-0.0859676
-0.0817222
-0.077233
-0.0725371
-0.067675
-0.0626899
-0.057627
-0.0525337
-0.0474578
-0.042448
-0.037552
-0.0328165
-0.0282858
-0.0240013
-0.0200007
-0.0163169
-0.0129777
-0.0100054
-0.00741574
-0.00521823
-0.00341594
-0.00200471
-0.000972536
-0.000312991
-3.83715e-05
-0.000102758
-0.000686164
-0.00194695
-0.00375327
-0.00602768
-0.00872253
-0.0117904
-0.0151857
-0.0188659
-0.0227918
-0.0269266
-0.0312357
-0.0356865
-0.0402481
-0.044891
-0.0495871
-0.0543093
-0.0590311
-0.0637271
-0.0683722
-0.0729416
-0.0774109
-0.0817562
-0.0859534
-0.089979
-0.0938094
-0.0974216
-0.100793
-0.1039
-0.106722
-0.109239
-0.111428
-0.113273
-0.114754
-0.115857
-0.116565
-0.116868
-0.116755
-0.116218
-0.115253
-0.113858
-0.112036
-0.10979
-0.10713
-0.104071
-0.100627
-0.0968225
-0.0926817
-0.088235
-0.0835167
-0.0785649
-0.0734214
-0.0681312
-0.0627423
-0.0573044
-0.0518689
-0.046488
-0.0412134
-0.036096
-0.0311846
-0.0265253
-0.0221603
-0.0181271
-0.0144583
-0.01118
-0.00831234
-0.00586856
-0.0038552
-0.00227101
-0.00110626
-0.000357922
-4.44193e-05
-0.000110736
-0.000737528
-0.0020897
-0.0040236
-0.00645423
-0.00932895
-0.0125958
-0.0162048
-0.0201104
-0.0242702
-0.028645
-0.0331982
-0.0378957
-0.0427053
-0.0475966
-0.0525405
-0.0575093
-0.062476
-0.0674148
-0.0722999
-0.0771065
-0.0818098
-0.0863853
-0.0908088
-0.0950561
-0.0991035
-0.102927
-0.106504
-0.10981
-0.112824
-0.115524
-0.117888
-0.119897
-0.121532
-0.122775
-0.12361
-0.124024
-0.124006
-0.123545
-0.122636
-0.121275
-0.119462
-0.117201
-0.1145
-0.11137
-0.107828
-0.103894
-0.0995933
-0.094956
-0.0900166
-0.0848141
-0.0793915
-0.0737957
-0.0680769
-0.0622878
-0.0564834
-0.0507195
-0.0450523
-0.0395373
-0.0342282
-0.0291761
-0.0244284
-0.0200279
-0.0160118
-0.0124114
-0.0092511
-0.00654835
-0.00431338
-0.00254806
-0.00124492
-0.00040429
-5.059e-05
-0.000118349
-0.000786567
-0.00222606
-0.00428198
-0.00686217
-0.00990931
-0.013367
-0.0171815
-0.0213037
-0.0256886
-0.0302946
-0.0350833
-0.0400191
-0.0450684
-0.0502001
-0.0553842
-0.0605924
-0.0657976
-0.0709731
-0.0760933
-0.0811329
-0.0860669
-0.0908706
-0.0955194
-0.0999891
-0.104255
-0.108294
-0.112082
-0.115594
-0.118808
-0.121702
-0.124253
-0.12644
-0.128243
-0.129643
-0.130624
-0.131169
-0.131266
-0.130902
-0.130071
-0.128766
-0.126986
-0.124732
-0.122011
-0.118831
-0.115209
-0.111162
-0.106716
-0.101901
-0.0967496
-0.0913028
-0.0856044
-0.079703
-0.0736512
-0.0675047
-0.0613219
-0.0551628
-0.0490884
-0.0431591
-0.0374341
-0.03197
-0.0268198
-0.0220321
-0.0176497
-0.0137091
-0.0102397
-0.00726351
-0.00479479
-0.00283868
-0.00139009
-0.000452686
-5.69857e-05
-0.000125583
-0.000833177
-0.0023557
-0.00452772
-0.00725037
-0.0104619
-0.0141017
-0.0181125
-0.022442
-0.0270424
-0.0318701
-0.0368849
-0.0420496
-0.0473298
-0.0526932
-0.0581093
-0.0635495
-0.0689859
-0.074392
-0.0797418
-0.0850099
-0.0901711
-0.0952008
-0.100074
-0.104767
-0.109254
-0.113511
-0.117514
-0.12124
-0.124663
-0.127761
-0.130511
-0.13289
-0.134877
-0.136453
-0.137598
-0.138294
-0.138528
-0.138284
-0.137554
-0.136329
-0.134605
-0.132382
-0.129663
-0.126456
-0.122773
-0.118633
-0.114059
-0.109079
-0.103728
-0.0980449
-0.0920757
-0.0858702
-0.0794833
-0.0729738
-0.0664037
-0.0598376
-0.0533412
-0.0469805
-0.0408204
-0.0349238
-0.0293499
-0.0241537
-0.019384
-0.0150833
-0.0112864
-0.00802048
-0.00530405
-0.00314589
-0.00154339
-0.000503729
-6.37113e-05
-0.000132421
-0.000877232
-0.00247826
-0.00476012
-0.00761764
-0.0109849
-0.0147976
-0.0189948
-0.0235213
-0.028327
-0.0333661
-0.0385967
-0.0439804
-0.0494816
-0.0550674
-0.0607067
-0.0663704
-0.0720306
-0.0776604
-0.0832337
-0.0887252
-0.0941098
-0.0993625
-0.104459
-0.109374
-0.114083
-0.118562
-0.122786
-0.126731
-0.130372
-0.133684
-0.136645
-0.139231
-0.141418
-0.143186
-0.144515
-0.145383
-0.145776
-0.145676
-0.145071
-0.143951
-0.142309
-0.140141
-0.137449
-0.134238
-0.130518
-0.126306
-0.121623
-0.116495
-0.110958
-0.105049
-0.0988164
-0.0923103
-0.0855881
-0.0787115
-0.0717465
-0.0647621
-0.0578292
-0.0510197
-0.0444049
-0.0380545
-0.0320345
-0.0264068
-0.0212272
-0.0165445
-0.0124
-0.00882596
-0.00584604
-0.00347286
-0.00170657
-0.000558061
-7.08737e-05
-0.000138839
-0.000918586
-0.00259332
-0.00497837
-0.0079627
-0.0114766
-0.0154521
-0.0198252
-0.0245378
-0.0295377
-0.034777
-0.0402123
-0.0458041
-0.0515158
-0.0573138
-0.0631667
-0.0690448
-0.0749202
-0.0807659
-0.086556
-0.0922651
-0.0978682
-0.10334
-0.108657
-0.113794
-0.118727
-0.12343
-0.127879
-0.132048
-0.135914
-0.139451
-0.142634
-0.145439
-0.147843
-0.149821
-0.151352
-0.152414
-0.152987
-0.153055
-0.1526
-0.151611
-0.150077
-0.147992
-0.145354
-0.142165
-0.138434
-0.134173
-0.129402
-0.124147
-0.118439
-0.112319
-0.105833
-0.0990321
-0.0919767
-0.0847311
-0.077365
-0.0699522
-0.0625691
-0.0552939
-0.0482048
-0.0413786
-0.0348891
-0.0288057
-0.0231919
-0.0181038
-0.0135892
-0.00968688
-0.00642576
-0.00382285
-0.00188137
-0.000616338
-7.85805e-05
-0.000144813
-0.000957082
-0.00270046
-0.00518166
-0.00828426
-0.011935
-0.0160628
-0.0206004
-0.0254875
-0.0306696
-0.0360971
-0.0417253
-0.0475134
-0.0534241
-0.0594232
-0.0654789
-0.0715613
-0.0776425
-0.0836955
-0.0896945
-0.0956142
-0.10143
-0.107117
-0.112651
-0.118008
-0.123163
-0.128091
-0.132767
-0.137167
-0.141264
-0.145034
-0.14845
-0.151487
-0.154121
-0.156326
-0.158078
-0.159354
-0.160131
-0.16039
-0.160111
-0.15928
-0.157882
-0.155908
-0.153352
-0.150215
-0.146499
-0.142217
-0.137383
-0.132023
-0.126166
-0.119851
-0.113124
-0.106039
-0.0986553
-0.0910415
-0.0832706
-0.0754213
-0.0675758
-0.0598188
-0.052236
-0.0449119
-0.0379288
-0.0313645
-0.0252907
-0.0197718
-0.0148631
-0.0106102
-0.00704828
-0.00419916
-0.00206959
-0.000679224
-8.69401e-05
-0.000150315
-0.000992549
-0.00279921
-0.00536913
-0.00858097
-0.0123583
-0.016627
-0.0213173
-0.0263664
-0.0317179
-0.0373208
-0.043129
-0.0491007
-0.055198
-0.0613861
-0.0676329
-0.0739085
-0.0801848
-0.0864352
-0.092634
-0.0987562
-0.104777
-0.110673
-0.11642
-0.121993
-0.127368
-0.132521
-0.137426
-0.142058
-0.146392
-0.150401
-0.15406
-0.157341
-0.160218
-0.162665
-0.164656
-0.166166
-0.167169
-0.167643
-0.167566
-0.16692
-0.165686
-0.163853
-0.161411
-0.158355
-0.154686
-0.150411
-0.145544
-0.140105
-0.134123
-0.127634
-0.120684
-0.113327
-0.105625
-0.0976466
-0.0894704
-0.0811791
-0.072861
-0.0646077
-0.0565126
-0.0486689
-0.0411679
-0.0340965
-0.0275359
-0.0215592
-0.0162305
-0.011603
-0.00771872
-0.00460513
-0.00227304
-0.000747386
-9.60616e-05
-0.000155315
-0.00102481
-0.0028891
-0.00553991
-0.00885147
-0.0127445
-0.0171422
-0.0219724
-0.0271704
-0.0326778
-0.0384424
-0.0444168
-0.0505585
-0.0568288
-0.0631927
-0.0696177
-0.0760741
-0.0825338
-0.0889703
-0.0953583
-0.101673
-0.107891
-0.113988
-0.119941
-0.125725
-0.131317
-0.136691
-0.141825
-0.146691
-0.151264
-0.155518
-0.159425
-0.162959
-0.166091
-0.168795
-0.171041
-0.172803
-0.174053
-0.174766
-0.174917
-0.174483
-0.173444
-0.171782
-0.169485
-0.166544
-0.162955
-0.158721
-0.153851
-0.148364
-0.142285
-0.135648
-0.128497
-0.120886
-0.112878
-0.104545
-0.0959662
-0.0872308
-0.0784328
-0.0696708
-0.0610465
-0.0526623
-0.0446192
-0.0370143
-0.029939
-0.0234765
-0.0177002
-0.0126721
-0.00844213
-0.00504409
-0.00249352
-0.000821497
-0.000106055
-0.000159783
-0.0010537
-0.00296967
-0.00569313
-0.00909442
-0.0130918
-0.017606
-0.0225628
-0.0278957
-0.0335447
-0.0394563
-0.0455823
-0.0518792
-0.058308
-0.0648332
-0.0714225
-0.0780458
-0.0846755
-0.0912854
-0.0978505
-0.104347
-0.110751
-0.117039
-0.123189
-0.129177
-0.134979
-0.140571
-0.14593
-0.151028
-0.155841
-0.160342
-0.164503
-0.168297
-0.171694
-0.174665
-0.177182
-0.179213
-0.18073
-0.181704
-0.182107
-0.181913
-0.181098
-0.17964
-0.177521
-0.174729
-0.171256
-0.167098
-0.162263
-0.156762
-0.150618
-0.143863
-0.136539
-0.128698
-0.120402
-0.111727
-0.102754
-0.0935768
-0.084295
-0.0750148
-0.0658467
-0.0569026
-0.048294
-0.0401293
-0.0325109
-0.0255333
-0.0192804
-0.0138243
-0.0092235
-0.00551932
-0.00273285
-0.000902229
-0.00011703
-0.000163689
-0.00107904
-0.00304048
-0.005828
-0.00930857
-0.0133983
-0.0180159
-0.0230854
-0.0285384
-0.0343139
-0.0403571
-0.046619
-0.0530555
-0.0596271
-0.0662981
-0.073036
-0.0798112
-0.0865961
-0.093365
-0.100093
-0.106758
-0.113335
-0.119803
-0.126139
-0.132321
-0.138325
-0.144128
-0.149705
-0.155032
-0.160083
-0.164831
-0.169247
-0.173305
-0.176973
-0.180221
-0.183019
-0.185335
-0.187136
-0.188392
-0.189071
-0.189144
-0.188582
-0.18736
-0.185455
-0.182849
-0.179528
-0.175487
-0.170724
-0.165249
-0.159078
-0.152241
-0.144776
-0.136733
-0.128175
-0.119177
-0.109823
-0.100211
-0.0904462
-0.0806424
-0.0709188
-0.0613976
-0.0522017
-0.0434513
-0.0352614
-0.0277388
-0.0209793
-0.0150661
-0.0100677
-0.00603407
-0.00299281
-0.000990253
-0.000129099
-0.000167008
-0.00110067
-0.00310111
-0.00594374
-0.00949275
-0.0136624
-0.0183698
-0.0235373
-0.0290952
-0.0349813
-0.0411398
-0.047521
-0.0540803
-0.0607778
-0.0675777
-0.0744476
-0.081358
-0.0882817
-0.0951933
-0.102069
-0.108886
-0.115622
-0.122256
-0.128765
-0.135128
-0.141322
-0.147325
-0.153113
-0.158661
-0.163944
-0.168935
-0.173606
-0.177928
-0.18187
-0.185402
-0.18849
-0.191102
-0.193203
-0.194759
-0.195737
-0.196101
-0.195822
-0.194867
-0.19321
-0.190828
-0.187701
-0.183817
-0.17917
-0.173763
-0.167609
-0.160731
-0.153163
-0.144954
-0.136165
-0.126869
-0.117154
-0.107121
-0.0968792
-0.0865509
-0.0762641
-0.0661518
-0.0563487
-0.0469883
-0.038199
-0.0301012
-0.0228042
-0.0164036
-0.0109794
-0.00659153
-0.00327517
-0.00108624
-0.000142375
-0.000169714
-0.00111847
-0.0031512
-0.0060397
-0.00964593
-0.0138827
-0.0186658
-0.0239161
-0.0295629
-0.0355429
-0.0417996
-0.0482827
-0.054947
-0.0617524
-0.0686632
-0.0756468
-0.0826742
-0.0897185
-0.0967549
-0.10376
-0.110713
-0.11759
-0.124373
-0.131039
-0.137568
-0.143938
-0.150128
-0.156114
-0.161872
-0.167378
-0.172605
-0.177524
-0.182108
-0.186324
-0.190141
-0.193526
-0.196442
-0.198855
-0.200727
-0.202022
-0.202702
-0.202732
-0.202076
-0.200703
-0.198582
-0.19569
-0.192008
-0.187523
-0.182232
-0.176142
-0.16927
-0.161645
-0.153312
-0.144329
-0.134769
-0.124721
-0.114285
-0.10358
-0.0927321
-0.0818793
-0.0711658
-0.0607389
-0.0507461
-0.0413305
-0.0326277
-0.0247617
-0.0178425
-0.0119632
-0.00719476
-0.00358166
-0.00119086
-0.000156973
-0.000171786
-0.00113231
-0.00319047
-0.00611535
-0.00976728
-0.014058
-0.0189022
-0.0242197
-0.0299388
-0.0359955
-0.0423326
-0.0488991
-0.0556496
-0.062544
-0.0695461
-0.0766239
-0.0837485
-0.0908935
-0.0980348
-0.10515
-0.112217
-0.119217
-0.126129
-0.132933
-0.13961
-0.146139
-0.152498
-0.158667
-0.164621
-0.170337
-0.175788
-0.180947
-0.185785
-0.19027
-0.194371
-0.198053
-0.201278
-0.204011
-0.206212
-0.20784
-0.208857
-0.209221
-0.208894
-0.207838
-0.206018
-0.203404
-0.199969
-0.195695
-0.190571
-0.184597
-0.177783
-0.170153
-0.161746
-0.152616
-0.142833
-0.132485
-0.121676
-0.110526
-0.0991709
-0.0877556
-0.0764358
-0.0653725
-0.0547277
-0.0446608
-0.035324
-0.0268578
-0.0193882
-0.0130231
-0.00784673
-0.00391398
-0.00130478
-0.000173011
-0.000173211
-0.00114211
-0.00321871
-0.00617033
-0.00985624
-0.0141875
-0.0190779
-0.0244465
-0.030221
-0.0363365
-0.0427354
-0.0493662
-0.0561833
-0.0631462
-0.0702191
-0.0773701
-0.0845705
-0.0917945
-0.0990187
-0.106221
-0.113382
-0.120482
-0.127501
-0.134422
-0.141224
-0.14789
-0.1544
-0.160731
-0.166863
-0.172771
-0.178431
-0.183815
-0.188896
-0.193642
-0.19802
-0.201995
-0.20553
-0.208587
-0.211124
-0.213099
-0.214469
-0.215191
-0.21522
-0.214514
-0.213032
-0.210738
-0.207598
-0.203586
-0.198684
-0.192883
-0.186185
-0.178608
-0.170183
-0.160959
-0.151002
-0.140399
-0.129253
-0.117689
-0.105845
-0.0938779
-0.0819531
-0.0702455
-0.0589331
-0.0481926
-0.0381943
-0.0290972
-0.0210452
-0.0141632
-0.00855024
-0.00427379
-0.00142865
-0.000190607
-0.000173979
-0.00114785
-0.00323582
-0.00620446
-0.00991253
-0.0142707
-0.0191922
-0.0245957
-0.0304081
-0.0365642
-0.0430057
-0.0496808
-0.0565439
-0.0635542
-0.070676
-0.0778777
-0.0851309
-0.0924106
-0.0996939
-0.10696
-0.114189
-0.121364
-0.128466
-0.135478
-0.142382
-0.149161
-0.155795
-0.162266
-0.168553
-0.174632
-0.180481
-0.186072
-0.191379
-0.196371
-0.201014
-0.205275
-0.209115
-0.212494
-0.215371
-0.217701
-0.219438
-0.220535
-0.220945
-0.220619
-0.219512
-0.217579
-0.214782
-0.211085
-0.206462
-0.200894
-0.194377
-0.186917
-0.178538
-0.169282
-0.159211
-0.148405
-0.136969
-0.125028
-0.112725
-0.100224
-0.0877029
-0.0753496
-0.0633588
-0.0519259
-0.041241
-0.0314836
-0.0228174
-0.0153868
-0.0093079
-0.00466267
-0.00156312
-0.000209884
-0.000174092
-0.00114952
-0.00324185
-0.0062178
-0.00993623
-0.0143077
-0.0192453
-0.0246671
-0.0304998
-0.0366777
-0.0431422
-0.0498412
-0.0567287
-0.0637642
-0.070912
-0.0781406
-0.0854223
-0.0927324
-0.100049
-0.107352
-0.114623
-0.121846
-0.129002
-0.136077
-0.143055
-0.149919
-0.156651
-0.163234
-0.169648
-0.175873
-0.181885
-0.187661
-0.193172
-0.19839
-0.203283
-0.207815
-0.211949
-0.215645
-0.21886
-0.221548
-0.22366
-0.225147
-0.225958
-0.226039
-0.22534
-0.22381
-0.221402
-0.218073
-0.213787
-0.208517
-0.202247
-0.194975
-0.186714
-0.177497
-0.167378
-0.156434
-0.144764
-0.132494
-0.119771
-0.106765
-0.0936642
-0.080671
-0.0679972
-0.0558578
-0.0444644
-0.034019
-0.0247079
-0.0166969
-0.0101221
-0.00508211
-0.00170883
-0.000230965
-0.000173556
-0.0011472
-0.00323697
-0.0062107
-0.00992783
-0.0142992
-0.0192377
-0.0246615
-0.0304968
-0.0366776
-0.043145
-0.0498468
-0.0567368
-0.0637743
-0.0709239
-0.0781545
-0.0854386
-0.0927524
-0.100075
-0.107386
-0.11467
-0.12191
-0.129091
-0.136199
-0.143218
-0.150135
-0.156934
-0.163597
-0.170109
-0.176448
-0.182595
-0.188526
-0.194216
-0.199635
-0.204754
-0.209539
-0.213952
-0.217952
-0.221497
-0.22454
-0.227031
-0.228917
-0.230143
-0.230655
-0.230394
-0.229304
-0.22733
-0.224422
-0.220533
-0.215627
-0.209676
-0.202666
-0.1946
-0.185501
-0.175412
-0.164402
-0.152566
-0.140028
-0.126935
-0.113462
-0.0998089
-0.0861904
-0.0728361
-0.0599817
-0.0478622
-0.036704
-0.0267185
-0.018096
-0.010995
-0.00553351
-0.00186639
-0.000253976
-0.000172393
-0.001141
-0.00322153
-0.00618378
-0.00988829
-0.0142463
-0.019171
-0.0245805
-0.0304007
-0.0365655
-0.0430157
-0.0496988
-0.0565686
-0.0635843
-0.0707108
-0.077917
-0.0851763
-0.0924653
-0.0997636
-0.107053
-0.114318
-0.121544
-0.128716
-0.135822
-0.14285
-0.149785
-0.156614
-0.163324
-0.169897
-0.176317
-0.182564
-0.188617
-0.194453
-0.200045
-0.205363
-0.210374
-0.215043
-0.21933
-0.223192
-0.226581
-0.229446
-0.231734
-0.233387
-0.234346
-0.234548
-0.233932
-0.232435
-0.229998
-0.226566
-0.22209
-0.216531
-0.209863
-0.202077
-0.19318
-0.183207
-0.172216
-0.160294
-0.147558
-0.134157
-0.120269
-0.106101
-0.0918819
-0.0778582
-0.0642875
-0.0514294
-0.0395372
-0.0288501
-0.0195858
-0.0119282
-0.00601816
-0.0020364
-0.000279047
-0.000170632
-0.00113113
-0.00319608
-0.00613805
-0.00981911
-0.0141512
-0.0190478
-0.024427
-0.0302148
-0.0363448
-0.0427575
-0.0494003
-0.0562267
-0.0631962
-0.0702736
-0.0774284
-0.0846343
-0.0918686
-0.0991119
-0.106347
-0.11356
-0.120736
-0.127864
-0.134932
-0.14193
-0.148846
-0.155668
-0.162383
-0.16898
-0.175441
-0.18175
-0.187888
-0.193833
-0.199562
-0.205045
-0.210253
-0.21515
-0.219699
-0.223857
-0.227577
-0.230807
-0.233494
-0.235577
-0.236994
-0.237679
-0.237565
-0.236583
-0.234665
-0.231746
-0.227766
-0.222675
-0.216432
-0.209012
-0.200412
-0.19065
-0.17977
-0.167851
-0.155002
-0.141368
-0.127129
-0.112497
-0.0977127
-0.0830407
-0.0687605
-0.0551578
-0.0425151
-0.0311021
-0.0211671
-0.0129233
-0.00653717
-0.00221943
-0.000306306
-0.000168318
-0.00111787
-0.00316137
-0.00607489
-0.00972239
-0.0140166
-0.0188715
-0.0242052
-0.0299437
-0.0360204
-0.0423755
-0.0489562
-0.055716
-0.0626143
-0.0696162
-0.0766913
-0.0838141
-0.0909626
-0.0981181
-0.105265
-0.112389
-0.11948
-0.126525
-0.133517
-0.140445
-0.1473
-0.154072
-0.160753
-0.167329
-0.173789
-0.180117
-0.186298
-0.192311
-0.198136
-0.203746
-0.209114
-0.214206
-0.218986
-0.223413
-0.227441
-0.23102
-0.234095
-0.236604
-0.238484
-0.239666
-0.240076
-0.239641
-0.238284
-0.235932
-0.232513
-0.227963
-0.222228
-0.215268
-0.207062
-0.197612
-0.186948
-0.175133
-0.162268
-0.14849
-0.133976
-0.118943
-0.103642
-0.0883545
-0.0733813
-0.0590358
-0.0456317
-0.0334722
-0.0228401
-0.0139811
-0.0070915
-0.00241598
-0.000335884
-0.000165509
-0.00110158
-0.00311839
-0.00599612
-0.00960088
-0.0138463
-0.0186467
-0.0239206
-0.0295937
-0.035599
-0.0418768
-0.0483739
-0.0550437
-0.0618456
-0.0687447
-0.0757114
-0.0827204
-0.0897506
-0.0967844
-0.103807
-0.110806
-0.117772
-0.124695
-0.131568
-0.138383
-0.145134
-0.151813
-0.158412
-0.164923
-0.171335
-0.177637
-0.183813
-0.189849
-0.195725
-0.201419
-0.206904
-0.212151
-0.217125
-0.221788
-0.226096
-0.23
-0.233444
-0.236369
-0.238709
-0.240392
-0.241342
-0.241479
-0.240721
-0.238984
-0.236186
-0.23225
-0.227106
-0.220698
-0.212988
-0.203958
-0.193621
-0.182023
-0.16925
-0.155429
-0.140733
-0.125377
-0.109623
-0.093764
-0.0781252
-0.0630476
-0.0488782
-0.0359567
-0.0246037
-0.0151021
-0.00768188
-0.00262655
-0.000367911
-0.000162279
-0.00108272
-0.00306839
-0.00590404
-0.00945808
-0.013645
-0.0183796
-0.0235803
-0.0291727
-0.0350897
-0.041271
-0.0476632
-0.0542196
-0.0608996
-0.0676687
-0.0744973
-0.0813611
-0.0882396
-0.0951163
-0.101978
-0.108813
-0.115613
-0.122372
-0.129083
-0.135741
-0.142342
-0.14888
-0.15535
-0.161746
-0.168061
-0.174286
-0.180409
-0.186418
-0.192296
-0.198025
-0.203581
-0.208937
-0.214063
-0.218923
-0.223475
-0.227672
-0.231461
-0.234782
-0.23757
-0.239751
-0.241247
-0.241974
-0.241844
-0.240763
-0.238641
-0.235386
-0.230915
-0.225153
-0.218042
-0.209545
-0.199654
-0.188394
-0.175834
-0.162086
-0.147313
-0.131728
-0.115597
-0.0992265
-0.082962
-0.0671735
-0.0522429
-0.0385495
-0.0264558
-0.0162861
-0.00830883
-0.00285155
-0.000402518
-0.00015872
-0.00106186
-0.00301292
-0.00580148
-0.00929828
-0.0134186
-0.0180774
-0.0231931
-0.028691
-0.0345035
-0.0405699
-0.0468365
-0.0532565
-0.0597893
-0.0664005
-0.0730612
-0.0797475
-0.08644
-0.0931233
-0.0997851
-0.106416
-0.11301
-0.11956
-0.126064
-0.132519
-0.138921
-0.145269
-0.15156
-0.157791
-0.163956
-0.170052
-0.176069
-0.181997
-0.187825
-0.193536
-0.199111
-0.204528
-0.209758
-0.214769
-0.219523
-0.223976
-0.228076
-0.231766
-0.234982
-0.23765
-0.23969
-0.241015
-0.241532
-0.241142
-0.239742
-0.23723
-0.233507
-0.228481
-0.222073
-0.214224
-0.204902
-0.194111
-0.181895
-0.168348
-0.153619
-0.137915
-0.1215
-0.104692
-0.0878555
-0.0713891
-0.0557109
-0.0412426
-0.0283929
-0.0175322
-0.00897258
-0.00309135
-0.000439832
-0.000154942
-0.0010397
-0.00295385
-0.00569187
-0.0091267
-0.0131741
-0.017749
-0.0227696
-0.0281606
-0.0338538
-0.039788
-0.0459091
-0.0521701
-0.0585305
-0.0649561
-0.0714185
-0.0778947
-0.0843663
-0.0908189
-0.0972419
-0.103628
-0.109971
-0.116268
-0.122519
-0.128721
-0.134876
-0.140983
-0.147043
-0.153055
-0.159018
-0.164929
-0.170784
-0.176577
-0.182298
-0.187936
-0.193476
-0.198899
-0.20418
-0.209292
-0.214199
-0.218863
-0.223234
-0.227259
-0.230874
-0.234008
-0.23658
-0.238502
-0.239677
-0.24
-0.23936
-0.237645
-0.234739
-0.230534
-0.224929
-0.217843
-0.209218
-0.199031
-0.187299
-0.174094
-0.159545
-0.143846
-0.127257
-0.110103
-0.0927632
-0.0756649
-0.0592636
-0.0440258
-0.0304102
-0.0188388
-0.00967305
-0.00334622
-0.000479979
-0.000151078
-0.00101707
-0.00289341
-0.00557931
-0.00894955
-0.0129199
-0.0174052
-0.0223226
-0.0275961
-0.0331568
-0.0389427
-0.0448993
-0.0509793
-0.0571424
-0.0633547
-0.0695884
-0.0758214
-0.0820364
-0.0882204
-0.0943645
-0.100463
-0.106511
-0.11251
-0.118459
-0.124361
-0.130217
-0.136031
-0.141807
-0.147545
-0.15325
-0.158921
-0.164557
-0.170156
-0.175713
-0.18122
-0.186667
-0.192038
-0.197314
-0.202471
-0.207479
-0.212303
-0.216898
-0.221215
-0.225192
-0.228762
-0.231844
-0.234351
-0.236183
-0.237232
-0.237379
-0.236503
-0.234474
-0.231168
-0.226463
-0.220252
-0.212451
-0.203007
-0.191908
-0.179196
-0.164976
-0.149423
-0.132787
-0.115393
-0.0976359
-0.0799667
-0.0628788
-0.046886
-0.0325014
-0.0202037
-0.0104099
-0.00361637
-0.000523085
-0.000147284
-0.000994925
-0.00283424
-0.00546863
-0.00877415
-0.0126661
-0.0170584
-0.0218669
-0.0270146
-0.0324313
-0.0380544
-0.0438286
-0.0497065
-0.0556478
-0.0616192
-0.0675937
-0.0735501
-0.0794724
-0.0853494
-0.0911737
-0.0969412
-0.102651
-0.108304
-0.113904
-0.119454
-0.124961
-0.130429
-0.135866
-0.141277
-0.146666
-0.152039
-0.157399
-0.162745
-0.168079
-0.173395
-0.178688
-0.183947
-0.189157
-0.194301
-0.199352
-0.204281
-0.209047
-0.213606
-0.217901
-0.221867
-0.225428
-0.228497
-0.230974
-0.232748
-0.233698
-0.233691
-0.232589
-0.230249
-0.22653
-0.221302
-0.21445
-0.20589
-0.195576
-0.183517
-0.169787
-0.154536
-0.137997
-0.12049
-0.102418
-0.0842547
-0.0665303
-0.0498079
-0.0346586
-0.0216237
-0.0111824
-0.00390194
-0.00056927
-0.000143746
-0.000974431
-0.00277944
-0.00536551
-0.00860912
-0.0124243
-0.0167232
-0.0214201
-0.026436
-0.0316995
-0.0371467
-0.0427219
-0.0483773
-0.054073
-0.0597761
-0.0654606
-0.0711068
-0.0767001
-0.082231
-0.0876942
-0.0930877
-0.0984128
-0.103673
-0.108874
-0.114023
-0.119128
-0.124198
-0.129242
-0.134269
-0.139288
-0.144305
-0.149329
-0.154364
-0.159413
-0.164478
-0.169555
-0.17464
-0.179724
-0.184792
-0.189825
-0.194798
-0.199677
-0.204422
-0.208982
-0.213297
-0.217296
-0.220893
-0.223991
-0.226479
-0.228232
-0.229113
-0.228972
-0.227654
-0.224999
-0.220851
-0.215068
-0.20753
-0.198157
-0.186918
-0.17385
-0.159071
-0.142789
-0.125313
-0.107047
-0.0884837
-0.070188
-0.0527731
-0.0368722
-0.0230947
-0.0119894
-0.00420297
-0.000618654
-0.00014068
-0.000956934
-0.00273267
-0.00527662
-0.00846448
-0.012208
-0.0164166
-0.021002
-0.0258831
-0.0309863
-0.0362466
-0.0416075
-0.0470211
-0.0524477
-0.0578553
-0.0632194
-0.0685214
-0.0737488
-0.0788942
-0.0839543
-0.0889299
-0.0938245
-0.0986444
-0.103398
-0.108095
-0.112747
-0.117365
-0.121962
-0.12655
-0.131141
-0.135746
-0.140376
-0.14504
-0.149745
-0.154496
-0.159296
-0.164145
-0.169039
-0.173968
-0.178919
-0.183872
-0.188801
-0.193671
-0.198438
-0.203047
-0.207432
-0.211513
-0.215197
-0.218373
-0.220917
-0.222689
-0.223531
-0.223276
-0.221747
-0.218767
-0.214163
-0.207782
-0.199503
-0.189254
-0.177028
-0.162904
-0.147057
-0.129774
-0.111454
-0.0926031
-0.0738175
-0.0557607
-0.0391309
-0.024612
-0.0128297
-0.00451944
-0.000671359
-0.000138342
-0.000944025
-0.00269818
-0.00520972
-0.00835194
-0.0120329
-0.0161582
-0.020636
-0.0253821
-0.0303205
-0.0353848
-0.0405175
-0.0456707
-0.0508053
-0.0558905
-0.0609031
-0.0658268
-0.070651
-0.0753709
-0.0799857
-0.0844988
-0.0889167
-0.0932485
-0.0975054
-0.1017
-0.105847
-0.109961
-0.114058
-0.118152
-0.12226
-0.126396
-0.130575
-0.134809
-0.13911
-0.143488
-0.147949
-0.152499
-0.157138
-0.161863
-0.166667
-0.171535
-0.176448
-0.181378
-0.186287
-0.191128
-0.195841
-0.200353
-0.204575
-0.208402
-0.211711
-0.21436
-0.21619
-0.217023
-0.216669
-0.214929
-0.211604
-0.206505
-0.19947
-0.190382
-0.179184
-0.165907
-0.150686
-0.133777
-0.115564
-0.0965567
-0.0773804
-0.0587468
-0.041422
-0.0261699
-0.0137015
-0.00485129
-0.000727511
-0.000137035
-0.000937574
-0.00268101
-0.00517392
-0.00828512
-0.0119173
-0.0159706
-0.0203485
-0.0249627
-0.0297346
-0.0345956
-0.0394876
-0.0443627
-0.0491827
-0.0539184
-0.0585484
-0.0630589
-0.0674421
-0.0716958
-0.0758224
-0.0798283
-0.0837229
-0.0875186
-0.0912296
-0.094872
-0.098463
-0.102021
-0.105564
-0.109111
-0.112682
-0.116294
-0.119965
-0.123712
-0.127551
-0.131496
-0.135558
-0.139746
-0.144068
-0.148524
-0.153114
-0.157831
-0.16266
-0.167581
-0.172564
-0.177569
-0.182545
-0.187425
-0.192129
-0.196556
-0.20059
-0.20409
-0.206896
-0.208825
-0.209676
-0.209232
-0.207269
-0.203566
-0.197918
-0.190157
-0.180176
-0.167948
-0.153559
-0.137221
-0.119294
-0.100283
-0.080834
-0.0617049
-0.043731
-0.027762
-0.014603
-0.00519842
-0.000787247
-0.00013712
-0.000939801
-0.00268708
-0.00517989
-0.0082799
-0.0118822
-0.0158797
-0.0201697
-0.0246588
-0.0292649
-0.0339173
-0.0385572
-0.0431371
-0.0476199
-0.0519785
-0.0561942
-0.0602559
-0.0641593
-0.0679054
-0.0715002
-0.0749533
-0.0782778
-0.0814893
-0.0846054
-0.0876455
-0.0906301
-0.0935805
-0.0965187
-0.0994667
-0.102447
-0.105481
-0.10859
-0.111795
-0.115116
-0.11857
-0.122173
-0.125939
-0.129881
-0.134005
-0.138316
-0.142813
-0.147489
-0.152331
-0.157317
-0.162414
-0.167581
-0.17276
-0.177879
-0.182846
-0.187551
-0.191859
-0.195613
-0.198627
-0.200695
-0.201586
-0.201053
-0.198843
-0.194712
-0.188441
-0.179863
-0.168892
-0.15555
-0.139998
-0.122556
-0.103715
-0.0841317
-0.0646056
-0.0460419
-0.0293814
-0.0155322
-0.00556076
-0.000850725
-0.000139031
-0.00095335
-0.00272339
-0.00524022
-0.00835484
-0.011952
-0.0159153
-0.0201339
-0.0245082
-0.028952
-0.0333923
-0.0377696
-0.0420371
-0.0461597
-0.0501128
-0.0538812
-0.0574574
-0.060841
-0.0640369
-0.0670551
-0.0699092
-0.0726161
-0.075195
-0.0776673
-0.0800556
-0.0823839
-0.0846767
-0.0869594
-0.0892572
-0.0915957
-0.094
-0.0964949
-0.0991045
-0.101852
-0.104759
-0.107847
-0.111133
-0.114634
-0.118364
-0.122331
-0.126541
-0.130995
-0.135686
-0.140601
-0.145717
-0.150999
-0.156402
-0.161861
-0.167297
-0.172608
-0.177669
-0.182325
-0.186398
-0.189675
-0.191918
-0.192862
-0.192226
-0.189728
-0.185097
-0.178106
-0.1686
-0.156532
-0.141994
-0.125257
-0.106781
-0.0872227
-0.0674171
-0.0483376
-0.0310206
-0.016487
-0.00593832
-0.000918135
-0.000143295
-0.000981401
-0.00279831
-0.00536974
-0.00853167
-0.0121553
-0.0161117
-0.0202801
-0.0245536
-0.0288409
-0.0330667
-0.0371711
-0.0411086
-0.0448468
-0.0483647
-0.0516511
-0.0547031
-0.057525
-0.0601265
-0.062522
-0.0647297
-0.0667707
-0.0686682
-0.0704474
-0.0721346
-0.0737572
-0.0753432
-0.076921
-0.0785192
-0.0801664
-0.081891
-0.0837211
-0.085684
-0.0878065
-0.0901141
-0.0926314
-0.095381
-0.0983836
-0.101658
-0.105218
-0.109077
-0.11324
-0.11771
-0.12248
-0.127537
-0.132857
-0.138403
-0.144123
-0.14995
-0.155792
-0.161535
-0.167035
-0.17212
-0.17658
-0.180171
-0.182618
-0.183618
-0.182849
-0.179996
-0.174768
-0.166936
-0.156371
-0.143092
-0.127297
-0.109403
-0.0900523
-0.0701049
-0.0505996
-0.0326721
-0.0174655
-0.0063313
-0.000989721
-0.000150559
-0.0010278
-0.00292188
-0.00558612
-0.00883597
-0.0125248
-0.0165081
-0.0206526
-0.0248425
-0.028981
-0.0329905
-0.0368111
-0.0403997
-0.0437273
-0.0467776
-0.0495446
-0.0520312
-0.054247
-0.0562075
-0.0579323
-0.0594445
-0.06077
-0.0619364
-0.0629729
-0.0639097
-0.0647776
-0.0656081
-0.0664328
-0.0672833
-0.0681913
-0.0691882
-0.070305
-0.0715724
-0.0730203
-0.0746777
-0.0765727
-0.0787319
-0.0811804
-0.0839411
-0.0870345
-0.0904778
-0.0942844
-0.0984626
-0.103015
-0.107937
-0.113214
-0.118821
-0.124718
-0.13085
-0.137139
-0.143485
-0.149757
-0.155792
-0.161388
-0.166305
-0.17026
-0.172932
-0.173972
-0.173017
-0.169714
-0.163758
-0.154934
-0.143166
-0.12857
-0.111498
-0.0925613
-0.0726323
-0.0528088
-0.0343283
-0.0184663
-0.00674017
-0.00106581
-0.00016163
-0.00109727
-0.00310622
-0.00591047
-0.0092979
-0.0130989
-0.0171496
-0.0213012
-0.0254276
-0.0294261
-0.0332169
-0.0367412
-0.039959
-0.0428464
-0.0453931
-0.0475997
-0.0494758
-0.0510378
-0.0523075
-0.0533108
-0.0540762
-0.0546349
-0.0550192
-0.0552627
-0.0553993
-0.0554637
-0.0554905
-0.0555146
-0.0555705
-0.0556928
-0.0559156
-0.056273
-0.0567982
-0.0575243
-0.0584833
-0.0597067
-0.0612246
-0.0630661
-0.0652585
-0.0678269
-0.0707941
-0.0741796
-0.0779987
-0.0822617
-0.0869726
-0.0921273
-0.0977118
-0.103699
-0.110047
-0.116694
-0.123555
-0.130514
-0.137423
-0.144094
-0.150292
-0.155736
-0.160096
-0.162999
-0.164042
-0.162814
-0.15893
-0.15208
-0.142086
-0.128963
-0.112976
-0.0946862
-0.0749597
-0.0549452
-0.0359822
-0.0194888
-0.0071659
-0.00114683
-0.000177517
-0.0011956
-0.00336609
-0.00636812
-0.00995315
-0.0139224
-0.0180875
-0.0222816
-0.0263666
-0.0302336
-0.0338013
-0.0370131
-0.0398339
-0.0422465
-0.0442483
-0.0458481
-0.0470637
-0.0479194
-0.0484446
-0.0486718
-0.0486362
-0.0483743
-0.0479237
-0.0473223
-0.0466083
-0.0458198
-0.044995
-0.0441715
-0.0433869
-0.0426782
-0.0420823
-0.0416357
-0.0413742
-0.0413335
-0.0415485
-0.0420536
-0.0428821
-0.0440667
-0.0456385
-0.0476273
-0.0500607
-0.052964
-0.056359
-0.0602635
-0.0646901
-0.0696445
-0.075124
-0.0811147
-0.0875885
-0.0944997
-0.10178
-0.109333
-0.117029
-0.124695
-0.132113
-0.139007
-0.145047
-0.149844
-0.152963
-0.153938
-0.152309
-0.147666
-0.139717
-0.128356
-0.113742
-0.0963581
-0.0770451
-0.0569884
-0.0376278
-0.0205336
-0.00761014
-0.00123341
-0.000199509
-0.00133003
-0.00371959
-0.00698966
-0.0108441
-0.0150471
-0.0193805
-0.023656
-0.027722
-0.0314637
-0.0347995
-0.0376768
-0.0400676
-0.0419635
-0.0433717
-0.0443112
-0.0448095
-0.0449004
-0.0446217
-0.0440138
-0.0431187
-0.0419792
-0.0406382
-0.0391383
-0.0375218
-0.0358306
-0.0341057
-0.032388
-0.0307174
-0.0291335
-0.0276754
-0.0263819
-0.0252911
-0.0244409
-0.0238687
-0.0236113
-0.0237052
-0.024186
-0.0250884
-0.0264462
-0.0282916
-0.0306551
-0.0335646
-0.0370451
-0.0411172
-0.0457964
-0.0510907
-0.0569991
-0.0635082
-0.0705889
-0.0781914
-0.0862398
-0.0946249
-0.103196
-0.111754
-0.120039
-0.127727
-0.134425
-0.139673
-0.14296
-0.143753
-0.141543
-0.135912
-0.126619
-0.113689
-0.0975014
-0.078843
-0.0589176
-0.0392603
-0.0216028
-0.00807556
-0.0013264
-0.00022926
-0.00150964
-0.00418905
-0.00781217
-0.012021
-0.0165333
-0.0210949
-0.0254923
-0.0295597
-0.0331772
-0.0362648
-0.0387766
-0.0406943
-0.0420214
-0.0427774
-0.0429935
-0.0427091
-0.0419686
-0.0408197
-0.0393116
-0.0374937
-0.0354154
-0.0331251
-0.0306705
-0.0280978
-0.0254524
-0.0227786
-0.0201196
-0.0175179
-0.0150152
-0.0126527
-0.0104708
-0.00850982
-0.00680945
-0.00540916
-0.00434808
-0.003665
-0.0033983
-0.00358591
-0.00426509
-0.00547223
-0.00724256
-0.0096097
-0.0126051
-0.0162572
-0.0205903
-0.0256232
-0.0313674
-0.0378239
-0.0449806
-0.0528068
-0.0612484
-0.07022
-0.0795963
-0.0892019
-0.0988004
-0.108084
-0.116663
-0.124068
-0.129751
-0.133116
-0.133553
-0.130515
-0.123609
-0.112701
-0.0980321
-0.0803034
-0.0607117
-0.0408771
-0.0227013
-0.00856626
-0.001427
-0.000268929
-0.00174596
-0.00480223
-0.00888076
-0.0135436
-0.0184507
-0.0233046
-0.0278634
-0.0319469
-0.0354318
-0.038243
-0.0403448
-0.0417326
-0.042425
-0.0424567
-0.0418741
-0.0407301
-0.0390818
-0.0369878
-0.0345068
-0.0316964
-0.0286128
-0.0253103
-0.0218413
-0.0182562
-0.0146037
-0.0109308
-0.00728325
-0.00370549
-0.000241069
0.00306727
0.00617739
0.00904761
0.0116366
0.0139031
0.0158064
0.0173055
0.0183596
0.0189283
0.018971
0.0184477
0.017319
0.0155459
0.0130912
0.00991925
0.00599715
0.00129606
-0.00420729
-0.0105283
-0.0176712
-0.0256251
-0.0343582
-0.0438106
-0.0538851
-0.0644358
-0.0752552
-0.0860603
-0.0964792
-0.106042
-0.11418
-0.120241
-0.123526
-0.123355
-0.119167
-0.110645
-0.0978541
-0.0813699
-0.0623485
-0.0424781
-0.0238372
-0.00908838
-0.00153694
-0.00032136
-0.00205373
-0.00559385
-0.0102505
-0.0154826
-0.0208789
-0.0260905
-0.0308447
-0.0349478
-0.0382765
-0.0407652
-0.0423936
-0.0431754
-0.0431484
-0.0423666
-0.0408939
-0.0387995
-0.0361546
-0.0330297
-0.029494
-0.0256138
-0.0214523
-0.0170696
-0.0125229
-0.00786637
-0.00315177
0.00157135
0.0062553
0.0108539
0.0153223
0.0196164
0.0236929
0.0275091
0.0310223
0.0341903
0.0369705
0.0393206
0.0411979
0.0425594
0.0433621
0.0435628
0.043118
0.0419844
0.0401192
0.0374801
0.0340267
0.0297206
0.0245273
0.018418
0.0113721
0.00338158
-0.00554462
-0.015373
-0.0260364
-0.0374223
-0.0493581
-0.0615944
-0.0737872
-0.0854817
-0.0961032
-0.104961
-0.111276
-0.114239
-0.113112
-0.107366
-0.096854
-0.0819761
-0.0638034
-0.0440666
-0.0250232
-0.00965093
-0.00165864
-0.000390364
-0.00245206
-0.0066076
-0.0119885
-0.0179215
-0.0239074
-0.0295386
-0.0345095
-0.0386165
-0.0417419
-0.0438363
-0.0449012
-0.0449749
-0.0441197
-0.0424127
-0.0399389
-0.0367858
-0.0330402
-0.0287861
-0.0241034
-0.0190673
-0.0137483
-0.00821206
-0.00252016
0.0032697
0.00910311
0.0149285
0.0206966
0.0263602
0.0318732
0.0371908
0.0422692
0.0470648
0.0515342
0.0556344
0.0593217
0.0625527
0.0652829
0.0674679
0.0690621
0.0700195
0.0702936
0.0698368
0.0686015
0.0665396
0.0636034
0.0597461
0.0549227
0.0490918
0.0422177
0.0342737
0.0252465
0.015143
0.00399901
-0.00810879
-0.0210476
-0.0346095
-0.0484895
-0.0622631
-0.0753674
-0.0870925
-0.0965954
-0.102948
-0.10523
-0.10268
-0.0948942
-0.0820404
-0.0650474
-0.045649
-0.0262783
-0.010267
-0.00179562
-0.000481123
-0.00296596
-0.00789893
-0.0141772
-0.0209576
-0.0276348
-0.0337349
-0.038921
-0.0429855
-0.0458255
-0.0474169
-0.0477924
-0.0470218
-0.0451983
-0.0424266
-0.0388161
-0.0344749
-0.0295071
-0.0240107
-0.0180769
-0.0117896
-0.00522617
0.00154235
0.00845052
0.0154377
0.0224476
0.029427
0.0363258
0.043096
0.0496913
0.0560667
0.0621779
0.0679813
0.0734332
0.0784901
0.083108
0.0872423
0.0908478
0.0938783
0.0962868
0.0980248
0.0990429
0.0992902
0.0987148
0.0972634
0.0948819
0.0915157
0.0871106
0.0816135
0.0749746
0.0671497
0.0581045
0.0478196
0.0362994
0.023583
0.00975997
-0.0050098
-0.020471
-0.0362443
-0.0517981
-0.0664265
-0.0792459
-0.0892249
-0.0952673
-0.0963615
-0.0918011
-0.0814574
-0.0660424
-0.0472352
-0.0276297
-0.0109554
-0.00195297
-0.000600834
-0.00362871
-0.00953866
-0.0169167
-0.0247027
-0.0321644
-0.0387571
-0.0441178
-0.0480466
-0.0504685
-0.0513981
-0.0509098
-0.0491148
-0.0461434
-0.0421334
-0.0372215
-0.0315388
-0.0252075
-0.01834
-0.0110385
-0.00339543
0.00450563
0.0125892
0.0207868
0.0290357
0.0372782
0.0454608
0.053533
0.0614469
0.0691564
0.076617
0.0837847
0.0906162
0.0970683
0.103097
0.108659
0.113709
0.118201
0.122088
0.125322
0.127852
0.129627
0.130593
0.130694
0.129873
0.12807
0.125224
0.121271
0.11615
0.109796
0.10215
0.0931582
0.0827758
0.0709766
0.057762
0.043176
0.0273255
0.0104071
-0.00725972
-0.0251953
-0.0427239
-0.0589504
-0.0727674
-0.0829162
-0.088126
-0.087349
-0.0800845
-0.0667334
-0.0488366
-0.0291149
-0.0117434
-0.00213823
-0.000759761
-0.00448529
-0.011618
-0.020329
-0.0292815
-0.0375961
-0.0446577
-0.0500907
-0.053721
-0.0555212
-0.0555616
-0.0539726
-0.0509172
-0.0465706
-0.0411082
-0.0346974
-0.0274931
-0.0196364
-0.0112535
-0.00245697
0.00665342
0.0159892
0.0254716
0.0350302
0.0446016
0.0541279
0.063556
0.0728361
0.0819214
0.0907669
0.099329
0.107565
0.115433
0.122889
0.129892
0.136397
0.14236
0.147735
0.152475
0.156529
0.159848
0.162376
0.164059
0.164837
0.164649
0.163432
0.161117
0.157636
0.152915
0.146881
0.139459
0.130578
0.12017
0.10818
0.0945721
0.0793446
0.0625479
0.0443128
0.0248858
0.00467388
-0.0157061
-0.035383
-0.0532101
-0.0677944
-0.0776108
-0.0812372
-0.0777208
-0.0670347
-0.0504621
-0.0307854
-0.0126708
-0.00236281
-0.000973009
-0.00559794
-0.0142555
-0.0245602
-0.0348259
-0.0440093
-0.0514364
-0.0567437
-0.0598123
-0.0606892
-0.0595231
-0.0565172
-0.0518977
-0.0458925
-0.0387188
-0.0305762
-0.0216443
-0.0120815
-0.00202691
0.00839867
0.01909
0.0299556
0.0409155
0.0518991
0.0628437
0.0736929
0.0843953
0.0949032
0.105172
0.115158
0.12482
0.134118
0.143011
0.151457
0.159415
0.166843
0.173697
0.179931
0.185498
0.190348
0.194429
0.197687
0.200064
0.201499
0.201928
0.201284
0.199494
0.196482
0.192169
0.186471
0.179302
0.170575
0.1602
0.148097
0.134194
0.118445
0.100844
0.0814488
0.0604233
0.0380823
0.0149535
-0.00815674
-0.0301102
-0.0494243
-0.0643446
-0.0730562
-0.0740754
-0.0668068
-0.0521089
-0.0327091
-0.0137959
-0.00264448
-0.0012637
-0.00705485
-0.0176062
-0.029782
-0.0414605
-0.0514308
-0.0589904
-0.0638313
-0.0659333
-0.0654547
-0.0626498
-0.057814
-0.0512486
-0.0432403
-0.0340504
-0.023911
-0.0130239
-0.00156285
0.0103238
0.0225099
0.0348881
0.0473667
0.0598672
0.0723214
0.0846695
0.0968585
0.10884
0.120571
0.132009
0.143114
0.153849
0.164175
0.174054
0.183448
0.192316
0.200619
0.208313
0.215355
0.221697
0.227291
0.232084
0.236021
0.239045
0.241093
0.242098
0.24199
0.240695
0.238131
0.234212
0.228849
0.221944
0.213397
0.203101
0.190952
0.176846
0.160696
0.142437
0.122057
0.0996256
0.0753499
0.0496389
0.0231891
-0.00292826
-0.0272054
-0.0477096
-0.0622414
-0.0687184
-0.0658165
-0.0537431
-0.0349717
-0.0152058
-0.00301188
-0.00166886
-0.00898464
-0.0218736
-0.0361851
-0.0492703
-0.0597744
-0.0670303
-0.0708565
-0.0713935
-0.0689583
-0.063943
-0.0567542
-0.0477779
-0.0373628
-0.0258135
-0.0133903
-0.000312989
0.0132352
0.027102
0.041161
0.0553073
0.0694535
0.0835259
0.0974621
0.111208
0.124717
0.137946
0.150856
0.16341
0.175575
0.187316
0.198598
0.209387
0.219648
0.229345
0.238438
0.246887
0.25465
0.261681
0.267933
0.273355
0.277891
0.281484
0.28407
0.285583
0.28595
0.285095
0.282933
0.279375
0.274325
0.267678
0.259322
0.249139
0.237002
0.222781
0.20635
0.187591
0.16642
0.142812
0.116851
0.0888013
0.0592034
0.0289934
-0.000380797
-0.0268929
-0.0480077
-0.0610069
-0.0636709
-0.0552598
-0.0376734
-0.0170312
-0.00351274
-0.0022505
-0.0115802
-0.0273221
-0.043957
-0.0582314
-0.068729
-0.0749365
-0.0769076
-0.075028
-0.0698294
-0.0618748
-0.051697
-0.039771
-0.0265035
-0.0122349
0.00275493
0.0182383
0.0340315
0.0499867
0.0659848
0.0819299
0.0977445
0.113365
0.128738
0.143819
0.15857
0.172956
0.186946
0.200511
0.21362
0.226247
0.238362
0.249935
0.260935
0.271329
0.281081
0.290155
0.29851
0.306104
0.312889
0.318818
0.323835
0.327884
0.330903
0.332825
0.333577
0.333081
0.331253
0.328
0.323223
0.316812
0.308648
0.298601
0.286529
0.272281
0.255695
0.236609
0.214869
0.190355
0.163022
0.132969
0.100537
0.0664536
0.032001
-0.000825811
-0.0292623
-0.049976
-0.0597061
-0.0564055
-0.0409083
-0.0194691
-0.00422904
-0.00311702
-0.015137
-0.0342826
-0.0532156
-0.0680679
-0.0775538
-0.0815157
-0.0803996
-0.0749408
-0.0659446
-0.0541694
-0.0402782
-0.0248253
-0.00826077
0.00905654
0.0268446
0.0448835
0.0630031
0.081072
0.0989889
0.116675
0.13407
0.151126
0.167805
0.184074
0.199908
0.215282
0.230176
0.244567
0.258436
0.27176
0.284518
0.296684
0.308233
0.319135
0.329361
0.338876
0.347643
0.355623
0.362772
0.369043
0.374385
0.378741
0.382052
0.384252
0.38527
0.385028
0.383442
0.38042
0.375861
0.369653
0.361672
0.351782
0.339831
0.32565
0.309051
0.289831
0.267777
0.242681
0.214368
0.182758
0.147959
0.110416
0.0711276
0.031889
-0.00448879
-0.0341786
-0.052807
-0.0566285
-0.0447037
-0.0228088
-0.00530366
-0.00446325
-0.0201106
-0.0431221
-0.0638402
-0.0779569
-0.0847028
-0.0845932
-0.078672
-0.0681347
-0.054102
-0.0375282
-0.0191842
0.000327809
0.0205476
0.0411293
0.0618164
0.0824203
0.102804
0.122867
0.14254
0.161772
0.180526
0.198777
0.216506
0.233699
0.250345
0.266432
0.281952
0.296894
0.311245
0.324993
0.338122
0.350615
0.36245
0.373605
0.384053
0.393766
0.40271
0.410849
0.418142
0.424547
0.430014
0.43449
0.43792
0.440238
0.441377
0.441262
0.439811
0.436932
0.432527
0.426484
0.41868
0.408974
0.39721
0.383207
0.366761
0.347637
0.325573
0.300283
0.271474
0.238886
0.202371
0.162035
0.118466
0.0730588
0.028398
-0.0114607
-0.0411179
-0.0547968
-0.0488623
-0.0274468
-0.00698339
-0.00664117
-0.0271817
-0.0540952
-0.0750584
-0.0859287
-0.0871465
-0.0803445
-0.0673868
-0.0500019
-0.0296134
-0.00731776
0.0160733
0.0399752
0.0639759
0.0877912
0.111229
0.134162
0.156511
0.178226
0.19928
0.219662
0.239367
0.258398
0.276761
0.294462
0.311507
0.327901
0.343647
0.358747
0.373198
0.386996
0.400134
0.4126
0.42438
0.435457
0.44581
0.455414
0.464241
0.472258
0.47943
0.485717
0.491074
0.495452
0.498798
0.501052
0.502151
0.502022
0.500589
0.497764
0.493452
0.487546
0.479924
0.47045
0.458965
0.445286
0.429198
0.41045
0.388744
0.363733
0.335022
0.302189
0.264831
0.222678
0.175804
0.124986
0.0722235
0.0213457
-0.0215905
-0.0486842
-0.0525854
-0.0338199
-0.00967093
-0.010254
-0.0372393
-0.0668256
-0.0844608
-0.087666
-0.0791819
-0.0622523
-0.0396897
-0.0136976
0.0141306
0.0427035
0.0713012
0.0994658
0.126919
0.153501
0.179132
0.203782
0.22745
0.250156
0.271928
0.292801
0.31281
0.33199
0.35037
0.367982
0.384848
0.40099
0.416424
0.431164
0.445216
0.458585
0.47127
0.483269
0.494573
0.505169
0.515042
0.524173
0.532537
0.540107
0.546852
0.552737
0.55772
0.561759
0.564805
0.566803
0.567695
0.567415
0.565892
0.563045
0.558785
0.553013
0.545614
0.536457
0.525391
0.512235
0.496777
0.478758
0.457863
0.433707
0.405823
0.373658
0.336584
0.293959
0.245288
0.190539
0.13073
0.0688074
0.0106904
-0.0340546
-0.0536096
-0.042028
-0.013909
-0.0161377
-0.0508528
-0.0786919
-0.0857268
-0.0742045
-0.0504826
-0.0196365
0.0147888
0.0504595
0.0859484
0.120443
0.153522
0.184998
0.214829
0.243045
0.269723
0.294955
0.318839
0.341472
0.362943
0.383335
0.402722
0.421168
0.438731
0.455459
0.471393
0.486567
0.501011
0.514745
0.527786
0.540145
0.55183
0.56284
0.573175
0.582826
0.591783
0.60003
0.607549
0.614317
0.620308
0.62549
0.629829
0.633287
0.635821
0.637383
0.637922
0.637379
0.635691
0.632786
0.628585
0.622998
0.615921
0.607236
0.596803
0.584454
0.569987
0.553152
0.533636
0.511046
0.484879
0.454501
0.419119
0.377785
0.329457
0.273209
0.208725
0.13729
0.0634105
-0.0031097
-0.0463479
-0.0505322
-0.0199785
-0.0246204
-0.0658514
-0.0802549
-0.0636566
-0.027881
0.0166902
0.0639915
0.110696
0.155131
0.196609
0.234974
0.270337
0.302924
0.333
0.360832
0.386665
0.410718
0.433185
0.45423
0.473998
0.492607
0.510164
0.526753
0.542451
0.557318
0.571407
0.58476
0.597412
0.609392
0.620721
0.631413
0.641481
0.650928
0.659757
0.667963
0.675541
0.682478
0.68876
0.69437
0.699284
0.703479
0.706925
0.70959
0.711438
0.71243
0.712522
0.711665
0.709805
0.706883
0.70283
0.69757
0.691015
0.683063
0.673592
0.662456
0.649474
0.634421
0.617009
0.596865
0.5735
0.546265
0.514299
0.47647
0.431331
0.377152
0.312166
0.235334
0.148149
0.0578805
-0.0183922
-0.0528646
-0.0262208
-0.0312988
-0.0687279
-0.0436745
0.015472
0.0836788
0.150381
0.211695
0.266445
0.314762
0.357325
0.39494
0.42837
0.458281
0.485231
0.509679
0.531998
0.552492
0.571409
0.588949
0.60528
0.620536
0.63483
0.648255
0.660888
0.672791
0.684018
0.694611
0.704605
0.714028
0.722901
0.731239
0.739055
0.746355
0.753141
0.759413
0.765165
0.770391
0.775079
0.779215
0.782783
0.785763
0.788133
0.789869
0.790941
0.791321
0.790972
0.789859
0.787938
0.785164
0.781484
0.776838
0.771158
0.764361
0.756353
0.747016
0.736203
0.723731
0.709358
0.692771
0.673543
0.651096
0.624623
0.592999
0.554647
0.507387
0.448322
0.374028
0.281704
0.172057
0.0556981
-0.0301854
-0.0232111
-0.000660418
0.000352625
0.104333
0.217905
0.312099
0.388125
0.44978
0.500011
0.54135
0.57587
0.605146
0.630341
0.652318
0.671722
0.689037
0.704634
0.718795
0.731745
0.743656
0.754668
0.764894
0.774422
0.783327
0.791668
0.799493
0.806843
0.81375
0.82024
0.826333
0.832046
0.837389
0.842372
0.846998
0.851272
0.855191
0.858753
0.861952
0.864782
0.867233
0.869294
0.870952
0.872192
0.872997
0.87335
0.873229
0.872612
0.871475
0.869789
0.867525
0.864648
0.861118
0.856891
0.851911
0.846116
0.839425
0.83174
0.822933
0.812839
0.801237
0.787824
0.772178
0.753698
0.73151
0.70431
0.670123
0.62591
0.567063
0.48705
0.376958
0.228428
0.0726437
0.0309695
0.292184
0.379306
0.530607
0.64433
0.714297
0.760017
0.792311
0.816128
0.834335
0.848758
0.860546
0.870427
0.878883
0.886244
0.892742
0.898545
0.903778
0.908536
0.912892
0.916901
0.92061
0.924053
0.927259
0.930251
0.933049
0.935667
0.938116
0.940408
0.942549
0.944545
0.9464
0.948116
0.949696
0.95114
0.952446
0.953614
0.954641
0.955523
0.956258
0.95684
0.957264
0.957525
0.957616
0.957529
0.957258
0.956792
0.956124
0.955242
0.954135
0.952791
0.951193
0.949325
0.947166
0.944692
0.941871
0.938665
0.935023
0.93088
0.926146
0.9207
0.91437
0.906908
0.897942
0.886901
0.872863
0.854247
0.828214
0.789432
0.726146
0.611349
0.435853
0.317985
)
;

boundaryField
{
    movingWall
    {
        type            calculated;
        value           uniform 1;
    }
    fixedWalls
    {
        type            calculated;
        value           uniform 0;
    }
    frontAndBack
    {
        type            empty;
    }
}


// ************************************************************************* //
