/*--------------------------------*- C++ -*----------------------------------*\
  =========                 |
  \\      /  F ield         | OpenFOAM: The Open Source CFD Toolbox
   \\    /   O peration     | Website:  https://openfoam.org
    \\  /    A nd           | Version:  dev
     \\/     M anipulation  |
\*---------------------------------------------------------------------------*/
FoamFile
{
    format      ascii;
    class       volScalarField;
    location    "49.95";
    object      Uy;
}
// * * * * * * * * * * * * * * * * * * * * * * * * * * * * * * * * * * * * * //

dimensions      [0 1 -1 0 0 0 0];

internalField   nonuniform List<scalar> 
5184
(
-1.25807e-05
-2.08188e-05
-1.72236e-05
-8.18866e-06
2.67246e-06
1.36217e-05
2.38514e-05
3.30567e-05
4.11172e-05
4.80383e-05
5.38816e-05
5.87321e-05
6.26818e-05
6.5822e-05
6.82376e-05
7.0004e-05
7.11857e-05
7.18351e-05
7.19931e-05
7.16892e-05
7.09428e-05
6.97644e-05
6.81568e-05
6.61171e-05
6.3638e-05
6.07097e-05
5.73218e-05
5.34646e-05
4.91312e-05
4.43184e-05
3.90287e-05
3.32714e-05
2.70636e-05
2.04315e-05
1.34106e-05
6.04687e-06
-1.60359e-06
-9.47424e-06
-1.74886e-05
-2.55607e-05
-3.35962e-05
-4.14934e-05
-4.9145e-05
-5.644e-05
-6.32657e-05
-6.95102e-05
-7.50646e-05
-7.98261e-05
-8.36999e-05
-8.66022e-05
-8.84624e-05
-8.92253e-05
-8.88528e-05
-8.73253e-05
-8.46422e-05
-8.0823e-05
-7.59069e-05
-6.99529e-05
-6.30387e-05
-5.52603e-05
-4.67318e-05
-3.75862e-05
-2.79787e-05
-1.80923e-05
-8.15216e-06
1.54734e-06
1.05814e-05
1.83132e-05
2.37311e-05
2.51435e-05
1.98622e-05
6.24732e-06
-4.57029e-05
-6.56017e-05
-4.05164e-05
7.65411e-06
6.57008e-05
0.000126027
0.000184346
0.000238412
0.00028708
0.000329907
0.000366853
0.000398108
0.000423983
0.000444844
0.000461069
0.000473017
0.000481011
0.000485326
0.000486186
0.000483763
0.000478178
0.000469506
0.000457787
0.00044303
0.000425223
0.000404342
0.000380363
0.00035327
0.000323062
0.000289766
0.000253443
0.000214196
0.000172174
0.000127582
8.06776e-05
3.17815e-05
-1.87275e-05
-7.0411e-05
-0.000122774
-0.000175268
-0.000227299
-0.000278235
-0.000327413
-0.000374155
-0.000417776
-0.0004576
-0.000492975
-0.000523286
-0.000547971
-0.000566536
-0.000578568
-0.000583748
-0.00058186
-0.000572801
-0.000556586
-0.000533356
-0.000503373
-0.000467027
-0.000424834
-0.000377435
-0.000325598
-0.000270229
-0.00021239
-0.000153334
-9.45711e-05
-3.79798e-05
1.3976e-05
5.79902e-05
8.94695e-05
0.000101918
8.65662e-05
3.65041e-05
-8.12548e-05
-9.49948e-05
-1.9111e-05
0.000105965
0.00025472
0.000410701
0.000563589
0.000707242
0.000838208
0.000954778
0.00105635
0.00114303
0.00121532
0.00127395
0.00131975
0.00135353
0.00137606
0.00138803
0.00138999
0.00138238
0.00136554
0.00133969
0.00130496
0.0012614
0.00120904
0.00114785
0.00107784
0.000999003
0.000911419
0.000815222
0.000710644
0.000598031
0.000477856
0.000350734
0.000217433
7.88755e-05
-6.38571e-05
-0.000209528
-0.000356755
-0.000504018
-0.00064968
-0.000792009
-0.000929201
-0.00105941
-0.00118079
-0.00129152
-0.00138983
-0.0014741
-0.00154281
-0.00159465
-0.00162852
-0.00164359
-0.00163928
-0.00161535
-0.00157186
-0.00150922
-0.00142817
-0.00132981
-0.0012156
-0.00108734
-0.0009472
-0.000797758
-0.000642021
-0.000483521
-0.00032646
-0.000175927
-3.82433e-05
7.85711e-05
0.000164213
0.000205516
0.000186373
9.04311e-05
-9.77634e-05
-7.31653e-05
8.47957e-05
0.000318434
0.000590246
0.000874599
0.00115445
0.00141902
0.00166181
0.0018793
0.00206993
0.00223343
0.00237038
0.00248182
0.002569
0.00263327
0.0026759
0.00269805
0.0027007
0.00268463
0.00265046
0.00259859
0.00252931
0.00244277
0.00233904
0.00221818
0.00208024
0.00192533
0.00175365
0.00156557
0.00136159
0.00114246
0.000909149
0.000662904
0.000405236
0.000137948
-0.000136869
-0.000416844
-0.000699341
-0.000981479
-0.00126017
-0.00153216
-0.00179406
-0.00204244
-0.00227384
-0.00248487
-0.0026723
-0.00283306
-0.00296438
-0.00306383
-0.0031294
-0.00315955
-0.00315324
-0.00311003
-0.00303007
-0.00291415
-0.0027637
-0.00258082
-0.00236827
-0.00212951
-0.00186869
-0.00159071
-0.00130129
-0.0010071
-0.000715957
-0.00043715
-0.000181821
3.64164e-05
0.000200835
0.000291033
0.000282717
0.000147352
-8.44586e-05
2.08583e-05
0.000295488
0.00066818
0.00109112
0.00153037
0.00196248
0.00237198
0.00274914
0.0030883
0.00338671
0.00364353
0.00385922
0.00403504
0.00417264
0.00427383
0.00434042
0.00437404
0.00437613
0.00434786
0.00429013
0.00420361
0.00408875
0.00394585
0.0037751
0.00357666
0.00335071
0.00309754
0.00281757
0.00251148
0.00218022
0.00182506
0.00144764
0.00105002
0.000634694
0.00020457
-0.000236984
-0.00068618
-0.00113882
-0.00159036
-0.00203592
-0.00247038
-0.00288844
-0.00328472
-0.00365384
-0.00399052
-0.00428969
-0.00454663
-0.00475702
-0.0049171
-0.00502374
-0.00507455
-0.00506797
-0.00500331
-0.00488084
-0.00470181
-0.0044685
-0.00418424
-0.00385341
-0.00348146
-0.00307499
-0.00264173
-0.00219069
-0.00173227
-0.00127853
-0.000843539
-0.000443779
-9.88191e-05
0.000167996
0.000328922
0.000351213
0.00019424
-3.75818e-05
0.000197352
0.000627018
0.00117064
0.00177224
0.00239095
0.00299769
0.00357265
0.00410298
0.00458091
0.00500235
0.00536582
0.00567156
0.00592092
0.0061159
0.00625876
0.00635179
0.0063971
0.00639658
0.0063518
0.00626397
0.00613405
0.00596269
0.00575037
0.00549744
0.00520422
0.0048711
0.0044986
0.00408749
0.00363885
0.00315419
0.00263545
0.00208511
0.00150624
0.000902477
0.000278075
-0.000362095
-0.00101258
-0.00166736
-0.00231994
-0.00296338
-0.00359041
-0.00419352
-0.0047651
-0.00529755
-0.00578341
-0.00621557
-0.00658735
-0.00689267
-0.00712625
-0.00728369
-0.00736162
-0.00735784
-0.0072714
-0.00710268
-0.00685347
-0.00652701
-0.00612804
-0.00566278
-0.00513903
-0.00456613
-0.00395507
-0.00331856
-0.00267119
-0.00202971
-0.00141332
-0.000844164
-0.000347933
4.53889e-05
0.000300848
0.00037762
0.000224651
4.40583e-05
0.000461325
0.00108731
0.00183522
0.00264317
0.00346488
0.00426671
0.00502519
0.0057247
0.00635556
0.00691243
0.00739315
0.00779773
0.00812761
0.00838505
0.00857272
0.00869335
0.00874955
0.00874363
0.00867753
0.00855283
0.00837073
0.00813215
0.00783777
0.00748814
0.00708381
0.0066254
0.00611377
0.00555011
0.00493602
0.00427367
0.00356582
0.00281593
0.00202822
0.00120766
0.000360046
-0.000508056
-0.00138931
-0.00227566
-0.00315841
-0.00402834
-0.00487577
-0.00569074
-0.00646316
-0.00718297
-0.0078403
-0.00842574
-0.00893045
-0.0093464
-0.0096666
-0.0098852
-0.00999774
-0.0100013
-0.00989459
-0.0096781
-0.00935418
-0.00892712
-0.00840319
-0.00779065
-0.00709982
-0.00634311
-0.00553504
-0.00469234
-0.00383413
-0.00298212
-0.0021609
-0.00139842
-0.000726552
-0.000181788
0.000194051
0.000352828
0.000235151
0.000160457
0.000814652
0.00168016
0.00266695
0.00370929
0.0047571
0.00577333
0.00673168
0.00761434
0.00841003
0.00911242
0.00971877
0.0102289
0.0106444
0.0109677
0.0112019
0.0113502
0.0114156
0.0114008
0.0113082
0.0111397
0.0108967
0.0105805
0.010192
0.00973185
0.00920099
0.00860032
0.00793109
0.00719497
0.00639421
0.0055317
0.00461117
0.00363716
0.00261519
0.00155173
0.000454242
-0.000668818
-0.00180806
-0.00295319
-0.00409316
-0.00521622
-0.0063101
-0.00736216
-0.00835963
-0.00928976
-0.0101401
-0.0108986
-0.0115543
-0.0120968
-0.0125173
-0.0128083
-0.0129642
-0.0129812
-0.0128576
-0.0125939
-0.0121931
-0.0116605
-0.0110041
-0.0102341
-0.00936366
-0.00840842
-0.00738663
-0.00631931
-0.0052303
-0.00414648
-0.00309798
-0.00211864
-0.00124643
-0.000524167
-8.10732e-08
0.000271267
0.000224029
0.000310977
0.00125724
0.00240654
0.00366769
0.00497292
0.00626985
0.00751919
0.00869273
0.00977112
0.010742
0.0115983
0.0123369
0.0129577
0.0134623
0.0138536
0.0141349
0.0143099
0.014382
0.0143545
0.01423
0.0140106
0.0136984
0.0132945
0.0128002
0.0122167
0.0115448
0.0107861
0.00994206
0.00901506
0.00800798
0.00692459
0.00576961
0.00454882
0.00326913
0.00193862
0.000566572
-0.000836548
-0.00225914
-0.00368854
-0.00511114
-0.00651253
-0.00787765
-0.00919102
-0.010437
-0.0115999
-0.0126645
-0.0136161
-0.014441
-0.0151266
-0.015662
-0.016038
-0.0162475
-0.0162857
-0.0161504
-0.0158422
-0.0153644
-0.0147236
-0.0139291
-0.0129938
-0.0119333
-0.0107668
-0.00951632
-0.00820739
-0.00686873
-0.0055325
-0.00423452
-0.00301448
-0.00191642
-0.000989221
-0.000287079
0.000129825
0.000190635
0.000494716
0.00178786
0.00326556
0.00483707
0.00643406
0.00800318
0.00950405
0.0109075
0.0121933
0.0133485
0.0143659
0.0152423
0.0159776
0.0165737
0.0170339
0.017362
0.0175621
0.0176381
0.0175935
0.0174315
0.0171545
0.0167646
0.0162636
0.0156528
0.0149336
0.0141074
0.0131759
0.0121413
0.0110064
0.00977495
0.00845158
0.00704212
0.00555363
0.00399452
0.00237457
0.000704976
-0.00100168
-0.00273147
-0.00446922
-0.00619867
-0.00790256
-0.00956292
-0.0111612
-0.0126788
-0.0140969
-0.0153973
-0.0165624
-0.0175756
-0.018422
-0.0190882
-0.019563
-0.0198379
-0.0199069
-0.0197671
-0.0194189
-0.0188661
-0.0181163
-0.0171804
-0.0160735
-0.0148142
-0.013425
-0.011932
-0.0103653
-0.00875855
-0.00714942
-0.00557938
-0.00409406
-0.00274345
-0.00158234
-0.000670489
-7.31174e-05
0.000134887
0.00071064
0.0024046
0.00425513
0.00617312
0.00809089
0.00995532
0.011726
0.0133736
0.014878
0.0162261
0.0174109
0.0184296
0.0192822
0.0199714
0.0205008
0.0208748
0.0210979
0.0211745
0.0211085
0.0209034
0.0205621
0.0200868
0.0194797
0.0187422
0.0178762
0.0168833
0.0157656
0.0145259
0.0131677
0.0116953
0.0101145
0.00843215
0.00665671
0.00479812
0.00286793
0.00087931
-0.00115295
-0.00321252
-0.00528163
-0.00734123
-0.00937113
-0.0113503
-0.013257
-0.0150694
-0.0167655
-0.0183238
-0.0197236
-0.0209455
-0.0219715
-0.0227859
-0.0233753
-0.0237293
-0.0238405
-0.0237052
-0.0233236
-0.0226997
-0.0218419
-0.0207629
-0.0194797
-0.018014
-0.0163917
-0.014643
-0.0128026
-0.0109094
-0.00900643
-0.00714101
-0.00536468
-0.0037334
-0.00230771
-0.00115276
-0.000338399
5.69525e-05
0.00095767
0.00310516
0.00537237
0.00767273
0.00994028
0.0121231
0.0141818
0.0160877
0.0178213
0.0193704
0.0207284
0.0218931
0.0228656
0.0236488
0.0242472
0.0246656
0.0249093
0.0249831
0.0248914
0.024638
0.024226
0.0236581
0.0229366
0.0220633
0.0210402
0.0198694
0.0185535
0.0170956
0.0154999
0.0137716
0.0119174
0.00994542
0.00786535
0.00568876
0.00342899
0.00110124
-0.00127747
-0.00368835
-0.00611095
-0.00852336
-0.0109024
-0.0132237
-0.0154624
-0.0175932
-0.0195907
-0.02143
-0.0230871
-0.0245392
-0.0257654
-0.0267472
-0.0274688
-0.0279175
-0.0280846
-0.0279651
-0.0275586
-0.0268694
-0.0259064
-0.024684
-0.0232212
-0.0215425
-0.0196773
-0.0176601
-0.0155302
-0.0133317
-0.0111132
-0.00892792
-0.00683346
-0.00489175
-0.00316908
-0.00173589
-0.000666585
-4.29528e-05
0.00123472
0.00388699
0.00661385
0.00933201
0.011978
0.0145022
0.0168668
0.0190449
0.0210183
0.022776
0.0243127
0.0256271
0.0267213
0.0275992
0.028266
0.0287275
0.0289894
0.0290571
0.0289354
0.0286286
0.0281402
0.0274731
0.0266297
0.0256123
0.0244231
0.0230645
0.0215394
0.0198517
0.018006
0.0160084
0.0138665
0.0115896
0.00918879
0.00667716
0.00406985
0.00138411
-0.00136079
-0.00414358
-0.0069411
-0.00972851
-0.0124795
-0.0151665
-0.0177611
-0.0202346
-0.0225578
-0.0247024
-0.0266406
-0.0283463
-0.0297952
-0.0309657
-0.0318391
-0.0324006
-0.0326393
-0.032549
-0.0321284
-0.0313815
-0.030318
-0.0289533
-0.0273088
-0.0254114
-0.0232942
-0.0209957
-0.0185601
-0.0160368
-0.0134801
-0.0109492
-0.00850788
-0.00622418
-0.00417026
-0.00242196
-0.00105832
-0.000164695
0.00154068
0.00474739
0.00797576
0.0111464
0.0141992
0.0170873
0.0197757
0.0222398
0.0244633
0.0264372
0.0281577
0.0296251
0.0308429
0.031816
0.0325507
0.0330537
0.0333314
0.0333898
0.0332344
0.0328698
0.0322998
0.0315275
0.0305558
0.0293871
0.0280238
0.0264687
0.0247252
0.0227973
0.0206906
0.0184119
0.0159696
0.0133741
0.0106379
0.00777568
0.00480424
0.00174285
-0.00138696
-0.00456144
-0.0077547
-0.010939
-0.0140847
-0.017161
-0.0201361
-0.0229772
-0.0256516
-0.0281271
-0.030372
-0.0323565
-0.0340527
-0.0354354
-0.0364829
-0.0371776
-0.0375062
-0.0374608
-0.0370389
-0.0362443
-0.0350867
-0.0335826
-0.0317553
-0.0296344
-0.0272563
-0.0246639
-0.021906
-0.0190375
-0.0161187
-0.0132149
-0.0103962
-0.00773701
-0.00531561
-0.00321347
-0.00151459
-0.00030831
0.00187445
0.00568351
0.00945397
0.0131108
0.016598
0.0198723
0.0229021
0.0256656
0.0281495
0.030347
0.0322565
0.0338803
0.0352233
0.0362922
0.0370943
0.0376374
0.0379288
0.0379754
0.0377829
0.0373565
0.0367005
0.0358182
0.0347126
0.0333865
0.0318425
0.0300836
0.0281135
0.025937
0.0235599
0.0209897
0.0182359
0.0153098
0.0122252
0.00899814
0.00564729
0.00219379
-0.00133864
-0.00492378
-0.00853305
-0.0121357
-0.015699
-0.0191887
-0.0225691
-0.0258038
-0.0288562
-0.0316898
-0.0342689
-0.0365595
-0.0385298
-0.0401507
-0.0413971
-0.0422479
-0.0426874
-0.0427053
-0.0422976
-0.0414672
-0.0402239
-0.0385849
-0.0365751
-0.0342266
-0.0315794
-0.0286802
-0.025583
-0.0223482
-0.019042
-0.0157363
-0.0125078
-0.00943757
-0.00661033
-0.00411363
-0.00203688
-0.000474065
0.00223491
0.00669238
0.0110441
0.0152199
0.0191683
0.0228505
0.0262388
0.0293151
0.0320694
0.0344979
0.0366015
0.038385
0.0398552
0.0410204
0.0418897
0.0424719
0.0427754
0.0428077
0.0425755
0.0420842
0.0413385
0.0403422
0.0390984
0.0376099
0.0358798
0.0339113
0.0317084
0.029276
0.0266206
0.0237505
0.0206756
0.0174085
0.013964
0.0103595
0.00661537
0.00275451
-0.00119721
-0.00521118
-0.00925617
-0.0132985
-0.0173022
-0.0212294
-0.0250409
-0.0286963
-0.0321546
-0.0353751
-0.0383177
-0.040944
-0.0432177
-0.0451055
-0.0465783
-0.0476112
-0.0481854
-0.0482877
-0.0479124
-0.0470607
-0.0457423
-0.0439747
-0.041784
-0.0392051
-0.0362807
-0.0330621
-0.029608
-0.0259847
-0.0222645
-0.0185263
-0.0148535
-0.0113345
-0.00806075
-0.00512657
-0.00262735
-0.000662496
0.00262089
0.0077709
0.0127413
0.0174676
0.0219032
0.0260144
0.0297779
0.0331801
0.0362148
0.0388815
0.0411845
0.043131
0.0447304
0.045993
0.0469294
0.04755
0.0478643
0.0478808
0.0476068
0.0470483
0.0462103
0.0450969
0.0437116
0.0420573
0.0401372
0.0379546
0.0355139
0.0328202
0.0298806
0.0267035
0.0232999
0.019683
0.0158687
0.0118758
0.0077258
0.00344362
-0.000942961
-0.00540305
-0.00990282
-0.0144057
-0.0188725
-0.0232619
-0.0275307
-0.0316346
-0.0355281
-0.039166
-0.0425036
-0.0454974
-0.0481064
-0.0502926
-0.0520222
-0.0532664
-0.0540021
-0.0542132
-0.0538912
-0.0530357
-0.0516551
-0.0497672
-0.0473992
-0.0445878
-0.0413792
-0.0378285
-0.0339997
-0.0299646
-0.0258026
-0.0215993
-0.0174458
-0.0134378
-0.00967451
-0.00625747
-0.00328886
-0.000874434
0.0030312
0.0089158
0.0145409
0.0198477
0.0247955
0.0293559
0.0335109
0.0372517
0.0405764
0.0434887
0.0459962
0.0481094
0.0498402
0.0512013
0.0522054
0.0528642
0.0531887
0.0531883
0.0528712
0.0522439
0.051312
0.0500798
0.0485509
0.0467285
0.0446158
0.0422164
0.0395345
0.0365759
0.0333475
0.0298584
0.0261201
0.0221465
0.0179543
0.0135633
0.00899663
0.00428054
-0.000555269
-0.00547775
-0.0104506
-0.0154344
-0.0203869
-0.0252631
-0.0300162
-0.0345973
-0.0389566
-0.0430441
-0.0468099
-0.0502054
-0.0531842
-0.0557033
-0.0577234
-0.059211
-0.0601387
-0.0604862
-0.0602418
-0.0594026
-0.0579758
-0.0559785
-0.0534385
-0.0503943
-0.046895
-0.043
-0.0387782
-0.0343077
-0.0296745
-0.0249718
-0.0202987
-0.0157592
-0.0114607
-0.00751269
-0.0040251
-0.00111102
0.00346456
0.0101236
0.0164374
0.0223535
0.0278372
0.0328663
0.0374285
0.0415202
0.0451445
0.0483095
0.0510268
0.0533104
0.0551751
0.0566364
0.0577088
0.0584062
0.0587408
0.0587233
0.0583626
0.0576661
0.0566396
0.0552878
0.0536145
0.0516231
0.0493168
0.0466991
0.0437746
0.0405488
0.0370291
0.0332248
0.0291477
0.0248121
0.0202357
0.015439
0.0104463
0.0052852
-1.28385e-05
-0.00541283
-0.0108761
-0.0163607
-0.021821
-0.0272088
-0.0324731
-0.0375609
-0.0424177
-0.0469884
-0.0512177
-0.0550514
-0.0584374
-0.0613266
-0.0636743
-0.0654411
-0.0665945
-0.0671097
-0.0669708
-0.0661719
-0.0647177
-0.0626245
-0.0599201
-0.0566446
-0.0528497
-0.0485986
-0.0439657
-0.0390351
-0.0339001
-0.028662
-0.0234285
-0.0183122
-0.0134299
-0.00889981
-0.00484058
-0.00137374
0.00391965
0.0113908
0.0184254
0.0249778
0.0310201
0.0365364
0.0415207
0.0459753
0.0499085
0.0533333
0.0562658
0.0587235
0.060725
0.0622882
0.0634304
0.0641671
0.0645124
0.0644781
0.0640742
0.0633087
0.062188
0.0607171
0.0588999
0.0567399
0.0542404
0.0514048
0.0482377
0.0447445
0.0409327
0.0368117
0.0323935
0.0276928
0.0227277
0.0175194
0.0120931
0.00647774
0.000706004
-0.00518524
-0.0111552
-0.0171593
-0.023149
-0.0290727
-0.0348755
-0.0405001
-0.045887
-0.0509758
-0.0557056
-0.0600162
-0.0638492
-0.067149
-0.0698645
-0.07195
-0.073367
-0.074085
-0.0740834
-0.0733522
-0.0718933
-0.069721
-0.0668628
-0.0633596
-0.0592655
-0.0546477
-0.0495856
-0.0441699
-0.0385016
-0.0326903
-0.026853
-0.0211122
-0.0155943
-0.0104277
-0.00574067
-0.00166438
0.00439506
0.0127134
0.0204989
0.0277132
0.0343353
0.0403563
0.045777
0.0506058
0.0548569
0.0585485
0.0617014
0.0643374
0.0664785
0.068146
0.0693595
0.0701371
0.0704942
0.0704443
0.0699984
0.0691651
0.0679516
0.0663631
0.0644037
0.062077
0.0593861
0.0563344
0.0529264
0.0491673
0.0450645
0.0406273
0.0358678
0.0308007
0.0254444
0.0198207
0.0139554
0.00787809
0.00162297
-0.00477166
-0.0112631
-0.0178044
-0.0243442
-0.0308276
-0.0371959
-0.0433872
-0.0493374
-0.0549803
-0.0602493
-0.0650776
-0.0693999
-0.0731538
-0.0762808
-0.0787282
-0.0804505
-0.0814108
-0.0815825
-0.0809509
-0.0795137
-0.0772829
-0.0742846
-0.0705601
-0.0661655
-0.0611716
-0.055663
-0.0497371
-0.0435028
-0.0370789
-0.0305923
-0.0241762
-0.0179678
-0.0121066
-0.00673166
-0.00198509
0.00488929
0.0140874
0.0226518
0.0305515
0.0377733
0.0443155
0.050186
0.0553998
0.0599775
0.0639427
0.0673213
0.0701397
0.0724237
0.0741979
0.075485
0.0763051
0.0766759
0.0766122
0.0761261
0.0752273
0.0739234
0.0722199
0.0701212
0.0676309
0.0647519
0.0614876
0.057842
0.0538203
0.0494294
0.0446785
0.0395793
0.0341467
0.028399
0.0223581
0.0160502
0.00950563
0.00275942
-0.00414885
-0.0111748
-0.0182694
-0.0253787
-0.0324446
-0.0394047
-0.0461928
-0.0527396
-0.0589735
-0.0648214
-0.0702099
-0.0750664
-0.0793206
-0.0829062
-0.0857625
-0.087836
-0.0890824
-0.0894682
-0.0889725
-0.0875882
-0.0853236
-0.0822028
-0.0782666
-0.0735728
-0.0681953
-0.0622238
-0.0557627
-0.0489292
-0.0418519
-0.0346683
-0.0275232
-0.0205659
-0.013948
-0.00782071
-0.00233835
0.00540077
0.0155086
0.0248774
0.0334845
0.0413243
0.048403
0.0547358
0.060345
0.0652573
0.0695027
0.0731123
0.0761171
0.0785474
0.0804312
0.0817942
0.0826593
0.083046
0.0829709
0.0824474
0.081486
0.0800949
0.0782801
0.0760462
0.0733966
0.0703343
0.0668622
0.0629841
0.0587046
0.0540304
0.0489702
0.0435352
0.0377401
0.0316028
0.0251452
0.0183936
0.0113787
0.00413591
-0.00329406
-0.0108655
-0.0185276
-0.0262242
-0.033894
-0.0414711
-0.0488851
-0.0560618
-0.0629237
-0.0693912
-0.0753839
-0.0808212
-0.0856247
-0.0897192
-0.0930352
-0.0955102
-0.0970912
-0.0977368
-0.0974185
-0.0961233
-0.0938544
-0.0906331
-0.086499
-0.0815104
-0.0757442
-0.0692951
-0.0622744
-0.0548081
-0.0470351
-0.0391047
-0.031174
-0.0234057
-0.0159648
-0.00901587
-0.00272699
0.00592781
0.0169723
0.0271688
0.0365031
0.0449777
0.0526069
0.0594138
0.0654278
0.0706827
0.0752145
0.0790601
0.0822556
0.0848355
0.0868319
0.0882737
0.0891863
0.0895918
0.0895082
0.0889505
0.0879301
0.0864561
0.0845347
0.0821706
0.0793674
0.0761276
0.0724541
0.06835
0.0638195
0.0588686
0.0535053
0.0477405
0.041588
0.0350653
0.0281939
0.0209999
0.0135139
0.00577172
-0.00218552
-0.0103111
-0.0185526
-0.0268519
-0.0351451
-0.043363
-0.0514309
-0.0592698
-0.0667964
-0.0739246
-0.0805663
-0.0866329
-0.0920369
-0.0966938
-0.100524
-0.103455
-0.105424
-0.10638
-0.106286
-0.105122
-0.102884
-0.0995892
-0.0952753
-0.0900003
-0.0838435
-0.0769042
-0.0693007
-0.0611681
-0.0526562
-0.043927
-0.0351512
-0.0265059
-0.0181711
-0.0103261
-0.00315417
0.00646865
0.0184738
0.0295188
0.0395981
0.0487227
0.0569152
0.0642067
0.0706344
0.076239
0.0810631
0.0851496
0.0885398
0.0912729
0.093385
0.0949084
0.0958717
0.0962989
0.0962103
0.0956222
0.0945472
0.092995
0.0909724
0.0884843
0.085534
0.082124
0.0782567
0.0739346
0.0691613
0.0639421
0.0582841
0.0521973
0.0456948
0.0387933
0.0315136
0.0238811
0.0159261
0.0076843
-0.00080296
-0.00948837
-0.0183185
-0.0272334
-0.0361671
-0.0450472
-0.0537952
-0.0623273
-0.0705545
-0.0783841
-0.0857201
-0.0924656
-0.0985233
-0.103798
-0.108201
-0.111647
-0.114062
-0.115385
-0.115569
-0.114583
-0.112417
-0.109082
-0.104611
-0.0990633
-0.0925177
-0.0850785
-0.0768706
-0.0680387
-0.0587442
-0.0491623
-0.0394789
-0.0298869
-0.0205824
-0.0117613
-0.00362341
0.00702145
0.0200081
0.0319199
0.0427598
0.0525478
0.061315
0.0691007
0.07595
0.081911
0.087033
0.0913649
0.0949537
0.0978433
0.100074
0.101682
0.102699
0.103152
0.103062
0.102447
0.101323
0.0996977
0.09758
0.0949746
0.0918849
0.0883129
0.0842606
0.07973
0.0747237
0.0692462
0.0633036
0.0569049
0.050062
0.0427906
0.0351105
0.0270462
0.0186272
0.00988871
0.000871811
-0.00837601
-0.0178006
-0.027341
-0.0369292
-0.0464902
-0.0559419
-0.0651961
-0.0741582
-0.0827288
-0.0908042
-0.0982784
-0.105044
-0.110996
-0.116032
-0.120056
-0.122981
-0.124733
-0.125252
-0.124499
-0.122453
-0.119117
-0.11452
-0.108718
-0.10179
-0.0938447
-0.0850134
-0.0754503
-0.0653291
-0.0548394
-0.0441831
-0.0335705
-0.0232156
-0.0133322
-0.00413857
0.00758427
0.0215702
0.034364
0.0459781
0.0564412
0.065793
0.0740814
0.0813594
0.0876827
0.0931075
0.0976891
0.10148
0.104529
0.106882
0.108578
0.109652
0.110133
0.110045
0.109409
0.10824
0.106548
0.104342
0.101627
0.0984058
0.0946811
0.0904537
0.085725
0.080497
0.0747728
0.0685575
0.0618589
0.0546874
0.0470575
0.0389877
0.0305011
0.0216261
0.012397
0.00285431
-0.00695492
-0.0169764
-0.0271484
-0.0374015
-0.0476585
-0.0578344
-0.0678366
-0.0775654
-0.0869149
-0.0957736
-0.104026
-0.111556
-0.118244
-0.123977
-0.128645
-0.132148
-0.134396
-0.135317
-0.134858
-0.132987
-0.129697
-0.125011
-0.118979
-0.111682
-0.103229
-0.0937579
-0.0834337
-0.072442
-0.0609879
-0.0492909
-0.0375798
-0.0260885
-0.0150504
-0.00470383
0.00815514
0.0231546
0.0368432
0.0492427
0.0603906
0.0703355
0.0791339
0.0868468
0.0935375
0.0992695
0.104104
0.108101
0.111313
0.11379
0.115577
0.11671
0.117223
0.117142
0.116489
0.11528
0.113527
0.11124
0.108423
0.10508
0.101212
0.0968203
0.0919053
0.0864679
0.0805101
0.0740357
0.067051
0.0595649
0.0515903
0.043144
0.0342475
0.0249278
0.0152178
0.00515677
-0.00520899
-0.0158256
-0.0266311
-0.0375553
-0.0485195
-0.0594359
-0.0702084
-0.0807325
-0.090896
-0.10058
-0.10966
-0.118007
-0.125493
-0.131989
-0.137371
-0.141524
-0.144342
-0.145737
-0.14564
-0.144006
-0.140818
-0.136087
-0.129859
-0.12221
-0.113254
-0.103132
-0.0920193
-0.0801144
-0.0676389
-0.0548307
-0.0419395
-0.0292204
-0.0169284
-0.00532375
0.00873199
0.0247558
0.0393493
0.052543
0.0643836
0.0749286
0.0842429
0.0923957
0.0994583
0.105501
0.110592
0.114797
0.118174
0.120778
0.122658
0.123854
0.124402
0.124331
0.123665
0.122422
0.120615
0.118253
0.115343
0.111886
0.107886
0.103342
0.0982528
0.0926194
0.0864424
0.0797239
0.0724687
0.0646841
0.0563808
0.0475739
0.0382831
0.0285332
0.0183554
0.00778746
-0.00312573
-0.0143312
-0.0257675
-0.0373644
-0.0490418
-0.0607105
-0.072271
-0.0836147
-0.0946235
-0.105171
-0.115124
-0.124344
-0.132688
-0.140014
-0.146183
-0.151061
-0.154527
-0.156475
-0.156817
-0.155492
-0.152469
-0.147747
-0.141363
-0.13339
-0.123941
-0.113162
-0.101237
-0.088378
-0.0748237
-0.0608322
-0.0466753
-0.0326314
-0.0189794
-0.00600321
0.00931276
0.0263685
0.0418737
0.0558682
0.0684075
0.0795579
0.0893927
0.0979896
0.105427
0.111784
0.117134
0.121548
0.125093
0.127826
0.1298
0.131061
0.131647
0.13159
0.130916
0.129643
0.127788
0.125358
0.122362
0.118803
0.11468
0.109995
0.104746
0.0989306
0.0925496
0.0856036
0.0780951
0.0700298
0.0614162
0.0522673
0.0426003
0.0324382
0.0218096
0.0107502
-0.000696911
-0.0124803
-0.0245397
-0.0368051
-0.0491967
-0.0616237
-0.0739845
-0.0861669
-0.0980476
-0.109494
-0.120363
-0.130506
-0.139768
-0.147991
-0.155021
-0.160705
-0.164902
-0.167486
-0.168351
-0.167415
-0.16463
-0.15998
-0.153492
-0.145231
-0.135307
-0.123871
-0.111115
-0.0972638
-0.0825742
-0.0673256
-0.0518139
-0.0363431
-0.0212176
-0.00674742
0.00989536
0.027987
0.0444081
0.0592076
0.0724496
0.084209
0.0945677
0.103611
0.111426
0.118098
0.123709
0.128335
0.132047
0.13491
0.136981
0.138308
0.138935
0.138894
0.138215
0.136917
0.135019
0.132529
0.129456
0.125802
0.121569
0.116755
0.111358
0.105376
0.0988078
0.0916516
0.0839086
0.0755821
0.0666787
0.0572087
0.0471869
0.0366335
0.0255747
0.0140435
0.00208077
-0.0102645
-0.0229336
-0.035858
-0.0489583
-0.0621435
-0.0753106
-0.0883446
-0.101118
-0.113492
-0.125315
-0.136429
-0.146666
-0.155853
-0.163818
-0.170389
-0.175405
-0.178717
-0.180195
-0.179737
-0.177273
-0.17277
-0.166238
-0.157735
-0.147365
-0.135281
-0.12168
-0.106802
-0.0909219
-0.0743416
-0.057383
-0.0403775
-0.0236578
-0.00756195
0.0104777
0.0296058
0.0469442
0.0625505
0.0764972
0.0888676
0.0997519
0.109244
0.117438
0.124426
0.130297
0.135135
0.139015
0.142009
0.144176
0.145571
0.146239
0.146217
0.145535
0.144217
0.142281
0.139737
0.136594
0.132855
0.128521
0.12359
0.11806
0.111927
0.105188
0.0978403
0.0898825
0.0813161
0.0721452
0.0623773
0.0520246
0.0411044
0.0296397
0.0176607
0.00520514
-0.00768063
-0.0209405
-0.0345081
-0.0483051
-0.0622415
-0.0762137
-0.090105
-0.103785
-0.117108
-0.129919
-0.142046
-0.15331
-0.163525
-0.172499
-0.180041
-0.185966
-0.190101
-0.192291
-0.192409
-0.190359
-0.186088
-0.179587
-0.170899
-0.160121
-0.147405
-0.132954
-0.117021
-0.0998978
-0.0819113
-0.0634108
-0.0447579
-0.0263156
-0.00845269
0.0110578
0.0312196
0.0494738
0.0658864
0.0805378
0.0935195
0.10493
0.11487
0.123442
0.130746
0.136878
0.141926
0.145974
0.149097
0.151361
0.152823
0.153532
0.15353
0.152848
0.151513
0.149542
0.14695
0.143744
0.139929
0.135505
0.130469
0.12482
0.118551
0.111658
0.104138
0.0959859
0.087202
0.0777874
0.0677471
0.05709
0.0458302
0.0339876
0.0215888
0.00866804
-0.00473164
-0.0185574
-0.0327456
-0.0472205
-0.0618935
-0.0766619
-0.0914083
-0.106
-0.120289
-0.13411
-0.147287
-0.159627
-0.170929
-0.180983
-0.189578
-0.196504
-0.201562
-0.20457
-0.20537
-0.203839
-0.199897
-0.193512
-0.184709
-0.173575
-0.160255
-0.144958
-0.127946
-0.109532
-0.0900652
-0.0699259
-0.0495078
-0.0292071
-0.00942582
0.0116337
0.0328232
0.0519892
0.0692052
0.0845595
0.098151
0.110086
0.120473
0.129422
0.13704
0.14343
0.148687
0.152901
0.156151
0.158509
0.160036
0.160787
0.160804
0.160123
0.158771
0.156771
0.154135
0.150872
0.146988
0.142483
0.137355
0.131599
0.125209
0.118181
0.110507
0.102183
0.0932048
0.083572
0.0732863
0.0623536
0.0507846
0.0385953
0.0258087
0.012455
-0.00142671
-0.0157874
-0.0305672
-0.0456936
-0.0610808
-0.076628
-0.0922185
-0.107719
-0.122978
-0.137827
-0.152081
-0.165537
-0.17798
-0.189182
-0.19891
-0.206931
-0.213015
-0.21695
-0.218547
-0.217649
-0.214145
-0.207976
-0.199143
-0.187717
-0.173835
-0.157706
-0.139601
-0.119851
-0.0988332
-0.076957
-0.0546516
-0.0323493
-0.0104879
0.0122036
0.0344118
0.054483
0.0724975
0.0885508
0.102749
0.115205
0.126037
0.13536
0.143289
0.149933
0.155395
0.15977
0.163144
0.165593
0.167183
0.167972
0.168007
0.167326
0.16596
0.163931
0.161254
0.15794
0.153995
0.149417
0.144207
0.138357
0.131862
0.124715
0.116907
0.108433
0.099285
0.0894604
0.0789581
0.0677807
0.055935
0.0434335
0.0302948
0.0165448
0.00221821
-0.0126407
-0.0279763
-0.0437205
-0.0597913
-0.0760909
-0.092505
-0.108901
-0.125126
-0.141009
-0.156358
-0.170962
-0.184592
-0.197003
-0.207941
-0.217147
-0.224362
-0.229339
-0.231854
-0.231714
-0.22877
-0.22293
-0.214167
-0.202529
-0.18814
-0.171205
-0.152003
-0.130882
-0.108244
-0.0845325
-0.0602139
-0.0357594
-0.0116457
0.0127657
0.0359811
0.0569484
0.0757546
0.092501
0.107301
0.120274
0.131545
0.141237
0.149472
0.156365
0.162027
0.166558
0.17005
0.172585
0.174234
0.175058
0.175107
0.174425
0.173042
0.170985
0.16827
0.164909
0.160907
0.156266
0.150982
0.145051
0.138465
0.131216
0.123295
0.114691
0.105398
0.0954095
0.0847206
0.0733308
0.0612435
0.0484669
0.0350152
0.0209098
0.00618017
-0.00913436
-0.0249835
-0.0413044
-0.0580198
-0.0750365
-0.0922437
-0.109511
-0.126687
-0.143599
-0.16005
-0.175822
-0.190675
-0.204349
-0.216568
-0.227046
-0.235494
-0.241631
-0.245192
-0.245943
-0.243693
-0.238311
-0.229734
-0.21798
-0.203156
-0.185457
-0.165166
-0.142646
-0.118324
-0.0926802
-0.0662193
-0.0394551
-0.0129063
0.0133188
0.0375272
0.0593797
0.0789685
0.0964008
0.111796
0.12528
0.136983
0.147038
0.155572
0.162707
0.168561
0.173241
0.176844
0.179458
0.181158
0.182011
0.182071
0.181382
0.179981
0.177895
0.175142
0.171736
0.167682
0.162983
0.157636
0.151635
0.144972
0.137637
0.12962
0.120911
0.111497
0.101372
0.090527
0.0789587
0.0666665
0.0536543
0.0399319
0.0255154
0.0104293
-0.00529312
-0.0216073
-0.0384565
-0.0557694
-0.0734585
-0.0914181
-0.109522
-0.127621
-0.145544
-0.163092
-0.180042
-0.196143
-0.211122
-0.224682
-0.236514
-0.246297
-0.253711
-0.25845
-0.260233
-0.258824
-0.254042
-0.245783
-0.234029
-0.218858
-0.200454
-0.179096
-0.15516
-0.129099
-0.101427
-0.0726923
-0.0434544
-0.014277
0.0138615
0.0390469
0.0617719
0.082133
0.100242
0.116223
0.130209
0.142338
0.152746
0.16157
0.168939
0.174976
0.179794
0.183499
0.186183
0.187926
0.188799
0.188862
0.188162
0.186739
0.18462
0.181829
0.178378
0.174276
0.169524
0.16412
0.158059
0.151332
0.143927
0.135834
0.127039
0.11753
0.107296
0.0963266
0.0846146
0.0721556
0.0589493
0.0450008
0.030321
0.0149287
-0.0011489
-0.0178738
-0.0351961
-0.0530514
-0.0713593
-0.0900204
-0.108915
-0.127898
-0.146801
-0.165427
-0.183549
-0.200909
-0.217223
-0.232176
-0.245435
-0.256646
-0.265452
-0.271502
-0.274466
-0.274053
-0.270029
-0.262238
-0.250618
-0.235211
-0.216178
-0.193792
-0.168436
-0.140588
-0.110797
-0.079657
-0.0477754
-0.0157654
0.014393
0.0405379
0.0641215
0.0852429
0.104018
0.120575
0.135054
0.147597
0.158348
0.16745
0.17504
0.181248
0.186194
0.189988
0.19273
0.194505
0.195389
0.195446
0.194727
0.193274
0.191119
0.188286
0.18479
0.18064
0.175839
0.170386
0.164273
0.157493
0.150033
0.141881
0.133022
0.123442
0.113127
0.102065
0.0902448
0.077658
0.0643006
0.0501727
0.03528
0.0196352
0.00325926
-0.013817
-0.0315509
-0.0498862
-0.0687504
-0.0880524
-0.10768
-0.127495
-0.147335
-0.167004
-0.186277
-0.204893
-0.222556
-0.23894
-0.253685
-0.266411
-0.27672
-0.284215
-0.288511
-0.289259
-0.286164
-0.279009
-0.267676
-0.252164
-0.232601
-0.209245
-0.182482
-0.15281
-0.120815
-0.0871368
-0.0524364
-0.0173793
0.0149128
0.0419991
0.0664262
0.0882951
0.107724
0.124846
0.139805
0.152749
0.16383
0.173197
0.180994
0.187357
0.192416
0.196285
0.19907
0.200864
0.201747
0.201786
0.201037
0.199547
0.197349
0.194469
0.190926
0.186728
0.18188
0.176382
0.170225
0.163403
0.155901
0.147707
0.138805
0.129177
0.11881
0.107686
0.0957924
0.0831175
0.0696528
0.0553935
0.0403402
0.0244995
0.0078856
-0.00947797
-0.0275567
-0.0463029
-0.0656532
-0.0855259
-0.105818
-0.1264
-0.147118
-0.167782
-0.18817
-0.20802
-0.227032
-0.244867
-0.261146
-0.275459
-0.287373
-0.296441
-0.302222
-0.304303
-0.30232
-0.295985
-0.285116
-0.269653
-0.249681
-0.225434
-0.197294
-0.165776
-0.131499
-0.0951538
-0.0574553
-0.0191265
0.0154209
0.0434303
0.0686858
0.0912885
0.111358
0.129032
0.144457
0.157788
0.169182
0.178797
0.186782
0.193284
0.198437
0.202363
0.205175
0.206971
0.207837
0.207845
0.207055
0.205516
0.203266
0.200333
0.196738
0.19249
0.187597
0.182056
0.175862
0.169007
0.161476
0.153256
0.144329
0.134677
0.124283
0.113129
0.101198
0.0884749
0.0749471
0.0606056
0.0454453
0.0294671
0.0126783
-0.00490514
-0.0232572
-0.0423394
-0.0620983
-0.0824628
-0.103341
-0.124614
-0.146138
-0.167733
-0.189182
-0.210227
-0.230568
-0.249856
-0.267697
-0.283657
-0.297265
-0.308027
-0.315445
-0.319034
-0.318356
-0.313042
-0.302831
-0.287595
-0.267362
-0.242329
-0.212864
-0.179493
-0.142869
-0.103729
-0.0628498
-0.0210151
0.0159178
0.0448328
0.0709021
0.0942248
0.114922
0.133131
0.149006
0.162706
0.174395
0.184237
0.192391
0.199009
0.204235
0.208197
0.211016
0.212795
0.213625
0.213585
0.212738
0.211138
0.208826
0.205832
0.202178
0.197878
0.192937
0.187356
0.18113
0.17425
0.166701
0.15847
0.149536
0.139883
0.129489
0.118335
0.106401
0.093669
0.0801225
0.0657478
0.0505351
0.034479
0.0175803
-0.000152894
-0.0187032
-0.0380417
-0.0581258
-0.0788958
-0.100272
-0.122149
-0.144393
-0.166839
-0.189278
-0.211462
-0.23309
-0.253813
-0.273226
-0.290872
-0.306248
-0.318815
-0.328013
-0.333287
-0.334113
-0.330035
-0.3207
-0.305893
-0.285573
-0.259885
-0.229172
-0.193962
-0.154935
-0.112881
-0.0686372
-0.0230532
0.0164046
0.0462097
0.0730791
0.0971084
0.118417
0.137147
0.153452
0.1675
0.179461
0.189507
0.197805
0.204515
0.209787
0.213762
0.216563
0.218302
0.219076
0.218969
0.218048
0.216372
0.213984
0.210918
0.207199
0.20284
0.197851
0.192231
0.185976
0.179077
0.171521
0.163292
0.15437
0.144736
0.134367
0.123243
0.11134
0.0986376
0.0851161
0.0707574
0.0555467
0.0394729
0.0225302
0.00471901
-0.0139519
-0.0334636
-0.0537846
-0.0748673
-0.096645
-0.119028
-0.141896
-0.165098
-0.188441
-0.211685
-0.23454
-0.256658
-0.277628
-0.296978
-0.314176
-0.328641
-0.339754
-0.346884
-0.34942
-0.346804
-0.338579
-0.32443
-0.304226
-0.278044
-0.246188
-0.209174
-0.167708
-0.122627
-0.0748341
-0.0252489
0.0168831
0.047566
0.0752239
0.099947
0.121853
0.141084
0.1578
0.172172
0.184379
0.1946
0.203012
0.209784
0.215074
0.219031
0.221787
0.22346
0.224154
0.223957
0.222944
0.221174
0.218696
0.215546
0.211751
0.207328
0.202286
0.196626
0.190345
0.183434
0.17588
0.167665
0.158771
0.149177
0.138858
0.127791
0.115953
0.103318
0.0898646
0.0755702
0.0604154
0.0443838
0.0274632
0.00964652
-0.009066
-0.0286654
-0.0491313
-0.0704291
-0.0925062
-0.115288
-0.138672
-0.162522
-0.186664
-0.210874
-0.234873
-0.258321
-0.280809
-0.301856
-0.320908
-0.337343
-0.35049
-0.35964
-0.364088
-0.363169
-0.356308
-0.34307
-0.323216
-0.296733
-0.263867
-0.225114
-0.18119
-0.132981
-0.0814561
-0.0276104
0.0173563
0.0489089
0.077347
0.102753
0.125241
0.144954
0.162056
0.176724
0.189146
0.19951
0.208001
0.2148
0.220075
0.223981
0.22666
0.228238
0.228824
0.228512
0.227383
0.2255
0.222915
0.219668
0.215787
0.211292
0.206192
0.200491
0.194186
0.187268
0.179723
0.171536
0.162685
0.153148
0.142902
0.131921
0.120179
0.107649
0.0943049
0.0801218
0.0650758
0.0491454
0.0323122
0.0145624
-0.00411241
-0.0237129
-0.0442298
-0.0656416
-0.0879103
-0.110977
-0.134759
-0.159138
-0.18396
-0.209021
-0.23406
-0.25875
-0.282692
-0.305401
-0.326309
-0.344764
-0.360041
-0.371361
-0.37792
-0.378938
-0.373707
-0.361658
-0.342416
-0.315861
-0.282156
-0.241755
-0.195379
-0.143954
-0.0885181
-0.0301459
0.0178277
0.0502484
0.0794627
0.105542
0.128597
0.148771
0.166232
0.181164
0.193765
0.204233
0.212765
0.21955
0.224769
0.228587
0.231153
0.232601
0.233048
0.232594
0.231324
0.229306
0.226596
0.223236
0.219258
0.214681
0.209519
0.203775
0.197446
0.190525
0.182998
0.174848
0.166055
0.156595
0.146444
0.135575
0.123959
0.111569
0.0983747
0.0843485
0.0694626
0.0536908
0.0370093
0.0193973
0.00083885
-0.0186761
-0.0391495
-0.0605723
-0.0829214
-0.106155
-0.130209
-0.154987
-0.180357
-0.206137
-0.232091
-0.257912
-0.283214
-0.30752
-0.330258
-0.350752
-0.368232
-0.38185
-0.390708
-0.393901
-0.390579
-0.380016
-0.361683
-0.33532
-0.300982
-0.259061
-0.210266
-0.155554
-0.0960339
-0.0328636
0.0183024
0.0515978
0.0815897
0.108337
0.131944
0.152555
0.170344
0.185504
0.198241
0.208768
0.217294
0.22402
0.229137
0.232822
0.235234
0.236515
0.236789
0.236162
0.234723
0.232547
0.229692
0.226204
0.222114
0.217448
0.212217
0.206426
0.200075
0.193154
0.185651
0.17755
0.168828
0.159463
0.149428
0.138696
0.127236
0.115019
0.102013
0.0881879
0.0735115
0.0579538
0.0414858
0.024081
0.00571585
-0.0136284
-0.0339641
-0.0552946
-0.0776114
-0.10089
-0.125085
-0.150123
-0.175896
-0.20225
-0.228974
-0.255789
-0.282332
-0.308141
-0.332648
-0.355165
-0.37489
-0.390911
-0.402236
-0.407836
-0.406707
-0.397948
-0.380849
-0.35498
-0.320258
-0.276985
-0.225834
-0.167786
-0.104016
-0.0357718
0.018787
0.052974
0.0837523
0.111165
0.13531
0.156333
0.174414
0.189758
0.202583
0.213117
0.221582
0.228195
0.233159
0.236662
0.238874
0.239945
0.240007
0.239173
0.237537
0.235178
0.232157
0.228522
0.224309
0.219542
0.214235
0.208396
0.202022
0.195105
0.187634
0.179591
0.170954
0.1617
0.151801
0.14123
0.129954
0.117943
0.105163
0.0915795
0.0771597
0.0618691
0.0456743
0.0285433
0.0104459
-0.00864457
-0.0287502
-0.0498862
-0.072058
-0.0952579
-0.11946
-0.144614
-0.170637
-0.197405
-0.224738
-0.252389
-0.280024
-0.307209
-0.333389
-0.357879
-0.379852
-0.398347
-0.412284
-0.420511
-0.421859
-0.415237
-0.399726
-0.374694
-0.339881
-0.295465
-0.242058
-0.18065
-0.112476
-0.0388787
0.0192895
0.0543984
0.0859812
0.114061
0.138731
0.160137
0.17847
0.193946
0.206802
0.217281
0.225624
0.232062
0.236813
0.240078
0.242038
0.242853
0.242662
0.241584
0.23972
0.23715
0.233941
0.230142
0.225791
0.220914
0.215526
0.209635
0.203238
0.19633
0.188897
0.180922
0.172383
0.163256
0.153514
0.143126
0.132061
0.120286
0.107766
0.0944651
0.0803466
0.0653736
0.0495087
0.0327151
0.0149569
-0.00379994
-0.0235862
-0.0444278
-0.0663434
-0.0893412
-0.113415
-0.138536
-0.16465
-0.191662
-0.219427
-0.247735
-0.276289
-0.304691
-0.332413
-0.358784
-0.382969
-0.40397
-0.420633
-0.431683
-0.435787
-0.431645
-0.418104
-0.39429
-0.359728
-0.314426
-0.258907
-0.194142
-0.121425
-0.042193
0.0198205
0.0558982
0.0883143
0.117069
0.14225
0.164008
0.182543
0.198093
0.210912
0.221265
0.229412
0.235604
0.240075
0.243039
0.244691
0.245198
0.244709
0.243349
0.241222
0.238415
0.234994
0.231013
0.226511
0.221515
0.21604
0.210094
0.203677
0.196781
0.189393
0.181496
0.173068
0.164084
0.154517
0.144335
0.133507
0.121998
0.109771
0.0967893
0.0830144
0.0684065
0.052925
0.0365291
0.0191778
0.000830895
-0.0185501
-0.0390009
-0.0605521
-0.0832268
-0.107037
-0.131976
-0.158016
-0.185095
-0.213103
-0.241872
-0.271149
-0.300578
-0.329673
-0.35779
-0.384107
-0.407603
-0.427064
-0.441105
-0.448229
-0.446913
-0.435745
-0.413572
-0.379652
-0.333779
-0.276337
-0.208256
-0.130873
-0.0457237
0.0203929
0.0575067
0.0907987
0.120243
0.145921
0.167992
0.186673
0.202225
0.214928
0.225071
0.232939
0.238803
0.242918
0.245512
0.246791
0.246935
0.2461
0.244416
0.241992
0.238919
0.235265
0.231085
0.226419
0.221294
0.215727
0.209726
0.203289
0.19641
0.189075
0.181267
0.172963
0.164139
0.154765
0.144811
0.134244
0.123028
0.111126
0.0984995
0.0851081
0.07091
0.0558622
0.0399206
0.02304
0.00517522
-0.0137191
-0.033687
-0.0547697
-0.0770035
-0.100417
-0.125026
-0.150827
-0.17779
-0.205844
-0.234862
-0.264643
-0.294882
-0.325145
-0.354833
-0.38315
-0.409079
-0.431364
-0.448527
-0.458908
-0.460762
-0.452391
-0.43232
-0.399489
-0.353416
-0.294296
-0.22298
-0.140829
-0.0494806
0.0210232
0.0592658
0.093492
0.123647
0.149807
0.172145
0.190904
0.206373
0.218865
0.2287
0.236191
0.241636
0.245308
0.247453
0.248291
0.248013
0.24678
0.244729
0.241974
0.238606
0.234696
0.230301
0.225459
0.220199
0.214538
0.208481
0.202029
0.195173
0.1879
0.180191
0.172026
0.163376
0.154215
0.14451
0.134227
0.123332
0.111784
0.0995463
0.0865757
0.0728295
0.0582625
0.0428282
0.0264783
0.00916322
-0.00916767
-0.0285654
-0.0490802
-0.0707603
-0.0936491
-0.117782
-0.14318
-0.169842
-0.197737
-0.226784
-0.256832
-0.287638
-0.31883
-0.349868
-0.380007
-0.408251
-0.433332
-0.453696
-0.467541
-0.472894
-0.467754
-0.450284
-0.419045
-0.373211
-0.312722
-0.238299
-0.151304
-0.0534746
0.0217318
0.0612269
0.0964648
0.127357
0.153982
0.176532
0.195284
0.210567
0.222736
0.232148
0.239151
0.244071
0.247203
0.248815
0.249138
0.248372
0.246688
0.244227
0.241105
0.237415
0.23323
0.228604
0.223578
0.218178
0.21242
0.20631
0.199847
0.193022
0.185821
0.178225
0.170212
0.161755
0.152825
0.143389
0.133415
0.122865
0.111701
0.0998832
0.0873689
0.0741139
0.0600719
0.0451945
0.0294311
0.012729
-0.00496647
-0.023712
-0.0435651
-0.064584
-0.0868249
-0.11034
-0.135173
-0.161353
-0.188883
-0.217728
-0.247794
-0.278903
-0.310752
-0.34288
-0.374608
-0.404992
-0.432776
-0.456365
-0.473833
-0.48299
-0.481518
-0.467182
-0.438098
-0.393016
-0.331539
-0.254195
-0.16231
-0.0577187
0.0225445
0.0634538
0.0998027
0.131467
0.158532
0.181223
0.199865
0.214839
0.22655
0.235405
0.24179
0.246065
0.248552
0.249535
0.249263
0.247944
0.245754
0.242839
0.239317
0.23528
0.2308
0.225932
0.220714
0.215172
0.20932
0.203162
0.196696
0.189912
0.182795
0.175326
0.167481
0.159234
0.150554
0.14141
0.131766
0.121588
0.110835
0.0994676
0.087443
0.0747164
0.0612407
0.0469665
0.0318418
0.0158118
-0.00118121
-0.0191978
-0.0383013
-0.0585575
-0.0800335
-0.102796
-0.126908
-0.152425
-0.179385
-0.207797
-0.237622
-0.26875
-0.30096
-0.333876
-0.36691
-0.399196
-0.429524
-0.456291
-0.477483
-0.490712
-0.493339
-0.482697
-0.456392
-0.412658
-0.350659
-0.270645
-0.173861
-0.0622283
0.0234936
0.0660258
0.10361
0.136086
0.163556
0.186298
0.204699
0.219211
0.230305
0.238444
0.244063
0.247559
0.249282
0.249538
0.248585
0.246644
0.243895
0.240484
0.23653
0.232123
0.227336
0.222218
0.216806
0.211124
0.205182
0.198985
0.192527
0.185797
0.178779
0.171453
0.163794
0.155775
0.147366
0.138534
0.129245
0.119463
0.109148
0.0982608
0.086758
0.0745949
0.0617245
0.048097
0.0336597
0.0183568
0.00212884
-0.0150873
-0.033359
-0.0527576
-0.0733586
-0.0952404
-0.118483
-0.143164
-0.169352
-0.197098
-0.226418
-0.257271
-0.289521
-0.32289
-0.356898
-0.390783
-0.423421
-0.453243
-0.478187
-0.495701
-0.502839
-0.496472
-0.473632
-0.43193
-0.369975
-0.287627
-0.185978
-0.0670233
0.0246203
0.0690409
0.108013
0.141341
0.169166
0.191837
0.209834
0.223697
0.233982
0.241221
0.245906
0.248473
0.249305
0.248725
0.247007
0.244375
0.241014
0.237069
0.232656
0.227863
0.222758
0.217388
0.211785
0.205969
0.199949
0.193724
0.187289
0.18063
0.173729
0.166564
0.159111
0.151341
0.143225
0.134729
0.125818
0.116458
0.106608
0.0962292
0.0852791
0.0737135
0.0614854
0.0485456
0.0348414
0.020317
0.00491238
-0.0114368
-0.0288002
-0.0472528
-0.066876
-0.0877569
-0.109988
-0.133667
-0.158889
-0.185742
-0.214294
-0.24457
-0.276522
-0.309979
-0.344583
-0.379705
-0.414339
-0.447003
-0.47564
-0.497583
-0.509601
-0.508101
-0.489472
-0.450592
-0.389361
-0.305112
-0.198688
-0.0721291
0.0259772
0.0726216
0.113165
0.147383
0.175482
0.197922
0.215304
0.22829
0.237537
0.243662
0.247221
0.248696
0.248499
0.246974
0.244403
0.241016
0.236995
0.232484
0.227592
0.222404
0.21698
0.211362
0.205578
0.199642
0.193559
0.187326
0.180933
0.174365
0.167603
0.160622
0.153398
0.145901
0.138101
0.129965
0.121458
0.112545
0.103187
0.0933459
0.0829792
0.0720437
0.0604936
0.0482804
0.0353525
0.0216549
0.00712799
-0.00829246
-0.0246766
-0.0421013
-0.0606512
-0.0804194
-0.101508
-0.124029
-0.148099
-0.17384
-0.201365
-0.230762
-0.262069
-0.295226
-0.330008
-0.365941
-0.402179
-0.437375
-0.469542
-0.495963
-0.513175
-0.517123
-0.503509
-0.468349
-0.408663
-0.323069
-0.212028
-0.07758
0.0276316
0.0769208
0.119248
0.15438
0.182632
0.204623
0.221123
0.232948
0.240885
0.24565
0.24787
0.248075
0.246708
0.244127
0.240622
0.236422
0.231704
0.226604
0.221225
0.215642
0.209907
0.204056
0.198108
0.192074
0.185952
0.179735
0.173411
0.166961
0.160363
0.153594
0.146625
0.139427
0.13197
0.12422
0.116144
0.107706
0.0988684
0.0895934
0.0798404
0.0695673
0.0587297
0.0472807
0.0351702
0.0223447
0.00874641
-0.00568784
-0.0210273
-0.0373486
-0.0547375
-0.0732902
-0.0931147
-0.114333
-0.137079
-0.161499
-0.187748
-0.215969
-0.246281
-0.278733
-0.313243
-0.349507
-0.386875
-0.424188
-0.459604
-0.490436
-0.513065
-0.523014
-0.515261
-0.484843
-0.42769
-0.341465
-0.226052
-0.0834225
0.0296716
0.0821309
0.126485
0.162523
0.19074
0.211985
0.22726
0.237578
0.243885
0.24701
0.247658
0.246408
0.243729
0.239989
0.235479
0.23042
0.22498
0.219284
0.213423
0.207459
0.201436
0.195378
0.189297
0.183195
0.177068
0.170901
0.164679
0.158379
0.151979
0.145452
0.13877
0.131902
0.124817
0.117484
0.109867
0.101933
0.0936455
0.0849668
0.0758585
0.0662799
0.0561888
0.04554
0.0342861
0.0223757
0.00975334
-0.00364155
-0.0178761
-0.0330251
-0.0491733
-0.066417
-0.0848668
-0.10465
-0.125913
-0.14882
-0.173557
-0.200317
-0.22929
-0.260628
-0.294391
-0.330459
-0.368405
-0.407311
-0.445557
-0.480588
-0.508733
-0.525169
-0.524152
-0.499626
-0.446194
-0.360252
-0.240835
-0.0897213
0.0322134
0.0884945
0.135136
0.172015
0.19991
0.220008
0.233618
0.242008
0.246311
0.247485
0.246316
0.243426
0.239301
0.234314
0.228746
0.222804
0.216641
0.210363
0.204044
0.197734
0.19146
0.185237
0.179067
0.172944
0.166854
0.160781
0.154703
0.148595
0.142432
0.136186
0.129826
0.123323
0.116646
0.109761
0.102636
0.0952373
0.0875303
0.0794791
0.0710467
0.0621949
0.0528835
0.0430702
0.0327101
0.021755
0.0101527
-0.00215415
-0.0152291
-0.0291438
-0.0439799
-0.0598315
-0.0768082
-0.095039
-0.114675
-0.135895
-0.158904
-0.183936
-0.211238
-0.241057
-0.273587
-0.308896
-0.346796
-0.386659
-0.427167
-0.466012
-0.499605
-0.522901
-0.529488
-0.51213
-0.463845
-0.379364
-0.256479
-0.0965681
0.0354133
0.0963202
0.145507
0.183056
0.2102
0.228603
0.239991
0.245947
0.247822
0.246712
0.243478
0.238776
0.233098
0.226805
0.220159
0.213342
0.206483
0.199665
0.192941
0.186342
0.179878
0.173552
0.167353
0.161267
0.155274
0.149349
0.143468
0.137603
0.131725
0.125803
0.119809
0.113711
0.107479
0.101079
0.0944808
0.0876515
0.0805579
0.0731664
0.0654421
0.0573491
0.0488501
0.0399059
0.0304748
0.0205123
0.00997007
-0.00120496
-0.013072
-0.025698
-0.0391599
-0.0535473
-0.0689662
-0.0855429
-0.103429
-0.122808
-0.143898
-0.166957
-0.192281
-0.220193
-0.251006
-0.284968
-0.32214
-0.362217
-0.404257
-0.446322
-0.485074
-0.515425
-0.53042
-0.521617
-0.480186
-0.398697
-0.273123
-0.104095
0.0394868
0.106001
0.157945
0.195818
0.221566
0.23754
0.246008
0.248937
0.24792
0.244189
0.238664
0.232015
0.22472
0.21711
0.209412
0.201775
0.19429
0.187013
0.17997
0.173169
0.166603
0.160258
0.154112
0.148141
0.142317
0.13661
0.13099
0.125427
0.119889
0.114345
0.108766
0.103118
0.0973728
0.0914985
0.0854647
0.0792404
0.0727946
0.0660957
0.0591114
0.0518088
0.0441535
0.0361099
0.02764
0.0187035
0.00925655
-0.000749049
-0.0113672
-0.0226591
-0.0346956
-0.0475599
-0.0613515
-0.0761907
-0.0922245
-0.109634
-0.12864
-0.149516
-0.172587
-0.198231
-0.226862
-0.258886
-0.294606
-0.334057
-0.376732
-0.421188
-0.464528
-0.501864
-0.525919
-0.527121
-0.494565
-0.418063
-0.290949
-0.112499
0.0447401
0.118042
0.172817
0.210378
0.233786
0.246356
0.251052
0.250287
0.245902
0.239243
0.231259
0.222599
0.213697
0.204834
0.196181
0.187838
0.179854
0.172248
0.165014
0.158135
0.151585
0.145333
0.139344
0.133584
0.128019
0.122612
0.117329
0.112138
0.107005
0.101898
0.0967865
0.0916398
0.086428
0.0811217
0.0756919
0.0701096
0.064346
0.0583722
0.0521589
0.0456762
0.0388933
0.0317782
0.0242974
0.0164148
0.0080916
-0.000714852
-0.0100525
-0.019976
-0.0305488
-0.0418463
-0.0539593
-0.0669988
-0.0811028
-0.0964435
-0.113238
-0.131757
-0.15234
-0.175399
-0.201418
-0.230932
-0.26446
-0.302369
-0.344624
-0.390379
-0.437388
-0.481262
-0.514744
-0.527363
-0.506026
-0.43712
-0.310181
-0.122076
0.0516247
0.133081
0.190463
0.22661
0.246315
0.25422
0.254148
0.248992
0.240811
0.23101
0.220511
0.209896
0.199515
0.189566
0.180148
0.171297
0.163011
0.155263
0.148016
0.141225
0.134843
0.128823
0.123118
0.117686
0.112484
0.107472
0.102614
0.0978723
0.0932147
0.0886087
0.0840238
0.0794303
0.0748
0.0701051
0.0653187
0.0604144
0.055366
0.0501476
0.0447329
0.0390957
0.0332089
0.0270446
0.0205736
0.0137649
0.00658497
-0.00100314
-0.00904081
-0.0175754
-0.0266624
-0.0363679
-0.0467722
-0.0579748
-0.0701005
-0.0833078
-0.0977994
-0.113836
-0.131749
-0.151962
-0.174997
-0.201475
-0.232087
-0.267497
-0.308139
-0.353837
-0.403183
-0.452634
-0.495432
-0.520659
-0.513149
-0.455222
-0.331062
-0.133288
0.0608345
0.151912
0.211063
0.243965
0.258058
0.259746
0.253832
0.243655
0.231403
0.218438
0.205567
0.193237
0.181667
0.170943
0.16107
0.152007
0.143693
0.136058
0.129027
0.122531
0.116503
0.110881
0.105609
0.100636
0.0959154
0.0914033
0.0870612
0.0828526
0.0787442
0.0747046
0.0707045
0.0667162
0.0627133
0.0586707
0.0545639
0.0503694
0.0460642
0.0416255
0.0370308
0.0322574
0.0272824
0.0220821
0.0166319
0.0109059
0.00487605
-0.00148856
-0.00822249
-0.0153655
-0.0229644
-0.0310751
-0.0397664
-0.0491242
-0.0592573
-0.0703057
-0.0824511
-0.0959314
-0.111058
-0.128237
-0.147993
-0.170987
-0.198018
-0.229981
-0.267728
-0.311765
-0.361661
-0.415071
-0.466329
-0.50482
-0.513811
-0.471166
-0.353765
-0.146867
0.0734744
0.175433
0.234342
0.261088
0.267027
0.260742
0.24801
0.232449
0.21618
0.200361
0.185564
0.17202
0.159771
0.148757
0.138874
0.130003
0.122022
0.114815
0.108278
0.10232
0.0968564
0.0918169
0.0871378
0.0827637
0.0786453
0.074739
0.0710058
0.0674106
0.0639214
0.060509
0.0571465
0.0538087
0.0504722
0.0471148
0.0437154
0.0402538
0.0367103
0.0330658
0.0293016
0.0253989
0.0213389
0.0171024
0.0126695
0.00801939
0.00312946
-0.00202498
-0.00747173
-0.0132428
-0.0193759
-0.0259168
-0.0329217
-0.0404616
-0.0486274
-0.0575371
-0.0673461
-0.0782606
-0.090556
-0.104601
-0.120886
-0.14006
-0.162956
-0.190603
-0.224167
-0.26476
-0.312971
-0.367935
-0.425737
-0.477113
-0.504892
-0.482725
-0.378127
-0.163952
0.0913195
0.204415
0.258947
0.275163
0.269863
0.253968
0.233914
0.213202
0.193558
0.17571
0.159854
0.145929
0.133758
0.123125
0.113817
0.105637
0.0984129
0.0919957
0.086259
0.0810961
0.0764168
0.0721448
0.0682153
0.0645729
0.0611697
0.0579645
0.0549208
0.0520066
0.0491933
0.0464552
0.0437688
0.0411127
0.0384671
0.0358134
0.0331342
0.0304131
0.0276342
0.0247823
0.0218424
0.0187999
0.0156403
0.0123486
0.00890965
0.00530746
0.00152493
-0.00245675
-0.00665872
-0.0111054
-0.0158258
-0.020855
-0.026237
-0.0320271
-0.0382972
-0.0451415
-0.0526851
-0.0610963
-0.0706036
-0.0815187
-0.0942686
-0.109437
-0.127812
-0.15044
-0.178645
-0.213974
-0.25792
-0.311203
-0.372243
-0.434416
-0.482007
-0.485945
-0.403029
-0.186192
0.117233
0.23872
0.281154
0.280904
0.261343
0.23509
0.208351
0.183802
0.16232
0.14395
0.1284
0.115272
0.10417
0.0947387
0.0866772
0.0797375
0.0737171
0.0684521
0.0638097
0.059682
0.0559812
0.0526349
0.0495832
0.0467763
0.044172
0.0417345
0.0394328
0.0372403
0.0351333
0.0330909
0.0310944
0.0291268
0.0271726
0.0252175
0.0232483
0.0212523
0.0192177
0.0171333
0.0149881
0.0127714
0.0104727
0.00808131
0.00558641
0.00297668
0.000240014
-0.00263683
-0.00566881
-0.00887328
-0.0122709
-0.0158869
-0.019753
-0.0239097
-0.0284095
-0.0333222
-0.0387412
-0.0447936
-0.0516538
-0.0595641
-0.0688633
-0.0800278
-0.0937287
-0.110906
-0.132851
-0.161278
-0.198276
-0.245961
-0.305348
-0.373707
-0.439409
-0.47416
-0.425182
-0.215877
0.15613
0.275087
0.291983
0.268805
0.233905
0.199026
0.168431
0.14302
0.122383
0.105741
0.0923078
0.0814027
0.0724766
0.0650994
0.0589391
0.0537405
0.0493069
0.0454865
0.0421607
0.0392367
0.0366406
0.0343134
0.0322073
0.0302831
0.0285083
0.0268559
0.0253028
0.0238292
0.0224182
0.0210546
0.0197251
0.018418
0.0171223
0.0158282
0.0145268
0.0132094
0.0118683
0.0104959
0.009085
0.0076287
0.00612016
0.00455258
0.00291904
0.00121235
-0.000575126
-0.00245176
-0.00442706
-0.00651207
-0.00872003
-0.0110672
-0.0135743
-0.0162676
-0.019182
-0.0223637
-0.0258752
-0.0298023
-0.0342637
-0.0394265
-0.0455282
-0.0529109
-0.0620715
-0.0737376
-0.0889765
-0.109341
-0.137031
-0.174952
-0.226329
-0.292941
-0.370146
-0.436582
-0.436772
-0.256244
0.213989
0.300598
0.272375
0.223956
0.178791
0.141948
0.113582
0.0922022
0.0761062
0.0638883
0.0544975
0.047174
0.0413739
0.036709
0.0329007
0.029747
0.0270998
0.0248491
0.0229122
0.0212257
0.0197409
0.0184193
0.0172307
0.0161504
0.0151584
0.0142383
0.0133761
0.0125602
0.0117805
0.0110283
0.0102958
0.00957624
0.00886352
0.00815206
0.00743681
0.00671308
0.00597652
0.00522305
0.00444876
0.00364995
0.00282297
0.00196423
0.0010701
0.000136797
-0.000839654
-0.00186367
-0.00294024
-0.00407522
-0.00527567
-0.00655039
-0.00791052
-0.00937055
-0.0109496
-0.0126733
-0.0145765
-0.0167072
-0.0191324
-0.0219472
-0.0252884
-0.0293563
-0.034449
-0.0410182
-0.049761
-0.0617699
-0.0787733
-0.103491
-0.140013
-0.193639
-0.268269
-0.357424
-0.419018
-0.305816
0.266009
0.275955
0.198596
0.138936
0.0984642
0.0710659
0.0526641
0.0402606
0.0317401
0.0257331
0.0213811
0.0181427
0.0156712
0.0137405
0.0122002
0.0109478
0.00991177
0.00904123
0.00829911
0.00765791
0.00709684
0.00659991
0.00615463
0.00575108
0.00538127
0.00503864
0.00471777
0.00441409
0.00412372
0.00384329
0.00356987
0.00330088
0.00303399
0.00276714
0.00249843
0.00222614
0.00194867
0.00166452
0.00137229
0.00107064
0.000758278
0.00043392
9.62758e-05
-0.000255908
-0.000624106
-0.0010099
-0.00141507
-0.00184174
-0.00229251
-0.00277067
-0.00328042
-0.00382727
-0.00441855
-0.00506416
-0.0057776
-0.00657756
-0.00749026
-0.00855305
-0.0098201
-0.0113716
-0.0133288
-0.0158808
-0.0193307
-0.0241841
-0.0313194
-0.0423283
-0.0601787
-0.0903349
-0.141897
-0.2255
-0.331008
-0.319485
0.142935
0.125432
0.0767435
0.0457846
0.0280218
0.0176529
0.0115781
0.00799232
0.00581832
0.00444648
0.00354129
0.00291666
0.00246709
0.0021311
0.00187168
0.00166576
0.00149838
0.00135951
0.00124219
0.00114145
0.00105363
0.000976001
0.000906453
0.000843344
0.000785361
0.000731441
0.000680707
0.000632425
0.000585972
0.000540813
0.00049648
0.000452564
0.000408701
0.000364562
0.000319855
0.000274309
0.000227681
0.000179743
0.000130282
7.90997e-05
2.60019e-05
-2.9206e-05
-8.67265e-05
-0.000146667
-0.000209318
-0.00027492
-0.000343746
-0.000416138
-0.000492529
-0.000573477
-0.000659714
-0.000752216
-0.000852294
-0.000961735
-0.00108299
-0.00121946
-0.00137595
-0.0015593
-0.00177949
-0.00205141
-0.00239793
-0.00285546
-0.00348469
-0.00439272
-0.00578223
-0.0080664
-0.0121427
-0.0200323
-0.0362275
-0.0695591
-0.12766
-0.152141
)
;

boundaryField
{
    movingWall
    {
        type            calculated;
        value           uniform 0;
    }
    fixedWalls
    {
        type            calculated;
        value           uniform 0;
    }
    frontAndBack
    {
        type            empty;
    }
}


// ************************************************************************* //
