/*--------------------------------*- C++ -*----------------------------------*\
  =========                 |
  \\      /  F ield         | OpenFOAM: The Open Source CFD Toolbox
   \\    /   O peration     | Website:  https://openfoam.org
    \\  /    A nd           | Version:  dev
     \\/     M anipulation  |
\*---------------------------------------------------------------------------*/
FoamFile
{
    format      ascii;
    class       volScalarField;
    location    "48.6";
    object      Ux;
}
// * * * * * * * * * * * * * * * * * * * * * * * * * * * * * * * * * * * * * //

dimensions      [0 1 -1 0 0 0 0];

internalField   nonuniform List<scalar> 
5184
(
1.24477e-05
4.5366e-05
8.04635e-05
9.60975e-05
8.22624e-05
3.65566e-05
-4.04788e-05
-0.000146826
-0.000279692
-0.000436018
-0.000612684
-0.000806654
-0.00101506
-0.00123523
-0.00146472
-0.00170125
-0.00194276
-0.00218733
-0.00243318
-0.00267862
-0.00292204
-0.00316189
-0.00339663
-0.00362474
-0.00384469
-0.00405494
-0.00425393
-0.00444009
-0.00461184
-0.00476761
-0.00490582
-0.00502495
-0.00512355
-0.00520024
-0.00525375
-0.00528296
-0.00528694
-0.00526496
-0.00521651
-0.00514138
-0.0050396
-0.00491158
-0.00475801
-0.00457994
-0.00437878
-0.00415629
-0.00391456
-0.00365602
-0.0033834
-0.00309971
-0.00280818
-0.00251224
-0.00221546
-0.00192151
-0.00163404
-0.00135672
-0.00109307
-0.000846467
-0.00062006
-0.0004167
-0.000238886
-8.8695e-05
3.2284e-05
0.000123038
0.000183235
0.000213381
0.000215065
0.000191336
0.000147226
9.08314e-05
3.66292e-05
6.22158e-06
2.0928e-05
6.57985e-05
9.49047e-05
7.29986e-05
-1.87586e-05
-0.00018719
-0.000432883
-0.000752622
-0.00114086
-0.00159081
-0.00209514
-0.00264638
-0.00323722
-0.00386067
-0.00451013
-0.00517939
-0.00586264
-0.00655446
-0.00724968
-0.00794344
-0.00863102
-0.00930788
-0.00996954
-0.0106116
-0.0112296
-0.0118191
-0.0123758
-0.0128952
-0.013373
-0.0138047
-0.0141862
-0.0145134
-0.0147822
-0.0149893
-0.0151312
-0.015205
-0.0152085
-0.0151399
-0.014998
-0.0147825
-0.0144938
-0.014133
-0.0137023
-0.0132048
-0.0126443
-0.0120258
-0.011355
-0.0106386
-0.00988387
-0.00909898
-0.00829262
-0.00747398
-0.00665259
-0.0058382
-0.00504059
-0.00426944
-0.00353412
-0.00284357
-0.00220606
-0.00162907
-0.00111909
-0.000681412
-0.000319946
-3.69792e-05
0.000167125
0.000294292
0.000349277
0.000340359
0.000280033
0.000186153
8.64005e-05
1.96796e-05
1.76797e-05
4.14467e-05
1.97542e-05
-8.38472e-05
-0.000290144
-0.000607887
-0.00103834
-0.00157768
-0.00221876
-0.00295237
-0.00376823
-0.00465564
-0.00560386
-0.00660243
-0.0076413
-0.00871088
-0.0098021
-0.0109064
-0.0120154
-0.0131215
-0.0142169
-0.0152944
-0.0163466
-0.0173665
-0.0183469
-0.0192809
-0.0201613
-0.0209812
-0.0217338
-0.0224122
-0.0230099
-0.0235206
-0.0239384
-0.0242577
-0.0244738
-0.0245823
-0.0245798
-0.024464
-0.0242332
-0.0238871
-0.0234266
-0.0228538
-0.0221721
-0.0213865
-0.0205032
-0.0195297
-0.0184751
-0.0173496
-0.0161645
-0.0149323
-0.0136664
-0.0123806
-0.0110897
-0.0098084
-0.00855165
-0.00733415
-0.00617014
-0.00507317
-0.00405578
-0.00312925
-0.00230332
-0.00158587
-0.000982654
-0.000496893
-0.000128898
0.000124402
0.000270112
0.000320096
0.000291497
0.000207545
0.000102512
2.49863e-05
8.8635e-06
-6.94139e-06
-0.000107492
-0.000322302
-0.000669624
-0.00115786
-0.00178777
-0.00255458
-0.00344974
-0.00446221
-0.00557952
-0.00678846
-0.0080756
-0.00942769
-0.0108318
-0.0122756
-0.013747
-0.0152347
-0.0167277
-0.0182156
-0.019688
-0.021135
-0.0225468
-0.0239138
-0.0252265
-0.0264753
-0.0276509
-0.028744
-0.0297455
-0.0306466
-0.0314386
-0.0321133
-0.0326632
-0.0330811
-0.0333609
-0.0334973
-0.0334861
-0.0333243
-0.0330101
-0.0325434
-0.0319255
-0.0311595
-0.03025
-0.0292037
-0.0280287
-0.026735
-0.0253345
-0.0238405
-0.0222676
-0.0206322
-0.0189513
-0.0172432
-0.0155267
-0.0138209
-0.012145
-0.0105179
-0.00895816
-0.00748307
-0.00610881
-0.00484988
-0.00371877
-0.0027256
-0.00187768
-0.00117917
-0.000630503
-0.000227992
3.68509e-05
0.000177937
0.00021501
0.000174248
9.30998e-05
2.40425e-05
-2.11267e-06
-6.72629e-05
-0.000264097
-0.000609829
-0.00111696
-0.00179172
-0.00263309
-0.00363471
-0.00478645
-0.00607559
-0.00748777
-0.00900773
-0.0106199
-0.0123086
-0.0140587
-0.0158553
-0.017684
-0.019531
-0.0213829
-0.0232267
-0.0250498
-0.02684
-0.0285851
-0.0302732
-0.0318925
-0.0334314
-0.0348783
-0.036222
-0.0374514
-0.0385556
-0.0395244
-0.040348
-0.0410172
-0.0415238
-0.0418604
-0.0420209
-0.0420004
-0.0417955
-0.0414045
-0.0408274
-0.040066
-0.0391242
-0.0380078
-0.0367248
-0.0352852
-0.0337012
-0.0319868
-0.0301581
-0.0282327
-0.02623
-0.0241705
-0.022076
-0.0199687
-0.0178716
-0.0158076
-0.0137993
-0.0118686
-0.0100362
-0.00832159
-0.00674193
-0.00531224
-0.00404463
-0.00294797
-0.00202741
-0.00128387
-0.000713603
-0.000307597
-5.10748e-05
7.6859e-05
0.00010373
6.75717e-05
1.96806e-05
-1.36913e-05
-0.000132843
-0.000435899
-0.000924845
-0.00160432
-0.00247688
-0.0035387
-0.00478107
-0.00619189
-0.00775663
-0.00945916
-0.0112824
-0.0132089
-0.015221
-0.0173016
-0.0194336
-0.0216007
-0.0237868
-0.0259764
-0.0281545
-0.0303063
-0.0324174
-0.0344736
-0.036461
-0.0383657
-0.0401742
-0.041873
-0.043449
-0.0448894
-0.0461817
-0.047314
-0.0482751
-0.0490548
-0.0496434
-0.0500329
-0.0502163
-0.0501883
-0.0499451
-0.049485
-0.0488081
-0.0479167
-0.0468155
-0.0455111
-0.0440129
-0.0423324
-0.0404835
-0.0384824
-0.0363472
-0.0340983
-0.0317576
-0.0293486
-0.0268959
-0.0244251
-0.0219623
-0.0195336
-0.0171649
-0.0148811
-0.0127061
-0.0106619
-0.00876864
-0.00704342
-0.00550037
-0.00414998
-0.00299859
-0.00204799
-0.00129489
-0.000730517
-0.000340127
-0.000102751
9.2682e-06
3.25505e-05
1.36333e-05
-2.51891e-05
-0.000200056
-0.000614239
-0.00125326
-0.00211266
-0.00319029
-0.00447858
-0.0059658
-0.00763745
-0.00947698
-0.0114664
-0.0135869
-0.0158192
-0.0181441
-0.0205425
-0.0229957
-0.0254854
-0.0279939
-0.0305038
-0.032998
-0.03546
-0.0378736
-0.0402226
-0.0424913
-0.044664
-0.0467255
-0.0486607
-0.0504546
-0.052093
-0.0535619
-0.0548482
-0.0559393
-0.0568238
-0.0574912
-0.0579326
-0.0581403
-0.0581086
-0.0578335
-0.0573131
-0.0565476
-0.0555398
-0.0542947
-0.0528201
-0.0511261
-0.0492256
-0.0471339
-0.044869
-0.042451
-0.0399022
-0.037247
-0.0345114
-0.0317226
-0.0289089
-0.0260994
-0.0233229
-0.0206083
-0.0179835
-0.015475
-0.0131076
-0.0109038
-0.00888307
-0.00706159
-0.00545156
-0.00406085
-0.00289243
-0.00194403
-0.00120769
-0.000669451
-0.000309099
-9.97765e-05
-7.67441e-06
6.86981e-06
-3.6349e-05
-0.000267018
-0.000793993
-0.00158614
-0.0026293
-0.00391591
-0.005434
-0.00716828
-0.00910142
-0.0112145
-0.0134877
-0.0159002
-0.0184313
-0.02106
-0.0237658
-0.0265284
-0.0293278
-0.0321447
-0.0349601
-0.0377554
-0.0405124
-0.0432131
-0.0458399
-0.0483753
-0.0508022
-0.0531036
-0.055263
-0.0572641
-0.0590912
-0.0607289
-0.0621629
-0.0633797
-0.0643666
-0.0651124
-0.0656073
-0.0658432
-0.0658137
-0.0655146
-0.0649438
-0.0641017
-0.062991
-0.0616174
-0.0599892
-0.0581172
-0.0560154
-0.0537004
-0.0511913
-0.0485102
-0.045681
-0.0427301
-0.0396858
-0.0365776
-0.0334363
-0.0302934
-0.0271807
-0.0241296
-0.0211707
-0.0183334
-0.015645
-0.0131304
-0.0108116
-0.0087068
-0.00683033
-0.00519177
-0.00379572
-0.00264133
-0.00172202
-0.0010252
-0.000532037
-0.000217163
-5.04337e-05
-7.76774e-08
-4.70749e-05
-0.000332746
-0.000972162
-0.00191786
-0.00314581
-0.00464267
-0.0063916
-0.00837331
-0.0105673
-0.0129521
-0.0155057
-0.0182055
-0.0210291
-0.023954
-0.0269583
-0.0300201
-0.0331182
-0.0362319
-0.0393406
-0.0424245
-0.0454638
-0.0484392
-0.0513316
-0.0541221
-0.0567923
-0.0593237
-0.0616985
-0.0638991
-0.0659085
-0.0677104
-0.0692891
-0.0706301
-0.0717199
-0.0725465
-0.0730991
-0.0733692
-0.0733497
-0.0730362
-0.0724262
-0.0715201
-0.0703207
-0.0688337
-0.0670678
-0.0650346
-0.0627487
-0.0602275
-0.0574915
-0.0545639
-0.0514703
-0.0482388
-0.0448995
-0.0414843
-0.038026
-0.0345588
-0.0311168
-0.027734
-0.0244439
-0.0212785
-0.0182677
-0.0154392
-0.0128172
-0.0104227
-0.00827189
-0.0063767
-0.00474362
-0.00337369
-0.00226213
-0.00139823
-0.00076499
-0.000338985
-9.41684e-05
-6.93903e-06
-5.7355e-05
-0.000396757
-0.00114701
-0.00224489
-0.00365663
-0.0053629
-0.00734178
-0.00956966
-0.0120226
-0.0146764
-0.0175066
-0.020489
-0.0235991
-0.0268133
-0.0301081
-0.0334605
-0.0368479
-0.0402483
-0.0436402
-0.0470022
-0.0503135
-0.0535535
-0.0567019
-0.0597386
-0.0626438
-0.065398
-0.0679821
-0.0703774
-0.0725658
-0.0745299
-0.076253
-0.0777196
-0.0789154
-0.0798274
-0.0804442
-0.0807565
-0.0807568
-0.08044
-0.0798034
-0.0788468
-0.0775732
-0.0759882
-0.0741005
-0.0719222
-0.0694681
-0.0667566
-0.0638088
-0.0606491
-0.0573045
-0.0538044
-0.0501807
-0.0464672
-0.0426991
-0.0389126
-0.0351445
-0.0314313
-0.0278093
-0.0243131
-0.0209757
-0.0178273
-0.0148951
-0.0122025
-0.00976847
-0.00760726
-0.00572777
-0.00413327
-0.00282119
-0.00178306
-0.00100408
-0.000463028
-0.000138062
-1.35988e-05
-6.7207e-05
-0.000458824
-0.00131752
-0.00256501
-0.00415803
-0.00607128
-0.00827759
-0.0107489
-0.0134577
-0.0163768
-0.0194795
-0.0227392
-0.0261302
-0.0296271
-0.0332052
-0.0368402
-0.0405087
-0.0441874
-0.0478536
-0.0514852
-0.05506
-0.0585565
-0.0619533
-0.0652294
-0.0683637
-0.0713358
-0.0741256
-0.0767133
-0.0790797
-0.0812066
-0.0830763
-0.0846723
-0.0859794
-0.0869838
-0.0876735
-0.0880381
-0.0880696
-0.0877622
-0.0871126
-0.0861204
-0.0847878
-0.0831205
-0.081127
-0.0788193
-0.0762126
-0.0733255
-0.0701799
-0.0668009
-0.0632165
-0.0594576
-0.0555576
-0.051552
-0.0474782
-0.0433745
-0.0392803
-0.0352349
-0.0312772
-0.0274449
-0.0237739
-0.0202974
-0.0170457
-0.0140451
-0.0113176
-0.00888021
-0.0067445
-0.00491639
-0.00339588
-0.00217701
-0.00124746
-0.000588277
-0.000181787
-2.00308e-05
-7.66551e-05
-0.000518844
-0.00148311
-0.00287678
-0.00464746
-0.00676398
-0.00919392
-0.0119047
-0.0148652
-0.018045
-0.021415
-0.0249467
-0.0286125
-0.0323856
-0.0362402
-0.0401508
-0.0440928
-0.0480422
-0.0519753
-0.055869
-0.0597004
-0.063447
-0.0670865
-0.0705969
-0.0739565
-0.0771437
-0.0801375
-0.0829173
-0.0854631
-0.0877555
-0.089776
-0.0915074
-0.0929333
-0.0940393
-0.0948122
-0.0952411
-0.0953169
-0.0950331
-0.0943857
-0.0933735
-0.0919983
-0.0902651
-0.0881821
-0.0857609
-0.0830169
-0.0799686
-0.0766383
-0.0730517
-0.0692376
-0.0652281
-0.061058
-0.0567645
-0.0523868
-0.0479658
-0.0435432
-0.0391612
-0.0348616
-0.0306853
-0.0266713
-0.0228564
-0.019274
-0.0159539
-0.0129213
-0.0101964
-0.00779391
-0.0057227
-0.00398564
-0.00257956
-0.00149474
-0.000714575
-0.000225346
-2.62614e-05
-8.57205e-05
-0.000576766
-0.00164339
-0.00317922
-0.00512311
-0.00743817
-0.0100868
-0.0130321
-0.0162389
-0.0196741
-0.0233057
-0.0271033
-0.0310376
-0.0350805
-0.0392047
-0.043384
-0.0475927
-0.0518059
-0.0559993
-0.0601488
-0.064231
-0.0682225
-0.0721003
-0.0758416
-0.079424
-0.0828251
-0.0860232
-0.0889967
-0.0917248
-0.0941873
-0.0963649
-0.0982393
-0.0997935
-0.101012
-0.10188
-0.102387
-0.102522
-0.102277
-0.101649
-0.100633
-0.0992328
-0.0974509
-0.0952954
-0.0927773
-0.0899114
-0.0867164
-0.0832144
-0.0794314
-0.0753971
-0.0711443
-0.066709
-0.0621303
-0.0574492
-0.0527088
-0.0479536
-0.0432287
-0.0385789
-0.0340486
-0.0296804
-0.0255147
-0.0215887
-0.0179358
-0.0145849
-0.01156
-0.00887907
-0.00655441
-0.00459203
-0.00299177
-0.00174665
-0.000842368
-0.000268957
-3.23491e-05
-9.44184e-05
-0.000632551
-0.00179808
-0.00347158
-0.00558355
-0.00809161
-0.0109532
-0.0141269
-0.0175739
-0.021258
-0.0251448
-0.0292017
-0.0333979
-0.0377037
-0.0420907
-0.0465318
-0.0510005
-0.0554712
-0.0599187
-0.0643186
-0.0686465
-0.0728787
-0.0769915
-0.0809616
-0.0847656
-0.0883808
-0.0917846
-0.0949548
-0.0978698
-0.100509
-0.102851
-0.104878
-0.106571
-0.107914
-0.108892
-0.109491
-0.109701
-0.109513
-0.108921
-0.107921
-0.106514
-0.104702
-0.102491
-0.0998935
-0.0969221
-0.0935951
-0.0899347
-0.0859668
-0.0817215
-0.0772323
-0.0725365
-0.0676745
-0.0626893
-0.0576266
-0.0525332
-0.0474574
-0.0424477
-0.0375517
-0.0328162
-0.0282856
-0.0240011
-0.0200005
-0.0163167
-0.0129777
-0.0100054
-0.0074157
-0.0052182
-0.00341592
-0.0020047
-0.000972533
-0.000312991
-3.83717e-05
-0.000102756
-0.000686155
-0.00194692
-0.00375322
-0.0060276
-0.00872241
-0.0117903
-0.0151855
-0.0188657
-0.0227915
-0.0269263
-0.0312353
-0.0356861
-0.0402476
-0.0448904
-0.0495865
-0.0543086
-0.0590304
-0.0637264
-0.0683714
-0.0729407
-0.07741
-0.0817552
-0.0859524
-0.089978
-0.0938084
-0.0974205
-0.100791
-0.103899
-0.106721
-0.109237
-0.111427
-0.113272
-0.114753
-0.115855
-0.116564
-0.116867
-0.116754
-0.116217
-0.115252
-0.113857
-0.112034
-0.109789
-0.107129
-0.10407
-0.100627
-0.0968217
-0.0926809
-0.0882342
-0.0835159
-0.0785642
-0.0734207
-0.0681307
-0.0627417
-0.0573039
-0.0518685
-0.0464876
-0.041213
-0.0360957
-0.0311844
-0.0265251
-0.0221601
-0.018127
-0.0144582
-0.0111799
-0.00831229
-0.00586853
-0.00385517
-0.00227099
-0.00110625
-0.000357921
-4.44193e-05
-0.000110735
-0.000737518
-0.00208967
-0.00402355
-0.00645414
-0.00932883
-0.0125956
-0.0162046
-0.0201101
-0.0242699
-0.0286446
-0.0331978
-0.0378952
-0.0427048
-0.047596
-0.0525398
-0.0575086
-0.0624753
-0.0674139
-0.0722991
-0.0771056
-0.0818088
-0.0863843
-0.0908077
-0.095055
-0.0991023
-0.102926
-0.106503
-0.109809
-0.112823
-0.115523
-0.117887
-0.119896
-0.12153
-0.122773
-0.123609
-0.124023
-0.124004
-0.123544
-0.122634
-0.121273
-0.119461
-0.1172
-0.114499
-0.111369
-0.107827
-0.103893
-0.0995924
-0.0949552
-0.0900159
-0.0848134
-0.0793908
-0.0737951
-0.0680763
-0.0622873
-0.0564829
-0.0507191
-0.0450519
-0.0395369
-0.0342279
-0.0291759
-0.0244282
-0.0200277
-0.0160117
-0.0124113
-0.00925104
-0.0065483
-0.00431335
-0.00254804
-0.00124492
-0.000404288
-5.05896e-05
-0.000118347
-0.000786556
-0.00222603
-0.00428192
-0.00686208
-0.00990918
-0.0133668
-0.0171813
-0.0213034
-0.0256883
-0.0302942
-0.0350829
-0.0400186
-0.0450679
-0.0501994
-0.0553835
-0.0605917
-0.0657968
-0.0709723
-0.0760924
-0.0811319
-0.0860659
-0.0908695
-0.0955184
-0.099988
-0.104254
-0.108293
-0.11208
-0.115593
-0.118807
-0.121701
-0.124251
-0.126438
-0.128242
-0.129642
-0.130623
-0.131168
-0.131264
-0.130901
-0.13007
-0.128765
-0.126985
-0.124731
-0.12201
-0.11883
-0.115207
-0.111161
-0.106715
-0.1019
-0.0967488
-0.0913021
-0.0856037
-0.0797024
-0.0736506
-0.0675041
-0.0613214
-0.0551624
-0.049088
-0.0431588
-0.0374338
-0.0319697
-0.0268196
-0.0220319
-0.0176495
-0.013709
-0.0102396
-0.00726346
-0.00479475
-0.00283866
-0.00139008
-0.000452683
-5.6985e-05
-0.000125581
-0.000833166
-0.00235567
-0.00452766
-0.00725028
-0.0104617
-0.0141016
-0.0181123
-0.0224417
-0.0270421
-0.0318697
-0.0368845
-0.0420491
-0.0473292
-0.0526925
-0.0581086
-0.0635487
-0.0689851
-0.0743912
-0.0797409
-0.0850089
-0.0901701
-0.0951997
-0.100073
-0.104765
-0.109252
-0.11351
-0.117513
-0.121238
-0.124662
-0.127759
-0.130509
-0.132888
-0.134876
-0.136452
-0.137596
-0.138293
-0.138526
-0.138283
-0.137553
-0.136328
-0.134604
-0.132381
-0.129662
-0.126454
-0.122772
-0.118632
-0.114058
-0.109078
-0.103727
-0.0980441
-0.0920749
-0.0858695
-0.0794826
-0.0729732
-0.0664032
-0.0598372
-0.0533408
-0.0469801
-0.0408201
-0.0349235
-0.0293497
-0.0241535
-0.0193838
-0.0150831
-0.0112864
-0.00802042
-0.00530402
-0.00314587
-0.00154338
-0.000503725
-6.37106e-05
-0.000132418
-0.000877219
-0.00247822
-0.00476005
-0.00761754
-0.0109848
-0.0147974
-0.0189946
-0.023521
-0.0283267
-0.0333657
-0.0385962
-0.0439799
-0.049481
-0.0550667
-0.060706
-0.0663697
-0.0720298
-0.0776595
-0.0832328
-0.0887242
-0.0941087
-0.0993615
-0.104458
-0.109373
-0.114082
-0.118561
-0.122785
-0.12673
-0.13037
-0.133683
-0.136644
-0.139229
-0.141417
-0.143185
-0.144513
-0.145382
-0.145774
-0.145674
-0.14507
-0.143949
-0.142307
-0.14014
-0.137448
-0.134237
-0.130517
-0.126305
-0.121622
-0.116494
-0.110957
-0.105048
-0.0988156
-0.0923096
-0.0855874
-0.0787109
-0.071746
-0.0647616
-0.0578287
-0.0510193
-0.0444046
-0.0380542
-0.0320343
-0.0264066
-0.021227
-0.0165444
-0.0123999
-0.0088259
-0.005846
-0.00347284
-0.00170655
-0.000558057
-7.0873e-05
-0.000138837
-0.000918574
-0.00259329
-0.00497831
-0.0079626
-0.0114764
-0.0154519
-0.0198249
-0.0245375
-0.0295373
-0.0347765
-0.0402118
-0.0458036
-0.0515152
-0.0573131
-0.0631659
-0.069044
-0.0749193
-0.080765
-0.0865551
-0.0922641
-0.0978671
-0.103339
-0.108656
-0.113793
-0.118726
-0.123429
-0.127877
-0.132047
-0.135913
-0.139449
-0.142633
-0.145438
-0.147841
-0.149819
-0.15135
-0.152412
-0.152986
-0.153053
-0.152599
-0.151609
-0.150075
-0.14799
-0.145352
-0.142164
-0.138433
-0.134172
-0.129401
-0.124146
-0.118438
-0.112318
-0.105832
-0.0990314
-0.091976
-0.0847305
-0.0773645
-0.0699517
-0.0625687
-0.0552935
-0.0482045
-0.0413783
-0.0348889
-0.0288055
-0.0231917
-0.0181036
-0.0135891
-0.00968681
-0.00642571
-0.00382282
-0.00188135
-0.000616334
-7.85799e-05
-0.000144811
-0.000957069
-0.00270042
-0.00518159
-0.00828416
-0.0119349
-0.0160626
-0.0206002
-0.0254872
-0.0306692
-0.0360966
-0.0417248
-0.0475128
-0.0534235
-0.0594225
-0.0654781
-0.0715605
-0.0776416
-0.0836946
-0.0896935
-0.0956132
-0.101429
-0.107116
-0.11265
-0.118007
-0.123162
-0.12809
-0.132766
-0.137165
-0.141263
-0.145032
-0.148448
-0.151486
-0.15412
-0.156325
-0.158077
-0.159352
-0.16013
-0.160389
-0.16011
-0.159278
-0.15788
-0.155906
-0.153351
-0.150213
-0.146498
-0.142216
-0.137382
-0.132022
-0.126165
-0.11985
-0.113123
-0.106038
-0.0986546
-0.0910408
-0.08327
-0.0754207
-0.0675753
-0.0598184
-0.0522356
-0.0449116
-0.0379286
-0.0313643
-0.0252905
-0.0197716
-0.014863
-0.0106102
-0.00704823
-0.00419913
-0.00206957
-0.000679219
-8.69396e-05
-0.000150313
-0.000992536
-0.00279917
-0.00536906
-0.00858086
-0.0123582
-0.0166268
-0.021317
-0.0263661
-0.0317175
-0.0373203
-0.0431285
-0.0491001
-0.0551974
-0.0613854
-0.0676321
-0.0739077
-0.080184
-0.0864343
-0.092633
-0.0987552
-0.104776
-0.110672
-0.116419
-0.121992
-0.127367
-0.13252
-0.137425
-0.142057
-0.146391
-0.1504
-0.154058
-0.157339
-0.160217
-0.162664
-0.164655
-0.166164
-0.167168
-0.167642
-0.167565
-0.166918
-0.165685
-0.163852
-0.161409
-0.158354
-0.154685
-0.15041
-0.145543
-0.140104
-0.134122
-0.127633
-0.120683
-0.113326
-0.105624
-0.0976459
-0.0894697
-0.0811785
-0.0728604
-0.0646072
-0.0565122
-0.0486686
-0.0411676
-0.0340963
-0.0275357
-0.0215591
-0.0162304
-0.0116029
-0.00771866
-0.0046051
-0.00227302
-0.000747381
-9.6061e-05
-0.000155313
-0.0010248
-0.00288906
-0.00553984
-0.00885136
-0.0127444
-0.017142
-0.0219722
-0.0271701
-0.0326775
-0.0384419
-0.0444163
-0.0505579
-0.0568282
-0.063192
-0.069617
-0.0760733
-0.0825329
-0.0889694
-0.0953573
-0.101672
-0.10789
-0.113987
-0.119939
-0.125724
-0.131315
-0.13669
-0.141823
-0.146689
-0.151263
-0.155516
-0.159424
-0.162958
-0.16609
-0.168793
-0.17104
-0.172802
-0.174052
-0.174765
-0.174916
-0.174482
-0.173442
-0.171781
-0.169484
-0.166543
-0.162954
-0.15872
-0.15385
-0.148363
-0.142284
-0.135647
-0.128496
-0.120885
-0.112877
-0.104544
-0.0959655
-0.0872302
-0.0784322
-0.0696703
-0.0610461
-0.052662
-0.0446189
-0.0370141
-0.0299388
-0.0234763
-0.0177
-0.0126721
-0.00844207
-0.00504405
-0.00249351
-0.000821491
-0.000106054
-0.00015978
-0.00105369
-0.00296964
-0.00569307
-0.00909432
-0.0130916
-0.0176058
-0.0225626
-0.0278953
-0.0335443
-0.0394559
-0.0455818
-0.0518787
-0.0583074
-0.0648326
-0.0714217
-0.078045
-0.0846747
-0.0912845
-0.0978496
-0.104346
-0.11075
-0.117038
-0.123188
-0.129176
-0.134978
-0.14057
-0.145928
-0.151027
-0.15584
-0.160341
-0.164502
-0.168296
-0.171693
-0.174664
-0.17718
-0.179211
-0.180729
-0.181703
-0.182106
-0.181912
-0.181096
-0.179638
-0.17752
-0.174728
-0.171255
-0.167097
-0.162262
-0.156761
-0.150617
-0.143862
-0.136538
-0.128697
-0.120402
-0.111726
-0.102753
-0.0935761
-0.0842944
-0.0750143
-0.0658463
-0.0569022
-0.0482937
-0.040129
-0.0325107
-0.0255331
-0.0192803
-0.0138242
-0.00922344
-0.00551928
-0.00273283
-0.000902222
-0.000117029
-0.000163687
-0.00107902
-0.00304044
-0.00582793
-0.00930847
-0.0133981
-0.0180157
-0.0230851
-0.0285381
-0.0343136
-0.0403567
-0.0466185
-0.0530549
-0.0596265
-0.0662974
-0.0730353
-0.0798104
-0.0865953
-0.0933641
-0.100092
-0.106757
-0.113334
-0.119802
-0.126138
-0.13232
-0.138324
-0.144126
-0.149704
-0.155031
-0.160082
-0.164829
-0.169246
-0.173303
-0.176972
-0.18022
-0.183018
-0.185333
-0.187135
-0.188391
-0.18907
-0.189143
-0.188581
-0.187359
-0.185453
-0.182847
-0.179527
-0.175486
-0.170723
-0.165248
-0.159077
-0.15224
-0.144775
-0.136732
-0.128174
-0.119176
-0.109822
-0.10021
-0.0904456
-0.0806419
-0.0709183
-0.0613972
-0.0522013
-0.043451
-0.0352612
-0.0277386
-0.0209792
-0.015066
-0.0100676
-0.00603403
-0.00299279
-0.000990246
-0.000129098
-0.000167006
-0.00110066
-0.00310108
-0.00594367
-0.00949265
-0.0136623
-0.0183697
-0.0235371
-0.0290949
-0.0349809
-0.0411394
-0.0475205
-0.0540797
-0.0607772
-0.0675771
-0.0744469
-0.0813572
-0.0882808
-0.0951925
-0.102068
-0.108885
-0.115621
-0.122255
-0.128764
-0.135127
-0.141321
-0.147324
-0.153112
-0.15866
-0.163943
-0.168934
-0.173604
-0.177926
-0.181869
-0.185401
-0.188489
-0.191101
-0.193202
-0.194758
-0.195735
-0.1961
-0.19582
-0.194866
-0.193209
-0.190826
-0.1877
-0.183816
-0.179169
-0.173762
-0.167608
-0.16073
-0.153162
-0.144954
-0.136164
-0.126868
-0.117154
-0.10712
-0.0968786
-0.0865504
-0.0762636
-0.0661513
-0.0563484
-0.046988
-0.0381988
-0.030101
-0.022804
-0.0164034
-0.0109794
-0.00659149
-0.00327514
-0.00108623
-0.000142374
-0.000169712
-0.00111845
-0.00315117
-0.00603964
-0.00964583
-0.0138826
-0.0186656
-0.0239159
-0.0295626
-0.0355426
-0.0417992
-0.0482822
-0.0549464
-0.0617519
-0.0686625
-0.0756462
-0.0826735
-0.0897177
-0.0967541
-0.103759
-0.110712
-0.117589
-0.124372
-0.131038
-0.137567
-0.143937
-0.150127
-0.156113
-0.161871
-0.167377
-0.172603
-0.177523
-0.182107
-0.186323
-0.19014
-0.193524
-0.196441
-0.198854
-0.200726
-0.202021
-0.202701
-0.202731
-0.202075
-0.200702
-0.198581
-0.195689
-0.192007
-0.187522
-0.182231
-0.176141
-0.169269
-0.161644
-0.153311
-0.144329
-0.134769
-0.12472
-0.114285
-0.103579
-0.0927315
-0.0818788
-0.0711654
-0.0607386
-0.0507458
-0.0413303
-0.0326275
-0.0247616
-0.0178424
-0.0119631
-0.00719472
-0.00358164
-0.00119085
-0.000156972
-0.000171784
-0.00113229
-0.00319044
-0.0061153
-0.00976719
-0.0140579
-0.018902
-0.0242195
-0.0299385
-0.0359952
-0.0423322
-0.0488986
-0.0556491
-0.0625434
-0.0695455
-0.0766233
-0.0837478
-0.0908927
-0.098034
-0.105149
-0.112217
-0.119216
-0.126128
-0.132932
-0.139609
-0.146138
-0.152497
-0.158666
-0.16462
-0.170335
-0.175787
-0.180946
-0.185783
-0.190269
-0.19437
-0.198051
-0.201277
-0.20401
-0.206211
-0.207839
-0.208856
-0.20922
-0.208893
-0.207837
-0.206017
-0.203403
-0.199968
-0.195694
-0.19057
-0.184596
-0.177782
-0.170153
-0.161745
-0.152615
-0.142832
-0.132484
-0.121675
-0.110526
-0.0991704
-0.0877551
-0.0764354
-0.0653721
-0.0547274
-0.0446606
-0.0353238
-0.0268577
-0.0193881
-0.0130231
-0.00784669
-0.00391396
-0.00130477
-0.000173009
-0.000173209
-0.0011421
-0.00321868
-0.00617028
-0.00985616
-0.0141874
-0.0190777
-0.0244463
-0.0302207
-0.0363362
-0.042735
-0.0493658
-0.0561828
-0.0631457
-0.0702186
-0.0773695
-0.0845698
-0.0917938
-0.099018
-0.106221
-0.113381
-0.120481
-0.1275
-0.134421
-0.141223
-0.147889
-0.154398
-0.16073
-0.166861
-0.17277
-0.17843
-0.183814
-0.188895
-0.19364
-0.198018
-0.201994
-0.205529
-0.208586
-0.211123
-0.213098
-0.214468
-0.21519
-0.215219
-0.214512
-0.213031
-0.210736
-0.207597
-0.203585
-0.198683
-0.192882
-0.186184
-0.178607
-0.170182
-0.160958
-0.151002
-0.140398
-0.129253
-0.117688
-0.105845
-0.0938774
-0.0819527
-0.0702451
-0.0589328
-0.0481923
-0.0381941
-0.0290971
-0.0210451
-0.0141631
-0.00855019
-0.00427377
-0.00142864
-0.000190606
-0.000173978
-0.00114784
-0.0032358
-0.00620441
-0.00991245
-0.0142706
-0.0191921
-0.0245955
-0.0304079
-0.0365639
-0.0430053
-0.0496804
-0.0565434
-0.0635537
-0.0706755
-0.0778771
-0.0851303
-0.0924099
-0.0996932
-0.106959
-0.114189
-0.121363
-0.128465
-0.135477
-0.142381
-0.14916
-0.155794
-0.162265
-0.168552
-0.174631
-0.18048
-0.186071
-0.191378
-0.196369
-0.201013
-0.205274
-0.209114
-0.212493
-0.21537
-0.2177
-0.219437
-0.220534
-0.220944
-0.220618
-0.219511
-0.217579
-0.214781
-0.211084
-0.206461
-0.200893
-0.194376
-0.186916
-0.178537
-0.169282
-0.15921
-0.148405
-0.136969
-0.125027
-0.112725
-0.100224
-0.0877025
-0.0753492
-0.0633585
-0.0519256
-0.0412408
-0.0314834
-0.0228173
-0.0153867
-0.00930785
-0.00466264
-0.00156311
-0.000209882
-0.00017409
-0.00114952
-0.00324183
-0.00621776
-0.00993616
-0.0143076
-0.0192451
-0.0246669
-0.0304996
-0.0366775
-0.0431419
-0.0498408
-0.0567283
-0.0637638
-0.0709115
-0.07814
-0.0854217
-0.0927318
-0.100048
-0.107351
-0.114623
-0.121845
-0.129001
-0.136077
-0.143054
-0.149918
-0.15665
-0.163233
-0.169647
-0.175872
-0.181884
-0.18766
-0.193171
-0.198389
-0.203282
-0.207814
-0.211948
-0.215644
-0.218859
-0.221547
-0.223659
-0.225146
-0.225957
-0.226038
-0.225339
-0.223809
-0.221401
-0.218072
-0.213786
-0.208517
-0.202246
-0.194974
-0.186713
-0.177496
-0.167377
-0.156433
-0.144764
-0.132493
-0.119771
-0.106765
-0.0936638
-0.0806706
-0.0679969
-0.0558575
-0.0444642
-0.0340188
-0.0247077
-0.0166968
-0.0101221
-0.00508208
-0.00170882
-0.000230963
-0.000173555
-0.00114719
-0.00323695
-0.00621066
-0.00992776
-0.0142991
-0.0192376
-0.0246613
-0.0304966
-0.0366773
-0.0431447
-0.0498465
-0.0567364
-0.0637739
-0.0709235
-0.078154
-0.0854381
-0.0927518
-0.100074
-0.107386
-0.114669
-0.121909
-0.12909
-0.136198
-0.143218
-0.150134
-0.156933
-0.163597
-0.170108
-0.176447
-0.182594
-0.188525
-0.194215
-0.199634
-0.204754
-0.209538
-0.213951
-0.217952
-0.221497
-0.224539
-0.22703
-0.228916
-0.230143
-0.230654
-0.230393
-0.229303
-0.227329
-0.224421
-0.220533
-0.215626
-0.209675
-0.202665
-0.194599
-0.1855
-0.175411
-0.164401
-0.152566
-0.140027
-0.126934
-0.113462
-0.0998085
-0.08619
-0.0728358
-0.0599815
-0.047862
-0.0367038
-0.0267184
-0.0180959
-0.0109949
-0.00553348
-0.00186638
-0.000253975
-0.000172392
-0.001141
-0.00322152
-0.00618375
-0.00988823
-0.0142462
-0.0191709
-0.0245803
-0.0304005
-0.0365653
-0.0430155
-0.0496985
-0.0565682
-0.063584
-0.0707104
-0.0779166
-0.0851759
-0.0924648
-0.0997631
-0.107053
-0.114318
-0.121543
-0.128715
-0.135822
-0.142849
-0.149784
-0.156614
-0.163323
-0.169896
-0.176316
-0.182563
-0.188617
-0.194452
-0.200044
-0.205362
-0.210374
-0.215043
-0.21933
-0.223191
-0.22658
-0.229445
-0.231733
-0.233387
-0.234345
-0.234548
-0.233931
-0.232435
-0.229998
-0.226565
-0.222089
-0.21653
-0.209863
-0.202076
-0.19318
-0.183207
-0.172215
-0.160293
-0.147557
-0.134156
-0.120269
-0.106101
-0.0918815
-0.0778579
-0.0642873
-0.0514292
-0.0395371
-0.02885
-0.0195857
-0.0119282
-0.00601813
-0.00203639
-0.000279045
-0.000170632
-0.00113113
-0.00319607
-0.00613802
-0.00981906
-0.0141511
-0.0190477
-0.0244269
-0.0302147
-0.0363446
-0.0427573
-0.0494
-0.0562264
-0.0631959
-0.0702733
-0.077428
-0.0846339
-0.0918682
-0.0991115
-0.106347
-0.113559
-0.120735
-0.127863
-0.134932
-0.141929
-0.148845
-0.155667
-0.162383
-0.168979
-0.17544
-0.181749
-0.187887
-0.193833
-0.199561
-0.205044
-0.210252
-0.21515
-0.219699
-0.223856
-0.227576
-0.230807
-0.233493
-0.235576
-0.236994
-0.237679
-0.237565
-0.236583
-0.234664
-0.231745
-0.227766
-0.222674
-0.216431
-0.209012
-0.200412
-0.190649
-0.17977
-0.167851
-0.155002
-0.141368
-0.127129
-0.112497
-0.0977123
-0.0830404
-0.0687602
-0.0551576
-0.042515
-0.0311019
-0.021167
-0.0129233
-0.00653714
-0.00221941
-0.000306304
-0.000168318
-0.00111787
-0.00316136
-0.00607487
-0.00972235
-0.0140165
-0.0188714
-0.0242051
-0.0299436
-0.0360202
-0.0423753
-0.048956
-0.0557157
-0.0626141
-0.0696159
-0.076691
-0.0838138
-0.0909622
-0.0981178
-0.105265
-0.112389
-0.119479
-0.126525
-0.133516
-0.140444
-0.147299
-0.154072
-0.160752
-0.167328
-0.173788
-0.180117
-0.186297
-0.192311
-0.198135
-0.203746
-0.209113
-0.214205
-0.218985
-0.223412
-0.227441
-0.23102
-0.234094
-0.236604
-0.238484
-0.239665
-0.240076
-0.23964
-0.238284
-0.235932
-0.232513
-0.227963
-0.222228
-0.215268
-0.207062
-0.197611
-0.186947
-0.175133
-0.162268
-0.148489
-0.133975
-0.118943
-0.103642
-0.0883542
-0.073381
-0.0590356
-0.0456315
-0.0334721
-0.02284
-0.0139811
-0.00709147
-0.00241597
-0.000335882
-0.000165509
-0.00110157
-0.00311838
-0.0059961
-0.00960085
-0.0138462
-0.0186467
-0.0239205
-0.0295936
-0.0355989
-0.0418767
-0.0483737
-0.0550435
-0.0618453
-0.0687445
-0.0757111
-0.0827201
-0.0897503
-0.0967841
-0.103807
-0.110806
-0.117772
-0.124695
-0.131568
-0.138383
-0.145134
-0.151813
-0.158412
-0.164923
-0.171335
-0.177636
-0.183813
-0.189849
-0.195725
-0.201418
-0.206904
-0.21215
-0.217125
-0.221788
-0.226096
-0.23
-0.233444
-0.236369
-0.238708
-0.240391
-0.241341
-0.241478
-0.24072
-0.238983
-0.236185
-0.232249
-0.227106
-0.220698
-0.212987
-0.203957
-0.193621
-0.182023
-0.16925
-0.155429
-0.140732
-0.125377
-0.109622
-0.0937638
-0.0781249
-0.0630474
-0.048878
-0.0359565
-0.0246036
-0.0151021
-0.00768185
-0.00262654
-0.000367909
-0.000162279
-0.00108272
-0.00306838
-0.00590402
-0.00945806
-0.013645
-0.0183795
-0.0235802
-0.0291727
-0.0350896
-0.0412709
-0.0476631
-0.0542195
-0.0608995
-0.0676685
-0.0744972
-0.0813609
-0.0882394
-0.095116
-0.101977
-0.108813
-0.115613
-0.122372
-0.129083
-0.135741
-0.142341
-0.14888
-0.15535
-0.161746
-0.168061
-0.174286
-0.180409
-0.186418
-0.192296
-0.198024
-0.20358
-0.208937
-0.214063
-0.218923
-0.223475
-0.227672
-0.231461
-0.234782
-0.23757
-0.239751
-0.241247
-0.241974
-0.241844
-0.240763
-0.238641
-0.235386
-0.230915
-0.225153
-0.218041
-0.209545
-0.199653
-0.188394
-0.175834
-0.162085
-0.147312
-0.131728
-0.115597
-0.0992263
-0.0829618
-0.0671733
-0.0522428
-0.0385494
-0.0264557
-0.016286
-0.0083088
-0.00285154
-0.000402516
-0.00015872
-0.00106186
-0.00301292
-0.00580147
-0.00929827
-0.0134185
-0.0180774
-0.0231931
-0.0286909
-0.0345034
-0.0405698
-0.0468364
-0.0532564
-0.0597892
-0.0664004
-0.0730611
-0.0797474
-0.0864399
-0.0931231
-0.099785
-0.106416
-0.11301
-0.11956
-0.126064
-0.132518
-0.138921
-0.145269
-0.15156
-0.15779
-0.163956
-0.170052
-0.176068
-0.181997
-0.187825
-0.193536
-0.199111
-0.204528
-0.209758
-0.214769
-0.219523
-0.223976
-0.228076
-0.231766
-0.234982
-0.23765
-0.23969
-0.241015
-0.241532
-0.241142
-0.239742
-0.23723
-0.233507
-0.228481
-0.222073
-0.214224
-0.204902
-0.194111
-0.181894
-0.168347
-0.153619
-0.137915
-0.1215
-0.104692
-0.0878553
-0.0713889
-0.0557107
-0.0412425
-0.0283928
-0.0175321
-0.00897255
-0.00309134
-0.00043983
-0.000154942
-0.00103971
-0.00295385
-0.00569187
-0.0091267
-0.0131741
-0.017749
-0.0227696
-0.0281606
-0.0338538
-0.0397879
-0.0459091
-0.0521701
-0.0585304
-0.064956
-0.0714185
-0.0778947
-0.0843662
-0.0908188
-0.0972418
-0.103628
-0.109971
-0.116268
-0.122519
-0.128721
-0.134876
-0.140983
-0.147043
-0.153055
-0.159018
-0.164929
-0.170784
-0.176577
-0.182298
-0.187936
-0.193476
-0.198899
-0.20418
-0.209292
-0.2142
-0.218863
-0.223234
-0.227259
-0.230874
-0.234008
-0.23658
-0.238502
-0.239677
-0.24
-0.23936
-0.237645
-0.234739
-0.230534
-0.224929
-0.217843
-0.209218
-0.199031
-0.187299
-0.174094
-0.159545
-0.143846
-0.127257
-0.110103
-0.092763
-0.0756648
-0.0592635
-0.0440257
-0.0304102
-0.0188388
-0.00967302
-0.00334621
-0.000479978
-0.000151078
-0.00101707
-0.00289341
-0.00557932
-0.00894956
-0.01292
-0.0174052
-0.0223226
-0.0275961
-0.0331568
-0.0389427
-0.0448993
-0.0509794
-0.0571424
-0.0633547
-0.0695885
-0.0758215
-0.0820364
-0.0882205
-0.0943645
-0.100463
-0.106512
-0.11251
-0.118459
-0.124361
-0.130217
-0.136031
-0.141807
-0.147546
-0.15325
-0.158921
-0.164557
-0.170156
-0.175713
-0.181221
-0.186667
-0.192038
-0.197314
-0.202471
-0.207479
-0.212303
-0.216899
-0.221215
-0.225192
-0.228762
-0.231845
-0.234351
-0.236183
-0.237232
-0.23738
-0.236503
-0.234475
-0.231168
-0.226463
-0.220252
-0.212451
-0.203007
-0.191907
-0.179196
-0.164975
-0.149423
-0.132787
-0.115393
-0.0976357
-0.0799666
-0.0628787
-0.0468859
-0.0325014
-0.0202037
-0.0104099
-0.00361636
-0.000523083
-0.000147285
-0.000994929
-0.00283425
-0.00546864
-0.00877418
-0.0126662
-0.0170584
-0.021867
-0.0270147
-0.0324314
-0.0380544
-0.0438287
-0.0497066
-0.0556479
-0.0616193
-0.0675938
-0.0735502
-0.0794725
-0.0853496
-0.0911738
-0.0969414
-0.102651
-0.108304
-0.113904
-0.119454
-0.124961
-0.13043
-0.135866
-0.141277
-0.146667
-0.15204
-0.157399
-0.162746
-0.168079
-0.173395
-0.178688
-0.183947
-0.189158
-0.194301
-0.199353
-0.204281
-0.209048
-0.213606
-0.217901
-0.221867
-0.225428
-0.228497
-0.230974
-0.232748
-0.233698
-0.233691
-0.232589
-0.230249
-0.22653
-0.221302
-0.21445
-0.20589
-0.195576
-0.183517
-0.169787
-0.154536
-0.137997
-0.12049
-0.102418
-0.0842546
-0.0665302
-0.0498078
-0.0346585
-0.0216236
-0.0111823
-0.00390193
-0.000569268
-0.000143747
-0.000974436
-0.00277946
-0.00536554
-0.00860916
-0.0124244
-0.0167232
-0.0214201
-0.0264361
-0.0316996
-0.0371468
-0.042722
-0.0483774
-0.0540731
-0.0597762
-0.0654608
-0.071107
-0.0767003
-0.0822313
-0.0876944
-0.093088
-0.0984131
-0.103673
-0.108875
-0.114024
-0.119129
-0.124199
-0.129243
-0.134269
-0.139288
-0.144306
-0.14933
-0.154364
-0.159414
-0.164478
-0.169556
-0.174641
-0.179725
-0.184793
-0.189826
-0.194799
-0.199678
-0.204423
-0.208983
-0.213298
-0.217296
-0.220893
-0.223991
-0.226479
-0.228232
-0.229113
-0.228972
-0.227654
-0.224999
-0.220851
-0.215068
-0.20753
-0.198157
-0.186918
-0.17385
-0.159071
-0.142789
-0.125313
-0.107047
-0.0884836
-0.0701879
-0.0527731
-0.0368721
-0.0230947
-0.0119894
-0.00420296
-0.000618652
-0.000140681
-0.000956941
-0.00273268
-0.00527665
-0.00846453
-0.0122081
-0.0164167
-0.0210022
-0.0258832
-0.0309864
-0.0362468
-0.0416077
-0.0470213
-0.0524479
-0.0578556
-0.0632196
-0.0685216
-0.0737491
-0.0788945
-0.0839547
-0.0889302
-0.0938248
-0.0986448
-0.103398
-0.108096
-0.112747
-0.117366
-0.121963
-0.126551
-0.131141
-0.135747
-0.140377
-0.145041
-0.149745
-0.154497
-0.159297
-0.164146
-0.169039
-0.173968
-0.178919
-0.183873
-0.188802
-0.193672
-0.198439
-0.203048
-0.207433
-0.211514
-0.215197
-0.218374
-0.220918
-0.222689
-0.223531
-0.223276
-0.221748
-0.218767
-0.214163
-0.207782
-0.199503
-0.189254
-0.177028
-0.162904
-0.147057
-0.129774
-0.111454
-0.092603
-0.0738174
-0.0557607
-0.0391309
-0.024612
-0.0128297
-0.00451944
-0.000671357
-0.000138344
-0.000944033
-0.0026982
-0.00520976
-0.008352
-0.012033
-0.0161583
-0.0206362
-0.0253822
-0.0303207
-0.035385
-0.0405177
-0.045671
-0.0508056
-0.0558908
-0.0609035
-0.0658271
-0.0706514
-0.0753713
-0.0799862
-0.0844993
-0.0889172
-0.093249
-0.0975059
-0.101701
-0.105848
-0.109962
-0.114058
-0.118153
-0.12226
-0.126397
-0.130575
-0.13481
-0.139111
-0.143488
-0.14795
-0.1525
-0.157139
-0.161864
-0.166667
-0.171536
-0.176449
-0.181379
-0.186288
-0.191129
-0.195842
-0.200354
-0.204576
-0.208403
-0.211712
-0.214361
-0.216191
-0.217024
-0.21667
-0.21493
-0.211604
-0.206505
-0.199471
-0.190382
-0.179184
-0.165907
-0.150686
-0.133777
-0.115564
-0.0965567
-0.0773803
-0.0587468
-0.041422
-0.0261699
-0.0137015
-0.00485129
-0.00072751
-0.000137037
-0.000937583
-0.00268104
-0.00517396
-0.0082852
-0.0119174
-0.0159707
-0.0203487
-0.0249629
-0.0297348
-0.0345958
-0.0394879
-0.044363
-0.0491831
-0.0539188
-0.0585488
-0.0630593
-0.0674426
-0.0716963
-0.075823
-0.0798288
-0.0837235
-0.0875192
-0.0912303
-0.0948727
-0.0984637
-0.102021
-0.105565
-0.109112
-0.112683
-0.116295
-0.119966
-0.123713
-0.127552
-0.131497
-0.135559
-0.139747
-0.144068
-0.148525
-0.153115
-0.157832
-0.162661
-0.167582
-0.172565
-0.17757
-0.182546
-0.187426
-0.19213
-0.196557
-0.200591
-0.204091
-0.206896
-0.208825
-0.209676
-0.209233
-0.20727
-0.203566
-0.197918
-0.190157
-0.180176
-0.167948
-0.153559
-0.137221
-0.119294
-0.100283
-0.080834
-0.0617049
-0.043731
-0.027762
-0.014603
-0.00519842
-0.000787246
-0.000137122
-0.000939811
-0.00268711
-0.00517995
-0.00827999
-0.0118823
-0.0158799
-0.0201699
-0.024659
-0.0292651
-0.0339176
-0.0385576
-0.0431375
-0.0476203
-0.0519789
-0.0561947
-0.0602564
-0.0641599
-0.067906
-0.0715008
-0.0749539
-0.0782785
-0.08149
-0.0846062
-0.0876463
-0.0906309
-0.0935813
-0.0965195
-0.0994676
-0.102448
-0.105482
-0.108591
-0.111796
-0.115117
-0.118571
-0.122174
-0.12594
-0.129882
-0.134006
-0.138317
-0.142814
-0.14749
-0.152332
-0.157318
-0.162415
-0.167582
-0.172761
-0.17788
-0.182847
-0.187552
-0.19186
-0.195613
-0.198628
-0.200696
-0.201587
-0.201053
-0.198844
-0.194712
-0.188441
-0.179863
-0.168892
-0.15555
-0.139998
-0.122556
-0.103715
-0.0841317
-0.0646056
-0.0460419
-0.0293814
-0.0155322
-0.00556076
-0.000850724
-0.000139033
-0.000953363
-0.00272342
-0.00524028
-0.00835493
-0.0119522
-0.0159155
-0.0201341
-0.0245084
-0.0289523
-0.0333926
-0.03777
-0.0420375
-0.0461601
-0.0501133
-0.0538817
-0.057458
-0.0608416
-0.0640376
-0.0670558
-0.06991
-0.0726169
-0.0751958
-0.0776681
-0.0800565
-0.0823847
-0.0846776
-0.0869603
-0.0892582
-0.0915967
-0.094001
-0.0964959
-0.0991056
-0.101853
-0.10476
-0.107848
-0.111134
-0.114635
-0.118365
-0.122332
-0.126542
-0.130996
-0.135687
-0.140602
-0.145718
-0.151
-0.156403
-0.161862
-0.167298
-0.172609
-0.17767
-0.182326
-0.186399
-0.189676
-0.191918
-0.192862
-0.192227
-0.189728
-0.185097
-0.178106
-0.168601
-0.156532
-0.141994
-0.125257
-0.106781
-0.0872228
-0.0674171
-0.0483376
-0.0310206
-0.0164869
-0.00593832
-0.000918134
-0.000143297
-0.000981416
-0.00279835
-0.00536981
-0.00853178
-0.0121554
-0.0161119
-0.0202804
-0.0245539
-0.0288412
-0.033067
-0.0371715
-0.0411091
-0.0448474
-0.0483653
-0.0516517
-0.0547038
-0.0575257
-0.0601272
-0.0625228
-0.0647305
-0.0667715
-0.0686691
-0.0704483
-0.0721355
-0.0737582
-0.0753442
-0.076922
-0.0785202
-0.0801675
-0.0818921
-0.0837222
-0.0856851
-0.0878076
-0.0901153
-0.0926326
-0.0953822
-0.0983848
-0.101659
-0.105219
-0.109078
-0.113241
-0.117711
-0.122481
-0.127538
-0.132858
-0.138404
-0.144124
-0.149951
-0.155793
-0.161535
-0.167036
-0.172121
-0.17658
-0.180172
-0.182619
-0.183618
-0.18285
-0.179997
-0.174768
-0.166936
-0.156372
-0.143092
-0.127297
-0.109403
-0.0900524
-0.070105
-0.0505997
-0.0326721
-0.0174655
-0.0063313
-0.00098972
-0.000150562
-0.00102782
-0.00292192
-0.0055862
-0.00883609
-0.0125249
-0.0165083
-0.0206529
-0.0248428
-0.0289814
-0.0329909
-0.0368116
-0.0404002
-0.0437279
-0.0467782
-0.0495453
-0.0520319
-0.0542478
-0.0562083
-0.0579331
-0.0594454
-0.0607709
-0.0619374
-0.0629739
-0.0639107
-0.0647787
-0.0656092
-0.0664339
-0.0672844
-0.0681925
-0.0691894
-0.0703062
-0.0715736
-0.0730215
-0.0746789
-0.0765739
-0.0787332
-0.0811817
-0.0839424
-0.0870358
-0.0904791
-0.0942856
-0.0984639
-0.103016
-0.107938
-0.113215
-0.118822
-0.124719
-0.130851
-0.13714
-0.143486
-0.149758
-0.155793
-0.161389
-0.166306
-0.17026
-0.172933
-0.173973
-0.173017
-0.169715
-0.163759
-0.154934
-0.143166
-0.12857
-0.111498
-0.0925614
-0.0726323
-0.0528088
-0.0343283
-0.0184663
-0.00674017
-0.00106581
-0.000161633
-0.00109728
-0.00310626
-0.00591055
-0.00929802
-0.0130991
-0.0171498
-0.0213015
-0.0254279
-0.0294265
-0.0332173
-0.0367417
-0.0399596
-0.042847
-0.0453938
-0.0476004
-0.0494766
-0.0510387
-0.0523084
-0.0533117
-0.0540772
-0.0546359
-0.0550203
-0.0552637
-0.0554004
-0.0554648
-0.0554917
-0.0555158
-0.0555717
-0.055694
-0.0559169
-0.0562743
-0.0567995
-0.0575256
-0.0584846
-0.059708
-0.0612259
-0.0630674
-0.0652598
-0.0678282
-0.0707954
-0.0741809
-0.0779999
-0.0822629
-0.0869738
-0.0921285
-0.097713
-0.1037
-0.110049
-0.116696
-0.123556
-0.130515
-0.137424
-0.144095
-0.150293
-0.155737
-0.160097
-0.163
-0.164043
-0.162814
-0.15893
-0.152081
-0.142087
-0.128963
-0.112976
-0.0946863
-0.0749598
-0.0549452
-0.0359823
-0.0194888
-0.0071659
-0.00114683
-0.00017752
-0.00119562
-0.00336613
-0.00636821
-0.00995328
-0.0139226
-0.0180877
-0.0222819
-0.026367
-0.030234
-0.0338018
-0.0370137
-0.0398345
-0.0422472
-0.044249
-0.0458489
-0.0470646
-0.0479203
-0.0484455
-0.0486728
-0.0486372
-0.0483754
-0.0479248
-0.0473234
-0.0466095
-0.0458211
-0.0449963
-0.0441728
-0.0433882
-0.0426795
-0.0420836
-0.041637
-0.0413756
-0.0413349
-0.0415499
-0.0420549
-0.0428835
-0.044068
-0.0456399
-0.0476286
-0.0500621
-0.0529653
-0.0563603
-0.0602648
-0.0646913
-0.0696458
-0.0751252
-0.0811159
-0.0875897
-0.0945009
-0.101781
-0.109334
-0.11703
-0.124696
-0.132114
-0.139008
-0.145048
-0.149845
-0.152963
-0.153938
-0.152309
-0.147667
-0.139717
-0.128356
-0.113742
-0.0963582
-0.0770452
-0.0569884
-0.0376278
-0.0205336
-0.00761015
-0.00123341
-0.000199511
-0.00133005
-0.00371963
-0.00698975
-0.0108442
-0.0150473
-0.0193808
-0.0236563
-0.0277224
-0.0314642
-0.0348
-0.0376774
-0.0400683
-0.0419642
-0.0433725
-0.0443121
-0.0448104
-0.0449014
-0.0446227
-0.0440148
-0.0431198
-0.0419804
-0.0406394
-0.0391395
-0.0375231
-0.0358319
-0.0341071
-0.0323893
-0.0307187
-0.0291348
-0.0276768
-0.0263833
-0.0252925
-0.0244423
-0.0238701
-0.0236127
-0.0237066
-0.0241873
-0.0250898
-0.0264475
-0.0282929
-0.0306564
-0.0335659
-0.0370464
-0.0411185
-0.0457976
-0.0510919
-0.0570003
-0.0635094
-0.07059
-0.0781925
-0.0862408
-0.0946259
-0.103197
-0.111755
-0.12004
-0.127728
-0.134425
-0.139673
-0.142961
-0.143754
-0.141544
-0.135913
-0.126619
-0.11369
-0.0975016
-0.0788432
-0.0589177
-0.0392603
-0.0216028
-0.00807557
-0.0013264
-0.000229263
-0.00150966
-0.0041891
-0.00781227
-0.0120211
-0.0165335
-0.0210952
-0.0254926
-0.0295601
-0.0331777
-0.0362653
-0.0387772
-0.040695
-0.0420222
-0.0427782
-0.0429944
-0.04271
-0.0419696
-0.0408208
-0.0393127
-0.0374949
-0.0354166
-0.0331264
-0.0306717
-0.0280991
-0.0254537
-0.0227799
-0.020121
-0.0175193
-0.0150167
-0.0126541
-0.0104723
-0.00851127
-0.0068109
-0.00541061
-0.00434952
-0.00366642
-0.00339972
-0.00358732
-0.00426648
-0.0054736
-0.00724391
-0.00961103
-0.0126064
-0.0162584
-0.0205915
-0.0256245
-0.0313686
-0.0378251
-0.0449817
-0.0528079
-0.0612495
-0.070221
-0.0795972
-0.0892028
-0.0988013
-0.108084
-0.116664
-0.124068
-0.129752
-0.133116
-0.133553
-0.130516
-0.12361
-0.112702
-0.0980323
-0.0803036
-0.0607118
-0.0408771
-0.0227013
-0.00856627
-0.00142701
-0.000268932
-0.00174597
-0.00480228
-0.00888085
-0.0135437
-0.0184509
-0.0233049
-0.0278637
-0.0319473
-0.0354323
-0.0382435
-0.0403454
-0.0417333
-0.0424257
-0.0424576
-0.041875
-0.0407311
-0.0390829
-0.0369889
-0.0345079
-0.0316976
-0.028614
-0.0253116
-0.0218426
-0.0182576
-0.0146051
-0.0109322
-0.00728469
-0.00370695
-0.000242538
0.0030658
0.00617592
0.00904613
0.0116351
0.0139017
0.0158049
0.017304
0.0183582
0.0189268
0.0189696
0.0184464
0.0173176
0.0155446
0.0130899
0.00991797
0.0059959
0.00129484
-0.00420849
-0.0105294
-0.0176723
-0.0256262
-0.0343592
-0.0438116
-0.053886
-0.0644367
-0.0752561
-0.0860612
-0.0964799
-0.106042
-0.11418
-0.120241
-0.123526
-0.123355
-0.119168
-0.110645
-0.0978543
-0.08137
-0.0623486
-0.0424782
-0.0238372
-0.00908839
-0.00153694
-0.000321364
-0.00205375
-0.0055939
-0.0102506
-0.0154828
-0.0208791
-0.0260908
-0.030845
-0.0349482
-0.038277
-0.0407658
-0.0423943
-0.0431761
-0.0431492
-0.0423675
-0.0408949
-0.0388006
-0.0361556
-0.0330309
-0.0294952
-0.025615
-0.0214536
-0.017071
-0.0125243
-0.00786777
-0.00315321
0.00156989
0.00625383
0.0108524
0.0153208
0.0196149
0.0236914
0.0275076
0.0310208
0.0341888
0.036969
0.0393191
0.0411964
0.042558
0.0433607
0.0435614
0.0431166
0.0419831
0.0401179
0.0374789
0.0340255
0.0297194
0.0245261
0.0184168
0.011371
0.00338051
-0.00554566
-0.015374
-0.0260374
-0.0374232
-0.049359
-0.0615953
-0.0737879
-0.0854824
-0.0961038
-0.104962
-0.111276
-0.114239
-0.113112
-0.107366
-0.0968543
-0.0819762
-0.0638035
-0.0440667
-0.0250232
-0.00965094
-0.00165864
-0.000390368
-0.00245208
-0.00660766
-0.0119886
-0.0179216
-0.0239076
-0.0295389
-0.0345099
-0.0386169
-0.0417424
-0.0438368
-0.0449019
-0.0449756
-0.0441205
-0.0424136
-0.0399399
-0.0367868
-0.0330413
-0.0287873
-0.0241046
-0.0190686
-0.0137496
-0.00821342
-0.00252155
0.00326827
0.00910165
0.014927
0.0206952
0.0263586
0.0318716
0.0371893
0.0422677
0.0470633
0.0515327
0.0556329
0.0593203
0.0625512
0.0652815
0.0674664
0.0690607
0.0700182
0.0702922
0.0698355
0.0686002
0.0665384
0.0636022
0.0597449
0.0549216
0.0490907
0.0422167
0.0342726
0.0252454
0.015142
0.00399807
-0.00810968
-0.0210484
-0.0346103
-0.0484902
-0.0622638
-0.075368
-0.0870931
-0.0965959
-0.102948
-0.10523
-0.102681
-0.0948945
-0.0820405
-0.0650475
-0.0456491
-0.0262784
-0.010267
-0.00179562
-0.000481126
-0.00296598
-0.00789899
-0.0141773
-0.0209577
-0.027635
-0.0337352
-0.0389214
-0.042986
-0.045826
-0.0474175
-0.047793
-0.0470226
-0.0451991
-0.0424275
-0.0388171
-0.0344759
-0.0295082
-0.0240119
-0.0180781
-0.0117909
-0.00522749
0.00154098
0.00844911
0.0154363
0.0224461
0.0294255
0.0363243
0.0430945
0.0496898
0.0560652
0.0621764
0.0679798
0.0734317
0.0784886
0.0831065
0.0872408
0.0908463
0.0938769
0.0962854
0.0980235
0.0990416
0.099289
0.0987136
0.0972622
0.0948807
0.0915146
0.0871095
0.0816124
0.0749736
0.0671487
0.0581035
0.0478186
0.0362985
0.0235821
0.00975916
-0.00501057
-0.0204717
-0.036245
-0.0517987
-0.0664271
-0.0792464
-0.0892253
-0.0952677
-0.0963618
-0.0918013
-0.0814576
-0.0660425
-0.0472353
-0.0276297
-0.0109554
-0.00195297
-0.000600837
-0.00362872
-0.00953871
-0.0169168
-0.0247028
-0.0321646
-0.0387573
-0.0441182
-0.048047
-0.050469
-0.0513987
-0.0509105
-0.0491155
-0.0461442
-0.0421342
-0.0372225
-0.0315398
-0.0252086
-0.0183411
-0.0110397
-0.0033967
0.00450431
0.0125879
0.0207854
0.0290342
0.0372768
0.0454593
0.0535315
0.0614454
0.0691549
0.0766154
0.0837832
0.0906147
0.0970668
0.103096
0.108658
0.113708
0.1182
0.122087
0.125321
0.127851
0.129626
0.130592
0.130693
0.129872
0.128069
0.125223
0.12127
0.116149
0.109795
0.102149
0.0931572
0.0827749
0.0709758
0.0577612
0.0431753
0.0273248
0.0104064
-0.00726037
-0.0251959
-0.0427244
-0.0589509
-0.0727679
-0.0829166
-0.0881263
-0.0873493
-0.0800847
-0.0667335
-0.0488366
-0.029115
-0.0117434
-0.00213823
-0.000759764
-0.00448531
-0.0116181
-0.0203291
-0.0292816
-0.0375963
-0.044658
-0.050091
-0.0537214
-0.0555217
-0.0555621
-0.0539733
-0.0509179
-0.0465714
-0.0411091
-0.0346983
-0.0274941
-0.0196375
-0.0112546
-0.00245817
0.00665216
0.0159879
0.0254702
0.0350288
0.0446002
0.0541265
0.0635545
0.0728347
0.0819199
0.0907654
0.0993275
0.107564
0.115431
0.122888
0.12989
0.136396
0.142359
0.147734
0.152473
0.156528
0.159846
0.162375
0.164057
0.164836
0.164648
0.163431
0.161116
0.157635
0.152914
0.14688
0.139458
0.130577
0.120169
0.108179
0.0945714
0.0793439
0.0625473
0.0443122
0.0248852
0.00467331
-0.0157066
-0.0353835
-0.0532106
-0.0677947
-0.0776111
-0.0812374
-0.077721
-0.0670348
-0.0504622
-0.0307855
-0.0126708
-0.00236281
-0.000973012
-0.00559795
-0.0142555
-0.0245603
-0.034826
-0.0440095
-0.0514367
-0.056744
-0.0598127
-0.0606897
-0.0595236
-0.0565178
-0.0518983
-0.0458932
-0.0387196
-0.0305772
-0.0216453
-0.0120826
-0.00202801
0.00839751
0.0190888
0.0299544
0.0409142
0.0518977
0.0628423
0.0736915
0.0843939
0.0949018
0.10517
0.115156
0.124819
0.134117
0.143009
0.151456
0.159414
0.166842
0.173696
0.17993
0.185497
0.190347
0.194428
0.197686
0.200063
0.201498
0.201927
0.201283
0.199493
0.196481
0.192168
0.18647
0.179302
0.170574
0.160199
0.148096
0.134194
0.118445
0.100843
0.0814482
0.0604228
0.0380817
0.014953
-0.00815719
-0.0301106
-0.0494246
-0.0643449
-0.0730565
-0.0740756
-0.0668069
-0.052109
-0.0327091
-0.013796
-0.00264448
-0.00126371
-0.00705486
-0.0176062
-0.0297821
-0.0414607
-0.051431
-0.0589906
-0.0638316
-0.0659336
-0.0654551
-0.0626503
-0.0578146
-0.0512493
-0.043241
-0.0340512
-0.0239118
-0.0130248
-0.00156383
0.0103228
0.0225088
0.0348869
0.0473655
0.0598659
0.0723201
0.0846682
0.0968572
0.108839
0.12057
0.132008
0.143113
0.153848
0.164174
0.174053
0.183447
0.192315
0.200618
0.208312
0.215354
0.221696
0.22729
0.232083
0.23602
0.239044
0.241092
0.242097
0.241989
0.240694
0.23813
0.234212
0.228848
0.221944
0.213396
0.2031
0.190951
0.176846
0.160695
0.142436
0.122056
0.0996251
0.0753494
0.0496385
0.0231887
-0.00292863
-0.0272057
-0.0477099
-0.0622416
-0.0687185
-0.0658167
-0.0537432
-0.0349717
-0.0152058
-0.00301188
-0.00166886
-0.00898465
-0.0218736
-0.0361852
-0.0492704
-0.0597745
-0.0670305
-0.0708567
-0.0713938
-0.0689587
-0.0639435
-0.0567547
-0.0477785
-0.0373634
-0.0258142
-0.0133911
-0.000313837
0.0132343
0.027101
0.0411599
0.0553062
0.0694523
0.0835247
0.0974609
0.111207
0.124716
0.137944
0.150854
0.163409
0.175574
0.187314
0.198597
0.209386
0.219647
0.229343
0.238436
0.246885
0.254648
0.26168
0.267932
0.273354
0.27789
0.281482
0.284069
0.285582
0.285949
0.285094
0.282932
0.279375
0.274324
0.267677
0.259322
0.249138
0.237001
0.222781
0.206349
0.187591
0.16642
0.142812
0.116851
0.0888009
0.059203
0.0289931
-0.000381089
-0.0268932
-0.0480079
-0.0610071
-0.063671
-0.0552599
-0.0376734
-0.0170313
-0.00351274
-0.0022505
-0.0115802
-0.0273221
-0.0439571
-0.0582315
-0.0687291
-0.0749367
-0.0769078
-0.0750282
-0.0698297
-0.0618751
-0.0516975
-0.0397715
-0.026504
-0.0122355
0.00275423
0.0182376
0.0340307
0.0499858
0.0659838
0.0819289
0.0977434
0.113364
0.128737
0.143818
0.158569
0.172955
0.186945
0.200509
0.213619
0.226246
0.238361
0.249934
0.260934
0.271327
0.28108
0.290154
0.298509
0.306102
0.312888
0.318817
0.323834
0.327883
0.330902
0.332824
0.333576
0.33308
0.331252
0.327999
0.323222
0.316811
0.308647
0.2986
0.286528
0.27228
0.255695
0.236609
0.214868
0.190354
0.163022
0.132969
0.100537
0.0664533
0.0320007
-0.000826034
-0.0292625
-0.0499761
-0.0597062
-0.0564056
-0.0409083
-0.0194691
-0.00422904
-0.00311702
-0.015137
-0.0342826
-0.0532156
-0.0680679
-0.0775539
-0.0815158
-0.0803997
-0.074941
-0.0659448
-0.0541697
-0.0402786
-0.0248257
-0.00826125
0.009056
0.026844
0.0448828
0.0630024
0.0810712
0.098988
0.116674
0.13407
0.151125
0.167804
0.184073
0.199907
0.215281
0.230175
0.244566
0.258435
0.271759
0.284517
0.296683
0.308231
0.319134
0.32936
0.338875
0.347642
0.355622
0.362771
0.369042
0.374384
0.37874
0.382051
0.384251
0.385269
0.385027
0.383442
0.38042
0.37586
0.369652
0.361671
0.351782
0.339831
0.325649
0.30905
0.289831
0.267777
0.24268
0.214368
0.182758
0.147958
0.110416
0.0711274
0.0318888
-0.00448895
-0.0341787
-0.0528071
-0.0566285
-0.0447038
-0.0228088
-0.00530366
-0.00446325
-0.0201106
-0.0431221
-0.0638403
-0.077957
-0.0847029
-0.0845932
-0.0786721
-0.0681348
-0.0541021
-0.0375284
-0.0191844
0.000327481
0.0205472
0.0411289
0.0618159
0.0824197
0.102803
0.122867
0.14254
0.161771
0.180525
0.198777
0.216506
0.233699
0.250344
0.266431
0.281951
0.296893
0.311244
0.324992
0.338121
0.350613
0.362449
0.373604
0.384052
0.393765
0.402709
0.410848
0.418141
0.424546
0.430013
0.43449
0.437919
0.440237
0.441377
0.441262
0.43981
0.436932
0.432527
0.426484
0.418679
0.408974
0.39721
0.383207
0.36676
0.347636
0.325573
0.300283
0.271474
0.238886
0.202371
0.162035
0.118466
0.0730587
0.0283978
-0.0114608
-0.041118
-0.0547969
-0.0488624
-0.0274468
-0.00698339
-0.00664117
-0.0271817
-0.0540952
-0.0750584
-0.0859287
-0.0871465
-0.0803445
-0.0673869
-0.050002
-0.0296135
-0.0073179
0.0160731
0.0399749
0.0639756
0.0877908
0.111228
0.134162
0.15651
0.178225
0.199279
0.219661
0.239366
0.258398
0.276761
0.294461
0.311506
0.3279
0.343646
0.358746
0.373197
0.386995
0.400133
0.412599
0.424379
0.435456
0.445809
0.455413
0.46424
0.472257
0.47943
0.485716
0.491073
0.495451
0.498797
0.501052
0.50215
0.502022
0.500588
0.497763
0.493451
0.487545
0.479923
0.470449
0.458964
0.445285
0.429198
0.41045
0.388744
0.363732
0.335022
0.302189
0.264831
0.222678
0.175804
0.124985
0.0722234
0.0213456
-0.0215905
-0.0486842
-0.0525854
-0.0338199
-0.00967093
-0.010254
-0.0372393
-0.0668255
-0.0844608
-0.087666
-0.0791819
-0.0622523
-0.0396897
-0.0136976
0.0141306
0.0427034
0.071301
0.0994657
0.126919
0.153501
0.179132
0.203781
0.22745
0.250155
0.271928
0.292801
0.31281
0.331989
0.35037
0.367981
0.384847
0.400989
0.416424
0.431163
0.445215
0.458584
0.47127
0.483268
0.494572
0.505168
0.515041
0.524172
0.532536
0.540106
0.546852
0.552736
0.557719
0.561758
0.564804
0.566802
0.567694
0.567415
0.565891
0.563045
0.558785
0.553013
0.545614
0.536457
0.52539
0.512235
0.496777
0.478758
0.457862
0.433706
0.405823
0.373658
0.336583
0.293959
0.245288
0.190539
0.13073
0.0688073
0.0106904
-0.0340547
-0.0536096
-0.042028
-0.013909
-0.0161377
-0.0508528
-0.0786919
-0.0857268
-0.0742044
-0.0504825
-0.0196364
0.0147888
0.0504595
0.0859484
0.120443
0.153522
0.184998
0.214828
0.243045
0.269723
0.294955
0.318839
0.341471
0.362942
0.383334
0.402721
0.421168
0.43873
0.455458
0.471392
0.486567
0.50101
0.514744
0.527785
0.540145
0.551829
0.56284
0.573174
0.582825
0.591782
0.60003
0.607549
0.614317
0.620307
0.625489
0.629828
0.633286
0.63582
0.637383
0.637921
0.637379
0.63569
0.632786
0.628585
0.622998
0.615921
0.607236
0.596803
0.584454
0.569987
0.553152
0.533636
0.511046
0.484879
0.4545
0.419119
0.377785
0.329457
0.273208
0.208725
0.13729
0.0634104
-0.00310973
-0.0463479
-0.0505322
-0.0199785
-0.0246204
-0.0658513
-0.0802549
-0.0636566
-0.0278809
0.0166902
0.0639916
0.110696
0.155131
0.196609
0.234974
0.270337
0.302924
0.333
0.360832
0.386665
0.410718
0.433185
0.45423
0.473997
0.492607
0.510163
0.526753
0.54245
0.557317
0.571406
0.584759
0.597412
0.609392
0.62072
0.631413
0.64148
0.650927
0.659756
0.667963
0.67554
0.682478
0.68876
0.694369
0.699284
0.703478
0.706924
0.709589
0.711438
0.71243
0.712522
0.711665
0.709805
0.706882
0.702829
0.69757
0.691015
0.683063
0.673592
0.662456
0.649474
0.634421
0.617009
0.596865
0.5735
0.546265
0.514299
0.47647
0.431331
0.377152
0.312166
0.235334
0.148149
0.0578805
-0.0183922
-0.0528646
-0.0262208
-0.0312988
-0.0687278
-0.0436744
0.015472
0.0836789
0.150381
0.211696
0.266445
0.314762
0.357325
0.39494
0.42837
0.458281
0.485231
0.509679
0.531998
0.552492
0.571408
0.588949
0.60528
0.620536
0.63483
0.648255
0.660887
0.672791
0.684018
0.694611
0.704605
0.714028
0.7229
0.731239
0.739055
0.746355
0.753141
0.759412
0.765165
0.770391
0.775078
0.779214
0.782782
0.785763
0.788133
0.789868
0.790941
0.79132
0.790972
0.789859
0.787938
0.785164
0.781484
0.776838
0.771157
0.764361
0.756353
0.747016
0.736203
0.723731
0.709358
0.692771
0.673543
0.651096
0.624623
0.592999
0.554647
0.507387
0.448322
0.374028
0.281704
0.172057
0.0556981
-0.0301854
-0.0232111
-0.000660415
0.000352631
0.104333
0.217905
0.312099
0.388125
0.44978
0.500011
0.54135
0.57587
0.605146
0.630341
0.652318
0.671722
0.689037
0.704633
0.718795
0.731744
0.743656
0.754668
0.764894
0.774422
0.783327
0.791667
0.799493
0.806843
0.81375
0.82024
0.826333
0.832045
0.837389
0.842371
0.846998
0.851271
0.85519
0.858752
0.861952
0.864782
0.867233
0.869294
0.870952
0.872192
0.872997
0.87335
0.873229
0.872612
0.871474
0.869789
0.867525
0.864648
0.861118
0.856891
0.851911
0.846116
0.839425
0.83174
0.822933
0.812839
0.801237
0.787824
0.772178
0.753698
0.73151
0.70431
0.670123
0.62591
0.567063
0.48705
0.376958
0.228427
0.0726437
0.0309695
0.292184
0.379306
0.530607
0.64433
0.714297
0.760017
0.792311
0.816128
0.834335
0.848758
0.860546
0.870427
0.878883
0.886244
0.892742
0.898545
0.903778
0.908536
0.912892
0.916901
0.92061
0.924053
0.927259
0.930251
0.933049
0.935666
0.938116
0.940408
0.942549
0.944545
0.9464
0.948116
0.949696
0.95114
0.952446
0.953614
0.95464
0.955523
0.956258
0.95684
0.957264
0.957525
0.957616
0.957529
0.957258
0.956792
0.956124
0.955242
0.954135
0.952791
0.951193
0.949325
0.947166
0.944692
0.941871
0.938665
0.935023
0.93088
0.926146
0.9207
0.91437
0.906908
0.897942
0.886901
0.872863
0.854247
0.828214
0.789432
0.726146
0.611349
0.435853
0.317985
)
;

boundaryField
{
    movingWall
    {
        type            calculated;
        value           uniform 1;
    }
    fixedWalls
    {
        type            calculated;
        value           uniform 0;
    }
    frontAndBack
    {
        type            empty;
    }
}


// ************************************************************************* //
