/*--------------------------------*- C++ -*----------------------------------*\
  =========                 |
  \\      /  F ield         | OpenFOAM: The Open Source CFD Toolbox
   \\    /   O peration     | Website:  https://openfoam.org
    \\  /    A nd           | Version:  dev
     \\/     M anipulation  |
\*---------------------------------------------------------------------------*/
FoamFile
{
    format      ascii;
    class       volScalarField;
    location    "43.2";
    object      Uy;
}
// * * * * * * * * * * * * * * * * * * * * * * * * * * * * * * * * * * * * * //

dimensions      [0 1 -1 0 0 0 0];

internalField   nonuniform List<scalar> 
5184
(
-1.26436e-05
-2.08573e-05
-1.72402e-05
-8.1936e-06
2.67251e-06
1.36214e-05
2.38489e-05
3.30532e-05
4.11146e-05
4.80367e-05
5.38796e-05
5.87285e-05
6.2677e-05
6.5817e-05
6.8233e-05
6.99997e-05
7.11813e-05
7.18305e-05
7.19883e-05
7.16843e-05
7.09379e-05
6.97595e-05
6.8152e-05
6.61124e-05
6.36335e-05
6.07055e-05
5.73179e-05
5.3461e-05
4.91279e-05
4.43153e-05
3.9026e-05
3.32692e-05
2.70619e-05
2.04304e-05
1.34103e-05
6.04724e-06
-1.60253e-06
-9.47256e-06
-1.74863e-05
-2.55578e-05
-3.35927e-05
-4.14892e-05
-4.91403e-05
-5.64348e-05
-6.32601e-05
-6.95042e-05
-7.50584e-05
-7.98195e-05
-8.36931e-05
-8.65953e-05
-8.84556e-05
-8.92188e-05
-8.88467e-05
-8.73194e-05
-8.46368e-05
-8.0818e-05
-7.59025e-05
-6.99491e-05
-6.30356e-05
-5.52579e-05
-4.67301e-05
-3.75852e-05
-2.79783e-05
-1.80922e-05
-8.1527e-06
1.54565e-06
1.0579e-05
1.8311e-05
2.37277e-05
2.51351e-05
1.98488e-05
6.24052e-06
-4.57956e-05
-6.56674e-05
-4.05515e-05
7.63734e-06
6.56942e-05
0.000126021
0.000184335
0.000238394
0.00028706
0.000329886
0.000366831
0.000398082
0.000423953
0.000444812
0.000461036
0.000472984
0.000480978
0.000485292
0.000486152
0.000483729
0.000478143
0.000469472
0.000457754
0.000442998
0.000425192
0.000404314
0.000380337
0.000353245
0.000323039
0.000289746
0.000253426
0.000214183
0.000172165
0.000127576
8.06763e-05
3.17845e-05
-1.87202e-05
-7.03993e-05
-0.000122758
-0.000175248
-0.000227275
-0.000278207
-0.000327382
-0.00037412
-0.000417739
-0.000457561
-0.000492934
-0.000523243
-0.000547928
-0.000566493
-0.000578525
-0.000583706
-0.000581819
-0.000572762
-0.00055655
-0.000533322
-0.000503342
-0.000467001
-0.000424812
-0.000377417
-0.000325585
-0.000270221
-0.000212386
-0.000153333
-9.45732e-05
-3.79863e-05
1.3966e-05
5.79806e-05
8.9463e-05
0.00010191
8.65472e-05
3.64901e-05
-8.12932e-05
-9.50313e-05
-1.91389e-05
0.00010594
0.000254695
0.000410673
0.000563554
0.000707197
0.000838152
0.000954712
0.00105628
0.00114295
0.00121524
0.00127386
0.00131965
0.00135343
0.00137596
0.00138793
0.00138988
0.00138228
0.00136544
0.00133959
0.00130486
0.00126131
0.00120895
0.00114777
0.00107776
0.000998933
0.000911356
0.000815167
0.000710599
0.000597996
0.000477831
0.00035072
0.000217431
7.88852e-05
-6.38353e-05
-0.000209494
-0.000356709
-0.00050396
-0.000649611
-0.000791929
-0.000929111
-0.00105931
-0.00118068
-0.0012914
-0.00138972
-0.00147398
-0.00154269
-0.00159453
-0.0016284
-0.00164347
-0.00163917
-0.00161524
-0.00157176
-0.00150912
-0.00142808
-0.00132974
-0.00121553
-0.00108728
-0.000947159
-0.000797731
-0.000642006
-0.000483517
-0.000326465
-0.000175941
-3.82653e-05
7.85436e-05
0.000164189
0.000205502
0.000186363
9.04202e-05
-9.7773e-05
-7.31789e-05
8.47788e-05
0.000318405
0.0005902
0.000874537
0.00115438
0.00141892
0.0016617
0.00187917
0.00206978
0.00223327
0.00237021
0.00248164
0.00256881
0.00263307
0.0026757
0.00269785
0.0027005
0.00268443
0.00265026
0.0025984
0.00252912
0.00244259
0.00233887
0.00221802
0.00208009
0.00192519
0.00175354
0.00156546
0.0013615
0.00114239
0.000909104
0.00066288
0.000405234
0.000137969
-0.000136825
-0.000416777
-0.00069925
-0.000981366
-0.00126004
-0.001532
-0.00179389
-0.00204225
-0.00227363
-0.00248466
-0.00267207
-0.00283282
-0.00296414
-0.00306359
-0.00312917
-0.00315931
-0.00315301
-0.00310981
-0.00302987
-0.00291396
-0.00276353
-0.00258067
-0.00236814
-0.00212941
-0.00186861
-0.00159065
-0.00130125
-0.00100708
-0.00071596
-0.000437168
-0.000181851
3.63739e-05
0.000200785
0.000290992
0.000282693
0.000147341
-8.44545e-05
2.08519e-05
0.000295468
0.000668138
0.00109104
0.00153026
0.00196235
0.00237182
0.00274894
0.00308808
0.00338646
0.00364326
0.00385894
0.00403474
0.00417233
0.00427351
0.00434009
0.00437372
0.00437581
0.00434753
0.00428981
0.0042033
0.00408845
0.00394556
0.00377483
0.00357641
0.00335048
0.00309732
0.00281738
0.00251132
0.00218009
0.00182495
0.00144757
0.00104999
0.000634694
0.000204607
-0.00023691
-0.000686069
-0.00113868
-0.00159018
-0.0020357
-0.00247013
-0.00288816
-0.00328442
-0.00365351
-0.00399017
-0.00428933
-0.00454626
-0.00475664
-0.00491671
-0.00502335
-0.00507418
-0.00506761
-0.00500296
-0.00488051
-0.00470151
-0.00446823
-0.004184
-0.00385319
-0.00348129
-0.00307485
-0.00264163
-0.00219062
-0.00173223
-0.00127853
-0.000843558
-0.000443815
-9.88681e-05
0.000167936
0.000328862
0.000351173
0.000194225
-3.75697e-05
0.000197344
0.000626982
0.00117057
0.00177213
0.00239079
0.00299748
0.0035724
0.00410268
0.00458057
0.00500198
0.00536542
0.00567113
0.00592048
0.00611544
0.00625829
0.00635131
0.00639662
0.0063961
0.00635132
0.0062635
0.00613359
0.00596225
0.00574994
0.00549704
0.00520385
0.00487076
0.00449829
0.00408721
0.00363862
0.00315399
0.0026353
0.00208502
0.0015062
0.000902483
0.000278134
-0.000361983
-0.00101241
-0.00166714
-0.00231967
-0.00296306
-0.00359004
-0.00419312
-0.00476466
-0.00529707
-0.00578291
-0.00621504
-0.0065868
-0.00689212
-0.00712569
-0.00728313
-0.00736108
-0.00735731
-0.00727089
-0.0071022
-0.00685303
-0.00652661
-0.00612768
-0.00566247
-0.00513877
-0.00456592
-0.0039549
-0.00331844
-0.00267112
-0.00202969
-0.00141333
-0.000844206
-0.000347992
4.53199e-05
0.000300778
0.000377566
0.000224629
4.40703e-05
0.00046131
0.00108725
0.00183511
0.00264299
0.00346464
0.00426641
0.00502482
0.00572428
0.00635508
0.00691191
0.00739259
0.00779714
0.00812699
0.00838441
0.00857206
0.00869269
0.00874889
0.00874296
0.00867687
0.00855218
0.0083701
0.00813155
0.00783719
0.0074876
0.0070833
0.00662493
0.00611335
0.00554974
0.00493571
0.00427342
0.00356563
0.00281581
0.00202816
0.00120768
0.000360132
-0.000507898
-0.00138908
-0.00227535
-0.00315804
-0.0040279
-0.00487527
-0.00569019
-0.00646256
-0.00718232
-0.00783962
-0.00842502
-0.00892971
-0.00934565
-0.00966584
-0.00988444
-0.009997
-0.0100006
-0.0098939
-0.00967744
-0.00935357
-0.00892656
-0.00840268
-0.00779021
-0.00709945
-0.0063428
-0.00553479
-0.00469216
-0.00383402
-0.00298206
-0.00216089
-0.00139846
-0.000726618
-0.000181866
0.000193971
0.000352763
0.000235122
0.000160461
0.00081462
0.00168007
0.00266678
0.00370903
0.00475676
0.00577291
0.00673118
0.00761377
0.0084094
0.00911172
0.00971803
0.0102281
0.0106436
0.0109668
0.011201
0.0113493
0.0114147
0.0113999
0.0113073
0.0111388
0.0108959
0.0105797
0.0101912
0.00973115
0.00920033
0.00859972
0.00793055
0.0071945
0.00639381
0.00553138
0.00461093
0.00363701
0.00261513
0.00155175
0.000454361
-0.000668607
-0.00180775
-0.0029528
-0.00409268
-0.00521565
-0.00630945
-0.00736145
-0.00835885
-0.00928892
-0.0101392
-0.0108977
-0.0115533
-0.0120958
-0.0125163
-0.0128073
-0.0129633
-0.0129803
-0.0128567
-0.0125931
-0.0121923
-0.0116598
-0.0110034
-0.0102335
-0.00936316
-0.008408
-0.00738629
-0.00631906
-0.00523013
-0.00414637
-0.00309795
-0.00211866
-0.00124649
-0.000524252
-1.70347e-07
0.000271194
0.000223995
0.000310969
0.00125718
0.00240639
0.00366745
0.00497257
0.00626939
0.00751863
0.00869207
0.00977037
0.0107412
0.0115974
0.012336
0.0129567
0.0134613
0.0138525
0.0141338
0.0143088
0.0143809
0.0143534
0.0142289
0.0140096
0.0136973
0.0132935
0.0127993
0.0122158
0.011544
0.0107853
0.0099414
0.00901448
0.00800749
0.0069242
0.00576933
0.00454864
0.00326906
0.00193866
0.000566729
-0.000836276
-0.00225875
-0.00368804
-0.00511054
-0.00651182
-0.00787684
-0.00919012
-0.010436
-0.0115988
-0.0126634
-0.0136149
-0.0144398
-0.0151254
-0.0156608
-0.0160368
-0.0162463
-0.0162845
-0.0161493
-0.0158411
-0.0153634
-0.0147226
-0.0139283
-0.012993
-0.0119327
-0.0107662
-0.00951587
-0.00820704
-0.00686847
-0.00553234
-0.00423444
-0.00301447
-0.00191646
-0.000989302
-0.000287171
0.000129746
0.000190599
0.000494694
0.00178776
0.00326535
0.00483674
0.00643359
0.00800258
0.00950333
0.0109066
0.0121923
0.0133475
0.0143648
0.0152411
0.0159763
0.0165724
0.0170325
0.0173606
0.0175607
0.0176367
0.0175922
0.0174302
0.0171532
0.0167634
0.0162624
0.0156517
0.0149325
0.0141064
0.013175
0.0121405
0.0110057
0.00977436
0.00845111
0.00704178
0.00555342
0.00399445
0.00237463
0.000705176
-0.00100134
-0.00273099
-0.00446861
-0.00619793
-0.00790169
-0.00956193
-0.0111602
-0.0126776
-0.0140957
-0.015396
-0.016561
-0.0175742
-0.0184205
-0.0190867
-0.0195616
-0.0198365
-0.0199055
-0.0197657
-0.0194176
-0.0188649
-0.0181151
-0.0171794
-0.0160726
-0.0148134
-0.0134243
-0.0119314
-0.0103648
-0.00875821
-0.00714919
-0.00557925
-0.00409401
-0.00274347
-0.0015824
-0.000670576
-7.3196e-05
0.000134849
0.000710603
0.00240445
0.00425484
0.00617267
0.00809029
0.00995457
0.0117251
0.0133726
0.0148768
0.0162249
0.0174096
0.0184281
0.0192807
0.0199699
0.0204992
0.0208731
0.0210962
0.0211728
0.0211069
0.0209018
0.0205605
0.0200853
0.0194782
0.0187409
0.0178749
0.0168821
0.0157646
0.014525
0.0131668
0.0116946
0.0101139
0.00843176
0.00665647
0.00479804
0.00286801
0.000879557
-0.00115254
-0.00321195
-0.0052809
-0.00734034
-0.0093701
-0.0113491
-0.0132557
-0.015068
-0.016764
-0.0183222
-0.019722
-0.0209437
-0.0219697
-0.0227841
-0.0233735
-0.0237275
-0.0238388
-0.0237036
-0.023322
-0.0226982
-0.0218405
-0.0207616
-0.0194786
-0.018013
-0.0163908
-0.0146423
-0.012802
-0.010909
-0.00900611
-0.0071408
-0.00536458
-0.00373338
-0.00230775
-0.00115283
-0.000338473
5.69141e-05
0.000957615
0.00310495
0.00537198
0.00767216
0.00993952
0.0121222
0.0141807
0.0160864
0.0178199
0.0193688
0.0207267
0.0218914
0.0228638
0.0236469
0.0242452
0.0246637
0.0249074
0.0249812
0.0248895
0.0246361
0.0242242
0.0236564
0.0229349
0.0220617
0.0210387
0.019868
0.0185522
0.0170945
0.0154989
0.0137708
0.0119168
0.00994497
0.00786508
0.00568868
0.00342909
0.00110153
-0.00127699
-0.00368767
-0.00611009
-0.00852232
-0.0109011
-0.0132223
-0.0154609
-0.0175916
-0.019589
-0.0214282
-0.0230851
-0.0245372
-0.0257634
-0.0267451
-0.0274667
-0.0279155
-0.0280826
-0.0279632
-0.0275568
-0.0268676
-0.0259048
-0.0246824
-0.0232198
-0.0215413
-0.0196763
-0.0176592
-0.0155295
-0.0133311
-0.0111128
-0.00892763
-0.0068333
-0.00489169
-0.00316909
-0.00173595
-0.000666649
-4.29892e-05
0.00123464
0.00388671
0.00661336
0.00933129
0.0119771
0.0145011
0.0168655
0.0190434
0.0210167
0.0227742
0.0243107
0.0256251
0.0267192
0.027597
0.0282638
0.0287253
0.0289871
0.0290548
0.0289332
0.0286265
0.0281381
0.027471
0.0266278
0.0256105
0.0244214
0.0230629
0.021538
0.0198504
0.0180049
0.0160075
0.0138658
0.0115891
0.00918849
0.00667707
0.00406998
0.00138446
-0.00136023
-0.0041428
-0.00694011
-0.00972732
-0.0124781
-0.0151649
-0.0177594
-0.0202327
-0.0225558
-0.0247002
-0.0266384
-0.0283439
-0.0297928
-0.0309633
-0.0318367
-0.0323983
-0.032637
-0.0325468
-0.0321262
-0.0313794
-0.0303161
-0.0289516
-0.0273072
-0.02541
-0.0232929
-0.0209947
-0.0185593
-0.0160361
-0.0134795
-0.0109488
-0.00850764
-0.00622406
-0.00417023
-0.00242199
-0.00105837
-0.000164727
0.00154057
0.00474704
0.00797516
0.0111455
0.0141981
0.0170859
0.0197741
0.022238
0.0244613
0.0264351
0.0281554
0.0296228
0.0308404
0.0318135
0.0325481
0.0330511
0.0333288
0.0333873
0.0332319
0.0328673
0.0322974
0.0315252
0.0305536
0.029385
0.0280219
0.0264669
0.0247235
0.0227959
0.0206894
0.0184109
0.0159688
0.0133736
0.0106376
0.00777559
0.00480439
0.00174325
-0.00138632
-0.00456055
-0.00775358
-0.0109376
-0.0140831
-0.0171593
-0.0201341
-0.022975
-0.0256493
-0.0281247
-0.0303695
-0.0323539
-0.03405
-0.0354327
-0.0364802
-0.0371749
-0.0375036
-0.0374582
-0.0370365
-0.0362419
-0.0350844
-0.0335806
-0.0317534
-0.0296327
-0.0272548
-0.0246626
-0.021905
-0.0190367
-0.016118
-0.0132144
-0.0103959
-0.00773682
-0.00531553
-0.00321347
-0.00151462
-0.000308337
0.00187431
0.00568308
0.00945323
0.0131098
0.0165967
0.0198707
0.0229003
0.0256635
0.0281472
0.0303445
0.0322539
0.0338776
0.0352205
0.0362893
0.0370914
0.0376345
0.0379259
0.0379724
0.03778
0.0373537
0.0366977
0.0358156
0.0347101
0.0333841
0.0318403
0.0300816
0.0281117
0.0259354
0.0235585
0.0209886
0.018235
0.0153092
0.0122248
0.00899805
0.00564747
0.00219424
-0.00133791
-0.00492278
-0.00853179
-0.0121342
-0.0156973
-0.0191867
-0.0225669
-0.0258014
-0.0288537
-0.0316871
-0.0342661
-0.0365566
-0.0385268
-0.0401477
-0.041394
-0.0422449
-0.0426844
-0.0427024
-0.0422948
-0.0414645
-0.0402214
-0.0385826
-0.0365729
-0.0342247
-0.0315776
-0.0286787
-0.0255818
-0.0223471
-0.0190412
-0.0157357
-0.0125074
-0.0094373
-0.00661019
-0.00411359
-0.00203689
-0.000474085
0.00223474
0.00669186
0.0110432
0.0152187
0.0191668
0.0228487
0.0262367
0.0293127
0.0320668
0.0344951
0.0365986
0.0383819
0.039852
0.0410172
0.0418864
0.0424686
0.0427721
0.0428044
0.0425722
0.0420811
0.0413355
0.0403393
0.0390956
0.0376073
0.0358774
0.0339091
0.0317064
0.0292742
0.0266191
0.0237492
0.0206747
0.0174078
0.0139636
0.0103594
0.00661557
0.00275501
-0.0011964
-0.00521008
-0.00925478
-0.0132968
-0.0173002
-0.0212272
-0.0250385
-0.0286936
-0.0321517
-0.035372
-0.0383146
-0.0409407
-0.0432143
-0.0451021
-0.0465748
-0.0476078
-0.048182
-0.0482845
-0.0479092
-0.0470577
-0.0457394
-0.043972
-0.0417816
-0.0392028
-0.0362787
-0.0330603
-0.0296065
-0.0259834
-0.0222635
-0.0185255
-0.014853
-0.0113341
-0.00806054
-0.00512647
-0.00262733
-0.000662508
0.00262069
0.00777028
0.0127403
0.0174662
0.0219014
0.0260122
0.0297755
0.0331774
0.0362118
0.0388783
0.0411811
0.0431275
0.0447268
0.0459893
0.0469257
0.0475463
0.0478606
0.0478772
0.0476032
0.0470448
0.0462069
0.0450937
0.0437085
0.0420544
0.0401345
0.0379522
0.0355117
0.0328183
0.0298789
0.0267021
0.0232988
0.0196823
0.0158683
0.0118757
0.00772603
0.00344417
-0.000942077
-0.00540184
-0.00990129
-0.0144038
-0.0188703
-0.0232595
-0.0275281
-0.0316317
-0.035525
-0.0391627
-0.0425001
-0.0454938
-0.0481027
-0.0502889
-0.0520185
-0.0532626
-0.0539984
-0.0542096
-0.0538877
-0.0530323
-0.0516519
-0.0497642
-0.0473964
-0.0445853
-0.0413769
-0.0378265
-0.0339979
-0.0299632
-0.0258015
-0.0215984
-0.0174451
-0.0134373
-0.00967422
-0.00625732
-0.00328881
-0.000874435
0.00303096
0.00891508
0.0145397
0.0198461
0.0247935
0.0293534
0.0335082
0.0372487
0.0405731
0.0434851
0.0459925
0.0481055
0.0498362
0.0511973
0.0522013
0.0528601
0.0531846
0.0531843
0.0528672
0.0522401
0.0513083
0.0500763
0.0485476
0.0467254
0.0446129
0.0422137
0.0395321
0.0365737
0.0333456
0.0298569
0.026119
0.0221457
0.0179538
0.0135632
0.00899687
0.00428114
-0.000554311
-0.00547644
-0.0104489
-0.0154324
-0.0203846
-0.0252605
-0.0300133
-0.0345941
-0.0389532
-0.0430405
-0.0468061
-0.0502014
-0.0531802
-0.0556992
-0.0577193
-0.0592069
-0.0601345
-0.0604821
-0.0602378
-0.0593989
-0.0579722
-0.0559751
-0.0534353
-0.0503914
-0.0468924
-0.0429977
-0.0387762
-0.034306
-0.0296731
-0.0249707
-0.0202979
-0.0157586
-0.0114603
-0.00751248
-0.00402502
-0.00111101
0.00346428
0.0101228
0.0164361
0.0223516
0.0278349
0.0328636
0.0374254
0.0415168
0.0451408
0.0483056
0.0510227
0.0533061
0.0551708
0.0566319
0.0577044
0.0584017
0.0587364
0.0587189
0.0583583
0.0576619
0.0566355
0.0552839
0.0536108
0.0516196
0.0493136
0.0466962
0.043772
0.0405465
0.0370272
0.0332232
0.0291464
0.0248112
0.0202351
0.0154389
0.0104465
0.00528584
-1.18107e-05
-0.00541142
-0.0108744
-0.0163585
-0.0218185
-0.0272059
-0.0324699
-0.0375575
-0.0424141
-0.0469845
-0.0512136
-0.0550471
-0.058433
-0.0613221
-0.0636697
-0.0654366
-0.06659
-0.0671053
-0.0669665
-0.0661677
-0.0647137
-0.0626207
-0.0599166
-0.0566414
-0.0528468
-0.048596
-0.0439634
-0.0390331
-0.0338985
-0.0286607
-0.0234275
-0.0183115
-0.0134294
-0.00889954
-0.00484045
-0.00137372
0.00391933
0.0113899
0.0184239
0.0249757
0.0310176
0.0365334
0.0415173
0.0459715
0.0499044
0.053329
0.0562612
0.0587188
0.0607202
0.0622833
0.0634255
0.0641622
0.0645076
0.0644734
0.0640695
0.0633042
0.0621836
0.0607129
0.0588959
0.0567362
0.0542369
0.0514017
0.0482348
0.044742
0.0409306
0.03681
0.0323921
0.0276918
0.0227271
0.0175193
0.0120934
0.00647841
0.000707096
-0.00518374
-0.0111533
-0.017157
-0.0231464
-0.0290697
-0.0348722
-0.0404964
-0.045883
-0.0509716
-0.0557012
-0.0600116
-0.0638444
-0.0671442
-0.0698596
-0.0719451
-0.0733621
-0.0740802
-0.0740787
-0.0733477
-0.0718889
-0.0697168
-0.0668589
-0.063356
-0.0592623
-0.0546448
-0.0495831
-0.0441677
-0.0384998
-0.0326888
-0.0268519
-0.0211113
-0.0155937
-0.0104274
-0.00574051
-0.00166434
0.00439469
0.0127124
0.0204972
0.0277109
0.0343324
0.040353
0.0457732
0.0506016
0.0548524
0.0585438
0.0616964
0.0643323
0.0664733
0.0681407
0.0693542
0.0701318
0.070489
0.0704391
0.0699933
0.0691602
0.0679469
0.0663586
0.0643994
0.062073
0.0593823
0.056331
0.0529233
0.0491646
0.0450622
0.0406254
0.0358663
0.0307997
0.0254438
0.0198205
0.0139556
0.0078788
0.00162412
-0.00477008
-0.0112611
-0.0178019
-0.0243414
-0.0308244
-0.0371923
-0.0433833
-0.0493332
-0.0549759
-0.0602446
-0.0650727
-0.0693949
-0.0731486
-0.0762756
-0.078723
-0.0804452
-0.0814055
-0.0815774
-0.0809459
-0.079509
-0.0772783
-0.0742803
-0.0705561
-0.0661619
-0.0611684
-0.0556601
-0.0497346
-0.0435007
-0.0370772
-0.030591
-0.0241752
-0.0179671
-0.0121062
-0.00673144
-0.00198504
0.00488888
0.0140863
0.0226499
0.030549
0.0377702
0.0443119
0.0501819
0.0553953
0.0599726
0.0639376
0.0673159
0.0701341
0.072418
0.0741922
0.0754792
0.0762994
0.0766703
0.0766066
0.0761207
0.0752221
0.0739183
0.0722151
0.0701167
0.0676266
0.0647479
0.061484
0.0578387
0.0538174
0.0494269
0.0446764
0.0395777
0.0341456
0.0283983
0.0223579
0.0160504
0.00950636
0.00276062
-0.00414719
-0.0111727
-0.0182668
-0.0253758
-0.0324413
-0.0394009
-0.0461886
-0.0527351
-0.0589688
-0.0648164
-0.0702047
-0.075061
-0.079315
-0.0829006
-0.0857568
-0.0878303
-0.0890767
-0.0894627
-0.0889671
-0.0875831
-0.0853186
-0.0821981
-0.0782623
-0.0735688
-0.0681917
-0.0622206
-0.0557599
-0.0489269
-0.0418499
-0.0346668
-0.027522
-0.0205651
-0.0139475
-0.00782043
-0.00233828
0.00540031
0.0155073
0.0248753
0.0334817
0.0413209
0.048399
0.0547313
0.0603401
0.0652521
0.0694972
0.0731065
0.0761112
0.0785413
0.080425
0.0817881
0.0826532
0.08304
0.082965
0.0824415
0.0814803
0.0800895
0.078275
0.0760414
0.0733921
0.0703301
0.0668584
0.0629806
0.0587016
0.0540278
0.048968
0.0435335
0.0377389
0.0316021
0.025145
0.0183939
0.0113794
0.00413716
-0.00329233
-0.0108633
-0.018525
-0.0262211
-0.0338905
-0.0414672
-0.0488808
-0.0560571
-0.0629187
-0.069386
-0.0753783
-0.0808155
-0.0856188
-0.0897132
-0.0930291
-0.0955041
-0.0970852
-0.0977308
-0.0974127
-0.0961177
-0.0938491
-0.0906281
-0.0864943
-0.081506
-0.0757402
-0.0692916
-0.0622713
-0.0548055
-0.0470329
-0.0391029
-0.0311726
-0.0234047
-0.0159642
-0.00901554
-0.0027269
0.00592731
0.0169709
0.0271666
0.0365001
0.044974
0.0526026
0.059409
0.0654225
0.070677
0.0752085
0.0790539
0.0822492
0.084829
0.0868253
0.0882671
0.0891798
0.0895853
0.0895019
0.0889443
0.0879242
0.0864503
0.0845292
0.0821655
0.0793625
0.0761232
0.07245
0.0683463
0.0638163
0.0588658
0.053503
0.0477387
0.0415867
0.0350645
0.0281937
0.0210002
0.0135147
0.00577301
-0.00218372
-0.0103088
-0.0185498
-0.0268486
-0.0351414
-0.0433589
-0.0514264
-0.0592649
-0.0667912
-0.0739191
-0.0805605
-0.0866269
-0.0920307
-0.0966874
-0.100518
-0.103449
-0.105418
-0.106374
-0.10628
-0.105116
-0.102878
-0.0995838
-0.0952702
-0.0899956
-0.0838392
-0.0769003
-0.0692973
-0.0611652
-0.0526538
-0.043925
-0.0351496
-0.0265048
-0.0181704
-0.0103257
-0.00315406
0.00646811
0.0184723
0.0295164
0.0395948
0.0487187
0.0569106
0.0642015
0.0706287
0.0762329
0.0810568
0.085143
0.088533
0.091266
0.093378
0.0949015
0.0958647
0.0962921
0.0962036
0.0956157
0.0945409
0.0929889
0.0909666
0.0884788
0.0855289
0.0821193
0.0782524
0.0739307
0.0691579
0.0639392
0.0582817
0.0521954
0.0456934
0.0387925
0.0315133
0.0238813
0.0159269
0.00768562
-0.00080111
-0.009486
-0.0183156
-0.0272301
-0.0361633
-0.0450429
-0.0537905
-0.0623222
-0.070549
-0.0783783
-0.0857141
-0.0924592
-0.0985167
-0.103792
-0.108194
-0.11164
-0.114055
-0.115379
-0.115562
-0.114576
-0.11241
-0.109076
-0.104606
-0.0990581
-0.092513
-0.0850742
-0.0768669
-0.0680354
-0.0587414
-0.0491601
-0.0394772
-0.0298856
-0.0205816
-0.0117609
-0.00362328
0.00702087
0.0200065
0.0319172
0.0427563
0.0525435
0.06131
0.0690952
0.075944
0.0819045
0.0870262
0.0913579
0.0949465
0.097836
0.100067
0.101675
0.102692
0.103144
0.103055
0.102441
0.101316
0.0996913
0.097574
0.0949689
0.0918795
0.088308
0.0842561
0.0797259
0.0747202
0.0692431
0.0633011
0.0569029
0.0500606
0.0427897
0.0351102
0.0270464
0.018628
0.00989005
0.000873708
-0.00837357
-0.0177977
-0.0273376
-0.0369253
-0.0464857
-0.0559371
-0.0651908
-0.0741525
-0.0827227
-0.0907979
-0.0982718
-0.105038
-0.110989
-0.116025
-0.120049
-0.122974
-0.124725
-0.125245
-0.124492
-0.122446
-0.119111
-0.114515
-0.108712
-0.101785
-0.0938401
-0.0850093
-0.0754468
-0.0653261
-0.0548369
-0.0441811
-0.033569
-0.0232146
-0.0133317
-0.00413841
0.00758365
0.0215684
0.0343612
0.0459744
0.0564366
0.0657877
0.0740756
0.0813531
0.0876759
0.0931004
0.0976817
0.101472
0.104522
0.106874
0.10857
0.109644
0.110125
0.110038
0.109402
0.108233
0.106541
0.104336
0.101621
0.0984003
0.0946759
0.090449
0.0857208
0.0804933
0.0747696
0.0685549
0.0618568
0.0546859
0.0470566
0.0389873
0.0305013
0.0216269
0.0123984
0.00285625
-0.00695243
-0.0169734
-0.0271448
-0.0373974
-0.0476539
-0.0578294
-0.0678311
-0.0775596
-0.0869087
-0.095767
-0.104019
-0.111549
-0.118237
-0.12397
-0.128638
-0.13214
-0.134389
-0.13531
-0.134851
-0.13298
-0.12969
-0.125005
-0.118973
-0.111676
-0.103224
-0.0937535
-0.0834298
-0.0724387
-0.0609852
-0.0492887
-0.0375782
-0.0260874
-0.0150498
-0.00470365
0.00815447
0.0231527
0.0368403
0.0492388
0.0603858
0.07033
0.0791277
0.0868401
0.0935304
0.099262
0.104097
0.108093
0.111305
0.113782
0.115568
0.116702
0.117215
0.117134
0.116482
0.115273
0.113521
0.111233
0.108417
0.105074
0.101207
0.0968155
0.0919009
0.086464
0.0805068
0.074033
0.0670488
0.0595633
0.0515893
0.0431436
0.0342477
0.0249286
0.0152192
0.00515873
-0.00520645
-0.0158225
-0.0266274
-0.0375512
-0.0485148
-0.0594307
-0.0702028
-0.0807265
-0.0908896
-0.100573
-0.109652
-0.118
-0.125486
-0.131982
-0.137364
-0.141516
-0.144334
-0.145729
-0.145632
-0.143999
-0.140811
-0.13608
-0.129852
-0.122204
-0.113248
-0.103127
-0.0920151
-0.0801108
-0.0676359
-0.0548284
-0.0419377
-0.0292191
-0.0169277
-0.00532354
0.00873129
0.0247539
0.0393461
0.0525389
0.0643786
0.0749228
0.0842364
0.0923887
0.0994508
0.105493
0.110584
0.114788
0.118166
0.12077
0.122649
0.123845
0.124394
0.124323
0.123658
0.122415
0.120608
0.118246
0.115336
0.11188
0.107881
0.103337
0.0982482
0.0926154
0.0864389
0.0797211
0.0724665
0.0646824
0.0563798
0.0475735
0.0382832
0.028534
0.0183568
0.00778946
-0.00312315
-0.014328
-0.0257638
-0.0373601
-0.0490371
-0.0607052
-0.0722653
-0.0836086
-0.094617
-0.105164
-0.115117
-0.124336
-0.13268
-0.140006
-0.146175
-0.151053
-0.154519
-0.156467
-0.156809
-0.155484
-0.152461
-0.14774
-0.141356
-0.133384
-0.123935
-0.113157
-0.101232
-0.0883741
-0.0748205
-0.0608296
-0.0466733
-0.0326301
-0.0189786
-0.00600297
0.00931202
0.0263664
0.0418704
0.0558639
0.0684022
0.0795518
0.0893859
0.0979822
0.105419
0.111775
0.117125
0.12154
0.125084
0.127817
0.129791
0.131052
0.131639
0.131582
0.130908
0.129635
0.12778
0.125351
0.122356
0.118797
0.114675
0.10999
0.104741
0.0989265
0.0925461
0.0856006
0.0780928
0.0700281
0.0614151
0.0522668
0.0426005
0.032439
0.021811
0.0107522
-0.000694296
-0.0124771
-0.0245359
-0.0368008
-0.0491919
-0.0616183
-0.0739787
-0.0861606
-0.0980409
-0.109487
-0.120355
-0.130498
-0.13976
-0.147983
-0.155012
-0.160696
-0.164894
-0.167478
-0.168342
-0.167407
-0.164622
-0.159973
-0.153485
-0.145224
-0.135301
-0.123866
-0.11111
-0.0972596
-0.0825706
-0.0673228
-0.0518118
-0.0363416
-0.0212167
-0.00674715
0.00989459
0.0279848
0.0444047
0.0592031
0.0724441
0.0842027
0.0945606
0.103604
0.111418
0.11809
0.1237
0.128326
0.132038
0.134901
0.136972
0.138299
0.138926
0.138885
0.138206
0.136909
0.135011
0.132522
0.129449
0.125796
0.121563
0.116749
0.111353
0.105372
0.0988042
0.0916486
0.0839062
0.0755803
0.0666776
0.0572082
0.047187
0.0366343
0.0255761
0.0140456
0.00208341
-0.0102612
-0.0229298
-0.0358537
-0.0489534
-0.0621381
-0.0753047
-0.0883382
-0.101111
-0.113484
-0.125308
-0.136421
-0.146657
-0.155845
-0.163809
-0.17038
-0.175396
-0.178708
-0.180186
-0.179729
-0.177265
-0.172762
-0.166231
-0.157728
-0.147359
-0.135275
-0.121675
-0.106797
-0.0909181
-0.0743386
-0.0573806
-0.0403759
-0.0236568
-0.00756165
0.0104769
0.0296036
0.0469407
0.0625458
0.0764915
0.088861
0.0997446
0.109236
0.117429
0.124417
0.130288
0.135125
0.139006
0.141999
0.144167
0.145562
0.14623
0.146208
0.145526
0.144209
0.142273
0.13973
0.136587
0.132849
0.128515
0.123585
0.118055
0.111923
0.105185
0.0978373
0.0898801
0.0813144
0.072144
0.0623768
0.0520248
0.0411052
0.0296412
0.0176628
0.00520781
-0.00767737
-0.0209367
-0.0345037
-0.0483002
-0.062236
-0.0762078
-0.0900986
-0.103778
-0.117101
-0.129911
-0.142038
-0.153302
-0.163517
-0.17249
-0.180032
-0.185957
-0.190092
-0.192282
-0.1924
-0.190351
-0.18608
-0.179579
-0.170892
-0.160114
-0.147399
-0.132949
-0.117016
-0.0998937
-0.081908
-0.0634082
-0.0447561
-0.0263145
-0.00845235
0.011057
0.0312173
0.0494702
0.0658816
0.080532
0.0935128
0.104922
0.114862
0.123434
0.130737
0.136868
0.141917
0.145965
0.149087
0.151351
0.152813
0.153523
0.153521
0.152839
0.151504
0.149534
0.146942
0.143737
0.139922
0.135499
0.130464
0.124815
0.118546
0.111654
0.104135
0.0959835
0.0872002
0.0777863
0.0677466
0.0570902
0.0458311
0.0339891
0.0215909
0.00867073
-0.00472835
-0.0185535
-0.0327412
-0.0472155
-0.061888
-0.0766559
-0.0914019
-0.105993
-0.120281
-0.134103
-0.147279
-0.159619
-0.17092
-0.180974
-0.189569
-0.196495
-0.201553
-0.204561
-0.205361
-0.20383
-0.199888
-0.193503
-0.184702
-0.173568
-0.160249
-0.144952
-0.127941
-0.109527
-0.0900616
-0.0699231
-0.0495059
-0.029206
-0.00942546
0.0116329
0.0328208
0.0519855
0.0692003
0.0845535
0.0981441
0.110078
0.120465
0.129413
0.137031
0.14342
0.148677
0.152891
0.156141
0.158499
0.160027
0.160777
0.160794
0.160114
0.158763
0.156762
0.154127
0.150865
0.146982
0.142477
0.137349
0.131594
0.125205
0.118177
0.110504
0.10218
0.093203
0.0835709
0.0732859
0.0623539
0.0507854
0.0385968
0.0258108
0.0124577
-0.0014234
-0.0157835
-0.0305627
-0.0456887
-0.0610753
-0.076622
-0.0922121
-0.107712
-0.122971
-0.13782
-0.152073
-0.165529
-0.177971
-0.189173
-0.198901
-0.206922
-0.213006
-0.216941
-0.218538
-0.21764
-0.214136
-0.207967
-0.199135
-0.18771
-0.173828
-0.157699
-0.139596
-0.119847
-0.0988294
-0.076954
-0.0546495
-0.0323481
-0.0104875
0.0122027
0.0344094
0.0544791
0.0724925
0.0885446
0.102742
0.115198
0.126028
0.135351
0.143279
0.149923
0.155385
0.15976
0.163134
0.165583
0.167173
0.167962
0.167997
0.167317
0.165951
0.163922
0.161246
0.157933
0.153988
0.149411
0.144201
0.138352
0.131858
0.124711
0.116904
0.10843
0.0992832
0.0894593
0.0789577
0.0677809
0.0559359
0.043435
0.0302969
0.0165476
0.00222154
-0.0126368
-0.0279718
-0.0437155
-0.0597858
-0.076085
-0.0924986
-0.108894
-0.125119
-0.141001
-0.15635
-0.170954
-0.184583
-0.196994
-0.207932
-0.217138
-0.224352
-0.22933
-0.231845
-0.231705
-0.228761
-0.222921
-0.214159
-0.202521
-0.188133
-0.171198
-0.151997
-0.130877
-0.10824
-0.0845294
-0.0602116
-0.0357581
-0.0116452
0.0127649
0.0359786
0.0569445
0.0757494
0.0924948
0.107294
0.120266
0.131536
0.141228
0.149462
0.156355
0.162017
0.166548
0.17004
0.172575
0.174224
0.175048
0.175098
0.174415
0.173033
0.170977
0.168262
0.164901
0.1609
0.156259
0.150976
0.145046
0.138461
0.131213
0.123292
0.114689
0.105397
0.0954085
0.0847202
0.0733311
0.0612444
0.0484684
0.0350174
0.0209125
0.00618353
-0.00913044
-0.0249791
-0.0412994
-0.0580144
-0.0750306
-0.0922373
-0.109504
-0.12668
-0.143591
-0.160042
-0.175814
-0.190667
-0.20434
-0.216559
-0.227037
-0.235485
-0.241622
-0.245183
-0.245934
-0.243684
-0.238302
-0.229725
-0.217972
-0.203148
-0.18545
-0.16516
-0.14264
-0.11832
-0.0926769
-0.0662169
-0.0394536
-0.0129058
0.0133179
0.0375247
0.0593758
0.0789633
0.0963944
0.111788
0.125271
0.136975
0.147029
0.155562
0.162697
0.168551
0.173231
0.176834
0.179448
0.181148
0.182001
0.182061
0.181373
0.179972
0.177887
0.175134
0.171729
0.167675
0.162977
0.15763
0.15163
0.144967
0.137633
0.129617
0.120908
0.111496
0.101371
0.0905267
0.078959
0.0666674
0.0536559
0.0399341
0.0255182
0.0104326
-0.0052892
-0.0216029
-0.0384515
-0.055764
-0.0734526
-0.0914117
-0.109515
-0.127614
-0.145537
-0.163085
-0.180034
-0.196134
-0.211113
-0.224673
-0.236505
-0.246288
-0.253702
-0.25844
-0.260224
-0.258814
-0.254033
-0.245774
-0.23402
-0.218851
-0.200447
-0.179089
-0.155154
-0.129094
-0.101423
-0.0726897
-0.0434528
-0.0142765
0.0138606
0.0390444
0.061768
0.0821277
0.100235
0.116216
0.130201
0.142329
0.152737
0.16156
0.168928
0.174965
0.179784
0.183489
0.186172
0.187916
0.188789
0.188852
0.188153
0.18673
0.184612
0.181821
0.178371
0.174269
0.169517
0.164115
0.158054
0.151327
0.143923
0.135831
0.127036
0.117528
0.107295
0.0963264
0.084615
0.0721566
0.058951
0.045003
0.0303239
0.0149321
-0.00114496
-0.0178694
-0.0351912
-0.053046
-0.0713534
-0.0900142
-0.108908
-0.127891
-0.146794
-0.165419
-0.18354
-0.200901
-0.217214
-0.232167
-0.245425
-0.256637
-0.265443
-0.271493
-0.274457
-0.274044
-0.27002
-0.26223
-0.25061
-0.235204
-0.216171
-0.193785
-0.168431
-0.140584
-0.110794
-0.0796543
-0.0477738
-0.0157649
0.0143921
0.0405354
0.0641175
0.0852376
0.104011
0.120568
0.135046
0.147588
0.158339
0.16744
0.17503
0.181237
0.186183
0.189978
0.192719
0.194495
0.195379
0.195436
0.194717
0.193265
0.191111
0.188278
0.184783
0.180633
0.175833
0.17038
0.164268
0.157489
0.15003
0.141878
0.13302
0.123441
0.113127
0.102065
0.0902453
0.0776592
0.0643024
0.050175
0.0352829
0.0196386
0.00326321
-0.0138125
-0.031546
-0.0498809
-0.0687447
-0.0880463
-0.107673
-0.127488
-0.147327
-0.166996
-0.186269
-0.204884
-0.222548
-0.238931
-0.253676
-0.266402
-0.276711
-0.284205
-0.288502
-0.28925
-0.286155
-0.279
-0.267668
-0.252157
-0.232593
-0.209238
-0.182476
-0.152805
-0.120811
-0.087134
-0.0524347
-0.0173787
0.0149119
0.0419966
0.0664223
0.0882898
0.107718
0.124839
0.139797
0.15274
0.163821
0.173187
0.180983
0.187347
0.192405
0.196274
0.19906
0.200854
0.201737
0.201776
0.201028
0.199538
0.19734
0.194461
0.190918
0.186721
0.181874
0.176376
0.170221
0.163399
0.155898
0.147704
0.138802
0.129176
0.118809
0.107686
0.095793
0.0831188
0.0696546
0.0553959
0.0403432
0.024503
0.00788957
-0.00947353
-0.0275518
-0.0462976
-0.0656475
-0.0855198
-0.105811
-0.126394
-0.147111
-0.167775
-0.188162
-0.208012
-0.227024
-0.244858
-0.261137
-0.27545
-0.287364
-0.296432
-0.302213
-0.304294
-0.302311
-0.295977
-0.285107
-0.269645
-0.249673
-0.225427
-0.197288
-0.165771
-0.131495
-0.0951509
-0.0574535
-0.0191259
0.01542
0.0434278
0.0686819
0.0912833
0.111352
0.129024
0.144448
0.157779
0.169173
0.178787
0.186772
0.193274
0.198426
0.202353
0.205165
0.206961
0.207827
0.207835
0.207045
0.205507
0.203257
0.200325
0.19673
0.192484
0.187591
0.18205
0.175858
0.169003
0.161473
0.153253
0.144327
0.134676
0.124283
0.113129
0.101199
0.0884762
0.074949
0.060608
0.0454483
0.0294706
0.0126823
-0.0049007
-0.0232523
-0.0423341
-0.0620927
-0.0824569
-0.103334
-0.124608
-0.146131
-0.167725
-0.189174
-0.21022
-0.23056
-0.249847
-0.267689
-0.283648
-0.297256
-0.308018
-0.315436
-0.319025
-0.318347
-0.313033
-0.302823
-0.287587
-0.267354
-0.242322
-0.212858
-0.179488
-0.142864
-0.103726
-0.062848
-0.0210144
0.0159169
0.0448303
0.0708982
0.0942197
0.114915
0.133124
0.148998
0.162697
0.174385
0.184227
0.192381
0.198999
0.204224
0.208187
0.211005
0.212785
0.213615
0.213575
0.212729
0.211129
0.208818
0.205824
0.202171
0.197871
0.192931
0.187351
0.181126
0.174246
0.166698
0.158467
0.149535
0.139882
0.129489
0.118335
0.106402
0.0936704
0.0801245
0.0657504
0.0505382
0.0344826
0.0175843
-0.000148464
-0.0186983
-0.0380365
-0.0581203
-0.0788899
-0.100265
-0.122142
-0.144387
-0.166832
-0.189271
-0.211454
-0.233083
-0.253805
-0.273218
-0.290863
-0.306239
-0.318806
-0.328004
-0.333278
-0.334105
-0.330027
-0.320691
-0.305885
-0.285565
-0.259878
-0.229166
-0.193957
-0.154931
-0.112878
-0.0686353
-0.0230525
0.0164037
0.0462073
0.0730753
0.0971033
0.118411
0.13714
0.153444
0.167492
0.179452
0.189497
0.197795
0.204504
0.209777
0.213751
0.216552
0.218292
0.219066
0.218959
0.218039
0.216363
0.213976
0.210911
0.207192
0.202834
0.197845
0.192225
0.185971
0.179073
0.171518
0.163289
0.154368
0.144735
0.134367
0.123243
0.111341
0.0986391
0.0851182
0.07076
0.0555498
0.0394765
0.0225342
0.00472343
-0.0139471
-0.0334585
-0.0537791
-0.0748615
-0.096639
-0.119021
-0.14189
-0.165091
-0.188434
-0.211678
-0.234533
-0.25665
-0.27762
-0.29697
-0.314168
-0.328632
-0.339745
-0.346876
-0.349411
-0.346795
-0.33857
-0.324422
-0.304219
-0.278037
-0.246181
-0.209169
-0.167704
-0.122624
-0.0748321
-0.0252482
0.0168823
0.0475636
0.0752202
0.0999421
0.121847
0.141077
0.157792
0.172164
0.18437
0.19459
0.203002
0.209773
0.215064
0.219021
0.221777
0.22345
0.224145
0.223948
0.222935
0.221165
0.218688
0.215539
0.211744
0.207322
0.20228
0.196621
0.190341
0.183431
0.175877
0.167663
0.15877
0.149176
0.138858
0.127792
0.115954
0.10332
0.0898668
0.0755728
0.0604185
0.0443874
0.0274672
0.00965094
-0.00906124
-0.0286603
-0.049126
-0.0704235
-0.0925003
-0.115282
-0.138665
-0.162516
-0.186657
-0.210867
-0.234866
-0.258314
-0.280802
-0.301848
-0.3209
-0.337335
-0.350481
-0.359632
-0.36408
-0.363161
-0.3563
-0.343063
-0.323208
-0.296726
-0.263861
-0.225108
-0.181186
-0.132978
-0.081454
-0.0276097
0.0173555
0.0489066
0.0773435
0.102748
0.125235
0.144947
0.162048
0.176716
0.189137
0.1995
0.207992
0.21479
0.220065
0.223971
0.22665
0.228228
0.228814
0.228503
0.227374
0.225491
0.222907
0.21966
0.21578
0.211285
0.206187
0.200486
0.194182
0.187264
0.17972
0.171533
0.162683
0.153148
0.142902
0.131922
0.12018
0.107651
0.0943071
0.0801245
0.065079
0.049149
0.0323163
0.0145668
-0.00410768
-0.0237078
-0.0442246
-0.0656361
-0.0879046
-0.110972
-0.134753
-0.159132
-0.183954
-0.209014
-0.234053
-0.258744
-0.282685
-0.305394
-0.326301
-0.344757
-0.360034
-0.371353
-0.377912
-0.37893
-0.373699
-0.36165
-0.342409
-0.315854
-0.282149
-0.241749
-0.195375
-0.143951
-0.088516
-0.0301451
0.0178269
0.0502463
0.0794592
0.105537
0.128591
0.148764
0.166224
0.181156
0.193756
0.204224
0.212755
0.219541
0.224759
0.228577
0.231143
0.232591
0.233038
0.232585
0.231315
0.229298
0.226588
0.223229
0.219251
0.214675
0.209514
0.20377
0.197442
0.190521
0.182995
0.174846
0.166053
0.156595
0.146444
0.135575
0.12396
0.111571
0.098377
0.0843513
0.0694659
0.0536945
0.0370133
0.0194017
0.000843534
-0.0186712
-0.0391443
-0.0605669
-0.0829159
-0.10615
-0.130203
-0.154981
-0.18035
-0.206131
-0.232084
-0.257905
-0.283207
-0.307514
-0.330251
-0.350745
-0.368225
-0.381843
-0.3907
-0.393893
-0.390571
-0.380008
-0.361676
-0.335313
-0.300975
-0.259056
-0.210261
-0.155551
-0.0960317
-0.0328628
0.0183017
0.0515957
0.0815864
0.108332
0.131939
0.152549
0.170337
0.185496
0.198233
0.208759
0.217285
0.22401
0.229128
0.232813
0.235225
0.236505
0.236779
0.236153
0.234715
0.232539
0.229685
0.226197
0.222108
0.217442
0.212211
0.206422
0.200071
0.193151
0.185649
0.177548
0.168827
0.159462
0.149428
0.138696
0.127237
0.115021
0.102016
0.0881908
0.0735148
0.0579574
0.0414899
0.0240854
0.00572049
-0.0136235
-0.033959
-0.0552893
-0.077606
-0.100885
-0.125079
-0.150118
-0.17589
-0.202244
-0.228968
-0.255783
-0.282326
-0.308135
-0.332641
-0.355159
-0.374883
-0.390904
-0.402229
-0.407829
-0.4067
-0.397941
-0.380842
-0.354974
-0.320252
-0.276979
-0.225829
-0.167783
-0.104014
-0.035771
0.0187863
0.052972
0.0837492
0.11116
0.135305
0.156327
0.174407
0.18975
0.202575
0.213108
0.221573
0.228186
0.23315
0.236653
0.238864
0.239936
0.239998
0.239164
0.237529
0.23517
0.232149
0.228515
0.224302
0.219536
0.21423
0.208391
0.202018
0.195102
0.187632
0.179589
0.170953
0.161699
0.151802
0.141231
0.129956
0.117945
0.105165
0.0915824
0.077163
0.0618728
0.0456784
0.0285476
0.0104505
-0.00863978
-0.0287453
-0.0498811
-0.0720528
-0.0952525
-0.119454
-0.144608
-0.170632
-0.197399
-0.224733
-0.252383
-0.280018
-0.307203
-0.333383
-0.357873
-0.379846
-0.39834
-0.412278
-0.420504
-0.421853
-0.41523
-0.39972
-0.374688
-0.339876
-0.29546
-0.242054
-0.180647
-0.112474
-0.0388779
0.0192889
0.0543966
0.0859782
0.114057
0.138726
0.160131
0.178463
0.193939
0.206795
0.217273
0.225615
0.232053
0.236804
0.240069
0.242029
0.242844
0.242653
0.241576
0.239712
0.237143
0.233934
0.230135
0.225785
0.220909
0.215522
0.209631
0.203235
0.196327
0.188895
0.18092
0.172382
0.163256
0.153514
0.143127
0.132063
0.120288
0.107769
0.094468
0.0803499
0.0653772
0.0495127
0.0327194
0.0149614
-0.00379523
-0.0235813
-0.0444228
-0.0663383
-0.0893361
-0.113409
-0.138531
-0.164645
-0.191657
-0.219422
-0.247729
-0.276284
-0.304685
-0.332408
-0.358778
-0.382963
-0.403964
-0.420627
-0.431677
-0.435781
-0.431638
-0.418097
-0.394284
-0.359722
-0.314421
-0.258902
-0.194139
-0.121423
-0.0421922
0.0198199
0.0558965
0.0883116
0.117066
0.142245
0.164002
0.182537
0.198086
0.210905
0.221257
0.229404
0.235596
0.240066
0.243031
0.244682
0.24519
0.244701
0.243341
0.241215
0.238407
0.234987
0.231007
0.226506
0.22151
0.216036
0.21009
0.203673
0.196778
0.189391
0.181494
0.173067
0.164084
0.154517
0.144336
0.133509
0.122
0.109773
0.0967922
0.0830177
0.0684101
0.052929
0.0365333
0.0191822
0.0008355
-0.0185454
-0.0389961
-0.0605472
-0.0832219
-0.107032
-0.131971
-0.158011
-0.18509
-0.213098
-0.241867
-0.271144
-0.300573
-0.329668
-0.357785
-0.384101
-0.407597
-0.427058
-0.4411
-0.448223
-0.446907
-0.435739
-0.413566
-0.379647
-0.333774
-0.276332
-0.208253
-0.13087
-0.0457229
0.0203924
0.0575052
0.0907962
0.12024
0.145917
0.167986
0.186667
0.202218
0.214921
0.225063
0.232931
0.238795
0.242909
0.245503
0.246782
0.246927
0.246092
0.244408
0.241985
0.238912
0.235258
0.231079
0.226413
0.221289
0.215723
0.209722
0.203286
0.196408
0.189073
0.181266
0.172963
0.164139
0.154766
0.144812
0.134246
0.12303
0.111129
0.0985024
0.0851113
0.0709136
0.0558661
0.0399247
0.0230444
0.00517971
-0.0137145
-0.0336823
-0.0547649
-0.0769987
-0.100412
-0.125021
-0.150823
-0.177785
-0.205839
-0.234857
-0.264638
-0.294877
-0.32514
-0.354828
-0.383145
-0.409074
-0.431359
-0.448522
-0.458903
-0.460757
-0.452385
-0.432315
-0.399484
-0.353412
-0.294292
-0.222977
-0.140827
-0.0494798
0.0210227
0.0592644
0.0934897
0.123644
0.149803
0.17214
0.190898
0.206367
0.218858
0.228693
0.236184
0.241628
0.2453
0.247445
0.248284
0.248005
0.246772
0.244722
0.241967
0.238599
0.23469
0.230295
0.225454
0.220195
0.214534
0.208478
0.202026
0.19517
0.187898
0.18019
0.172025
0.163376
0.154216
0.144511
0.134229
0.123334
0.111787
0.0995491
0.0865789
0.072833
0.0582663
0.0428322
0.0264825
0.00916758
-0.0091632
-0.0285608
-0.0490756
-0.0707557
-0.0936445
-0.117777
-0.143175
-0.169838
-0.197733
-0.226779
-0.256828
-0.287634
-0.318826
-0.349864
-0.380003
-0.408247
-0.433327
-0.453691
-0.467536
-0.472889
-0.467748
-0.450279
-0.41904
-0.373207
-0.312718
-0.238296
-0.151302
-0.0534739
0.0217314
0.0612256
0.0964627
0.127354
0.153978
0.176527
0.195279
0.210562
0.22273
0.232142
0.239145
0.244064
0.247196
0.248807
0.24913
0.248365
0.246681
0.24422
0.241099
0.237409
0.233224
0.228599
0.223573
0.218173
0.212416
0.206307
0.199844
0.19302
0.185819
0.178224
0.170212
0.161755
0.152825
0.14339
0.133416
0.122867
0.111704
0.099886
0.087372
0.0741173
0.0600756
0.0451984
0.0294352
0.0127333
-0.00496216
-0.0237076
-0.0435607
-0.0645795
-0.0868205
-0.110336
-0.135169
-0.161349
-0.188879
-0.217724
-0.24779
-0.278899
-0.310749
-0.342876
-0.374604
-0.404988
-0.432772
-0.456361
-0.473829
-0.482986
-0.481514
-0.467177
-0.438093
-0.393012
-0.331536
-0.254192
-0.162308
-0.0577179
0.0225441
0.0634528
0.0998009
0.131465
0.158529
0.181219
0.199861
0.214834
0.226544
0.235399
0.241784
0.246058
0.248545
0.249528
0.249256
0.247937
0.245747
0.242833
0.23931
0.235274
0.230794
0.225927
0.22071
0.215168
0.209316
0.203159
0.196693
0.18991
0.182794
0.175325
0.167481
0.159234
0.150555
0.141411
0.131768
0.12159
0.110837
0.0994703
0.087446
0.0747197
0.0612442
0.0469703
0.0318457
0.0158158
-0.00117707
-0.0191936
-0.0382971
-0.0585533
-0.0800293
-0.102792
-0.126904
-0.152422
-0.179381
-0.207793
-0.237618
-0.268746
-0.300956
-0.333873
-0.366907
-0.399192
-0.42952
-0.456287
-0.477479
-0.490708
-0.493335
-0.482693
-0.456388
-0.412654
-0.350655
-0.270643
-0.173859
-0.0622276
0.0234933
0.0660249
0.103609
0.136083
0.163553
0.186294
0.204695
0.219206
0.2303
0.238438
0.244058
0.247553
0.249276
0.249531
0.248579
0.246638
0.243889
0.240478
0.236524
0.232118
0.22733
0.222213
0.216802
0.21112
0.205179
0.198982
0.192524
0.185795
0.178778
0.171452
0.163793
0.155775
0.147366
0.138535
0.129247
0.119465
0.109151
0.0982634
0.0867609
0.0745981
0.0617279
0.0481006
0.0336635
0.0183607
0.00213279
-0.0150833
-0.033355
-0.0527536
-0.0733546
-0.0952365
-0.118479
-0.14316
-0.169348
-0.197094
-0.226415
-0.257268
-0.289517
-0.322887
-0.356895
-0.39078
-0.423418
-0.45324
-0.478184
-0.495698
-0.502835
-0.496468
-0.473628
-0.431927
-0.369972
-0.287624
-0.185977
-0.0670226
0.0246201
0.0690402
0.108012
0.141339
0.169164
0.191834
0.20983
0.223693
0.233977
0.241216
0.2459
0.248468
0.249299
0.248719
0.247001
0.244369
0.241008
0.237063
0.23265
0.227858
0.222753
0.217383
0.211781
0.205965
0.199945
0.193722
0.187287
0.180628
0.173727
0.166563
0.159111
0.151341
0.143225
0.13473
0.12582
0.116459
0.10661
0.0962316
0.0852819
0.0737165
0.0614886
0.048549
0.034845
0.0203207
0.00491613
-0.0114331
-0.0287964
-0.0472491
-0.0668722
-0.0877532
-0.109985
-0.133664
-0.158885
-0.185739
-0.214291
-0.244567
-0.276519
-0.309976
-0.344581
-0.379702
-0.414337
-0.447
-0.475637
-0.49758
-0.509598
-0.508097
-0.489469
-0.450589
-0.389358
-0.305109
-0.198686
-0.0721285
0.025977
0.072621
0.113164
0.147381
0.17548
0.19792
0.215301
0.228286
0.237533
0.243658
0.247216
0.248691
0.248493
0.246968
0.244398
0.241011
0.23699
0.232479
0.227587
0.2224
0.216976
0.211358
0.205574
0.199638
0.193556
0.187323
0.180931
0.174364
0.167601
0.160621
0.153398
0.145901
0.138101
0.129966
0.121459
0.112546
0.103189
0.0933482
0.0829817
0.0720465
0.0604966
0.0482836
0.0353559
0.0216583
0.00713152
-0.0082889
-0.024673
-0.0420978
-0.0606477
-0.080416
-0.101505
-0.124026
-0.148096
-0.173837
-0.201362
-0.23076
-0.262067
-0.295223
-0.330006
-0.365938
-0.402177
-0.437372
-0.46954
-0.49596
-0.513172
-0.517121
-0.503506
-0.468346
-0.408661
-0.323067
-0.212027
-0.0775794
0.0276315
0.0769205
0.119248
0.154379
0.182631
0.204621
0.22112
0.232945
0.240881
0.245646
0.247866
0.248071
0.246703
0.244122
0.240617
0.236417
0.231699
0.226599
0.22122
0.215637
0.209903
0.204052
0.198105
0.19207
0.185949
0.179733
0.173409
0.166959
0.160362
0.153593
0.146624
0.139427
0.13197
0.124221
0.116145
0.107707
0.0988702
0.0895955
0.0798428
0.0695699
0.0587325
0.0472837
0.0351733
0.022348
0.0087497
-0.00568451
-0.0210239
-0.0373453
-0.0547343
-0.073287
-0.0931116
-0.11433
-0.137076
-0.161497
-0.187745
-0.215967
-0.246279
-0.278731
-0.313241
-0.349505
-0.386873
-0.424186
-0.459602
-0.490433
-0.513062
-0.523011
-0.515258
-0.48484
-0.427688
-0.341463
-0.226051
-0.083422
0.0296716
0.0821307
0.126485
0.162522
0.190739
0.211984
0.227257
0.237575
0.243882
0.247007
0.247654
0.246404
0.243724
0.239985
0.235474
0.230415
0.224975
0.219279
0.213418
0.207455
0.201432
0.195374
0.189293
0.183192
0.177065
0.170899
0.164677
0.158378
0.151978
0.145451
0.138769
0.131902
0.124818
0.117484
0.109868
0.101935
0.0936471
0.0849687
0.0758606
0.0662823
0.0561913
0.0455428
0.034289
0.0223786
0.00975638
-0.00363848
-0.017873
-0.033022
-0.0491703
-0.0664141
-0.084864
-0.104647
-0.12591
-0.148818
-0.173555
-0.200315
-0.229288
-0.260626
-0.294389
-0.330458
-0.368403
-0.407309
-0.445555
-0.480586
-0.508731
-0.525167
-0.52415
-0.499624
-0.446192
-0.36025
-0.240834
-0.0897208
0.0322135
0.0884945
0.135136
0.172014
0.199909
0.220006
0.233616
0.242005
0.246308
0.247482
0.246312
0.243422
0.239297
0.234311
0.228742
0.2228
0.216637
0.210359
0.20404
0.19773
0.191457
0.185234
0.179064
0.172941
0.166852
0.160779
0.154701
0.148594
0.142431
0.136185
0.129826
0.123323
0.116646
0.109761
0.102637
0.0952385
0.0875317
0.0794808
0.0710487
0.0621971
0.0528859
0.0430727
0.0327127
0.0217577
0.0101554
-0.00215133
-0.0152263
-0.029141
-0.0439771
-0.0598288
-0.0768056
-0.0950365
-0.114673
-0.135893
-0.158902
-0.183934
-0.211237
-0.241056
-0.273586
-0.308895
-0.346794
-0.386658
-0.427166
-0.46601
-0.499603
-0.522899
-0.529486
-0.512128
-0.463843
-0.379363
-0.256478
-0.0965677
0.0354134
0.0963203
0.145507
0.183056
0.210199
0.228602
0.239989
0.245945
0.24782
0.24671
0.243475
0.238773
0.233095
0.226802
0.220155
0.213339
0.206479
0.199661
0.192938
0.186338
0.179875
0.173549
0.16735
0.161265
0.155271
0.149347
0.143467
0.137602
0.131723
0.125803
0.119809
0.113711
0.107479
0.101079
0.0944816
0.0876525
0.0805592
0.0731679
0.0654438
0.057351
0.0488522
0.0399081
0.0304771
0.0205147
0.00997258
-0.00120241
-0.0130694
-0.0256954
-0.0391574
-0.0535449
-0.0689639
-0.0855407
-0.103427
-0.122806
-0.143896
-0.166955
-0.19228
-0.220191
-0.251005
-0.284967
-0.322139
-0.362216
-0.404256
-0.446321
-0.485073
-0.515424
-0.530418
-0.521616
-0.480184
-0.398696
-0.273122
-0.104095
0.0394869
0.106002
0.157945
0.195818
0.221566
0.23754
0.246007
0.248936
0.247919
0.244187
0.238662
0.232012
0.224717
0.217107
0.209409
0.201771
0.194287
0.18701
0.179967
0.173166
0.1666
0.160255
0.15411
0.148139
0.142315
0.136608
0.130989
0.125425
0.119888
0.114345
0.108765
0.103118
0.0973729
0.0914989
0.0854653
0.0792413
0.0727957
0.066097
0.0591129
0.0518105
0.0441554
0.0361118
0.0276421
0.0187057
0.00925879
-0.000746782
-0.0113649
-0.0226568
-0.0346933
-0.0475578
-0.0613495
-0.0761888
-0.0922227
-0.109632
-0.128639
-0.149515
-0.172586
-0.19823
-0.226861
-0.258885
-0.294605
-0.334056
-0.376732
-0.421187
-0.464527
-0.501863
-0.525918
-0.52712
-0.494564
-0.418062
-0.290948
-0.112499
0.0447403
0.118042
0.172818
0.210378
0.233786
0.246356
0.251051
0.250286
0.245901
0.239242
0.231257
0.222597
0.213695
0.204831
0.196178
0.187835
0.179852
0.172245
0.165011
0.158133
0.151583
0.14533
0.139342
0.133582
0.128017
0.12261
0.117328
0.112137
0.107004
0.101897
0.0967861
0.0916396
0.0864281
0.081122
0.0756924
0.0701103
0.064347
0.0583734
0.0521603
0.0456777
0.0388949
0.03178
0.0242992
0.0164167
0.00809356
-0.000712868
-0.0100505
-0.019974
-0.0305469
-0.0418444
-0.0539575
-0.0669971
-0.0811012
-0.096442
-0.113236
-0.131756
-0.152339
-0.175398
-0.201417
-0.230931
-0.264459
-0.302368
-0.344623
-0.390379
-0.437388
-0.481261
-0.514744
-0.527363
-0.506026
-0.437119
-0.310181
-0.122076
0.0516249
0.133082
0.190464
0.22661
0.246315
0.25422
0.254148
0.248991
0.24081
0.231009
0.22051
0.209894
0.199513
0.189564
0.180146
0.171295
0.163008
0.15526
0.148013
0.141222
0.13484
0.12882
0.123116
0.117684
0.112482
0.107471
0.102612
0.0978712
0.0932138
0.0886081
0.0840234
0.0794302
0.0748
0.0701053
0.0653192
0.0604151
0.0553669
0.0501485
0.044734
0.0390969
0.0332102
0.0270461
0.0205752
0.0137666
0.00658664
-0.00100144
-0.0090391
-0.0175737
-0.0266607
-0.0363662
-0.0467706
-0.0579733
-0.0700991
-0.0833065
-0.0977983
-0.113835
-0.131749
-0.151962
-0.174996
-0.201475
-0.232087
-0.267497
-0.308138
-0.353836
-0.403182
-0.452634
-0.495431
-0.520659
-0.513148
-0.455222
-0.331062
-0.133288
0.0608347
0.151912
0.211064
0.243965
0.258058
0.259746
0.253832
0.243655
0.231402
0.218437
0.205566
0.193235
0.181666
0.170942
0.161068
0.152005
0.143691
0.136056
0.129025
0.122529
0.116501
0.110879
0.105608
0.100635
0.095914
0.0914021
0.0870601
0.0828517
0.0787435
0.0747041
0.0707042
0.0667161
0.0627133
0.0586708
0.0545642
0.0503699
0.0460649
0.0416263
0.0370318
0.0322585
0.0272836
0.0220833
0.0166333
0.0109073
0.00487745
-0.00148714
-0.00822107
-0.0153641
-0.022963
-0.0310738
-0.0397652
-0.049123
-0.0592562
-0.0703046
-0.0824502
-0.0959306
-0.111057
-0.128236
-0.147992
-0.170986
-0.198018
-0.229981
-0.267728
-0.311765
-0.36166
-0.415071
-0.466329
-0.50482
-0.51381
-0.471166
-0.353764
-0.146867
0.0734746
0.175433
0.234343
0.261088
0.267027
0.260742
0.24801
0.232448
0.216179
0.20036
0.185563
0.172019
0.159769
0.148755
0.138873
0.130002
0.12202
0.114813
0.108277
0.102318
0.0968549
0.0918154
0.0871365
0.0827624
0.0786441
0.074738
0.0710049
0.0674099
0.0639208
0.0605086
0.0571462
0.0538085
0.0504722
0.047115
0.0437157
0.0402542
0.0367108
0.0330665
0.0293023
0.0253997
0.0213398
0.0171034
0.0126706
0.0080205
0.00313059
-0.00202384
-0.00747058
-0.0132416
-0.0193748
-0.0259157
-0.0329207
-0.0404607
-0.0486265
-0.0575363
-0.0673454
-0.07826
-0.0905555
-0.1046
-0.120886
-0.14006
-0.162956
-0.190603
-0.224167
-0.26476
-0.312971
-0.367935
-0.425737
-0.477112
-0.504892
-0.482725
-0.378127
-0.163952
0.0913197
0.204415
0.258947
0.275163
0.269863
0.253969
0.233914
0.213202
0.193558
0.175709
0.159854
0.145929
0.133757
0.123124
0.113816
0.105636
0.0984117
0.0919945
0.0862578
0.0810949
0.0764157
0.0721437
0.0682143
0.0645719
0.0611688
0.0579637
0.0549201
0.052006
0.0491928
0.0464548
0.0437685
0.0411126
0.0384671
0.0358135
0.0331345
0.0304134
0.0276346
0.0247828
0.021843
0.0188006
0.015641
0.0123494
0.00891047
0.00530832
0.0015258
-0.00245587
-0.00665784
-0.0111045
-0.0158249
-0.0208542
-0.0262362
-0.0320264
-0.0382966
-0.0451409
-0.0526846
-0.0610959
-0.0706032
-0.0815184
-0.0942684
-0.109436
-0.127812
-0.15044
-0.178645
-0.213974
-0.25792
-0.311202
-0.372243
-0.434416
-0.482007
-0.485944
-0.403029
-0.186192
0.117233
0.23872
0.281154
0.280904
0.261343
0.23509
0.208351
0.183802
0.162319
0.14395
0.1284
0.115272
0.10417
0.094738
0.0866765
0.0797367
0.0737162
0.0684512
0.0638088
0.0596812
0.0559803
0.052634
0.0495825
0.0467756
0.0441714
0.0417339
0.0394323
0.0372399
0.0351329
0.0330906
0.0310942
0.0291267
0.0271726
0.0252176
0.0232484
0.0212525
0.019218
0.0171337
0.0149886
0.0127719
0.0104732
0.00808188
0.00558701
0.0029773
0.000240645
-0.00263619
-0.00566818
-0.00887266
-0.0122703
-0.0158864
-0.0197525
-0.0239092
-0.028409
-0.0333218
-0.0387408
-0.0447933
-0.0516536
-0.0595639
-0.0688631
-0.0800277
-0.0937287
-0.110906
-0.132851
-0.161278
-0.198276
-0.245961
-0.305348
-0.373707
-0.439409
-0.47416
-0.425182
-0.215877
0.156131
0.275087
0.291983
0.268806
0.233905
0.199026
0.168431
0.14302
0.122383
0.105741
0.0923076
0.0814024
0.0724762
0.0650989
0.0589386
0.0537399
0.0493063
0.0454859
0.0421602
0.0392361
0.0366401
0.0343129
0.0322068
0.0302826
0.0285079
0.0268555
0.0253024
0.023829
0.0224179
0.0210544
0.019725
0.0184179
0.0171223
0.0158283
0.0145269
0.0132096
0.0118685
0.0104961
0.0090853
0.00762903
0.00612052
0.00455296
0.00291943
0.00121276
-0.000574713
-0.00245135
-0.00442665
-0.00651167
-0.00871964
-0.0110669
-0.0135739
-0.0162673
-0.0191817
-0.0223634
-0.025875
-0.0298021
-0.0342635
-0.0394264
-0.0455282
-0.0529109
-0.0620715
-0.0737376
-0.0889766
-0.109341
-0.137031
-0.174952
-0.226329
-0.292941
-0.370146
-0.436582
-0.436772
-0.256244
0.213989
0.300598
0.272375
0.223956
0.178792
0.141949
0.113582
0.0922022
0.0761062
0.0638882
0.0544974
0.0471738
0.0413737
0.0367087
0.0329004
0.0297467
0.0270995
0.0248488
0.0229118
0.0212254
0.0197406
0.0184191
0.0172304
0.0161501
0.0151582
0.0142381
0.0133759
0.0125601
0.0117804
0.0110282
0.0102957
0.00957623
0.00886354
0.00815211
0.00743689
0.00671319
0.00597665
0.0052232
0.00444894
0.00365014
0.00282317
0.00196444
0.00107032
0.000137022
-0.000839428
-0.00186345
-0.00294002
-0.00407501
-0.00527547
-0.0065502
-0.00791034
-0.00937039
-0.0109495
-0.0126732
-0.0145764
-0.0167071
-0.0191323
-0.0219472
-0.0252884
-0.0293563
-0.034449
-0.0410182
-0.049761
-0.0617699
-0.0787733
-0.103491
-0.140014
-0.193639
-0.268269
-0.357424
-0.419018
-0.305816
0.266009
0.275955
0.198596
0.138936
0.0984642
0.071066
0.0526641
0.0402607
0.0317401
0.0257331
0.0213811
0.0181426
0.0156711
0.0137404
0.0122001
0.0109477
0.00991165
0.00904111
0.00829899
0.00765779
0.00709672
0.0065998
0.00615453
0.00575099
0.00538118
0.00503857
0.00471771
0.00441405
0.00412369
0.00384327
0.00356986
0.00330088
0.00303401
0.00276717
0.00249847
0.00222619
0.00194872
0.00166458
0.00137236
0.00107072
0.000758358
0.000434003
9.63607e-05
-0.000255822
-0.00062402
-0.00100982
-0.00141499
-0.00184166
-0.00229244
-0.0027706
-0.00328036
-0.00382721
-0.0044185
-0.00506412
-0.00577757
-0.00657754
-0.00749024
-0.00855304
-0.0098201
-0.0113716
-0.0133289
-0.0158808
-0.0193307
-0.0241841
-0.0313194
-0.0423283
-0.0601787
-0.0903349
-0.141897
-0.2255
-0.331008
-0.319485
0.142935
0.125432
0.0767435
0.0457846
0.0280218
0.0176529
0.0115781
0.00799232
0.00581832
0.00444648
0.00354128
0.00291665
0.00246707
0.00213108
0.00187166
0.00166573
0.00149836
0.00135949
0.00124217
0.00114143
0.00105361
0.000975983
0.000906437
0.00084333
0.000785349
0.000731431
0.0006807
0.00063242
0.00058597
0.000540812
0.000496482
0.000452568
0.000408706
0.00036457
0.000319864
0.00027432
0.000227694
0.000179756
0.000130296
7.91143e-05
2.60167e-05
-2.9191e-05
-8.67115e-05
-0.000146652
-0.000209303
-0.000274906
-0.000343733
-0.000416126
-0.000492518
-0.000573467
-0.000659705
-0.000752209
-0.000852289
-0.000961731
-0.00108299
-0.00121946
-0.00137595
-0.0015593
-0.00177949
-0.00205142
-0.00239794
-0.00285547
-0.00348469
-0.00439273
-0.00578223
-0.00806641
-0.0121427
-0.0200323
-0.0362275
-0.0695591
-0.12766
-0.152141
)
;

boundaryField
{
    movingWall
    {
        type            calculated;
        value           uniform 0;
    }
    fixedWalls
    {
        type            calculated;
        value           uniform 0;
    }
    frontAndBack
    {
        type            empty;
    }
}


// ************************************************************************* //
