/*--------------------------------*- C++ -*----------------------------------*\
  =========                 |
  \\      /  F ield         | OpenFOAM: The Open Source CFD Toolbox
   \\    /   O peration     | Website:  https://openfoam.org
    \\  /    A nd           | Version:  dev
     \\/     M anipulation  |
\*---------------------------------------------------------------------------*/
FoamFile
{
    format      ascii;
    class       volScalarField;
    location    "14.85";
    object      Ux;
}
// * * * * * * * * * * * * * * * * * * * * * * * * * * * * * * * * * * * * * //

dimensions      [0 1 -1 0 0 0 0];

internalField   nonuniform List<scalar> 
5184
(
1.25146e-05
4.53629e-05
8.01996e-05
9.55978e-05
8.16007e-05
3.57968e-05
-4.12551e-05
-0.000147541
-0.00028028
-0.000436417
-0.000612837
-0.000806511
-0.00101458
-0.00123438
-0.00146346
-0.00169957
-0.00194063
-0.00218474
-0.00243011
-0.00267507
-0.00291801
-0.00315737
-0.00339162
-0.00361926
-0.00383874
-0.00404854
-0.0042471
-0.00443286
-0.00460423
-0.00475965
-0.00489755
-0.00501642
-0.00511481
-0.00519133
-0.00524473
-0.00527389
-0.00527788
-0.00525597
-0.00520766
-0.00513272
-0.00503122
-0.00490351
-0.00475033
-0.0045727
-0.00437203
-0.00415007
-0.0039089
-0.00365096
-0.00337896
-0.00309589
-0.00280498
-0.00250967
-0.0022135
-0.00192012
-0.0016332
-0.00135638
-0.00109318
-0.000846967
-0.000620889
-0.000417792
-0.000240168
-9.0095e-05
3.08398e-05
0.00012162
0.000181909
0.000212205
0.000214087
0.000190595
0.000146737
9.05856e-05
3.65699e-05
6.22659e-06
2.09098e-05
6.55823e-05
9.43102e-05
7.20633e-05
-1.99177e-05
-0.000188408
-0.000433982
-0.00075341
-0.00114116
-0.00159047
-0.00209399
-0.0026443
-0.00323409
-0.0038564
-0.00450463
-0.0051726
-0.00585451
-0.00654493
-0.00723875
-0.00793107
-0.00861722
-0.00929264
-0.00995288
-0.0105935
-0.0112102
-0.0117984
-0.0123539
-0.0128721
-0.0133488
-0.0137796
-0.0141603
-0.0144867
-0.0147551
-0.0149617
-0.0151033
-0.0151771
-0.0151807
-0.0151123
-0.0149709
-0.014756
-0.014468
-0.0141082
-0.0136786
-0.0131824
-0.0126233
-0.0120063
-0.0113372
-0.0106224
-0.00986946
-0.00908635
-0.00828178
-0.00746491
-0.00664525
-0.00583251
-0.00503647
-0.00426676
-0.00353276
-0.00284337
-0.00220686
-0.00163069
-0.00112133
-0.000684091
-0.000322872
-3.99654e-05
0.000164249
0.000291683
0.000347061
0.000338622
0.00027882
0.000185459
8.61391e-05
1.96394e-05
1.76096e-05
4.11329e-05
1.91016e-05
-8.47626e-05
-0.000291137
-0.000608723
-0.00103875
-0.00157739
-0.0022175
-0.0029499
-0.00376433
-0.0046501
-0.00559651
-0.00659312
-0.00762989
-0.00869729
-0.00978625
-0.0108882
-0.0119949
-0.0130986
-0.0141916
-0.0152667
-0.0163166
-0.0173342
-0.0183125
-0.0192443
-0.0201228
-0.0209409
-0.0216917
-0.0223687
-0.0229651
-0.0234747
-0.0238916
-0.0242104
-0.024426
-0.0245345
-0.0245323
-0.0244169
-0.0241869
-0.0238418
-0.0233826
-0.0228114
-0.0221316
-0.0213481
-0.020467
-0.019496
-0.0184441
-0.0173213
-0.016139
-0.0149097
-0.0136466
-0.0123637
-0.0110756
-0.00979695
-0.00854274
-0.00732761
-0.00616578
-0.00507074
-0.00405504
-0.00312992
-0.00230512
-0.00158851
-0.000985848
-0.000500362
-0.000132383
0.000121144
0.000267282
0.000317829
0.000289869
0.000206567
0.000102104
2.49064e-05
8.78906e-06
-7.21621e-06
-0.000107972
-0.000322825
-0.000669934
-0.00115765
-0.00178668
-0.00255228
-0.00344588
-0.00445649
-0.00557165
-0.00677818
-0.00806269
-0.00941196
-0.0108131
-0.0122537
-0.013722
-0.0152064
-0.0166962
-0.0181807
-0.0196498
-0.0210935
-0.0225022
-0.0238661
-0.0251757
-0.0264217
-0.0275946
-0.0286852
-0.0296845
-0.0305836
-0.0313739
-0.0320472
-0.032596
-0.0330132
-0.0332926
-0.033429
-0.0334182
-0.0332571
-0.032944
-0.0324788
-0.0318628
-0.0310989
-0.030192
-0.0291485
-0.0279766
-0.0266864
-0.0252894
-0.0237991
-0.0222301
-0.0205985
-0.0189215
-0.0172173
-0.0155046
-0.0138024
-0.01213
-0.0105063
-0.0089495
-0.00747713
-0.00610526
-0.00484838
-0.00371896
-0.0027271
-0.00188014
-0.00118222
-0.000633808
-0.000231241
3.39248e-05
0.000175532
0.000213247
0.000173165
9.26292e-05
2.39442e-05
-2.16993e-06
-6.74155e-05
-0.000264226
-0.000609676
-0.00111618
-0.00178992
-0.00262987
-0.00362966
-0.00477916
-0.0060657
-0.00747495
-0.00899168
-0.0106003
-0.0122854
-0.0140316
-0.0158241
-0.0176487
-0.0194915
-0.0213391
-0.0231786
-0.0249976
-0.0267836
-0.0285247
-0.0302088
-0.0318244
-0.0333597
-0.0348034
-0.036144
-0.0373707
-0.0384725
-0.0394393
-0.0402612
-0.0409291
-0.0414349
-0.0417711
-0.0419316
-0.0419117
-0.0417078
-0.0413183
-0.0407431
-0.0399841
-0.0390451
-0.0379319
-0.0366524
-0.0352168
-0.0336369
-0.031927
-0.0301029
-0.0281823
-0.0261845
-0.0241299
-0.0220402
-0.0199377
-0.0178452
-0.0157856
-0.0137814
-0.0118546
-0.0100257
-0.0083142
-0.00673726
-0.00530986
-0.0040441
-0.00294886
-0.00202929
-0.00128635
-0.000716295
-0.000310183
-5.32933e-05
7.51855e-05
0.000102682
6.71082e-05
1.9581e-05
-1.37171e-05
-0.000132816
-0.000435549
-0.000923798
-0.00160214
-0.00247311
-0.00353286
-0.00477268
-0.00618051
-0.00774186
-0.00944062
-0.0112598
-0.0131818
-0.0151894
-0.0172651
-0.0193922
-0.0215542
-0.0237351
-0.0259196
-0.0280925
-0.0302392
-0.0323454
-0.0343967
-0.0363795
-0.0382797
-0.040084
-0.0417789
-0.0433514
-0.0447885
-0.046078
-0.047208
-0.0481672
-0.0489454
-0.0495332
-0.0499223
-0.0501059
-0.0500786
-0.0498367
-0.0493784
-0.0487039
-0.0478154
-0.0467175
-0.045417
-0.0439231
-0.0422473
-0.0404034
-0.0384075
-0.0362778
-0.0340346
-0.0316996
-0.0292964
-0.0268495
-0.0243844
-0.0219271
-0.0195037
-0.01714
-0.0148608
-0.0126901
-0.0106499
-0.00875997
-0.00703768
-0.00549708
-0.00414863
-0.00299871
-0.00204911
-0.00129659
-0.000732405
-0.000341892
-0.000104155
8.35914e-06
3.21398e-05
1.35433e-05
-2.51787e-05
-0.000199816
-0.000613321
-0.00125117
-0.00210887
-0.00318424
-0.00446974
-0.00595365
-0.0076215
-0.00945678
-0.0114415
-0.013557
-0.015784
-0.0181033
-0.020496
-0.0229433
-0.0254271
-0.0279295
-0.0304333
-0.0329215
-0.0353776
-0.0377854
-0.0401288
-0.0423921
-0.0445597
-0.0466164
-0.0485471
-0.050337
-0.0519718
-0.0534376
-0.0547213
-0.0558103
-0.0566932
-0.0573598
-0.0578008
-0.0580089
-0.0579781
-0.0577045
-0.0571862
-0.0564235
-0.0554191
-0.0541779
-0.0527077
-0.0510187
-0.0491235
-0.0470376
-0.0447787
-0.042367
-0.0398247
-0.0371761
-0.0344471
-0.031665
-0.0288579
-0.0260547
-0.0232844
-0.0205757
-0.0179563
-0.0154529
-0.0130901
-0.0108905
-0.00887335
-0.00705494
-0.00544744
-0.00405872
-0.00289179
-0.00194438
-0.0012086
-0.000670551
-0.000310093
-0.00010047
-8.00304e-06
6.79488e-06
-3.6299e-05
-0.000266542
-0.000792448
-0.0015829
-0.00262372
-0.00390738
-0.00542191
-0.00715206
-0.00908054
-0.0111885
-0.0134561
-0.0158627
-0.0183876
-0.0210098
-0.0237089
-0.0264647
-0.0292572
-0.0320672
-0.0348757
-0.0376641
-0.0404144
-0.0431085
-0.0457289
-0.0482583
-0.0506795
-0.0529756
-0.05513
-0.0571266
-0.0589497
-0.060584
-0.0620152
-0.0632297
-0.064215
-0.0649599
-0.0654546
-0.0656909
-0.0656625
-0.0653652
-0.0647969
-0.0639579
-0.0628511
-0.0614819
-0.0598586
-0.0579922
-0.0558964
-0.0535877
-0.0510855
-0.0484114
-0.0455895
-0.042646
-0.0396091
-0.0365084
-0.0333745
-0.0302389
-0.0271331
-0.0240887
-0.0211361
-0.0183046
-0.0156216
-0.0131119
-0.0107974
-0.00869634
-0.00682302
-0.00518703
-0.00379299
-0.00264007
-0.00172174
-0.00102548
-0.000532517
-0.000217584
-5.0661e-05
-1.35071e-07
-4.69828e-05
-0.000332021
-0.000969955
-0.0019134
-0.00313836
-0.00463152
-0.00637609
-0.00835282
-0.0105413
-0.0129201
-0.0154671
-0.0181601
-0.0209765
-0.0238941
-0.0268907
-0.0299448
-0.0330351
-0.036141
-0.039242
-0.0423182
-0.04535
-0.0483182
-0.0512036
-0.0539874
-0.0566513
-0.0591768
-0.0615463
-0.063742
-0.0657471
-0.0675453
-0.069121
-0.0704596
-0.0715477
-0.0723733
-0.0729258
-0.0731964
-0.0731782
-0.0728668
-0.0722596
-0.071357
-0.0701618
-0.0686797
-0.0669193
-0.0648921
-0.0626128
-0.0600986
-0.0573701
-0.0544502
-0.0513646
-0.0481412
-0.0448102
-0.0414032
-0.0379531
-0.0344939
-0.0310597
-0.0276844
-0.0244014
-0.0212426
-0.018238
-0.0154151
-0.0127982
-0.010408
-0.00826107
-0.00636906
-0.00473856
-0.00337062
-0.00226051
-0.00139757
-0.000764879
-0.000339094
-9.42812e-05
-6.97748e-06
-5.72197e-05
-0.000395778
-0.00114412
-0.00223917
-0.00364725
-0.00534907
-0.00732275
-0.00954479
-0.0119913
-0.0146382
-0.017461
-0.0204355
-0.0235376
-0.0267435
-0.0300298
-0.0333736
-0.0367523
-0.0401442
-0.0435275
-0.0468811
-0.0501842
-0.0534163
-0.0565571
-0.0595865
-0.0624849
-0.0652327
-0.067811
-0.0702011
-0.0723849
-0.074345
-0.0760649
-0.0775291
-0.0787231
-0.0796341
-0.0802509
-0.0805638
-0.0805656
-0.0802511
-0.0796175
-0.0786648
-0.0773957
-0.075816
-0.0739343
-0.0717625
-0.0693155
-0.0666116
-0.0636719
-0.0605205
-0.0571845
-0.0536933
-0.0500786
-0.0463741
-0.0426149
-0.0388372
-0.0350776
-0.0313727
-0.0277586
-0.0242699
-0.0209394
-0.0177973
-0.0148709
-0.0121834
-0.0097539
-0.00759651
-0.0057202
-0.00412824
-0.00281811
-0.00178138
-0.00100333
-0.000462796
-0.000138051
-1.36173e-05
-6.70291e-05
-0.000457591
-0.00131395
-0.00255804
-0.00414671
-0.00605474
-0.00825503
-0.0107197
-0.0134211
-0.0163324
-0.0194267
-0.0226777
-0.0260597
-0.0295474
-0.0331162
-0.0367418
-0.0404008
-0.0440701
-0.0477271
-0.0513495
-0.0549155
-0.0584035
-0.0617921
-0.0650603
-0.0681874
-0.0711527
-0.0739363
-0.0765184
-0.07888
-0.0810027
-0.082869
-0.0844624
-0.0857678
-0.0867713
-0.0874608
-0.0878262
-0.0878593
-0.0875544
-0.0869081
-0.08592
-0.0845923
-0.0829306
-0.0809435
-0.0786427
-0.0760436
-0.0731646
-0.0700276
-0.0666575
-0.0630824
-0.059333
-0.0554426
-0.0514467
-0.0473825
-0.0432884
-0.0392035
-0.0351672
-0.0312181
-0.027394
-0.0237307
-0.0202613
-0.0170162
-0.0140214
-0.0112991
-0.0088662
-0.00673429
-0.00490931
-0.00339127
-0.00217427
-0.00124603
-0.000587687
-0.000181646
-2.00285e-05
-7.64354e-05
-0.00051736
-0.00147887
-0.00286856
-0.00463422
-0.00674475
-0.00916787
-0.0118711
-0.0148234
-0.0179945
-0.0213552
-0.0248773
-0.0285333
-0.0322964
-0.0361408
-0.0400411
-0.043973
-0.0479122
-0.0518354
-0.0557193
-0.0595412
-0.0632787
-0.0669095
-0.0704116
-0.0737634
-0.0769435
-0.0799308
-0.0827048
-0.0852454
-0.0875335
-0.0895505
-0.0912791
-0.0927033
-0.0938082
-0.0945811
-0.0950108
-0.0950883
-0.0948072
-0.0941633
-0.0931554
-0.0917854
-0.0900581
-0.0879817
-0.0855679
-0.0828319
-0.0797922
-0.0764709
-0.0728938
-0.0690895
-0.0650901
-0.0609302
-0.056647
-0.0522796
-0.0478689
-0.0434563
-0.0390841
-0.0347939
-0.0306266
-0.0266211
-0.022814
-0.019239
-0.0159255
-0.0128988
-0.010179
-0.00778098
-0.00571349
-0.00397945
-0.00257571
-0.00149261
-0.000713617
-0.000225072
-2.6238e-05
-8.54604e-05
-0.000575037
-0.00163849
-0.00316979
-0.00510799
-0.00741633
-0.0100574
-0.0129942
-0.016192
-0.0196175
-0.0232391
-0.0270263
-0.03095
-0.034982
-0.0390952
-0.0432635
-0.0474613
-0.0516637
-0.0558464
-0.0599856
-0.0640578
-0.0680396
-0.0719082
-0.0756409
-0.0792151
-0.0826088
-0.0858
-0.0887674
-0.0914902
-0.0939482
-0.0961221
-0.0979937
-0.099546
-0.100763
-0.101632
-0.102139
-0.102276
-0.102034
-0.101409
-0.100398
-0.0990032
-0.0972275
-0.0950789
-0.0925684
-0.0897109
-0.0865248
-0.0830323
-0.0792593
-0.0752352
-0.070993
-0.0665686
-0.0620007
-0.0573306
-0.0526011
-0.0478567
-0.0431422
-0.0385026
-0.0339821
-0.0296231
-0.025466
-0.021548
-0.0179025
-0.0145583
-0.0115392
-0.00886337
-0.00654303
-0.00458422
-0.0029868
-0.00174381
-0.00084104
-0.00026855
-3.2305e-05
-9.41194e-05
-0.000630588
-0.00179255
-0.00346098
-0.00556664
-0.00806727
-0.0109205
-0.0140849
-0.0175221
-0.0211958
-0.0250717
-0.0291174
-0.0333021
-0.0375963
-0.0419717
-0.0464011
-0.0508582
-0.0553175
-0.0597538
-0.0641427
-0.0684602
-0.0726822
-0.0767854
-0.0807463
-0.0845419
-0.0881493
-0.091546
-0.0947099
-0.0976194
-0.100253
-0.102592
-0.104616
-0.106307
-0.107649
-0.108627
-0.109227
-0.109439
-0.109254
-0.108665
-0.10767
-0.106268
-0.104462
-0.102259
-0.0996695
-0.0967067
-0.0933889
-0.0897383
-0.0857808
-0.0815461
-0.077068
-0.0723836
-0.067533
-0.0625595
-0.0575082
-0.0524263
-0.0473617
-0.0423628
-0.0374773
-0.0327518
-0.0282305
-0.0239549
-0.0199623
-0.0162859
-0.0129534
-0.00998684
-0.00740213
-0.00520876
-0.00340981
-0.00200116
-0.000970835
-0.000312453
-3.83077e-05
-0.000102421
-0.000683971
-0.0019408
-0.00374153
-0.00600898
-0.0086957
-0.0117545
-0.0151397
-0.0188093
-0.022724
-0.0268471
-0.0311442
-0.0355827
-0.040132
-0.0447625
-0.0494462
-0.0541561
-0.058866
-0.0635502
-0.0681838
-0.0727421
-0.0772009
-0.0815361
-0.0857239
-0.0897407
-0.093563
-0.0971677
-0.100532
-0.103634
-0.106452
-0.108964
-0.11115
-0.112993
-0.114473
-0.115575
-0.116285
-0.11659
-0.116479
-0.115946
-0.114986
-0.113597
-0.111781
-0.109542
-0.106891
-0.10384
-0.100406
-0.0966117
-0.0924815
-0.088046
-0.0833391
-0.0783992
-0.0732677
-0.0679897
-0.0626129
-0.0571871
-0.0517635
-0.0463941
-0.0411308
-0.0360241
-0.031123
-0.0264732
-0.0221171
-0.018092
-0.0144304
-0.0111586
-0.00829652
-0.00585745
-0.00384793
-0.00226674
-0.00110418
-0.000357253
-4.43357e-05
-0.000110366
-0.000735128
-0.00208299
-0.00401082
-0.00643394
-0.00929991
-0.0125569
-0.0161553
-0.0200495
-0.0241973
-0.0285598
-0.0331003
-0.037785
-0.0425816
-0.0474598
-0.0523908
-0.0573468
-0.062301
-0.0672275
-0.0721008
-0.0768959
-0.0815883
-0.0861534
-0.0905671
-0.0948054
-0.0988444
-0.102661
-0.10623
-0.109531
-0.11254
-0.115236
-0.117597
-0.119604
-0.121237
-0.12248
-0.123316
-0.123732
-0.123716
-0.123259
-0.122355
-0.121
-0.119193
-0.11694
-0.114247
-0.111126
-0.107594
-0.10367
-0.0993804
-0.0947545
-0.089827
-0.0846367
-0.0792265
-0.0736434
-0.0679372
-0.0621608
-0.0563689
-0.0506172
-0.0449619
-0.0394583
-0.0341602
-0.0291184
-0.0243803
-0.0199886
-0.0159805
-0.0123872
-0.00923308
-0.0065356
-0.00430498
-0.00254309
-0.00124249
-0.000403491
-5.04864e-05
-0.000117947
-0.000783978
-0.00221884
-0.00426826
-0.00684043
-0.00987824
-0.0133255
-0.0171287
-0.0212389
-0.0256112
-0.0302043
-0.0349797
-0.039902
-0.0449378
-0.0500559
-0.0552266
-0.0604216
-0.0656138
-0.0707767
-0.0758847
-0.0809125
-0.0858352
-0.0906283
-0.0952672
-0.0997276
-0.103985
-0.108016
-0.111797
-0.115303
-0.118513
-0.121402
-0.12395
-0.126134
-0.127936
-0.129337
-0.130318
-0.130865
-0.130964
-0.130605
-0.129778
-0.128479
-0.126705
-0.124459
-0.121746
-0.118575
-0.114962
-0.110926
-0.106491
-0.101687
-0.0965485
-0.0911142
-0.0854287
-0.0795403
-0.0735016
-0.0673682
-0.0611985
-0.0550523
-0.0489904
-0.0430733
-0.0373599
-0.0319067
-0.0267669
-0.0219886
-0.0176149
-0.0136821
-0.0102195
-0.00724915
-0.00478527
-0.00283301
-0.00138728
-0.000451758
-5.68625e-05
-0.000125153
-0.000830417
-0.00234803
-0.00451317
-0.00722734
-0.010429
-0.0140579
-0.0180569
-0.0223738
-0.0269611
-0.0317753
-0.0367763
-0.041927
-0.0471932
-0.0525426
-0.0579449
-0.0633714
-0.0687946
-0.0741877
-0.079525
-0.084781
-0.0899308
-0.0949496
-0.0998127
-0.104496
-0.108974
-0.113224
-0.11722
-0.120939
-0.124357
-0.127451
-0.130197
-0.132574
-0.13456
-0.136136
-0.137281
-0.13798
-0.138215
-0.137976
-0.13725
-0.136031
-0.134313
-0.132098
-0.129386
-0.126188
-0.122515
-0.118386
-0.113823
-0.108855
-0.103516
-0.0978459
-0.0918897
-0.0856976
-0.0793242
-0.0728283
-0.0662718
-0.0597191
-0.0532359
-0.0468879
-0.0407401
-0.0348551
-0.0292922
-0.0241061
-0.0193458
-0.0150535
-0.0112641
-0.00800451
-0.00529342
-0.00313953
-0.00154023
-0.000502675
-6.35696e-05
-0.000131966
-0.000874324
-0.00247019
-0.00474483
-0.00759349
-0.0109505
-0.0147518
-0.0189367
-0.0234502
-0.0282423
-0.0332674
-0.0384838
-0.0438531
-0.0493399
-0.0549114
-0.0605365
-0.0661863
-0.0718329
-0.0774494
-0.0830101
-0.0884893
-0.0938623
-0.099104
-0.10419
-0.109096
-0.113796
-0.118267
-0.122484
-0.126423
-0.130058
-0.133366
-0.136324
-0.138907
-0.141093
-0.142861
-0.14419
-0.14506
-0.145455
-0.145358
-0.144758
-0.143643
-0.142007
-0.139847
-0.137163
-0.133961
-0.130251
-0.126049
-0.121377
-0.116261
-0.110736
-0.104841
-0.098621
-0.0921285
-0.0854201
-0.0785576
-0.0716065
-0.0646359
-0.0577167
-0.0509205
-0.0443187
-0.0379805
-0.0319722
-0.0263553
-0.0211856
-0.0165121
-0.0123755
-0.00880842
-0.00583432
-0.00346582
-0.00170305
-0.000556884
-7.0714e-05
-0.000138364
-0.000915556
-0.00258493
-0.00496249
-0.00793763
-0.0114409
-0.0154047
-0.019765
-0.0244643
-0.0294501
-0.0346751
-0.0400959
-0.045673
-0.05137
-0.0571534
-0.0629918
-0.0688558
-0.0747174
-0.0805498
-0.086327
-0.0920238
-0.0976151
-0.103076
-0.108383
-0.11351
-0.118434
-0.123129
-0.127571
-0.131734
-0.135594
-0.139127
-0.142307
-0.145109
-0.147511
-0.149489
-0.15102
-0.152084
-0.15266
-0.15273
-0.15228
-0.151296
-0.149768
-0.14769
-0.14506
-0.14188
-0.138158
-0.133908
-0.129148
-0.123904
-0.118209
-0.112102
-0.105629
-0.0988419
-0.0918005
-0.0845692
-0.0772174
-0.0698189
-0.0624499
-0.0551886
-0.0481129
-0.0412995
-0.0348223
-0.0287504
-0.0231471
-0.0180686
-0.0135627
-0.00966779
-0.00641296
-0.00381513
-0.0018775
-0.000615039
-7.84027e-05
-0.000144322
-0.000953956
-0.00269181
-0.00516531
-0.00825848
-0.0118984
-0.016014
-0.0205387
-0.0254121
-0.0305799
-0.0359929
-0.0416062
-0.0473794
-0.0532753
-0.0592596
-0.0653007
-0.0713689
-0.0774362
-0.0834758
-0.0894618
-0.0953692
-0.101173
-0.106849
-0.112373
-0.11772
-0.122866
-0.127786
-0.132456
-0.136849
-0.140941
-0.144706
-0.148119
-0.151154
-0.153786
-0.15599
-0.157742
-0.159019
-0.159799
-0.160061
-0.159786
-0.15896
-0.157567
-0.1556
-0.153052
-0.149923
-0.146217
-0.141945
-0.137122
-0.131773
-0.125928
-0.119626
-0.112913
-0.105841
-0.0984718
-0.0908723
-0.0831161
-0.0752813
-0.0674503
-0.0597076
-0.0521387
-0.044828
-0.0378577
-0.0313054
-0.0252428
-0.0197341
-0.0148345
-0.0105896
-0.00703444
-0.00419079
-0.00206538
-0.000677805
-8.67441e-05
-0.000149812
-0.000989355
-0.00279037
-0.00535245
-0.00855469
-0.012321
-0.0165774
-0.0212545
-0.0262898
-0.0316269
-0.037215
-0.0430082
-0.0489649
-0.0550472
-0.0612205
-0.0674527
-0.073714
-0.0799764
-0.0862134
-0.0923992
-0.0985091
-0.104519
-0.110404
-0.11614
-0.121703
-0.12707
-0.132215
-0.137113
-0.141739
-0.146067
-0.150072
-0.153727
-0.157005
-0.159881
-0.162327
-0.164319
-0.165829
-0.166834
-0.167311
-0.167238
-0.166596
-0.165369
-0.163542
-0.161107
-0.158059
-0.154399
-0.150134
-0.145277
-0.139849
-0.133879
-0.127403
-0.120466
-0.113123
-0.105435
-0.0974711
-0.0893096
-0.0810331
-0.0727297
-0.0644911
-0.0564103
-0.0485805
-0.0410927
-0.0340339
-0.027485
-0.0215191
-0.0162
-0.011581
-0.00770385
-0.00459612
-0.0022685
-0.000745849
-9.58478e-05
-0.000154804
-0.00102158
-0.00288017
-0.00552305
-0.00882492
-0.0127068
-0.0170922
-0.0219092
-0.0270932
-0.0325861
-0.0383359
-0.0442953
-0.050422
-0.0566773
-0.0630263
-0.0694368
-0.0758789
-0.0823248
-0.088748
-0.0951232
-0.101426
-0.107632
-0.113718
-0.119661
-0.125436
-0.131019
-0.136386
-0.141512
-0.146372
-0.15094
-0.155189
-0.159093
-0.162625
-0.165755
-0.168458
-0.170704
-0.172467
-0.173719
-0.174435
-0.174589
-0.174159
-0.173125
-0.17147
-0.169179
-0.166246
-0.162665
-0.15844
-0.153581
-0.148105
-0.142037
-0.135412
-0.128274
-0.120677
-0.112683
-0.104364
-0.0958001
-0.0870796
-0.0782965
-0.0695493
-0.0609396
-0.0525697
-0.0445403
-0.0369484
-0.0298853
-0.023434
-0.0176678
-0.0126487
-0.00842628
-0.00503446
-0.00248866
-0.000819845
-0.000105824
-0.00015927
-0.00105046
-0.00296072
-0.00567625
-0.00906785
-0.013054
-0.017556
-0.0224996
-0.0278185
-0.0334531
-0.03935
-0.045461
-0.051743
-0.0581569
-0.0646675
-0.0712423
-0.0778515
-0.0844676
-0.0910643
-0.0976169
-0.104101
-0.110494
-0.116772
-0.122911
-0.12889
-0.134684
-0.140269
-0.14562
-0.150713
-0.155521
-0.160017
-0.164175
-0.167966
-0.171362
-0.174332
-0.176848
-0.17888
-0.180399
-0.181375
-0.181781
-0.181591
-0.180781
-0.179328
-0.177216
-0.174432
-0.170966
-0.166817
-0.161991
-0.156501
-0.150368
-0.143625
-0.136313
-0.128485
-0.120203
-0.111542
-0.102584
-0.0934212
-0.0841543
-0.0748892
-0.0657358
-0.0568063
-0.0482117
-0.0400604
-0.0324546
-0.0254886
-0.0192463
-0.0137995
-0.00920671
-0.00550909
-0.00272768
-0.000900464
-0.000116781
-0.00016318
-0.00107582
-0.0030316
-0.00581125
-0.00928221
-0.0133609
-0.0179663
-0.0230227
-0.0284619
-0.0342232
-0.0402518
-0.046499
-0.0529207
-0.0594776
-0.0661342
-0.0728579
-0.0796193
-0.0863909
-0.0931469
-0.0998629
-0.106516
-0.113082
-0.11954
-0.125866
-0.132039
-0.138035
-0.14383
-0.149401
-0.154722
-0.159768
-0.164512
-0.168925
-0.17298
-0.176647
-0.179894
-0.182692
-0.185008
-0.186811
-0.188069
-0.188751
-0.188827
-0.188269
-0.187052
-0.185153
-0.182554
-0.179241
-0.175207
-0.170453
-0.164988
-0.158828
-0.152002
-0.144549
-0.136518
-0.127974
-0.118989
-0.10965
-0.100052
-0.0903022
-0.0805133
-0.0708045
-0.061298
-0.0521163
-0.0433796
-0.0352027
-0.0276921
-0.0209436
-0.01504
-0.01005
-0.00602328
-0.00298733
-0.000988379
-0.000128833
-0.000166507
-0.00109751
-0.00309238
-0.00592728
-0.00946684
-0.0136257
-0.0183211
-0.0234757
-0.0290201
-0.0348921
-0.0410364
-0.0474031
-0.053948
-0.0606312
-0.067417
-0.0742731
-0.08117
-0.0880807
-0.0949799
-0.101844
-0.108649
-0.115375
-0.121999
-0.128499
-0.134853
-0.14104
-0.147035
-0.152817
-0.15836
-0.163638
-0.168625
-0.173293
-0.177612
-0.181553
-0.185084
-0.188172
-0.190784
-0.192886
-0.194444
-0.195424
-0.195792
-0.195516
-0.194566
-0.192915
-0.190538
-0.187418
-0.183541
-0.178903
-0.173505
-0.16736
-0.160493
-0.152936
-0.144739
-0.135963
-0.12668
-0.116979
-0.10696
-0.0967327
-0.0864192
-0.0761472
-0.0660495
-0.0562608
-0.0469143
-0.0381382
-0.0300527
-0.022767
-0.0163764
-0.0109609
-0.0065802
-0.0032694
-0.00108426
-0.000142092
-0.000169226
-0.00111539
-0.00314271
-0.00602369
-0.00962072
-0.013847
-0.0186184
-0.0238561
-0.0294898
-0.0354562
-0.041699
-0.048168
-0.0548183
-0.0616099
-0.068507
-0.0754773
-0.0824916
-0.0895234
-0.0965478
-0.103542
-0.110483
-0.117351
-0.124124
-0.130781
-0.137302
-0.143665
-0.149848
-0.155828
-0.161582
-0.167083
-0.172306
-0.177223
-0.181804
-0.186019
-0.189835
-0.193219
-0.196136
-0.19855
-0.200424
-0.201721
-0.202404
-0.202437
-0.201785
-0.200417
-0.198301
-0.195415
-0.19174
-0.187262
-0.181979
-0.175898
-0.169035
-0.161421
-0.153099
-0.144128
-0.134581
-0.124545
-0.114123
-0.103432
-0.0925987
-0.0817605
-0.0710616
-0.0606491
-0.0506701
-0.0412679
-0.0325776
-0.0247232
-0.0178143
-0.0119439
-0.00718294
-0.00357562
-0.00118878
-0.000156674
-0.000171318
-0.00112935
-0.0031823
-0.00609995
-0.00974303
-0.0140236
-0.0188565
-0.0241619
-0.0298684
-0.035912
-0.0422357
-0.0487887
-0.0555257
-0.0624067
-0.0693957
-0.0764607
-0.0835729
-0.0907059
-0.0978357
-0.10494
-0.111997
-0.118987
-0.12589
-0.132686
-0.139355
-0.145877
-0.152231
-0.158394
-0.164343
-0.170055
-0.175503
-0.180659
-0.185495
-0.18998
-0.19408
-0.197761
-0.200987
-0.203721
-0.205923
-0.207554
-0.208573
-0.20894
-0.208616
-0.207564
-0.205749
-0.20314
-0.199711
-0.195443
-0.190326
-0.18436
-0.177555
-0.169934
-0.161537
-0.152418
-0.142646
-0.13231
-0.121515
-0.110379
-0.0990371
-0.0876359
-0.0763304
-0.0652812
-0.0546503
-0.0445968
-0.0352726
-0.0268182
-0.0193591
-0.0130032
-0.00783446
-0.0039077
-0.0013026
-0.000172696
-0.000172767
-0.0011393
-0.00321095
-0.00615568
-0.00983317
-0.0141547
-0.0190344
-0.0243915
-0.0301539
-0.0362569
-0.042643
-0.0492609
-0.0560652
-0.0630154
-0.0700759
-0.0772147
-0.0844033
-0.091616
-0.0988295
-0.106022
-0.113173
-0.120264
-0.127275
-0.134188
-0.140983
-0.147643
-0.154147
-0.160473
-0.166601
-0.172506
-0.178163
-0.183545
-0.188624
-0.193368
-0.197746
-0.201721
-0.205257
-0.208314
-0.210852
-0.212829
-0.214202
-0.214926
-0.214958
-0.214255
-0.212777
-0.210487
-0.207352
-0.203346
-0.19845
-0.192655
-0.185965
-0.178397
-0.169981
-0.160766
-0.15082
-0.140228
-0.129094
-0.117543
-0.105712
-0.0937584
-0.0818474
-0.0701536
-0.0588549
-0.0481277
-0.038142
-0.0290567
-0.0210153
-0.0141427
-0.00853757
-0.00426729
-0.00142639
-0.000190277
-0.000173565
-0.00114522
-0.00322855
-0.00619072
-0.00989088
-0.0142399
-0.0191514
-0.024544
-0.030345
-0.0364893
-0.0429187
-0.0495817
-0.0564327
-0.063431
-0.0705411
-0.0777314
-0.0849736
-0.0922427
-0.099516
-0.106773
-0.113993
-0.121159
-0.128254
-0.135259
-0.142157
-0.14893
-0.155559
-0.162026
-0.168309
-0.174385
-0.180232
-0.185821
-0.191127
-0.196118
-0.200761
-0.205022
-0.208862
-0.212242
-0.215121
-0.217452
-0.219191
-0.22029
-0.220702
-0.220379
-0.219275
-0.217346
-0.214553
-0.21086
-0.206242
-0.20068
-0.194168
-0.186715
-0.178344
-0.169097
-0.159035
-0.148239
-0.136814
-0.124884
-0.112594
-0.100106
-0.0875978
-0.0752578
-0.0632804
-0.0518605
-0.0411881
-0.0314424
-0.022787
-0.0153658
-0.00929491
-0.00465597
-0.00156078
-0.000209539
-0.000173711
-0.0011471
-0.00323514
-0.00620512
-0.00991621
-0.0142792
-0.0192074
-0.0246192
-0.0304413
-0.0366082
-0.0430614
-0.0497492
-0.0566254
-0.0636498
-0.0707867
-0.0780047
-0.0852762
-0.0925766
-0.099884
-0.107178
-0.114442
-0.121656
-0.128806
-0.135875
-0.142847
-0.149706
-0.156434
-0.163014
-0.169425
-0.175647
-0.181658
-0.187432
-0.192942
-0.19816
-0.203052
-0.207585
-0.21172
-0.215417
-0.218633
-0.221322
-0.223436
-0.224925
-0.225737
-0.225821
-0.225124
-0.223597
-0.221192
-0.217866
-0.213584
-0.208318
-0.202053
-0.194786
-0.186531
-0.177321
-0.16721
-0.156275
-0.144615
-0.132355
-0.119644
-0.106649
-0.0935608
-0.0805803
-0.0679192
-0.0557925
-0.0444113
-0.0339775
-0.0246771
-0.0166756
-0.0101089
-0.00507525
-0.00170643
-0.000230608
-0.000173213
-0.00114501
-0.0032309
-0.0061992
-0.00990966
-0.0142733
-0.0192032
-0.0246178
-0.0304434
-0.0366141
-0.0430713
-0.0497627
-0.0566423
-0.0636697
-0.0708093
-0.0780302
-0.0853051
-0.0926101
-0.099924
-0.107228
-0.114504
-0.121738
-0.128913
-0.136015
-0.14303
-0.149943
-0.156738
-0.163399
-0.169908
-0.176246
-0.182391
-0.188322
-0.194011
-0.199431
-0.20455
-0.209335
-0.213749
-0.21775
-0.221297
-0.224341
-0.226832
-0.22872
-0.229948
-0.230461
-0.230202
-0.229114
-0.227142
-0.224236
-0.22035
-0.215447
-0.209499
-0.202493
-0.194432
-0.185338
-0.175255
-0.164252
-0.152425
-0.139895
-0.126812
-0.113351
-0.0997084
-0.0861017
-0.0727594
-0.0599171
-0.0478095
-0.0366626
-0.0266876
-0.0180746
-0.0109815
-0.00552654
-0.00186394
-0.000253608
-0.000172092
-0.00113907
-0.00321617
-0.0061736
-0.00987216
-0.0142233
-0.0191404
-0.0245415
-0.030353
-0.0365087
-0.0429497
-0.0496234
-0.0564839
-0.0634905
-0.070608
-0.0778056
-0.0850567
-0.0923379
-0.0996288
-0.106912
-0.11417
-0.12139
-0.128558
-0.135659
-0.142683
-0.149615
-0.156442
-0.163149
-0.169721
-0.176139
-0.182386
-0.188439
-0.194275
-0.199867
-0.205186
-0.210199
-0.214869
-0.219157
-0.22302
-0.22641
-0.229277
-0.231566
-0.23322
-0.23418
-0.234383
-0.233768
-0.232272
-0.229836
-0.226405
-0.221931
-0.216374
-0.209709
-0.201925
-0.193033
-0.183064
-0.172078
-0.160162
-0.147434
-0.134041
-0.120163
-0.106005
-0.0917962
-0.0777837
-0.0642243
-0.0513775
-0.0394962
-0.0288194
-0.0195643
-0.0119148
-0.00601112
-0.00203391
-0.000278668
-0.000170376
-0.00112949
-0.00319148
-0.0061293
-0.00980521
-0.0141313
-0.0190212
-0.0243932
-0.0301733
-0.0362953
-0.0426999
-0.0493344
-0.0561526
-0.0631141
-0.0701837
-0.0773309
-0.0845296
-0.0917572
-0.0989942
-0.106224
-0.113431
-0.120603
-0.127727
-0.134792
-0.141786
-0.1487
-0.15552
-0.162234
-0.16883
-0.175291
-0.1816
-0.187739
-0.193685
-0.199414
-0.204899
-0.210108
-0.215007
-0.219557
-0.223716
-0.227437
-0.230669
-0.233356
-0.23544
-0.236858
-0.237544
-0.23743
-0.236448
-0.23453
-0.231611
-0.227631
-0.22254
-0.216298
-0.20888
-0.200282
-0.190522
-0.179646
-0.167732
-0.154888
-0.141261
-0.12703
-0.112406
-0.0976311
-0.0829692
-0.0686994
-0.0551073
-0.042475
-0.0310718
-0.0211458
-0.0129099
-0.00653012
-0.00221691
-0.00030592
-0.000168111
-0.00111653
-0.00315759
-0.00606767
-0.00971088
-0.0140001
-0.0188493
-0.0241769
-0.0299089
-0.0359787
-0.0423268
-0.0489005
-0.0556533
-0.0625448
-0.0695399
-0.0766087
-0.0837255
-0.0908683
-0.0980187
-0.105161
-0.112281
-0.119368
-0.12641
-0.133399
-0.140325
-0.147179
-0.153951
-0.160631
-0.167207
-0.173667
-0.179997
-0.186178
-0.192193
-0.198019
-0.203631
-0.209001
-0.214094
-0.218876
-0.223305
-0.227334
-0.230915
-0.23399
-0.2365
-0.23838
-0.239562
-0.239971
-0.239536
-0.238178
-0.235825
-0.232405
-0.227854
-0.222118
-0.215158
-0.206952
-0.197502
-0.18684
-0.175028
-0.162166
-0.148392
-0.133885
-0.118859
-0.103566
-0.088287
-0.0733231
-0.0589873
-0.0455928
-0.0334427
-0.0228192
-0.0139679
-0.0070845
-0.00241347
-0.000335492
-0.000165354
-0.00110055
-0.00311548
-0.00599053
-0.00959191
-0.0138333
-0.0186292
-0.0238981
-0.0295659
-0.0355657
-0.0418378
-0.0483291
-0.0549931
-0.0617893
-0.0686831
-0.0756445
-0.0826487
-0.0896744
-0.0967042
-0.103723
-0.11072
-0.117683
-0.124604
-0.131475
-0.13829
-0.14504
-0.151719
-0.158319
-0.16483
-0.171244
-0.177547
-0.183725
-0.189763
-0.195641
-0.201337
-0.206824
-0.212073
-0.21705
-0.221715
-0.226024
-0.229929
-0.233374
-0.236299
-0.238639
-0.240321
-0.24127
-0.241405
-0.240645
-0.238906
-0.236106
-0.232167
-0.227021
-0.220612
-0.212899
-0.203868
-0.193531
-0.181934
-0.169162
-0.155344
-0.140651
-0.125301
-0.109553
-0.0937015
-0.0780707
-0.0630017
-0.0488411
-0.0359282
-0.0245835
-0.0150892
-0.007675
-0.00262406
-0.000367517
-0.000162177
-0.00108203
-0.0030664
-0.00590015
-0.00945176
-0.0136357
-0.018367
-0.023564
-0.0291524
-0.0350651
-0.041242
-0.0476297
-0.0541817
-0.0608574
-0.0676223
-0.074447
-0.0813072
-0.0881824
-0.0950562
-0.101915
-0.108749
-0.115548
-0.122305
-0.129016
-0.135674
-0.142275
-0.148814
-0.155286
-0.161684
-0.168001
-0.174228
-0.180353
-0.186365
-0.192246
-0.197977
-0.203535
-0.208895
-0.214023
-0.218885
-0.223439
-0.227637
-0.231426
-0.234748
-0.237535
-0.239715
-0.24121
-0.241935
-0.241801
-0.240718
-0.238592
-0.235333
-0.230858
-0.225092
-0.217977
-0.209477
-0.199584
-0.188323
-0.175762
-0.162014
-0.147243
-0.131662
-0.115535
-0.09917
-0.0829121
-0.067131
-0.0522081
-0.0385225
-0.0264364
-0.0162736
-0.00830214
-0.0028491
-0.000402124
-0.000158674
-0.00106152
-0.00301188
-0.00579936
-0.00929473
-0.0134132
-0.0180699
-0.0231832
-0.0286784
-0.0344879
-0.0405513
-0.0468149
-0.0532318
-0.0597616
-0.06637
-0.0730281
-0.0797121
-0.0864026
-0.0930842
-0.0997448
-0.106375
-0.112968
-0.119519
-0.126023
-0.132479
-0.138883
-0.145232
-0.151526
-0.157759
-0.163928
-0.170026
-0.176046
-0.181978
-0.187808
-0.193523
-0.199101
-0.204521
-0.209754
-0.214767
-0.219523
-0.223976
-0.228077
-0.231768
-0.234983
-0.237649
-0.239687
-0.24101
-0.241524
-0.241129
-0.239725
-0.237208
-0.233479
-0.228448
-0.222034
-0.21418
-0.204854
-0.194059
-0.18184
-0.168291
-0.153562
-0.137859
-0.121447
-0.104643
-0.087811
-0.0713505
-0.0556789
-0.0412176
-0.0283747
-0.0175203
-0.00896615
-0.00308897
-0.000439443
-0.000154953
-0.00103972
-0.00295378
-0.00569158
-0.00912599
-0.0131727
-0.0177468
-0.0227663
-0.0281559
-0.0338476
-0.0397802
-0.0458997
-0.052159
-0.0585178
-0.0649419
-0.0714031
-0.0778783
-0.0843491
-0.0908013
-0.0972242
-0.10361
-0.109954
-0.116253
-0.122505
-0.128709
-0.134866
-0.140976
-0.147039
-0.153054
-0.159021
-0.164935
-0.170794
-0.176591
-0.182316
-0.187958
-0.193501
-0.198927
-0.204211
-0.209325
-0.214235
-0.2189
-0.223272
-0.227297
-0.230911
-0.234043
-0.236613
-0.238532
-0.239703
-0.240021
-0.239375
-0.237654
-0.234741
-0.230529
-0.224918
-0.217825
-0.209193
-0.199
-0.187263
-0.174054
-0.159503
-0.143803
-0.127214
-0.110061
-0.0927249
-0.0756311
-0.059235
-0.044003
-0.0303934
-0.0188277
-0.00966697
-0.00334394
-0.0004796
-0.000151148
-0.00101744
-0.00289433
-0.00558087
-0.00895174
-0.0129227
-0.0174083
-0.022326
-0.0275996
-0.0331602
-0.038946
-0.0449024
-0.0509822
-0.0571451
-0.0633573
-0.0695911
-0.0758244
-0.0820399
-0.0882248
-0.0943699
-0.10047
-0.10652
-0.112521
-0.118473
-0.124377
-0.130237
-0.136055
-0.141834
-0.147576
-0.153285
-0.15896
-0.164601
-0.170204
-0.175765
-0.181277
-0.186727
-0.192101
-0.19738
-0.20254
-0.207551
-0.212376
-0.216972
-0.221288
-0.225265
-0.228832
-0.231912
-0.234415
-0.236243
-0.237286
-0.237427
-0.236544
-0.234507
-0.231193
-0.226479
-0.22026
-0.212451
-0.202998
-0.191892
-0.179174
-0.164949
-0.149393
-0.132755
-0.115361
-0.0976048
-0.0799383
-0.0628541
-0.0468659
-0.0324863
-0.0201936
-0.0104042
-0.00361423
-0.000522719
-0.000147412
-0.000995665
-0.00283616
-0.00547207
-0.00877928
-0.012673
-0.0170669
-0.0218772
-0.0270264
-0.0324445
-0.0380689
-0.0438444
-0.0497235
-0.0556661
-0.0616388
-0.0676147
-0.0735727
-0.0794969
-0.0853759
-0.0912025
-0.0969726
-0.102685
-0.108342
-0.113945
-0.119499
-0.125009
-0.130482
-0.135924
-0.141339
-0.146733
-0.152111
-0.157475
-0.162827
-0.168164
-0.173485
-0.178782
-0.184045
-0.189259
-0.194405
-0.199459
-0.204388
-0.209156
-0.213714
-0.218008
-0.221972
-0.22553
-0.228595
-0.231067
-0.232835
-0.233778
-0.233763
-0.232653
-0.230303
-0.226575
-0.221336
-0.214474
-0.205904
-0.195581
-0.183514
-0.169777
-0.15452
-0.137977
-0.120468
-0.102395
-0.0842323
-0.0665101
-0.0497909
-0.0346455
-0.0216147
-0.0111773
-0.00389996
-0.000568921
-0.000143932
-0.000975537
-0.00278238
-0.00537085
-0.0086172
-0.0124353
-0.0167372
-0.0214372
-0.0264561
-0.0317225
-0.0371725
-0.0427504
-0.0484086
-0.0541069
-0.0598128
-0.0655002
-0.0711492
-0.0767456
-0.0822798
-0.0877464
-0.0931436
-0.0984726
-0.103737
-0.108943
-0.114096
-0.119206
-0.124281
-0.12933
-0.134362
-0.139386
-0.144409
-0.149438
-0.154478
-0.159532
-0.164601
-0.169682
-0.174771
-0.179859
-0.18493
-0.189965
-0.194939
-0.199819
-0.204564
-0.209123
-0.213436
-0.217431
-0.221024
-0.224116
-0.226598
-0.228344
-0.229216
-0.229066
-0.227738
-0.225071
-0.220912
-0.215117
-0.207568
-0.198184
-0.186934
-0.173857
-0.15907
-0.142782
-0.125302
-0.107033
-0.088468
-0.0701727
-0.0527596
-0.0368613
-0.023087
-0.0119849
-0.00420119
-0.000618329
-0.000140924
-0.000958405
-0.0027366
-0.00528383
-0.00847551
-0.0122232
-0.0164361
-0.021026
-0.0259115
-0.0310191
-0.0362837
-0.0416489
-0.0470666
-0.0524974
-0.0579092
-0.0632774
-0.0685836
-0.0738154
-0.0789652
-0.0840299
-0.0890101
-0.0939096
-0.0987346
-0.103493
-0.108196
-0.112853
-0.117477
-0.122079
-0.126673
-0.13127
-0.13588
-0.140516
-0.145185
-0.149895
-0.154651
-0.159455
-0.164308
-0.169205
-0.174137
-0.17909
-0.184045
-0.188974
-0.193844
-0.19861
-0.203217
-0.207598
-0.211675
-0.215353
-0.218523
-0.221059
-0.222821
-0.223653
-0.223387
-0.221847
-0.218854
-0.214238
-0.207844
-0.199552
-0.189291
-0.177053
-0.162919
-0.147063
-0.129774
-0.111449
-0.0925946
-0.0738076
-0.055751
-0.0391226
-0.0246058
-0.0128259
-0.00451789
-0.000671062
-0.000138644
-0.000945855
-0.00270311
-0.00521879
-0.00836589
-0.0120522
-0.0161832
-0.0206669
-0.0254188
-0.0303631
-0.0354332
-0.0405716
-0.0457305
-0.0508707
-0.0559614
-0.0609795
-0.0659086
-0.0707384
-0.0754638
-0.0800843
-0.0846032
-0.0890268
-0.0933645
-0.0976273
-0.101828
-0.105981
-0.110101
-0.114204
-0.118304
-0.122418
-0.12656
-0.130744
-0.134983
-0.13929
-0.143672
-0.148138
-0.152691
-0.157333
-0.162061
-0.166867
-0.171737
-0.17665
-0.18158
-0.186488
-0.191326
-0.196036
-0.200543
-0.20476
-0.20858
-0.211881
-0.214521
-0.21634
-0.217162
-0.216795
-0.215042
-0.211703
-0.20659
-0.199541
-0.190438
-0.179227
-0.165938
-0.150707
-0.133789
-0.115568
-0.0965559
-0.0773763
-0.0587413
-0.0414164
-0.0261653
-0.0136986
-0.00485001
-0.000727249
-0.000137392
-0.000939755
-0.00268691
-0.00518482
-0.00830193
-0.0119406
-0.0160009
-0.0203861
-0.0250076
-0.0297868
-0.0346551
-0.0395543
-0.0444365
-0.0492635
-0.054006
-0.0586428
-0.0631601
-0.06755
-0.0718104
-0.0759436
-0.0799561
-0.0838574
-0.0876597
-0.0913774
-0.0950264
-0.0986239
-0.102188
-0.105738
-0.109291
-0.112868
-0.116485
-0.120162
-0.123915
-0.127759
-0.131708
-0.135774
-0.139966
-0.14429
-0.14875
-0.153341
-0.158059
-0.162888
-0.167809
-0.172791
-0.177793
-0.182766
-0.187641
-0.192339
-0.19676
-0.200785
-0.204276
-0.207071
-0.208988
-0.209826
-0.209369
-0.207391
-0.203673
-0.198009
-0.190233
-0.180237
-0.167996
-0.153593
-0.137245
-0.119308
-0.10029
-0.0808361
-0.0617038
-0.0437284
-0.0277592
-0.014601
-0.00519744
-0.000787025
-0.00013753
-0.000942323
-0.00269391
-0.00519257
-0.0082995
-0.0119095
-0.0159153
-0.0202138
-0.0247116
-0.0293265
-0.0339876
-0.0386362
-0.0432245
-0.0477157
-0.0520825
-0.0563062
-0.0603759
-0.0642872
-0.068041
-0.0716434
-0.075104
-0.078436
-0.0816548
-0.0847781
-0.0878253
-0.0908168
-0.0937739
-0.0967187
-0.099673
-0.102659
-0.105699
-0.108814
-0.112024
-0.115349
-0.118807
-0.122414
-0.126184
-0.130128
-0.134255
-0.138567
-0.143065
-0.147741
-0.152582
-0.157566
-0.162661
-0.167824
-0.172999
-0.178111
-0.183072
-0.187768
-0.192067
-0.19581
-0.198813
-0.200868
-0.201744
-0.201196
-0.198971
-0.194823
-0.188536
-0.179942
-0.168955
-0.155599
-0.140034
-0.122581
-0.103731
-0.0841403
-0.0646092
-0.0460425
-0.0293805
-0.0155311
-0.0055601
-0.000850548
-0.000139493
-0.000956203
-0.00273114
-0.00525461
-0.00837714
-0.0119832
-0.0159559
-0.0201843
-0.0245687
-0.0290227
-0.0334731
-0.0378604
-0.0421378
-0.0462701
-0.0502327
-0.0540104
-0.0575957
-0.0609881
-0.0641928
-0.0672195
-0.070082
-0.072797
-0.0753838
-0.0778638
-0.0802595
-0.082595
-0.0848948
-0.0871841
-0.0894883
-0.0918328
-0.0942427
-0.0967428
-0.0993572
-0.102109
-0.10502
-0.108111
-0.1114
-0.114904
-0.118635
-0.122603
-0.126813
-0.131267
-0.135957
-0.14087
-0.145983
-0.151261
-0.156659
-0.162113
-0.167542
-0.172845
-0.177896
-0.182542
-0.186603
-0.189867
-0.192096
-0.193024
-0.192373
-0.189857
-0.185209
-0.178201
-0.168679
-0.156594
-0.142042
-0.125292
-0.106805
-0.0872379
-0.0674256
-0.0483415
-0.0310218
-0.0164869
-0.00593802
-0.000918009
-0.000143807
-0.000984571
-0.00280693
-0.00538578
-0.00855655
-0.01219
-0.0161572
-0.0203367
-0.0246215
-0.0289203
-0.0331575
-0.0372733
-0.041222
-0.0449712
-0.0484998
-0.0517966
-0.0548589
-0.0576907
-0.0603018
-0.0627067
-0.0649234
-0.0669732
-0.0688791
-0.0706664
-0.0723614
-0.0739914
-0.0755844
-0.0771689
-0.0787733
-0.0804263
-0.0821562
-0.0839912
-0.0859585
-0.0880848
-0.0903958
-0.0929159
-0.0956677
-0.098672
-0.101947
-0.105508
-0.109366
-0.113529
-0.117997
-0.122765
-0.127819
-0.133135
-0.138675
-0.14439
-0.15021
-0.156044
-0.161778
-0.167268
-0.172341
-0.176788
-0.180366
-0.182798
-0.183781
-0.182996
-0.180125
-0.174879
-0.167028
-0.156447
-0.143151
-0.127342
-0.109435
-0.090074
-0.0701184
-0.050607
-0.0326754
-0.0174665
-0.00633138
-0.000989652
-0.000151119
-0.00103128
-0.00293133
-0.00560372
-0.0088633
-0.012563
-0.0165581
-0.0207149
-0.0249174
-0.0290687
-0.0330909
-0.0369242
-0.0405252
-0.0438649
-0.0469271
-0.0497057
-0.0522035
-0.0544302
-0.0564012
-0.0581361
-0.059658
-0.0609928
-0.0621681
-0.063213
-0.0641578
-0.0650333
-0.0658708
-0.066702
-0.0675585
-0.068472
-0.0694738
-0.0705951
-0.0718663
-0.0733175
-0.0749776
-0.0768747
-0.0790355
-0.081485
-0.0842461
-0.0873393
-0.0907817
-0.0945868
-0.098763
-0.103313
-0.108231
-0.113504
-0.119105
-0.124997
-0.131122
-0.137403
-0.14374
-0.150002
-0.156026
-0.16161
-0.166513
-0.170453
-0.173109
-0.174132
-0.173159
-0.169838
-0.163864
-0.155022
-0.143236
-0.128624
-0.111538
-0.0925896
-0.0726506
-0.0528196
-0.0343338
-0.0184685
-0.00674065
-0.0010658
-0.000162235
-0.00110102
-0.00311644
-0.00592952
-0.0093275
-0.0131404
-0.0172038
-0.0213688
-0.025509
-0.0295215
-0.0333262
-0.0368643
-0.0400957
-0.0429965
-0.0455561
-0.0477753
-0.0496636
-0.0512374
-0.0525184
-0.0535324
-0.0543081
-0.0548766
-0.0552702
-0.0555222
-0.055667
-0.0557389
-0.0557727
-0.0558031
-0.0558647
-0.0559921
-0.0562194
-0.0565806
-0.0571091
-0.0578378
-0.0587988
-0.0600236
-0.0615423
-0.063384
-0.065576
-0.0681435
-0.0711092
-0.0744925
-0.0783089
-0.0825686
-0.0872755
-0.0924257
-0.0980048
-0.103986
-0.110328
-0.116967
-0.123819
-0.130768
-0.137667
-0.144325
-0.15051
-0.15594
-0.160285
-0.163171
-0.164196
-0.16295
-0.159047
-0.152179
-0.142167
-0.129027
-0.113024
-0.0947207
-0.0749829
-0.0549594
-0.03599
-0.0194922
-0.0071668
-0.00114689
-0.000178165
-0.00119961
-0.00337702
-0.0063885
-0.00998483
-0.0139668
-0.0181456
-0.0223541
-0.026454
-0.030336
-0.0339187
-0.0371455
-0.039981
-0.0424079
-0.0444237
-0.0460371
-0.0472657
-0.048134
-0.0486711
-0.0489097
-0.0488849
-0.0486332
-0.0481921
-0.0475995
-0.0468937
-0.0461127
-0.0452946
-0.0444772
-0.0436979
-0.0429939
-0.0424019
-0.0419585
-0.0416996
-0.0416608
-0.0418771
-0.0423827
-0.0432112
-0.0443951
-0.0459658
-0.0479528
-0.0503839
-0.0532843
-0.0566759
-0.0605765
-0.0649987
-0.0699482
-0.0754221
-0.0814065
-0.0878735
-0.0947771
-0.102049
-0.109593
-0.117278
-0.124933
-0.132338
-0.139219
-0.145244
-0.150025
-0.153126
-0.154084
-0.152436
-0.147775
-0.139807
-0.128428
-0.113797
-0.0963985
-0.077073
-0.057006
-0.0376377
-0.0205381
-0.00761146
-0.00123353
-0.000200196
-0.00133428
-0.00373116
-0.00701122
-0.0108776
-0.015094
-0.0194421
-0.0237328
-0.0278146
-0.0315724
-0.0349242
-0.0378174
-0.0402238
-0.0421351
-0.0435582
-0.0445121
-0.0450243
-0.0451284
-0.0448622
-0.0442663
-0.0433825
-0.0422535
-0.0409221
-0.0394312
-0.0378229
-0.036139
-0.0344207
-0.0327086
-0.0310429
-0.0294632
-0.0280085
-0.0267175
-0.0256285
-0.0247794
-0.0242076
-0.02395
-0.024043
-0.0245222
-0.0254226
-0.0267777
-0.02862
-0.0309799
-0.0338854
-0.0373613
-0.0414285
-0.0461022
-0.0513906
-0.0572926
-0.0637947
-0.0708678
-0.0784621
-0.0865015
-0.0948768
-0.103437
-0.111983
-0.120255
-0.127929
-0.134612
-0.139843
-0.143113
-0.143888
-0.141659
-0.136009
-0.126698
-0.113751
-0.0975473
-0.0788752
-0.0589384
-0.0392723
-0.0216085
-0.0080773
-0.00132659
-0.000229981
-0.00151409
-0.00420116
-0.00783472
-0.012056
-0.0165825
-0.0211593
-0.0255728
-0.0296568
-0.0332911
-0.0363956
-0.0389241
-0.0408585
-0.0422017
-0.0429734
-0.0432047
-0.0429348
-0.0422082
-0.0410725
-0.0395767
-0.0377704
-0.0357028
-0.0334224
-0.0309767
-0.0284121
-0.0257739
-0.0231064
-0.0204528
-0.0178555
-0.0153565
-0.0129966
-0.0108167
-0.00885673
-0.00715667
-0.00575595
-0.00469374
-0.00400887
-0.00373979
-0.00392444
-0.00460013
-0.00580331
-0.00756924
-0.00993156
-0.0129217
-0.0165682
-0.0208954
-0.0259221
-0.0316595
-0.038109
-0.045258
-0.0530762
-0.0615091
-0.0704712
-0.0798372
-0.0894317
-0.0990181
-0.108288
-0.116853
-0.124242
-0.129909
-0.133256
-0.133674
-0.130619
-0.123694
-0.112768
-0.0980827
-0.0803395
-0.0607355
-0.040891
-0.022708
-0.00856841
-0.00142727
-0.000269678
-0.00175057
-0.00481477
-0.00890409
-0.0135798
-0.0185015
-0.0233713
-0.0279467
-0.0320475
-0.0355499
-0.0383787
-0.040498
-0.0419032
-0.0426124
-0.0426606
-0.0420937
-0.0409649
-0.039331
-0.0372506
-0.0347823
-0.0319837
-0.0289111
-0.0256185
-0.0221585
-0.0185814
-0.0149358
-0.0112689
-0.00762635
-0.0040526
-0.000591213
0.00271502
0.00582393
0.0086938
0.0112832
0.0135511
0.0154563
0.016958
0.0180154
0.0185879
0.0186349
0.0181165
0.0169929
0.0152254
0.0127766
0.00961082
0.00569519
0.00100084
-0.00449549
-0.0108091
-0.0179444
-0.0258903
-0.0346149
-0.0440582
-0.054123
-0.0646632
-0.0754713
-0.086264
-0.0966694
-0.106217
-0.114339
-0.120384
-0.123651
-0.123462
-0.119256
-0.110716
-0.0979086
-0.0814093
-0.0623748
-0.0424938
-0.0238449
-0.00909093
-0.00153727
-0.000322132
-0.00205846
-0.00560667
-0.0102743
-0.0155197
-0.0209308
-0.0261587
-0.0309299
-0.0350508
-0.0383976
-0.0409044
-0.0425509
-0.0433505
-0.043341
-0.0425762
-0.0411199
-0.0390411
-0.036411
-0.0333001
-0.0297775
-0.0259093
-0.0217588
-0.0173861
-0.0128483
-0.00819961
-0.00349177
0.00122568
0.00590504
0.0105001
0.014966
0.0192585
0.0233345
0.027151
0.0306654
0.0338354
0.0366184
0.0389719
0.0408533
0.0422195
0.0430273
0.0432336
0.0427947
0.0416674
0.0398088
0.0371766
0.0337302
0.0294313
0.0242454
0.0181436
0.0111056
0.00312307
-0.00579476
-0.0156143
-0.0262685
-0.0376445
-0.0495697
-0.0617946
-0.0739749
-0.0856558
-0.0962627
-0.105105
-0.111403
-0.114349
-0.113204
-0.107441
-0.0969117
-0.0820182
-0.0638319
-0.0440839
-0.0250319
-0.00965384
-0.00165904
-0.000391148
-0.00245684
-0.00662054
-0.0120126
-0.0179588
-0.0239598
-0.0296074
-0.0345957
-0.0387206
-0.0418644
-0.0439773
-0.0450607
-0.0451527
-0.0443154
-0.0426258
-0.0401687
-0.0370316
-0.0333011
-0.0290613
-0.0243918
-0.019368
-0.01406
-0.00853377
-0.00285072
0.00293144
0.00875831
0.0145783
0.0203422
0.0260026
0.0315135
0.0368302
0.0419086
0.0467051
0.0511764
0.0552792
0.0589701
0.0622052
0.0649403
0.0671306
0.0687307
0.0696945
0.0699751
0.0695254
0.0682973
0.0662428
0.0633142
0.0594646
0.054649
0.048826
0.0419599
0.0340239
0.025005
0.0149101
0.00377507
-0.00832337
-0.0212523
-0.0348035
-0.0486721
-0.0624333
-0.0755241
-0.0872347
-0.0967221
-0.103058
-0.105323
-0.102757
-0.094954
-0.0820845
-0.0650777
-0.0456676
-0.0262878
-0.0102702
-0.00179608
-0.000481906
-0.00297072
-0.00791178
-0.014201
-0.0209947
-0.0276869
-0.0338033
-0.0390068
-0.0430893
-0.0459477
-0.0475579
-0.047952
-0.0472
-0.0453946
-0.0426406
-0.039047
-0.0347221
-0.0297696
-0.0242876
-0.0183671
-0.0120921
-0.00553982
0.00121874
0.00811814
0.0150978
0.0221013
0.0290755
0.0359704
0.0427378
0.0493314
0.0557062
0.0618179
0.0676228
0.0730771
0.0781373
0.0827592
0.0868983
0.0905092
0.0935458
0.0959607
0.0977057
0.0987312
0.0989861
0.0984185
0.096975
0.0946016
0.0912436
0.0868467
0.0813578
0.0747272
0.0669106
0.0578736
0.0475972
0.0360856
0.0233782
0.00956447
-0.00519546
-0.0206461
-0.0364082
-0.0519497
-0.0665649
-0.07937
-0.0893338
-0.0953603
-0.0964383
-0.0918618
-0.0815028
-0.0660739
-0.0472547
-0.0276397
-0.0109589
-0.00195349
-0.000601602
-0.00363334
-0.00955116
-0.0169399
-0.0247388
-0.0322152
-0.0388239
-0.0442017
-0.0481484
-0.0505886
-0.0515369
-0.0510672
-0.0492907
-0.0463375
-0.0423452
-0.0374504
-0.031784
-0.0254681
-0.0186151
-0.011327
-0.00369623
0.0041937
0.0122674
0.0204562
0.0286976
0.036934
0.0451116
0.05318
0.0610913
0.0687995
0.0762598
0.0834283
0.0902617
0.0967165
0.102749
0.108316
0.113371
0.117869
0.121762
0.125003
0.127541
0.129324
0.130298
0.130408
0.129595
0.1278
0.124963
0.121019
0.115906
0.10956
0.101923
0.0929395
0.0825655
0.0707748
0.0575688
0.0429916
0.0271502
0.0102415
-0.00741511
-0.0253396
-0.0428563
-0.0590699
-0.0728731
-0.0830073
-0.0882019
-0.0874096
-0.0801303
-0.0667655
-0.0488567
-0.0291254
-0.0117471
-0.00213879
-0.000760492
-0.00448969
-0.0116299
-0.020351
-0.0293158
-0.0376445
-0.0447216
-0.0501712
-0.0538189
-0.055637
-0.0556957
-0.0541252
-0.051088
-0.0467595
-0.0413147
-0.0349208
-0.0277328
-0.0198915
-0.011523
-0.00273987
0.00635824
0.0156829
0.0251554
0.0347053
0.0442693
0.0537895
0.0632127
0.0724892
0.081572
0.0904163
0.0989783
0.107215
0.115085
0.122545
0.129551
0.136061
0.14203
0.147411
0.152158
0.15622
0.159546
0.162083
0.163774
0.164561
0.164382
0.163174
0.160868
0.157395
0.152683
0.146658
0.139245
0.130372
0.119973
0.107991
0.094392
0.0791728
0.0623847
0.0441585
0.0247407
0.00453872
-0.0158306
-0.035496
-0.0533108
-0.0678818
-0.0776844
-0.0812965
-0.0777661
-0.0670668
-0.0504825
-0.0307962
-0.0126747
-0.00236341
-0.000973679
-0.00560197
-0.0142664
-0.0245805
-0.0348576
-0.0440542
-0.051496
-0.056819
-0.0599042
-0.0607984
-0.05965
-0.056662
-0.0520603
-0.0460728
-0.0389164
-0.0307906
-0.0218746
-0.0123271
-0.00228679
0.00812549
0.0188046
0.0296592
0.0406091
0.0515841
0.0625213
0.0733643
0.0840618
0.094566
0.104832
0.114817
0.124479
0.133778
0.142673
0.151122
0.159085
0.166518
0.173377
0.179618
0.185191
0.190049
0.194139
0.197405
0.199791
0.201235
0.201674
0.201038
0.199257
0.196255
0.191951
0.186263
0.179103
0.170384
0.160018
0.147923
0.134028
0.118288
0.100694
0.0813072
0.0602902
0.0379579
0.0148386
-0.00826161
-0.0302042
-0.0495065
-0.0644144
-0.0731131
-0.0741193
-0.0668382
-0.0521292
-0.0327198
-0.0137999
-0.00264512
-0.00126428
-0.00705835
-0.0176157
-0.0297999
-0.0414888
-0.051471
-0.0590441
-0.0638995
-0.0660171
-0.0655548
-0.0627668
-0.0579481
-0.0513999
-0.0434086
-0.0342355
-0.0241123
-0.0132409
-0.00179481
0.0100778
0.0222507
0.0346168
0.0470843
0.0595749
0.0720203
0.084361
0.0965437
0.108521
0.120247
0.131683
0.142787
0.153521
0.163848
0.173729
0.183126
0.191999
0.200306
0.208006
0.215054
0.221404
0.227005
0.231806
0.235753
0.238785
0.240842
0.241857
0.241759
0.240473
0.237918
0.23401
0.228656
0.22176
0.213221
0.202934
0.190793
0.176696
0.160553
0.142302
0.121929
0.0995056
0.0752378
0.0495349
0.0230939
-0.00301411
-0.0272811
-0.0477744
-0.0622947
-0.06876
-0.0658467
-0.0537627
-0.0349823
-0.0152097
-0.00301253
-0.00166931
-0.00898746
-0.0218814
-0.0362
-0.0492941
-0.0598086
-0.0670765
-0.0709158
-0.0714671
-0.069047
-0.0640474
-0.0568745
-0.0479145
-0.0375156
-0.0259823
-0.0135749
-0.000512739
0.0130209
0.0268739
0.0409199
0.0550542
0.0691893
0.0832518
0.0971792
0.110918
0.12442
0.137643
0.150549
0.163101
0.175264
0.187004
0.198287
0.209078
0.219342
0.229042
0.23814
0.246594
0.254364
0.261402
0.267662
0.273092
0.277637
0.281239
0.283834
0.285357
0.285734
0.284888
0.282736
0.279188
0.274147
0.26751
0.259163
0.248988
0.236859
0.222647
0.206223
0.187471
0.166308
0.142706
0.116752
0.0887095
0.059119
0.0289169
-0.000448745
-0.0269516
-0.0480565
-0.0610455
-0.0636991
-0.0552784
-0.0376835
-0.0170351
-0.00351339
-0.00225079
-0.0115822
-0.0273278
-0.0439682
-0.0582498
-0.0687561
-0.0749738
-0.0769564
-0.0750894
-0.0699043
-0.0619639
-0.051801
-0.0398899
-0.0266376
-0.0123842
0.00259065
0.0180595
0.0338386
0.0497803
0.0657656
0.0816989
0.0975024
0.113113
0.128477
0.14355
0.158294
0.172675
0.186661
0.200222
0.213329
0.225955
0.23807
0.249645
0.260647
0.271044
0.280801
0.28988
0.298241
0.305842
0.312635
0.318571
0.323597
0.327656
0.330684
0.332615
0.333377
0.332891
0.331073
0.32783
0.323062
0.31666
0.308505
0.298466
0.286403
0.272163
0.255584
0.236505
0.214771
0.190264
0.162937
0.13289
0.100464
0.0663874
0.0319418
-0.000877437
-0.0293057
-0.0500107
-0.0597318
-0.0564227
-0.0409177
-0.0194727
-0.00422967
-0.00311712
-0.015138
-0.0342858
-0.0532226
-0.0680801
-0.0775729
-0.081543
-0.0804364
-0.0749884
-0.0660039
-0.0542414
-0.0403635
-0.0249242
-0.0083737
0.00892949
0.0267034
0.0447285
0.0628346
0.0808905
0.0987949
0.11647
0.133854
0.1509
0.167569
0.18383
0.199657
0.215025
0.229914
0.244302
0.258168
0.271491
0.284248
0.296415
0.307966
0.318871
0.329101
0.338621
0.347394
0.35538
0.362537
0.368816
0.374165
0.378531
0.381851
0.38406
0.385088
0.384856
0.38328
0.380268
0.375718
0.369519
0.361547
0.351666
0.339722
0.325548
0.308956
0.289743
0.267696
0.242605
0.214298
0.182693
0.147898
0.110361
0.0710778
0.0318452
-0.00452608
-0.0342088
-0.0528297
-0.0566438
-0.0447123
-0.0228121
-0.00530425
-0.00446313
-0.0201105
-0.0431228
-0.0638428
-0.0779628
-0.0847134
-0.0846098
-0.0786962
-0.0681675
-0.0541447
-0.0375817
-0.0192493
0.000250487
0.0204576
0.0410264
0.0617004
0.0822912
0.102662
0.122713
0.142374
0.161594
0.180337
0.198578
0.216298
0.233483
0.250121
0.266202
0.281716
0.296654
0.311002
0.324748
0.337877
0.350369
0.362206
0.373364
0.383816
0.393533
0.402482
0.410627
0.417928
0.42434
0.429815
0.4343
0.437738
0.440066
0.441215
0.441109
0.439667
0.436798
0.432403
0.426369
0.418573
0.408876
0.397119
0.383123
0.366684
0.347566
0.325507
0.300223
0.271418
0.238834
0.202323
0.161991
0.118426
0.0730232
0.0283672
-0.0114859
-0.0411372
-0.0548101
-0.0488699
-0.0274497
-0.00698394
-0.00664084
-0.0271805
-0.0540933
-0.0750566
-0.0859283
-0.0871486
-0.0803506
-0.0673983
-0.0500201
-0.0296394
-0.00735266
0.0160286
0.0399198
0.0639093
0.0877128
0.111138
0.13406
0.156396
0.178099
0.199142
0.219512
0.239207
0.258228
0.276582
0.294274
0.311311
0.327699
0.343439
0.358535
0.372982
0.386778
0.399915
0.412381
0.424162
0.435241
0.445597
0.455205
0.464037
0.47206
0.479239
0.485533
0.490897
0.495284
0.498638
0.500902
0.502009
0.50189
0.500466
0.49765
0.493347
0.487449
0.479836
0.470369
0.458891
0.445219
0.429138
0.410396
0.388694
0.363687
0.33498
0.30215
0.264795
0.222645
0.175774
0.124958
0.0721995
0.0213258
-0.021606
-0.0486952
-0.0525918
-0.0338225
-0.00967142
-0.0102535
-0.0372372
-0.0668215
-0.0844553
-0.08766
-0.0791766
-0.062249
-0.0396896
-0.0137021
0.0141202
0.042686
0.0712756
0.0994312
0.126874
0.153446
0.179067
0.203705
0.227362
0.250056
0.271818
0.29268
0.312679
0.331848
0.35022
0.367823
0.384682
0.400817
0.416246
0.430981
0.445029
0.458396
0.47108
0.483078
0.494383
0.504981
0.514857
0.523991
0.532359
0.539935
0.546686
0.552577
0.557568
0.561615
0.564669
0.566675
0.567576
0.567305
0.56579
0.562952
0.558701
0.552936
0.545545
0.536395
0.525335
0.512186
0.496733
0.478719
0.457828
0.433675
0.405795
0.373632
0.336559
0.293936
0.245267
0.19052
0.130713
0.0687926
0.0106786
-0.0340632
-0.0536147
-0.0420301
-0.0139094
-0.016137
-0.0508502
-0.0786864
-0.0857187
-0.0741944
-0.0504716
-0.0196257
0.0147981
0.050466
0.0859509
0.120441
0.153513
0.184982
0.214804
0.243011
0.26968
0.294902
0.318775
0.341398
0.362858
0.38324
0.402618
0.421055
0.438609
0.455329
0.471256
0.486424
0.500862
0.514592
0.527629
0.539986
0.551669
0.56268
0.573015
0.582667
0.591627
0.599877
0.607401
0.614174
0.62017
0.625358
0.629704
0.633169
0.63571
0.63728
0.637827
0.637292
0.635612
0.632714
0.628521
0.622941
0.615871
0.607192
0.596765
0.584421
0.569958
0.553127
0.533615
0.511027
0.484862
0.454485
0.419105
0.377772
0.329445
0.273197
0.208714
0.13728
0.0634022
-0.00311587
-0.0463517
-0.0505338
-0.0199788
-0.0246198
-0.0658486
-0.080249
-0.0636475
-0.027869
0.0167042
0.0640068
0.110711
0.155145
0.196621
0.234982
0.27034
0.302921
0.332991
0.360815
0.386639
0.410684
0.433142
0.454178
0.473936
0.492537
0.510085
0.526666
0.542356
0.557216
0.571298
0.584646
0.597294
0.60927
0.620595
0.631286
0.641352
0.650799
0.659628
0.667836
0.675416
0.682356
0.688643
0.694256
0.699176
0.703376
0.706828
0.709499
0.711354
0.712353
0.712452
0.711601
0.709748
0.706832
0.702786
0.697532
0.690983
0.683036
0.67357
0.662438
0.649459
0.634409
0.616999
0.596857
0.573493
0.546259
0.514294
0.476465
0.431325
0.377146
0.31216
0.235328
0.148144
0.0578765
-0.0183948
-0.0528657
-0.026221
-0.0312984
-0.0687257
-0.0436695
0.0154802
0.0836903
0.150395
0.211712
0.266462
0.314779
0.357341
0.394953
0.42838
0.458287
0.485232
0.509674
0.531986
0.552473
0.571382
0.588915
0.605238
0.620487
0.634774
0.648193
0.660819
0.672717
0.683939
0.694527
0.704518
0.713937
0.722808
0.731145
0.73896
0.74626
0.753047
0.75932
0.765074
0.770303
0.774994
0.779133
0.782706
0.78569
0.788066
0.789806
0.790884
0.791269
0.790926
0.789818
0.787903
0.785134
0.781459
0.776817
0.771141
0.764349
0.756344
0.747009
0.736199
0.723728
0.709357
0.692771
0.673544
0.651096
0.624623
0.592999
0.554646
0.507385
0.44832
0.374025
0.281701
0.172055
0.0556966
-0.0301861
-0.0232112
-0.000660269
0.000353748
0.104336
0.217911
0.312108
0.388137
0.449793
0.500026
0.541365
0.575885
0.605159
0.630352
0.652326
0.671726
0.689038
0.704629
0.718786
0.73173
0.743636
0.754644
0.764864
0.774388
0.783288
0.791624
0.799446
0.806793
0.813697
0.820185
0.826276
0.831987
0.83733
0.842312
0.846939
0.851213
0.855133
0.858697
0.861899
0.864731
0.867185
0.869249
0.87091
0.872154
0.872963
0.873319
0.873201
0.872588
0.871455
0.869773
0.867512
0.864638
0.861111
0.856886
0.851909
0.846116
0.839426
0.831742
0.822937
0.812843
0.801241
0.787828
0.772181
0.753701
0.731512
0.704311
0.670124
0.62591
0.567062
0.487049
0.376957
0.228427
0.0726433
0.0309694
0.292184
0.379306
0.530608
0.644333
0.714301
0.760022
0.792317
0.816135
0.834342
0.848765
0.860553
0.870433
0.878888
0.886247
0.892743
0.898544
0.903775
0.908531
0.912885
0.916892
0.920599
0.92404
0.927244
0.930235
0.933031
0.935648
0.938097
0.940388
0.942528
0.944524
0.946379
0.948095
0.949675
0.951119
0.952426
0.953595
0.954623
0.955507
0.956242
0.956826
0.957252
0.957514
0.957606
0.957521
0.957251
0.956787
0.95612
0.955239
0.954134
0.95279
0.951193
0.949326
0.947168
0.944694
0.941874
0.938668
0.935026
0.930883
0.926149
0.920703
0.914373
0.90691
0.897944
0.886903
0.872863
0.854247
0.828214
0.789432
0.726146
0.611349
0.435852
0.317985
)
;

boundaryField
{
    movingWall
    {
        type            calculated;
        value           uniform 1;
    }
    fixedWalls
    {
        type            calculated;
        value           uniform 0;
    }
    frontAndBack
    {
        type            empty;
    }
}


// ************************************************************************* //
