/*--------------------------------*- C++ -*----------------------------------*\
  =========                 |
  \\      /  F ield         | OpenFOAM: The Open Source CFD Toolbox
   \\    /   O peration     | Website:  https://openfoam.org
    \\  /    A nd           | Version:  dev
     \\/     M anipulation  |
\*---------------------------------------------------------------------------*/
FoamFile
{
    format      ascii;
    class       volScalarField;
    location    "20.7";
    object      Ux;
}
// * * * * * * * * * * * * * * * * * * * * * * * * * * * * * * * * * * * * * //

dimensions      [0 1 -1 0 0 0 0];

internalField   nonuniform List<scalar> 
5184
(
1.24775e-05
4.53653e-05
8.03476e-05
9.58904e-05
8.2005e-05
3.62888e-05
-4.07126e-05
-0.000146983
-0.000279734
-0.000435912
-0.000612398
-0.00080616
-0.00101434
-0.00123426
-0.00146348
-0.00169973
-0.00194095
-0.00218522
-0.00243076
-0.0026759
-0.00291901
-0.00315855
-0.00339298
-0.00362079
-0.00384045
-0.00405042
-0.00424915
-0.00443506
-0.00460658
-0.00476213
-0.00490015
-0.00501913
-0.0051176
-0.00519419
-0.00524764
-0.00527683
-0.00528082
-0.00525889
-0.00521053
-0.00513552
-0.00503392
-0.0049061
-0.00475276
-0.00457497
-0.00437411
-0.00415195
-0.00391058
-0.00365241
-0.00338017
-0.00309687
-0.00280573
-0.00251018
-0.00221379
-0.00192019
-0.00163308
-0.00135608
-0.00109272
-0.000846378
-0.000620194
-0.000417018
-0.000239345
-8.92539e-05
3.16681e-05
0.000122406
0.000182626
0.000212828
0.000214597
0.000190975
0.000146985
9.07096e-05
3.66005e-05
6.22471e-06
2.09198e-05
6.57114e-05
9.46776e-05
7.26635e-05
-1.91241e-05
-0.000187493
-0.000433019
-0.000752487
-0.00114036
-0.00158985
-0.00209363
-0.00264425
-0.00323442
-0.00385714
-0.00450581
-0.00517426
-0.00585667
-0.00654761
-0.00724196
-0.00793483
-0.00862153
-0.0092975
-0.00995829
-0.0105995
-0.0112166
-0.0118054
-0.0123613
-0.01288
-0.0133572
-0.0137883
-0.0141693
-0.014496
-0.0147646
-0.0149714
-0.0151131
-0.0151869
-0.0151905
-0.0151221
-0.0149805
-0.0147653
-0.014477
-0.0141168
-0.0136868
-0.0131901
-0.0126305
-0.0120129
-0.0113431
-0.0106277
-0.00987404
-0.00909024
-0.00828497
-0.00746741
-0.00664709
-0.00583372
-0.00503709
-0.00426684
-0.00353236
-0.00284255
-0.00220569
-0.00162924
-0.0011197
-0.000682346
-0.000321097
-3.82381e-05
0.000165857
0.000293106
0.000348249
0.00033954
0.000279454
0.000185819
8.62736e-05
1.96601e-05
1.7652e-05
4.13333e-05
1.95396e-05
-8.41004e-05
-0.000290325
-0.000607858
-0.00103795
-0.00157678
-0.0022172
-0.00295002
-0.00376496
-0.00465134
-0.00559844
-0.0065958
-0.00763338
-0.00870163
-0.00979148
-0.0108943
-0.012002
-0.0131066
-0.0142006
-0.0152766
-0.0163275
-0.017346
-0.0183251
-0.0192578
-0.020137
-0.0209559
-0.0217074
-0.022385
-0.0229819
-0.0234919
-0.0239092
-0.0242282
-0.024444
-0.0245525
-0.0245502
-0.0244346
-0.0242043
-0.0238588
-0.0233991
-0.0228272
-0.0221467
-0.0213623
-0.0204803
-0.0195083
-0.0184553
-0.0173314
-0.016148
-0.0149175
-0.0136532
-0.0123692
-0.01108
-0.0098003
-0.0085451
-0.00732904
-0.00616637
-0.00507061
-0.00405427
-0.00312865
-0.00230346
-0.00158659
-0.000983781
-0.000498271
-0.000130379
0.00012296
0.000268826
0.000319045
0.00029073
0.00020708
0.000102316
2.49475e-05
8.83634e-06
-7.02454e-06
-0.000107593
-0.000322318
-0.000669402
-0.00115723
-0.00178653
-0.00255255
-0.00344672
-0.00445805
-0.00557404
-0.00678153
-0.00806709
-0.0094175
-0.0108199
-0.0122618
-0.0137313
-0.0152171
-0.0167082
-0.0181941
-0.0196645
-0.0211096
-0.0225196
-0.0238848
-0.0251956
-0.0264428
-0.0276168
-0.0287085
-0.0297087
-0.0306086
-0.0313995
-0.0320735
-0.0326227
-0.0330402
-0.0333198
-0.0334561
-0.0334451
-0.0332837
-0.0329702
-0.0325043
-0.0318875
-0.0311227
-0.0302148
-0.0291701
-0.0279969
-0.0267052
-0.0253068
-0.0238149
-0.0222443
-0.0206111
-0.0189325
-0.0172267
-0.0155124
-0.0138088
-0.0121349
-0.0105099
-0.00895191
-0.00747846
-0.00610566
-0.00484799
-0.00371794
-0.00272561
-0.00187834
-0.00118026
-0.000631835
-0.000229387
3.55471e-05
0.000176839
0.000214191
0.000173737
9.28751e-05
2.39951e-05
-2.13009e-06
-6.72811e-05
-0.000264016
-0.000609491
-0.00111618
-0.00179026
-0.00263074
-0.00363125
-0.00478166
-0.00606926
-0.00747972
-0.0089978
-0.0106079
-0.0122945
-0.0140424
-0.0158366
-0.0176629
-0.0195075
-0.0213569
-0.0231983
-0.025019
-0.0268068
-0.0285495
-0.0302354
-0.0318525
-0.0333893
-0.0348344
-0.0361763
-0.0374041
-0.0385069
-0.0394745
-0.0402971
-0.0409656
-0.0414716
-0.041808
-0.0419685
-0.0419483
-0.041744
-0.0413538
-0.0407778
-0.0400177
-0.0390775
-0.0379629
-0.0366819
-0.0352446
-0.033663
-0.0319511
-0.0301251
-0.0282025
-0.0262025
-0.0241459
-0.0220541
-0.0199497
-0.0178553
-0.0157938
-0.0137879
-0.0118594
-0.0100292
-0.00831637
-0.00673834
-0.00531003
-0.00404356
-0.00294779
-0.00202788
-0.00128476
-0.000714703
-0.000308721
-5.2073e-05
7.60892e-05
0.00010324
6.7352e-05
1.9633e-05
-1.36943e-05
-0.000132775
-0.000435584
-0.00092407
-0.00160284
-0.00247445
-0.00353506
-0.00477595
-0.00618506
-0.00774787
-0.00944826
-0.0112692
-0.0131932
-0.0152027
-0.0172805
-0.0194098
-0.0215739
-0.0237571
-0.0259438
-0.028119
-0.0302679
-0.0323762
-0.0344297
-0.0364144
-0.0383166
-0.0401227
-0.0418193
-0.0433932
-0.0448317
-0.0461224
-0.0472533
-0.0482134
-0.0489922
-0.0495803
-0.0499695
-0.050153
-0.0501253
-0.0498828
-0.0494237
-0.0487482
-0.0478584
-0.046759
-0.0454568
-0.043961
-0.0422831
-0.0404371
-0.0384389
-0.0363069
-0.0340611
-0.0317237
-0.029318
-0.0268686
-0.0244011
-0.0219414
-0.0195157
-0.0171498
-0.0148687
-0.0126962
-0.0106543
-0.00876301
-0.0070395
-0.0054979
-0.00414867
-0.00299817
-0.00204821
-0.0012955
-0.000731301
-0.000340907
-0.000103392
8.84498e-06
3.23569e-05
1.35906e-05
-2.51759e-05
-0.000199889
-0.000613657
-0.00125199
-0.00211041
-0.00318677
-0.00447349
-0.00595886
-0.0076284
-0.00946557
-0.0114524
-0.0135701
-0.0157995
-0.0181213
-0.0205165
-0.0229664
-0.0254528
-0.027958
-0.0304644
-0.0329553
-0.035414
-0.0378243
-0.0401702
-0.0424358
-0.0446057
-0.0466645
-0.0485971
-0.0503888
-0.0520251
-0.0534923
-0.054777
-0.0558669
-0.0567505
-0.0574173
-0.0578585
-0.0580663
-0.0580351
-0.0577608
-0.0572415
-0.0564776
-0.0554716
-0.0542287
-0.0527565
-0.0510652
-0.0491677
-0.0470792
-0.0448177
-0.0424032
-0.039858
-0.0372066
-0.0344747
-0.0316896
-0.0288797
-0.0260737
-0.0233007
-0.0205894
-0.0179677
-0.015462
-0.0130973
-0.0108959
-0.0088772
-0.00705747
-0.0054489
-0.00405934
-0.0028918
-0.00194399
-0.00120801
-0.000669919
-0.00030955
-0.0001001
-7.82992e-06
6.83412e-06
-3.63177e-05
-0.000266743
-0.000793121
-0.00158433
-0.00262621
-0.00391121
-0.00542737
-0.0071594
-0.00909001
-0.0112003
-0.0134704
-0.0158798
-0.0184074
-0.0210326
-0.0237348
-0.0264936
-0.0292892
-0.0321023
-0.0349139
-0.0377055
-0.0404587
-0.0431558
-0.045779
-0.0483111
-0.0507348
-0.0530332
-0.0551899
-0.0571884
-0.0590132
-0.060649
-0.0620814
-0.0632968
-0.0642828
-0.065028
-0.0655228
-0.0657588
-0.0657299
-0.0654318
-0.0648623
-0.0640218
-0.0629133
-0.0615421
-0.0599165
-0.0580476
-0.0559491
-0.0536376
-0.0511323
-0.048455
-0.0456299
-0.0426831
-0.0396429
-0.0365389
-0.0334017
-0.0302629
-0.027154
-0.0241066
-0.0211513
-0.0183172
-0.0156318
-0.0131199
-0.0108035
-0.00870084
-0.00682613
-0.00518901
-0.00379409
-0.00264053
-0.00172178
-0.00102528
-0.000532252
-0.000217363
-5.05438e-05
-1.05681e-07
-4.70249e-05
-0.000332358
-0.000970986
-0.00191548
-0.00314185
-0.00463674
-0.00638336
-0.00836242
-0.0105535
-0.0129351
-0.0154851
-0.0181813
-0.021001
-0.0239219
-0.0269221
-0.0299797
-0.0330736
-0.036183
-0.0392876
-0.0423672
-0.0454025
-0.0483739
-0.0512624
-0.0540493
-0.0567159
-0.0592441
-0.0616159
-0.0638138
-0.0658208
-0.0676206
-0.0691976
-0.0705372
-0.071626
-0.0724519
-0.0730044
-0.0732747
-0.0732559
-0.0729434
-0.072335
-0.0714307
-0.0702335
-0.0687492
-0.0669863
-0.0649564
-0.062674
-0.0601567
-0.0574248
-0.0545014
-0.0514122
-0.0481852
-0.0448504
-0.0414397
-0.037986
-0.0345232
-0.0310854
-0.0277068
-0.0244207
-0.0212589
-0.0182515
-0.015426
-0.0128069
-0.0104147
-0.00826603
-0.00637257
-0.00474089
-0.00337204
-0.00226127
-0.00139788
-0.000764935
-0.000339045
-9.42281e-05
-6.95901e-06
-5.72861e-05
-0.000396254
-0.00114552
-0.00224194
-0.00365177
-0.00535573
-0.00733188
-0.0095567
-0.0120063
-0.0146564
-0.0174827
-0.0204609
-0.0235668
-0.0267765
-0.0300668
-0.0334145
-0.0367973
-0.0401931
-0.0435803
-0.0469378
-0.0502447
-0.0534804
-0.0566246
-0.0596573
-0.0625587
-0.0653094
-0.0678903
-0.0702828
-0.0724686
-0.0744304
-0.0761517
-0.0776169
-0.0788117
-0.0797231
-0.0803398
-0.0806524
-0.0806534
-0.0803377
-0.0797027
-0.0787482
-0.077477
-0.0758948
-0.0740103
-0.0718355
-0.0693853
-0.0666779
-0.0637345
-0.0605794
-0.0572394
-0.0537442
-0.0501254
-0.0464168
-0.0426536
-0.0388719
-0.0351084
-0.0313998
-0.0277821
-0.02429
-0.0209563
-0.0178113
-0.0148823
-0.0121924
-0.00976083
-0.00760167
-0.00572386
-0.00413071
-0.00281966
-0.00178224
-0.00100374
-0.000462935
-0.000138067
-1.36105e-05
-6.71193e-05
-0.000458206
-0.00131572
-0.00256147
-0.00415227
-0.00606284
-0.00826604
-0.0107339
-0.0134389
-0.0163539
-0.0194521
-0.0227073
-0.0260935
-0.0295856
-0.0331587
-0.0367888
-0.0404522
-0.0441258
-0.0477871
-0.0514137
-0.0549838
-0.0584757
-0.0618681
-0.0651399
-0.0682702
-0.0712386
-0.074025
-0.0766096
-0.0789734
-0.0810979
-0.0829657
-0.0845602
-0.0858663
-0.0868701
-0.0875596
-0.0879246
-0.0879569
-0.0876507
-0.0870029
-0.0860128
-0.0846829
-0.0830185
-0.0810284
-0.0787244
-0.0761218
-0.0732391
-0.0700982
-0.066724
-0.0631446
-0.0593908
-0.055496
-0.0514957
-0.0474271
-0.0433286
-0.0392395
-0.035199
-0.031246
-0.0274181
-0.0237512
-0.0202785
-0.0170303
-0.0140329
-0.0113081
-0.00887309
-0.00673937
-0.00491288
-0.00339364
-0.00217571
-0.0012468
-0.000588025
-0.000181736
-2.00338e-05
-7.65487e-05
-0.000518112
-0.001481
-0.00287267
-0.00464081
-0.00675428
-0.00918073
-0.0118877
-0.0148439
-0.0180192
-0.0213844
-0.0249111
-0.0285717
-0.0323396
-0.0361887
-0.0400939
-0.0440306
-0.0479746
-0.0519024
-0.0557908
-0.0596172
-0.0633589
-0.0669937
-0.0704996
-0.0738549
-0.0770383
-0.0800285
-0.0828051
-0.0853481
-0.087638
-0.0896566
-0.0913864
-0.0928113
-0.0939166
-0.0946895
-0.0951187
-0.0951953
-0.0949129
-0.0942673
-0.0932574
-0.0918849
-0.0901548
-0.0880753
-0.0856581
-0.0829184
-0.0798747
-0.0765493
-0.0729678
-0.069159
-0.0651549
-0.0609903
-0.0567023
-0.0523302
-0.0479147
-0.0434975
-0.0391208
-0.0348262
-0.0306547
-0.0266453
-0.0228345
-0.019256
-0.0159394
-0.0129099
-0.0101877
-0.00778751
-0.00571821
-0.00398267
-0.00257776
-0.00149377
-0.000714158
-0.000225236
-2.62556e-05
-8.5596e-05
-0.000575921
-0.00164098
-0.00317455
-0.00511558
-0.00742725
-0.0100721
-0.013013
-0.0162152
-0.0196454
-0.0232718
-0.027064
-0.0309928
-0.03503
-0.0391485
-0.0433219
-0.0475249
-0.0517324
-0.0559201
-0.0600642
-0.064141
-0.0681273
-0.0720002
-0.0757368
-0.0793148
-0.0827119
-0.0859062
-0.0888764
-0.0916016
-0.0940616
-0.0962372
-0.09811
-0.099663
-0.100881
-0.101749
-0.102256
-0.102392
-0.102149
-0.101522
-0.100509
-0.0991113
-0.0973327
-0.0951809
-0.0926668
-0.0898054
-0.0866152
-0.0831182
-0.0793406
-0.0753118
-0.0710647
-0.0666352
-0.0620623
-0.0573871
-0.0526526
-0.0479031
-0.0431838
-0.0385394
-0.0340143
-0.029651
-0.0254898
-0.021568
-0.017919
-0.0145716
-0.0115497
-0.00887138
-0.00654891
-0.00458831
-0.00298946
-0.00174536
-0.000841785
-0.000268788
-3.23344e-05
-9.42765e-05
-0.000631599
-0.00179537
-0.00346636
-0.00557519
-0.00807952
-0.0109369
-0.0141059
-0.0175479
-0.0212266
-0.0251078
-0.029159
-0.0333492
-0.0376489
-0.0420299
-0.0464649
-0.0509275
-0.0553921
-0.0598337
-0.0642278
-0.0685502
-0.072777
-0.0768846
-0.0808498
-0.0846493
-0.0882603
-0.0916602
-0.094827
-0.097739
-0.100375
-0.102715
-0.104741
-0.106433
-0.107775
-0.108753
-0.109353
-0.109564
-0.109377
-0.108787
-0.107789
-0.106385
-0.104576
-0.102369
-0.0997758
-0.096809
-0.0934869
-0.0898317
-0.0858693
-0.0816297
-0.0771465
-0.0724567
-0.0676008
-0.0626218
-0.0575652
-0.0524779
-0.0474081
-0.0424041
-0.0375137
-0.0327834
-0.0282577
-0.0239779
-0.0199814
-0.0163015
-0.0129657
-0.00999636
-0.00740919
-0.00521374
-0.00341309
-0.00200309
-0.000971784
-0.000312764
-3.83484e-05
-0.000102598
-0.000685101
-0.00194394
-0.00374749
-0.00601843
-0.0087092
-0.0117725
-0.0151626
-0.0188374
-0.0227576
-0.0268864
-0.0311893
-0.0356337
-0.0401889
-0.0448253
-0.0495149
-0.0542307
-0.0589462
-0.063636
-0.0682749
-0.0728385
-0.0773022
-0.0816421
-0.0858343
-0.0898551
-0.0936811
-0.0972893
-0.100657
-0.103761
-0.106581
-0.109095
-0.111283
-0.113126
-0.114607
-0.115709
-0.116418
-0.116722
-0.11661
-0.116075
-0.115113
-0.113721
-0.111902
-0.10966
-0.107005
-0.10395
-0.100512
-0.0967122
-0.092577
-0.0881363
-0.0834241
-0.0784786
-0.0733415
-0.0680579
-0.0626754
-0.0572439
-0.0518147
-0.0464399
-0.0411713
-0.0360595
-0.0311535
-0.0264992
-0.0221387
-0.0181098
-0.0144446
-0.0111696
-0.00830476
-0.00586332
-0.00385182
-0.00226906
-0.00110534
-0.000357636
-4.43875e-05
-0.000110561
-0.000736368
-0.00208643
-0.00401734
-0.00644423
-0.00931457
-0.0125765
-0.0161801
-0.0200799
-0.0242336
-0.028602
-0.0331487
-0.0378396
-0.0426424
-0.0475269
-0.0524641
-0.0574261
-0.0623863
-0.0673186
-0.0721975
-0.076998
-0.0816955
-0.0862655
-0.0906837
-0.0949262
-0.0989691
-0.102789
-0.106362
-0.109665
-0.112676
-0.115374
-0.117736
-0.119744
-0.121378
-0.122621
-0.123457
-0.123872
-0.123854
-0.123396
-0.122489
-0.121131
-0.119322
-0.117065
-0.114368
-0.111243
-0.107706
-0.103777
-0.0994826
-0.0948514
-0.0899183
-0.0847222
-0.0793063
-0.0737172
-0.068005
-0.0622227
-0.0564249
-0.0506674
-0.0450064
-0.0394974
-0.034194
-0.0291473
-0.0244045
-0.0200085
-0.0159965
-0.0123997
-0.00924249
-0.00654234
-0.00430948
-0.00254579
-0.00124384
-0.000403947
-5.05497e-05
-0.000118159
-0.000785319
-0.00222255
-0.00427527
-0.00685148
-0.00989396
-0.0133464
-0.0171552
-0.0212713
-0.0256498
-0.0302492
-0.0350311
-0.0399599
-0.0450022
-0.0501268
-0.0553039
-0.0605053
-0.0657036
-0.0708725
-0.0759863
-0.0810196
-0.0859476
-0.0907457
-0.0953893
-0.099854
-0.104116
-0.10815
-0.111934
-0.115443
-0.118655
-0.121546
-0.124095
-0.126281
-0.128083
-0.129484
-0.130465
-0.131011
-0.131109
-0.130747
-0.129919
-0.128617
-0.12684
-0.12459
-0.121873
-0.118698
-0.115081
-0.11104
-0.1066
-0.10179
-0.0966458
-0.0912056
-0.085514
-0.0796195
-0.0735746
-0.067435
-0.0612591
-0.0551068
-0.049039
-0.043116
-0.037397
-0.0319385
-0.0267936
-0.0220108
-0.0176328
-0.0136961
-0.0102301
-0.00725675
-0.00479037
-0.00283609
-0.00138884
-0.000452285
-5.69371e-05
-0.00012538
-0.000831849
-0.00235198
-0.00452062
-0.00723907
-0.0104457
-0.0140801
-0.0180849
-0.0224079
-0.0270017
-0.0318225
-0.0368302
-0.0419877
-0.0472607
-0.0526168
-0.0580258
-0.0634588
-0.0688883
-0.0742876
-0.0796308
-0.0848925
-0.0900477
-0.0950716
-0.0999395
-0.104627
-0.109109
-0.113363
-0.117362
-0.121084
-0.124505
-0.1276
-0.130348
-0.132726
-0.134713
-0.136288
-0.137433
-0.138131
-0.138366
-0.138124
-0.137396
-0.136174
-0.134454
-0.132235
-0.12952
-0.126317
-0.12264
-0.118505
-0.113937
-0.108964
-0.103619
-0.0979428
-0.0919804
-0.085782
-0.0794022
-0.0728998
-0.0663369
-0.0597778
-0.0532882
-0.0469341
-0.0407804
-0.0348897
-0.0293215
-0.0241304
-0.0193654
-0.0150689
-0.0112758
-0.00801296
-0.00529912
-0.00314299
-0.00154198
-0.000503271
-6.36546e-05
-0.000132206
-0.000875834
-0.00247435
-0.00475266
-0.0076058
-0.010968
-0.014775
-0.018966
-0.0234859
-0.0282847
-0.0333166
-0.0385399
-0.0439162
-0.04941
-0.0549883
-0.0606203
-0.0662768
-0.0719298
-0.0775527
-0.0831194
-0.0886045
-0.0939829
-0.0992299
-0.104321
-0.109231
-0.113936
-0.11841
-0.122631
-0.126572
-0.13021
-0.13352
-0.136479
-0.139063
-0.14125
-0.143018
-0.144347
-0.145216
-0.14561
-0.145512
-0.144909
-0.143792
-0.142153
-0.139989
-0.137301
-0.134095
-0.130381
-0.126174
-0.121496
-0.116375
-0.110844
-0.104943
-0.0987167
-0.0922177
-0.0855028
-0.0786335
-0.0716758
-0.0646986
-0.0577728
-0.0509701
-0.044362
-0.0380179
-0.0320039
-0.0263816
-0.021207
-0.0165289
-0.0123883
-0.00881771
-0.00584059
-0.00346964
-0.00170499
-0.000557547
-7.0809e-05
-0.000138615
-0.000917131
-0.00258926
-0.00497063
-0.00795042
-0.011459
-0.0154287
-0.0197953
-0.0245012
-0.0294939
-0.0347259
-0.0401538
-0.045738
-0.0514422
-0.0572326
-0.063078
-0.0689488
-0.074817
-0.0806557
-0.0864391
-0.0921417
-0.0977386
-0.103205
-0.108517
-0.113649
-0.118576
-0.123275
-0.12772
-0.131886
-0.135749
-0.139284
-0.142465
-0.145269
-0.147672
-0.14965
-0.151181
-0.152243
-0.152818
-0.152887
-0.152435
-0.151448
-0.149918
-0.147836
-0.145202
-0.142019
-0.138292
-0.134037
-0.129272
-0.124023
-0.118322
-0.112209
-0.105729
-0.0989356
-0.0918875
-0.0846493
-0.0772907
-0.0698852
-0.0625095
-0.0552414
-0.0481592
-0.0413396
-0.0348563
-0.0287787
-0.0231702
-0.0180869
-0.0135766
-0.00967789
-0.0064198
-0.00381931
-0.00187963
-0.000615768
-7.85077e-05
-0.000144582
-0.000955581
-0.00269627
-0.0051737
-0.00827163
-0.011917
-0.0160387
-0.0205698
-0.02545
-0.0306248
-0.0360449
-0.0416655
-0.0474459
-0.053349
-0.0593405
-0.0653886
-0.0714636
-0.0775376
-0.0835836
-0.0895758
-0.0954891
-0.101299
-0.10698
-0.112509
-0.117861
-0.123011
-0.127935
-0.132607
-0.137003
-0.141098
-0.144865
-0.148279
-0.151316
-0.153948
-0.156153
-0.157905
-0.159182
-0.15996
-0.160221
-0.159944
-0.159115
-0.15772
-0.15575
-0.153198
-0.150065
-0.146355
-0.142078
-0.13725
-0.131896
-0.126045
-0.119737
-0.113017
-0.105939
-0.0985626
-0.0909562
-0.0831929
-0.0753512
-0.0675131
-0.0597635
-0.0521878
-0.0448706
-0.037894
-0.0313357
-0.0252675
-0.0197537
-0.0148495
-0.0106005
-0.00704183
-0.00419531
-0.00206769
-0.000678597
-8.68592e-05
-0.000150078
-0.000991015
-0.00279493
-0.005361
-0.0085681
-0.0123399
-0.0166025
-0.0212861
-0.0263282
-0.0316724
-0.0372678
-0.0430683
-0.0490323
-0.0551219
-0.0613023
-0.0675415
-0.0738097
-0.0800789
-0.0863223
-0.0925143
-0.0986301
-0.104645
-0.110535
-0.116277
-0.121845
-0.127215
-0.132364
-0.137265
-0.141894
-0.146225
-0.150232
-0.153889
-0.157168
-0.160045
-0.162492
-0.164483
-0.165993
-0.166997
-0.167473
-0.167398
-0.166754
-0.165524
-0.163694
-0.161255
-0.158204
-0.15454
-0.15027
-0.145408
-0.139975
-0.133999
-0.127517
-0.120574
-0.113224
-0.105529
-0.0975584
-0.0893897
-0.0811061
-0.0727955
-0.0645497
-0.0564619
-0.0486254
-0.041131
-0.034066
-0.0275112
-0.0215399
-0.0162159
-0.0115926
-0.00771176
-0.00460097
-0.00227097
-0.000746703
-9.59723e-05
-0.000155074
-0.00102326
-0.00288477
-0.00553169
-0.00883846
-0.012726
-0.0171175
-0.0219411
-0.0271319
-0.032632
-0.038389
-0.0443558
-0.0504897
-0.0567524
-0.0631085
-0.0695261
-0.075975
-0.0824275
-0.0888571
-0.0952385
-0.101547
-0.107759
-0.11385
-0.119797
-0.125577
-0.131164
-0.136535
-0.141664
-0.146527
-0.151098
-0.155349
-0.159255
-0.162787
-0.165919
-0.168622
-0.170869
-0.172631
-0.173882
-0.174597
-0.174749
-0.174317
-0.173281
-0.171623
-0.169329
-0.166392
-0.162807
-0.158578
-0.153714
-0.148233
-0.142159
-0.135529
-0.128385
-0.120781
-0.11278
-0.104454
-0.095883
-0.0871553
-0.0783649
-0.0696105
-0.0609936
-0.0526167
-0.0445805
-0.0369822
-0.0299129
-0.023456
-0.0176847
-0.012661
-0.00843469
-0.00503962
-0.0024913
-0.000820757
-0.000105957
-0.000159541
-0.00105214
-0.00296534
-0.0056849
-0.0090814
-0.0130732
-0.0175813
-0.0225314
-0.0278572
-0.0334989
-0.039403
-0.0455213
-0.0518106
-0.0582317
-0.0647494
-0.0713311
-0.0779472
-0.0845698
-0.0911729
-0.0977315
-0.104222
-0.11062
-0.116903
-0.123047
-0.12903
-0.134828
-0.140416
-0.145771
-0.150867
-0.155677
-0.160176
-0.164335
-0.168128
-0.171524
-0.174495
-0.177011
-0.179043
-0.180561
-0.181536
-0.181941
-0.181749
-0.180936
-0.179481
-0.177366
-0.174578
-0.171109
-0.166956
-0.162125
-0.15663
-0.150492
-0.143743
-0.136425
-0.128591
-0.120302
-0.111634
-0.102669
-0.0934991
-0.084225
-0.0749525
-0.0657919
-0.0568551
-0.0482537
-0.0400956
-0.0324836
-0.0255117
-0.0192641
-0.0138125
-0.00921559
-0.00551455
-0.00273047
-0.000901432
-0.000116923
-0.000163449
-0.00107749
-0.00303617
-0.00581982
-0.00929564
-0.0133799
-0.0179914
-0.0230542
-0.0285003
-0.0342685
-0.0403043
-0.0465586
-0.0529875
-0.0595516
-0.0662151
-0.0729457
-0.0797138
-0.0864917
-0.0932539
-0.0999759
-0.106634
-0.113206
-0.119669
-0.126
-0.132177
-0.138177
-0.143976
-0.14955
-0.154874
-0.159922
-0.164668
-0.169083
-0.173139
-0.176806
-0.180054
-0.182852
-0.185168
-0.18697
-0.188227
-0.188908
-0.188983
-0.188423
-0.187204
-0.185302
-0.182699
-0.179383
-0.175345
-0.170587
-0.165117
-0.158952
-0.152121
-0.144662
-0.136625
-0.128074
-0.119083
-0.109736
-0.100132
-0.0903746
-0.0805784
-0.0708623
-0.0613485
-0.0521598
-0.0434163
-0.0352329
-0.0277162
-0.0209621
-0.0150537
-0.0100593
-0.00602901
-0.00299027
-0.000989401
-0.000128983
-0.000166772
-0.00109915
-0.00309687
-0.0059357
-0.00948003
-0.0136443
-0.0183457
-0.0235067
-0.0290577
-0.0349366
-0.0410879
-0.0474617
-0.0540135
-0.0607037
-0.0674963
-0.0743591
-0.0812625
-0.0881794
-0.0950846
-0.101954
-0.108765
-0.115496
-0.122125
-0.128629
-0.134987
-0.141178
-0.147177
-0.152962
-0.158507
-0.163788
-0.168776
-0.173446
-0.177767
-0.181708
-0.18524
-0.188328
-0.19094
-0.193042
-0.194599
-0.195578
-0.195945
-0.195667
-0.194715
-0.193061
-0.190681
-0.187558
-0.183678
-0.179035
-0.173633
-0.167484
-0.160611
-0.153049
-0.144847
-0.136064
-0.126775
-0.117067
-0.10704
-0.0968064
-0.0864856
-0.0762062
-0.0661013
-0.0563055
-0.0469521
-0.0381694
-0.0300777
-0.0227862
-0.0163905
-0.0109706
-0.00658619
-0.00327248
-0.00108533
-0.000142251
-0.000169484
-0.00111698
-0.00314708
-0.00603187
-0.00963354
-0.0138651
-0.0186423
-0.0238862
-0.0295263
-0.0354994
-0.0417491
-0.0482249
-0.054882
-0.0616803
-0.068584
-0.0755607
-0.0825814
-0.0896192
-0.0966494
-0.103649
-0.110595
-0.117468
-0.124245
-0.130907
-0.137432
-0.143799
-0.149985
-0.155968
-0.161724
-0.167227
-0.172452
-0.17737
-0.181953
-0.186169
-0.189986
-0.19337
-0.196287
-0.1987
-0.200573
-0.201869
-0.202551
-0.202583
-0.201929
-0.200558
-0.198441
-0.195552
-0.191873
-0.187392
-0.182105
-0.176019
-0.169152
-0.161533
-0.153206
-0.144229
-0.134675
-0.124633
-0.114205
-0.103506
-0.0926659
-0.0818205
-0.0711143
-0.0606947
-0.0507088
-0.0412999
-0.0326033
-0.0247431
-0.0178289
-0.011954
-0.00718916
-0.00357883
-0.0011899
-0.00015684
-0.000171565
-0.00113088
-0.0031865
-0.00610781
-0.00975535
-0.014041
-0.0188795
-0.0241909
-0.0299036
-0.0359536
-0.0422838
-0.0488434
-0.055587
-0.0624744
-0.0694698
-0.076541
-0.0836591
-0.0907979
-0.0979333
-0.105043
-0.112105
-0.1191
-0.126007
-0.132807
-0.13948
-0.146005
-0.152362
-0.158527
-0.164479
-0.170193
-0.175642
-0.1808
-0.185637
-0.190122
-0.194223
-0.197905
-0.201131
-0.203864
-0.206066
-0.207695
-0.208713
-0.209079
-0.208754
-0.2077
-0.205883
-0.203271
-0.199839
-0.195569
-0.190449
-0.184478
-0.177669
-0.170044
-0.161642
-0.152517
-0.142739
-0.132398
-0.121595
-0.110453
-0.0991045
-0.0876963
-0.0763837
-0.0653274
-0.0546896
-0.0446294
-0.0352989
-0.0268385
-0.0193741
-0.0130136
-0.00784088
-0.00391101
-0.00130376
-0.000172869
-0.000173001
-0.00114076
-0.00321493
-0.00616316
-0.00984488
-0.0141713
-0.0190563
-0.0244191
-0.0301874
-0.0362965
-0.0426889
-0.049313
-0.0561235
-0.0630799
-0.0701463
-0.077291
-0.0844853
-0.0917035
-0.0989221
-0.10612
-0.113275
-0.12037
-0.127385
-0.134302
-0.141101
-0.147764
-0.15427
-0.160599
-0.166729
-0.172636
-0.178294
-0.183678
-0.188758
-0.193503
-0.197881
-0.201856
-0.205392
-0.208449
-0.210987
-0.212963
-0.214335
-0.215057
-0.215088
-0.214384
-0.212904
-0.210612
-0.207475
-0.203466
-0.198567
-0.192769
-0.186075
-0.178502
-0.170082
-0.160863
-0.150911
-0.140314
-0.129174
-0.117616
-0.105779
-0.0938186
-0.0819007
-0.0702
-0.0588945
-0.0481607
-0.0381686
-0.0290774
-0.0210307
-0.0141533
-0.00854416
-0.00427069
-0.00142758
-0.000190456
-0.000173783
-0.00114658
-0.00323228
-0.00619772
-0.00990185
-0.0142554
-0.0191719
-0.0245699
-0.0303765
-0.0365265
-0.0429618
-0.0496307
-0.0564875
-0.0634916
-0.0706074
-0.0778031
-0.0850507
-0.0923249
-0.099603
-0.106864
-0.114089
-0.121259
-0.128357
-0.135366
-0.142267
-0.149043
-0.155675
-0.162144
-0.168428
-0.174506
-0.180354
-0.185945
-0.191251
-0.196242
-0.200886
-0.205147
-0.208987
-0.212367
-0.215245
-0.217576
-0.219314
-0.220412
-0.220823
-0.220499
-0.219393
-0.217463
-0.214667
-0.210973
-0.206352
-0.200787
-0.194273
-0.186816
-0.178441
-0.16919
-0.159123
-0.148323
-0.136892
-0.124956
-0.11266
-0.100165
-0.0876507
-0.0753041
-0.06332
-0.0518936
-0.041215
-0.0314634
-0.0228026
-0.0153766
-0.00930162
-0.00465945
-0.00156201
-0.000209724
-0.000173911
-0.00114835
-0.00323858
-0.00621157
-0.00992634
-0.0142936
-0.0192264
-0.0246431
-0.0304704
-0.0366427
-0.0431014
-0.0497945
-0.0566762
-0.063706
-0.0708481
-0.0780712
-0.0853476
-0.0926527
-0.0999645
-0.107263
-0.11453
-0.121749
-0.128902
-0.135974
-0.142949
-0.14981
-0.15654
-0.163121
-0.169534
-0.175758
-0.18177
-0.187545
-0.193056
-0.198274
-0.203166
-0.207699
-0.211834
-0.215531
-0.218746
-0.221435
-0.223548
-0.225036
-0.225847
-0.22593
-0.225232
-0.223704
-0.221297
-0.21797
-0.213686
-0.208418
-0.20215
-0.194881
-0.186623
-0.177409
-0.167294
-0.156354
-0.14469
-0.132425
-0.119707
-0.106707
-0.0936127
-0.0806259
-0.0679585
-0.0558254
-0.0444382
-0.0339985
-0.0246927
-0.0166865
-0.0101157
-0.00507879
-0.00170768
-0.000230797
-0.000173394
-0.00114614
-0.00323401
-0.00620504
-0.00991884
-0.0142863
-0.0192205
-0.0246395
-0.0304699
-0.0366455
-0.0431076
-0.0498041
-0.0566887
-0.063721
-0.0708654
-0.0780909
-0.0853702
-0.0926794
-0.0999973
-0.107305
-0.114585
-0.121822
-0.129
-0.136105
-0.143122
-0.150037
-0.156834
-0.163496
-0.170006
-0.176345
-0.182492
-0.188422
-0.194112
-0.199532
-0.204651
-0.209436
-0.21385
-0.217851
-0.221397
-0.22444
-0.226932
-0.228819
-0.230046
-0.230558
-0.230298
-0.229209
-0.227237
-0.22433
-0.220442
-0.215537
-0.209587
-0.20258
-0.194516
-0.185419
-0.175333
-0.164327
-0.152496
-0.139961
-0.126873
-0.113407
-0.0997587
-0.0861461
-0.0727979
-0.0599496
-0.047836
-0.0366835
-0.0267032
-0.0180854
-0.0109884
-0.00553011
-0.0018652
-0.000253801
-0.000172251
-0.00114007
-0.00321891
-0.00617877
-0.0098803
-0.0142348
-0.0191557
-0.0245609
-0.0303766
-0.0365367
-0.0429822
-0.0496604
-0.0565253
-0.0635363
-0.0706581
-0.0778599
-0.0851149
-0.0923998
-0.0996944
-0.10698
-0.114242
-0.121465
-0.128635
-0.135739
-0.142764
-0.149698
-0.156526
-0.163234
-0.169807
-0.176226
-0.182474
-0.188527
-0.194363
-0.199955
-0.205274
-0.210286
-0.214956
-0.219244
-0.223106
-0.226496
-0.229362
-0.231651
-0.233305
-0.234264
-0.234467
-0.233851
-0.232354
-0.229918
-0.226486
-0.222011
-0.216453
-0.209786
-0.202001
-0.193107
-0.183136
-0.172147
-0.160228
-0.147496
-0.134099
-0.120216
-0.106053
-0.0918389
-0.0778209
-0.0642559
-0.0514035
-0.0395168
-0.0288348
-0.0195751
-0.0119216
-0.00601469
-0.00203518
-0.000278865
-0.000170511
-0.00113034
-0.00319383
-0.00613373
-0.00981221
-0.0141412
-0.0190344
-0.0244099
-0.0301938
-0.0363196
-0.0427281
-0.0493666
-0.0561887
-0.0631541
-0.0702274
-0.0773782
-0.0845804
-0.0918112
-0.0990512
-0.106284
-0.113493
-0.120667
-0.127793
-0.13486
-0.141856
-0.148771
-0.155592
-0.162307
-0.168903
-0.175364
-0.181674
-0.187812
-0.193758
-0.199487
-0.204971
-0.21018
-0.215079
-0.219628
-0.223787
-0.227507
-0.230739
-0.233426
-0.23551
-0.236927
-0.237613
-0.237499
-0.236516
-0.234598
-0.231679
-0.2277
-0.222608
-0.216365
-0.208947
-0.200347
-0.190586
-0.179708
-0.167791
-0.154945
-0.141315
-0.127079
-0.112451
-0.0976716
-0.0830047
-0.0687298
-0.0551324
-0.042495
-0.0310869
-0.0211565
-0.0129166
-0.00653366
-0.00221818
-0.000306118
-0.000168221
-0.00111722
-0.00315952
-0.00607132
-0.00971666
-0.0140083
-0.0188603
-0.0241908
-0.029926
-0.0359991
-0.0423506
-0.0489276
-0.0556837
-0.0625785
-0.0695768
-0.0766486
-0.0837682
-0.0909138
-0.0980666
-0.105211
-0.112333
-0.119422
-0.126466
-0.133456
-0.140383
-0.147237
-0.15401
-0.16069
-0.167267
-0.173727
-0.180056
-0.186237
-0.192252
-0.198077
-0.203689
-0.209057
-0.21415
-0.218931
-0.223359
-0.227389
-0.230968
-0.234043
-0.236553
-0.238433
-0.239615
-0.240025
-0.239589
-0.238232
-0.235879
-0.23246
-0.227909
-0.222174
-0.215213
-0.207007
-0.197557
-0.186894
-0.17508
-0.162217
-0.148441
-0.13393
-0.1189
-0.103604
-0.0883203
-0.0733518
-0.0590112
-0.045612
-0.0334573
-0.0228296
-0.0139745
-0.00708798
-0.00241472
-0.000335691
-0.000165436
-0.00110108
-0.00311696
-0.00599335
-0.00959639
-0.0138397
-0.0186379
-0.0239091
-0.0295794
-0.0355819
-0.0418567
-0.0483507
-0.0550174
-0.0618164
-0.0687127
-0.0756766
-0.082683
-0.0897109
-0.0967426
-0.103763
-0.110761
-0.117725
-0.124648
-0.13152
-0.138335
-0.145085
-0.151764
-0.158364
-0.164875
-0.171288
-0.177591
-0.183769
-0.189806
-0.195683
-0.201378
-0.206864
-0.212113
-0.217088
-0.221752
-0.226061
-0.229966
-0.23341
-0.236336
-0.238675
-0.240358
-0.241307
-0.241443
-0.240684
-0.238946
-0.236147
-0.232209
-0.227064
-0.220655
-0.212944
-0.203913
-0.193576
-0.181978
-0.169206
-0.155386
-0.140691
-0.125339
-0.109587
-0.0937321
-0.0780974
-0.0630242
-0.0488593
-0.0359422
-0.0245934
-0.0150955
-0.00767839
-0.00262529
-0.000367714
-0.000162232
-0.00108238
-0.00306741
-0.0059021
-0.00945489
-0.0136403
-0.0183731
-0.0235719
-0.0291622
-0.0350769
-0.0412559
-0.0476457
-0.0541997
-0.0608775
-0.0676443
-0.0744709
-0.0813327
-0.0882095
-0.0950846
-0.101945
-0.108779
-0.115579
-0.122337
-0.129048
-0.135706
-0.142307
-0.148846
-0.155317
-0.161714
-0.16803
-0.174256
-0.180381
-0.186391
-0.192271
-0.198001
-0.203559
-0.208917
-0.214044
-0.218905
-0.223458
-0.227656
-0.231445
-0.234766
-0.237554
-0.239734
-0.24123
-0.241956
-0.241824
-0.240742
-0.238617
-0.23536
-0.230887
-0.225123
-0.218009
-0.209511
-0.199618
-0.188358
-0.175797
-0.162049
-0.147277
-0.131694
-0.115565
-0.0991975
-0.0829363
-0.0671516
-0.052225
-0.0385356
-0.0264458
-0.0162797
-0.0083054
-0.0028503
-0.000402319
-0.000158699
-0.0010617
-0.0030124
-0.00580041
-0.00929646
-0.0134158
-0.0180735
-0.0231879
-0.0286843
-0.0344952
-0.04056
-0.046825
-0.0532433
-0.0597744
-0.0663841
-0.0730434
-0.0797284
-0.0864199
-0.0931022
-0.0997634
-0.106394
-0.112987
-0.119538
-0.126042
-0.132497
-0.1389
-0.14525
-0.151542
-0.157774
-0.163941
-0.170038
-0.176057
-0.181987
-0.187817
-0.19353
-0.199107
-0.204525
-0.209757
-0.214769
-0.219524
-0.223977
-0.228078
-0.231769
-0.234984
-0.237651
-0.23969
-0.241014
-0.241529
-0.241137
-0.239734
-0.23722
-0.233494
-0.228464
-0.222053
-0.214202
-0.204878
-0.194084
-0.181866
-0.168319
-0.15359
-0.137886
-0.121472
-0.104666
-0.0878324
-0.071369
-0.0556943
-0.0412296
-0.0283835
-0.017526
-0.00896924
-0.00309012
-0.000439632
-0.000154949
-0.00103971
-0.00295381
-0.0056917
-0.00912629
-0.0131733
-0.0177477
-0.0227677
-0.0281579
-0.0338502
-0.0397835
-0.0459037
-0.0521637
-0.0585232
-0.0649479
-0.0714096
-0.0778852
-0.0843563
-0.0908087
-0.0972316
-0.103617
-0.109961
-0.116259
-0.122511
-0.128714
-0.13487
-0.140979
-0.14704
-0.153054
-0.159019
-0.164932
-0.170789
-0.176584
-0.182307
-0.187948
-0.19349
-0.198914
-0.204197
-0.20931
-0.214219
-0.218883
-0.223255
-0.227279
-0.230894
-0.234027
-0.236598
-0.238518
-0.239691
-0.240011
-0.239369
-0.23765
-0.23474
-0.230531
-0.224923
-0.217834
-0.209205
-0.199014
-0.18728
-0.174073
-0.159523
-0.143823
-0.127235
-0.110081
-0.092743
-0.0756471
-0.0592485
-0.0440138
-0.0304014
-0.018833
-0.00966986
-0.00334502
-0.000479782
-0.000151113
-0.00101725
-0.00289386
-0.00558005
-0.00895057
-0.0129212
-0.0174066
-0.022324
-0.0275975
-0.033158
-0.0389437
-0.0449002
-0.05098
-0.0571429
-0.063355
-0.0695887
-0.0758217
-0.0820369
-0.0882214
-0.0943659
-0.100465
-0.106515
-0.112515
-0.118465
-0.124368
-0.130226
-0.136042
-0.14182
-0.147561
-0.153267
-0.15894
-0.164579
-0.17018
-0.17574
-0.181249
-0.186698
-0.19207
-0.197348
-0.202507
-0.207516
-0.212341
-0.216937
-0.221253
-0.22523
-0.228799
-0.23188
-0.234385
-0.236214
-0.23726
-0.237404
-0.236524
-0.234491
-0.23118
-0.226471
-0.220256
-0.21245
-0.203002
-0.191899
-0.179183
-0.164961
-0.149406
-0.13277
-0.115376
-0.0976191
-0.0799514
-0.0628655
-0.0468753
-0.0324934
-0.0201983
-0.0104069
-0.00361523
-0.000522891
-0.000147348
-0.000995288
-0.00283518
-0.0054703
-0.00877663
-0.0126694
-0.0170625
-0.0218718
-0.0270202
-0.0324375
-0.0380611
-0.0438359
-0.0497143
-0.0556561
-0.0616281
-0.0676032
-0.0735604
-0.0794836
-0.0853616
-0.091187
-0.0969559
-0.102667
-0.108322
-0.113923
-0.119476
-0.124984
-0.130455
-0.135894
-0.141308
-0.1467
-0.152075
-0.157437
-0.162786
-0.168122
-0.173441
-0.178736
-0.183997
-0.189209
-0.194354
-0.199407
-0.204336
-0.209103
-0.213662
-0.217956
-0.221921
-0.225481
-0.228547
-0.231022
-0.232793
-0.233739
-0.233728
-0.232621
-0.230276
-0.226552
-0.221319
-0.214462
-0.205896
-0.195577
-0.183514
-0.169781
-0.154527
-0.137986
-0.120478
-0.102405
-0.0842423
-0.0665192
-0.0497986
-0.0346514
-0.0216188
-0.0111796
-0.00390087
-0.000569082
-0.000143837
-0.000974973
-0.00278088
-0.00536812
-0.00861307
-0.0124297
-0.01673
-0.0214284
-0.0264457
-0.0317106
-0.0371591
-0.0427356
-0.0483923
-0.0540893
-0.0597937
-0.0654796
-0.0711272
-0.076722
-0.0822545
-0.0877194
-0.0931148
-0.0984419
-0.103704
-0.108908
-0.114059
-0.119167
-0.124239
-0.129286
-0.134316
-0.139337
-0.144357
-0.149384
-0.154421
-0.159473
-0.16454
-0.16962
-0.174707
-0.179793
-0.184862
-0.189897
-0.19487
-0.19975
-0.204494
-0.209054
-0.213368
-0.217365
-0.220959
-0.224055
-0.226539
-0.228289
-0.229165
-0.229019
-0.227696
-0.225035
-0.220881
-0.215092
-0.207548
-0.198169
-0.186925
-0.173852
-0.159069
-0.142784
-0.125306
-0.107038
-0.0884745
-0.0701792
-0.0527654
-0.0368661
-0.0230904
-0.0119869
-0.00420198
-0.000618476
-0.000140799
-0.000957655
-0.0027346
-0.00528016
-0.0084699
-0.0122155
-0.0164262
-0.0210138
-0.025897
-0.0310024
-0.0362648
-0.0416277
-0.0470433
-0.0524719
-0.0578817
-0.0632477
-0.0685518
-0.0737814
-0.078929
-0.0839914
-0.0889694
-0.0938665
-0.098689
-0.103445
-0.108145
-0.1128
-0.117421
-0.122021
-0.126612
-0.131206
-0.135814
-0.140447
-0.145113
-0.149821
-0.154574
-0.159377
-0.164228
-0.169123
-0.174054
-0.179006
-0.18396
-0.18889
-0.193759
-0.198526
-0.203133
-0.207517
-0.211595
-0.215276
-0.218449
-0.220989
-0.222755
-0.223592
-0.223331
-0.221797
-0.21881
-0.214199
-0.207812
-0.199526
-0.189271
-0.177039
-0.162909
-0.147058
-0.129772
-0.11145
-0.0925974
-0.0738113
-0.0557549
-0.039126
-0.0246084
-0.0128275
-0.00451856
-0.000671193
-0.000138489
-0.000944921
-0.0027006
-0.00521418
-0.00835881
-0.0120424
-0.0161705
-0.0206513
-0.0254002
-0.0303416
-0.0354086
-0.0405442
-0.0457002
-0.0508376
-0.0559255
-0.0609409
-0.0658672
-0.0706943
-0.0754169
-0.0800346
-0.0845506
-0.0889715
-0.0933063
-0.0975662
-0.101764
-0.105914
-0.110031
-0.114131
-0.118228
-0.122339
-0.126479
-0.13066
-0.134897
-0.139201
-0.143581
-0.148045
-0.152596
-0.157237
-0.161964
-0.166768
-0.171638
-0.176551
-0.18148
-0.186389
-0.191229
-0.19594
-0.200449
-0.204668
-0.208492
-0.211797
-0.214441
-0.216265
-0.217092
-0.216732
-0.214985
-0.211652
-0.206546
-0.199504
-0.190408
-0.179204
-0.165921
-0.150695
-0.133781
-0.115564
-0.0965548
-0.0773771
-0.058743
-0.0414184
-0.0261671
-0.0136998
-0.00485054
-0.00072736
-0.000137208
-0.000938643
-0.00268391
-0.00517929
-0.00829343
-0.0119288
-0.0159856
-0.0203671
-0.024985
-0.0297605
-0.0346251
-0.0395207
-0.0443993
-0.0492228
-0.0539619
-0.0585954
-0.0631092
-0.0674958
-0.0717529
-0.0758829
-0.0798921
-0.0837902
-0.0875892
-0.0913037
-0.0949494
-0.0985438
-0.102105
-0.105651
-0.109202
-0.112776
-0.116391
-0.120065
-0.123815
-0.127656
-0.131603
-0.135667
-0.139858
-0.14418
-0.148638
-0.15323
-0.157946
-0.162776
-0.167696
-0.172679
-0.177683
-0.182657
-0.187534
-0.192235
-0.196659
-0.200688
-0.204183
-0.206983
-0.208906
-0.209751
-0.2093
-0.20733
-0.203618
-0.197962
-0.190194
-0.180205
-0.16797
-0.153574
-0.137231
-0.119299
-0.100285
-0.0808337
-0.0617033
-0.0437289
-0.02776
-0.0146017
-0.00519781
-0.000787114
-0.000137319
-0.000941039
-0.00269045
-0.00518616
-0.00828961
-0.0118957
-0.0158974
-0.0201916
-0.0246851
-0.0292955
-0.0339523
-0.0385966
-0.0431807
-0.0476677
-0.0520304
-0.0562502
-0.0603159
-0.0642233
-0.0679733
-0.0715719
-0.0750289
-0.0783572
-0.0815724
-0.0846922
-0.087736
-0.0907241
-0.093678
-0.0966195
-0.0995709
-0.102554
-0.105591
-0.108703
-0.111911
-0.115234
-0.11869
-0.122295
-0.126063
-0.130006
-0.134132
-0.138443
-0.14294
-0.147617
-0.152458
-0.157443
-0.162539
-0.167704
-0.17288
-0.177996
-0.18296
-0.18766
-0.191964
-0.195711
-0.19872
-0.200781
-0.201665
-0.201124
-0.198906
-0.194766
-0.188487
-0.179901
-0.168922
-0.155573
-0.140014
-0.122567
-0.103721
-0.0841346
-0.0646063
-0.0460414
-0.0293804
-0.0155313
-0.0055603
-0.000850613
-0.000139256
-0.000954752
-0.00272721
-0.00524734
-0.0083659
-0.0119675
-0.0159355
-0.020159
-0.0245384
-0.0289873
-0.0334327
-0.037815
-0.0420875
-0.046215
-0.0501729
-0.053946
-0.0575268
-0.0609149
-0.0641152
-0.0671378
-0.0699961
-0.0727072
-0.0752902
-0.0777663
-0.0801585
-0.0824905
-0.0847869
-0.087073
-0.0893741
-0.0917156
-0.0941228
-0.0966204
-0.0992324
-0.101982
-0.104891
-0.107981
-0.111268
-0.114771
-0.118501
-0.122468
-0.126679
-0.131133
-0.135823
-0.140737
-0.145851
-0.151132
-0.156531
-0.161988
-0.16742
-0.172727
-0.177783
-0.182434
-0.1865
-0.189771
-0.192006
-0.192942
-0.192299
-0.189791
-0.185152
-0.178152
-0.168638
-0.156561
-0.142017
-0.125273
-0.106791
-0.087229
-0.0674202
-0.0483387
-0.0310206
-0.0164866
-0.00593804
-0.000918046
-0.000143544
-0.000982961
-0.00280257
-0.00537769
-0.00854403
-0.0121726
-0.0161344
-0.0203084
-0.0245875
-0.0288806
-0.0331122
-0.0372223
-0.0411656
-0.0449093
-0.0484326
-0.0517243
-0.0547815
-0.0576085
-0.0602148
-0.0626151
-0.0648275
-0.0668729
-0.0687748
-0.0705581
-0.0722493
-0.0738757
-0.0754653
-0.0770465
-0.0786479
-0.080298
-0.0820254
-0.0838579
-0.0858231
-0.0879475
-0.0902568
-0.0927755
-0.0955262
-0.0985297
-0.101804
-0.105365
-0.109223
-0.113386
-0.117855
-0.122624
-0.127679
-0.132997
-0.13854
-0.144258
-0.15008
-0.155918
-0.161656
-0.167152
-0.172231
-0.176684
-0.180268
-0.182707
-0.183698
-0.182921
-0.180059
-0.174822
-0.16698
-0.156408
-0.14312
-0.127318
-0.109418
-0.0900618
-0.0701105
-0.0506024
-0.0326731
-0.0174656
-0.0063312
-0.000989659
-0.000150832
-0.00102951
-0.00292655
-0.00559486
-0.00884956
-0.0125438
-0.0165331
-0.0206838
-0.02488
-0.029025
-0.0330409
-0.036868
-0.0404628
-0.0437966
-0.046853
-0.0496259
-0.0521182
-0.0543396
-0.0563054
-0.0580353
-0.0595526
-0.0608828
-0.0620538
-0.0630946
-0.0640355
-0.0649072
-0.0657413
-0.0665693
-0.0674229
-0.0683337
-0.0693331
-0.0704522
-0.0717215
-0.073171
-0.0748298
-0.0767258
-0.0788857
-0.0813347
-0.0840955
-0.0871887
-0.0906315
-0.0944373
-0.0986144
-0.103165
-0.108085
-0.11336
-0.118964
-0.124858
-0.130986
-0.137272
-0.143613
-0.14988
-0.155909
-0.161499
-0.166409
-0.170356
-0.17302
-0.174051
-0.173087
-0.169775
-0.16381
-0.154977
-0.143199
-0.128596
-0.111517
-0.0925742
-0.0726404
-0.0528134
-0.0343305
-0.0184671
-0.00674027
-0.00106577
-0.000161925
-0.00109912
-0.00311128
-0.00591993
-0.00931264
-0.0131196
-0.0171767
-0.0213351
-0.0254684
-0.029474
-0.0332719
-0.0368033
-0.040028
-0.0429222
-0.0454755
-0.0476885
-0.0495709
-0.0511389
-0.0524144
-0.0534231
-0.0541939
-0.0547576
-0.0551466
-0.0553945
-0.0555353
-0.0556035
-0.0556339
-0.0556612
-0.05572
-0.0558449
-0.05607
-0.0564293
-0.0569561
-0.0576835
-0.0586435
-0.0598674
-0.0613857
-0.0632272
-0.0654193
-0.0679872
-0.0709535
-0.0743378
-0.0781554
-0.0824166
-0.0871255
-0.0922778
-0.0978594
-0.103844
-0.110188
-0.116831
-0.123687
-0.130641
-0.137545
-0.144209
-0.150401
-0.155838
-0.16019
-0.163084
-0.164118
-0.16288
-0.158987
-0.152128
-0.142125
-0.128993
-0.112999
-0.0947023
-0.0749703
-0.0549515
-0.0359855
-0.0194902
-0.00716621
-0.00114683
-0.000177833
-0.00119758
-0.00337151
-0.00637826
-0.00996895
-0.0139446
-0.0181166
-0.022318
-0.0264105
-0.0302852
-0.0338605
-0.03708
-0.0399083
-0.0423282
-0.0443372
-0.0459439
-0.0471662
-0.0480284
-0.0485597
-0.0487928
-0.0487627
-0.048506
-0.0480603
-0.0474634
-0.0467536
-0.045969
-0.0451476
-0.0443272
-0.0435452
-0.0428389
-0.042245
-0.0418
-0.0415398
-0.0414999
-0.0417155
-0.0422207
-0.0430492
-0.0442333
-0.0458044
-0.0477922
-0.0502244
-0.0531261
-0.0565192
-0.0604216
-0.0648459
-0.0697977
-0.0752743
-0.0812617
-0.087732
-0.0946392
-0.101915
-0.109464
-0.117154
-0.124815
-0.132225
-0.139113
-0.145145
-0.149934
-0.153044
-0.15401
-0.152371
-0.147719
-0.139761
-0.128391
-0.113768
-0.0963772
-0.0770581
-0.0569964
-0.0376322
-0.0205355
-0.00761066
-0.00123344
-0.000199844
-0.00133213
-0.00372533
-0.00700039
-0.0108608
-0.0150706
-0.0194114
-0.0236946
-0.0277687
-0.0315186
-0.0348625
-0.037748
-0.0401468
-0.0420506
-0.0434664
-0.0444133
-0.0449188
-0.0450165
-0.0447442
-0.0441425
-0.0432532
-0.0421191
-0.0407831
-0.0392878
-0.0376755
-0.035988
-0.0342665
-0.0325516
-0.0308835
-0.0293017
-0.0278453
-0.026553
-0.0254631
-0.0246133
-0.0240412
-0.0237836
-0.0238769
-0.0243568
-0.025258
-0.0266144
-0.0284581
-0.0308196
-0.0337269
-0.037205
-0.0412745
-0.0459508
-0.051242
-0.0571471
-0.0636525
-0.0707293
-0.0783275
-0.0863713
-0.0947513
-0.103317
-0.111869
-0.120147
-0.127828
-0.134518
-0.139757
-0.143036
-0.14382
-0.1416
-0.13596
-0.126657
-0.113719
-0.0975233
-0.0788582
-0.0589273
-0.0392657
-0.0216053
-0.00807629
-0.00132647
-0.000229612
-0.00151184
-0.00419506
-0.00782341
-0.0120385
-0.016558
-0.0211273
-0.0255328
-0.0296087
-0.0332348
-0.036331
-0.0388514
-0.0407777
-0.0421131
-0.0428772
-0.0431011
-0.0428242
-0.0420909
-0.0409488
-0.039447
-0.0376351
-0.0355624
-0.0332772
-0.0308271
-0.0282586
-0.0256169
-0.0229463
-0.02029
-0.0176906
-0.0151897
-0.0128285
-0.0106475
-0.00868698
-0.00698666
-0.00558604
-0.00452427
-0.00384014
-0.0035721
-0.00375807
-0.00443533
-0.00564031
-0.00740827
-0.00977283
-0.0127654
-0.0164146
-0.0207445
-0.0257742
-0.0315148
-0.0379677
-0.0451204
-0.0529425
-0.0613796
-0.0703463
-0.0797173
-0.0893172
-0.0989095
-0.108186
-0.116758
-0.124155
-0.12983
-0.133185
-0.133613
-0.130566
-0.123651
-0.112734
-0.0980566
-0.0803207
-0.060723
-0.0408835
-0.0227044
-0.00856721
-0.00142711
-0.000269295
-0.00174824
-0.00480846
-0.0088924
-0.0135617
-0.0184762
-0.0233382
-0.0279054
-0.0319978
-0.0354917
-0.0383119
-0.0404227
-0.0418194
-0.0425205
-0.0425607
-0.0419863
-0.0408502
-0.0392093
-0.0371224
-0.0346479
-0.0318436
-0.0287657
-0.0254683
-0.022004
-0.018423
-0.0147741
-0.0111043
-0.00745922
-0.00388347
-0.000420552
0.00288678
0.00599637
0.0088665
0.0114558
0.0137231
0.0156275
0.0171281
0.018184
0.0187548
0.0187999
0.0182792
0.0171532
0.0153832
0.0129316
0.00976291
0.00584422
0.00114667
-0.00435301
-0.0106702
-0.0178091
-0.0257589
-0.0344876
-0.0439353
-0.0540048
-0.0645501
-0.0753638
-0.0861625
-0.0965745
-0.10613
-0.114259
-0.120312
-0.123588
-0.123408
-0.119211
-0.11068
-0.0978806
-0.0813889
-0.0623611
-0.0424856
-0.0238408
-0.00908954
-0.00153708
-0.000321738
-0.00205607
-0.00560023
-0.0102624
-0.0155012
-0.020905
-0.0261249
-0.0308878
-0.035
-0.038338
-0.040836
-0.0424737
-0.0432647
-0.0432468
-0.0424738
-0.0410096
-0.0389234
-0.0362861
-0.0331685
-0.0296396
-0.0257656
-0.0216098
-0.0172324
-0.0126903
-0.00803778
-0.00332666
0.00139355
0.00607517
0.010672
0.0151391
0.0194325
0.0235088
0.0273253
0.0308393
0.0340084
0.0367902
0.0391422
0.0410217
0.0423857
0.0431912
0.0433949
0.0429533
0.0418231
0.0399613
0.0373259
0.0338762
0.0295739
0.0243844
0.018279
0.0112373
0.00325088
-0.005671
-0.0154948
-0.0261535
-0.0375343
-0.0494647
-0.0616951
-0.0738815
-0.0855691
-0.0961831
-0.105033
-0.111339
-0.114294
-0.113157
-0.107403
-0.0968823
-0.0819966
-0.0638172
-0.0440748
-0.0250273
-0.00965228
-0.00165882
-0.000390748
-0.00245443
-0.00661405
-0.0120005
-0.0179402
-0.0239338
-0.0295733
-0.0345531
-0.0386694
-0.0418042
-0.0439081
-0.0449826
-0.0450658
-0.0442199
-0.042522
-0.0400569
-0.0369121
-0.0331744
-0.0289277
-0.024252
-0.0192222
-0.013909
-0.00837796
-0.00269066
0.0030952
0.00892523
0.0147479
0.0205138
0.0261758
0.0316877
0.037005
0.0420835
0.0468796
0.0513501
0.0554518
0.0591411
0.0623743
0.0651072
0.067295
0.0688924
0.0698533
0.0701308
0.0696778
0.0684463
0.0663884
0.0634562
0.0596029
0.0547836
0.0489569
0.0420869
0.0341471
0.0251242
0.0150251
0.00388572
-0.00821727
-0.021151
-0.0347074
-0.0485816
-0.0623489
-0.0754462
-0.0871639
-0.0966589
-0.103003
-0.105276
-0.102718
-0.0949237
-0.0820621
-0.0650622
-0.045658
-0.0262829
-0.0102685
-0.00179583
-0.000481507
-0.00296832
-0.00790534
-0.0141891
-0.0209762
-0.0276611
-0.0337695
-0.0389645
-0.0430383
-0.0458878
-0.0474889
-0.0478741
-0.0471132
-0.045299
-0.0425366
-0.0389349
-0.0346022
-0.0296425
-0.0241537
-0.0182268
-0.0119459
-0.00538835
0.00137495
0.00827854
0.0152618
0.0222683
0.0292451
0.0361419
0.0429107
0.0495052
0.0558803
0.0619919
0.0677961
0.0732494
0.0783081
0.0829281
0.087065
0.0906735
0.0937073
0.0961192
0.097861
0.098883
0.0991344
0.0985631
0.0971159
0.0947387
0.0913769
0.086976
0.0814833
0.0748486
0.0670281
0.0579871
0.0477066
0.0361909
0.0234791
0.00966086
-0.00510385
-0.0205596
-0.0363271
-0.0518747
-0.0664963
-0.0793083
-0.0892796
-0.0953139
-0.0963998
-0.0918313
-0.0814799
-0.0660579
-0.0472447
-0.0276345
-0.010957
-0.00195321
-0.000601211
-0.00363101
-0.0095449
-0.0169283
-0.0247208
-0.0321901
-0.0387909
-0.0441605
-0.0480985
-0.0505299
-0.0514692
-0.0509906
-0.0492052
-0.0462433
-0.0422426
-0.0373397
-0.0316655
-0.0253423
-0.0184824
-0.011188
-0.0035514
0.0043438
0.0124222
0.0206151
0.0288601
0.0370994
0.0452794
0.0533496
0.0612622
0.0689711
0.0764316
0.0835998
0.0904323
0.0968859
0.102917
0.108481
0.113534
0.118029
0.12192
0.125158
0.127692
0.129471
0.130441
0.130547
0.12973
0.127932
0.12509
0.121142
0.116025
0.109676
0.102034
0.0930466
0.0826685
0.0708737
0.0576636
0.0430822
0.0272364
0.0103229
-0.00733864
-0.0252685
-0.042791
-0.0590109
-0.0728208
-0.0829621
-0.0881641
-0.0873794
-0.0801073
-0.0667493
-0.0488465
-0.0291201
-0.0117452
-0.00213849
-0.00076012
-0.00448748
-0.0116239
-0.02034
-0.0292988
-0.0376206
-0.0446901
-0.0501317
-0.053771
-0.0555805
-0.0556304
-0.0540511
-0.0510052
-0.0466681
-0.041215
-0.0348131
-0.0276174
-0.0197688
-0.0113935
-0.0026041
0.00649979
0.0158297
0.0253068
0.0348609
0.0444283
0.0539515
0.063377
0.0726552
0.0817392
0.0905841
0.0991462
0.107383
0.115251
0.12271
0.129715
0.136223
0.142189
0.147567
0.15231
0.156369
0.159691
0.162224
0.163911
0.164694
0.164512
0.163299
0.160989
0.157512
0.152796
0.146766
0.139349
0.130473
0.120069
0.108083
0.0944799
0.0792567
0.0624645
0.044234
0.0248117
0.00460494
-0.0157695
-0.0354405
-0.0532613
-0.0678387
-0.077648
-0.0812671
-0.0777436
-0.0670507
-0.0504722
-0.0307907
-0.0126727
-0.0023631
-0.000973338
-0.00559994
-0.0142609
-0.0245705
-0.0348419
-0.0440321
-0.0514667
-0.0567821
-0.0598594
-0.0607453
-0.0595884
-0.0565919
-0.0519818
-0.0459859
-0.0388213
-0.0306877
-0.0217642
-0.0122095
-0.00216249
0.00825601
0.0189409
0.0298006
0.0407552
0.0517342
0.0626748
0.0735208
0.0842206
0.0947265
0.104994
0.114979
0.124642
0.13394
0.142834
0.151282
0.159242
0.166673
0.17353
0.179767
0.185338
0.190192
0.194278
0.19754
0.199922
0.201362
0.201796
0.201157
0.199371
0.196364
0.192056
0.186363
0.179199
0.170476
0.160106
0.148007
0.134109
0.118364
0.100767
0.081376
0.0603549
0.0380185
0.0148946
-0.00821045
-0.0301583
-0.0494663
-0.0643802
-0.0730851
-0.0740977
-0.0668226
-0.0521191
-0.0327144
-0.0137979
-0.00264479
-0.00126399
-0.00705659
-0.017611
-0.029791
-0.0414748
-0.0514513
-0.0590178
-0.0638662
-0.0659764
-0.0655063
-0.0627103
-0.0578835
-0.0513272
-0.0433278
-0.0341469
-0.0240161
-0.0131374
-0.0016843
0.0101948
0.0223739
0.0347456
0.0472183
0.0597135
0.072163
0.0845071
0.0966928
0.108672
0.120401
0.131837
0.142942
0.153677
0.164003
0.173883
0.183278
0.192149
0.200455
0.208152
0.215197
0.221543
0.227141
0.231938
0.235881
0.238909
0.240962
0.241972
0.241869
0.240579
0.23802
0.234107
0.228749
0.221849
0.213305
0.203014
0.190869
0.176768
0.160622
0.142367
0.121991
0.0995636
0.0752919
0.0495852
0.02314
-0.00297251
-0.0272444
-0.0477429
-0.0622687
-0.0687396
-0.0658319
-0.0537531
-0.034977
-0.0152078
-0.0030122
-0.00166908
-0.00898604
-0.0218775
-0.0361926
-0.0492824
-0.0597918
-0.067054
-0.070887
-0.0714315
-0.0690042
-0.0639972
-0.0568169
-0.0478492
-0.0374427
-0.025902
-0.0134872
-0.000418007
0.0131224
0.0269818
0.0410338
0.0551736
0.0693139
0.0833809
0.0973124
0.111054
0.124559
0.137785
0.150693
0.163246
0.17541
0.187151
0.198433
0.209223
0.219486
0.229184
0.23828
0.246732
0.254498
0.261534
0.26779
0.273216
0.277757
0.281354
0.283946
0.285464
0.285836
0.284986
0.28283
0.279277
0.274232
0.26759
0.259239
0.24906
0.236927
0.222711
0.206283
0.187529
0.166361
0.142757
0.1168
0.0887534
0.0591594
0.0289536
-0.000416097
-0.0269234
-0.0480329
-0.0610268
-0.0636854
-0.0552693
-0.0376785
-0.0170332
-0.00351306
-0.00225064
-0.0115812
-0.0273249
-0.0439627
-0.0582407
-0.0687428
-0.0749557
-0.0769328
-0.0750598
-0.0698684
-0.0619213
-0.0517515
-0.0398334
-0.0265741
-0.0123136
0.00266812
0.0181437
0.0339293
0.0498771
0.0658683
0.0818071
0.0976157
0.11323
0.128599
0.143676
0.158423
0.172806
0.186794
0.200356
0.213465
0.226091
0.238206
0.24978
0.260781
0.271177
0.280931
0.290008
0.298367
0.305964
0.312754
0.318686
0.323708
0.327762
0.330786
0.332713
0.33347
0.33298
0.331157
0.32791
0.323138
0.316731
0.308572
0.29853
0.286462
0.272218
0.255637
0.236554
0.214817
0.190307
0.162977
0.132927
0.100499
0.0664188
0.0319699
-0.000852896
-0.029285
-0.0499941
-0.0597195
-0.0564144
-0.0409131
-0.0194709
-0.00422935
-0.00311706
-0.0151375
-0.0342842
-0.0532191
-0.0680741
-0.0775636
-0.0815298
-0.0804188
-0.0749657
-0.0659757
-0.0542073
-0.0403232
-0.0248777
-0.00832072
0.00898896
0.0267694
0.0448008
0.0629131
0.0809749
0.098885
0.116565
0.133954
0.151005
0.167678
0.183943
0.199773
0.215144
0.230035
0.244424
0.258292
0.271615
0.284373
0.296539
0.308089
0.318993
0.329221
0.338738
0.347509
0.355493
0.362646
0.368921
0.374267
0.378628
0.381944
0.384149
0.385172
0.384935
0.383355
0.380338
0.375784
0.369581
0.361605
0.35172
0.339773
0.325595
0.309
0.289784
0.267734
0.24264
0.21433
0.182723
0.147926
0.110387
0.0711011
0.0318657
-0.0045086
-0.0341946
-0.052819
-0.0566366
-0.0447082
-0.0228105
-0.00530396
-0.00446318
-0.0201105
-0.0431224
-0.0638415
-0.0779599
-0.0847083
-0.0846019
-0.0786847
-0.068152
-0.0541246
-0.0375567
-0.019219
0.000286372
0.0204993
0.041074
0.0617539
0.0823506
0.102727
0.122784
0.14245
0.161676
0.180424
0.198669
0.216393
0.233582
0.250223
0.266307
0.281824
0.296763
0.311113
0.32486
0.337989
0.350481
0.362317
0.373474
0.383924
0.393639
0.402586
0.410728
0.418025
0.424434
0.429905
0.434387
0.437821
0.440144
0.441289
0.441179
0.439733
0.436859
0.432459
0.426421
0.418621
0.40892
0.39716
0.383161
0.366718
0.347598
0.325537
0.30025
0.271443
0.238857
0.202345
0.162011
0.118444
0.0730395
0.0283813
-0.0114743
-0.0411283
-0.0548039
-0.0488664
-0.0274483
-0.00698368
-0.006641
-0.0271811
-0.0540942
-0.0750575
-0.0859285
-0.0871477
-0.0803478
-0.0673931
-0.0500118
-0.0296276
-0.00733677
0.0160489
0.0399449
0.0639395
0.0877483
0.111179
0.134106
0.156448
0.178156
0.199204
0.21958
0.239279
0.258305
0.276663
0.294359
0.311399
0.32779
0.343533
0.35863
0.373079
0.386876
0.400013
0.412479
0.42426
0.435338
0.445693
0.455299
0.464129
0.472149
0.479325
0.485615
0.490977
0.495359
0.49871
0.500969
0.502072
0.501949
0.500521
0.497701
0.493394
0.487492
0.479875
0.470405
0.458924
0.445248
0.429165
0.41042
0.388716
0.363707
0.334999
0.302167
0.264811
0.22266
0.175787
0.12497
0.0722102
0.0213347
-0.021599
-0.0486902
-0.0525889
-0.0338213
-0.00967119
-0.0102537
-0.0372382
-0.0668234
-0.084458
-0.087663
-0.0791793
-0.0622508
-0.03969
-0.0137005
0.0141245
0.0426934
0.0712866
0.0994463
0.126894
0.15347
0.179096
0.203739
0.227401
0.2501
0.271867
0.292734
0.312737
0.331911
0.350287
0.367893
0.384755
0.400894
0.416325
0.431062
0.445112
0.458479
0.471164
0.483163
0.494467
0.505064
0.514939
0.524071
0.532438
0.540011
0.54676
0.552647
0.557635
0.561678
0.564728
0.566731
0.567628
0.567353
0.565834
0.562992
0.558737
0.552969
0.545574
0.536421
0.525359
0.512207
0.496752
0.478735
0.457842
0.433688
0.405807
0.373643
0.336569
0.293946
0.245276
0.190528
0.13072
0.0687989
0.0106837
-0.0340595
-0.0536124
-0.0420292
-0.0139092
-0.0161373
-0.0508515
-0.0786891
-0.0857226
-0.0741993
-0.050477
-0.0196311
0.0147933
0.0504624
0.0859489
0.120441
0.153516
0.184988
0.214814
0.243025
0.269698
0.294924
0.318803
0.341429
0.362895
0.383281
0.402662
0.421104
0.438662
0.455385
0.471315
0.486486
0.500927
0.514658
0.527697
0.540056
0.551739
0.562749
0.573084
0.582736
0.591694
0.599944
0.607465
0.614236
0.620229
0.625415
0.629758
0.633219
0.635757
0.637324
0.637867
0.637329
0.635645
0.632744
0.628547
0.622964
0.615891
0.60721
0.59678
0.584434
0.569969
0.553136
0.533623
0.511034
0.484868
0.454491
0.41911
0.377777
0.32945
0.273201
0.208719
0.137284
0.0634056
-0.00311334
-0.0463501
-0.0505331
-0.0199786
-0.02462
-0.06585
-0.0802519
-0.0636519
-0.0278748
0.0166974
0.0639992
0.110703
0.155138
0.196614
0.234977
0.270337
0.302921
0.332993
0.360821
0.386649
0.410698
0.433159
0.4542
0.473962
0.492566
0.510118
0.526703
0.542396
0.557259
0.571344
0.584694
0.597344
0.609322
0.620649
0.63134
0.641407
0.650854
0.659683
0.66789
0.675469
0.682408
0.688692
0.694304
0.699221
0.703419
0.706868
0.709537
0.711389
0.712385
0.71248
0.711627
0.709771
0.706852
0.702803
0.697546
0.690995
0.683046
0.673577
0.662444
0.649464
0.634412
0.617001
0.596859
0.573494
0.54626
0.514295
0.476466
0.431327
0.377148
0.312162
0.23533
0.148146
0.057878
-0.0183938
-0.0528653
-0.0262209
-0.0312986
-0.0687267
-0.0436719
0.0154762
0.0836848
0.150388
0.211704
0.266454
0.314771
0.357333
0.394946
0.428374
0.458283
0.48523
0.509674
0.53199
0.55248
0.571392
0.588928
0.605255
0.620507
0.634797
0.648218
0.660847
0.672748
0.683972
0.694562
0.704554
0.713975
0.722846
0.731184
0.739
0.746299
0.753086
0.759358
0.765112
0.770339
0.775029
0.779167
0.782737
0.78572
0.788093
0.789831
0.790907
0.791289
0.790944
0.789833
0.787916
0.785145
0.781467
0.776824
0.771146
0.764352
0.756346
0.74701
0.736199
0.723727
0.709356
0.692769
0.673542
0.651094
0.624622
0.592998
0.554646
0.507385
0.448321
0.374026
0.281702
0.172056
0.0556971
-0.0301859
-0.0232112
-0.000660334
0.000353219
0.104334
0.217908
0.312104
0.388131
0.449787
0.500018
0.541358
0.575878
0.605152
0.630346
0.652322
0.671723
0.689036
0.70463
0.718789
0.731735
0.743643
0.754653
0.764875
0.774401
0.783303
0.791642
0.799465
0.806813
0.813719
0.820207
0.826299
0.832011
0.837354
0.842336
0.846963
0.851237
0.855156
0.858719
0.86192
0.864751
0.867204
0.869267
0.870926
0.872168
0.872976
0.87333
0.873211
0.872596
0.871461
0.869778
0.867515
0.86464
0.861112
0.856886
0.851908
0.846114
0.839424
0.831739
0.822933
0.81284
0.801238
0.787825
0.772178
0.753699
0.73151
0.70431
0.670123
0.625909
0.567062
0.487049
0.376958
0.228427
0.0726434
0.0309694
0.292184
0.379306
0.530608
0.644332
0.714299
0.76002
0.792314
0.816132
0.834339
0.848762
0.860549
0.87043
0.878885
0.886245
0.892742
0.898544
0.903776
0.908533
0.912887
0.916896
0.920603
0.924045
0.92725
0.930241
0.933038
0.935655
0.938105
0.940396
0.942536
0.944532
0.946387
0.948104
0.949684
0.951127
0.952434
0.953602
0.95463
0.955513
0.956248
0.956831
0.957256
0.957518
0.957609
0.957524
0.957253
0.956788
0.956121
0.95524
0.954133
0.952789
0.951192
0.949325
0.947167
0.944693
0.941872
0.938666
0.935024
0.930881
0.926147
0.920701
0.914371
0.906909
0.897943
0.886902
0.872863
0.854247
0.828214
0.789432
0.726146
0.611349
0.435852
0.317985
)
;

boundaryField
{
    movingWall
    {
        type            calculated;
        value           uniform 1;
    }
    fixedWalls
    {
        type            calculated;
        value           uniform 0;
    }
    frontAndBack
    {
        type            empty;
    }
}


// ************************************************************************* //
