/*--------------------------------*- C++ -*----------------------------------*\
  =========                 |
  \\      /  F ield         | OpenFOAM: The Open Source CFD Toolbox
   \\    /   O peration     | Website:  https://openfoam.org
    \\  /    A nd           | Version:  dev
     \\/     M anipulation  |
\*---------------------------------------------------------------------------*/
FoamFile
{
    format      ascii;
    class       volScalarField;
    location    "34.65";
    object      p;
}
// * * * * * * * * * * * * * * * * * * * * * * * * * * * * * * * * * * * * * //

dimensions      [0 2 -2 0 0 0 0];

internalField   nonuniform List<scalar> 
5184
(
1.40171e-06
-1.01998e-05
-9.60983e-05
-0.000248998
-0.000448423
-0.000677102
-0.000920802
-0.00116755
-0.00140822
-0.00163565
-0.00184443
-0.00203053
-0.00219101
-0.00232379
-0.00242737
-0.00250076
-0.00254328
-0.00255449
-0.00253412
-0.002482
-0.00239805
-0.00228224
-0.00213462
-0.00195534
-0.00174464
-0.00150288
-0.00123061
-0.000928582
-0.000597789
-0.000239501
0.000144698
0.00055288
0.000982753
0.00143164
0.00189649
0.00237385
0.0028599
0.00335048
0.00384111
0.00432704
0.00480334
0.00526493
0.00570668
0.00612352
0.00651048
0.00686286
0.00717628
0.00744684
0.00767114
0.00784646
0.00797078
0.00804291
0.00806249
0.00803008
0.0079472
0.00781627
0.0076407
0.0074248
0.00717378
0.00689371
0.00659144
0.00627459
0.00595147
0.00563104
0.00532285
0.00503699
0.00478396
0.00457439
0.00441824
0.00432396
0.00429703
0.00432432
1.48809e-05
2.39619e-06
-7.2211e-05
-0.000199989
-0.000365256
-0.000555538
-0.000759908
-0.000968765
-0.00117419
-0.00136977
-0.00155049
-0.00171242
-0.00185259
-0.00196878
-0.00205934
-0.00212307
-0.00215912
-0.00216687
-0.0021459
-0.00209593
-0.00201678
-0.00190836
-0.00177067
-0.00160384
-0.00140807
-0.00118373
-0.000931365
-0.000651691
-0.000345669
-1.45203e-05
0.000340251
0.000716825
0.00111305
0.00152645
0.00195416
0.00239301
0.00283949
0.00328976
0.00373974
0.0041851
0.00462134
0.00504385
0.00544801
0.00582921
0.006183
0.00650517
0.0067918
0.00703941
0.00724502
0.00740625
0.00752136
0.00758938
0.0076101
0.00758414
0.00751299
0.00739896
0.00724525
0.00705586
0.00683559
0.00659001
0.00632535
0.0060485
0.0057669
0.00548847
0.00522152
0.00497463
0.00475647
0.00457542
0.00443877
0.00435246
0.0043239
0.00435151
0.000101548
7.68265e-05
1.48215e-06
-0.000116067
-0.000263786
-0.000432038
-0.000612115
-0.000796185
-0.000977549
-0.00115065
-0.00131097
-0.00145494
-0.00157972
-0.00168317
-0.00176363
-0.00181985
-0.00185091
-0.00185612
-0.00183498
-0.00178714
-0.00171234
-0.00161045
-0.00148143
-0.00132534
-0.00114237
-0.000932847
-0.000697259
-0.000436288
-0.00015083
0.000157971
0.000488703
0.000839664
0.00120884
0.00159391
0.00199222
0.0024008
0.00281638
0.0032354
0.00365406
0.00406834
0.00447406
0.00486697
0.00524276
0.00559719
0.00592616
0.00622576
0.00649242
0.00672293
0.00691457
0.00706519
0.00717325
0.0072379
0.00725902
0.00723727
0.00717408
0.00707168
0.0069331
0.00676209
0.00656316
0.00634146
0.00610275
0.00585334
0.00559998
0.0053498
0.00511017
0.00488853
0.00469239
0.00452878
0.00440374
0.0043225
0.00429472
0.00432536
0.000256594
0.000205191
0.000117387
-1.56764e-06
-0.000144008
-0.000302155
-0.000468885
-0.00063783
-0.000803449
-0.000961056
-0.00110678
-0.00123747
-0.00135064
-0.00144432
-0.00151697
-0.00156742
-0.00159475
-0.00159828
-0.00157749
-0.00153198
-0.00146146
-0.00136575
-0.00124476
-0.00109851
-0.000927118
-0.00073086
-0.000510157
-0.000265614
1.95464e-06
0.000291503
0.000601728
0.000931051
0.0012776
0.00163921
0.00201339
0.00239737
0.00278807
0.00318215
0.00357602
0.00396591
0.00434788
0.00471789
0.00507191
0.00540591
0.00571601
0.00599855
0.00625012
0.00646773
0.00664881
0.00679134
0.00689389
0.00695567
0.00697662
0.00695739
0.00689936
0.00680469
0.00667625
0.00651762
0.00633304
0.00612736
0.00590596
0.00567468
0.00543974
0.00520762
0.00498499
0.00477851
0.00459481
0.00444015
0.00431997
0.00423932
0.00420828
0.00423354
0.000461369
0.000372774
0.000264182
0.000136486
-7.86736e-06
-0.000162714
-0.000322283
-0.000481576
-0.00063618
-0.000782299
-0.000916749
-0.00103692
-0.00114069
-0.00122639
-0.00129267
-0.00133849
-0.00136302
-0.0013656
-0.00134573
-0.00130299
-0.00123707
-0.00114776
-0.0010349
-0.000898462
-0.000738495
-0.000555193
-0.000348895
-0.000120113
0.000130445
0.000401846
0.000692913
0.0010022
0.00132799
0.00166827
0.00202071
0.00238272
0.00275141
0.00312361
0.00349593
0.00386479
0.00422644
0.00457704
0.00491271
0.00522962
0.00552404
0.00579246
0.00603161
0.00623861
0.006411
0.00654683
0.00664473
0.00670396
0.00672444
0.0067068
0.00665239
0.00656326
0.00644217
0.00629252
0.00611834
0.0059242
0.00571515
0.00549665
0.00527445
0.00505449
0.00484284
0.00464552
0.00446844
0.00431723
0.00419684
0.00411205
0.00407165
0.00408149
0.000699709
0.000567693
0.000432535
0.000290502
0.000138582
-1.84554e-05
-0.000176004
-0.000330323
-0.000478076
-0.000616339
-0.000742638
-0.000854926
-0.000951528
-0.00103109
-0.00109254
-0.00113499
-0.00115774
-0.00116021
-0.00114193
-0.0011025
-0.00104158
-0.000958929
-0.000854341
-0.000727707
-0.00057901
-0.000408351
-0.000215967
-2.25922e-06
0.000232183
0.000486556
0.00075982
0.00105068
0.00135756
0.0016786
0.00201165
0.00235427
0.00270373
0.00305703
0.00341095
0.00376204
0.00410671
0.00444124
0.0047619
0.00506497
0.00534681
0.005604
0.00583335
0.00603204
0.00619764
0.00632823
0.00642246
0.00647957
0.00649948
0.00648275
0.00643068
0.00634524
0.00622904
0.00608536
0.00591804
0.00573141
0.00553026
0.0053197
0.0051051
0.00489197
0.00468587
0.00449228
0.00431653
0.00416368
0.00403829
0.00394476
0.00388957
0.0038765
0.000957822
0.00077907
0.000613539
0.000453007
0.000289098
0.00012542
-3.44076e-05
-0.000187783
-0.000332372
-0.000466089
-0.000587159
-0.000694112
-0.000785739
-0.000861057
-0.000919263
-0.000959696
-0.000981802
-0.000985104
-0.000969184
-0.000933666
-0.000878216
-0.000802538
-0.000706386
-0.000589577
-0.000452006
-0.00029367
-0.000114696
8.46415e-05
0.000303885
0.000542373
0.000799212
0.00107326
0.00136309
0.00166701
0.00198301
0.00230881
0.00264182
0.00297919
0.00331782
0.00365437
0.00398536
0.00430718
0.00461615
0.00490861
0.00518099
0.00542987
0.0056521
0.00584483
0.00600565
0.00613261
0.0062243
0.00627995
0.0062994
0.00628316
0.00623244
0.00614911
0.0060357
0.00589533
0.00573168
0.00554891
0.00535158
0.00514453
0.00493282
0.00472161
0.00451605
0.00432119
0.00414189
0.00398272
0.00384791
0.00374151
0.0036672
0.00362619
0.00122358
0.00099676
0.000798599
0.000616709
0.000437606
0.000263929
9.8467e-05
-5.72094e-05
-0.000201691
-0.000333681
-0.000452084
-0.000555998
-0.000644688
-0.000717551
-0.000774087
-0.000813865
-0.000836502
-0.000841637
-0.000828922
-0.000798014
-0.000748575
-0.00068028
-0.000592825
-0.000485949
-0.000359452
-0.00021322
-4.72525e-05
0.000138309
0.000343152
0.000566768
0.000808418
0.00106711
0.0013416
0.00163032
0.00193142
0.00224277
0.0025619
0.00288608
0.0032123
0.00353733
0.00385775
0.00416999
0.00447041
0.00475536
0.00502126
0.00526468
0.00548241
0.00567156
0.00582966
0.00595468
0.00604515
0.00610019
0.00611957
0.0061037
0.0060537
0.00597134
0.00585904
0.0057198
0.00555718
0.00537517
0.00517815
0.00497077
0.00475784
0.00454424
0.00433483
0.0041343
0.00394714
0.00377752
0.00362946
0.00350667
0.0034099
0.00333772
0.00148672
0.00121161
0.00097965
0.000774571
0.000578051
0.000391925
0.000218273
5.77386e-05
-8.91227e-05
-0.000221753
-0.0003397
-0.000442619
-0.000530236
-0.000602334
-0.000658716
-0.000699194
-0.000723559
-0.000731576
-0.000722975
-0.000697447
-0.000654655
-0.000594238
-0.000515835
-0.0004191
-0.000303729
-0.000169489
-1.62428e-05
0.000156014
0.000347125
0.000556739
0.000784284
0.00102893
0.00128959
0.00156485
0.00185302
0.00215208
0.00245968
0.00277321
0.00308972
0.00340606
0.00371882
0.00402447
0.00431934
0.00459977
0.00486211
0.00510286
0.00531873
0.00550674
0.00566428
0.00578922
0.00587996
0.0059355
0.00595547
0.0059402
0.00589067
0.00580855
0.00569614
0.00555634
0.00539258
0.00520875
0.00500907
0.00479806
0.00458035
0.00436061
0.00414348
0.00393342
0.00373462
0.00355096
0.00338631
0.0032442
0.00312245
0.00301712
0.00173826
0.00141536
0.0011492
0.000919863
0.000704462
0.000504152
0.000320408
0.000153028
1.78252e-06
-0.000133459
-0.000252855
-0.000356586
-0.000444831
-0.000517744
-0.000575432
-0.000617943
-0.000645247
-0.000657235
-0.000653713
-0.000634407
-0.000598975
-0.000547023
-0.000478123
-0.000391839
-0.000287756
-0.000165508
-2.48164e-05
0.000134481
0.000312391
0.000508734
0.000723107
0.000954854
0.00120304
0.00146642
0.00174343
0.00203218
0.00233045
0.00263568
0.00294503
0.00325533
0.00356323
0.00386516
0.00415741
0.00443624
0.00469793
0.00493884
0.00515556
0.00534494
0.00550424
0.00563114
0.00572388
0.0057813
0.00580288
0.00578879
0.00573987
0.00565766
0.00554435
0.00540275
0.00523617
0.00504841
0.0048436
0.00462614
0.00440055
0.00417139
0.00394316
0.00372015
0.00350638
0.00330551
0.00312141
0.00295751
0.00280887
0.00266915
0.00197026
0.0016005
0.00130026
0.00104618
0.000811018
0.000595361
0.00040015
0.000224411
6.71898e-05
-7.22896e-05
-0.000194757
-0.000300894
-0.000391309
-0.000466511
-0.000526901
-0.000572754
-0.000604215
-0.000621292
-0.000623865
-0.000611689
-0.000584415
-0.000541606
-0.000482762
-0.000407348
-0.000314829
-0.000204702
-7.65306e-05
7.00113e-05
0.000235106
0.00041875
0.000620721
0.000840537
0.00107743
0.00133032
0.00159777
0.00187804
0.00216898
0.00246813
0.00277268
0.0030795
0.00338522
0.00368621
0.00397871
0.00425887
0.00452281
0.00476677
0.00498714
0.00518058
0.00534413
0.00547528
0.00557204
0.00563305
0.00565758
0.00564562
0.00559785
0.00551566
0.00540112
0.00525691
0.00508628
0.00489294
0.00468096
0.00445468
0.00421857
0.00397714
0.00373481
0.00349583
0.00326413
0.00304327
0.00283721
0.00264942
0.00247234
0.00229742
0.00217557
0.00176016
0.00142632
0.00114741
0.000892069
0.000660349
0.000452725
0.000267507
0.000103063
-4.19842e-05
-0.000168902
-0.000278845
-0.000372824
-0.000451689
-0.000516114
-0.000566592
-0.000603428
-0.000626741
-0.000636475
-0.000632407
-0.000614171
-0.000581279
-0.000533151
-0.000469147
-0.0003886
-0.000290859
-0.000175323
-4.149e-05
0.000111007
0.000282353
0.000472512
0.000681186
0.000907782
0.00115138
0.0014107
0.0016841
0.00196956
0.00226467
0.00256667
0.00287243
0.00317854
0.00348133
0.00377692
0.00406133
0.00433051
0.0045805
0.00480746
0.00500783
0.00517837
0.00531632
0.00541943
0.00548607
0.00551528
0.00550681
0.00546116
0.00537953
0.00526386
0.00511671
0.00494125
0.00474112
0.00452037
0.00428332
0.00403444
0.00377826
0.00351921
0.00326158
0.00300929
0.00276594
0.00253566
0.00232212
0.00211527
0.00190447
0.00234763
0.00188796
0.00152126
0.00121776
0.000942147
0.000693997
0.000473353
0.00027785
0.000105222
-4.64743e-05
-0.000179013
-0.000293993
-0.000392804
-0.000476613
-0.000546351
-0.000602712
-0.000646146
-0.000676871
-0.000694882
-0.000699969
-0.000691738
-0.000669643
-0.000633011
-0.000581086
-0.000513062
-0.000428127
-0.000325506
-0.000204509
-6.4575e-05
9.46808e-05
0.00027342
0.000471539
0.000688627
0.000923934
0.00117634
0.00144432
0.00172595
0.0020189
0.00232044
0.00262745
0.00293646
0.00324372
0.00354524
0.00383685
0.00411432
0.00437345
0.00461013
0.00482051
0.00500105
0.00514867
0.0052608
0.0053355
0.00537153
0.00536836
0.00532625
0.00524619
0.00512996
0.00497999
0.00479936
0.00459167
0.00436097
0.0041116
0.00384808
0.00357502
0.00329695
0.00301826
0.002743
0.00247486
0.0022183
0.00197726
0.00173937
0.00149197
0.00248038
0.00197793
0.00157929
0.00125168
0.000955964
0.000691288
0.000457281
0.000250942
6.93993e-05
-8.98249e-05
-0.000228983
-0.00035009
-0.000454892
-0.00054485
-0.000621133
-0.000684616
-0.00073588
-0.000775226
-0.000802688
-0.000818053
-0.00082089
-0.000810581
-0.000786353
-0.000747321
-0.000692527
-0.000620989
-0.000531746
-0.000423909
-0.000296708
-0.000149548
1.79442e-05
0.00020587
0.000414014
0.000641808
0.000888288
0.00115207
0.00143135
0.00172385
0.00202689
0.00233732
0.00265166
0.00296603
0.0032763
0.00357813
0.00386705
0.00413857
0.0043883
0.00461203
0.00480587
0.00496637
0.00509059
0.00517622
0.00522166
0.00522607
0.0051894
0.00511242
0.00499669
0.0048445
0.00465884
0.00444328
0.00420186
0.003939
0.00365932
0.00336756
0.00306845
0.00276655
0.00246611
0.00217105
0.00188623
0.001616
0.00134573
0.00106083
0.00256808
0.00202445
0.00159494
0.00124386
0.000928415
0.000647325
0.000399821
0.00018229
-8.71441e-06
-0.000176182
-0.000322817
-0.000451027
-0.000562892
-0.000660146
-0.000744173
-0.00081601
-0.000876353
-0.00092557
-0.000963716
-0.000990567
-0.00100564
-0.00100823
-0.000997454
-0.000972285
-0.000931603
-0.000874244
-0.000799045
-0.000704906
-0.000590836
-0.000456015
-0.000299844
-0.000121999
7.75142e-05
0.000298322
0.000539639
0.000800233
0.00107841
0.00137198
0.00167829
0.00199422
0.0023162
0.00264027
0.00296214
0.00327725
0.00358088
0.00386823
0.00413456
0.00437527
0.00458606
0.00476305
0.00490285
0.00500274
0.00506068
0.00507545
0.00504667
0.0049748
0.00486115
0.00470786
0.0045178
0.00429449
0.00404203
0.0037649
0.00346789
0.00315593
0.00283399
0.00250692
0.00217927
0.00185525
0.00154023
0.00123908
0.000934964
0.000611373
0.00260533
0.0020222
0.00156301
0.00118923
0.000854582
0.000557347
0.000296371
6.74482e-05
-0.000133424
-0.000309725
-0.000464586
-0.00060079
-0.000720724
-0.000826376
-0.000919325
-0.00100075
-0.00107145
-0.00113184
-0.00118198
-0.00122161
-0.0012502
-0.00126694
-0.00127082
-0.00126066
-0.00123516
-0.00119297
-0.00113271
-0.00105305
-0.000952758
-0.000830783
-0.000686278
-0.000518681
-0.000327766
-0.000113692
0.000122949
0.000381093
0.000659179
0.000955126
0.00126633
0.00158966
0.00192151
0.00225782
0.00259412
0.00292564
0.00324736
0.00355415
0.00384087
0.00410249
0.00433424
0.00453173
0.00469109
0.00480906
0.00488315
0.00491165
0.00489377
0.00482962
0.00472022
0.0045675
0.00437418
0.00414377
0.00388036
0.00358858
0.00327341
0.00294004
0.00259375
0.00223974
0.00188293
0.00152796
0.00118081
0.000846916
0.000507279
0.000143449
0.00258698
0.00196612
0.00147852
0.00108295
0.000729736
0.000416749
0.000142447
-9.79531e-05
-0.000308993
-0.00049462
-0.000658379
-0.000803402
-0.000932367
-0.00104749
-0.00115054
-0.00124281
-0.00132518
-0.00139809
-0.00146161
-0.00151544
-0.00155895
-0.00159123
-0.00161113
-0.00161732
-0.00160829
-0.00158249
-0.0015383
-0.00147416
-0.00138859
-0.00128026
-0.00114807
-0.000991195
-0.000809158
-0.000601879
-0.000369731
-0.000113584
0.000165158
0.000464535
0.000782011
0.00111449
0.00145831
0.00180931
0.00216286
0.00251395
0.00285725
0.00318727
0.00349844
0.00378522
0.00404234
0.00426481
0.0044482
0.00458866
0.00468312
0.00472933
0.00472601
0.00467283
0.00457048
0.00442059
0.00422575
0.00398937
0.00371562
0.00340925
0.00307545
0.00271975
0.00234779
0.00196523
0.00157744
0.00118954
0.000808243
0.00043967
6.25876e-05
-0.000343429
0.00250813
0.00185141
0.00133678
0.000920391
0.000549348
0.000221097
-6.62942e-05
-0.000318172
-0.0005396
-0.00073498
-0.000908251
-0.00106288
-0.00120181
-0.00132748
-0.00144181
-0.0015462
-0.0016416
-0.00172848
-0.00180686
-0.0018764
-0.00193637
-0.00198575
-0.00202323
-0.0020473
-0.00205625
-0.0020483
-0.0020216
-0.00197432
-0.0019047
-0.00181114
-0.00169225
-0.00154692
-0.00137439
-0.00117432
-0.000946823
-0.000692554
-0.000412726
-0.000109151
0.000215736
0.000558876
0.000916596
0.00128464
0.00165821
0.00203206
0.00240055
0.00275777
0.00309767
0.00341422
0.0037015
0.00395393
0.00416637
0.00433432
0.00445402
0.00452261
0.0045382
0.00449995
0.00440811
0.00426401
0.00407
0.00382941
0.00354643
0.00322597
0.00287347
0.00249483
0.00209613
0.00168356
0.00126303
0.000840244
0.000422709
1.73435e-05
-0.000399391
-0.000849982
0.00236412
0.00167351
0.0011333
0.00069716
0.000309101
-3.38546e-05
-0.000334029
-0.000597322
-0.000829306
-0.00103482
-0.00121818
-0.00138318
-0.001533
-0.00167029
-0.0017971
-0.00191495
-0.00202481
-0.00212715
-0.00222198
-0.00230887
-0.002387
-0.00245521
-0.00251202
-0.00255572
-0.00258441
-0.00259605
-0.00258854
-0.00255976
-0.00250767
-0.00243036
-0.00232612
-0.00219354
-0.00203153
-0.00183947
-0.00161717
-0.00136504
-0.00108405
-0.000775847
-0.000442719
-8.7653e-05
0.000285685
0.000672969
0.00106925
0.00146904
0.00186637
0.00225491
0.00262811
0.00297933
0.00330202
0.00358985
0.00383695
0.00403803
0.00418857
0.00428494
0.00432456
0.00430598
0.00422891
0.00409427
0.00390416
0.00366175
0.00337125
0.0030377
0.00266687
0.00226502
0.00183877
0.00139489
0.000939932
0.000480266
2.43097e-05
-0.000420143
-0.000879045
-0.00137706
0.00215052
0.00142811
0.000863874
0.00040911
4.9103e-06
-0.000352134
-0.000664738
-0.000939342
-0.00118201
-0.00139802
-0.00159204
-0.00176815
-0.0019298
-0.0020798
-0.00222034
-0.00235301
-0.00247882
-0.00259823
-0.0027112
-0.00281722
-0.00291535
-0.00300429
-0.00308239
-0.00314773
-0.00319817
-0.00323143
-0.00324512
-0.00323683
-0.0032042
-0.003145
-0.00305716
-0.00293894
-0.0027889
-0.00260607
-0.00238996
-0.00214065
-0.00185885
-0.00154597
-0.00120413
-0.000836192
-0.000445785
-3.72713e-05
0.000384273
0.000813121
0.00124298
0.00166708
0.00207834
0.00246948
0.00283322
0.00316244
0.00345042
0.00369096
0.00387866
0.00400902
0.00407864
0.00408531
0.00402812
0.00390747
0.0037251
0.003484
0.00318833
0.0028433
0.00245495
0.00203002
0.00157568
0.00109938
0.000608392
0.000109841
-0.000386835
-0.000872866
-0.00137677
-0.00192553
0.0018632
0.00111118
0.000524544
5.23511e-05
-0.00036706
-0.000737534
-0.00106218
-0.00134796
-0.00160143
-0.00182827
-0.0020335
-0.00222149
-0.00239592
-0.00255975
-0.00271531
-0.00286423
-0.00300755
-0.00314572
-0.00327864
-0.00340571
-0.00352586
-0.00363762
-0.00373918
-0.00382838
-0.00390287
-0.00396007
-0.0039973
-0.00401184
-0.004001
-0.00396216
-0.00389292
-0.00379112
-0.00365497
-0.00348308
-0.00327461
-0.00302928
-0.00274749
-0.00243034
-0.00207974
-0.00169837
-0.00128977
-0.000858317
-0.000409166
5.17425e-05
0.000517791
0.000981776
0.00143604
0.00187263
0.00228347
0.00266057
0.00299624
0.00328329
0.00351529
0.00368672
0.00379321
0.00383167
0.00380041
0.0036992
0.0035293
0.00329345
0.00299573
0.00264146
0.00223698
0.00178952
0.00130689
0.000797265
0.000268735
-0.000270716
-0.000810518
-0.00134082
-0.0018929
-0.00249622
0.00149827
0.000718958
0.000111645
-0.000376724
-0.000810374
-0.00119358
-0.00152985
-0.00182667
-0.00209104
-0.00232905
-0.00254606
-0.0027467
-0.00293487
-0.00311369
-0.00328558
-0.00345225
-0.00361474
-0.00377346
-0.00392825
-0.00407842
-0.00422276
-0.00435964
-0.00448704
-0.0046026
-0.00470369
-0.00478746
-0.00485092
-0.00489101
-0.00490466
-0.00488889
-0.00484088
-0.00475806
-0.00463819
-0.00447948
-0.00428065
-0.004041
-0.00376054
-0.00344006
-0.00308113
-0.00268623
-0.00225874
-0.00180297
-0.00132415
-0.000828382
-0.000322582
0.000185602
0.000687936
0.00117575
0.00164011
0.00207208
0.00246289
0.00280423
0.00308849
0.00330899
0.00346021
0.00353802
0.00353977
0.00346447
0.0033128
0.00308708
0.00279126
0.00243073
0.00201215
0.00154323
0.00103247
0.000488872
-7.8576e-05
-0.000660934
-0.00124637
-0.00182384
-0.0024276
-0.00308979
0.00105217
0.000248016
-0.000378182
-0.000881418
-0.00132829
-0.00172351
-0.00207098
-0.00237866
-0.00265404
-0.00290357
-0.00313292
-0.00334701
-0.00354991
-0.00374492
-0.00393452
-0.00412049
-0.00430385
-0.00448501
-0.00466372
-0.00483918
-0.00501004
-0.00517451
-0.00533036
-0.005475
-0.00560553
-0.00571881
-0.00581153
-0.00588025
-0.00592153
-0.00593198
-0.00590832
-0.00584753
-0.0057469
-0.00560415
-0.00541751
-0.00518582
-0.00490863
-0.0045863
-0.00422006
-0.00381206
-0.00336547
-0.00288448
-0.00237429
-0.00184115
-0.00129223
-0.000735609
-0.000180099
0.00036488
0.000889507
0.00138378
0.00183778
0.00224192
0.00258727
0.0028658
0.00307067
0.00319648
0.00323948
0.00319772
0.00307109
0.00286145
0.00257245
0.00220952
0.00177958
0.00129086
0.000752595
0.000174684
-0.000432892
-0.00106013
-0.00169379
-0.00232152
-0.00298078
-0.00370663
0.000521684
-0.000304754
-0.00094796
-0.00146471
-0.00192376
-0.00233025
-0.00268846
-0.00300685
-0.00329333
-0.00355472
-0.00379701
-0.00402534
-0.004244
-0.00445641
-0.00466514
-0.00487201
-0.00507805
-0.00528361
-0.00548838
-0.00569144
-0.00589131
-0.00608602
-0.00627314
-0.00644982
-0.00661291
-0.00675895
-0.00688428
-0.00698511
-0.00705757
-0.00709782
-0.00710211
-0.00706694
-0.00698905
-0.00686562
-0.00669435
-0.00647353
-0.00620218
-0.00588017
-0.00550825
-0.0050882
-0.00462289
-0.00411629
-0.00357353
-0.00300089
-0.00240579
-0.00179668
-0.00118295
-0.000574769
1.70904e-05
0.000581512
0.0011073
0.00158347
0.00199958
0.00234609
0.00261461
0.00279829
0.00289201
0.00289264
0.00279915
0.00261268
0.00233653
0.00197603
0.00153832
0.00103217
0.000467561
-0.000144625
-0.000793314
-0.00146732
-0.00215186
-0.00283311
-0.00355203
-0.00434683
-9.60538e-05
-0.000942092
-0.00160035
-0.00212921
-0.00259936
-0.00301635
-0.00338485
-0.00371379
-0.00401147
-0.00428507
-0.00454088
-0.00478428
-0.00501973
-0.00525078
-0.00548009
-0.0057095
-0.00594006
-0.00617205
-0.00640511
-0.0066382
-0.0068697
-0.00709746
-0.00731884
-0.00753076
-0.00772976
-0.0079121
-0.00807375
-0.00821051
-0.0083181
-0.0083922
-0.00842855
-0.0084231
-0.00837202
-0.0082719
-0.00811981
-0.00791344
-0.00765119
-0.00733234
-0.0069571
-0.00652677
-0.00604379
-0.00551184
-0.00493587
-0.00432215
-0.00367823
-0.00301289
-0.00233607
-0.00165869
-0.0009925
-0.000349791
0.000256862
0.000814943
0.00131235
0.00173778
0.00208111
0.00233374
0.00248896
0.00254222
0.0024913
0.00233644
0.00208039
0.00172826
0.00128738
0.000766963
0.000177818
-0.000468139
-0.00115863
-0.00188118
-0.00261927
-0.00335745
-0.0041405
-0.00501001
-0.000803488
-0.00166634
-0.00233764
-0.00287716
-0.00335731
-0.00378402
-0.00416234
-0.00450164
-0.00481061
-0.00509678
-0.0053667
-0.00562598
-0.00587926
-0.0061302
-0.00638155
-0.00663517
-0.00689212
-0.00715264
-0.00741628
-0.00768191
-0.00794776
-0.00821151
-0.00847031
-0.00872083
-0.00895936
-0.00918179
-0.00938374
-0.00956063
-0.00970769
-0.00982011
-0.0098931
-0.00992199
-0.00990237
-0.00983015
-0.00970172
-0.00951407
-0.00926491
-0.00895283
-0.0085774
-0.00813932
-0.0076405
-0.00708421
-0.00647513
-0.00581937
-0.00512454
-0.00439969
-0.00365524
-0.00290285
-0.00215523
-0.00142591
-0.000728931
-7.8469e-05
0.000511532
0.00102781
0.00145822
0.00179219
0.00202111
0.00213868
0.00214124
0.00202788
0.00180057
0.00146404
0.00102567
0.000495125
-0.00011599
-0.000794647
-0.00152727
-0.00229993
-0.00309421
-0.00389287
-0.00474481
-0.00569529
-0.00160263
-0.00247942
-0.00316168
-0.0037104
-0.00419941
-0.00463504
-0.00502271
-0.00537218
-0.00569253
-0.00599159
-0.00627619
-0.00655216
-0.00682428
-0.00709635
-0.00737119
-0.00765069
-0.00793591
-0.00822705
-0.00852361
-0.00882433
-0.00912733
-0.0094301
-0.0097296
-0.0100223
-0.0103041
-0.0105706
-0.0108172
-0.0110386
-0.0112299
-0.0113855
-0.0115001
-0.0115685
-0.0115856
-0.0115464
-0.0114468
-0.0112828
-0.0110515
-0.0107506
-0.010379
-0.0099365
-0.00942453
-0.00884577
-0.00820447
-0.0075065
-0.0067594
-0.00597237
-0.00515625
-0.00432336
-0.0034874
-0.00266313
-0.00186612
-0.00111235
-0.000417763
0.000202195
0.000733105
0.00116209
0.00147832
0.00167345
0.001742
0.00168162
0.00149322
0.00118095
0.000752081
0.000216635
-0.000412985
-0.00112259
-0.00189719
-0.00272128
-0.00357433
-0.00443709
-0.00536294
-0.00640109
-0.00249504
-0.00338282
-0.00407392
-0.00463032
-0.00512705
-0.0055708
-0.00596732
-0.00632675
-0.00665854
-0.0069708
-0.00727062
-0.00756403
-0.00785597
-0.00815036
-0.00845009
-0.0087571
-0.00907244
-0.00939629
-0.00972807
-0.0100665
-0.0104094
-0.0107543
-0.0110979
-0.0114363
-0.0117653
-0.0120802
-0.0123758
-0.0126466
-0.012887
-0.013091
-0.0132527
-0.0133662
-0.0134256
-0.0134254
-0.0133603
-0.0132257
-0.0130178
-0.0127333
-0.0123702
-0.0119276
-0.0114061
-0.0108077
-0.010136
-0.00939658
-0.0085967
-0.00774562
-0.00685445
-0.00593614
-0.00500528
-0.00407788
-0.00317109
-0.00230278
-0.00149106
-0.00075378
-0.00010791
0.000431055
0.000849693
0.00113722
0.00128597
0.00129176
0.00115413
0.000876385
0.00046545
-6.84e-05
-0.000712009
-0.00144999
-0.00226585
-0.00314233
-0.00405657
-0.0049871
-0.00599212
-0.00712511
-0.00348177
-0.00437753
-0.00507533
-0.00563791
-0.0061412
-0.00659223
-0.00699707
-0.00736624
-0.00770948
-0.0080352
-0.00835072
-0.00866226
-0.00897494
-0.00929276
-0.00961871
-0.00995478
-0.010302
-0.0106606
-0.0110298
-0.0114084
-0.0117941
-0.0121842
-0.0125752
-0.0129631
-0.0133433
-0.0137107
-0.01406
-0.0143851
-0.0146798
-0.0149378
-0.0151524
-0.015317
-0.015425
-0.0154699
-0.0154457
-0.0153469
-0.0151685
-0.0149064
-0.0145576
-0.0141202
-0.0135938
-0.0129795
-0.0122803
-0.0115012
-0.0106491
-0.009733
-0.0087643
-0.00775638
-0.00672464
-0.00568633
-0.00466018
-0.003666
-0.00272424
-0.00185534
-0.00107911
-0.000413999
0.000123582
0.000519982
0.000764905
0.000851913
0.000778761
0.000547541
0.000164611
-0.000359703
-0.00101157
-0.00177439
-0.00263008
-0.00355945
-0.0045371
-0.00553904
-0.00662871
-0.00786412
-0.00456335
-0.00546408
-0.00616643
-0.00673366
-0.00724235
-0.00769981
-0.00811244
-0.00849106
-0.00884572
-0.00918508
-0.00951669
-0.00984696
-0.0101812
-0.0105234
-0.0108768
-0.0112433
-0.0116241
-0.0120193
-0.0124281
-0.0128493
-0.0132805
-0.0137187
-0.0141604
-0.0146014
-0.0150368
-0.0154612
-0.0158688
-0.0162532
-0.0166077
-0.0169254
-0.0171989
-0.0174208
-0.0175839
-0.0176808
-0.0177045
-0.0176484
-0.0175065
-0.0172736
-0.0169456
-0.0165195
-0.0159937
-0.0153685
-0.0146459
-0.01383
-0.0129273
-0.0119464
-0.0108988
-0.00979799
-0.00866026
-0.0075039
-0.0063492
-0.005218
-0.00413315
-0.00311788
-0.00219511
-0.00138661
-0.000712182
-0.000188815
0.000170063
0.000355246
0.000362234
0.000191488
-0.000151562
-0.00065677
-0.00130977
-0.00209277
-0.00298599
-0.0039682
-0.00501113
-0.00608806
-0.00726801
-0.00861384
-0.00573982
-0.00664252
-0.00734727
-0.00791765
-0.00843055
-0.00889358
-0.00931341
-0.00970115
-0.0100671
-0.0104202
-0.0107682
-0.0111176
-0.011474
-0.0118415
-0.0122233
-0.0126215
-0.0130373
-0.0134708
-0.0139212
-0.0143872
-0.0148663
-0.0153556
-0.0158513
-0.0163488
-0.0168433
-0.0173289
-0.0177995
-0.0182482
-0.018668
-0.0190511
-0.0193896
-0.0196756
-0.0199006
-0.0200565
-0.0201354
-0.0201295
-0.0200317
-0.0198355
-0.0195357
-0.0191279
-0.0186095
-0.0179793
-0.0172384
-0.0163899
-0.0154395
-0.0143954
-0.0132686
-0.012073
-0.0108252
-0.00954458
-0.00825289
-0.00697395
-0.00573311
-0.00455654
-0.00347053
-0.00250049
-0.00167006
-0.00100009
-0.000507677
-0.00020538
-0.000100518
-0.000194777
-0.000484083
-0.0009588
-0.00160421
-0.00240141
-0.00332888
-0.00436317
-0.00547287
-0.00662819
-0.00790417
-0.00936877
-0.00701063
-0.00791236
-0.00861742
-0.00918945
-0.00970541
-0.0101731
-0.0105995
-0.010996
-0.011373
-0.0117398
-0.0121042
-0.0124731
-0.0128521
-0.0132455
-0.0136565
-0.0140874
-0.0145394
-0.0150125
-0.0155063
-0.016019
-0.0165484
-0.0170913
-0.0176438
-0.0182013
-0.0187585
-0.0193094
-0.0198475
-0.0203655
-0.0208558
-0.0213102
-0.0217201
-0.0220766
-0.0223706
-0.0225929
-0.0227346
-0.0227868
-0.0227411
-0.0225898
-0.0223263
-0.0219448
-0.0214412
-0.0208132
-0.0200603
-0.0191847
-0.0181909
-0.0170865
-0.0158818
-0.0145907
-0.0132302
-0.0118203
-0.0103842
-0.00894757
-0.00753831
-0.00618566
-0.00491944
-0.00376908
-0.00276246
-0.00192483
-0.00127758
-0.000837251
-0.000614645
-0.000614207
-0.000833757
-0.00126459
-0.00189192
-0.00269584
-0.00365308
-0.00473783
-0.00591524
-0.00715214
-0.00852994
-0.010122
-0.00837474
-0.00927264
-0.00997599
-0.0105482
-0.0110661
-0.0115376
-0.0119699
-0.0123745
-0.0127623
-0.0131425
-0.0135233
-0.0139117
-0.0143134
-0.014733
-0.0151737
-0.015638
-0.016127
-0.016641
-0.0171793
-0.0177405
-0.018322
-0.0189208
-0.0195328
-0.0201532
-0.0207765
-0.0213966
-0.0220064
-0.0225984
-0.0231645
-0.0236958
-0.024183
-0.0246167
-0.0249867
-0.0252829
-0.0254952
-0.0256137
-0.0256285
-0.0255307
-0.0253121
-0.0249655
-0.0244853
-0.0238675
-0.0231103
-0.0222143
-0.0211828
-0.0200224
-0.0187427
-0.0173571
-0.0158826
-0.01434
-0.0127534
-0.0111504
-0.00956114
-0.00801812
-0.00655486
-0.00520506
-0.00400131
-0.00297376
-0.00214876
-0.00154756
-0.00118518
-0.00106955
-0.00120104
-0.0015724
-0.00216917
-0.00297063
-0.00395182
-0.0050844
-0.00632981
-0.00765111
-0.00913652
-0.0108651
-0.00983055
-0.0107219
-0.0114216
-0.0119927
-0.0125113
-0.0129857
-0.0134231
-0.0138353
-0.0142333
-0.0146265
-0.0150234
-0.015431
-0.0158553
-0.016301
-0.0167715
-0.0172694
-0.0177958
-0.0183513
-0.0189352
-0.0195459
-0.0201812
-0.0208376
-0.0215112
-0.0221971
-0.0228896
-0.0235822
-0.0242677
-0.0249381
-0.0255847
-0.0261982
-0.0267688
-0.0272859
-0.0277388
-0.0281162
-0.0284071
-0.0286
-0.028684
-0.0286487
-0.0284841
-0.0281817
-0.027734
-0.0271354
-0.0263824
-0.025474
-0.024412
-0.0232015
-0.0218513
-0.020374
-0.0187862
-0.0171091
-0.0153676
-0.0135908
-0.0118113
-0.0100646
-0.00838798
-0.00681971
-0.00539745
-0.00415682
-0.00312978
-0.00234308
-0.00181678
-0.00156314
-0.00158586
-0.00187981
-0.00243136
-0.00321928
-0.004217
-0.00539362
-0.0067065
-0.00811459
-0.0097133
-0.0115876
-0.011376
-0.0122584
-0.0129526
-0.0135212
-0.0140395
-0.0145158
-0.0149575
-0.0153765
-0.0157839
-0.0161894
-0.0166017
-0.0170279
-0.0174743
-0.0179456
-0.0184456
-0.0189768
-0.0195407
-0.0201378
-0.0207675
-0.0214285
-0.0221184
-0.0228338
-0.0235707
-0.0243241
-0.0250882
-0.0258562
-0.0266207
-0.0273733
-0.0281049
-0.0288056
-0.0294649
-0.0300715
-0.0306138
-0.0310796
-0.0314566
-0.0317321
-0.031894
-0.03193
-0.031829
-0.0315803
-0.0311749
-0.0306053
-0.029866
-0.0289543
-0.0278702
-0.0266172
-0.0252026
-0.0236381
-0.0219397
-0.0201283
-0.0182294
-0.0162735
-0.0142951
-0.0123327
-0.0104274
-0.00862218
-0.00696006
-0.00548264
-0.00422819
-0.00322976
-0.00251338
-0.0020966
-0.00198736
-0.00218349
-0.00267279
-0.00343399
-0.00443908
-0.00565454
-0.00703343
-0.00853012
-0.0102477
-0.0122772
-0.0130084
-0.0138796
-0.0145669
-0.0151318
-0.0156487
-0.0161259
-0.0165709
-0.0169957
-0.0174116
-0.0178285
-0.0182551
-0.0186989
-0.0191662
-0.0196622
-0.0201907
-0.0207544
-0.0213551
-0.0219934
-0.0226688
-0.02338
-0.0241248
-0.0248998
-0.025701
-0.0265233
-0.0273608
-0.0282065
-0.0290528
-0.0298908
-0.0307112
-0.0315034
-0.0322563
-0.0329579
-0.0335957
-0.0341565
-0.0346268
-0.0349928
-0.0352409
-0.0353573
-0.0353291
-0.035144
-0.034791
-0.0342606
-0.0335454
-0.0326404
-0.0315438
-0.0302571
-0.0287861
-0.0271408
-0.0253363
-0.023393
-0.0213366
-0.0191982
-0.0170144
-0.0148261
-0.0126783
-0.0106187
-0.00869581
-0.00695782
-0.00544989
-0.00421221
-0.00327779
-0.00267052
-0.00240365
-0.00247893
-0.00288644
-0.00360542
-0.00460674
-0.00585431
-0.00729658
-0.008883
-0.0107246
-0.0129188
-0.0147248
-0.0155829
-0.0162619
-0.0168221
-0.0173366
-0.0178137
-0.018261
-0.0186905
-0.0191136
-0.0195404
-0.0199798
-0.0204396
-0.0209264
-0.0214454
-0.0220008
-0.0225957
-0.0232318
-0.02391
-0.0246301
-0.0253909
-0.0261901
-0.0270247
-0.0278904
-0.0287823
-0.0296942
-0.0306192
-0.0315492
-0.0324752
-0.0333873
-0.0342746
-0.0351253
-0.0359266
-0.0366653
-0.0373271
-0.0378974
-0.0383613
-0.0387035
-0.0389089
-0.0389627
-0.0388509
-0.0385604
-0.0380798
-0.0373993
-0.0365118
-0.0354133
-0.0341031
-0.0325849
-0.030867
-0.0289631
-0.0268926
-0.0246807
-0.0223591
-0.0199656
-0.0175436
-0.0151414
-0.0128114
-0.0106081
-0.00858615
-0.00679844
-0.0052931
-0.00411114
-0.00328397
-0.00283137
-0.00276015
-0.00306367
-0.00372244
-0.00470668
-0.00597783
-0.00747957
-0.00915598
-0.0111265
-0.0134951
-0.0165217
-0.0173654
-0.018035
-0.0185896
-0.0191008
-0.0195767
-0.0200251
-0.0204579
-0.0208866
-0.0213215
-0.0217718
-0.0222454
-0.0227493
-0.0232891
-0.0238692
-0.0244929
-0.0251623
-0.0258785
-0.0266415
-0.0274503
-0.0283027
-0.0291959
-0.0301256
-0.0310868
-0.0320734
-0.0330783
-0.0340932
-0.0351088
-0.0361149
-0.0370999
-0.0380517
-0.0389567
-0.0398008
-0.0405688
-0.0412451
-0.0418133
-0.0422569
-0.0425592
-0.0427038
-0.0426746
-0.0424566
-0.0420361
-0.0414013
-0.0405425
-0.0394534
-0.0381308
-0.0365761
-0.0347955
-0.0328007
-0.0306096
-0.0282469
-0.0257439
-0.0231392
-0.0204781
-0.0178121
-0.015198
-0.0126959
-0.0103678
-0.00827429
-0.00647246
-0.00501233
-0.00393406
-0.00326531
-0.00301931
-0.00319391
-0.00377182
-0.00472326
-0.00600752
-0.00756331
-0.00932897
-0.0114327
-0.0139852
-0.0183956
-0.0192238
-0.0198833
-0.0204316
-0.0209386
-0.0214124
-0.0218604
-0.0222948
-0.0227271
-0.0231678
-0.0236263
-0.024111
-0.0246291
-0.0251865
-0.0257882
-0.0264376
-0.0271373
-0.0278886
-0.0286918
-0.0295461
-0.0304497
-0.0313995
-0.0323917
-0.0334212
-0.0344818
-0.0355663
-0.0366663
-0.0377722
-0.0388734
-0.039958
-0.0410132
-0.0420248
-0.0429778
-0.0438563
-0.0446433
-0.0453216
-0.0458729
-0.0462793
-0.0465224
-0.0465845
-0.0464484
-0.0460983
-0.0455199
-0.0447011
-0.0436329
-0.0423097
-0.0407301
-0.0388978
-0.0368224
-0.0345198
-0.0320131
-0.0293331
-0.0265185
-0.0236159
-0.0206796
-0.0177701
-0.0149533
-0.0122982
-0.0098739
-0.00774689
-0.00597727
-0.00461526
-0.00369785
-0.00324625
-0.00326419
-0.00373782
-0.00463821
-0.00592289
-0.00752562
-0.00937864
-0.0116194
-0.0143652
-0.0203422
-0.0211549
-0.0218039
-0.0223455
-0.0228477
-0.023318
-0.0237642
-0.0241982
-0.0246316
-0.0250751
-0.0255385
-0.0260307
-0.0265591
-0.0271302
-0.0277494
-0.0284205
-0.0291464
-0.029929
-0.0307688
-0.0316652
-0.0326167
-0.0336204
-0.0346726
-0.0357682
-0.0369011
-0.038064
-0.0392483
-0.0404442
-0.0416407
-0.0428256
-0.0439854
-0.0451054
-0.0461698
-0.0471618
-0.0480635
-0.0488562
-0.0495206
-0.050037
-0.0503856
-0.0505467
-0.0505011
-0.0502307
-0.0497188
-0.048951
-0.0479153
-0.0466034
-0.0450111
-0.0431394
-0.0409949
-0.0385913
-0.0359498
-0.0330997
-0.0300794
-0.0269361
-0.0237258
-0.0205127
-0.017368
-0.0143674
-0.0115888
-0.00910869
-0.00699814
-0.00531874
-0.0041184
-0.00342798
-0.00325876
-0.00360181
-0.00443013
-0.00570019
-0.00734085
-0.00927798
-0.0116587
-0.0146069
-0.0223577
-0.0231551
-0.023794
-0.0243287
-0.0248253
-0.0252912
-0.0257337
-0.0261648
-0.0265962
-0.027039
-0.0275033
-0.0279984
-0.0285324
-0.0291122
-0.0297437
-0.0304314
-0.0311786
-0.0319875
-0.0328591
-0.0337932
-0.0347884
-0.0358422
-0.0369509
-0.0381096
-0.0393121
-0.040551
-0.0418177
-0.0431022
-0.0443931
-0.0456779
-0.0469424
-0.0481715
-0.0493486
-0.0504559
-0.0514747
-0.0523851
-0.0531665
-0.0537978
-0.0542574
-0.054524
-0.0545763
-0.054394
-0.053958
-0.0532513
-0.0522592
-0.0509704
-0.0493777
-0.047479
-0.045278
-0.0427854
-0.04002
-0.0370092
-0.03379
-0.0304096
-0.0269251
-0.0234036
-0.0199208
-0.016559
-0.0134048
-0.010545
-0.00806253
-0.00603162
-0.00451269
-0.00354807
-0.00315853
-0.00334178
-0.00407415
-0.00531195
-0.00697944
-0.00899593
-0.0115187
-0.0146781
-0.0244378
-0.0252213
-0.0258508
-0.0263788
-0.0268694
-0.0273296
-0.0277663
-0.0281916
-0.0286174
-0.029055
-0.0295152
-0.0300077
-0.0305414
-0.0311239
-0.0317615
-0.0324595
-0.0332218
-0.034051
-0.0349486
-0.0359148
-0.0369485
-0.0380474
-0.0392081
-0.0404257
-0.0416941
-0.0430058
-0.044352
-0.0457226
-0.047106
-0.048489
-0.0498573
-0.0511949
-0.0524846
-0.0537078
-0.0548449
-0.0558748
-0.0567757
-0.0575252
-0.0581
-0.0584771
-0.0586333
-0.058546
-0.058194
-0.0575575
-0.056619
-0.0553644
-0.0537832
-0.05187
-0.0496254
-0.0470567
-0.0441797
-0.0410193
-0.0376105
-0.0339995
-0.0302438
-0.0264123
-0.0225846
-0.0188492
-0.0153007
-0.0120367
-0.00915258
-0.00673615
-0.00486204
-0.00358603
-0.00294049
-0.00293178
-0.00354133
-0.00472648
-0.0064074
-0.0084968
-0.0111626
-0.0145417
-0.0265785
-0.0273504
-0.0279721
-0.0284939
-0.0289782
-0.0294313
-0.0298598
-0.0302758
-0.0306916
-0.0311188
-0.0315688
-0.0320522
-0.0325785
-0.0331562
-0.0337925
-0.0344933
-0.0352633
-0.0361056
-0.0370222
-0.0380138
-0.0390797
-0.0402179
-0.041425
-0.0426963
-0.0440258
-0.045406
-0.0468279
-0.0482811
-0.0497538
-0.0512325
-0.0527022
-0.0541466
-0.0555477
-0.0568861
-0.0581411
-0.0592909
-0.0603125
-0.0611818
-0.0618744
-0.0623654
-0.0626298
-0.062643
-0.0623813
-0.0618224
-0.0609463
-0.0597357
-0.0581769
-0.0562612
-0.0539855
-0.0513537
-0.0483782
-0.0450805
-0.0414932
-0.0376606
-0.0336396
-0.0295
-0.0253243
-0.0212062
-0.0172481
-0.013558
-0.0102441
-0.00740885
-0.00514259
-0.00351656
-0.00257703
-0.00234136
-0.00279816
-0.00390735
-0.00558579
-0.00773976
-0.0105484
-0.0141549
-0.0287762
-0.02954
-0.030156
-0.0306727
-0.0311506
-0.031595
-0.0320126
-0.0324152
-0.0328155
-0.0332259
-0.0336585
-0.0341248
-0.0346354
-0.0351997
-0.0358259
-0.0365208
-0.0372897
-0.0381367
-0.0390642
-0.0400735
-0.0411642
-0.0423346
-0.0435815
-0.0449005
-0.0462854
-0.0477288
-0.0492215
-0.0507529
-0.0523108
-0.0538815
-0.0554494
-0.0569976
-0.0585076
-0.0599591
-0.0613306
-0.0625992
-0.0637408
-0.0647302
-0.0655414
-0.0661479
-0.066523
-0.06664
-0.0664732
-0.0659977
-0.0651909
-0.0640323
-0.0625053
-0.0605976
-0.0583025
-0.0556202
-0.0525591
-0.0491372
-0.0453837
-0.0413403
-0.0370623
-0.0326195
-0.028096
-0.0235897
-0.0192102
-0.0150751
-0.0113056
-0.00801965
-0.00532446
-0.00330879
-0.00203528
-0.00153491
-0.00180591
-0.00281275
-0.00447013
-0.00667826
-0.00962817
-0.0134694
-0.0310274
-0.0317881
-0.0324017
-0.0329148
-0.0333861
-0.0338203
-0.0342235
-0.0346078
-0.0349864
-0.0353723
-0.0357789
-0.0362189
-0.0367039
-0.0372447
-0.0378505
-0.0385292
-0.0392872
-0.0401291
-0.0410583
-0.0420763
-0.0431834
-0.0443781
-0.0456575
-0.0470171
-0.048451
-0.0499514
-0.0515091
-0.0531134
-0.0547516
-0.0564096
-0.0580714
-0.0597195
-0.0613347
-0.062896
-0.0643811
-0.065766
-0.0670257
-0.0681336
-0.0690624
-0.0697842
-0.0702705
-0.0704928
-0.0704232
-0.0700347
-0.0693018
-0.0682013
-0.0667135
-0.0648225
-0.0625181
-0.0597964
-0.0566618
-0.0531283
-0.0492213
-0.044979
-0.0404542
-0.0357154
-0.0308474
-0.025951
-0.0211415
-0.016546
-0.012298
-0.00853112
-0.00537093
-0.00292549
-0.00127632
-0.000470925
-0.000519968
-0.00139486
-0.00300971
-0.0052593
-0.00834752
-0.0124298
-0.0333297
-0.0340939
-0.0347093
-0.0352208
-0.0356857
-0.0361077
-0.0364926
-0.0368526
-0.0372018
-0.0375543
-0.0379247
-0.0383273
-0.0387753
-0.0392808
-0.0398544
-0.0405054
-0.0412411
-0.0420671
-0.0429874
-0.0440044
-0.0451185
-0.0463288
-0.0476324
-0.0490249
-0.0505004
-0.052051
-0.0536674
-0.0553385
-0.0570512
-0.0587911
-0.0605417
-0.0622848
-0.0640005
-0.0656672
-0.0672617
-0.0687592
-0.0701333
-0.0713567
-0.0724005
-0.0732355
-0.0738315
-0.0741585
-0.0741863
-0.0738858
-0.073229
-0.0721902
-0.0707463
-0.0688784
-0.0665723
-0.0638204
-0.0606228
-0.0569892
-0.0529406
-0.0485113
-0.0437507
-0.0387249
-0.033518
-0.0282324
-0.022988
-0.0179198
-0.0131732
-0.00889769
-0.00523765
-0.00232226
-0.000254428
0.000898747
0.00111093
0.000400909
-0.00114685
-0.00342276
-0.00664467
-0.0109737
-0.0356815
-0.0364576
-0.0370805
-0.037593
-0.0380517
-0.0384591
-0.0388208
-0.0391495
-0.0394601
-0.0397684
-0.0400908
-0.0404432
-0.0408408
-0.0412975
-0.0418257
-0.0424358
-0.0431365
-0.0439345
-0.0448346
-0.0458397
-0.0469507
-0.0481669
-0.0494858
-0.0509029
-0.0524122
-0.0540057
-0.0556738
-0.057405
-0.0591859
-0.0610016
-0.062835
-0.0646674
-0.0664782
-0.068245
-0.0699437
-0.0715487
-0.0730325
-0.0743667
-0.0755213
-0.0764656
-0.0771679
-0.0775965
-0.0777196
-0.0775057
-0.0769247
-0.0759482
-0.0745503
-0.0727087
-0.0704059
-0.0676302
-0.0643775
-0.0606531
-0.0564733
-0.0518679
-0.046882
-0.0415787
-0.0360399
-0.0303682
-0.0246867
-0.0191367
-0.0138747
-0.00906513
-0.00487194
-0.00144673
0.00108377
0.0026297
0.00314547
0.00263671
0.0011839
-0.00110053
-0.00444974
-0.00903047
-0.0380824
-0.0388814
-0.0395186
-0.0400355
-0.0404882
-0.0408781
-0.0412106
-0.0414993
-0.0417604
-0.0420119
-0.0422721
-0.0425594
-0.0428915
-0.0432842
-0.0437518
-0.0443064
-0.0449582
-0.045715
-0.0465824
-0.0475638
-0.0486609
-0.0498731
-0.0511978
-0.0526308
-0.0541656
-0.0557942
-0.0575067
-0.059291
-0.0611334
-0.0630184
-0.0649283
-0.0668437
-0.0687434
-0.0706041
-0.0724009
-0.0741073
-0.0756949
-0.0771339
-0.0783935
-0.0794414
-0.0802448
-0.0807701
-0.0809838
-0.0808527
-0.0803443
-0.0794278
-0.0780746
-0.0762595
-0.0739614
-0.0711649
-0.0678618
-0.0640527
-0.0597494
-0.0549765
-0.0497747
-0.0442026
-0.0383391
-0.0322857
-0.0261666
-0.0201284
-0.0143366
-0.00897013
-0.00421221
-0.00023791
0.00280005
0.00478581
0.00565066
0.00538316
0.00405668
0.00178446
-0.00168382
-0.00652041
-0.040534
-0.0413694
-0.0420297
-0.0425549
-0.0430016
-0.0433703
-0.0436663
-0.0439044
-0.0441029
-0.0442823
-0.044464
-0.0446692
-0.0449181
-0.0452295
-0.0456197
-0.0461029
-0.0466905
-0.0473918
-0.0482131
-0.0491588
-0.0502306
-0.0514282
-0.0527491
-0.0541889
-0.0557409
-0.0573968
-0.0591461
-0.0609764
-0.0628735
-0.0648209
-0.0668006
-0.0687924
-0.0707743
-0.0727222
-0.0746103
-0.0764112
-0.0780954
-0.0796324
-0.0809897
-0.0821342
-0.0830314
-0.0836465
-0.0839441
-0.0838893
-0.0834476
-0.0825858
-0.081273
-0.0794808
-0.0771851
-0.074367
-0.0710141
-0.0671227
-0.0626997
-0.0577648
-0.0523534
-0.0465192
-0.0403373
-0.0339061
-0.0273499
-0.0208182
-0.0144844
-0.00854023
-0.00318756
0.00137451
0.00496541
0.00744012
0.00870274
0.00872037
0.00755544
0.00531929
0.00174214
-0.00335381
-0.0430399
-0.043929
-0.0446229
-0.0451609
-0.0456015
-0.0459441
-0.0461942
-0.0463687
-0.0464887
-0.0465782
-0.0466621
-0.0467653
-0.0469114
-0.047122
-0.0474162
-0.0478103
-0.0483175
-0.048948
-0.0497095
-0.0506066
-0.0516414
-0.0528139
-0.0541213
-0.0555589
-0.0571199
-0.0587953
-0.0605741
-0.0624433
-0.064388
-0.0663911
-0.0684339
-0.0704952
-0.0725522
-0.0745802
-0.0765523
-0.0784401
-0.0802133
-0.08184
-0.083287
-0.0845195
-0.0855019
-0.0861979
-0.0865707
-0.0865834
-0.0861997
-0.0853844
-0.084104
-0.0823277
-0.0800283
-0.0771834
-0.0737769
-0.069801
-0.0652577
-0.0601617
-0.0545431
-0.0484502
-0.041953
-0.0351465
-0.0281528
-0.0211228
-0.0142355
-0.00769402
-0.00171764
0.00347053
0.00766067
0.0106757
0.0123882
0.012739
0.0117751
0.00960237
0.00592866
0.000570247
-0.0456072
-0.0465709
-0.0473113
-0.0478673
-0.0483009
-0.0486106
-0.0488031
-0.0488979
-0.0489203
-0.0488985
-0.0488622
-0.0488406
-0.0488614
-0.0489498
-0.0491277
-0.0494137
-0.0498229
-0.0503669
-0.0510541
-0.0518897
-0.052876
-0.0540128
-0.0552972
-0.0567241
-0.058286
-0.0599734
-0.0617746
-0.0636759
-0.0656616
-0.0677139
-0.0698129
-0.0719369
-0.0740622
-0.0761629
-0.0782113
-0.0801781
-0.0820318
-0.0837395
-0.0852668
-0.0865777
-0.0876353
-0.0884019
-0.0888391
-0.0889084
-0.0885717
-0.0877917
-0.0865328
-0.0847617
-0.0824482
-0.079567
-0.0760986
-0.0720308
-0.0673613
-0.0621
-0.0562713
-0.0499181
-0.043105
-0.0359219
-0.0284878
-0.0209531
-0.0135004
-0.00634186
0.000287118
0.00614009
0.0109772
0.0145865
0.016805
0.0175417
0.0168229
0.014745
0.0109892
0.00536542
-0.0482466
-0.0493111
-0.0501133
-0.0506928
-0.0511174
-0.0513852
-0.0515047
-0.0515
-0.0514014
-0.051243
-0.0510603
-0.0508878
-0.0507581
-0.0507003
-0.0507398
-0.0508976
-0.0511906
-0.0516317
-0.0522301
-0.0529913
-0.0539178
-0.0550088
-0.0562612
-0.0576691
-0.0592246
-0.0609171
-0.0627342
-0.0646614
-0.0666818
-0.0687769
-0.0709259
-0.073106
-0.0752925
-0.0774586
-0.0795757
-0.0816131
-0.0835386
-0.0853179
-0.0869156
-0.0882944
-0.0894161
-0.0902415
-0.0907308
-0.0908439
-0.0905409
-0.0897825
-0.0885311
-0.086751
-0.0844095
-0.0814783
-0.0779344
-0.0737623
-0.0689552
-0.0635182
-0.0574707
-0.0508496
-0.0437138
-0.0361478
-0.028266
-0.0202168
-0.012184
-0.00438702
0.00292487
0.00948297
0.015017
0.0192781
0.0220633
0.0232443
0.0228206
0.0208732
0.0170523
0.0111599
-0.0509745
-0.0521721
-0.0530544
-0.053663
-0.0540745
-0.0542877
-0.0543147
-0.0541853
-0.0539373
-0.0536121
-0.0532524
-0.0528993
-0.0525908
-0.0523607
-0.0522379
-0.0522461
-0.0524041
-0.0527259
-0.0532211
-0.0538955
-0.0547512
-0.0557871
-0.0569993
-0.058381
-0.0599234
-0.061615
-0.0634423
-0.0653896
-0.0674393
-0.0695715
-0.0717645
-0.0739944
-0.0762354
-0.0784598
-0.0806377
-0.0827375
-0.0847257
-0.086567
-0.0882246
-0.08966
-0.0908338
-0.0917053
-0.0922331
-0.0923755
-0.092091
-0.0913384
-0.0900779
-0.0882716
-0.0858845
-0.0828853
-0.0792482
-0.0749539
-0.069992
-0.0643629
-0.0580809
-0.0511775
-0.0437054
-0.0357432
-0.0274001
-0.0188207
-0.0101886
-0.00172754
0.00630114
0.0136082
0.0198931
0.0248685
0.0282874
0.0299779
0.0299057
0.0281303
0.0242639
0.0180985
-0.0538146
-0.055185
-0.0561689
-0.0568117
-0.0572029
-0.0573442
-0.0572527
-0.0569672
-0.0565349
-0.0560069
-0.0554345
-0.0548667
-0.054348
-0.0539171
-0.0536067
-0.0534432
-0.053447
-0.0536331
-0.0540113
-0.0545872
-0.0553624
-0.0563348
-0.0574996
-0.058849
-0.0603728
-0.0620583
-0.063891
-0.0658538
-0.0679278
-0.0700921
-0.0723237
-0.0745976
-0.0768869
-0.0791626
-0.0813938
-0.0835477
-0.0855896
-0.0874829
-0.0891896
-0.0906701
-0.0918833
-0.0927872
-0.0933389
-0.093495
-0.0932123
-0.0924477
-0.0911593
-0.0893072
-0.0868538
-0.0837653
-0.0800128
-0.0755739
-0.0704343
-0.0645903
-0.0580513
-0.0508435
-0.0430136
-0.0346339
-0.0258076
-0.0166745
-0.00741614
0.0017412
0.0105269
0.0186328
0.0257292
0.0314887
0.0356163
0.0378905
0.038235
0.0366797
0.0327904
0.0263462
-0.0568005
-0.0583927
-0.0595032
-0.0601835
-0.0605427
-0.0605874
-0.0603436
-0.059862
-0.0592026
-0.0584286
-0.0576022
-0.0567812
-0.0560174
-0.0553549
-0.0548303
-0.0544724
-0.0543031
-0.0543377
-0.054586
-0.0550529
-0.0557389
-0.0566408
-0.0577525
-0.0590646
-0.0605655
-0.0622412
-0.0640755
-0.06605
-0.0681444
-0.0703366
-0.0726022
-0.0749149
-0.0772466
-0.0795671
-0.0818443
-0.0840441
-0.0861306
-0.0880661
-0.089811
-0.0913245
-0.0925641
-0.0934863
-0.0940466
-0.0942
-0.0939013
-0.0931057
-0.0917692
-0.0898495
-0.0873068
-0.0841046
-0.0802112
-0.0756009
-0.070256
-0.0641685
-0.0573433
-0.0498014
-0.0415835
-0.0327557
-0.0234146
-0.0136944
-0.00377297
0.00612295
0.0157155
0.0246802
0.0326585
0.0392825
0.0442057
0.0471496
0.0479874
0.0467095
0.0428236
0.0360915
-0.0599792
-0.0618541
-0.0631195
-0.0638377
-0.0641455
-0.0640593
-0.0636182
-0.0628896
-0.0619504
-0.060879
-0.0597502
-0.0586325
-0.0575853
-0.0566584
-0.055892
-0.055317
-0.0549561
-0.0548245
-0.0549313
-0.0552802
-0.0558701
-0.0566963
-0.0577507
-0.0590222
-0.0604975
-0.0621608
-0.0639941
-0.0659777
-0.0680896
-0.0703062
-0.0726018
-0.0749487
-0.0773175
-0.0796767
-0.0819929
-0.0842307
-0.086353
-0.0883207
-0.0900931
-0.0916276
-0.0928805
-0.0938066
-0.0943599
-0.0944936
-0.0941607
-0.0933143
-0.0919083
-0.0898982
-0.0872416
-0.0838994
-0.079837
-0.0750254
-0.0694433
-0.0630788
-0.0559323
-0.0480194
-0.0393752
-0.030059
-0.0201608
-0.00980817
0.00082587
0.0115159
0.0219791
0.0318763
0.0408221
0.0484068
0.0542286
0.057945
0.0593684
0.0584372
0.0545863
0.0475527
-0.0634169
-0.0656497
-0.0671017
-0.0678519
-0.0680779
-0.0678123
-0.0671139
-0.0660735
-0.0647896
-0.0633591
-0.0618722
-0.0604087
-0.0590364
-0.0578104
-0.056774
-0.0559596
-0.0553898
-0.0550789
-0.0550346
-0.0552585
-0.0557475
-0.0564946
-0.0574895
-0.0587189
-0.0601674
-0.0618171
-0.0636484
-0.0656395
-0.0677669
-0.0700054
-0.0723277
-0.0747048
-0.0771059
-0.0794981
-0.0818467
-0.084115
-0.0862645
-0.0882548
-0.0900437
-0.0915875
-0.0928406
-0.0937564
-0.0942872
-0.0943843
-0.0939987
-0.0930816
-0.0915847
-0.0894609
-0.0866652
-0.0831558
-0.078895
-0.0738503
-0.0679967
-0.0613183
-0.0538105
-0.0454838
-0.036367
-0.0265129
-0.016004
-0.00496069
0.00645023
0.0180063
0.029422
0.0403455
0.0503654
0.0590296
0.0658767
0.0704922
0.0726153
0.0721176
0.0683404
0.0609851
-0.0672059
-0.0698903
-0.0715627
-0.0723286
-0.0724252
-0.0719116
-0.0708761
-0.0694407
-0.0677317
-0.0658688
-0.0639592
-0.0620952
-0.0603527
-0.0587916
-0.0574573
-0.0563822
-0.055588
-0.0550871
-0.0548843
-0.0549788
-0.0553644
-0.0560314
-0.0569666
-0.0581543
-0.0595765
-0.0612131
-0.0630424
-0.0650407
-0.0671826
-0.0694413
-0.0717879
-0.0741919
-0.076621
-0.0790409
-0.0814157
-0.0837072
-0.0858757
-0.0878793
-0.0896744
-0.0912158
-0.0924565
-0.0933482
-0.0938413
-0.0938854
-0.0934295
-0.0924224
-0.0908136
-0.0885535
-0.0855942
-0.0818908
-0.0774021
-0.0720923
-0.0659321
-0.0589009
-0.0509892
-0.0422015
-0.0325601
-0.0221104
-0.0109267
0.00087895
0.0131474
0.0256611
0.0381338
0.0502033
0.0614331
0.0713274
0.0793604
0.0850355
0.0880047
0.088053
0.0843993
0.0766929
-0.0714767
-0.0747292
-0.0766553
-0.0774026
-0.0772961
-0.0764377
-0.0749578
-0.0730206
-0.0707874
-0.0684045
-0.0659981
-0.0636731
-0.0615126
-0.0595797
-0.0579204
-0.0565656
-0.0555341
-0.0548351
-0.0544698
-0.0544333
-0.0547159
-0.0553043
-0.0561821
-0.0573305
-0.0587288
-0.0603544
-0.0621831
-0.0641894
-0.0663459
-0.0686238
-0.0709929
-0.073421
-0.0758743
-0.0783173
-0.0807125
-0.0830205
-0.0852
-0.0872081
-0.0889996
-0.0905277
-0.091744
-0.0925984
-0.0930397
-0.0930155
-0.0924727
-0.0913579
-0.0896179
-0.0872004
-0.0840546
-0.0801322
-0.0753883
-0.0697829
-0.0632821
-0.0558601
-0.0475015
-0.038204
-0.0279826
-0.0168737
-0.00494234
0.00770965
0.0209328
0.0345172
0.0481785
0.0615465
0.0741608
0.0854801
0.0949077
0.101853
0.105861
0.106607
0.103145
0.0950459
-0.0764143
-0.0803806
-0.0825874
-0.0832514
-0.0828286
-0.0814874
-0.0794189
-0.0768427
-0.0739632
-0.0709567
-0.0679693
-0.0651173
-0.0624888
-0.060148
-0.0581387
-0.0564881
-0.0552102
-0.0543091
-0.0537807
-0.0536153
-0.0537986
-0.0543129
-0.055138
-0.0562518
-0.0576304
-0.0592485
-0.0610796
-0.0630958
-0.0652678
-0.067565
-0.0699555
-0.0724055
-0.0748799
-0.0773417
-0.079752
-0.0820701
-0.0842536
-0.0862579
-0.0880366
-0.0895414
-0.0907224
-0.0915278
-0.0919046
-0.0917985
-0.0911542
-0.0899159
-0.088028
-0.0854352
-0.0820833
-0.0779205
-0.0728976
-0.06697
-0.0600983
-0.0522509
-0.0434052
-0.0335511
-0.0226941
-0.0108603
0.0018971
0.0154892
0.0297795
0.0445693
0.0595807
0.074439
0.0886619
0.101661
0.11276
0.121257
0.126569
0.128225
0.125054
0.116505
-0.0822854
-0.0871463
-0.0896432
-0.0901081
-0.0891946
-0.0871743
-0.0843232
-0.0809322
-0.0772564
-0.0735046
-0.0698416
-0.0663918
-0.0632451
-0.0604624
-0.0580821
-0.0561243
-0.0545958
-0.0534934
-0.0528062
-0.0525181
-0.0526094
-0.0530573
-0.0538374
-0.0549237
-0.0562889
-0.057905
-0.0597427
-0.0617718
-0.0639613
-0.0662786
-0.06869
-0.0711605
-0.0736534
-0.0761303
-0.0785511
-0.0808739
-0.0830549
-0.0850482
-0.086806
-0.0882788
-0.0894151
-0.0901615
-0.0904632
-0.090264
-0.0895065
-0.0881325
-0.0860837
-0.0833017
-0.0797289
-0.0753094
-0.0699896
-0.0637193
-0.0564533
-0.0481524
-0.038786
-0.0283341
-0.0167908
-0.00416908
0.00949316
0.024124
0.039605
0.0557548
0.0723082
0.0888929
0.105009
0.12002
0.133161
0.143599
0.150587
0.15346
0.150736
0.141664
-0.0894816
-0.0954587
-0.0982138
-0.0982766
-0.0966045
-0.0936249
-0.0897302
-0.0852997
-0.0806454
-0.0760076
-0.0715651
-0.0674447
-0.0637316
-0.0604781
-0.0577119
-0.0554425
-0.053666
-0.0523694
-0.0515333
-0.051134
-0.051145
-0.0515382
-0.052284
-0.0533525
-0.0547129
-0.0563339
-0.0581839
-0.0602305
-0.0624404
-0.0647794
-0.0672123
-0.0697026
-0.0722121
-0.0747013
-0.077129
-0.0794519
-0.081625
-0.0836014
-0.085332
-0.0867658
-0.0878501
-0.0885299
-0.0887488
-0.0884486
-0.08757
-0.0860524
-0.0838347
-0.0808553
-0.0770532
-0.072368
-0.0667412
-0.0601168
-0.0524422
-0.0436703
-0.0337602
-0.0226802
-0.0104103
0.00305344
0.0176928
0.0334585
0.0502578
0.0679355
0.08625
0.104843
0.123206
0.14066
0.156342
0.16926
0.17846
0.183015
0.180993
0.171316
-0.0985931
-0.105947
-0.108838
-0.108148
-0.105305
-0.100967
-0.0956789
-0.0899249
-0.0840742
-0.0783917
-0.0730601
-0.0681984
-0.0638776
-0.0601335
-0.0569769
-0.0544012
-0.0523886
-0.0509134
-0.0499456
-0.0494526
-0.0494005
-0.0497547
-0.0504807
-0.051544
-0.0529104
-0.0545457
-0.0564154
-0.0584851
-0.0607196
-0.0630832
-0.065539
-0.0680493
-0.0705748
-0.0730747
-0.0755067
-0.0778265
-0.0799882
-0.0819435
-0.0836425
-0.085033
-0.0860608
-0.0866698
-0.0868019
-0.0863972
-0.0853945
-0.0837309
-0.0813425
-0.0781648
-0.074133
-0.0691822
-0.0632487
-0.0562698
-0.0481854
-0.0389386
-0.0284771
-0.016755
-0.00373488
0.010608
0.0262809
0.043265
0.0615028
0.0808785
0.10119
0.122112
0.14315
0.163594
0.182482
0.198636
0.210835
0.217791
0.216916
0.20657
-0.110541
-0.119542
-0.122259
-0.120212
-0.115563
-0.109299
-0.102156
-0.0947265
-0.0874266
-0.0805286
-0.0742006
-0.0685375
-0.0635824
-0.0593438
-0.0558077
-0.0529457
-0.0507214
-0.049094
-0.0480211
-0.0474597
-0.0473677
-0.0477039
-0.0484286
-0.0495029
-0.050889
-0.0525498
-0.0544486
-0.0565488
-0.0588137
-0.0612059
-0.0636876
-0.0662196
-0.0687617
-0.0712722
-0.0737078
-0.0760235
-0.0781723
-0.0801052
-0.0817712
-0.0831171
-0.0840878
-0.0846259
-0.0846719
-0.0841646
-0.0830408
-0.0812355
-0.0786824
-0.0753141
-0.0710618
-0.0658565
-0.0596287
-0.0523092
-0.0438292
-0.0341214
-0.0231204
-0.0107639
0.00300592
0.0182394
0.0349756
0.0532351
0.0730081
0.0942357
0.116779
0.140376
0.164579
0.188683
0.211649
0.232092
0.248455
0.25895
0.260022
0.249061
-0.126825
-0.137648
-0.139489
-0.135049
-0.127623
-0.11864
-0.109042
-0.0995146
-0.0904881
-0.0822065
-0.074793
-0.0682935
-0.0627045
-0.0579937
-0.0541125
-0.0510043
-0.0486101
-0.0468712
-0.045731
-0.0451357
-0.0450346
-0.0453799
-0.0461266
-0.0472317
-0.0486543
-0.0503547
-0.0522941
-0.0544343
-0.056737
-0.0591639
-0.061676
-0.0642333
-0.0667948
-0.0693181
-0.0717592
-0.0740723
-0.0762099
-0.0781222
-0.0797576
-0.0810622
-0.0819798
-0.0824522
-0.0824188
-0.0818172
-0.0805824
-0.0786479
-0.0759451
-0.0724036
-0.0679514
-0.062515
-0.0560196
-0.0483891
-0.039546
-0.0294118
-0.017907
-0.00495103
0.00953691
0.0256371
0.0434269
0.0629759
0.0843366
0.107528
0.132505
0.159111
0.187003
0.215551
0.243697
0.269877
0.292132
0.30799
0.312486
0.301338
-0.150034
-0.162418
-0.161863
-0.153268
-0.141601
-0.128814
-0.116015
-0.103916
-0.0928906
-0.083092
-0.0745509
-0.0672292
-0.0610528
-0.0559323
-0.0517743
-0.0484879
-0.0459878
-0.0441956
-0.0430401
-0.0424563
-0.0423853
-0.0427733
-0.0435705
-0.0447307
-0.0462101
-0.047967
-0.0499613
-0.0521532
-0.0545037
-0.0569736
-0.0595232
-0.062112
-0.0646984
-0.0672397
-0.0696913
-0.0720071
-0.0741391
-0.0760373
-0.0776493
-0.0789209
-0.0797953
-0.0802136
-0.0801145
-0.0794343
-0.0781073
-0.0760652
-0.0732374
-0.0695514
-0.064932
-0.0593017
-0.0525808
-0.0446863
-0.0355324
-0.0250294
-0.0130833
0.000405381
0.0155425
0.0324413
0.0512227
0.0720139
0.0949443
0.120133
0.147667
0.17755
0.209628
0.243455
0.278093
0.311936
0.342604
0.366772
0.377482
0.367639
-0.184896
-0.197167
-0.190986
-0.175279
-0.157239
-0.13924
-0.122387
-0.107259
-0.0940356
-0.0826825
-0.0730678
-0.0650245
-0.05838
-0.0529714
-0.0486514
-0.0452906
-0.0427761
-0.0410098
-0.0399065
-0.0393916
-0.0393992
-0.0398705
-0.0407524
-0.0419962
-0.0435565
-0.0453903
-0.0474566
-0.0497151
-0.0521262
-0.0546504
-0.0572478
-0.0598776
-0.0624982
-0.0650666
-0.0675382
-0.0698667
-0.072004
-0.0738998
-0.0755018
-0.0767553
-0.0776034
-0.0779867
-0.0778435
-0.0771096
-0.0757181
-0.0735999
-0.0706831
-0.0668929
-0.0621519
-0.0563792
-0.0494904
-0.0413971
-0.0320054
-0.0212153
-0.00891904
0.00500143
0.0206769
0.0382543
0.0579007
0.079807
0.10419
0.131291
0.161364
0.194639
0.231256
0.271125
0.313673
0.357509
0.400154
0.437348
0.459604
0.455297
-0.240279
-0.246864
-0.228435
-0.200843
-0.173493
-0.148619
-0.126896
-0.108448
-0.0930367
-0.0802886
-0.0698225
-0.061293
-0.054403
-0.0489049
-0.0445947
-0.0413048
-0.0388972
-0.0372575
-0.0362897
-0.0359123
-0.0360552
-0.036657
-0.0376628
-0.039023
-0.0406919
-0.0426263
-0.0447851
-0.0471282
-0.0496162
-0.0522098
-0.0548691
-0.0575539
-0.0602225
-0.0628322
-0.0653385
-0.0676955
-0.069855
-0.071767
-0.0733792
-0.0746369
-0.0754834
-0.0758592
-0.0757024
-0.0749484
-0.0735303
-0.071378
-0.0684187
-0.0645764
-0.0597719
-0.0539217
-0.0469381
-0.0387278
-0.0291906
-0.0182179
-0.00568983
0.00852775
0.0245881
0.0426697
0.0629836
0.0857841
0.111379
0.140145
0.172529
0.209052
0.250263
0.29664
0.348336
0.404771
0.46403
0.521416
0.564972
0.576616
-0.33302
-0.31837
-0.275152
-0.228631
-0.188252
-0.154803
-0.127719
-0.106081
-0.0888741
-0.0752
-0.0643364
-0.0557211
-0.0489226
-0.0436111
-0.0395334
-0.0364928
-0.0343348
-0.0329358
-0.0321951
-0.0320293
-0.0323677
-0.0331492
-0.0343198
-0.0358308
-0.0376375
-0.0396979
-0.0419716
-0.0444198
-0.0470036
-0.0496846
-0.0524236
-0.0551809
-0.0579156
-0.0605854
-0.0631463
-0.0655529
-0.0677573
-0.0697101
-0.0713591
-0.0726503
-0.0735269
-0.0739299
-0.0737974
-0.0730652
-0.0716659
-0.0695297
-0.0665832
-0.0627498
-0.0579492
-0.0520964
-0.0451015
-0.0368679
-0.0272912
-0.0162564
-0.00363512
0.010719
0.0269766
0.0453409
0.0660594
0.0894408
0.115876
0.145869
0.180073
0.219332
0.264714
0.317497
0.379055
0.450535
0.531892
0.619398
0.70097
0.751888
-0.501623
-0.41964
-0.327914
-0.253703
-0.196855
-0.15404
-0.122175
-0.0983912
-0.0804465
-0.0667599
-0.0562363
-0.0481106
-0.0418446
-0.0370554
-0.0334657
-0.0308697
-0.0291116
-0.0280701
-0.0276482
-0.0277669
-0.0283595
-0.0293689
-0.0307445
-0.0324405
-0.0344149
-0.0366278
-0.039041
-0.041617
-0.0443186
-0.0471087
-0.0499492
-0.0528014
-0.0556253
-0.0583794
-0.0610207
-0.0635041
-0.0657828
-0.0678077
-0.0695275
-0.0708884
-0.0718345
-0.0723069
-0.0722445
-0.0715833
-0.0702564
-0.0681941
-0.0653233
-0.0615673
-0.0568456
-0.0510729
-0.0441583
-0.036004
-0.0265035
-0.0155391
-0.00297785
0.0113327
0.0275725
0.0459585
0.0667598
0.0903186
0.117082
0.147647
0.182833
0.223779
0.27209
0.330017
0.400683
0.488192
0.596499
0.726654
0.877364
1.02573
-0.850639
-0.553007
-0.361297
-0.253406
-0.183283
-0.135614
-0.103277
-0.0808432
-0.0647469
-0.0528923
-0.044013
-0.0373022
-0.0322319
-0.0284472
-0.0257021
-0.0238196
-0.0226682
-0.0221463
-0.0221732
-0.0226825
-0.0236181
-0.0249309
-0.0265771
-0.0285165
-0.0307115
-0.0331259
-0.0357245
-0.0384726
-0.0413354
-0.0442774
-0.0472624
-0.0502531
-0.053211
-0.0560957
-0.0588653
-0.0614759
-0.0638814
-0.0660337
-0.0678824
-0.0693746
-0.070455
-0.0710657
-0.0711461
-0.0706329
-0.0694603
-0.067559
-0.0648567
-0.0612775
-0.0567417
-0.0511647
-0.0444567
-0.0365207
-0.0272514
-0.0165324
-0.00423259
0.00979876
0.0257389
0.0438021
0.0642542
0.0874348
0.113792
0.143934
0.178716
0.219387
0.267828
0.326989
0.401675
0.499739
0.632388
0.816583
1.09969
1.50768
-1.48535
-0.683436
-0.324181
-0.193725
-0.128198
-0.0889179
-0.0651271
-0.050009
-0.039651
-0.0321669
-0.0266113
-0.0224514
-0.0193657
-0.0171494
-0.0156639
-0.0148092
-0.0145088
-0.0147016
-0.0153367
-0.0163699
-0.0177621
-0.0194773
-0.0214821
-0.0237443
-0.0262328
-0.0289169
-0.0317658
-0.0347485
-0.0378333
-0.0409874
-0.044177
-0.047367
-0.0505205
-0.0535989
-0.0565618
-0.0593667
-0.0619688
-0.0643211
-0.0663744
-0.0680769
-0.0693743
-0.0702097
-0.0705236
-0.0702541
-0.0693359
-0.067701
-0.0652784
-0.0619939
-0.0577692
-0.052522
-0.0461648
-0.0386041
-0.0297389
-0.0194582
-0.00763876
0.00585971
0.0211999
0.0385754
0.0582226
0.0804384
0.105607
0.134245
0.167069
0.205125
0.250028
0.304461
0.37333
0.466405
0.603477
0.832756
1.31079
2.23472
)
;

boundaryField
{
    movingWall
    {
        type            zeroGradient;
    }
    fixedWalls
    {
        type            zeroGradient;
    }
    frontAndBack
    {
        type            empty;
    }
}


// ************************************************************************* //
