/*--------------------------------*- C++ -*----------------------------------*\
  =========                 |
  \\      /  F ield         | OpenFOAM: The Open Source CFD Toolbox
   \\    /   O peration     | Website:  https://openfoam.org
    \\  /    A nd           | Version:  dev
     \\/     M anipulation  |
\*---------------------------------------------------------------------------*/
FoamFile
{
    format      ascii;
    class       volScalarField;
    location    "34.65";
    object      Uy;
}
// * * * * * * * * * * * * * * * * * * * * * * * * * * * * * * * * * * * * * //

dimensions      [0 1 -1 0 0 0 0];

internalField   nonuniform List<scalar> 
5184
(
-1.26832e-05
-2.0876e-05
-1.72439e-05
-8.19511e-06
2.66974e-06
1.36187e-05
2.38472e-05
3.30505e-05
4.11088e-05
4.80278e-05
5.38692e-05
5.87177e-05
6.26659e-05
6.5805e-05
6.82199e-05
6.99858e-05
7.11671e-05
7.18162e-05
7.1974e-05
7.16701e-05
7.09237e-05
6.97455e-05
6.81382e-05
6.60989e-05
6.36203e-05
6.06929e-05
5.73059e-05
5.34499e-05
4.91177e-05
4.43064e-05
3.90184e-05
3.32629e-05
2.70572e-05
2.04272e-05
1.34087e-05
6.0474e-06
-1.60064e-06
-9.46893e-06
-1.74809e-05
-2.55507e-05
-3.35839e-05
-4.14788e-05
-4.91282e-05
-5.64212e-05
-6.32451e-05
-6.94882e-05
-7.50416e-05
-7.98022e-05
-8.36755e-05
-8.65777e-05
-8.84382e-05
-8.92017e-05
-8.88301e-05
-8.73037e-05
-8.4622e-05
-8.08046e-05
-7.58908e-05
-6.99394e-05
-6.30279e-05
-5.52523e-05
-4.67266e-05
-3.75838e-05
-2.79789e-05
-1.80947e-05
-8.15664e-06
1.54048e-06
1.05727e-05
1.83031e-05
2.37196e-05
2.51305e-05
1.98501e-05
6.24419e-06
-4.58486e-05
-6.56921e-05
-4.05536e-05
7.6357e-06
6.56826e-05
0.000126
0.000184307
0.000238359
0.000287013
0.000329827
0.000366761
0.000398005
0.000423871
0.000444725
0.000460945
0.000472889
0.00048088
0.000485193
0.000486053
0.00048363
0.000478045
0.000469375
0.00045766
0.000442907
0.000425105
0.00040423
0.000380259
0.000353173
0.000322975
0.00028969
0.000253379
0.000214144
0.000172136
0.000127558
8.06697e-05
3.17893e-05
-1.87037e-05
-7.03712e-05
-0.000122718
-0.000175196
-0.000227212
-0.000278134
-0.000327298
-0.000374028
-0.000417638
-0.000457454
-0.000492821
-0.000523127
-0.000547809
-0.000566373
-0.000578407
-0.00058359
-0.000581707
-0.000572655
-0.00055645
-0.000533231
-0.000503261
-0.000466931
-0.000424754
-0.000377372
-0.000325552
-0.0002702
-0.000212377
-0.000153336
-9.45872e-05
-3.80098e-05
1.39361e-05
5.79453e-05
8.9425e-05
0.000101878
8.65327e-05
3.64928e-05
-8.13017e-05
-9.50338e-05
-1.91376e-05
0.000105932
0.000254663
0.000410612
0.000563461
0.000707075
0.000838002
0.000954536
0.00105608
0.00114273
0.001215
0.00127361
0.00131939
0.00135315
0.00137568
0.00138764
0.0013896
0.001382
0.00136516
0.00133932
0.00130459
0.00126105
0.0012087
0.00114753
0.00107754
0.000998732
0.000911177
0.000815012
0.000710468
0.000597892
0.000477756
0.000350676
0.000217418
7.89054e-05
-6.37821e-05
-0.000209408
-0.00035659
-0.000503808
-0.000649429
-0.000791717
-0.000928872
-0.00105905
-0.0011804
-0.0012911
-0.0013894
-0.00147365
-0.00154235
-0.00159419
-0.00162806
-0.00164314
-0.00163885
-0.00161494
-0.00157147
-0.00150886
-0.00142785
-0.00132953
-0.00121536
-0.00108714
-0.000947053
-0.000797658
-0.000641965
-0.000483508
-0.000326486
-0.000175987
-3.83309e-05
7.84666e-05
0.000164108
0.000205426
0.000186309
9.04052e-05
-9.77537e-05
-7.31617e-05
8.47751e-05
0.000318369
0.00059012
0.000874402
0.00115418
0.00141867
0.00166139
0.00187881
0.00206938
0.00223283
0.00236974
0.00248113
0.00256829
0.00263253
0.00267515
0.00269729
0.00269994
0.00268388
0.00264971
0.00259786
0.0025286
0.00244208
0.00233839
0.00221757
0.00207967
0.00192481
0.00175319
0.00156517
0.00136126
0.0011422
0.000908968
0.000662804
0.000405219
0.000138017
-0.000136713
-0.000416601
-0.000699011
-0.000981066
-0.00125968
-0.00153159
-0.00179342
-0.00204173
-0.00227308
-0.00248407
-0.00267145
-0.00283219
-0.00296349
-0.00306294
-0.00312852
-0.00315867
-0.00315239
-0.00310922
-0.00302931
-0.00291345
-0.00276307
-0.00258026
-0.0023678
-0.00212912
-0.00186839
-0.00159049
-0.00130116
-0.00100704
-0.000715975
-0.000437229
-0.00018195
3.62514e-05
0.000200656
0.000290871
0.0002826
0.000147304
-8.44265e-05
2.0876e-05
0.000295447
0.000668052
0.00109088
0.00153001
0.001962
0.00237138
0.00274842
0.00308748
0.00338579
0.00364253
0.00385815
0.00403391
0.00417146
0.00427262
0.00433919
0.0043728
0.00437489
0.00434663
0.00428891
0.00420242
0.0040876
0.00394474
0.00377405
0.00357568
0.0033498
0.00309671
0.00281684
0.00251086
0.0021797
0.00182466
0.00144736
0.00104988
0.000634684
0.000204698
-0.000236718
-0.000685775
-0.00113828
-0.00158968
-0.00203511
-0.00246945
-0.0028874
-0.00328359
-0.00365261
-0.00398922
-0.00428833
-0.00454523
-0.00475559
-0.00491566
-0.00502231
-0.00507315
-0.00506661
-0.00500201
-0.00487962
-0.00470068
-0.00446748
-0.00418333
-0.00385262
-0.00348081
-0.00307447
-0.00264135
-0.00219043
-0.00173214
-0.00127852
-0.00084362
-0.000443937
-9.90316e-05
0.000167756
0.000328692
0.00035104
0.000194167
-3.75452e-05
0.000197354
0.000626921
0.0011704
0.00177184
0.00239037
0.00299693
0.00357172
0.00410188
0.00457966
0.00500097
0.00536432
0.00566996
0.00591925
0.00611417
0.00625698
0.00634997
0.00639527
0.00639476
0.00634998
0.00626219
0.00613231
0.00596101
0.00574876
0.00549591
0.0052028
0.00486979
0.00449741
0.00408644
0.00363795
0.00315345
0.00263488
0.00208474
0.00150605
0.000902484
0.000278281
-0.000361688
-0.00101197
-0.00166656
-0.00231894
-0.0029622
-0.00358906
-0.00419201
-0.00476344
-0.00529576
-0.00578153
-0.0062136
-0.00658531
-0.0068906
-0.00712416
-0.00728161
-0.00735958
-0.00735586
-0.00726951
-0.00710089
-0.00685181
-0.0065255
-0.00612669
-0.00566161
-0.00513804
-0.00456533
-0.00395446
-0.00331813
-0.00267094
-0.00202962
-0.00141338
-0.000844332
-0.000348181
4.50988e-05
0.000300562
0.000377396
0.000224553
4.40851e-05
0.00046128
0.00108712
0.00183483
0.00264254
0.00346401
0.00426559
0.00502384
0.00572314
0.00635379
0.00691048
0.00739105
0.00779551
0.00812528
0.00838264
0.00857025
0.00869085
0.00874704
0.00874112
0.00867504
0.00855038
0.00836835
0.00812986
0.00783558
0.00748607
0.00708187
0.00662362
0.00611217
0.0055487
0.00493483
0.0042727
0.00356508
0.00281545
0.00202799
0.0012077
0.000360351
-0.000507479
-0.00138846
-0.00227454
-0.00315704
-0.00402672
-0.00487392
-0.00568868
-0.00646091
-0.00718054
-0.00783774
-0.00842306
-0.00892768
-0.00934359
-0.00966376
-0.00988237
-0.00999497
-0.00999861
-0.00989201
-0.00967565
-0.0093519
-0.00892504
-0.00840131
-0.00778901
-0.00709842
-0.00634196
-0.00553413
-0.00469168
-0.00383371
-0.00298192
-0.00216089
-0.00139857
-0.000726815
-0.000182113
0.000193721
0.000352562
0.00023503
0.00016046
0.000814525
0.00167982
0.00266633
0.00370836
0.00475586
0.00577178
0.00672983
0.00761221
0.00840766
0.00910982
0.00971599
0.010226
0.0106413
0.0109645
0.0111986
0.0113469
0.0114123
0.0113975
0.0113049
0.0111365
0.0108936
0.0105775
0.0101891
0.00972917
0.00919849
0.00859803
0.00792903
0.00719317
0.00639268
0.00553047
0.00461024
0.00363656
0.00261493
0.00155181
0.000454668
-0.000668043
-0.00180694
-0.00295173
-0.00409137
-0.00521412
-0.0063077
-0.00735949
-0.00835671
-0.00928663
-0.0101368
-0.0108952
-0.0115507
-0.0120931
-0.0125136
-0.0128047
-0.0129606
-0.0129777
-0.0128542
-0.0125908
-0.0121902
-0.0116578
-0.0110016
-0.0102319
-0.00936178
-0.00840685
-0.00738538
-0.00631837
-0.00522966
-0.00414611
-0.00309787
-0.00211873
-0.00124668
-0.000524506
-4.40876e-07
0.000270969
0.000223892
0.000310944
0.001257
0.00240599
0.00366679
0.00497163
0.00626816
0.00751712
0.00869029
0.00976835
0.0107389
0.0115949
0.0123334
0.012954
0.0134584
0.0138495
0.0141308
0.0143057
0.0143779
0.0143503
0.0142259
0.0140066
0.0136945
0.0132908
0.0127967
0.0122133
0.0115417
0.0107832
0.00993952
0.00901284
0.00800611
0.00692309
0.0057685
0.00454811
0.00326884
0.00193875
0.000567137
-0.000835549
-0.00225771
-0.00368669
-0.00510889
-0.00650988
-0.00787464
-0.00918767
-0.0104333
-0.011596
-0.0126603
-0.0136118
-0.0144365
-0.015122
-0.0156574
-0.0160334
-0.016243
-0.0162813
-0.0161462
-0.0158381
-0.0153606
-0.0147201
-0.013926
-0.012991
-0.0119309
-0.0107647
-0.00951466
-0.0082061
-0.00686781
-0.00553192
-0.00423425
-0.00301447
-0.00191661
-0.000989545
-0.000287447
0.000129509
0.000190486
0.000494631
0.00178747
0.00326476
0.00483582
0.00643233
0.00800097
0.00950138
0.0109044
0.0121898
0.0133447
0.0143617
0.0152378
0.0159729
0.0165688
0.0170289
0.0173569
0.017557
0.017633
0.0175884
0.0174265
0.0171496
0.0167599
0.016259
0.0156485
0.0149295
0.0141036
0.0131724
0.0121382
0.0110037
0.0097727
0.00844979
0.0070408
0.00555281
0.0039942
0.00237477
0.000705698
-0.00100043
-0.0027297
-0.00446696
-0.00619591
-0.00789933
-0.00955925
-0.0111572
-0.0126744
-0.0140922
-0.0153923
-0.0165571
-0.0175702
-0.0184165
-0.0190826
-0.0195575
-0.0198324
-0.0199015
-0.0197619
-0.0194139
-0.0188615
-0.018112
-0.0171765
-0.01607
-0.0148112
-0.0134224
-0.0119299
-0.0103636
-0.0087573
-0.00714857
-0.00557891
-0.00409391
-0.00274355
-0.00158261
-0.000670842
-7.34362e-05
0.000134731
0.000710491
0.00240402
0.00425403
0.00617145
0.00808865
0.00995251
0.0117226
0.0133698
0.0148736
0.0162214
0.0174058
0.0184241
0.0192766
0.0199655
0.0204948
0.0208686
0.0210917
0.0211683
0.0211024
0.0208974
0.0205562
0.0200812
0.0194742
0.0187371
0.0178714
0.0168788
0.0157616
0.0145223
0.0131645
0.0116927
0.0101124
0.00843062
0.00665577
0.00479778
0.0028682
0.000880203
-0.00115144
-0.0032104
-0.00527892
-0.00733793
-0.00936728
-0.0113459
-0.0132522
-0.0150641
-0.0167598
-0.0183178
-0.0197174
-0.020939
-0.0219649
-0.0227792
-0.0233687
-0.0237227
-0.0238341
-0.0236991
-0.0233177
-0.0226941
-0.0218367
-0.0207581
-0.0194755
-0.0180103
-0.0163884
-0.0146403
-0.0128004
-0.0109077
-0.00900526
-0.00714028
-0.00536434
-0.00373337
-0.00230791
-0.00115307
-0.000338704
5.67953e-05
0.000957444
0.00310436
0.00537092
0.0076706
0.00993746
0.0121196
0.0141776
0.0160829
0.017816
0.0193646
0.0207222
0.0218866
0.0228588
0.0236418
0.02424
0.0246584
0.024902
0.0249759
0.0248842
0.0246309
0.0242191
0.0236515
0.0229302
0.0220572
0.0210345
0.0198642
0.0185487
0.0170914
0.0154962
0.0137686
0.011915
0.00994367
0.00786429
0.0056884
0.00342935
0.00110231
-0.00127568
-0.00368585
-0.00610776
-0.0085195
-0.0108979
-0.0132186
-0.0154568
-0.0175871
-0.0195841
-0.0214231
-0.0230798
-0.0245317
-0.0257577
-0.0267395
-0.027461
-0.0279099
-0.0280771
-0.0279578
-0.0275517
-0.0268628
-0.0259003
-0.0246783
-0.0232161
-0.021538
-0.0196734
-0.0176568
-0.0155275
-0.0133295
-0.0111116
-0.00892688
-0.00683288
-0.00489155
-0.00316916
-0.00173614
-0.000666859
-4.31043e-05
0.0012344
0.00388594
0.00661201
0.00932934
0.0119746
0.0144979
0.0168618
0.0190393
0.0210121
0.0227692
0.0243054
0.0256195
0.0267133
0.027591
0.0282577
0.0287191
0.0289809
0.0290486
0.0289271
0.0286204
0.0281322
0.0274654
0.0266224
0.0256054
0.0244166
0.0230585
0.021534
0.0198469
0.0180018
0.0160049
0.0138638
0.0115876
0.00918761
0.00667678
0.0040703
0.00138538
-0.00135871
-0.00414069
-0.00693742
-0.00972406
-0.0124743
-0.0151606
-0.0177547
-0.0202275
-0.0225503
-0.0246944
-0.0266322
-0.0283376
-0.0297863
-0.0309567
-0.0318302
-0.0323918
-0.0326307
-0.0325406
-0.0321203
-0.0313738
-0.0303108
-0.0289467
-0.0273027
-0.025406
-0.0232895
-0.0209917
-0.0185568
-0.0160341
-0.0134781
-0.0109478
-0.00850702
-0.00622376
-0.00417019
-0.00242211
-0.00105855
-0.000164834
0.00154026
0.00474605
0.00797347
0.0111431
0.014195
0.0170822
0.0197698
0.0222331
0.0244559
0.0264292
0.0281492
0.0296163
0.0308336
0.0318065
0.0325411
0.0330439
0.0333216
0.0333801
0.0332249
0.0328604
0.0322907
0.0315188
0.0305475
0.0293792
0.0280165
0.0264619
0.024719
0.0227919
0.020686
0.018408
0.0159665
0.0133719
0.0106366
0.00777529
0.00480477
0.00174431
-0.00138458
-0.00455814
-0.00775052
-0.0109339
-0.0140788
-0.0171544
-0.0201287
-0.0229692
-0.0256431
-0.028118
-0.0303626
-0.0323467
-0.0340426
-0.0354252
-0.0364727
-0.0371675
-0.0374963
-0.0374511
-0.0370296
-0.0362354
-0.0350783
-0.0335749
-0.0317482
-0.029628
-0.0272507
-0.0246591
-0.021902
-0.0190343
-0.0161162
-0.0132131
-0.010395
-0.00773634
-0.00531535
-0.0032135
-0.00151475
-0.000308431
0.00187392
0.00568187
0.00945119
0.0131069
0.016593
0.0198663
0.0228952
0.0256578
0.028141
0.0303378
0.0322468
0.0338701
0.0352128
0.0362813
0.0370833
0.0376263
0.0379178
0.0379644
0.0377721
0.037346
0.0366902
0.0358083
0.0347032
0.0333776
0.0318342
0.030076
0.0281067
0.0259309
0.0235546
0.0209854
0.0182325
0.0153074
0.0122238
0.00899773
0.00564791
0.00219544
-0.00133595
-0.00492008
-0.00852836
-0.0121301
-0.0156925
-0.0191813
-0.0225609
-0.0257949
-0.0288466
-0.0316796
-0.0342583
-0.0365485
-0.0385185
-0.0401393
-0.0413856
-0.0422365
-0.0426762
-0.0426943
-0.0422871
-0.0414571
-0.0402144
-0.0385761
-0.036567
-0.0342193
-0.0315729
-0.0286746
-0.0255783
-0.0223443
-0.0190389
-0.015734
-0.0125062
-0.00943659
-0.00660984
-0.00411351
-0.00203696
-0.000474162
0.00223426
0.0066904
0.0110407
0.0152153
0.0191625
0.0228436
0.0262308
0.0293062
0.0320597
0.0344874
0.0365905
0.0383734
0.0398432
0.0410082
0.0418773
0.0424594
0.0427629
0.0427954
0.0425633
0.0420724
0.0413271
0.0403312
0.0390879
0.0376001
0.0358707
0.0339029
0.0317008
0.0292693
0.0266149
0.0237457
0.0206719
0.0174059
0.0139624
0.0103591
0.00661607
0.00275635
-0.00119422
-0.00520708
-0.00925098
-0.0132922
-0.0172949
-0.0212212
-0.0250318
-0.0286863
-0.0321439
-0.0353638
-0.0383059
-0.0409318
-0.0432051
-0.0450928
-0.0465655
-0.0475985
-0.0481728
-0.0482755
-0.0479005
-0.0470494
-0.0457315
-0.0439646
-0.0417748
-0.0391967
-0.0362732
-0.0330555
-0.0296025
-0.02598
-0.0222608
-0.0185234
-0.0148515
-0.0113331
-0.00806001
-0.00512627
-0.00262733
-0.000662562
0.00262011
0.00776856
0.0127375
0.0174623
0.0218965
0.0260064
0.0297688
0.03317
0.0362037
0.0388696
0.041172
0.043118
0.044717
0.0459793
0.0469156
0.0475361
0.0478505
0.0478671
0.0475933
0.0470351
0.0461976
0.0450848
0.0437
0.0420464
0.0401271
0.0379454
0.0355055
0.0328128
0.0298742
0.0266983
0.0232958
0.0196801
0.015867
0.0118753
0.00772658
0.00344565
-0.000939686
-0.00539855
-0.00989712
-0.0143988
-0.0188645
-0.0232529
-0.0275208
-0.0316237
-0.0355164
-0.0391537
-0.0424906
-0.0454839
-0.0480926
-0.0502786
-0.0520081
-0.0532522
-0.0539881
-0.0541996
-0.0538779
-0.0530229
-0.051643
-0.0497559
-0.0473888
-0.0445783
-0.0413706
-0.0378209
-0.0339932
-0.0299592
-0.0257982
-0.0215959
-0.0174432
-0.013436
-0.00967348
-0.00625697
-0.00328873
-0.000874464
0.00303028
0.00891307
0.0145364
0.0198416
0.0247878
0.0293468
0.0335006
0.0372403
0.040564
0.0434754
0.0459823
0.0480949
0.0498253
0.0511862
0.05219
0.0528488
0.0531734
0.0531732
0.0528563
0.0522295
0.0512981
0.0500665
0.0485382
0.0467166
0.0446047
0.0422062
0.0395254
0.0365678
0.0333405
0.0298527
0.0261157
0.0221433
0.0179524
0.0135628
0.00899748
0.00428274
-0.000551716
-0.00547287
-0.0104444
-0.015427
-0.0203782
-0.0252534
-0.0300053
-0.0345854
-0.0389439
-0.0430306
-0.0467957
-0.0501907
-0.0531691
-0.0556879
-0.0577079
-0.0591955
-0.0601233
-0.0604711
-0.0602271
-0.0593885
-0.0579624
-0.0559658
-0.0534267
-0.0503835
-0.0468853
-0.0429914
-0.0387708
-0.0343014
-0.0296693
-0.0249677
-0.0202956
-0.015757
-0.0114593
-0.00751196
-0.00402483
-0.00111101
0.00346349
0.0101205
0.0164323
0.0223465
0.0278286
0.0328561
0.037417
0.0415075
0.0451307
0.0482948
0.0510114
0.0532944
0.0551587
0.0566197
0.057692
0.0583894
0.0587241
0.0587067
0.0583464
0.0576503
0.0566243
0.0552732
0.0536007
0.0516101
0.0493047
0.0466881
0.0437647
0.0405401
0.0370216
0.0332186
0.0291428
0.0248087
0.0202336
0.0154384
0.0104472
0.00528756
-9.02161e-06
-0.00540758
-0.0108695
-0.0163526
-0.0218117
-0.0271982
-0.0324614
-0.0375481
-0.042404
-0.0469738
-0.0512023
-0.0550354
-0.0584209
-0.0613098
-0.0636573
-0.0654241
-0.0665777
-0.0670931
-0.0669546
-0.0661563
-0.0647028
-0.0626104
-0.0599071
-0.0566326
-0.0528388
-0.0485889
-0.0439572
-0.0390278
-0.0338941
-0.0286572
-0.0234248
-0.0183096
-0.0134281
-0.00889883
-0.00484016
-0.00137368
0.00391843
0.0113872
0.0184196
0.02497
0.0310105
0.0365251
0.0415079
0.0459612
0.0498932
0.0533171
0.0562488
0.058706
0.060707
0.06227
0.063412
0.0641488
0.0644942
0.0644601
0.0640566
0.0632916
0.0621715
0.0607013
0.0588849
0.0567259
0.0542273
0.0513929
0.0482269
0.0447351
0.0409246
0.036805
0.0323883
0.0276891
0.0227255
0.0175188
0.0120941
0.00648024
0.000710065
-0.00517964
-0.0111481
-0.0171507
-0.0231391
-0.0290614
-0.034863
-0.0404863
-0.0458722
-0.0509601
-0.0556891
-0.059999
-0.0638314
-0.0671309
-0.0698462
-0.0719316
-0.0733487
-0.074067
-0.0740658
-0.0733352
-0.0718769
-0.0697055
-0.0668483
-0.0633462
-0.0592534
-0.0546368
-0.0495761
-0.0441617
-0.0384947
-0.0326848
-0.0268487
-0.021109
-0.0155922
-0.0104265
-0.00574009
-0.00166427
0.00439368
0.0127094
0.0204925
0.0277045
0.0343246
0.0403438
0.0457629
0.0505903
0.0548402
0.0585308
0.0616829
0.0643183
0.066459
0.0681261
0.0693396
0.0701171
0.0704745
0.0704249
0.0699793
0.0691467
0.0679338
0.0663461
0.0643876
0.0620619
0.0593721
0.0563216
0.0529149
0.0491572
0.0450558
0.0406202
0.0358621
0.0307967
0.025442
0.01982
0.0139563
0.00788071
0.00162725
-0.00476574
-0.0112556
-0.0177953
-0.0243336
-0.0308156
-0.0371825
-0.0433726
-0.0493216
-0.0549636
-0.0602316
-0.0650592
-0.0693809
-0.0731344
-0.0762611
-0.0787084
-0.0804307
-0.0813912
-0.0815634
-0.0809323
-0.0794959
-0.0772659
-0.0742687
-0.0705453
-0.066152
-0.0611595
-0.0556523
-0.0497278
-0.043495
-0.0370725
-0.0305873
-0.0241724
-0.0179652
-0.012105
-0.00673089
-0.00198492
0.00488775
0.014083
0.0226447
0.030542
0.0377616
0.0443018
0.0501706
0.0553829
0.0599593
0.0639235
0.0673013
0.070119
0.0724025
0.0741765
0.0754635
0.0762837
0.0766547
0.0765913
0.0761057
0.0752075
0.0739043
0.0722017
0.070104
0.0676147
0.0647369
0.0614739
0.0578297
0.0538095
0.0494201
0.0446708
0.0395733
0.0341424
0.0283964
0.0223573
0.0160511
0.00950835
0.0027639
-0.00414264
-0.0111669
-0.0182598
-0.0253676
-0.032432
-0.0393906
-0.0461773
-0.0527229
-0.0589557
-0.0648027
-0.0701903
-0.0750461
-0.0792998
-0.0828851
-0.0857412
-0.0878147
-0.0890613
-0.0894475
-0.0889524
-0.0875689
-0.0853051
-0.0821854
-0.0782504
-0.0735579
-0.0681819
-0.0622119
-0.0557523
-0.0489204
-0.0418446
-0.0346625
-0.0275188
-0.0205628
-0.0139461
-0.00781974
-0.00233811
0.00539907
0.0155037
0.0248696
0.033474
0.0413115
0.0483881
0.0547191
0.0603266
0.0652377
0.069482
0.0730906
0.0760949
0.0785246
0.0804082
0.0817712
0.0826363
0.0830233
0.0829486
0.0824255
0.0814648
0.0800745
0.0782607
0.0760279
0.0733795
0.0703184
0.0668477
0.062971
0.0586931
0.0540206
0.048962
0.0435288
0.0377355
0.0316
0.0251443
0.0183945
0.0113815
0.00414056
-0.00328758
-0.0108573
-0.0185176
-0.0262125
-0.0338807
-0.0414563
-0.0488689
-0.0560442
-0.0629049
-0.0693714
-0.0753632
-0.0807997
-0.0856026
-0.0896968
-0.0930125
-0.0954874
-0.0970687
-0.0977146
-0.0973968
-0.0961023
-0.0938344
-0.0906142
-0.0864813
-0.0814941
-0.0757294
-0.0692819
-0.0622629
-0.0547983
-0.0470269
-0.0390981
-0.031169
-0.0234021
-0.0159625
-0.00901468
-0.00272668
0.00592594
0.016967
0.0271604
0.0364918
0.0449639
0.0525908
0.0593957
0.0654081
0.0706615
0.0751922
0.0790369
0.0822317
0.0848112
0.0868073
0.0882491
0.0891618
0.0895675
0.0894844
0.0889273
0.0879077
0.0864345
0.0845141
0.0821512
0.0793492
0.0761108
0.0724387
0.0683362
0.0638073
0.0588582
0.0534967
0.0477337
0.0415831
0.0350623
0.0281929
0.0210008
0.0135168
0.00577652
-0.0021788
-0.0103025
-0.0185422
-0.0268397
-0.0351313
-0.0433475
-0.0514139
-0.0592514
-0.0667768
-0.0739038
-0.0805445
-0.0866103
-0.0920137
-0.09667
-0.1005
-0.103431
-0.1054
-0.106356
-0.106263
-0.105099
-0.102862
-0.0995688
-0.0952561
-0.0899826
-0.0838273
-0.0768897
-0.0692879
-0.0611571
-0.0526471
-0.0439196
-0.0351455
-0.0265018
-0.0181684
-0.0103247
-0.00315379
0.00646663
0.018468
0.0295097
0.0395859
0.0487078
0.0568979
0.0641873
0.0706132
0.0762164
0.0810394
0.0851249
0.0885144
0.0912471
0.0933589
0.0948823
0.0958457
0.0962732
0.0961851
0.0955977
0.0945235
0.0929722
0.0909507
0.0884637
0.0855148
0.0821063
0.0782405
0.07392
0.0691485
0.0639311
0.058275
0.0521901
0.0456896
0.0387901
0.0315124
0.0238819
0.015929
0.00768922
-0.000796041
-0.0094795
-0.0183077
-0.0272208
-0.0361527
-0.0450311
-0.0537775
-0.0623081
-0.070534
-0.0783623
-0.0856974
-0.0924418
-0.0984988
-0.103773
-0.108175
-0.111621
-0.114037
-0.11536
-0.115544
-0.114559
-0.112393
-0.10906
-0.104591
-0.099044
-0.0925001
-0.0850626
-0.0768566
-0.0680266
-0.058734
-0.049154
-0.0394725
-0.0298822
-0.0205793
-0.0117597
-0.00362294
0.00701927
0.020002
0.03191
0.0427467
0.0525318
0.0612965
0.0690801
0.0759275
0.0818869
0.0870077
0.0913387
0.0949268
0.097816
0.100047
0.101655
0.102672
0.103125
0.103035
0.102422
0.101298
0.0996738
0.0975572
0.0949531
0.0918648
0.0882943
0.0842437
0.0797147
0.0747103
0.0692347
0.0632941
0.0568974
0.0500565
0.0427872
0.0351092
0.027047
0.0186301
0.00989373
0.000878905
-0.00836688
-0.0177895
-0.027328
-0.0369144
-0.0464736
-0.0559236
-0.0651762
-0.0741369
-0.0827062
-0.0907805
-0.0982537
-0.105019
-0.11097
-0.116005
-0.120029
-0.122954
-0.124706
-0.125226
-0.124473
-0.122428
-0.119093
-0.114498
-0.108697
-0.101771
-0.0938275
-0.0849981
-0.075437
-0.0653178
-0.0548302
-0.0441759
-0.0335651
-0.023212
-0.0133303
-0.004138
0.00758194
0.0215636
0.0343536
0.0459642
0.0564242
0.0657734
0.0740595
0.0813356
0.0876573
0.0930808
0.0976614
0.101452
0.104501
0.106853
0.108549
0.109623
0.110104
0.110018
0.109382
0.108214
0.106523
0.104318
0.101604
0.0983848
0.0946616
0.090436
0.0857091
0.080483
0.0747608
0.0685476
0.061851
0.0546817
0.0470539
0.0389863
0.0305018
0.0216291
0.0124021
0.00286156
-0.00694558
-0.016965
-0.027135
-0.0373862
-0.0476414
-0.0578156
-0.0678161
-0.0775435
-0.0868915
-0.095749
-0.104001
-0.111529
-0.118217
-0.123949
-0.128617
-0.132119
-0.134368
-0.13529
-0.134831
-0.132961
-0.129672
-0.124987
-0.118957
-0.111661
-0.10321
-0.0937413
-0.0834192
-0.0724296
-0.0609778
-0.0492828
-0.0375739
-0.0260845
-0.0150482
-0.00470317
0.00815265
0.0231476
0.0368322
0.049228
0.0603727
0.0703148
0.0791108
0.0868217
0.0935108
0.0992414
0.104075
0.108071
0.111283
0.11376
0.115546
0.11668
0.117193
0.117113
0.116461
0.115253
0.113501
0.111215
0.1084
0.105058
0.101192
0.0968019
0.0918888
0.0864534
0.0804976
0.0740254
0.0670428
0.0595589
0.0515865
0.0431424
0.0342482
0.0249308
0.015223
0.00516413
-0.00519947
-0.0158139
-0.0266174
-0.0375397
-0.048502
-0.0594166
-0.0701874
-0.08071
-0.090872
-0.100554
-0.109633
-0.11798
-0.125465
-0.13196
-0.137342
-0.141494
-0.144312
-0.145708
-0.145612
-0.143979
-0.140791
-0.136062
-0.129835
-0.122188
-0.113233
-0.103114
-0.0920035
-0.080101
-0.0676278
-0.0548219
-0.0419329
-0.0292159
-0.0169259
-0.00532299
0.00872937
0.0247485
0.0393376
0.0525275
0.0643648
0.0749068
0.0842186
0.0923694
0.0994302
0.105472
0.110562
0.114766
0.118142
0.120747
0.122626
0.123822
0.124371
0.124301
0.123636
0.122394
0.120588
0.118227
0.115318
0.111864
0.107865
0.103323
0.0982357
0.0926044
0.0864294
0.0797132
0.0724602
0.0646778
0.0563769
0.0475723
0.0382837
0.0285362
0.0183607
0.00779493
-0.00311606
-0.0143194
-0.0257536
-0.0373484
-0.049024
-0.0606908
-0.0722496
-0.0835916
-0.0945989
-0.105145
-0.115097
-0.124316
-0.132659
-0.139984
-0.146153
-0.151031
-0.154497
-0.156444
-0.156787
-0.155463
-0.152441
-0.14772
-0.141338
-0.133367
-0.123919
-0.113143
-0.10122
-0.0883634
-0.0748116
-0.0608225
-0.046668
-0.0326264
-0.0189766
-0.00600234
0.00931
0.0263607
0.0418614
0.055852
0.0683878
0.0795351
0.0893674
0.0979621
0.105398
0.111753
0.117102
0.121516
0.12506
0.127793
0.129767
0.131028
0.131615
0.131559
0.130885
0.129614
0.127759
0.125332
0.122337
0.118779
0.114659
0.109975
0.104728
0.0989151
0.0925364
0.0855925
0.0780864
0.0700233
0.0614122
0.0522656
0.042601
0.0324411
0.0218148
0.0107577
-0.000687111
-0.0124683
-0.0245256
-0.036789
-0.0491786
-0.0616036
-0.0739627
-0.0861434
-0.0980226
-0.109467
-0.120335
-0.130477
-0.139738
-0.147961
-0.15499
-0.160673
-0.164871
-0.167455
-0.16832
-0.167385
-0.1646
-0.159952
-0.153465
-0.145206
-0.135284
-0.123851
-0.111097
-0.0972481
-0.082561
-0.067315
-0.0518059
-0.0363376
-0.0212144
-0.00674644
0.00989248
0.0279789
0.0443953
0.0591907
0.0724291
0.0841853
0.0945413
0.103583
0.111396
0.118066
0.123676
0.128301
0.132013
0.134876
0.136947
0.138275
0.138901
0.138862
0.138183
0.136887
0.13499
0.132502
0.12943
0.125778
0.121547
0.116734
0.11134
0.10536
0.0987942
0.0916403
0.0838996
0.0755755
0.0666745
0.0572069
0.0471875
0.0366365
0.02558
0.0140512
0.00209068
-0.0102523
-0.0229193
-0.0358417
-0.04894
-0.0621233
-0.0752886
-0.0883208
-0.101093
-0.113465
-0.125287
-0.1364
-0.146635
-0.155822
-0.163786
-0.170357
-0.175372
-0.178684
-0.180163
-0.179706
-0.177242
-0.17274
-0.16621
-0.157709
-0.147341
-0.135259
-0.12166
-0.106785
-0.0909076
-0.0743302
-0.0573742
-0.0403715
-0.0236543
-0.00756085
0.0104747
0.0295974
0.046931
0.062533
0.0764759
0.0888431
0.0997246
0.109214
0.117406
0.124393
0.130263
0.1351
0.13898
0.141973
0.144141
0.145536
0.146204
0.146183
0.145503
0.144186
0.142251
0.139709
0.136568
0.132831
0.128499
0.12357
0.118042
0.111911
0.105174
0.0978288
0.0898735
0.0813095
0.0721409
0.0623755
0.0520253
0.0411074
0.0296451
0.0176685
0.00521515
-0.00766839
-0.0209262
-0.0344916
-0.0482866
-0.062221
-0.0761915
-0.090081
-0.103759
-0.117081
-0.12989
-0.142016
-0.15328
-0.163493
-0.172466
-0.180008
-0.185932
-0.190067
-0.192258
-0.192376
-0.190328
-0.186057
-0.179558
-0.170871
-0.160096
-0.147382
-0.132934
-0.117003
-0.0998825
-0.0818989
-0.0634013
-0.0447512
-0.0263117
-0.00845146
0.0110547
0.0312109
0.0494602
0.0658683
0.0805159
0.0934943
0.104902
0.11484
0.12341
0.130712
0.136843
0.14189
0.145938
0.149061
0.151325
0.152787
0.153497
0.153496
0.152815
0.151481
0.149512
0.146921
0.143718
0.139904
0.135482
0.130448
0.124801
0.118534
0.111644
0.104126
0.0959767
0.0871953
0.0777832
0.0677453
0.0570907
0.0458333
0.0339931
0.0215966
0.00867814
-0.00471931
-0.0185429
-0.032729
-0.0472019
-0.0618729
-0.0766395
-0.0913842
-0.105974
-0.120261
-0.134082
-0.147257
-0.159596
-0.170897
-0.18095
-0.189544
-0.19647
-0.201528
-0.204536
-0.205336
-0.203806
-0.199865
-0.193481
-0.184681
-0.173548
-0.160231
-0.144936
-0.127927
-0.109515
-0.0900519
-0.0699156
-0.0495006
-0.0292029
-0.00942448
0.0116305
0.0328143
0.0519752
0.0691867
0.084537
0.0981251
0.110057
0.120442
0.129389
0.137006
0.143394
0.14865
0.152863
0.156113
0.158472
0.16
0.160751
0.160769
0.160089
0.158739
0.15674
0.154105
0.150845
0.146963
0.14246
0.137334
0.13158
0.125193
0.118167
0.110495
0.102174
0.0931981
0.0835678
0.0732846
0.0623544
0.0507878
0.0386009
0.0258166
0.0124652
-0.00141429
-0.0157729
-0.0305505
-0.045675
-0.0610603
-0.0766056
-0.0921944
-0.107693
-0.122951
-0.137799
-0.152051
-0.165506
-0.177948
-0.189149
-0.198877
-0.206896
-0.212981
-0.216916
-0.218513
-0.217615
-0.214112
-0.207944
-0.199114
-0.187689
-0.17381
-0.157683
-0.139581
-0.119834
-0.098819
-0.076946
-0.0546438
-0.0323447
-0.0104864
0.0122003
0.0344028
0.0544687
0.0724786
0.0885278
0.102722
0.115176
0.126005
0.135326
0.143253
0.149896
0.155358
0.159732
0.163106
0.165555
0.167146
0.167936
0.167971
0.167292
0.165927
0.163899
0.161224
0.157913
0.153969
0.149394
0.144185
0.138338
0.131846
0.124701
0.116896
0.108424
0.0992783
0.0894563
0.0789566
0.0677816
0.0559383
0.0434392
0.0303028
0.0165551
0.0022307
-0.012626
-0.0279596
-0.0437019
-0.0597707
-0.0760686
-0.0924809
-0.108875
-0.125099
-0.14098
-0.156328
-0.170931
-0.184559
-0.19697
-0.207907
-0.217112
-0.224327
-0.229304
-0.231819
-0.231679
-0.228736
-0.222897
-0.214136
-0.2025
-0.188113
-0.171181
-0.151982
-0.130864
-0.108229
-0.0845208
-0.0602055
-0.0357544
-0.0116441
0.0127625
0.0359719
0.0569339
0.0757353
0.0924776
0.107274
0.120244
0.131513
0.141203
0.149436
0.156328
0.161989
0.16652
0.170012
0.172547
0.174196
0.175021
0.175071
0.17439
0.173009
0.170953
0.16824
0.164881
0.160881
0.156242
0.150961
0.145032
0.138449
0.131202
0.123283
0.114682
0.105392
0.0954056
0.0847191
0.0733318
0.061247
0.0484727
0.0350234
0.0209202
0.00619275
-0.00911968
-0.0249668
-0.0412858
-0.0579993
-0.0750143
-0.0922197
-0.109485
-0.12666
-0.14357
-0.16002
-0.175791
-0.190643
-0.204316
-0.216534
-0.227011
-0.235459
-0.241596
-0.245157
-0.245908
-0.243659
-0.238278
-0.229702
-0.21795
-0.203128
-0.185431
-0.165143
-0.142626
-0.118308
-0.0926677
-0.0662104
-0.0394498
-0.0129045
0.0133155
0.0375178
0.059365
0.0789491
0.0963771
0.111768
0.125249
0.13695
0.147003
0.155535
0.16267
0.168523
0.173202
0.176805
0.179419
0.18112
0.181974
0.182034
0.181347
0.179948
0.177863
0.175112
0.171708
0.167656
0.162959
0.157614
0.151616
0.144955
0.137623
0.129609
0.120902
0.111491
0.101368
0.0905258
0.07896
0.0666702
0.0536604
0.0399402
0.025526
0.0104419
-0.0052784
-0.0215906
-0.0384379
-0.055749
-0.0734364
-0.0913944
-0.109497
-0.127595
-0.145516
-0.163063
-0.180011
-0.196111
-0.211089
-0.224649
-0.23648
-0.246262
-0.253676
-0.258415
-0.260198
-0.258789
-0.254008
-0.245751
-0.233998
-0.21883
-0.200427
-0.179072
-0.155139
-0.129082
-0.101414
-0.0726828
-0.0434487
-0.0142751
0.0138582
0.0390375
0.0617571
0.0821133
0.100218
0.116196
0.130179
0.142305
0.152711
0.161533
0.168901
0.174937
0.179755
0.18346
0.186143
0.187887
0.188762
0.188825
0.188127
0.186705
0.184588
0.181799
0.17835
0.17425
0.1695
0.164099
0.15804
0.151315
0.143913
0.135823
0.12703
0.117524
0.107292
0.0963257
0.0846161
0.0721595
0.0589556
0.0450093
0.0303317
0.0149415
-0.00113413
-0.0178572
-0.0351776
-0.0530312
-0.0713374
-0.089997
-0.10889
-0.127872
-0.146774
-0.165398
-0.183518
-0.200878
-0.21719
-0.232143
-0.245401
-0.256611
-0.265417
-0.271467
-0.274431
-0.274018
-0.269995
-0.262206
-0.250587
-0.235182
-0.216151
-0.193768
-0.168415
-0.140571
-0.110783
-0.079647
-0.0477694
-0.0157634
0.0143897
0.0405286
0.0641066
0.0852232
0.103994
0.120548
0.135023
0.147563
0.158313
0.167413
0.175002
0.181209
0.186154
0.189949
0.19269
0.194466
0.195352
0.195409
0.194692
0.19324
0.191087
0.188256
0.184762
0.180614
0.175816
0.170365
0.164255
0.157477
0.15002
0.14187
0.133014
0.123437
0.113124
0.102065
0.0902466
0.0776623
0.0643071
0.0501814
0.0352908
0.0196481
0.00327408
-0.0138003
-0.0315325
-0.0498662
-0.0687288
-0.0880293
-0.107655
-0.127469
-0.147307
-0.166976
-0.186247
-0.204862
-0.222525
-0.238907
-0.253652
-0.266377
-0.276685
-0.28418
-0.288476
-0.289224
-0.28613
-0.278976
-0.267645
-0.252135
-0.232573
-0.20922
-0.18246
-0.152792
-0.1208
-0.0871263
-0.05243
-0.0173771
0.0149095
0.0419898
0.0664115
0.0882755
0.1077
0.124819
0.139774
0.152716
0.163795
0.17316
0.180955
0.187318
0.192376
0.196245
0.199031
0.200826
0.201709
0.201749
0.201002
0.199513
0.197317
0.194439
0.190898
0.186702
0.181857
0.176361
0.170207
0.163387
0.155888
0.147697
0.138797
0.129172
0.118807
0.107686
0.0957946
0.0831221
0.0696596
0.0554025
0.0403513
0.0245125
0.00790048
-0.00946133
-0.0275384
-0.046283
-0.0656319
-0.0855031
-0.105794
-0.126375
-0.147092
-0.167755
-0.188141
-0.20799
-0.227002
-0.244835
-0.261113
-0.275426
-0.287339
-0.296406
-0.302188
-0.304269
-0.302286
-0.295952
-0.285084
-0.269623
-0.249653
-0.225409
-0.197272
-0.165757
-0.131484
-0.0951429
-0.0574486
-0.0191242
0.0154176
0.043421
0.0686712
0.0912691
0.111335
0.129004
0.144426
0.157754
0.169147
0.178759
0.186744
0.193245
0.198397
0.202324
0.205136
0.206933
0.207799
0.207808
0.207019
0.205482
0.203234
0.200304
0.19671
0.192465
0.187574
0.182035
0.175845
0.168991
0.161463
0.153246
0.144321
0.134672
0.124281
0.113129
0.101201
0.0884798
0.0749543
0.0606148
0.0454566
0.0294802
0.0126933
-0.00488851
-0.023239
-0.0423197
-0.0620773
-0.0824405
-0.103317
-0.12459
-0.146112
-0.167706
-0.189154
-0.210198
-0.230538
-0.249825
-0.267665
-0.283624
-0.297232
-0.307994
-0.315411
-0.319001
-0.318322
-0.313009
-0.3028
-0.287565
-0.267333
-0.242303
-0.212842
-0.179474
-0.142853
-0.103718
-0.0628428
-0.0210127
0.0159146
0.0448237
0.0708876
0.0942056
0.114898
0.133104
0.148975
0.162673
0.17436
0.1842
0.192353
0.19897
0.204195
0.208158
0.210977
0.212756
0.213588
0.213549
0.212704
0.211105
0.208795
0.205803
0.202151
0.197853
0.192915
0.187336
0.181113
0.174235
0.166689
0.15846
0.14953
0.139879
0.129487
0.118336
0.106404
0.0936743
0.0801299
0.0657573
0.0505466
0.0344923
0.0175953
-0.000136283
-0.0186851
-0.0380223
-0.0581051
-0.0788739
-0.100249
-0.122124
-0.144368
-0.166813
-0.189251
-0.211434
-0.233062
-0.253784
-0.273195
-0.290841
-0.306216
-0.318782
-0.32798
-0.333254
-0.33408
-0.330003
-0.320668
-0.305863
-0.285544
-0.259859
-0.229149
-0.193942
-0.154919
-0.112869
-0.06863
-0.0230506
0.0164014
0.0462008
0.0730649
0.0970895
0.118394
0.13712
0.153423
0.167468
0.179427
0.189471
0.197767
0.204476
0.209749
0.213723
0.216524
0.218264
0.219039
0.218933
0.218014
0.216339
0.213953
0.21089
0.207172
0.202816
0.197829
0.192211
0.185959
0.179063
0.171509
0.163283
0.154363
0.144732
0.134366
0.123244
0.111343
0.0986432
0.0851239
0.0707672
0.0555583
0.0394863
0.0225453
0.0047356
-0.0139339
-0.0334444
-0.0537641
-0.0748458
-0.0966225
-0.119004
-0.141872
-0.165073
-0.188415
-0.211658
-0.234513
-0.256629
-0.277598
-0.296948
-0.314145
-0.328609
-0.339722
-0.346852
-0.349387
-0.346772
-0.338548
-0.3244
-0.304198
-0.278018
-0.246164
-0.209154
-0.167692
-0.122615
-0.0748266
-0.0252462
0.0168801
0.0475573
0.0752101
0.0999286
0.121831
0.141058
0.157771
0.17214
0.184345
0.194564
0.202975
0.209746
0.215036
0.218993
0.221749
0.223423
0.224118
0.223922
0.22291
0.221141
0.218665
0.215518
0.211725
0.207304
0.202264
0.196607
0.190329
0.183421
0.175869
0.167657
0.158766
0.149173
0.138857
0.127793
0.115956
0.103324
0.0898727
0.0755802
0.0604273
0.0443974
0.0274783
0.00966308
-0.00904815
-0.0286464
-0.0491112
-0.070408
-0.0924843
-0.115265
-0.138648
-0.162498
-0.186639
-0.210848
-0.234846
-0.258294
-0.280781
-0.301827
-0.320878
-0.337313
-0.350459
-0.359609
-0.364057
-0.363138
-0.356277
-0.343041
-0.323187
-0.296707
-0.263844
-0.225093
-0.181174
-0.132969
-0.0814484
-0.0276077
0.0173533
0.0489005
0.0773337
0.102735
0.125219
0.144929
0.162027
0.176693
0.189113
0.199475
0.207965
0.214763
0.220037
0.223944
0.226623
0.228201
0.228788
0.228478
0.227349
0.225468
0.222885
0.21964
0.215762
0.211268
0.206171
0.200473
0.19417
0.187255
0.179713
0.171528
0.162679
0.153146
0.142902
0.131923
0.120183
0.107655
0.0943133
0.0801321
0.0650879
0.0491591
0.0323274
0.0145789
-0.00409469
-0.0236941
-0.0442101
-0.065621
-0.0878889
-0.110955
-0.134736
-0.159115
-0.183936
-0.208996
-0.234034
-0.258725
-0.282665
-0.305374
-0.326281
-0.344736
-0.360012
-0.371331
-0.377891
-0.378908
-0.373678
-0.361629
-0.342389
-0.315835
-0.282132
-0.241734
-0.195362
-0.143942
-0.0885102
-0.0301431
0.0178249
0.0502404
0.0794498
0.105525
0.128576
0.148746
0.166204
0.181134
0.193733
0.204199
0.212729
0.219514
0.224732
0.22855
0.231116
0.232565
0.233013
0.23256
0.231291
0.229275
0.226567
0.223209
0.219233
0.214659
0.209499
0.203757
0.197431
0.190512
0.182988
0.17484
0.16605
0.156593
0.146444
0.135577
0.123964
0.111575
0.0983834
0.084359
0.0694748
0.0537046
0.0370245
0.0194138
0.000856418
-0.0186576
-0.0391301
-0.0605521
-0.0829006
-0.106134
-0.130187
-0.154965
-0.180334
-0.206114
-0.232067
-0.257887
-0.283189
-0.307495
-0.330232
-0.350725
-0.368205
-0.381822
-0.39068
-0.393872
-0.390551
-0.379988
-0.361656
-0.335294
-0.300959
-0.259041
-0.210249
-0.155542
-0.0960258
-0.0328608
0.0182997
0.0515901
0.0815774
0.10832
0.131924
0.152532
0.170317
0.185474
0.19821
0.208735
0.217259
0.223985
0.229102
0.232786
0.235198
0.23648
0.236754
0.236128
0.234692
0.232517
0.229664
0.226177
0.22209
0.217426
0.212197
0.206409
0.20006
0.193142
0.185642
0.177543
0.168824
0.159461
0.149429
0.138698
0.127241
0.115026
0.102022
0.0881986
0.0735238
0.0579676
0.041501
0.0240974
0.00573324
-0.0136101
-0.033945
-0.0552749
-0.0775912
-0.100869
-0.125064
-0.150102
-0.175875
-0.202228
-0.228952
-0.255767
-0.282308
-0.308117
-0.332623
-0.35514
-0.374864
-0.390884
-0.402209
-0.407809
-0.40668
-0.397921
-0.380823
-0.354955
-0.320236
-0.276965
-0.225817
-0.167773
-0.104008
-0.0357689
0.0187844
0.0529667
0.0837407
0.111149
0.13529
0.15631
0.174388
0.189729
0.202553
0.213085
0.221549
0.228161
0.233124
0.236627
0.238839
0.239911
0.239974
0.239141
0.237507
0.235149
0.232129
0.228496
0.224285
0.219521
0.214217
0.20838
0.202008
0.195094
0.187625
0.179584
0.17095
0.161698
0.151802
0.141233
0.12996
0.11795
0.105172
0.0915903
0.0771721
0.0618829
0.0456895
0.0285595
0.0104631
-0.00862659
-0.0287316
-0.049867
-0.0720384
-0.0952379
-0.11944
-0.144593
-0.170616
-0.197384
-0.224717
-0.252367
-0.280002
-0.307187
-0.333367
-0.357856
-0.379828
-0.398322
-0.412259
-0.420485
-0.421834
-0.415211
-0.399701
-0.37467
-0.339859
-0.295445
-0.242042
-0.180637
-0.112468
-0.0388758
0.0192872
0.0543916
0.0859702
0.114046
0.138712
0.160116
0.178445
0.193919
0.206773
0.217251
0.225592
0.232029
0.236779
0.240044
0.242004
0.24282
0.24263
0.241553
0.23969
0.237122
0.233914
0.230117
0.225769
0.220894
0.215508
0.209619
0.203225
0.196319
0.188889
0.180916
0.17238
0.163255
0.153515
0.143129
0.132067
0.120294
0.107775
0.094476
0.0803591
0.0653874
0.0495237
0.0327311
0.0149738
-0.00378229
-0.0235679
-0.044409
-0.0663243
-0.0893219
-0.113395
-0.138516
-0.16463
-0.191642
-0.219407
-0.247715
-0.276269
-0.30467
-0.332392
-0.358762
-0.382947
-0.403948
-0.42061
-0.431659
-0.435763
-0.431621
-0.41808
-0.394267
-0.359706
-0.314407
-0.25889
-0.19413
-0.121417
-0.04219
0.0198183
0.0558919
0.0883041
0.117056
0.142233
0.163987
0.18252
0.198067
0.210884
0.221236
0.229381
0.235572
0.240043
0.243007
0.244658
0.245166
0.244678
0.243319
0.241194
0.238388
0.234969
0.23099
0.22649
0.221496
0.216023
0.21008
0.203664
0.196771
0.189385
0.18149
0.173065
0.164084
0.154519
0.144339
0.133513
0.122005
0.10978
0.0968002
0.0830268
0.0684202
0.0529398
0.0365448
0.0191944
0.000848173
-0.0185323
-0.0389827
-0.0605337
-0.0832082
-0.107018
-0.131957
-0.157998
-0.185076
-0.213085
-0.241853
-0.27113
-0.300559
-0.329653
-0.357771
-0.384087
-0.407582
-0.427042
-0.441084
-0.448206
-0.44689
-0.435723
-0.41355
-0.379632
-0.333761
-0.276321
-0.208244
-0.130865
-0.0457208
0.020391
0.057501
0.0907893
0.12023
0.145905
0.167972
0.186651
0.202201
0.214902
0.225043
0.23291
0.238773
0.242887
0.245481
0.24676
0.246905
0.24607
0.244387
0.241965
0.238893
0.23524
0.231062
0.226398
0.221276
0.215711
0.209712
0.203278
0.196401
0.189068
0.181262
0.172961
0.164139
0.154767
0.144815
0.13425
0.123036
0.111135
0.0985103
0.0851203
0.0709235
0.0558768
0.039936
0.0230563
0.00519207
-0.0137018
-0.0336693
-0.0547518
-0.0769856
-0.100399
-0.125008
-0.150809
-0.177772
-0.205826
-0.234845
-0.264625
-0.294864
-0.325127
-0.354815
-0.383132
-0.40906
-0.431345
-0.448507
-0.458888
-0.460741
-0.45237
-0.4323
-0.39947
-0.353399
-0.294281
-0.222968
-0.140821
-0.0494777
0.0210215
0.0592606
0.0934835
0.123635
0.149792
0.172127
0.190884
0.20635
0.21884
0.228674
0.236164
0.241608
0.245279
0.247424
0.248262
0.247984
0.246752
0.244702
0.241948
0.238581
0.234673
0.230279
0.22544
0.220182
0.214522
0.208468
0.202017
0.195164
0.187893
0.180187
0.172023
0.163376
0.154217
0.144514
0.134233
0.123339
0.111794
0.0995569
0.0865877
0.0728426
0.0582767
0.0428433
0.0264941
0.00917959
-0.00915089
-0.0285483
-0.049063
-0.070743
-0.0936319
-0.117765
-0.143163
-0.169826
-0.197721
-0.226767
-0.256816
-0.287622
-0.318814
-0.349852
-0.37999
-0.408235
-0.433314
-0.453678
-0.467523
-0.472875
-0.467734
-0.450265
-0.419027
-0.373195
-0.312708
-0.238288
-0.151296
-0.0534718
0.0217303
0.0612223
0.0964572
0.127347
0.153968
0.176515
0.195265
0.210547
0.222713
0.232124
0.239126
0.244044
0.247176
0.248787
0.24911
0.248345
0.246661
0.244201
0.241081
0.237392
0.233208
0.228584
0.223559
0.218161
0.212405
0.206297
0.199836
0.193014
0.185815
0.178221
0.17021
0.161755
0.152827
0.143393
0.133421
0.122872
0.11171
0.0998936
0.0873806
0.0741267
0.0600857
0.0452091
0.0294464
0.0127449
-0.00495028
-0.0236955
-0.0435486
-0.0645674
-0.0868084
-0.110324
-0.135157
-0.161337
-0.188868
-0.217713
-0.24778
-0.278888
-0.310738
-0.342866
-0.374593
-0.404977
-0.432761
-0.456349
-0.473816
-0.482973
-0.481501
-0.467164
-0.438081
-0.393001
-0.331526
-0.254184
-0.162302
-0.0577159
0.0225432
0.0634499
0.099796
0.131458
0.15852
0.181209
0.199848
0.21482
0.226529
0.235382
0.241766
0.24604
0.248526
0.249509
0.249237
0.247918
0.245729
0.242815
0.239293
0.235257
0.230779
0.225913
0.220697
0.215156
0.209306
0.20315
0.196686
0.189904
0.18279
0.175323
0.16748
0.159234
0.150556
0.141414
0.131772
0.121595
0.110844
0.0994777
0.0874543
0.0747287
0.061254
0.0469806
0.0318565
0.015827
-0.00116566
-0.019182
-0.0382855
-0.0585417
-0.0800178
-0.102781
-0.126893
-0.152411
-0.179371
-0.207783
-0.237608
-0.268737
-0.300947
-0.333863
-0.366897
-0.399182
-0.42951
-0.456277
-0.477468
-0.490697
-0.493324
-0.482681
-0.456376
-0.412643
-0.350646
-0.270635
-0.173854
-0.0622257
0.0234925
0.0660224
0.103604
0.136078
0.163546
0.186285
0.204684
0.219194
0.230286
0.238423
0.244041
0.247536
0.249259
0.249513
0.248561
0.24662
0.243871
0.240461
0.236508
0.232103
0.227316
0.2222
0.21679
0.211109
0.205169
0.198974
0.192517
0.185789
0.178774
0.171449
0.163792
0.155775
0.147368
0.138538
0.129251
0.11947
0.109157
0.0982705
0.0867688
0.0746068
0.0617373
0.0481105
0.0336738
0.0183713
0.00214369
-0.0150723
-0.0333439
-0.0527426
-0.0733437
-0.0952258
-0.118469
-0.14315
-0.169338
-0.197085
-0.226406
-0.257259
-0.289509
-0.322878
-0.356886
-0.390772
-0.423409
-0.453231
-0.478174
-0.495688
-0.502825
-0.496457
-0.473618
-0.431917
-0.369963
-0.287617
-0.185972
-0.0670208
0.0246195
0.0690382
0.108008
0.141334
0.169157
0.191826
0.20982
0.223682
0.233965
0.241202
0.245886
0.248452
0.249283
0.248703
0.246984
0.244353
0.240992
0.237047
0.232635
0.227844
0.22274
0.217371
0.211769
0.205955
0.199936
0.193714
0.18728
0.180623
0.173723
0.166561
0.159109
0.151342
0.143227
0.134732
0.125824
0.116464
0.106616
0.0962383
0.0852894
0.0737247
0.0614975
0.0485583
0.0348548
0.0203308
0.00492646
-0.0114226
-0.0287859
-0.0472386
-0.0668619
-0.0877431
-0.109975
-0.133654
-0.158876
-0.18573
-0.214282
-0.244559
-0.276512
-0.309969
-0.344573
-0.379695
-0.414329
-0.446993
-0.475629
-0.497571
-0.509589
-0.508088
-0.48946
-0.45058
-0.38935
-0.305103
-0.198682
-0.0721268
0.0259766
0.0726196
0.113161
0.147377
0.175475
0.197912
0.215293
0.228276
0.237521
0.243645
0.247203
0.248677
0.248479
0.246953
0.244382
0.240996
0.236975
0.232464
0.227573
0.222386
0.216963
0.211347
0.205563
0.199629
0.193547
0.187316
0.180925
0.174359
0.167598
0.160619
0.153396
0.145901
0.138103
0.129968
0.121463
0.112551
0.103195
0.0933544
0.0829887
0.0720542
0.0605049
0.0482924
0.0353651
0.0216678
0.00714124
-0.00827906
-0.0246632
-0.042088
-0.0606381
-0.0804065
-0.101496
-0.124017
-0.148088
-0.173829
-0.201354
-0.230752
-0.26206
-0.295216
-0.329999
-0.365932
-0.40217
-0.437366
-0.469533
-0.495953
-0.513165
-0.517113
-0.503498
-0.468338
-0.408653
-0.323061
-0.212023
-0.0775778
0.0276313
0.0769195
0.119246
0.154376
0.182626
0.204615
0.221113
0.232936
0.240872
0.245636
0.247854
0.248058
0.24669
0.244109
0.240604
0.236403
0.231685
0.226585
0.221207
0.215625
0.209891
0.204041
0.198095
0.192061
0.185941
0.179726
0.173403
0.166955
0.160359
0.15359
0.146623
0.139427
0.131971
0.124223
0.116148
0.107711
0.0988751
0.0896012
0.0798493
0.0695771
0.0587403
0.0472919
0.0351819
0.0223568
0.00875877
-0.00567533
-0.0210147
-0.0373362
-0.0547253
-0.0732782
-0.0931031
-0.114321
-0.137068
-0.161489
-0.187738
-0.21596
-0.246273
-0.278725
-0.313235
-0.3495
-0.386868
-0.424181
-0.459596
-0.490427
-0.513056
-0.523004
-0.515251
-0.484833
-0.427681
-0.341457
-0.226047
-0.0834205
0.0296716
0.0821301
0.126483
0.16252
0.190735
0.211979
0.227251
0.237568
0.243873
0.246997
0.247644
0.246393
0.243713
0.239973
0.235462
0.230403
0.224963
0.219267
0.213407
0.207444
0.201421
0.195364
0.189284
0.183184
0.177058
0.170892
0.164671
0.158373
0.151975
0.145449
0.138768
0.131902
0.124819
0.117486
0.109871
0.101938
0.0936516
0.084974
0.0758666
0.0662889
0.0561984
0.0455503
0.0342969
0.0223868
0.00976476
-0.00362998
-0.0178645
-0.0330136
-0.049162
-0.066406
-0.0848561
-0.10464
-0.125903
-0.148811
-0.173548
-0.200309
-0.229282
-0.260621
-0.294384
-0.330453
-0.368398
-0.407305
-0.445551
-0.480581
-0.508726
-0.525161
-0.524144
-0.499618
-0.446186
-0.360245
-0.240831
-0.0897195
0.0322136
0.0884943
0.135135
0.172013
0.199907
0.220003
0.233611
0.241999
0.246301
0.247474
0.246303
0.243412
0.239287
0.2343
0.228731
0.222789
0.216626
0.210348
0.20403
0.19772
0.191447
0.185225
0.179056
0.172933
0.166845
0.160773
0.154696
0.14859
0.142428
0.136183
0.129825
0.123323
0.116646
0.109763
0.102639
0.0952418
0.0875358
0.0794855
0.0710541
0.0622031
0.0528923
0.0430796
0.0327199
0.0217652
0.0101631
-0.00214356
-0.0152185
-0.0291333
-0.0439695
-0.0598214
-0.0767985
-0.0950297
-0.114667
-0.135887
-0.158897
-0.183929
-0.211232
-0.241051
-0.273582
-0.308891
-0.346791
-0.386654
-0.427162
-0.466007
-0.499599
-0.522894
-0.529481
-0.512123
-0.463838
-0.379359
-0.256475
-0.0965665
0.0354136
0.0963205
0.145507
0.183055
0.210197
0.228599
0.239986
0.24594
0.247814
0.246703
0.243468
0.238765
0.233086
0.226793
0.220146
0.213329
0.206469
0.199652
0.192928
0.186329
0.179866
0.173541
0.167343
0.161258
0.155265
0.149342
0.143462
0.137598
0.131721
0.125801
0.119808
0.113711
0.107479
0.101081
0.0944837
0.0876554
0.0805628
0.0731721
0.0654486
0.0573564
0.048858
0.0399143
0.0304836
0.0205215
0.0099795
-0.00119539
-0.0130624
-0.0256884
-0.0391505
-0.0535382
-0.0689575
-0.0855345
-0.103421
-0.1228
-0.143891
-0.166951
-0.192276
-0.220188
-0.251002
-0.284964
-0.322136
-0.362213
-0.404253
-0.446318
-0.48507
-0.51542
-0.530414
-0.521612
-0.48018
-0.398693
-0.27312
-0.104094
0.0394873
0.106002
0.157945
0.195818
0.221565
0.237538
0.246004
0.248932
0.247914
0.244181
0.238655
0.232005
0.224709
0.217099
0.209401
0.201763
0.194278
0.187001
0.179959
0.173158
0.166592
0.160248
0.154103
0.148132
0.142309
0.136603
0.130984
0.125422
0.119885
0.114343
0.108764
0.103118
0.0973733
0.0915
0.0854671
0.0792438
0.0727988
0.0661007
0.0591172
0.0518152
0.0441605
0.0361173
0.0276479
0.0187117
0.00926495
-0.000740529
-0.0113586
-0.0226506
-0.0346872
-0.0475518
-0.0613437
-0.0761833
-0.0922176
-0.109627
-0.128635
-0.149511
-0.172582
-0.198226
-0.226858
-0.258882
-0.294603
-0.334054
-0.376729
-0.421185
-0.464525
-0.501861
-0.525915
-0.527117
-0.494561
-0.41806
-0.290946
-0.112498
0.0447407
0.118043
0.172818
0.210379
0.233786
0.246355
0.25105
0.250283
0.245898
0.239237
0.231252
0.222591
0.213689
0.204824
0.196171
0.187828
0.179844
0.172238
0.165004
0.158125
0.151576
0.145324
0.139336
0.133577
0.128012
0.122606
0.117324
0.112134
0.107001
0.101895
0.0967849
0.0916392
0.0864283
0.0811229
0.0756939
0.0701124
0.0643496
0.0583766
0.0521639
0.0456818
0.0388994
0.0317848
0.0243042
0.0164219
0.00809896
-0.000707393
-0.010045
-0.0199685
-0.0305415
-0.0418392
-0.0539525
-0.0669924
-0.0810967
-0.0964379
-0.113233
-0.131753
-0.152336
-0.175395
-0.201415
-0.230929
-0.264458
-0.302367
-0.344622
-0.390377
-0.437386
-0.481259
-0.514741
-0.52736
-0.506023
-0.437116
-0.310179
-0.122075
0.0516254
0.133083
0.190465
0.226611
0.246315
0.25422
0.254147
0.248989
0.240807
0.231006
0.220506
0.20989
0.199508
0.189558
0.18014
0.171289
0.163002
0.155254
0.148007
0.141216
0.134835
0.128815
0.123111
0.11768
0.112478
0.107467
0.102609
0.0978684
0.0932116
0.0886064
0.0840223
0.0794297
0.0748001
0.070106
0.0653204
0.0604168
0.0553691
0.0501512
0.0447372
0.0391004
0.0332141
0.0270502
0.0205795
0.0137711
0.00659127
-0.000996749
-0.0090344
-0.0175691
-0.0266562
-0.0363618
-0.0467664
-0.0579693
-0.0700954
-0.0833031
-0.0977952
-0.113832
-0.131746
-0.15196
-0.174995
-0.201473
-0.232086
-0.267496
-0.308137
-0.353835
-0.403181
-0.452632
-0.49543
-0.520657
-0.513146
-0.45522
-0.331061
-0.133288
0.0608352
0.151913
0.211065
0.243966
0.258059
0.259746
0.253832
0.243654
0.2314
0.218435
0.205563
0.193232
0.181662
0.170937
0.161063
0.152
0.143686
0.136051
0.12902
0.122524
0.116496
0.110875
0.105603
0.100631
0.0959102
0.0913987
0.0870572
0.0828493
0.0787415
0.0747026
0.0707032
0.0667156
0.0627134
0.0586714
0.0545652
0.0503714
0.0460667
0.0416286
0.0370344
0.0322614
0.0272868
0.0220868
0.0166369
0.0109111
0.00488132
-0.00148322
-0.00821714
-0.0153602
-0.0229592
-0.0310701
-0.0397616
-0.0491197
-0.0592531
-0.0703018
-0.0824477
-0.0959283
-0.111055
-0.128235
-0.147991
-0.170985
-0.198017
-0.22998
-0.267727
-0.311764
-0.36166
-0.41507
-0.466328
-0.504818
-0.513809
-0.471164
-0.353763
-0.146866
0.0734751
0.175434
0.234344
0.261089
0.267028
0.260743
0.24801
0.232448
0.216178
0.200359
0.185561
0.172017
0.159766
0.148752
0.138869
0.129998
0.122016
0.114809
0.108272
0.102314
0.0968508
0.0918115
0.0871328
0.082759
0.078641
0.0747352
0.0710025
0.0674078
0.0639192
0.0605073
0.0571454
0.0538081
0.0504722
0.0471154
0.0437165
0.0402554
0.0367123
0.0330683
0.0293045
0.0254021
0.0213424
0.0171062
0.0126735
0.00802355
0.00313372
-0.00202068
-0.00746742
-0.0132385
-0.0193718
-0.0259128
-0.0329179
-0.040458
-0.0486241
-0.0575341
-0.0673434
-0.0782582
-0.090554
-0.104599
-0.120885
-0.140059
-0.162956
-0.190602
-0.224166
-0.26476
-0.312971
-0.367934
-0.425736
-0.477112
-0.504891
-0.482724
-0.378126
-0.163951
0.0913201
0.204416
0.258948
0.275164
0.269864
0.253969
0.233914
0.213201
0.193557
0.175708
0.159852
0.145927
0.133754
0.123121
0.113813
0.105633
0.0984085
0.0919912
0.0862545
0.0810916
0.0764125
0.0721407
0.0682114
0.0645692
0.0611664
0.0579615
0.0549182
0.0520044
0.0491916
0.0464539
0.0437679
0.0411123
0.0384671
0.0358138
0.0331351
0.0304144
0.0276358
0.0247842
0.0218446
0.0188025
0.015643
0.0123515
0.00891275
0.00531068
0.00152822
-0.00245343
-0.00665541
-0.0111021
-0.0158226
-0.020852
-0.0262341
-0.0320244
-0.0382948
-0.0451393
-0.0526831
-0.0610946
-0.0706022
-0.0815176
-0.0942677
-0.109436
-0.127811
-0.150439
-0.178645
-0.213974
-0.25792
-0.311202
-0.372243
-0.434416
-0.482006
-0.485944
-0.403028
-0.186192
0.117233
0.238721
0.281155
0.280905
0.261344
0.235091
0.208352
0.183802
0.162319
0.143949
0.128399
0.115271
0.104168
0.0947361
0.0866744
0.0797344
0.0737139
0.0684488
0.0638064
0.0596788
0.055978
0.0526318
0.0495804
0.0467737
0.0441696
0.0417323
0.039431
0.0372387
0.035132
0.03309
0.0310938
0.0291265
0.0271727
0.0252179
0.0232489
0.0212532
0.0192189
0.0171348
0.0149898
0.0127733
0.0104747
0.00808346
0.00558867
0.00297902
0.000242397
-0.00263443
-0.00566643
-0.00887095
-0.0122686
-0.0158848
-0.019751
-0.0239078
-0.0284078
-0.0333206
-0.0387399
-0.0447924
-0.0516529
-0.0595634
-0.0688627
-0.0800275
-0.0937286
-0.110906
-0.132851
-0.161278
-0.198277
-0.245961
-0.305348
-0.373707
-0.439409
-0.47416
-0.425182
-0.215877
0.156131
0.275088
0.291983
0.268806
0.233906
0.199026
0.168432
0.14302
0.122383
0.105741
0.092307
0.0814015
0.0724751
0.0650977
0.0589373
0.0537385
0.0493048
0.0454843
0.0421586
0.0392346
0.0366385
0.0343114
0.0322054
0.0302813
0.0285067
0.0268545
0.0253016
0.0238282
0.0224174
0.021054
0.0197248
0.0184178
0.0171224
0.0158285
0.0145272
0.0132101
0.0118691
0.0104969
0.00908613
0.00762995
0.00612151
0.00455401
0.00292054
0.00121389
-0.000573564
-0.0024502
-0.00442552
-0.00651057
-0.00871858
-0.0110659
-0.013573
-0.0162664
-0.0191809
-0.0223628
-0.0258744
-0.0298016
-0.0342632
-0.0394261
-0.045528
-0.0529108
-0.0620715
-0.0737376
-0.0889766
-0.109342
-0.137031
-0.174952
-0.226329
-0.292941
-0.370146
-0.436581
-0.436772
-0.256244
0.213989
0.300598
0.272375
0.223957
0.178792
0.141949
0.113582
0.0922024
0.0761062
0.063888
0.0544971
0.0471733
0.0413731
0.0367081
0.0328997
0.0297459
0.0270986
0.0248479
0.022911
0.0212245
0.0197397
0.0184182
0.0172297
0.0161494
0.0151575
0.0142375
0.0133755
0.0125597
0.0117801
0.011028
0.0102956
0.00957621
0.0088636
0.00815226
0.00743711
0.00671349
0.00597702
0.00522362
0.00444942
0.00365066
0.00282374
0.00196504
0.00107094
0.000137649
-0.000838797
-0.00186282
-0.00293941
-0.00407441
-0.00527491
-0.00654966
-0.00790985
-0.00936995
-0.0109491
-0.0126729
-0.0145761
-0.0167069
-0.0191322
-0.0219471
-0.0252884
-0.0293563
-0.034449
-0.0410183
-0.0497611
-0.06177
-0.0787734
-0.103491
-0.140014
-0.193639
-0.268269
-0.357424
-0.419017
-0.305816
0.266009
0.275955
0.198597
0.138936
0.0984644
0.0710662
0.0526643
0.0402607
0.0317401
0.0257331
0.021381
0.0181425
0.0156709
0.0137402
0.0121998
0.0109474
0.00991132
0.00904077
0.00829865
0.00765746
0.0070964
0.0065995
0.00615425
0.00575074
0.00538096
0.00503838
0.00471755
0.00441393
0.0041236
0.00384322
0.00356985
0.00330089
0.00303405
0.00276724
0.00249858
0.00222632
0.00194888
0.00166476
0.00137256
0.00107093
0.000758582
0.000434236
9.6599e-05
-0.000255581
-0.000623781
-0.00100958
-0.00141476
-0.00184145
-0.00229224
-0.00277042
-0.00328019
-0.00382706
-0.00441838
-0.00506402
-0.00577749
-0.00657748
-0.0074902
-0.00855302
-0.0098201
-0.0113716
-0.0133289
-0.0158808
-0.0193308
-0.0241842
-0.0313194
-0.0423284
-0.0601787
-0.0903349
-0.141897
-0.2255
-0.331008
-0.319485
0.142935
0.125432
0.0767435
0.0457847
0.0280219
0.0176529
0.0115782
0.00799234
0.00581832
0.00444647
0.00354125
0.00291661
0.00246703
0.00213103
0.0018716
0.00166568
0.0014983
0.00135943
0.00124211
0.00114137
0.00105356
0.000975935
0.000906394
0.000843292
0.000785317
0.000731405
0.00068068
0.000632407
0.000585962
0.000540811
0.000496487
0.000452579
0.000408722
0.000364591
0.00031989
0.00027435
0.000227727
0.000179793
0.000130335
7.9155e-05
2.60586e-05
-2.91486e-05
-8.66693e-05
-0.00014661
-0.000209262
-0.000274867
-0.000343696
-0.000416092
-0.000492487
-0.000573439
-0.000659682
-0.000752189
-0.000852273
-0.00096172
-0.00108298
-0.00121946
-0.00137595
-0.00155931
-0.0017795
-0.00205143
-0.00239795
-0.00285548
-0.00348471
-0.00439274
-0.00578225
-0.00806642
-0.0121427
-0.0200323
-0.0362275
-0.069559
-0.12766
-0.152141
)
;

boundaryField
{
    movingWall
    {
        type            calculated;
        value           uniform 0;
    }
    fixedWalls
    {
        type            calculated;
        value           uniform 0;
    }
    frontAndBack
    {
        type            empty;
    }
}


// ************************************************************************* //
