/*--------------------------------*- C++ -*----------------------------------*\
  =========                 |
  \\      /  F ield         | OpenFOAM: The Open Source CFD Toolbox
   \\    /   O peration     | Website:  https://openfoam.org
    \\  /    A nd           | Version:  dev
     \\/     M anipulation  |
\*---------------------------------------------------------------------------*/
FoamFile
{
    format      ascii;
    class       volScalarField;
    location    "37.35";
    object      Uy;
}
// * * * * * * * * * * * * * * * * * * * * * * * * * * * * * * * * * * * * * //

dimensions      [0 1 -1 0 0 0 0];

internalField   nonuniform List<scalar> 
5184
(
-1.27116e-05
-2.08938e-05
-1.7253e-05
-8.19994e-06
2.66726e-06
1.36179e-05
2.38476e-05
3.30519e-05
4.1111e-05
4.80307e-05
5.38727e-05
5.87218e-05
6.26705e-05
6.581e-05
6.82251e-05
6.99913e-05
7.11727e-05
7.1822e-05
7.19798e-05
7.16758e-05
7.09294e-05
6.97511e-05
6.81437e-05
6.61043e-05
6.36257e-05
6.0698e-05
5.73108e-05
5.34545e-05
4.91219e-05
4.43101e-05
3.90216e-05
3.32655e-05
2.70592e-05
2.04286e-05
1.34094e-05
6.04735e-06
-1.60139e-06
-9.47036e-06
-1.7483e-05
-2.55535e-05
-3.35873e-05
-4.1483e-05
-4.91331e-05
-5.64267e-05
-6.32513e-05
-6.94947e-05
-7.50484e-05
-7.98092e-05
-8.36826e-05
-8.65848e-05
-8.84453e-05
-8.92087e-05
-8.88369e-05
-8.73102e-05
-8.46282e-05
-8.08103e-05
-7.58958e-05
-6.99435e-05
-6.3031e-05
-5.52545e-05
-4.67279e-05
-3.75845e-05
-2.79791e-05
-1.80944e-05
-8.15563e-06
1.54235e-06
1.05754e-05
1.83064e-05
2.37232e-05
2.51337e-05
1.9852e-05
6.24378e-06
-4.58964e-05
-6.57308e-05
-4.05778e-05
7.62174e-06
6.56768e-05
0.000126001
0.000184315
0.000238372
0.000287031
0.000329849
0.000366787
0.000398035
0.000423904
0.00044476
0.000460982
0.000472927
0.000480919
0.000485233
0.000486093
0.00048367
0.000478085
0.000469415
0.000457698
0.000442944
0.00042514
0.000404264
0.000380291
0.000353203
0.000323001
0.000289713
0.000253399
0.00021416
0.000172148
0.000127566
8.06725e-05
3.17875e-05
-1.87103e-05
-7.03825e-05
-0.000122734
-0.000175217
-0.000227238
-0.000278163
-0.000327332
-0.000374066
-0.00041768
-0.000457498
-0.000492867
-0.000523175
-0.000547858
-0.000566422
-0.000578455
-0.000583638
-0.000581753
-0.000572699
-0.000556491
-0.000533269
-0.000503295
-0.00046696
-0.000424779
-0.000377391
-0.000325566
-0.000270209
-0.000212382
-0.000153336
-9.45831e-05
-3.80012e-05
1.3948e-05
5.79591e-05
8.94389e-05
0.00010189
8.65416e-05
3.64948e-05
-8.13335e-05
-9.5074e-05
-1.91692e-05
0.000105914
0.000254662
0.000410626
0.000563491
0.000707119
0.000838059
0.000954604
0.00105616
0.00114282
0.00121509
0.00127371
0.00131949
0.00135327
0.0013758
0.00138776
0.00138971
0.00138211
0.00136528
0.00133943
0.0013047
0.00126116
0.0012088
0.00114763
0.00107763
0.000998815
0.000911251
0.000815076
0.000710523
0.000597935
0.000477787
0.000350695
0.000217424
7.88974e-05
-6.38037e-05
-0.000209443
-0.000356638
-0.000503871
-0.000649503
-0.000791804
-0.00092897
-0.00105916
-0.00118052
-0.00129122
-0.00138953
-0.00147378
-0.00154249
-0.00159433
-0.0016282
-0.00164327
-0.00163898
-0.00161506
-0.00157159
-0.00150897
-0.00142794
-0.00132962
-0.00121543
-0.0010872
-0.000947098
-0.000797689
-0.000641983
-0.000483513
-0.000326479
-0.000175971
-3.83055e-05
7.84975e-05
0.00016414
0.000205454
0.000186328
9.0413e-05
-9.77791e-05
-7.32002e-05
8.47452e-05
0.000318359
0.000590135
0.000874443
0.00115425
0.00141876
0.00166151
0.00187895
0.00206954
0.00223301
0.00236993
0.00248134
0.0025685
0.00263275
0.00267537
0.00269752
0.00270017
0.0026841
0.00264993
0.00259808
0.00252881
0.00244229
0.00233859
0.00221776
0.00207985
0.00192497
0.00175334
0.00156529
0.00136136
0.00114228
0.000909025
0.000662836
0.000405226
0.000137998
-0.000136759
-0.000416673
-0.000699109
-0.000981189
-0.00125982
-0.00153176
-0.00179361
-0.00204194
-0.0022733
-0.00248431
-0.00267171
-0.00283245
-0.00296376
-0.00306321
-0.00312878
-0.00315894
-0.00315265
-0.00310947
-0.00302954
-0.00291366
-0.00276326
-0.00258043
-0.00236794
-0.00212924
-0.00186848
-0.00159056
-0.0013012
-0.00100706
-0.000715971
-0.000437207
-0.000181913
3.62997e-05
0.000200709
0.00029092
0.000282636
0.000147319
-8.44493e-05
2.08432e-05
0.000295429
0.000668061
0.00109092
0.0015301
0.00196213
0.00237155
0.00274862
0.00308771
0.00338605
0.00364282
0.00385847
0.00403425
0.00417181
0.00427299
0.00433956
0.00437317
0.00437526
0.004347
0.00428928
0.00420278
0.00408795
0.00394508
0.00377437
0.00357598
0.00335008
0.00309696
0.00281706
0.00251105
0.00217986
0.00182478
0.00144745
0.00104993
0.000634689
0.000204662
-0.000236796
-0.000685895
-0.00113844
-0.00158989
-0.00203536
-0.00246973
-0.00288772
-0.00328393
-0.00365298
-0.00398961
-0.00428874
-0.00454565
-0.00475602
-0.00491609
-0.00502274
-0.00507357
-0.00506702
-0.00500241
-0.00487999
-0.00470102
-0.00446779
-0.00418361
-0.00385286
-0.00348101
-0.00307463
-0.00264147
-0.00219051
-0.00173218
-0.00127853
-0.000843597
-0.000443891
-9.8969e-05
0.000167827
0.00032876
0.000351092
0.000194189
-3.75646e-05
0.000197332
0.000626924
0.00117045
0.00177194
0.00239052
0.00299714
0.00357198
0.0041022
0.00458002
0.00500138
0.00536476
0.00567043
0.00591975
0.00611469
0.00625752
0.00635052
0.00639582
0.00639531
0.00635053
0.00626273
0.00613283
0.00596151
0.00574924
0.00549638
0.00520323
0.00487019
0.00449777
0.00408676
0.00363823
0.00315368
0.00263506
0.00208485
0.00150611
0.000902485
0.000278222
-0.000361808
-0.00101215
-0.0016668
-0.00231924
-0.00296255
-0.00358946
-0.00419246
-0.00476394
-0.0052963
-0.00578209
-0.00621419
-0.00658592
-0.00689122
-0.00712479
-0.00728224
-0.0073602
-0.00735646
-0.00727008
-0.00710143
-0.00685231
-0.00652596
-0.0061271
-0.00566197
-0.00513834
-0.00456558
-0.00395464
-0.00331826
-0.00267102
-0.00202965
-0.00141336
-0.000844284
-0.000348108
4.51846e-05
0.000300647
0.000377462
0.000224582
4.40712e-05
0.000461277
0.00108715
0.00183492
0.0026427
0.00346425
0.00426591
0.00502423
0.00572359
0.00635431
0.00691106
0.00739167
0.00779617
0.00812598
0.00838336
0.00857099
0.0086916
0.00874779
0.00874187
0.00867579
0.00855112
0.00836907
0.00813055
0.00783624
0.0074867
0.00708246
0.00662416
0.00611266
0.00554913
0.00493519
0.004273
0.00356531
0.0028156
0.00202806
0.00120769
0.000360263
-0.00050765
-0.00138871
-0.00227488
-0.00315745
-0.00402721
-0.00487448
-0.0056893
-0.00646159
-0.00718127
-0.00783851
-0.00842387
-0.00892852
-0.00934444
-0.00966462
-0.00988323
-0.00999581
-0.00999942
-0.00989279
-0.0096764
-0.0093526
-0.00892567
-0.00840188
-0.0077895
-0.00709885
-0.00634231
-0.00553441
-0.00469188
-0.00383384
-0.00298198
-0.0021609
-0.00139853
-0.000726738
-0.000182017
0.000193818
0.00035264
0.000235066
0.000160454
0.000814549
0.0016799
0.0026665
0.00370862
0.00475621
0.00577222
0.00673037
0.00761284
0.00840836
0.00911059
0.00971681
0.0102269
0.0106422
0.0109655
0.0111996
0.0113479
0.0114132
0.0113985
0.0113059
0.0111375
0.0108946
0.0105784
0.01019
0.00972999
0.00919925
0.00859873
0.00792966
0.00719372
0.00639315
0.00553085
0.00461053
0.00363675
0.00261501
0.00155179
0.000454544
-0.000668273
-0.00180727
-0.00295217
-0.00409191
-0.00521475
-0.00630842
-0.0073603
-0.00835759
-0.00928757
-0.0101378
-0.0108962
-0.0115518
-0.0120942
-0.0125147
-0.0128058
-0.0129617
-0.0129788
-0.0128553
-0.0125917
-0.0121911
-0.0116586
-0.0110023
-0.0102326
-0.00936236
-0.00840733
-0.00738576
-0.00631866
-0.00522986
-0.00414623
-0.00309791
-0.00211871
-0.0012466
-0.000524407
-3.35383e-07
0.000271057
0.000223932
0.000310949
0.00125706
0.00240614
0.00366704
0.004972
0.00626865
0.00751772
0.008691
0.00976916
0.0107398
0.0115959
0.0123344
0.0129551
0.0134596
0.0138507
0.014132
0.014307
0.0143791
0.0143516
0.0142271
0.0140079
0.0136956
0.0132919
0.0127978
0.0122143
0.0115427
0.0107841
0.00994029
0.00901352
0.00800668
0.00692355
0.00576884
0.00454833
0.00326893
0.00193872
0.000566973
-0.000835845
-0.00225814
-0.00368725
-0.00510956
-0.00651068
-0.00787554
-0.00918868
-0.0104344
-0.0115971
-0.0126616
-0.0136131
-0.0144378
-0.0151234
-0.0156588
-0.0160348
-0.0162443
-0.0162826
-0.0161474
-0.0158394
-0.0153618
-0.0147211
-0.0139269
-0.0129918
-0.0119316
-0.0107654
-0.00951516
-0.0082065
-0.00686809
-0.0055321
-0.00423433
-0.00301448
-0.00191656
-0.000989451
-0.00028734
0.000129601
0.000190529
0.000494652
0.00178757
0.00326498
0.00483618
0.00643283
0.00800161
0.00950216
0.0109053
0.0121908
0.0133458
0.014363
0.0152392
0.0159743
0.0165703
0.0170304
0.0173584
0.0175585
0.0176345
0.01759
0.017428
0.0171511
0.0167613
0.0162604
0.0156498
0.0149307
0.0141047
0.0131735
0.0121391
0.0110045
0.00977339
0.00845034
0.00704121
0.00555307
0.00399431
0.00237472
0.000705488
-0.0010008
-0.00273023
-0.00446764
-0.00619674
-0.0079003
-0.00956035
-0.0111584
-0.0126757
-0.0140936
-0.0153938
-0.0165587
-0.0175718
-0.0184181
-0.0190843
-0.0195592
-0.0198341
-0.0199032
-0.0197635
-0.0194154
-0.0188629
-0.0181133
-0.0171777
-0.0160711
-0.0148121
-0.0134232
-0.0119305
-0.0103641
-0.00875768
-0.00714883
-0.00557906
-0.00409396
-0.00274353
-0.00158253
-0.00067074
-7.33436e-05
0.000134776
0.000710531
0.00240418
0.00425434
0.00617193
0.00808931
0.00995333
0.0117236
0.0133709
0.0148749
0.0162228
0.0174073
0.0184257
0.0192783
0.0199673
0.0204966
0.0208705
0.0210936
0.0211702
0.0211042
0.0208992
0.020558
0.0200829
0.0194759
0.0187386
0.0178728
0.0168802
0.0157628
0.0145234
0.0131655
0.0116935
0.010113
0.00843109
0.00665607
0.00479789
0.00286813
0.000879942
-0.00115188
-0.00321103
-0.00527973
-0.00733892
-0.00936844
-0.0113472
-0.0132536
-0.0150657
-0.0167616
-0.0183196
-0.0197193
-0.020941
-0.0219669
-0.0227812
-0.0233707
-0.0237247
-0.023836
-0.0237009
-0.0233195
-0.0226958
-0.0218383
-0.0207596
-0.0194768
-0.0180114
-0.0163894
-0.0146411
-0.0128011
-0.0109083
-0.00900562
-0.0071405
-0.00536444
-0.00373338
-0.00230785
-0.00115298
-0.000338616
5.68409e-05
0.000957507
0.00310459
0.00537134
0.00767122
0.00993828
0.0121206
0.0141788
0.0160843
0.0178176
0.0193663
0.0207241
0.0218886
0.0228608
0.0236439
0.0242421
0.0246606
0.0249042
0.0249781
0.0248864
0.024633
0.0242212
0.0236535
0.0229321
0.0220591
0.0210363
0.0198658
0.0185502
0.0170926
0.0154973
0.0137695
0.0119158
0.00994421
0.00786463
0.00568852
0.00342925
0.001102
-0.00127621
-0.0036866
-0.00610872
-0.00852066
-0.0108992
-0.0132201
-0.0154585
-0.0175889
-0.0195861
-0.0214252
-0.023082
-0.0245339
-0.0257601
-0.0267418
-0.0274634
-0.0279122
-0.0280793
-0.02796
-0.0275538
-0.0268648
-0.0259021
-0.02468
-0.0232176
-0.0215393
-0.0196746
-0.0176578
-0.0155283
-0.0133302
-0.0111121
-0.0089272
-0.00683306
-0.00489161
-0.00316914
-0.00173607
-0.000666779
-4.30601e-05
0.00123449
0.00388624
0.00661255
0.00933012
0.0119756
0.0144992
0.0168633
0.0190409
0.0210139
0.0227713
0.0243076
0.0256218
0.0267157
0.0275935
0.0282602
0.0287216
0.0289835
0.0290512
0.0289296
0.0286229
0.0281346
0.0274677
0.0266246
0.0256075
0.0244186
0.0230603
0.0215356
0.0198483
0.0180031
0.016006
0.0138646
0.0115883
0.00918798
0.00667691
0.00407018
0.001385
-0.00135933
-0.00414155
-0.00693852
-0.0097254
-0.0124759
-0.0151624
-0.0177566
-0.0202296
-0.0225525
-0.0246968
-0.0266347
-0.0283402
-0.029789
-0.0309594
-0.0318329
-0.0323945
-0.0326333
-0.0325431
-0.0321227
-0.0313761
-0.030313
-0.0289487
-0.0273046
-0.0254077
-0.0232909
-0.0209929
-0.0185578
-0.0160349
-0.0134787
-0.0109482
-0.00850728
-0.00622389
-0.00417021
-0.00242207
-0.00105848
-0.000164793
0.00154038
0.00474644
0.00797415
0.0111441
0.0141962
0.0170837
0.0197716
0.0222351
0.0244581
0.0264316
0.0281517
0.0296189
0.0308364
0.0318093
0.032544
0.0330469
0.0333246
0.0333831
0.0332278
0.0328633
0.0322934
0.0315214
0.03055
0.0293816
0.0280187
0.026464
0.0247209
0.0227936
0.0206874
0.0184092
0.0159675
0.0133726
0.0106371
0.00777542
0.00480462
0.00174388
-0.00138529
-0.00455913
-0.00775177
-0.0109354
-0.0140806
-0.0171564
-0.0201309
-0.0229716
-0.0256456
-0.0281208
-0.0303654
-0.0323497
-0.0340457
-0.0354283
-0.0364758
-0.0371705
-0.0374993
-0.0374541
-0.0370325
-0.0362381
-0.0350809
-0.0335772
-0.0317503
-0.0296299
-0.0272524
-0.0246605
-0.0219032
-0.0190353
-0.016117
-0.0132136
-0.0103954
-0.00773654
-0.00531543
-0.00321349
-0.0015147
-0.000308395
0.00187408
0.00568235
0.00945201
0.0131081
0.0165945
0.0198681
0.0228972
0.0256602
0.0281435
0.0303405
0.0322497
0.0338732
0.0352159
0.0362846
0.0370866
0.0376297
0.0379211
0.0379677
0.0377754
0.0373492
0.0366933
0.0358113
0.0347061
0.0333803
0.0318367
0.0300783
0.0281088
0.0259328
0.0235562
0.0209867
0.0182335
0.0153081
0.0122242
0.00899787
0.00564774
0.00219496
-0.00133675
-0.00492118
-0.00852977
-0.0121318
-0.0156944
-0.0191835
-0.0225633
-0.0257976
-0.0288495
-0.0316827
-0.0342615
-0.0365519
-0.0385219
-0.0401428
-0.0413891
-0.04224
-0.0426796
-0.0426977
-0.0422903
-0.0414602
-0.0402173
-0.0385788
-0.0365694
-0.0342215
-0.0315748
-0.0286763
-0.0255797
-0.0223455
-0.0190399
-0.0157347
-0.0125067
-0.00943689
-0.00660999
-0.00411355
-0.00203694
-0.000474132
0.00223445
0.00669099
0.0110417
0.0152166
0.0191642
0.0228456
0.0262332
0.0293089
0.0320626
0.0344905
0.0365938
0.0383769
0.0398468
0.0410119
0.041881
0.0424632
0.0427667
0.0427991
0.042567
0.042076
0.0413305
0.0403345
0.0390911
0.0376031
0.0358734
0.0339055
0.0317031
0.0292713
0.0266166
0.0237471
0.020673
0.0174067
0.0139629
0.0103592
0.00661587
0.00275581
-0.00119511
-0.0052083
-0.00925253
-0.0132941
-0.0172971
-0.0212237
-0.0250346
-0.0286893
-0.0321471
-0.0353672
-0.0383095
-0.0409355
-0.0432089
-0.0450966
-0.0465693
-0.0476023
-0.0481766
-0.0482792
-0.0479041
-0.0470528
-0.0457348
-0.0439677
-0.0417776
-0.0391992
-0.0362755
-0.0330575
-0.0296041
-0.0259814
-0.022262
-0.0185243
-0.0148521
-0.0113335
-0.00806023
-0.00512636
-0.00262733
-0.000662541
0.00262034
0.00776925
0.0127386
0.0174638
0.0218985
0.0260088
0.0297715
0.033173
0.036207
0.0388732
0.0411757
0.0431219
0.044721
0.0459834
0.0469197
0.0475403
0.0478547
0.0478712
0.0475974
0.0470391
0.0462014
0.0450885
0.0437035
0.0420497
0.0401301
0.0379482
0.0355081
0.0328151
0.0298761
0.0266999
0.0232971
0.019681
0.0158676
0.0118755
0.00772636
0.00344505
-0.000940661
-0.00539989
-0.00989883
-0.0144009
-0.0188669
-0.0232556
-0.0275238
-0.031627
-0.03552
-0.0391574
-0.0424945
-0.045488
-0.0480967
-0.0502828
-0.0520124
-0.0532565
-0.0539923
-0.0542037
-0.0538819
-0.0530268
-0.0516467
-0.0497593
-0.0473919
-0.0445812
-0.0413732
-0.0378232
-0.0339951
-0.0299609
-0.0257996
-0.0215969
-0.017444
-0.0134366
-0.00967379
-0.00625712
-0.00328877
-0.000874453
0.00303055
0.00891388
0.0145377
0.0198434
0.0247901
0.0293495
0.0335037
0.0372437
0.0405677
0.0434794
0.0459864
0.0480992
0.0498298
0.0511907
0.0521947
0.0528535
0.053178
0.0531778
0.0528608
0.0522339
0.0513023
0.0500705
0.0485421
0.0467202
0.0446081
0.0422093
0.0395282
0.0365703
0.0333427
0.0298545
0.026117
0.0221443
0.017953
0.013563
0.00899724
0.00428209
-0.000552774
-0.00547433
-0.0104463
-0.0154292
-0.0203808
-0.0252563
-0.0300086
-0.034589
-0.0389477
-0.0430347
-0.0468
-0.0501951
-0.0531737
-0.0556925
-0.0577126
-0.0592002
-0.0601279
-0.0604756
-0.0602315
-0.0593928
-0.0579664
-0.0559696
-0.0534303
-0.0503868
-0.0468883
-0.042994
-0.038773
-0.0343033
-0.0296709
-0.0249689
-0.0202966
-0.0157577
-0.0114597
-0.00751217
-0.00402491
-0.00111101
0.00346381
0.0101214
0.0164338
0.0223486
0.0278312
0.0328592
0.0374204
0.0415113
0.0451349
0.0482992
0.0510161
0.0532992
0.0551637
0.0566247
0.0576971
0.0583945
0.0587291
0.0587117
0.0583513
0.057655
0.0566289
0.0552776
0.0536049
0.051614
0.0493084
0.0466914
0.0437677
0.0405427
0.0370239
0.0332205
0.0291443
0.0248097
0.0202343
0.0154386
0.0104469
0.00528687
-1.01596e-05
-0.00540915
-0.0108715
-0.016355
-0.0218145
-0.0272014
-0.0324649
-0.037552
-0.0424081
-0.0469782
-0.0512069
-0.0550402
-0.0584259
-0.0613149
-0.0636624
-0.0654293
-0.0665828
-0.0670981
-0.0669595
-0.066161
-0.0647073
-0.0626147
-0.059911
-0.0566362
-0.0528421
-0.0485919
-0.0439598
-0.03903
-0.0338959
-0.0286587
-0.0234259
-0.0183104
-0.0134287
-0.00889912
-0.00484028
-0.00137369
0.00391879
0.0113883
0.0184214
0.0249724
0.0310134
0.0365285
0.0415118
0.0459654
0.0498978
0.053322
0.0562539
0.0587113
0.0607124
0.0622754
0.0634175
0.0641543
0.0644997
0.0644656
0.0640619
0.0632968
0.0621765
0.0607061
0.0588895
0.0567301
0.0542313
0.0513965
0.0482302
0.0447379
0.0409271
0.0368071
0.0323899
0.0276902
0.0227261
0.017519
0.0120938
0.0064795
0.000708854
-0.00518132
-0.0111503
-0.0171533
-0.0231421
-0.0290648
-0.0348668
-0.0404905
-0.0458767
-0.0509648
-0.055694
-0.0600042
-0.0638368
-0.0671364
-0.0698517
-0.0719372
-0.0733542
-0.0740724
-0.0740711
-0.0733403
-0.0718819
-0.0697102
-0.0668527
-0.0633503
-0.059257
-0.0546401
-0.0495789
-0.0441642
-0.0384968
-0.0326864
-0.02685
-0.02111
-0.0155928
-0.0104268
-0.00574026
-0.0016643
0.00439409
0.0127106
0.0204944
0.0277071
0.0343278
0.0403476
0.0457671
0.0505949
0.0548452
0.0585361
0.0616884
0.064324
0.0664648
0.0681321
0.0693456
0.0701231
0.0704804
0.0704307
0.0699851
0.0691523
0.0679392
0.0663512
0.0643925
0.0620665
0.0593763
0.0563255
0.0529184
0.0491603
0.0450585
0.0406223
0.0358639
0.0307979
0.0254428
0.0198202
0.013956
0.00787994
0.00162598
-0.00476752
-0.0112578
-0.017798
-0.0243368
-0.0308192
-0.0371865
-0.043377
-0.0493264
-0.0549686
-0.060237
-0.0650647
-0.0693867
-0.0731402
-0.0762671
-0.0787144
-0.0804367
-0.0813971
-0.0815692
-0.0809379
-0.0795013
-0.077271
-0.0742735
-0.0705498
-0.0661561
-0.0611631
-0.0556555
-0.0497306
-0.0434973
-0.0370744
-0.0305888
-0.0241736
-0.017966
-0.0121055
-0.00673112
-0.00198496
0.00488821
0.0140843
0.0226468
0.0305449
0.0377651
0.0443059
0.0501752
0.055388
0.0599647
0.0639292
0.0673073
0.0701252
0.0724089
0.0741829
0.0754699
0.0762901
0.0766611
0.0765976
0.0761118
0.0752135
0.0739101
0.0722072
0.0701092
0.0676196
0.0647415
0.0614781
0.0578334
0.0538127
0.0494229
0.0446731
0.0395751
0.0341437
0.0283972
0.0223575
0.0160508
0.00950754
0.00276256
-0.0041445
-0.0111693
-0.0182627
-0.0253709
-0.0324358
-0.0393949
-0.046182
-0.0527279
-0.0589611
-0.0648083
-0.0701962
-0.0750522
-0.0793061
-0.0828915
-0.0857476
-0.0878211
-0.0890677
-0.0894538
-0.0889584
-0.0875747
-0.0853107
-0.0821906
-0.0782553
-0.0735624
-0.0681859
-0.0622155
-0.0557555
-0.0489231
-0.0418468
-0.0346643
-0.0275201
-0.0205638
-0.0139467
-0.00782002
-0.00233818
0.00539957
0.0155052
0.0248719
0.0334772
0.0413153
0.0483925
0.0547241
0.0603321
0.0652436
0.0694882
0.0730971
0.0761015
0.0785315
0.0804151
0.0817781
0.0826432
0.0830301
0.0829553
0.0824321
0.0814712
0.0800807
0.0782666
0.0760334
0.0733847
0.0703232
0.0668521
0.062975
0.0586966
0.0540236
0.0489645
0.0435308
0.0377369
0.0316009
0.0251446
0.0183943
0.0113806
0.00413917
-0.00328952
-0.0108598
-0.0185206
-0.026216
-0.0338847
-0.0414608
-0.0488738
-0.0560495
-0.0629106
-0.0693774
-0.0753694
-0.0808062
-0.0856093
-0.0897035
-0.0930193
-0.0954943
-0.0970755
-0.0977213
-0.0974034
-0.0961087
-0.0938405
-0.0906199
-0.0864866
-0.081499
-0.0757339
-0.0692859
-0.0622664
-0.0548013
-0.0470294
-0.0391001
-0.0311705
-0.0234032
-0.0159632
-0.00901503
-0.00272677
0.0059265
0.0169686
0.0271629
0.0364952
0.044968
0.0525957
0.0594011
0.065414
0.0706679
0.0751989
0.0790439
0.0822389
0.0848185
0.0868147
0.0882565
0.0891692
0.0895749
0.0894916
0.0889343
0.0879145
0.086441
0.0845203
0.0821571
0.0793547
0.0761159
0.0724434
0.0683404
0.063811
0.0588613
0.0534993
0.0477358
0.0415846
0.0350632
0.0281932
0.0210006
0.0135159
0.00577508
-0.00218082
-0.0103051
-0.0185453
-0.0268434
-0.0351355
-0.0433522
-0.0514191
-0.0592569
-0.0667827
-0.0739101
-0.0805511
-0.0866171
-0.0920207
-0.0966772
-0.100507
-0.103438
-0.105407
-0.106364
-0.10627
-0.105106
-0.102869
-0.099575
-0.0952619
-0.0899879
-0.0838322
-0.0768941
-0.0692918
-0.0611604
-0.0526498
-0.0439218
-0.0351472
-0.026503
-0.0181692
-0.0103251
-0.0031539
0.00646723
0.0184698
0.0295124
0.0395896
0.0487123
0.0569031
0.0641932
0.0706196
0.0762232
0.0810465
0.0851323
0.088522
0.0912548
0.0933668
0.0948902
0.0958535
0.096281
0.0961927
0.0956051
0.0945307
0.0929791
0.0909572
0.08847
0.0855206
0.0821117
0.0782454
0.0739245
0.0691524
0.0639344
0.0582778
0.0521923
0.0456912
0.0387911
0.0315128
0.0238817
0.0159281
0.00768775
-0.000798119
-0.00948217
-0.0183109
-0.0272246
-0.0361571
-0.045036
-0.0537829
-0.0623139
-0.0705402
-0.0783689
-0.0857042
-0.092449
-0.0985062
-0.103781
-0.108183
-0.111629
-0.114044
-0.115368
-0.115551
-0.114566
-0.1124
-0.109066
-0.104597
-0.0990498
-0.0925054
-0.0850674
-0.0768608
-0.0680302
-0.0587371
-0.0491565
-0.0394744
-0.0298836
-0.0205803
-0.0117601
-0.00362308
0.00701992
0.0200038
0.031913
0.0427507
0.0525366
0.061302
0.0690863
0.0759343
0.0818942
0.0870153
0.0913466
0.0949349
0.0978242
0.100055
0.101663
0.10268
0.103133
0.103043
0.102429
0.101305
0.099681
0.0975641
0.0949596
0.0918708
0.0883
0.0842488
0.0797194
0.0747144
0.0692382
0.063297
0.0568997
0.0500582
0.0427883
0.0351097
0.0270468
0.0186293
0.00989223
0.000876774
-0.00836963
-0.0177929
-0.027332
-0.0369189
-0.0464786
-0.0559292
-0.0651822
-0.0741433
-0.082713
-0.0907877
-0.0982612
-0.105027
-0.110978
-0.116013
-0.120037
-0.122962
-0.124714
-0.125234
-0.124481
-0.122435
-0.119101
-0.114505
-0.108703
-0.101777
-0.0938327
-0.0850027
-0.075441
-0.0653212
-0.0548329
-0.044178
-0.0335667
-0.0232131
-0.0133309
-0.00413817
0.00758264
0.0215656
0.0343567
0.0459684
0.0564293
0.0657793
0.0740661
0.0813428
0.0876649
0.0930888
0.0976697
0.10146
0.104509
0.106862
0.108558
0.109632
0.110113
0.110026
0.10939
0.108222
0.106531
0.104325
0.101611
0.0983912
0.0946675
0.0904414
0.085714
0.0804872
0.0747644
0.0685506
0.0618534
0.0546834
0.0470551
0.0389867
0.0305016
0.0216282
0.0124006
0.00285938
-0.00694839
-0.0169684
-0.0271391
-0.0373908
-0.0476466
-0.0578212
-0.0678223
-0.0775501
-0.0868986
-0.0957564
-0.104008
-0.111537
-0.118225
-0.123958
-0.128626
-0.132128
-0.134376
-0.135298
-0.134839
-0.132968
-0.12968
-0.124994
-0.118964
-0.111667
-0.103215
-0.0937463
-0.0834235
-0.0724334
-0.0609808
-0.0492852
-0.0375756
-0.0260857
-0.0150489
-0.00470336
0.0081534
0.0231497
0.0368355
0.0492324
0.0603781
0.070321
0.0791177
0.0868292
0.0935188
0.0992499
0.104084
0.10808
0.111292
0.113769
0.115555
0.116689
0.117202
0.117122
0.116469
0.115261
0.113509
0.111223
0.108407
0.105065
0.101198
0.0968075
0.0918938
0.0864578
0.0805014
0.0740285
0.0670453
0.0595608
0.0515877
0.0431429
0.034248
0.0249299
0.0152215
0.00516192
-0.00520234
-0.0158174
-0.0266216
-0.0375444
-0.0485072
-0.0594224
-0.0701938
-0.0807168
-0.0908792
-0.100562
-0.109641
-0.117988
-0.125473
-0.131969
-0.137351
-0.141503
-0.144321
-0.145717
-0.14562
-0.143987
-0.140799
-0.13607
-0.129842
-0.122195
-0.11324
-0.10312
-0.0920083
-0.080105
-0.0676311
-0.0548245
-0.0419349
-0.0292172
-0.0169266
-0.00532321
0.00873015
0.0247507
0.0393411
0.0525322
0.0643704
0.0749134
0.0842259
0.0923773
0.0994387
0.10548
0.110571
0.114775
0.118152
0.120756
0.122636
0.123832
0.12438
0.12431
0.123645
0.122402
0.120596
0.118235
0.115326
0.111871
0.107872
0.103328
0.0982409
0.092609
0.0864334
0.0797165
0.0724628
0.0646797
0.0563781
0.0475728
0.0382835
0.0285353
0.0183591
0.00779268
-0.00311897
-0.0143229
-0.0257578
-0.0373532
-0.0490294
-0.0606967
-0.0722561
-0.0835986
-0.0946064
-0.105153
-0.115105
-0.124324
-0.132668
-0.139993
-0.146162
-0.15104
-0.154506
-0.156453
-0.156796
-0.155472
-0.152449
-0.147728
-0.141345
-0.133374
-0.123926
-0.113149
-0.101225
-0.0883678
-0.0748152
-0.0608254
-0.0466702
-0.0326279
-0.0189774
-0.00600259
0.00931083
0.0263631
0.0418651
0.0558569
0.0683937
0.0795419
0.089375
0.0979703
0.105407
0.111762
0.117112
0.121526
0.12507
0.127803
0.129777
0.131038
0.131625
0.131568
0.130894
0.129623
0.127768
0.12534
0.122345
0.118786
0.114665
0.109981
0.104733
0.0989198
0.0925404
0.0855959
0.078089
0.0700253
0.0614134
0.0522661
0.0426008
0.0324402
0.0218133
0.0107555
-0.000690061
-0.0124719
-0.0245298
-0.0367939
-0.049184
-0.0616097
-0.0739693
-0.0861505
-0.0980301
-0.109475
-0.120343
-0.130486
-0.139747
-0.14797
-0.154999
-0.160683
-0.16488
-0.167464
-0.168329
-0.167394
-0.164609
-0.159961
-0.153473
-0.145214
-0.135291
-0.123857
-0.111102
-0.0972528
-0.082565
-0.0673182
-0.0518083
-0.0363392
-0.0212154
-0.00674673
0.00989334
0.0279813
0.0443992
0.0591958
0.0724352
0.0841924
0.0945492
0.103591
0.111405
0.118076
0.123686
0.128311
0.132023
0.134886
0.136957
0.138285
0.138911
0.138871
0.138193
0.136896
0.134999
0.13251
0.129438
0.125785
0.121553
0.116741
0.111345
0.105365
0.0987983
0.0916437
0.0839023
0.0755775
0.0666758
0.0572074
0.0471873
0.0366356
0.0255784
0.0140489
0.0020877
-0.010256
-0.0229236
-0.0358466
-0.0489455
-0.0621294
-0.0752952
-0.088328
-0.1011
-0.113473
-0.125295
-0.136408
-0.146644
-0.155831
-0.163795
-0.170367
-0.175382
-0.178694
-0.180172
-0.179715
-0.177251
-0.172749
-0.166219
-0.157717
-0.147348
-0.135265
-0.121666
-0.10679
-0.0909119
-0.0743336
-0.0573769
-0.0403733
-0.0236553
-0.00756118
0.0104756
0.0295999
0.0469349
0.0625382
0.0764823
0.0888505
0.0997328
0.109223
0.117416
0.124403
0.130273
0.13511
0.138991
0.141984
0.144152
0.145547
0.146215
0.146193
0.145512
0.144196
0.14226
0.139717
0.136576
0.132838
0.128505
0.123576
0.118048
0.111916
0.105179
0.0978323
0.0898762
0.0813115
0.0721422
0.0623761
0.0520251
0.0411065
0.0296435
0.0176661
0.00521213
-0.00767208
-0.0209305
-0.0344965
-0.0482922
-0.0622272
-0.0761982
-0.0900883
-0.103767
-0.117089
-0.129899
-0.142025
-0.153289
-0.163503
-0.172476
-0.180018
-0.185942
-0.190077
-0.192268
-0.192386
-0.190337
-0.186067
-0.179566
-0.17088
-0.160103
-0.147389
-0.13294
-0.117008
-0.0998871
-0.0819026
-0.0634041
-0.0447532
-0.0263129
-0.00845183
0.0110557
0.0312135
0.0494643
0.0658738
0.0805225
0.0935019
0.10491
0.114849
0.12342
0.130723
0.136853
0.141901
0.145949
0.149072
0.151335
0.152798
0.153508
0.153506
0.152825
0.15149
0.149521
0.14693
0.143726
0.139912
0.135489
0.130455
0.124807
0.118539
0.111648
0.10413
0.0959795
0.0871973
0.0777845
0.0677458
0.0570905
0.0458324
0.0339915
0.0215943
0.0086751
-0.00472303
-0.0185473
-0.032734
-0.0472075
-0.0618791
-0.0766463
-0.0913915
-0.105982
-0.120269
-0.13409
-0.147266
-0.159605
-0.170906
-0.18096
-0.189555
-0.196481
-0.201539
-0.204546
-0.205347
-0.203816
-0.199874
-0.19349
-0.184689
-0.173556
-0.160238
-0.144943
-0.127933
-0.10952
-0.0900559
-0.0699187
-0.0495028
-0.0292042
-0.00942488
0.0116315
0.032817
0.0519794
0.0691923
0.0845438
0.0981329
0.110066
0.120451
0.129399
0.137016
0.143405
0.148661
0.152875
0.156125
0.158483
0.160011
0.160762
0.160779
0.160099
0.158749
0.156749
0.154114
0.150853
0.146971
0.142467
0.13734
0.131585
0.125198
0.118171
0.110499
0.102176
0.0932001
0.0835691
0.0732851
0.0623542
0.0507868
0.0385992
0.0258142
0.0124621
-0.00141803
-0.0157772
-0.0305556
-0.0456806
-0.0610665
-0.0766124
-0.0922016
-0.107701
-0.122959
-0.137807
-0.15206
-0.165515
-0.177957
-0.189159
-0.198887
-0.206907
-0.212991
-0.216926
-0.218523
-0.217626
-0.214122
-0.207954
-0.199123
-0.187698
-0.173817
-0.157689
-0.139587
-0.119839
-0.0988233
-0.0769493
-0.0546462
-0.0323461
-0.0104868
0.0122013
0.0344055
0.054473
0.0724843
0.0885347
0.10273
0.115185
0.126014
0.135336
0.143264
0.149907
0.155369
0.159744
0.163117
0.165566
0.167157
0.167947
0.167982
0.167302
0.165937
0.163909
0.161233
0.157921
0.153977
0.149401
0.144192
0.138344
0.131851
0.124705
0.116899
0.108426
0.0992804
0.0894576
0.078957
0.0677813
0.0559374
0.0434375
0.0303004
0.016552
0.00222694
-0.0126304
-0.0279646
-0.0437075
-0.0597769
-0.0760753
-0.0924882
-0.108883
-0.125107
-0.140989
-0.156337
-0.17094
-0.184569
-0.19698
-0.207918
-0.217123
-0.224337
-0.229315
-0.23183
-0.23169
-0.228746
-0.222907
-0.214146
-0.202509
-0.188121
-0.171188
-0.151988
-0.130869
-0.108233
-0.0845243
-0.060208
-0.0357559
-0.0116445
0.0127634
0.0359747
0.0569383
0.0757411
0.0924847
0.107282
0.120253
0.131522
0.141213
0.149447
0.156339
0.162001
0.166532
0.170024
0.172558
0.174207
0.175032
0.175082
0.1744
0.173019
0.170963
0.168249
0.164889
0.160889
0.156249
0.150967
0.145038
0.138454
0.131207
0.123287
0.114685
0.105394
0.0954068
0.0847196
0.0733315
0.0612459
0.048471
0.0350209
0.020917
0.00618896
-0.00912411
-0.0249719
-0.0412914
-0.0580055
-0.075021
-0.092227
-0.109493
-0.126668
-0.143579
-0.160029
-0.175801
-0.190653
-0.204326
-0.216544
-0.227022
-0.23547
-0.241607
-0.245168
-0.245919
-0.24367
-0.238288
-0.229712
-0.217959
-0.203136
-0.185439
-0.16515
-0.142632
-0.118313
-0.0926715
-0.066213
-0.0394514
-0.012905
0.0133165
0.0375206
0.0593694
0.0789549
0.0963842
0.111776
0.125258
0.13696
0.147014
0.155546
0.162681
0.168535
0.173214
0.176817
0.179431
0.181132
0.181985
0.182045
0.181358
0.179958
0.177873
0.175121
0.171716
0.167664
0.162967
0.157621
0.151621
0.14496
0.137627
0.129612
0.120904
0.111493
0.101369
0.0905261
0.0789596
0.066669
0.0536585
0.0399377
0.0255228
0.0104381
-0.00528284
-0.0215957
-0.0384435
-0.0557552
-0.0734431
-0.0914015
-0.109504
-0.127603
-0.145525
-0.163072
-0.18002
-0.196121
-0.211099
-0.224659
-0.23649
-0.246273
-0.253687
-0.258425
-0.260209
-0.258799
-0.254018
-0.24576
-0.234007
-0.218839
-0.200435
-0.179079
-0.155146
-0.129087
-0.101418
-0.0726857
-0.0434504
-0.0142757
0.0138592
0.0390403
0.0617616
0.0821192
0.100225
0.116204
0.130188
0.142315
0.152722
0.161544
0.168912
0.174948
0.179767
0.183472
0.186155
0.187899
0.188773
0.188837
0.188138
0.186715
0.184598
0.181808
0.178359
0.174258
0.169507
0.164105
0.158046
0.15132
0.143917
0.135826
0.127033
0.117526
0.107294
0.096326
0.0846157
0.0721583
0.0589537
0.0450067
0.0303285
0.0149376
-0.00113858
-0.0178622
-0.0351832
-0.0530373
-0.071344
-0.0900041
-0.108897
-0.12788
-0.146782
-0.165407
-0.183527
-0.200887
-0.2172
-0.232153
-0.245411
-0.256622
-0.265428
-0.271478
-0.274442
-0.274029
-0.270005
-0.262216
-0.250596
-0.235191
-0.216159
-0.193775
-0.168422
-0.140576
-0.110788
-0.07965
-0.0477712
-0.015764
0.0143907
0.0405314
0.0641111
0.0852291
0.104001
0.120556
0.135032
0.147573
0.158323
0.167424
0.175013
0.18122
0.186166
0.189961
0.192702
0.194478
0.195363
0.19542
0.194702
0.19325
0.191097
0.188265
0.184771
0.180622
0.175823
0.170371
0.16426
0.157482
0.150024
0.141873
0.133016
0.123438
0.113125
0.102065
0.0902461
0.077661
0.0643052
0.0501788
0.0352876
0.0196442
0.00326961
-0.0138053
-0.031538
-0.0498722
-0.0687353
-0.0880363
-0.107662
-0.127477
-0.147316
-0.166984
-0.186256
-0.204871
-0.222534
-0.238917
-0.253662
-0.266387
-0.276696
-0.28419
-0.288486
-0.289235
-0.28614
-0.278986
-0.267654
-0.252144
-0.232582
-0.209227
-0.182467
-0.152797
-0.120805
-0.0871295
-0.0524319
-0.0173778
0.0149105
0.0419926
0.0664159
0.0882814
0.107707
0.124827
0.139783
0.152726
0.163806
0.173171
0.180967
0.18733
0.192388
0.196257
0.199043
0.200837
0.20172
0.20176
0.201013
0.199523
0.197327
0.194448
0.190906
0.18671
0.181864
0.176367
0.170213
0.163392
0.155892
0.1477
0.138799
0.129174
0.118808
0.107686
0.0957939
0.0831207
0.0696576
0.0553998
0.0403479
0.0245086
0.007896
-0.00946634
-0.0275439
-0.046289
-0.0656383
-0.08551
-0.105801
-0.126383
-0.147099
-0.167763
-0.18815
-0.207999
-0.227011
-0.244845
-0.261123
-0.275436
-0.287349
-0.296417
-0.302198
-0.304279
-0.302296
-0.295962
-0.285094
-0.269632
-0.249661
-0.225416
-0.197279
-0.165763
-0.131489
-0.0951462
-0.0574506
-0.0191249
0.0154186
0.0434238
0.0686756
0.0912749
0.111342
0.129013
0.144435
0.157764
0.169157
0.178771
0.186756
0.193257
0.198409
0.202336
0.205148
0.206945
0.207811
0.207819
0.20703
0.205492
0.203244
0.200313
0.196718
0.192473
0.187581
0.182042
0.17585
0.168996
0.161467
0.153249
0.144323
0.134674
0.124282
0.113129
0.1012
0.0884783
0.0749521
0.060612
0.0454532
0.0294763
0.0126888
-0.00489352
-0.0232445
-0.0423256
-0.0620836
-0.0824472
-0.103324
-0.124597
-0.14612
-0.167714
-0.189162
-0.210207
-0.230547
-0.249834
-0.267675
-0.283634
-0.297242
-0.308004
-0.315421
-0.319011
-0.318332
-0.313019
-0.302809
-0.287574
-0.267342
-0.242311
-0.212849
-0.17948
-0.142858
-0.103721
-0.062845
-0.0210134
0.0159155
0.0448264
0.070892
0.0942114
0.114905
0.133112
0.148985
0.162683
0.17437
0.184211
0.192364
0.198982
0.204207
0.20817
0.210989
0.212768
0.213599
0.21356
0.212714
0.211115
0.208804
0.205811
0.202159
0.19786
0.192921
0.187342
0.181118
0.174239
0.166693
0.158463
0.149532
0.13988
0.129488
0.118335
0.106403
0.0936727
0.0801277
0.0657545
0.0505431
0.0344883
0.0175908
-0.000141291
-0.0186905
-0.0380281
-0.0581113
-0.0788805
-0.100255
-0.122132
-0.144376
-0.166821
-0.189259
-0.211442
-0.23307
-0.253793
-0.273205
-0.29085
-0.306226
-0.318792
-0.32799
-0.333264
-0.33409
-0.330013
-0.320678
-0.305872
-0.285553
-0.259867
-0.229156
-0.193948
-0.154924
-0.112873
-0.0686322
-0.0230514
0.0164024
0.0462034
0.0730692
0.0970952
0.118401
0.137128
0.153432
0.167478
0.179437
0.189482
0.197778
0.204488
0.20976
0.213735
0.216536
0.218275
0.21905
0.218944
0.218024
0.216349
0.213963
0.210898
0.20718
0.202823
0.197835
0.192217
0.185964
0.179067
0.171513
0.163285
0.154365
0.144733
0.134366
0.123243
0.111342
0.0986416
0.0851215
0.0707642
0.0555548
0.0394823
0.0225407
0.0047306
-0.0139393
-0.0334502
-0.0537703
-0.0748522
-0.0966293
-0.119011
-0.141879
-0.16508
-0.188422
-0.211666
-0.234521
-0.256638
-0.277607
-0.296957
-0.314155
-0.328619
-0.339731
-0.346862
-0.349397
-0.346781
-0.338557
-0.324409
-0.304206
-0.278026
-0.246171
-0.20916
-0.167697
-0.122619
-0.0748288
-0.025247
0.016881
0.0475599
0.0752143
0.0999342
0.121838
0.141066
0.15778
0.17215
0.184355
0.194575
0.202986
0.209757
0.215048
0.219005
0.221761
0.223434
0.224129
0.223933
0.22292
0.221151
0.218674
0.215526
0.211733
0.207312
0.202271
0.196613
0.190334
0.183425
0.175872
0.16766
0.158767
0.149174
0.138857
0.127792
0.115955
0.103322
0.0898703
0.0755772
0.0604237
0.0443933
0.0274737
0.00965809
-0.00905353
-0.0286521
-0.0491173
-0.0704144
-0.0924909
-0.115272
-0.138655
-0.162505
-0.186647
-0.210856
-0.234854
-0.258302
-0.28079
-0.301836
-0.320887
-0.337322
-0.350468
-0.359618
-0.364066
-0.363148
-0.356287
-0.34305
-0.323196
-0.296715
-0.263851
-0.225099
-0.181179
-0.132972
-0.0814507
-0.0276085
0.0173542
0.048903
0.0773377
0.10274
0.125226
0.144936
0.162036
0.176702
0.189123
0.199485
0.207976
0.214774
0.220049
0.223955
0.226634
0.228212
0.228799
0.228488
0.227359
0.225478
0.222894
0.219648
0.215769
0.211275
0.206178
0.200479
0.194175
0.187259
0.179716
0.17153
0.162681
0.153146
0.142902
0.131923
0.120182
0.107653
0.0943107
0.080129
0.0650842
0.0491549
0.0323228
0.0145739
-0.00410003
-0.0236997
-0.044216
-0.0656272
-0.0878953
-0.110962
-0.134743
-0.159122
-0.183943
-0.209004
-0.234042
-0.258732
-0.282673
-0.305382
-0.326289
-0.344744
-0.360021
-0.37134
-0.3779
-0.378917
-0.373687
-0.361637
-0.342397
-0.315843
-0.282139
-0.24174
-0.195368
-0.143945
-0.0885126
-0.030144
0.0178257
0.0502428
0.0794537
0.10553
0.128582
0.148754
0.166212
0.181143
0.193742
0.204209
0.21274
0.219525
0.224744
0.228561
0.231127
0.232575
0.233023
0.23257
0.231301
0.229284
0.226576
0.223217
0.21924
0.214666
0.209505
0.203762
0.197436
0.190516
0.182991
0.174843
0.166051
0.156594
0.146444
0.135576
0.123962
0.111573
0.0983807
0.0843559
0.0694712
0.0537004
0.0370199
0.0194088
0.00085112
-0.0186632
-0.0391359
-0.0605582
-0.0829069
-0.10614
-0.130194
-0.154972
-0.180341
-0.206121
-0.232074
-0.257895
-0.283196
-0.307503
-0.33024
-0.350733
-0.368213
-0.381831
-0.390688
-0.393881
-0.390559
-0.379996
-0.361664
-0.335302
-0.300965
-0.259047
-0.210254
-0.155546
-0.0960283
-0.0328616
0.0183005
0.0515924
0.0815811
0.108325
0.13193
0.152539
0.170325
0.185483
0.198219
0.208745
0.21727
0.223995
0.229112
0.232797
0.235209
0.23649
0.236765
0.236138
0.234701
0.232526
0.229673
0.226185
0.222098
0.217433
0.212203
0.206414
0.200064
0.193146
0.185645
0.177545
0.168825
0.159462
0.149428
0.138698
0.127239
0.115024
0.10202
0.0881954
0.0735201
0.0579634
0.0414964
0.0240924
0.00572799
-0.0136156
-0.0339508
-0.0552808
-0.0775973
-0.100876
-0.12507
-0.150108
-0.175881
-0.202235
-0.228959
-0.255773
-0.282315
-0.308124
-0.332631
-0.355148
-0.374872
-0.390892
-0.402217
-0.407817
-0.406688
-0.397929
-0.380831
-0.354963
-0.320242
-0.276971
-0.225822
-0.167777
-0.10401
-0.0357697
0.0187852
0.0529689
0.0837442
0.111154
0.135296
0.156317
0.174396
0.189738
0.202562
0.213095
0.221559
0.228171
0.233135
0.236638
0.23885
0.239921
0.239984
0.239151
0.237516
0.235158
0.232138
0.228504
0.224292
0.219527
0.214222
0.208384
0.202012
0.195097
0.187628
0.179586
0.170951
0.161699
0.151802
0.141232
0.129958
0.117948
0.105169
0.0915871
0.0771683
0.0618787
0.0456849
0.0285546
0.0104579
-0.00863201
-0.0287372
-0.0498728
-0.0720443
-0.0952439
-0.119446
-0.144599
-0.170623
-0.19739
-0.224723
-0.252374
-0.280009
-0.307193
-0.333373
-0.357863
-0.379836
-0.39833
-0.412267
-0.420493
-0.421841
-0.415219
-0.399709
-0.374677
-0.339866
-0.295451
-0.242047
-0.180641
-0.112471
-0.0388766
0.0192879
0.0543937
0.0859735
0.114051
0.138718
0.160122
0.178452
0.193927
0.206782
0.21726
0.225601
0.232039
0.236789
0.240055
0.242015
0.24283
0.24264
0.241563
0.239699
0.237131
0.233922
0.230125
0.225775
0.2209
0.215514
0.209624
0.203229
0.196323
0.188891
0.180918
0.172381
0.163255
0.153515
0.143128
0.132065
0.120291
0.107773
0.0944727
0.0803553
0.0653832
0.0495192
0.0327263
0.0149687
-0.00378761
-0.0235734
-0.0444147
-0.0663301
-0.0893277
-0.113401
-0.138522
-0.164636
-0.191648
-0.219413
-0.247721
-0.276275
-0.304677
-0.332398
-0.358769
-0.382954
-0.403954
-0.420617
-0.431666
-0.43577
-0.431628
-0.418087
-0.394274
-0.359713
-0.314413
-0.258895
-0.194134
-0.121419
-0.0421909
0.019819
0.0558937
0.0883071
0.11706
0.142238
0.163993
0.182527
0.198075
0.210893
0.221245
0.229391
0.235582
0.240052
0.243017
0.244668
0.245176
0.244687
0.243328
0.241202
0.238396
0.234976
0.230997
0.226496
0.221501
0.216028
0.210084
0.203668
0.196774
0.189387
0.181492
0.173066
0.164084
0.154518
0.144338
0.133511
0.122003
0.109777
0.0967969
0.0830231
0.068416
0.0529353
0.0365401
0.0191894
0.00084296
-0.0185377
-0.0389882
-0.0605392
-0.0832138
-0.107023
-0.131963
-0.158003
-0.185082
-0.21309
-0.241859
-0.271135
-0.300564
-0.329659
-0.357777
-0.384093
-0.407588
-0.427049
-0.44109
-0.448213
-0.446897
-0.43573
-0.413557
-0.379638
-0.333766
-0.276326
-0.208248
-0.130867
-0.0457216
0.0203916
0.0575027
0.0907921
0.120234
0.14591
0.167978
0.186658
0.202208
0.214909
0.225051
0.232918
0.238782
0.242896
0.24549
0.246769
0.246914
0.246079
0.244396
0.241973
0.2389
0.235248
0.231069
0.226404
0.221281
0.215716
0.209716
0.203281
0.196404
0.18907
0.181264
0.172962
0.164139
0.154767
0.144814
0.134248
0.123033
0.111133
0.0985071
0.0851166
0.0709194
0.0558724
0.0399314
0.0230514
0.00518698
-0.013707
-0.0336747
-0.0547572
-0.076991
-0.100404
-0.125013
-0.150815
-0.177778
-0.205831
-0.23485
-0.26463
-0.29487
-0.325132
-0.35482
-0.383137
-0.409066
-0.431351
-0.448513
-0.458894
-0.460748
-0.452376
-0.432306
-0.399476
-0.353404
-0.294286
-0.222972
-0.140823
-0.0494785
0.021022
0.0592621
0.0934861
0.123638
0.149796
0.172133
0.19089
0.206357
0.218847
0.228682
0.236172
0.241616
0.245287
0.247433
0.248271
0.247993
0.24676
0.24471
0.241956
0.238589
0.23468
0.230286
0.225446
0.220187
0.214527
0.208472
0.202021
0.195166
0.187895
0.180188
0.172024
0.163376
0.154217
0.144513
0.134232
0.123337
0.111791
0.0995537
0.0865841
0.0728387
0.0582724
0.0428387
0.0264893
0.00917465
-0.00915595
-0.0285534
-0.0490682
-0.0707482
-0.0936371
-0.11777
-0.143168
-0.169831
-0.197726
-0.226772
-0.256821
-0.287627
-0.318819
-0.349857
-0.379995
-0.40824
-0.43332
-0.453684
-0.467528
-0.472881
-0.46774
-0.45027
-0.419032
-0.3732
-0.312712
-0.238291
-0.151298
-0.0534726
0.0217307
0.0612236
0.0964594
0.12735
0.153972
0.17652
0.195271
0.210553
0.22272
0.232131
0.239133
0.244052
0.247184
0.248795
0.249118
0.248353
0.246669
0.244209
0.241088
0.237399
0.233214
0.22859
0.223565
0.218166
0.212409
0.206301
0.19984
0.193016
0.185817
0.178223
0.170211
0.161755
0.152826
0.143392
0.133419
0.12287
0.111707
0.0998905
0.087377
0.0741228
0.0600815
0.0452047
0.0294418
0.0127401
-0.00495516
-0.0237005
-0.0435536
-0.0645724
-0.0868134
-0.110329
-0.135162
-0.161342
-0.188872
-0.217718
-0.247784
-0.278892
-0.310742
-0.34287
-0.374598
-0.404981
-0.432765
-0.456354
-0.473821
-0.482978
-0.481506
-0.467169
-0.438086
-0.393005
-0.33153
-0.254187
-0.162305
-0.0577168
0.0225435
0.063451
0.099798
0.13146
0.158523
0.181213
0.199853
0.214825
0.226535
0.235389
0.241773
0.246047
0.248534
0.249517
0.249244
0.247926
0.245736
0.242822
0.2393
0.235264
0.230785
0.225919
0.220702
0.215161
0.20931
0.203154
0.196689
0.189907
0.182791
0.175324
0.16748
0.159234
0.150555
0.141412
0.13177
0.121593
0.110841
0.0994747
0.0874509
0.074725
0.06125
0.0469763
0.0318521
0.0158224
-0.00117035
-0.0191868
-0.0382902
-0.0585465
-0.0800226
-0.102785
-0.126898
-0.152415
-0.179375
-0.207787
-0.237613
-0.268741
-0.300951
-0.333867
-0.366901
-0.399186
-0.429514
-0.456281
-0.477473
-0.490701
-0.493328
-0.482686
-0.456381
-0.412647
-0.35065
-0.270638
-0.173856
-0.0622265
0.0234929
0.0660234
0.103606
0.13608
0.163549
0.186289
0.204689
0.219199
0.230291
0.238429
0.244048
0.247543
0.249266
0.249521
0.248569
0.246628
0.243879
0.240468
0.236514
0.232109
0.227322
0.222205
0.216795
0.211113
0.205173
0.198977
0.19252
0.185792
0.178775
0.17145
0.163793
0.155775
0.147367
0.138537
0.129249
0.119468
0.109154
0.0982675
0.0867655
0.0746032
0.0617334
0.0481064
0.0336695
0.0183669
0.0021392
-0.0150768
-0.0333484
-0.0527471
-0.0733482
-0.0952303
-0.118473
-0.143154
-0.169342
-0.197089
-0.226409
-0.257263
-0.289512
-0.322882
-0.35689
-0.390775
-0.423413
-0.453234
-0.478178
-0.495692
-0.502829
-0.496462
-0.473622
-0.431921
-0.369966
-0.28762
-0.185974
-0.0670216
0.0246198
0.069039
0.10801
0.141336
0.16916
0.191829
0.209824
0.223686
0.23397
0.241208
0.245892
0.248459
0.249289
0.248709
0.246991
0.24436
0.240998
0.237054
0.232641
0.22785
0.222745
0.217376
0.211774
0.205959
0.19994
0.193717
0.187283
0.180625
0.173725
0.166562
0.15911
0.151342
0.143226
0.134731
0.125822
0.116462
0.106613
0.0962355
0.0852863
0.0737213
0.0614938
0.0485545
0.0348507
0.0203266
0.0049222
-0.0114269
-0.0287902
-0.0472429
-0.0668662
-0.0877473
-0.109979
-0.133658
-0.15888
-0.185734
-0.214286
-0.244563
-0.276515
-0.309972
-0.344576
-0.379698
-0.414332
-0.446996
-0.475633
-0.497574
-0.509593
-0.508092
-0.489463
-0.450583
-0.389353
-0.305105
-0.198684
-0.0721275
0.0259768
0.0726202
0.113162
0.147379
0.175477
0.197915
0.215296
0.22828
0.237526
0.243651
0.247208
0.248682
0.248485
0.246959
0.244389
0.241002
0.236981
0.23247
0.227579
0.222392
0.216968
0.211351
0.205568
0.199633
0.193551
0.187319
0.180927
0.174361
0.167599
0.16062
0.153397
0.145901
0.138102
0.129967
0.121461
0.112549
0.103192
0.0933518
0.0829858
0.072051
0.0605015
0.0482887
0.0353613
0.0216639
0.00713723
-0.00828311
-0.0246672
-0.042092
-0.060642
-0.0804104
-0.1015
-0.12402
-0.148091
-0.173833
-0.201358
-0.230755
-0.262063
-0.295219
-0.330002
-0.365935
-0.402173
-0.437368
-0.469536
-0.495956
-0.513168
-0.517116
-0.503501
-0.468341
-0.408656
-0.323064
-0.212024
-0.0775785
0.0276314
0.0769199
0.119246
0.154377
0.182628
0.204617
0.221116
0.23294
0.240876
0.24564
0.247859
0.248063
0.246695
0.244114
0.240609
0.236409
0.231691
0.226591
0.221212
0.21563
0.209896
0.204045
0.198099
0.192065
0.185944
0.179729
0.173405
0.166956
0.16036
0.153591
0.146623
0.139427
0.131971
0.124222
0.116147
0.10771
0.0988731
0.0895989
0.0798466
0.0695741
0.0587371
0.0472885
0.0351784
0.0223532
0.00875503
-0.00567912
-0.0210185
-0.0373399
-0.054729
-0.0732818
-0.0931066
-0.114325
-0.137071
-0.161492
-0.187741
-0.215963
-0.246276
-0.278728
-0.313237
-0.349502
-0.38687
-0.424183
-0.459599
-0.49043
-0.513058
-0.523007
-0.515254
-0.484836
-0.427684
-0.34146
-0.226049
-0.0834211
0.0296716
0.0821303
0.126484
0.162521
0.190737
0.211981
0.227254
0.237571
0.243877
0.247001
0.247648
0.246398
0.243718
0.239978
0.235467
0.230408
0.224968
0.219272
0.213411
0.207449
0.201426
0.195368
0.189288
0.183188
0.177061
0.170895
0.164673
0.158375
0.151976
0.14545
0.138769
0.131902
0.124818
0.117485
0.10987
0.101937
0.0936498
0.0849718
0.0758641
0.0662862
0.0561955
0.0455472
0.0342936
0.0223834
0.0097613
-0.00363349
-0.017868
-0.0330171
-0.0491654
-0.0664093
-0.0848594
-0.104643
-0.125906
-0.148814
-0.173551
-0.200311
-0.229285
-0.260623
-0.294386
-0.330455
-0.3684
-0.407306
-0.445552
-0.480584
-0.508728
-0.525164
-0.524147
-0.49962
-0.446188
-0.360247
-0.240832
-0.08972
0.0322135
0.0884944
0.135135
0.172013
0.199908
0.220004
0.233613
0.242002
0.246304
0.247477
0.246307
0.243416
0.239291
0.234304
0.228736
0.222794
0.21663
0.210352
0.204034
0.197724
0.191451
0.185229
0.179059
0.172936
0.166848
0.160775
0.154698
0.148592
0.14243
0.136184
0.129825
0.123323
0.116646
0.109762
0.102638
0.0952404
0.0875341
0.0794836
0.0710519
0.0622006
0.0528896
0.0430767
0.0327169
0.0217621
0.0101599
-0.00214677
-0.0152217
-0.0291365
-0.0439727
-0.0598244
-0.0768014
-0.0950325
-0.114669
-0.135889
-0.158899
-0.183931
-0.211234
-0.241053
-0.273584
-0.308892
-0.346792
-0.386656
-0.427164
-0.466008
-0.499601
-0.522896
-0.529483
-0.512125
-0.46384
-0.379361
-0.256476
-0.096567
0.0354135
0.0963204
0.145507
0.183055
0.210198
0.2286
0.239987
0.245942
0.247816
0.246706
0.243471
0.238768
0.23309
0.226797
0.220149
0.213333
0.206473
0.199656
0.192932
0.186333
0.17987
0.173544
0.167346
0.16126
0.155268
0.149344
0.143464
0.137599
0.131722
0.125802
0.119808
0.113711
0.107479
0.10108
0.0944828
0.0876542
0.0805613
0.0731704
0.0654466
0.0573542
0.0488556
0.0399117
0.0304809
0.0205187
0.00997664
-0.00119829
-0.0130653
-0.0256913
-0.0391533
-0.053541
-0.0689601
-0.0855371
-0.103424
-0.122803
-0.143893
-0.166952
-0.192277
-0.220189
-0.251003
-0.284965
-0.322137
-0.362214
-0.404254
-0.446319
-0.485071
-0.515422
-0.530416
-0.521613
-0.480182
-0.398694
-0.273121
-0.104095
0.0394872
0.106002
0.157945
0.195818
0.221565
0.237539
0.246006
0.248934
0.247916
0.244184
0.238658
0.232008
0.224713
0.217103
0.209404
0.201766
0.194282
0.187005
0.179962
0.173161
0.166596
0.160251
0.154106
0.148135
0.142311
0.136605
0.130986
0.125423
0.119886
0.114344
0.108764
0.103118
0.0973731
0.0914995
0.0854664
0.0792428
0.0727975
0.0660992
0.0591154
0.0518132
0.0441584
0.0361151
0.0276455
0.0187092
0.0092624
-0.000743117
-0.0113612
-0.0226532
-0.0346898
-0.0475543
-0.0613461
-0.0761856
-0.0922197
-0.109629
-0.128636
-0.149513
-0.172584
-0.198228
-0.226859
-0.258883
-0.294604
-0.334055
-0.37673
-0.421185
-0.464526
-0.501862
-0.525916
-0.527118
-0.494562
-0.418061
-0.290947
-0.112498
0.0447406
0.118043
0.172818
0.210378
0.233786
0.246355
0.25105
0.250284
0.245899
0.239239
0.231254
0.222593
0.213691
0.204827
0.196174
0.187831
0.179847
0.172241
0.165007
0.158128
0.151579
0.145326
0.139338
0.133579
0.128014
0.122607
0.117326
0.112135
0.107002
0.101896
0.0967854
0.0916393
0.0864282
0.0811225
0.0756933
0.0701115
0.0643485
0.0583753
0.0521624
0.0456801
0.0388976
0.0317828
0.0243021
0.0164197
0.00809672
-0.000709661
-0.0100473
-0.0199708
-0.0305437
-0.0418414
-0.0539545
-0.0669943
-0.0810986
-0.0964396
-0.113234
-0.131754
-0.152337
-0.175396
-0.201416
-0.23093
-0.264458
-0.302368
-0.344622
-0.390378
-0.437387
-0.48126
-0.514742
-0.527361
-0.506024
-0.437117
-0.31018
-0.122076
0.0516252
0.133082
0.190464
0.22661
0.246315
0.25422
0.254147
0.24899
0.240808
0.231007
0.220508
0.209891
0.19951
0.189561
0.180142
0.171291
0.163005
0.155257
0.14801
0.141219
0.134837
0.128817
0.123113
0.117682
0.11248
0.107469
0.10261
0.0978695
0.0932125
0.0886071
0.0840227
0.0794299
0.0748001
0.0701057
0.0653199
0.0604161
0.0553682
0.0501501
0.0447359
0.039099
0.0332125
0.0270485
0.0205777
0.0137692
0.00658935
-0.000998695
-0.00903635
-0.017571
-0.0266581
-0.0363637
-0.0467681
-0.057971
-0.0700969
-0.0833045
-0.0977965
-0.113833
-0.131747
-0.15196
-0.174995
-0.201474
-0.232086
-0.267496
-0.308138
-0.353836
-0.403181
-0.452633
-0.49543
-0.520658
-0.513147
-0.455221
-0.331061
-0.133288
0.060835
0.151913
0.211064
0.243966
0.258059
0.259746
0.253832
0.243654
0.231401
0.218436
0.205564
0.193233
0.181663
0.170939
0.161065
0.152002
0.143688
0.136053
0.129022
0.122526
0.116498
0.110877
0.105605
0.100633
0.0959117
0.0914001
0.0870584
0.0828503
0.0787423
0.0747032
0.0707036
0.0667158
0.0627134
0.0586711
0.0545648
0.0503708
0.0460659
0.0416277
0.0370333
0.0322602
0.0272854
0.0220853
0.0166354
0.0109095
0.00487971
-0.00148484
-0.00821877
-0.0153618
-0.0229608
-0.0310716
-0.0397631
-0.0491211
-0.0592544
-0.070303
-0.0824487
-0.0959293
-0.111056
-0.128235
-0.147991
-0.170986
-0.198017
-0.22998
-0.267728
-0.311764
-0.36166
-0.41507
-0.466328
-0.504819
-0.51381
-0.471165
-0.353764
-0.146867
0.0734749
0.175434
0.234343
0.261089
0.267028
0.260742
0.24801
0.232448
0.216179
0.200359
0.185562
0.172018
0.159767
0.148753
0.138871
0.13
0.122018
0.114811
0.108274
0.102316
0.0968525
0.0918131
0.0871343
0.0827604
0.0786423
0.0747363
0.0710035
0.0674087
0.0639198
0.0605078
0.0571457
0.0538083
0.0504722
0.0471152
0.0437162
0.0402549
0.0367117
0.0330675
0.0293036
0.0254011
0.0213413
0.017105
0.0126723
0.00802228
0.00313242
-0.00202199
-0.00746873
-0.0132398
-0.019373
-0.025914
-0.032919
-0.0404591
-0.0486251
-0.057535
-0.0673442
-0.078259
-0.0905546
-0.1046
-0.120886
-0.14006
-0.162956
-0.190602
-0.224167
-0.26476
-0.312971
-0.367934
-0.425737
-0.477112
-0.504891
-0.482724
-0.378127
-0.163951
0.0913199
0.204415
0.258948
0.275164
0.269864
0.253969
0.233914
0.213201
0.193557
0.175708
0.159853
0.145927
0.133755
0.123122
0.113814
0.105634
0.0984098
0.0919925
0.0862559
0.081093
0.0764138
0.0721419
0.0682126
0.0645703
0.0611674
0.0579624
0.054919
0.0520051
0.0491921
0.0464542
0.0437682
0.0411124
0.0384671
0.0358137
0.0331348
0.030414
0.0276353
0.0247836
0.021844
0.0188017
0.0156422
0.0123506
0.0089118
0.0053097
0.00152721
-0.00245445
-0.00665642
-0.0111031
-0.0158236
-0.0208529
-0.026235
-0.0320252
-0.0382955
-0.04514
-0.0526837
-0.0610952
-0.0706026
-0.0815179
-0.094268
-0.109436
-0.127812
-0.150439
-0.178645
-0.213974
-0.25792
-0.311202
-0.372243
-0.434416
-0.482007
-0.485944
-0.403029
-0.186192
0.117233
0.23872
0.281155
0.280905
0.261343
0.23509
0.208352
0.183802
0.162319
0.143949
0.128399
0.115271
0.104169
0.0947369
0.0866753
0.0797354
0.0737149
0.0684498
0.0638074
0.0596798
0.055979
0.0526327
0.0495812
0.0467745
0.0441703
0.041733
0.0394315
0.0372392
0.0351324
0.0330902
0.031094
0.0291266
0.0271726
0.0252178
0.0232487
0.0212529
0.0192186
0.0171343
0.0149893
0.0127727
0.0104741
0.0080828
0.00558798
0.0029783
0.000241667
-0.00263516
-0.00566716
-0.00887166
-0.0122693
-0.0158854
-0.0197516
-0.0239084
-0.0284083
-0.0333211
-0.0387403
-0.0447928
-0.0516532
-0.0595636
-0.0688629
-0.0800276
-0.0937286
-0.110906
-0.132851
-0.161278
-0.198276
-0.245961
-0.305348
-0.373707
-0.439409
-0.47416
-0.425182
-0.215877
0.156131
0.275088
0.291983
0.268806
0.233906
0.199026
0.168431
0.14302
0.122383
0.105741
0.0923072
0.0814019
0.0724756
0.0650982
0.0589378
0.0537391
0.0493054
0.045485
0.0421592
0.0392352
0.0366392
0.034312
0.032206
0.0302819
0.0285072
0.0268549
0.0253019
0.0238285
0.0224176
0.0210542
0.0197249
0.0184179
0.0171223
0.0158284
0.0145271
0.0132099
0.0118689
0.0104966
0.00908578
0.00762957
0.0061211
0.00455357
0.00292007
0.00121342
-0.000574044
-0.00245068
-0.00442599
-0.00651103
-0.00871903
-0.0110663
-0.0135734
-0.0162668
-0.0191813
-0.022363
-0.0258747
-0.0298018
-0.0342633
-0.0394262
-0.0455281
-0.0529108
-0.0620715
-0.0737376
-0.0889766
-0.109342
-0.137031
-0.174952
-0.226329
-0.292941
-0.370146
-0.436582
-0.436772
-0.256244
0.213989
0.300598
0.272375
0.223957
0.178792
0.141949
0.113582
0.0922023
0.0761062
0.0638881
0.0544972
0.0471735
0.0413733
0.0367083
0.0329
0.0297462
0.027099
0.0248483
0.0229113
0.0212249
0.0197401
0.0184186
0.01723
0.0161497
0.0151578
0.0142377
0.0133757
0.0125599
0.0117802
0.0110281
0.0102957
0.00957622
0.00886357
0.0081522
0.00743702
0.00671336
0.00597687
0.00522345
0.00444922
0.00365044
0.0028235
0.00196479
0.00107068
0.000137386
-0.000839061
-0.00186308
-0.00293967
-0.00407466
-0.00527514
-0.00654989
-0.00791006
-0.00937014
-0.0109492
-0.012673
-0.0145762
-0.016707
-0.0191322
-0.0219471
-0.0252884
-0.0293563
-0.034449
-0.0410183
-0.0497611
-0.0617699
-0.0787734
-0.103491
-0.140014
-0.193639
-0.268269
-0.357424
-0.419018
-0.305816
0.266009
0.275955
0.198596
0.138936
0.0984644
0.0710661
0.0526642
0.0402607
0.0317401
0.0257331
0.021381
0.0181425
0.015671
0.0137403
0.0122
0.0109475
0.00991146
0.00904091
0.00829879
0.00765759
0.00709653
0.00659962
0.00615437
0.00575084
0.00538105
0.00503846
0.00471762
0.00441398
0.00412364
0.00384324
0.00356985
0.00330089
0.00303403
0.00276721
0.00249853
0.00222627
0.00194881
0.00166468
0.00137247
0.00107084
0.000758488
0.000434138
9.64989e-05
-0.000255682
-0.000623881
-0.00100968
-0.00141486
-0.00184154
-0.00229232
-0.0027705
-0.00328026
-0.00382712
-0.00441843
-0.00506406
-0.00577752
-0.00657751
-0.00749022
-0.00855303
-0.00982011
-0.0113716
-0.0133289
-0.0158808
-0.0193307
-0.0241842
-0.0313194
-0.0423284
-0.0601787
-0.0903349
-0.141897
-0.2255
-0.331008
-0.319485
0.142935
0.125432
0.0767435
0.0457847
0.0280219
0.0176529
0.0115782
0.00799233
0.00581832
0.00444647
0.00354126
0.00291663
0.00246705
0.00213105
0.00187163
0.0016657
0.00149832
0.00135945
0.00124214
0.0011414
0.00105358
0.000975954
0.000906412
0.000843307
0.00078533
0.000731416
0.000680688
0.000632412
0.000585965
0.000540811
0.000496485
0.000452574
0.000408715
0.000364582
0.000319879
0.000274338
0.000227713
0.000179777
0.000130319
7.91379e-05
2.60411e-05
-2.91664e-05
-8.6687e-05
-0.000146628
-0.000209279
-0.000274883
-0.000343712
-0.000416106
-0.0004925
-0.000573451
-0.000659692
-0.000752197
-0.00085228
-0.000961725
-0.00108298
-0.00121946
-0.00137595
-0.0015593
-0.0017795
-0.00205143
-0.00239795
-0.00285548
-0.0034847
-0.00439274
-0.00578224
-0.00806641
-0.0121427
-0.0200323
-0.0362275
-0.069559
-0.12766
-0.152141
)
;

boundaryField
{
    movingWall
    {
        type            calculated;
        value           uniform 0;
    }
    fixedWalls
    {
        type            calculated;
        value           uniform 0;
    }
    frontAndBack
    {
        type            empty;
    }
}


// ************************************************************************* //
