/*--------------------------------*- C++ -*----------------------------------*\
  =========                 |
  \\      /  F ield         | OpenFOAM: The Open Source CFD Toolbox
   \\    /   O peration     | Website:  https://openfoam.org
    \\  /    A nd           | Version:  dev
     \\/     M anipulation  |
\*---------------------------------------------------------------------------*/
FoamFile
{
    format      ascii;
    class       volScalarField;
    location    "46.8";
    object      Ux;
}
// * * * * * * * * * * * * * * * * * * * * * * * * * * * * * * * * * * * * * //

dimensions      [0 1 -1 0 0 0 0];

internalField   nonuniform List<scalar> 
5184
(
1.2427e-05
4.53343e-05
8.04454e-05
9.6085e-05
8.22519e-05
3.65486e-05
-4.04843e-05
-0.000146829
-0.000279692
-0.000436016
-0.000612678
-0.000806644
-0.00101505
-0.00123522
-0.00146469
-0.00170122
-0.00194273
-0.0021873
-0.00243314
-0.00267857
-0.00292199
-0.00316183
-0.00339657
-0.00362467
-0.00384462
-0.00405487
-0.00425386
-0.00444002
-0.00461176
-0.00476752
-0.00490573
-0.00502487
-0.00512346
-0.00520015
-0.00525365
-0.00528287
-0.00528685
-0.00526487
-0.00521643
-0.00514129
-0.00503952
-0.0049115
-0.00475793
-0.00457987
-0.00437871
-0.00415623
-0.00391451
-0.00365597
-0.00338336
-0.00309967
-0.00280814
-0.00251221
-0.00221544
-0.00192149
-0.00163403
-0.00135671
-0.00109306
-0.000846465
-0.000620062
-0.000416705
-0.000238892
-8.87005e-05
3.22798e-05
0.000123034
0.00018323
0.000213373
0.000215053
0.000191325
0.000147223
9.08415e-05
3.66493e-05
6.23193e-06
2.0915e-05
6.57739e-05
9.48838e-05
7.298e-05
-1.87746e-05
-0.000187202
-0.00043289
-0.000752622
-0.00114085
-0.0015908
-0.00209512
-0.00264634
-0.00323717
-0.00386062
-0.00451006
-0.00517931
-0.00586255
-0.00655435
-0.00724956
-0.0079433
-0.00863088
-0.00930772
-0.00996936
-0.0106114
-0.0112294
-0.0118189
-0.0123756
-0.012895
-0.0133727
-0.0138045
-0.014186
-0.0145131
-0.014782
-0.014989
-0.0151309
-0.0152048
-0.0152083
-0.0151397
-0.0149978
-0.0147823
-0.0144935
-0.0141328
-0.0137021
-0.0132046
-0.0126441
-0.0120256
-0.0113549
-0.0106384
-0.00988373
-0.00909886
-0.00829252
-0.00747389
-0.00665252
-0.00583814
-0.00504054
-0.0042694
-0.0035341
-0.00284355
-0.00220606
-0.00162908
-0.0011191
-0.000681423
-0.00031996
-3.69934e-05
0.000167112
0.00029428
0.000349264
0.000340342
0.000280014
0.000186145
8.64157e-05
1.96936e-05
1.76732e-05
4.14319e-05
1.97378e-05
-8.38621e-05
-0.000290156
-0.000607894
-0.00103834
-0.00157767
-0.00221874
-0.00295233
-0.00376818
-0.00465557
-0.00560378
-0.00660233
-0.00764117
-0.00871074
-0.00980194
-0.0109062
-0.0120152
-0.0131213
-0.0142167
-0.0152941
-0.0163463
-0.0173662
-0.0183466
-0.0192805
-0.0201609
-0.0209808
-0.0217334
-0.0224118
-0.0230095
-0.0235202
-0.0239379
-0.0242573
-0.0244733
-0.0245819
-0.0245794
-0.0244636
-0.0242328
-0.0238867
-0.0234262
-0.0228534
-0.0221718
-0.0213862
-0.0205029
-0.0195295
-0.0184749
-0.0173494
-0.0161643
-0.0149321
-0.0136662
-0.0123805
-0.0110896
-0.00980829
-0.00855156
-0.00733408
-0.00617009
-0.00507314
-0.00405576
-0.00312925
-0.00230332
-0.00158588
-0.000982668
-0.000496912
-0.000128918
0.000124387
0.000270104
0.000320088
0.000291481
0.000207524
0.000102508
2.49911e-05
8.8605e-06
-6.94977e-06
-0.000107502
-0.000322311
-0.000669627
-0.00115786
-0.00178776
-0.00255455
-0.00344969
-0.00446215
-0.00557944
-0.00678835
-0.00807547
-0.00942753
-0.0108316
-0.0122753
-0.0137467
-0.0152344
-0.0167275
-0.0182153
-0.0196877
-0.0211346
-0.0225464
-0.0239134
-0.025226
-0.0264748
-0.0276504
-0.0287435
-0.029745
-0.030646
-0.031438
-0.0321127
-0.0326626
-0.0330805
-0.0333604
-0.0334968
-0.0334856
-0.0333237
-0.0330095
-0.0325428
-0.031925
-0.031159
-0.0302495
-0.0292032
-0.0280282
-0.0267346
-0.0253342
-0.0238401
-0.0222673
-0.0206319
-0.0189511
-0.017243
-0.0155265
-0.0138207
-0.0121448
-0.0105178
-0.00895808
-0.00748301
-0.00610877
-0.00484986
-0.00371876
-0.0027256
-0.00187769
-0.00117918
-0.000630522
-0.000228012
3.68371e-05
0.000177932
0.000215005
0.000174234
9.30882e-05
2.40409e-05
-2.11377e-06
-6.72665e-05
-0.000264101
-0.00060983
-0.00111696
-0.0017917
-0.00263306
-0.00363466
-0.00478638
-0.0060755
-0.00748765
-0.00900758
-0.0106197
-0.0123084
-0.0140585
-0.015855
-0.0176837
-0.0195306
-0.0213825
-0.0232263
-0.0250494
-0.0268395
-0.0285846
-0.0302726
-0.0318919
-0.0334308
-0.0348777
-0.0362214
-0.0374507
-0.0385549
-0.0395238
-0.0403473
-0.0410165
-0.0415231
-0.0418597
-0.0420202
-0.0419997
-0.0417948
-0.0414039
-0.0408267
-0.0400654
-0.0391236
-0.0380072
-0.0367242
-0.0352846
-0.0337006
-0.0319863
-0.0301576
-0.0282323
-0.0262296
-0.0241702
-0.0220757
-0.0199685
-0.0178714
-0.0158075
-0.0137992
-0.0118685
-0.0100362
-0.00832152
-0.00674189
-0.00531221
-0.00404462
-0.00294797
-0.00202741
-0.00128388
-0.000713619
-0.000307614
-5.10854e-05
7.68565e-05
0.000103725
6.7564e-05
1.96779e-05
-1.36916e-05
-0.000132844
-0.000435897
-0.000924837
-0.0016043
-0.00247685
-0.00353865
-0.00478099
-0.00619179
-0.0077565
-0.009459
-0.0112822
-0.0132086
-0.0152208
-0.0173013
-0.0194333
-0.0216003
-0.0237863
-0.0259759
-0.028154
-0.0303057
-0.0324168
-0.034473
-0.0364603
-0.038365
-0.0401735
-0.0418723
-0.0434483
-0.0448886
-0.0461808
-0.0473131
-0.0482743
-0.0490539
-0.0496426
-0.050032
-0.0502154
-0.0501874
-0.0499443
-0.0494842
-0.0488073
-0.047916
-0.0468147
-0.0455104
-0.0440122
-0.0423318
-0.0404829
-0.0384818
-0.0363467
-0.0340978
-0.0317572
-0.0293482
-0.0268955
-0.0244248
-0.0219621
-0.0195334
-0.0171647
-0.0148809
-0.0127059
-0.0106618
-0.00876857
-0.00704337
-0.00550034
-0.00414996
-0.00299859
-0.00204799
-0.0012949
-0.00073053
-0.00034014
-0.000102756
9.26766e-06
3.25486e-05
1.36322e-05
-2.5189e-05
-0.000200055
-0.000614232
-0.00125325
-0.00211263
-0.00319024
-0.0044785
-0.0059657
-0.00763732
-0.00947681
-0.0114662
-0.0135866
-0.0158189
-0.0181437
-0.0205421
-0.0229953
-0.025485
-0.0279934
-0.0305032
-0.0329974
-0.0354594
-0.0378729
-0.0402218
-0.0424905
-0.0446632
-0.0467247
-0.0486598
-0.0504537
-0.0520921
-0.053561
-0.0548472
-0.0559383
-0.0568228
-0.0574902
-0.0579316
-0.0581393
-0.0581076
-0.0578325
-0.0573121
-0.0565467
-0.0555389
-0.0542938
-0.0528192
-0.0511253
-0.0492248
-0.0471332
-0.0448683
-0.0424503
-0.0399016
-0.0372465
-0.0345109
-0.0317221
-0.0289086
-0.0260991
-0.0233227
-0.0206081
-0.0179833
-0.0154748
-0.0131075
-0.0109037
-0.008883
-0.00706154
-0.00545153
-0.00406083
-0.00289243
-0.00194403
-0.00120769
-0.00066946
-0.000309104
-9.97768e-05
-7.67339e-06
6.87017e-06
-3.63488e-05
-0.000267015
-0.000793981
-0.00158611
-0.00262925
-0.00391584
-0.00543391
-0.00716815
-0.00910125
-0.0112143
-0.0134874
-0.0158999
-0.0184309
-0.0210596
-0.0237654
-0.0265279
-0.0293273
-0.0321441
-0.0349595
-0.0377547
-0.0405116
-0.0432123
-0.045839
-0.0483744
-0.0508012
-0.0531027
-0.055262
-0.0572631
-0.0590901
-0.0607278
-0.0621618
-0.0633785
-0.0643654
-0.0651113
-0.0656062
-0.0658421
-0.0658126
-0.0655135
-0.0649427
-0.0641006
-0.06299
-0.0616164
-0.0599882
-0.0581163
-0.0560145
-0.0536995
-0.0511906
-0.0485094
-0.0456803
-0.0427295
-0.0396852
-0.0365771
-0.0334359
-0.0302931
-0.0271804
-0.0241293
-0.0211705
-0.0183332
-0.0156448
-0.0131303
-0.0108115
-0.00870673
-0.00683028
-0.00519174
-0.0037957
-0.00264132
-0.00172201
-0.0010252
-0.000532041
-0.000217164
-5.04325e-05
-7.6984e-08
-4.70743e-05
-0.000332741
-0.000972145
-0.00191782
-0.00314575
-0.00464258
-0.00639148
-0.00837316
-0.0105671
-0.0129519
-0.0155054
-0.0182052
-0.0210287
-0.0239536
-0.0269577
-0.0300195
-0.0331176
-0.0362312
-0.0393399
-0.0424237
-0.0454629
-0.0484383
-0.0513306
-0.0541211
-0.0567912
-0.0593226
-0.0616974
-0.0638979
-0.0659073
-0.0677092
-0.0692879
-0.0706289
-0.0717187
-0.0725452
-0.0730978
-0.0733679
-0.0733485
-0.0730349
-0.072425
-0.0715189
-0.0703195
-0.0688326
-0.0670667
-0.0650336
-0.0627477
-0.0602266
-0.0574906
-0.0545631
-0.0514695
-0.0482381
-0.0448989
-0.0414837
-0.0380255
-0.0345583
-0.0311164
-0.0277337
-0.0244437
-0.0212782
-0.0182675
-0.015439
-0.0128171
-0.0104226
-0.00827182
-0.00637664
-0.00474358
-0.00337367
-0.00226212
-0.00139822
-0.00076499
-0.000338986
-9.41681e-05
-6.93865e-06
-5.7354e-05
-0.00039675
-0.00114699
-0.00224484
-0.00365656
-0.0053628
-0.00734163
-0.00956947
-0.0120224
-0.0146761
-0.0175063
-0.0204886
-0.0235987
-0.0268128
-0.0301075
-0.0334598
-0.0368472
-0.0402476
-0.0436394
-0.0470013
-0.0503126
-0.0535525
-0.0567008
-0.0597375
-0.0626426
-0.0653968
-0.0679808
-0.0703761
-0.0725645
-0.0745285
-0.0762516
-0.0777182
-0.078914
-0.079826
-0.0804428
-0.0807551
-0.0807555
-0.0804387
-0.079802
-0.0788455
-0.0775719
-0.0759869
-0.0740993
-0.071921
-0.069467
-0.0667556
-0.0638079
-0.0606482
-0.0573036
-0.0538036
-0.05018
-0.0464666
-0.0426985
-0.0389121
-0.035144
-0.0314309
-0.027809
-0.0243129
-0.0209755
-0.0178271
-0.0148949
-0.0122024
-0.00976837
-0.00760719
-0.00572771
-0.00413323
-0.00282117
-0.00178305
-0.00100408
-0.000463027
-0.000138062
-1.35988e-05
-6.72056e-05
-0.000458815
-0.0013175
-0.00256496
-0.00415795
-0.00607116
-0.00827743
-0.0107487
-0.0134575
-0.0163765
-0.0194791
-0.0227387
-0.0261296
-0.0296265
-0.0332045
-0.0368395
-0.0405079
-0.0441865
-0.0478527
-0.0514842
-0.0550589
-0.0585554
-0.0619522
-0.0652281
-0.0683624
-0.0713345
-0.0741242
-0.0767119
-0.0790783
-0.0812051
-0.0830748
-0.0846708
-0.0859779
-0.0869823
-0.087672
-0.0880366
-0.0880681
-0.0877607
-0.0871112
-0.0861189
-0.0847865
-0.0831192
-0.0811257
-0.0788181
-0.0762114
-0.0733244
-0.0701789
-0.0667999
-0.0632156
-0.0594567
-0.0555568
-0.0515513
-0.0474775
-0.0433739
-0.0392798
-0.0352345
-0.0312769
-0.0274446
-0.0237736
-0.0202972
-0.0170455
-0.014045
-0.0113175
-0.00888012
-0.00674443
-0.00491635
-0.00339585
-0.002177
-0.00124745
-0.000588275
-0.000181787
-2.00309e-05
-7.66533e-05
-0.000518833
-0.00148308
-0.00287672
-0.00464737
-0.00676384
-0.00919373
-0.0119045
-0.0148649
-0.0180447
-0.0214146
-0.0249462
-0.0286119
-0.032385
-0.0362395
-0.04015
-0.044092
-0.0480413
-0.0519743
-0.0558679
-0.0596993
-0.0634458
-0.0670853
-0.0705956
-0.0739551
-0.0771423
-0.080136
-0.0829158
-0.0854616
-0.0877539
-0.0897744
-0.0915057
-0.0929317
-0.0940377
-0.0948106
-0.0952394
-0.0953153
-0.0950315
-0.0943841
-0.093372
-0.0919968
-0.0902636
-0.0881807
-0.0857596
-0.0830156
-0.0799674
-0.0766372
-0.0730506
-0.0692366
-0.0652272
-0.0610571
-0.0567637
-0.0523861
-0.0479651
-0.0435426
-0.0391607
-0.0348612
-0.0306849
-0.026671
-0.0228561
-0.0192738
-0.0159537
-0.0129212
-0.0101963
-0.00779383
-0.00572265
-0.0039856
-0.00257954
-0.00149473
-0.00071457
-0.000225344
-2.62615e-05
-8.57185e-05
-0.000576753
-0.00164335
-0.00317915
-0.005123
-0.00743802
-0.0100866
-0.0130318
-0.0162386
-0.0196737
-0.0233052
-0.0271027
-0.031037
-0.0350798
-0.0392039
-0.0433831
-0.0475917
-0.0518049
-0.0559982
-0.0601477
-0.0642298
-0.0682212
-0.0720989
-0.0758402
-0.0794225
-0.0828236
-0.0860216
-0.0889951
-0.0917232
-0.0941857
-0.0963632
-0.0982376
-0.0997918
-0.10101
-0.101879
-0.102385
-0.10252
-0.102276
-0.101647
-0.100632
-0.0992312
-0.0974494
-0.0952939
-0.0927758
-0.08991
-0.0867151
-0.0832131
-0.0794303
-0.075396
-0.0711433
-0.0667081
-0.0621294
-0.0574484
-0.0527081
-0.047953
-0.0432281
-0.0385784
-0.0340482
-0.02968
-0.0255144
-0.0215884
-0.0179356
-0.0145848
-0.0115599
-0.00887897
-0.00655434
-0.00459198
-0.00299174
-0.00174663
-0.000842361
-0.000268954
-3.2349e-05
-9.44163e-05
-0.000632537
-0.00179804
-0.0034715
-0.00558344
-0.00809145
-0.010953
-0.0141266
-0.0175735
-0.0212575
-0.0251443
-0.0292011
-0.0333972
-0.0377029
-0.0420899
-0.0465309
-0.0509995
-0.0554701
-0.0599176
-0.0643173
-0.0686452
-0.0728774
-0.0769901
-0.08096
-0.084764
-0.0883792
-0.0917829
-0.0949531
-0.0978681
-0.100507
-0.102849
-0.104876
-0.106569
-0.107912
-0.10889
-0.109489
-0.1097
-0.109512
-0.108919
-0.107919
-0.106512
-0.1047
-0.10249
-0.099892
-0.0969206
-0.0935937
-0.0899333
-0.0859656
-0.0817203
-0.0772312
-0.0725355
-0.0676735
-0.0626885
-0.0576258
-0.0525325
-0.0474568
-0.0424471
-0.0375513
-0.0328158
-0.0282852
-0.0240008
-0.0200003
-0.0163165
-0.0129775
-0.0100052
-0.00741562
-0.00521814
-0.00341589
-0.00200468
-0.000972523
-0.000312988
-3.83714e-05
-0.000102754
-0.00068614
-0.00194688
-0.00375314
-0.00602747
-0.00872223
-0.01179
-0.0151851
-0.0188653
-0.0227911
-0.0269257
-0.0312347
-0.0356853
-0.0402468
-0.0448895
-0.0495855
-0.0543075
-0.0590293
-0.0637251
-0.06837
-0.0729393
-0.0774086
-0.0817537
-0.0859509
-0.0899763
-0.0938067
-0.0974187
-0.10079
-0.103897
-0.106719
-0.109236
-0.111425
-0.11327
-0.114751
-0.115853
-0.116562
-0.116865
-0.116752
-0.116215
-0.11525
-0.113856
-0.112033
-0.109787
-0.107128
-0.104068
-0.100625
-0.0968202
-0.0926795
-0.088233
-0.0835148
-0.0785631
-0.0734197
-0.0681297
-0.0627409
-0.0573031
-0.0518678
-0.046487
-0.0412125
-0.0360952
-0.031184
-0.0265248
-0.0221598
-0.0181268
-0.014458
-0.0111798
-0.00831219
-0.00586846
-0.00385513
-0.00227097
-0.00110624
-0.000357917
-4.44188e-05
-0.000110733
-0.000737502
-0.00208962
-0.00402346
-0.00645401
-0.00932864
-0.0125953
-0.0162043
-0.0201097
-0.0242694
-0.028644
-0.0331971
-0.0378945
-0.0427039
-0.0475951
-0.0525388
-0.0575074
-0.0624741
-0.0674127
-0.0722977
-0.0771041
-0.0818073
-0.0863827
-0.090806
-0.0950533
-0.0991006
-0.102924
-0.106501
-0.109807
-0.112821
-0.115521
-0.117885
-0.119894
-0.121528
-0.122771
-0.123607
-0.124021
-0.124002
-0.123542
-0.122632
-0.121272
-0.119459
-0.117198
-0.114497
-0.111368
-0.107826
-0.103892
-0.099591
-0.0949539
-0.0900146
-0.0848122
-0.0793897
-0.0737941
-0.0680754
-0.0622865
-0.0564822
-0.0507184
-0.0450513
-0.0395364
-0.0342275
-0.0291755
-0.0244279
-0.0200275
-0.0160115
-0.0124112
-0.00925093
-0.00654823
-0.0043133
-0.00254801
-0.0012449
-0.000404283
-5.0589e-05
-0.000118345
-0.000786539
-0.00222598
-0.00428183
-0.00686194
-0.00990897
-0.0133665
-0.0171809
-0.021303
-0.0256877
-0.0302936
-0.0350822
-0.0400178
-0.045067
-0.0501985
-0.0553824
-0.0605905
-0.0657955
-0.0709709
-0.076091
-0.0811304
-0.0860643
-0.0908679
-0.0955166
-0.0999862
-0.104252
-0.108291
-0.112078
-0.115591
-0.118805
-0.121699
-0.124249
-0.126436
-0.12824
-0.12964
-0.130621
-0.131166
-0.131262
-0.130899
-0.130068
-0.128763
-0.126983
-0.124729
-0.122008
-0.118828
-0.115206
-0.11116
-0.106714
-0.101898
-0.0967475
-0.0913008
-0.0856026
-0.0797013
-0.0736496
-0.0675032
-0.0613206
-0.0551617
-0.0490874
-0.0431583
-0.0374333
-0.0319693
-0.0268193
-0.0220317
-0.0176493
-0.0137088
-0.0102395
-0.00726338
-0.0047947
-0.00283863
-0.00139006
-0.000452677
-5.69843e-05
-0.000125578
-0.000833147
-0.00235562
-0.00452757
-0.00725013
-0.0104615
-0.0141013
-0.0181119
-0.0224412
-0.0270415
-0.0318691
-0.0368837
-0.0420483
-0.0473283
-0.0526915
-0.0581075
-0.0635475
-0.0689838
-0.0743898
-0.0797394
-0.0850074
-0.0901685
-0.095198
-0.100071
-0.104764
-0.109251
-0.113508
-0.117511
-0.121236
-0.12466
-0.127757
-0.130507
-0.132886
-0.134874
-0.136449
-0.137594
-0.138291
-0.138524
-0.138281
-0.137551
-0.136326
-0.134602
-0.132379
-0.12966
-0.126453
-0.12277
-0.11863
-0.114056
-0.109077
-0.103725
-0.0980428
-0.0920737
-0.0858684
-0.0794816
-0.0729722
-0.0664024
-0.0598364
-0.0533401
-0.0469795
-0.0408196
-0.0349231
-0.0293494
-0.0241532
-0.0193836
-0.015083
-0.0112862
-0.00802033
-0.00530395
-0.00314583
-0.00154337
-0.000503719
-6.37098e-05
-0.000132416
-0.0008772
-0.00247817
-0.00475995
-0.00761738
-0.0109845
-0.0147971
-0.0189942
-0.0235206
-0.0283261
-0.033365
-0.0385955
-0.043979
-0.0494801
-0.0550657
-0.0607049
-0.0663684
-0.0720284
-0.0776581
-0.0832313
-0.0887227
-0.0941071
-0.0993597
-0.104456
-0.109371
-0.11408
-0.118559
-0.122783
-0.126728
-0.130368
-0.133681
-0.136641
-0.139227
-0.141415
-0.143183
-0.144511
-0.14538
-0.145772
-0.145672
-0.145068
-0.143947
-0.142305
-0.140138
-0.137446
-0.134235
-0.130516
-0.126303
-0.12162
-0.116493
-0.110955
-0.105047
-0.0988144
-0.0923084
-0.0855863
-0.0787099
-0.0717451
-0.0647608
-0.057828
-0.0510187
-0.0444041
-0.0380537
-0.0320339
-0.0264063
-0.0212267
-0.0165442
-0.0123997
-0.00882579
-0.00584593
-0.0034728
-0.00170653
-0.00055805
-7.08721e-05
-0.000138834
-0.000918554
-0.00259323
-0.0049782
-0.00796244
-0.0114762
-0.0154516
-0.0198245
-0.0245371
-0.0295367
-0.0347759
-0.0402111
-0.0458027
-0.0515143
-0.0573121
-0.0631648
-0.0690427
-0.074918
-0.0807636
-0.0865535
-0.0922625
-0.0978654
-0.103338
-0.108654
-0.113791
-0.118724
-0.123426
-0.127875
-0.132045
-0.13591
-0.139447
-0.14263
-0.145436
-0.147839
-0.149817
-0.151348
-0.15241
-0.152984
-0.153051
-0.152597
-0.151607
-0.150073
-0.147988
-0.14535
-0.142162
-0.138431
-0.13417
-0.129399
-0.124144
-0.118437
-0.112317
-0.105831
-0.0990301
-0.0919749
-0.0847294
-0.0773635
-0.0699508
-0.0625679
-0.0552929
-0.0482039
-0.0413778
-0.0348884
-0.0288052
-0.0231914
-0.0181034
-0.013589
-0.0096867
-0.00642563
-0.00382278
-0.00188133
-0.000616326
-7.85789e-05
-0.000144808
-0.000957049
-0.00270037
-0.00518149
-0.00828399
-0.0119346
-0.0160622
-0.0205998
-0.0254867
-0.0306686
-0.036096
-0.041724
-0.0475119
-0.0534225
-0.0594215
-0.065477
-0.0715593
-0.0776403
-0.0836931
-0.089692
-0.0956116
-0.101427
-0.107114
-0.112648
-0.118005
-0.12316
-0.128088
-0.132764
-0.137163
-0.141261
-0.14503
-0.148446
-0.151484
-0.154117
-0.156322
-0.158074
-0.15935
-0.160128
-0.160386
-0.160108
-0.159276
-0.157878
-0.155904
-0.153349
-0.150212
-0.146496
-0.142214
-0.137381
-0.13202
-0.126164
-0.119849
-0.113122
-0.106037
-0.0986534
-0.0910397
-0.083269
-0.0754199
-0.0675745
-0.0598177
-0.052235
-0.0449111
-0.0379281
-0.0313639
-0.0252902
-0.0197714
-0.0148628
-0.01061
-0.00704815
-0.00419908
-0.00206955
-0.000679211
-8.69385e-05
-0.00015031
-0.000992516
-0.00279911
-0.00536895
-0.00858069
-0.0123579
-0.0166265
-0.0213166
-0.0263656
-0.0317169
-0.0373196
-0.0431277
-0.0490992
-0.0551964
-0.0613843
-0.0676309
-0.0739064
-0.0801826
-0.0864328
-0.0926315
-0.0987535
-0.104775
-0.11067
-0.116417
-0.12199
-0.127365
-0.132518
-0.137423
-0.142055
-0.146389
-0.150398
-0.154056
-0.157337
-0.160214
-0.162661
-0.164652
-0.166162
-0.167165
-0.167639
-0.167563
-0.166916
-0.165683
-0.16385
-0.161407
-0.158352
-0.154683
-0.150408
-0.145541
-0.140102
-0.13412
-0.127632
-0.120682
-0.113325
-0.105623
-0.0976448
-0.0894687
-0.0811776
-0.0728596
-0.0646065
-0.0565115
-0.048668
-0.0411671
-0.0340959
-0.0275353
-0.0215588
-0.0162302
-0.0116028
-0.00771857
-0.00460505
-0.00227299
-0.000747372
-9.60599e-05
-0.000155309
-0.00102478
-0.00288901
-0.00553973
-0.00885119
-0.0127441
-0.0171417
-0.0219718
-0.0271696
-0.0326769
-0.0384412
-0.0444155
-0.050557
-0.0568272
-0.0631909
-0.0696158
-0.076072
-0.0825315
-0.0889679
-0.0953558
-0.101671
-0.107888
-0.113985
-0.119938
-0.125722
-0.131313
-0.136688
-0.141821
-0.146687
-0.15126
-0.155514
-0.159422
-0.162955
-0.166088
-0.168791
-0.171038
-0.172799
-0.17405
-0.174763
-0.174914
-0.174479
-0.17344
-0.171779
-0.169482
-0.166541
-0.162952
-0.158718
-0.153849
-0.148361
-0.142282
-0.135645
-0.128495
-0.120884
-0.112876
-0.104543
-0.0959645
-0.0872293
-0.0784313
-0.0696695
-0.0610454
-0.0526614
-0.0446184
-0.0370136
-0.0299384
-0.023476
-0.0176998
-0.0126719
-0.00844197
-0.00504399
-0.00249348
-0.000821482
-0.000106053
-0.000159777
-0.00105366
-0.00296958
-0.00569296
-0.00909415
-0.0130914
-0.0176055
-0.0225622
-0.0278948
-0.0335437
-0.0394552
-0.045581
-0.0518778
-0.0583064
-0.0648315
-0.0714205
-0.0780437
-0.0846733
-0.091283
-0.097848
-0.104344
-0.110748
-0.117036
-0.123186
-0.129174
-0.134976
-0.140568
-0.145926
-0.151025
-0.155838
-0.160339
-0.1645
-0.168293
-0.171691
-0.174662
-0.177178
-0.179209
-0.180726
-0.1817
-0.182104
-0.18191
-0.181094
-0.179636
-0.177518
-0.174726
-0.171253
-0.167095
-0.16226
-0.156759
-0.150616
-0.143861
-0.136537
-0.128695
-0.1204
-0.111725
-0.102752
-0.0935751
-0.0842935
-0.0750135
-0.0658456
-0.0569016
-0.0482932
-0.0401286
-0.0325103
-0.0255328
-0.0192801
-0.0138241
-0.00922333
-0.00551922
-0.0027328
-0.000902212
-0.000117028
-0.000163684
-0.001079
-0.00304039
-0.00582782
-0.0093083
-0.0133979
-0.0180154
-0.0230847
-0.0285376
-0.034313
-0.040356
-0.0466177
-0.0530541
-0.0596255
-0.0662963
-0.0730341
-0.0798092
-0.0865939
-0.0933627
-0.100091
-0.106755
-0.113333
-0.1198
-0.126137
-0.132318
-0.138322
-0.144125
-0.149702
-0.155029
-0.16008
-0.164827
-0.169244
-0.173301
-0.176969
-0.180218
-0.183016
-0.185331
-0.187133
-0.188389
-0.189068
-0.189141
-0.188579
-0.187357
-0.185452
-0.182846
-0.179525
-0.175484
-0.170721
-0.165246
-0.159076
-0.152239
-0.144774
-0.136731
-0.128173
-0.119175
-0.109821
-0.100209
-0.0904447
-0.0806411
-0.0709176
-0.0613966
-0.0522008
-0.0434506
-0.0352608
-0.0277383
-0.020979
-0.0150658
-0.0100675
-0.00603397
-0.00299276
-0.000990235
-0.000129096
-0.000167003
-0.00110064
-0.00310102
-0.00594357
-0.00949248
-0.013662
-0.0183693
-0.0235367
-0.0290944
-0.0349803
-0.0411387
-0.0475197
-0.0540789
-0.0607763
-0.067576
-0.0744458
-0.081356
-0.0882795
-0.0951911
-0.102067
-0.108884
-0.11562
-0.122253
-0.128762
-0.135125
-0.141319
-0.147322
-0.15311
-0.158658
-0.163941
-0.168932
-0.173602
-0.177924
-0.181867
-0.185398
-0.188487
-0.191099
-0.1932
-0.194756
-0.195733
-0.196098
-0.195818
-0.194864
-0.193207
-0.190825
-0.187698
-0.183814
-0.179167
-0.17376
-0.167606
-0.160728
-0.153161
-0.144952
-0.136163
-0.126867
-0.117153
-0.107119
-0.0968777
-0.0865496
-0.0762629
-0.0661507
-0.0563478
-0.0469876
-0.0381984
-0.0301007
-0.0228038
-0.0164033
-0.0109792
-0.00659142
-0.00327511
-0.00108622
-0.000142372
-0.000169709
-0.00111843
-0.00315112
-0.00603954
-0.00964567
-0.0138824
-0.0186653
-0.0239155
-0.0295621
-0.035542
-0.0417986
-0.0482815
-0.0549456
-0.0617509
-0.0686615
-0.0756451
-0.0826723
-0.0897164
-0.0967527
-0.103758
-0.11071
-0.117588
-0.12437
-0.131036
-0.137565
-0.143935
-0.150125
-0.156111
-0.161869
-0.167375
-0.172601
-0.177521
-0.182105
-0.186321
-0.190138
-0.193522
-0.196439
-0.198852
-0.200724
-0.202019
-0.202699
-0.202729
-0.202073
-0.2007
-0.198579
-0.195687
-0.192005
-0.18752
-0.18223
-0.176139
-0.169267
-0.161643
-0.15331
-0.144327
-0.134768
-0.124719
-0.114284
-0.103578
-0.0927307
-0.0818781
-0.0711647
-0.060738
-0.0507453
-0.0413299
-0.0326272
-0.0247614
-0.0178422
-0.011963
-0.00719464
-0.0035816
-0.00119084
-0.00015697
-0.000171782
-0.00113228
-0.00319039
-0.0061152
-0.00976704
-0.0140577
-0.0189017
-0.0242191
-0.0299381
-0.0359947
-0.0423316
-0.0488979
-0.0556483
-0.0625425
-0.0695445
-0.0766222
-0.0837467
-0.0908915
-0.0980327
-0.105148
-0.112215
-0.119215
-0.126127
-0.132931
-0.139607
-0.146136
-0.152495
-0.158664
-0.164618
-0.170334
-0.175785
-0.180944
-0.185782
-0.190267
-0.194368
-0.198049
-0.201275
-0.204008
-0.206209
-0.207837
-0.208854
-0.209218
-0.208891
-0.207835
-0.206015
-0.203401
-0.199966
-0.195692
-0.190569
-0.184595
-0.177781
-0.170151
-0.161744
-0.152614
-0.142831
-0.132483
-0.121674
-0.110525
-0.0991695
-0.0877544
-0.0764347
-0.0653715
-0.0547269
-0.0446601
-0.0353234
-0.0268574
-0.0193879
-0.0130229
-0.00784661
-0.00391392
-0.00130476
-0.000173008
-0.000173207
-0.00114209
-0.00321863
-0.00617018
-0.00985601
-0.0141872
-0.0190774
-0.024446
-0.0302203
-0.0363357
-0.0427344
-0.0493651
-0.056182
-0.0631449
-0.0702176
-0.0773685
-0.0845687
-0.0917927
-0.0990168
-0.106219
-0.11338
-0.120479
-0.127499
-0.134419
-0.141222
-0.147888
-0.154397
-0.160728
-0.16686
-0.172768
-0.178428
-0.183812
-0.188893
-0.193639
-0.198017
-0.201992
-0.205527
-0.208584
-0.211121
-0.213096
-0.214466
-0.215188
-0.215217
-0.214511
-0.213029
-0.210735
-0.207595
-0.203583
-0.198681
-0.19288
-0.186183
-0.178606
-0.170181
-0.160957
-0.151
-0.140397
-0.129252
-0.117687
-0.105844
-0.0938767
-0.081952
-0.0702445
-0.0589323
-0.0481919
-0.0381937
-0.0290968
-0.0210449
-0.014163
-0.00855011
-0.00427373
-0.00142863
-0.000190604
-0.000173976
-0.00114782
-0.00323575
-0.00620432
-0.00991232
-0.0142704
-0.0191918
-0.0245952
-0.0304075
-0.0365634
-0.0430048
-0.0496798
-0.0565427
-0.0635529
-0.0706746
-0.0778762
-0.0851293
-0.0924089
-0.0996921
-0.106958
-0.114187
-0.121362
-0.128464
-0.135475
-0.14238
-0.149158
-0.155793
-0.162264
-0.16855
-0.174629
-0.180478
-0.18607
-0.191376
-0.196368
-0.201011
-0.205272
-0.209112
-0.212492
-0.215369
-0.217698
-0.219436
-0.220533
-0.220942
-0.220616
-0.219509
-0.217577
-0.21478
-0.211083
-0.206459
-0.200892
-0.194375
-0.186915
-0.178536
-0.16928
-0.159209
-0.148404
-0.136968
-0.125026
-0.112724
-0.100223
-0.0877018
-0.0753486
-0.063358
-0.0519252
-0.0412405
-0.0314831
-0.0228171
-0.0153866
-0.00930777
-0.0046626
-0.0015631
-0.00020988
-0.000174088
-0.0011495
-0.00324179
-0.00621768
-0.00993603
-0.0143074
-0.0192449
-0.0246666
-0.0304992
-0.036677
-0.0431414
-0.0498403
-0.0567277
-0.063763
-0.0709107
-0.0781392
-0.0854207
-0.0927308
-0.100047
-0.10735
-0.114621
-0.121844
-0.129
-0.136075
-0.143053
-0.149916
-0.156649
-0.163232
-0.169646
-0.17587
-0.181883
-0.187658
-0.19317
-0.198388
-0.20328
-0.207812
-0.211947
-0.215643
-0.218858
-0.221545
-0.223658
-0.225145
-0.225955
-0.226037
-0.225338
-0.223808
-0.2214
-0.218071
-0.213785
-0.208515
-0.202245
-0.194973
-0.186712
-0.177495
-0.167376
-0.156432
-0.144763
-0.132492
-0.11977
-0.106764
-0.0936631
-0.08067
-0.0679964
-0.0558571
-0.0444638
-0.0340185
-0.0247075
-0.0166967
-0.010122
-0.00508204
-0.0017088
-0.000230961
-0.000173553
-0.00114718
-0.00323691
-0.00621059
-0.00992765
-0.0142989
-0.0192373
-0.024661
-0.0304962
-0.0366769
-0.0431443
-0.0498459
-0.0567358
-0.0637733
-0.0709228
-0.0781532
-0.0854372
-0.0927509
-0.100073
-0.107385
-0.114668
-0.121908
-0.129089
-0.136197
-0.143216
-0.150133
-0.156932
-0.163595
-0.170107
-0.176446
-0.182593
-0.188524
-0.194213
-0.199633
-0.204752
-0.209537
-0.21395
-0.21795
-0.221495
-0.224538
-0.227029
-0.228915
-0.230141
-0.230653
-0.230392
-0.229302
-0.227328
-0.22442
-0.220531
-0.215625
-0.209674
-0.202664
-0.194598
-0.185499
-0.17541
-0.1644
-0.152565
-0.140026
-0.126933
-0.113461
-0.0998079
-0.0861895
-0.0728353
-0.0599811
-0.0478616
-0.0367036
-0.0267182
-0.0180958
-0.0109948
-0.00553344
-0.00186637
-0.000253973
-0.00017239
-0.00114099
-0.00322148
-0.00618369
-0.00988813
-0.0142461
-0.0191707
-0.0245801
-0.0304002
-0.0365649
-0.043015
-0.0496981
-0.0565677
-0.0635834
-0.0707097
-0.0779159
-0.0851751
-0.092464
-0.0997623
-0.107052
-0.114317
-0.121542
-0.128714
-0.135821
-0.142848
-0.149783
-0.156613
-0.163322
-0.169895
-0.176315
-0.182562
-0.188615
-0.194451
-0.200043
-0.205361
-0.210372
-0.215042
-0.219329
-0.22319
-0.226579
-0.229444
-0.231732
-0.233386
-0.234344
-0.234547
-0.23393
-0.232433
-0.229996
-0.226564
-0.222088
-0.216529
-0.209862
-0.202075
-0.193179
-0.183206
-0.172215
-0.160292
-0.147556
-0.134156
-0.120268
-0.1061
-0.091881
-0.0778574
-0.0642868
-0.0514289
-0.0395368
-0.0288498
-0.0195855
-0.0119281
-0.00601808
-0.00203638
-0.000279043
-0.00017063
-0.00113112
-0.00319604
-0.00613797
-0.00981898
-0.014151
-0.0190475
-0.0244267
-0.0302144
-0.0363443
-0.0427569
-0.0493996
-0.0562259
-0.0631954
-0.0702727
-0.0774274
-0.0846332
-0.0918675
-0.0991107
-0.106346
-0.113558
-0.120735
-0.127863
-0.134931
-0.141928
-0.148844
-0.155666
-0.162382
-0.168978
-0.175439
-0.181748
-0.187886
-0.193832
-0.19956
-0.205044
-0.210251
-0.215149
-0.219698
-0.223855
-0.227575
-0.230806
-0.233492
-0.235575
-0.236993
-0.237678
-0.237564
-0.236582
-0.234664
-0.231744
-0.227765
-0.222673
-0.21643
-0.209011
-0.200411
-0.190648
-0.179769
-0.16785
-0.155001
-0.141367
-0.127128
-0.112496
-0.0977118
-0.0830399
-0.0687598
-0.0551573
-0.0425147
-0.0311017
-0.0211669
-0.0129232
-0.00653709
-0.0022194
-0.000306302
-0.000168316
-0.00111786
-0.00316133
-0.00607483
-0.00972228
-0.0140164
-0.0188712
-0.0242049
-0.0299434
-0.0360199
-0.042375
-0.0489556
-0.0557154
-0.0626136
-0.0696154
-0.0766905
-0.0838132
-0.0909616
-0.0981171
-0.105264
-0.112388
-0.119479
-0.126524
-0.133516
-0.140443
-0.147298
-0.154071
-0.160751
-0.167328
-0.173787
-0.180116
-0.186297
-0.19231
-0.198135
-0.203745
-0.209112
-0.214205
-0.218985
-0.223412
-0.22744
-0.231019
-0.234094
-0.236603
-0.238483
-0.239665
-0.240075
-0.23964
-0.238283
-0.235931
-0.232512
-0.227962
-0.222227
-0.215267
-0.207061
-0.197611
-0.186947
-0.175132
-0.162267
-0.148489
-0.133975
-0.118942
-0.103642
-0.0883538
-0.0733806
-0.0590352
-0.0456313
-0.0334719
-0.0228399
-0.013981
-0.00709142
-0.00241596
-0.00033588
-0.000165508
-0.00110157
-0.00311836
-0.00599607
-0.0096008
-0.0138462
-0.0186466
-0.0239204
-0.0295934
-0.0355987
-0.0418764
-0.0483735
-0.0550432
-0.061845
-0.0687441
-0.0757107
-0.0827197
-0.0897498
-0.0967836
-0.103806
-0.110805
-0.117771
-0.124694
-0.131567
-0.138382
-0.145133
-0.151812
-0.158411
-0.164922
-0.171334
-0.177636
-0.183813
-0.189849
-0.195724
-0.201418
-0.206903
-0.21215
-0.217124
-0.221788
-0.226096
-0.229999
-0.233444
-0.236369
-0.238708
-0.240391
-0.241341
-0.241478
-0.24072
-0.238983
-0.236185
-0.232249
-0.227105
-0.220697
-0.212987
-0.203957
-0.19362
-0.182022
-0.169249
-0.155428
-0.140732
-0.125377
-0.109622
-0.0937633
-0.0781246
-0.0630471
-0.0488778
-0.0359563
-0.0246035
-0.015102
-0.00768181
-0.00262652
-0.000367907
-0.000162278
-0.00108271
-0.00306837
-0.005904
-0.00945802
-0.0136449
-0.0183795
-0.0235802
-0.0291726
-0.0350895
-0.0412707
-0.0476629
-0.0542192
-0.0608992
-0.0676682
-0.0744969
-0.0813606
-0.088239
-0.0951157
-0.101977
-0.108812
-0.115613
-0.122371
-0.129082
-0.135741
-0.142341
-0.148879
-0.155349
-0.161746
-0.168061
-0.174285
-0.180409
-0.186417
-0.192296
-0.198024
-0.20358
-0.208937
-0.214063
-0.218923
-0.223475
-0.227672
-0.231461
-0.234782
-0.237569
-0.239751
-0.241247
-0.241974
-0.241843
-0.240763
-0.23864
-0.235386
-0.230914
-0.225152
-0.218041
-0.209544
-0.199653
-0.188394
-0.175833
-0.162085
-0.147312
-0.131728
-0.115596
-0.0992259
-0.0829614
-0.067173
-0.0522425
-0.0385492
-0.0264556
-0.0162859
-0.00830876
-0.00285153
-0.000402514
-0.00015872
-0.00106186
-0.00301291
-0.00580146
-0.00929825
-0.0134185
-0.0180773
-0.023193
-0.0286909
-0.0345033
-0.0405697
-0.0468363
-0.0532563
-0.0597891
-0.0664002
-0.0730609
-0.0797472
-0.0864397
-0.0931229
-0.0997847
-0.106416
-0.113009
-0.11956
-0.126064
-0.132518
-0.138921
-0.145269
-0.15156
-0.15779
-0.163956
-0.170051
-0.176068
-0.181997
-0.187825
-0.193536
-0.199111
-0.204528
-0.209758
-0.214769
-0.219523
-0.223976
-0.228076
-0.231766
-0.234982
-0.23765
-0.23969
-0.241015
-0.241532
-0.241142
-0.239742
-0.23723
-0.233507
-0.22848
-0.222072
-0.214223
-0.204902
-0.19411
-0.181894
-0.168347
-0.153618
-0.137914
-0.121499
-0.104691
-0.087855
-0.0713886
-0.0557105
-0.0412424
-0.0283927
-0.017532
-0.0089725
-0.00309132
-0.000439828
-0.000154942
-0.00103971
-0.00295385
-0.00569187
-0.0091267
-0.0131741
-0.017749
-0.0227696
-0.0281606
-0.0338537
-0.0397879
-0.045909
-0.05217
-0.0585304
-0.064956
-0.0714184
-0.0778946
-0.0843661
-0.0908187
-0.0972417
-0.103627
-0.109971
-0.116268
-0.122519
-0.128721
-0.134876
-0.140983
-0.147043
-0.153055
-0.159018
-0.164929
-0.170784
-0.176577
-0.182298
-0.187936
-0.193476
-0.198899
-0.20418
-0.209292
-0.2142
-0.218863
-0.223235
-0.227259
-0.230874
-0.234008
-0.23658
-0.238502
-0.239677
-0.24
-0.239361
-0.237645
-0.234739
-0.230534
-0.224929
-0.217843
-0.209218
-0.19903
-0.187299
-0.174093
-0.159545
-0.143846
-0.127257
-0.110102
-0.0927627
-0.0756645
-0.0592633
-0.0440255
-0.0304101
-0.0188387
-0.00967298
-0.00334619
-0.000479976
-0.000151079
-0.00101707
-0.00289342
-0.00557933
-0.00894958
-0.01292
-0.0174052
-0.0223226
-0.0275962
-0.0331568
-0.0389427
-0.0448994
-0.0509794
-0.0571425
-0.0633548
-0.0695885
-0.0758215
-0.0820365
-0.0882205
-0.0943646
-0.100463
-0.106512
-0.11251
-0.11846
-0.124361
-0.130217
-0.136032
-0.141807
-0.147546
-0.15325
-0.158921
-0.164557
-0.170157
-0.175714
-0.181221
-0.186667
-0.192038
-0.197314
-0.202471
-0.20748
-0.212304
-0.216899
-0.221215
-0.225193
-0.228762
-0.231845
-0.234352
-0.236184
-0.237232
-0.23738
-0.236503
-0.234475
-0.231168
-0.226463
-0.220252
-0.212451
-0.203007
-0.191907
-0.179195
-0.164975
-0.149422
-0.132787
-0.115393
-0.0976355
-0.0799664
-0.0628785
-0.0468858
-0.0325013
-0.0202036
-0.0104098
-0.00361635
-0.000523081
-0.000147286
-0.000994934
-0.00283426
-0.00546867
-0.00877422
-0.0126662
-0.0170585
-0.0218671
-0.0270148
-0.0324315
-0.0380545
-0.0438288
-0.0497067
-0.055648
-0.0616194
-0.0675939
-0.0735503
-0.0794727
-0.0853497
-0.091174
-0.0969416
-0.102651
-0.108305
-0.113904
-0.119455
-0.124961
-0.13043
-0.135867
-0.141277
-0.146667
-0.15204
-0.157399
-0.162746
-0.168079
-0.173396
-0.178689
-0.183948
-0.189159
-0.194302
-0.199354
-0.204282
-0.209048
-0.213607
-0.217902
-0.221868
-0.225429
-0.228498
-0.230975
-0.232749
-0.233699
-0.233692
-0.232589
-0.230249
-0.226531
-0.221302
-0.21445
-0.20589
-0.195576
-0.183517
-0.169787
-0.154536
-0.137997
-0.12049
-0.102418
-0.0842544
-0.0665301
-0.0498077
-0.0346585
-0.0216236
-0.0111823
-0.00390192
-0.000569266
-0.000143748
-0.000974443
-0.00277947
-0.00536557
-0.00860921
-0.0124244
-0.0167233
-0.0214202
-0.0264362
-0.0316997
-0.037147
-0.0427222
-0.0483777
-0.0540733
-0.0597765
-0.0654611
-0.0711073
-0.0767006
-0.0822316
-0.0876948
-0.0930883
-0.0984135
-0.103674
-0.108875
-0.114024
-0.119129
-0.124199
-0.129243
-0.13427
-0.139289
-0.144306
-0.14933
-0.154365
-0.159414
-0.164479
-0.169556
-0.174642
-0.179725
-0.184794
-0.189827
-0.194799
-0.199679
-0.204423
-0.208984
-0.213299
-0.217297
-0.220894
-0.223992
-0.22648
-0.228233
-0.229114
-0.228973
-0.227655
-0.225
-0.220852
-0.215068
-0.207531
-0.198157
-0.186918
-0.17385
-0.159071
-0.142789
-0.125313
-0.107047
-0.0884835
-0.0701878
-0.0527729
-0.036872
-0.0230946
-0.0119894
-0.00420295
-0.00061865
-0.000140683
-0.00095695
-0.00273271
-0.0052767
-0.00846461
-0.0122082
-0.0164168
-0.0210023
-0.0258834
-0.0309867
-0.036247
-0.0416079
-0.0470216
-0.0524482
-0.057856
-0.06322
-0.0685221
-0.0737496
-0.078895
-0.0839552
-0.0889308
-0.0938254
-0.0986454
-0.103399
-0.108096
-0.112748
-0.117366
-0.121963
-0.126551
-0.131142
-0.135748
-0.140378
-0.145041
-0.149746
-0.154498
-0.159298
-0.164147
-0.16904
-0.173969
-0.178921
-0.183874
-0.188803
-0.193673
-0.19844
-0.203049
-0.207434
-0.211515
-0.215198
-0.218375
-0.220919
-0.22269
-0.223532
-0.223277
-0.221748
-0.218768
-0.214164
-0.207783
-0.199504
-0.189254
-0.177028
-0.162904
-0.147057
-0.129774
-0.111454
-0.0926029
-0.0738173
-0.0557606
-0.0391308
-0.0246119
-0.0128297
-0.00451943
-0.000671356
-0.000138345
-0.000944043
-0.00269823
-0.00520981
-0.0083521
-0.0120331
-0.0161585
-0.0206364
-0.0253825
-0.030321
-0.0353853
-0.0405181
-0.0456714
-0.050806
-0.0558913
-0.060904
-0.0658277
-0.070652
-0.0753719
-0.0799868
-0.0845
-0.0889179
-0.0932498
-0.0975067
-0.101702
-0.105849
-0.109963
-0.114059
-0.118154
-0.122262
-0.126398
-0.130577
-0.134811
-0.139112
-0.14349
-0.147951
-0.152501
-0.15714
-0.161865
-0.166669
-0.171537
-0.17645
-0.18138
-0.186289
-0.19113
-0.195843
-0.200355
-0.204577
-0.208404
-0.211713
-0.214362
-0.216192
-0.217025
-0.216671
-0.21493
-0.211605
-0.206506
-0.199471
-0.190382
-0.179184
-0.165907
-0.150686
-0.133777
-0.115564
-0.0965566
-0.0773803
-0.0587467
-0.0414219
-0.0261698
-0.0137015
-0.00485128
-0.000727508
-0.000137039
-0.000937596
-0.00268108
-0.00517403
-0.0082853
-0.0119175
-0.0159709
-0.0203489
-0.0249632
-0.0297352
-0.0345962
-0.0394883
-0.0443635
-0.0491836
-0.0539193
-0.0585495
-0.06306
-0.0674433
-0.0716971
-0.0758238
-0.0798297
-0.0837244
-0.0875201
-0.0912312
-0.0948737
-0.0984648
-0.102023
-0.105566
-0.109113
-0.112684
-0.116296
-0.119967
-0.123714
-0.127554
-0.131498
-0.13556
-0.139749
-0.14407
-0.148527
-0.153117
-0.157833
-0.162662
-0.167583
-0.172567
-0.177572
-0.182547
-0.187427
-0.192131
-0.196558
-0.200592
-0.204092
-0.206897
-0.208826
-0.209677
-0.209233
-0.207271
-0.203567
-0.197919
-0.190158
-0.180176
-0.167949
-0.153559
-0.137221
-0.119294
-0.100283
-0.080834
-0.0617049
-0.0437309
-0.0277619
-0.014603
-0.00519841
-0.000787245
-0.000137124
-0.000939827
-0.00268715
-0.00518003
-0.00828011
-0.0118825
-0.0158801
-0.0201701
-0.0246594
-0.0292655
-0.0339181
-0.0385581
-0.043138
-0.047621
-0.0519796
-0.0561954
-0.0602572
-0.0641607
-0.0679069
-0.0715017
-0.0749549
-0.0782795
-0.0814911
-0.0846073
-0.0876475
-0.0906321
-0.0935826
-0.0965208
-0.099469
-0.102449
-0.105483
-0.108593
-0.111798
-0.115118
-0.118572
-0.122175
-0.125942
-0.129884
-0.134008
-0.138319
-0.142816
-0.147492
-0.152334
-0.157319
-0.162417
-0.167584
-0.172763
-0.177881
-0.182848
-0.187553
-0.191861
-0.195615
-0.198629
-0.200697
-0.201588
-0.201054
-0.198845
-0.194713
-0.188442
-0.179864
-0.168892
-0.15555
-0.139998
-0.122556
-0.103715
-0.0841318
-0.0646056
-0.0460419
-0.0293813
-0.0155322
-0.00556075
-0.000850723
-0.000139036
-0.000953381
-0.00272347
-0.00524037
-0.00835508
-0.0119524
-0.0159158
-0.0201344
-0.0245088
-0.0289527
-0.0333931
-0.0377705
-0.0420382
-0.0461609
-0.0501141
-0.0538826
-0.0574589
-0.0608426
-0.0640386
-0.0670569
-0.0699111
-0.0726181
-0.0751971
-0.0776694
-0.0800578
-0.0823861
-0.0846791
-0.0869618
-0.0892597
-0.0915982
-0.0940026
-0.0964976
-0.0991072
-0.101855
-0.104762
-0.10785
-0.111136
-0.114637
-0.118366
-0.122334
-0.126544
-0.130998
-0.135689
-0.140604
-0.14572
-0.151002
-0.156404
-0.161864
-0.1673
-0.172611
-0.177671
-0.182328
-0.1864
-0.189677
-0.19192
-0.192863
-0.192228
-0.189729
-0.185098
-0.178107
-0.168601
-0.156532
-0.141995
-0.125257
-0.106781
-0.0872229
-0.0674172
-0.0483376
-0.0310206
-0.0164869
-0.00593832
-0.000918133
-0.0001433
-0.000981435
-0.0027984
-0.00536991
-0.00853194
-0.0121556
-0.0161122
-0.0202807
-0.0245543
-0.0288417
-0.0330676
-0.0371722
-0.0411098
-0.0448482
-0.0483662
-0.0516527
-0.0547048
-0.0575268
-0.0601284
-0.062524
-0.0647318
-0.0667729
-0.0686705
-0.0704497
-0.072137
-0.0737597
-0.0753458
-0.0769236
-0.0785219
-0.0801692
-0.0818939
-0.0837239
-0.0856869
-0.0878094
-0.0901171
-0.0926344
-0.095384
-0.0983867
-0.101661
-0.105221
-0.10908
-0.113243
-0.117713
-0.122483
-0.12754
-0.13286
-0.138405
-0.144126
-0.149952
-0.155794
-0.161537
-0.167038
-0.172122
-0.176582
-0.180173
-0.18262
-0.183619
-0.182851
-0.179998
-0.174769
-0.166937
-0.156372
-0.143092
-0.127297
-0.109403
-0.0900525
-0.0701051
-0.0505997
-0.0326721
-0.0174655
-0.0063313
-0.00098972
-0.000150565
-0.00102784
-0.00292198
-0.00558631
-0.00883626
-0.0125252
-0.0165087
-0.0206533
-0.0248433
-0.0289819
-0.0329915
-0.0368124
-0.040401
-0.0437288
-0.0467792
-0.0495464
-0.0520331
-0.054249
-0.0562096
-0.0579345
-0.0594468
-0.0607724
-0.0619389
-0.0629755
-0.0639124
-0.0647804
-0.065611
-0.0664357
-0.0672862
-0.0681943
-0.0691912
-0.0703081
-0.0715756
-0.0730235
-0.0746809
-0.0765759
-0.0787351
-0.0811836
-0.0839444
-0.0870378
-0.090481
-0.0942876
-0.0984658
-0.103018
-0.10794
-0.113217
-0.118824
-0.124721
-0.130853
-0.137142
-0.143488
-0.14976
-0.155794
-0.161391
-0.166307
-0.170262
-0.172934
-0.173974
-0.173018
-0.169715
-0.16376
-0.154935
-0.143166
-0.12857
-0.111498
-0.0925616
-0.0726324
-0.0528089
-0.0343283
-0.0184663
-0.00674017
-0.00106581
-0.000161636
-0.00109731
-0.00310632
-0.00591067
-0.00929821
-0.0130994
-0.0171501
-0.0213019
-0.0254284
-0.0294271
-0.0332181
-0.0367425
-0.0399605
-0.042848
-0.0453948
-0.0476016
-0.0494778
-0.05104
-0.0523098
-0.0533131
-0.0540787
-0.0546375
-0.0550219
-0.0552655
-0.0554022
-0.0554666
-0.0554936
-0.0555177
-0.0555736
-0.055696
-0.0559189
-0.0562763
-0.0568016
-0.0575276
-0.0584867
-0.05971
-0.061228
-0.0630695
-0.0652618
-0.0678303
-0.0707975
-0.0741829
-0.0780019
-0.0822649
-0.0869758
-0.0921304
-0.0977148
-0.103702
-0.11005
-0.116697
-0.123558
-0.130517
-0.137426
-0.144096
-0.150294
-0.155738
-0.160098
-0.163001
-0.164044
-0.162815
-0.158931
-0.152081
-0.142087
-0.128964
-0.112977
-0.0946865
-0.0749599
-0.0549453
-0.0359823
-0.0194889
-0.00716591
-0.00114683
-0.000177523
-0.00119564
-0.0033662
-0.00636833
-0.00995349
-0.0139228
-0.0180881
-0.0222824
-0.0263675
-0.0302347
-0.0338026
-0.0370145
-0.0398355
-0.0422483
-0.0442502
-0.0458502
-0.0470659
-0.0479217
-0.048447
-0.0486744
-0.0486389
-0.0483771
-0.0479266
-0.0473252
-0.0466113
-0.045823
-0.0449982
-0.0441748
-0.0433902
-0.0426816
-0.0420857
-0.0416391
-0.0413777
-0.041337
-0.041552
-0.0420571
-0.0428856
-0.0440702
-0.045642
-0.0476308
-0.0500642
-0.0529674
-0.0563623
-0.0602668
-0.0646933
-0.0696477
-0.0751272
-0.0811177
-0.0875915
-0.0945026
-0.101783
-0.109336
-0.117032
-0.124698
-0.132115
-0.139009
-0.145049
-0.149846
-0.152964
-0.153939
-0.15231
-0.147667
-0.139718
-0.128357
-0.113742
-0.0963584
-0.0770454
-0.0569885
-0.0376279
-0.0205336
-0.00761015
-0.00123341
-0.000199515
-0.00133007
-0.00371971
-0.00698989
-0.0108444
-0.0150476
-0.0193812
-0.0236568
-0.027723
-0.0314649
-0.0348009
-0.0376783
-0.0400693
-0.0419654
-0.0433737
-0.0443134
-0.0448118
-0.0449029
-0.0446242
-0.0440165
-0.0431216
-0.0419822
-0.0406413
-0.0391414
-0.0375251
-0.0358339
-0.0341091
-0.0323914
-0.0307209
-0.029137
-0.027679
-0.0263855
-0.0252947
-0.0244445
-0.0238723
-0.0236149
-0.0237088
-0.0241895
-0.0250919
-0.0264497
-0.0282951
-0.0306585
-0.033568
-0.0370484
-0.0411205
-0.0457996
-0.0510939
-0.0570022
-0.0635112
-0.0705918
-0.0781942
-0.0862425
-0.0946275
-0.103199
-0.111756
-0.120041
-0.127729
-0.134427
-0.139674
-0.142962
-0.143755
-0.141544
-0.135913
-0.12662
-0.11369
-0.0975019
-0.0788434
-0.0589178
-0.0392604
-0.0216029
-0.00807557
-0.0013264
-0.000229267
-0.00150969
-0.00418918
-0.00781241
-0.0120213
-0.0165338
-0.0210956
-0.0254931
-0.0295608
-0.0331784
-0.0362662
-0.0387781
-0.0406961
-0.0420234
-0.0427795
-0.0429958
-0.0427115
-0.0419712
-0.0408225
-0.0393144
-0.0374967
-0.0354185
-0.0331283
-0.0306738
-0.0281012
-0.0254559
-0.0227821
-0.0201232
-0.0175215
-0.0150189
-0.0126564
-0.0104745
-0.00851354
-0.00681318
-0.00541288
-0.00435178
-0.00366867
-0.00340195
-0.00358953
-0.00426866
-0.00547576
-0.00724604
-0.00961313
-0.0126085
-0.0162605
-0.0205935
-0.0256264
-0.0313705
-0.037827
-0.0449835
-0.0528097
-0.0612512
-0.0702226
-0.0795988
-0.0892043
-0.0988027
-0.108086
-0.116665
-0.12407
-0.129753
-0.133117
-0.133554
-0.130517
-0.12361
-0.112702
-0.0980326
-0.0803038
-0.060712
-0.0408772
-0.0227014
-0.00856628
-0.00142701
-0.000268936
-0.001746
-0.00480236
-0.008881
-0.0135439
-0.0184512
-0.0233053
-0.0278642
-0.031948
-0.0354331
-0.0382444
-0.0403464
-0.0417345
-0.042427
-0.0424589
-0.0418764
-0.0407327
-0.0390845
-0.0369907
-0.0345097
-0.0316995
-0.028616
-0.0253136
-0.0218447
-0.0182597
-0.0146073
-0.0109345
-0.00728695
-0.00370924
-0.000244843
0.00306348
0.00617359
0.0090438
0.0116328
0.0138994
0.0158026
0.0173017
0.0183559
0.0189246
0.0189674
0.0184442
0.0173155
0.0155425
0.0130879
0.00991595
0.00599393
0.00129291
-0.00421037
-0.0105313
-0.0176741
-0.0256279
-0.0343609
-0.0438132
-0.0538876
-0.0644382
-0.0752575
-0.0860625
-0.0964812
-0.106044
-0.114181
-0.120242
-0.123527
-0.123356
-0.119168
-0.110646
-0.0978546
-0.0813703
-0.0623487
-0.0424783
-0.0238372
-0.00908841
-0.00153694
-0.000321369
-0.00205378
-0.00559398
-0.0102507
-0.015483
-0.0208794
-0.0260912
-0.0308456
-0.0349489
-0.0382778
-0.0407667
-0.0423953
-0.0431772
-0.0431504
-0.0423688
-0.0408963
-0.0388021
-0.0361573
-0.0330327
-0.0294971
-0.025617
-0.0214556
-0.017073
-0.0125264
-0.00786997
-0.00315545
0.00156761
0.00625152
0.0108501
0.0153184
0.0196125
0.023689
0.0275052
0.0310185
0.0341864
0.0369667
0.0393168
0.0411941
0.0425557
0.0433585
0.0435592
0.0431145
0.041981
0.0401158
0.0374769
0.0340235
0.0297175
0.0245243
0.018415
0.0113693
0.00337882
-0.00554729
-0.0153756
-0.0260389
-0.0374247
-0.0493604
-0.0615966
-0.0737892
-0.0854835
-0.0961048
-0.104963
-0.111277
-0.11424
-0.113113
-0.107367
-0.0968546
-0.0819765
-0.0638037
-0.0440668
-0.0250233
-0.00965096
-0.00165864
-0.000390373
-0.00245211
-0.00660774
-0.0119888
-0.0179219
-0.023908
-0.0295393
-0.0345104
-0.0386176
-0.0417432
-0.0438378
-0.0449029
-0.0449768
-0.0441218
-0.042415
-0.0399414
-0.0367884
-0.033043
-0.0287891
-0.0241065
-0.0190706
-0.0137517
-0.00821554
-0.00252374
0.00326603
0.00909937
0.0149247
0.0206928
0.0263563
0.0318693
0.0371869
0.0422653
0.0470609
0.0515304
0.0556305
0.0593179
0.0625489
0.0652792
0.0674642
0.0690585
0.070016
0.0702901
0.0698334
0.0685982
0.0665364
0.0636003
0.0597431
0.0549198
0.049089
0.042215
0.034271
0.0252439
0.0151405
0.0039966
-0.00811109
-0.0210498
-0.0346116
-0.0484914
-0.062265
-0.0753691
-0.087094
-0.0965968
-0.102949
-0.10523
-0.102681
-0.0948949
-0.0820408
-0.0650477
-0.0456492
-0.0262784
-0.010267
-0.00179562
-0.00048113
-0.00296601
-0.00789906
-0.0141774
-0.020958
-0.0276354
-0.0337356
-0.0389219
-0.0429866
-0.0458268
-0.0474184
-0.0477941
-0.0470237
-0.0452004
-0.0424289
-0.0388186
-0.0344776
-0.02951
-0.0240137
-0.01808
-0.0117929
-0.00522957
0.00153884
0.00844691
0.0154341
0.0224438
0.0294232
0.0363219
0.0430921
0.0496874
0.0560628
0.062174
0.0679774
0.0734294
0.0784863
0.0831042
0.0872385
0.0908441
0.0938747
0.0962832
0.0980213
0.0990395
0.0992869
0.0987116
0.0972602
0.0948788
0.0915128
0.0871077
0.0816107
0.0749719
0.0671472
0.058102
0.0478172
0.036297
0.0235808
0.00975786
-0.0050118
-0.0204729
-0.0362461
-0.0517997
-0.066428
-0.0792472
-0.0892261
-0.0952683
-0.0963623
-0.0918017
-0.0814579
-0.0660427
-0.0472354
-0.0276298
-0.0109554
-0.00195297
-0.000600841
-0.00362875
-0.00953878
-0.0169169
-0.024703
-0.0321649
-0.0387577
-0.0441187
-0.0480477
-0.0504698
-0.0513996
-0.0509115
-0.0491166
-0.0461455
-0.0421356
-0.037224
-0.0315414
-0.0252103
-0.0183429
-0.0110416
-0.00339869
0.00450224
0.0125857
0.0207832
0.029032
0.0372745
0.045457
0.0535291
0.061443
0.0691525
0.0766131
0.0837808
0.0906124
0.0970644
0.103093
0.108655
0.113705
0.118197
0.122085
0.125319
0.127849
0.129624
0.13059
0.130691
0.12987
0.128067
0.125221
0.121269
0.116147
0.109793
0.102148
0.0931558
0.0827735
0.0709744
0.0577599
0.043174
0.0273236
0.0104053
-0.00726141
-0.0251969
-0.0427253
-0.0589517
-0.0727686
-0.0829172
-0.0881268
-0.0873497
-0.080085
-0.0667337
-0.0488368
-0.029115
-0.0117434
-0.00213823
-0.000759767
-0.00448533
-0.0116181
-0.0203292
-0.0292818
-0.0375966
-0.0446584
-0.0500915
-0.0537221
-0.0555224
-0.055563
-0.0539743
-0.050919
-0.0465726
-0.0411104
-0.0346998
-0.0274957
-0.0196391
-0.0112564
-0.00246004
0.00665021
0.0159858
0.0254681
0.0350266
0.0445979
0.0541242
0.0635522
0.0728323
0.0819176
0.0907631
0.0993252
0.107561
0.115429
0.122885
0.129888
0.136394
0.142357
0.147732
0.152471
0.156526
0.159844
0.162373
0.164056
0.164834
0.164646
0.163429
0.161114
0.157633
0.152912
0.146878
0.139457
0.130576
0.120168
0.108178
0.0945702
0.0793427
0.0625462
0.0443111
0.0248842
0.0046724
-0.0157074
-0.0353842
-0.0532112
-0.0677953
-0.0776116
-0.0812378
-0.0777213
-0.067035
-0.0504623
-0.0307856
-0.0126708
-0.00236281
-0.000973015
-0.00559798
-0.0142556
-0.0245604
-0.0348262
-0.0440098
-0.051437
-0.0567445
-0.0598133
-0.0606904
-0.0595244
-0.0565187
-0.0518994
-0.0458944
-0.0387209
-0.0305786
-0.0216468
-0.0120842
-0.00202973
0.0083957
0.0190869
0.0299524
0.0409121
0.0518956
0.0628402
0.0736893
0.0843917
0.0948995
0.105168
0.115154
0.124817
0.134114
0.143007
0.151453
0.159412
0.16684
0.173694
0.179928
0.185494
0.190345
0.194426
0.197684
0.200061
0.201496
0.201926
0.201281
0.199491
0.196479
0.192166
0.186469
0.1793
0.170572
0.160198
0.148095
0.134192
0.118444
0.100842
0.0814472
0.0604218
0.0380809
0.0149522
-0.0081579
-0.0301113
-0.0494252
-0.0643454
-0.0730569
-0.0740759
-0.0668071
-0.0521092
-0.0327092
-0.013796
-0.00264449
-0.00126371
-0.00705488
-0.0176063
-0.0297822
-0.0414608
-0.0514312
-0.058991
-0.063832
-0.0659342
-0.0654557
-0.0626511
-0.0578155
-0.0512502
-0.0432421
-0.0340524
-0.0239131
-0.0130262
-0.00156537
0.0103211
0.0225071
0.0348851
0.0473636
0.059864
0.072318
0.0846661
0.096855
0.108837
0.120567
0.132005
0.143111
0.153846
0.164172
0.174051
0.183444
0.192313
0.200616
0.20831
0.215352
0.221694
0.227288
0.232081
0.236018
0.239042
0.24109
0.242095
0.241988
0.240692
0.238128
0.23421
0.228847
0.221942
0.213395
0.203099
0.19095
0.176845
0.160694
0.142436
0.122055
0.0996243
0.0753487
0.0496377
0.0231881
-0.00292922
-0.0272063
-0.0477103
-0.0622419
-0.0687188
-0.0658169
-0.0537433
-0.0349718
-0.0152059
-0.00301189
-0.00166886
-0.00898467
-0.0218737
-0.0361853
-0.0492706
-0.0597747
-0.0670308
-0.0708571
-0.0713943
-0.0689593
-0.0639441
-0.0567555
-0.0477794
-0.0373644
-0.0258153
-0.0133923
-0.00031516
0.0132329
0.0270995
0.0411583
0.0553045
0.0694506
0.0835229
0.097459
0.111205
0.124714
0.137942
0.150852
0.163407
0.175572
0.187312
0.198594
0.209384
0.219645
0.229341
0.238434
0.246883
0.254647
0.261678
0.26793
0.273352
0.277888
0.281481
0.284067
0.28558
0.285948
0.285092
0.282931
0.279373
0.274323
0.267676
0.259321
0.249137
0.237
0.22278
0.206348
0.18759
0.166419
0.142811
0.11685
0.0888002
0.0592024
0.0289926
-0.000381563
-0.0268936
-0.0480082
-0.0610074
-0.0636712
-0.05526
-0.0376735
-0.0170313
-0.00351275
-0.00225051
-0.0115802
-0.0273222
-0.0439571
-0.0582316
-0.0687292
-0.0749369
-0.0769081
-0.0750286
-0.0698302
-0.0618757
-0.0516982
-0.0397722
-0.0265049
-0.0122365
0.00275314
0.0182364
0.0340294
0.0499844
0.0659823
0.0819274
0.0977418
0.113362
0.128735
0.143816
0.158567
0.172953
0.186943
0.200507
0.213617
0.226244
0.238359
0.249932
0.260932
0.271325
0.281078
0.290152
0.298507
0.306101
0.312886
0.318815
0.323832
0.327882
0.330901
0.332822
0.333574
0.333079
0.331251
0.327998
0.323221
0.31681
0.308646
0.298599
0.286528
0.272279
0.255694
0.236608
0.214868
0.190354
0.163021
0.132968
0.100536
0.0664529
0.0320003
-0.0008264
-0.0292628
-0.0499764
-0.0597064
-0.0564057
-0.0409084
-0.0194691
-0.00422904
-0.00311702
-0.0151371
-0.0342826
-0.0532156
-0.068068
-0.077554
-0.081516
-0.0804
-0.0749413
-0.0659452
-0.0541702
-0.0402791
-0.0248263
-0.00826199
0.00905516
0.026843
0.0448818
0.0630013
0.08107
0.0989867
0.116673
0.134068
0.151124
0.167802
0.184071
0.199905
0.215279
0.230173
0.244564
0.258433
0.271757
0.284515
0.296681
0.30823
0.319132
0.329358
0.338873
0.347641
0.355621
0.36277
0.369041
0.374382
0.378739
0.38205
0.38425
0.385268
0.385026
0.38344
0.380419
0.375859
0.369651
0.361671
0.351781
0.33983
0.325648
0.309049
0.28983
0.267776
0.24268
0.214367
0.182757
0.147958
0.110416
0.071127
0.0318885
-0.00448922
-0.034179
-0.0528073
-0.0566287
-0.0447038
-0.0228088
-0.00530366
-0.00446325
-0.0201106
-0.0431221
-0.0638403
-0.077957
-0.0847029
-0.0845933
-0.0786723
-0.068135
-0.0541024
-0.0375288
-0.0191849
0.000326975
0.0205466
0.0411282
0.0618152
0.0824189
0.102802
0.122866
0.142539
0.16177
0.180524
0.198775
0.216504
0.233697
0.250342
0.26643
0.281949
0.296891
0.311242
0.32499
0.338119
0.350612
0.362447
0.373602
0.384051
0.393763
0.402707
0.410846
0.41814
0.424544
0.430011
0.434488
0.437917
0.440236
0.441375
0.441261
0.439809
0.436931
0.432526
0.426483
0.418679
0.408973
0.397209
0.383206
0.36676
0.347636
0.325572
0.300282
0.271473
0.238885
0.20237
0.162035
0.118466
0.0730584
0.0283976
-0.011461
-0.0411181
-0.054797
-0.0488624
-0.0274468
-0.0069834
-0.00664117
-0.0271817
-0.0540952
-0.0750584
-0.0859287
-0.0871465
-0.0803445
-0.067387
-0.0500021
-0.0296137
-0.00731813
0.0160728
0.0399746
0.0639752
0.0877903
0.111228
0.134161
0.156509
0.178224
0.199279
0.21966
0.239365
0.258397
0.276759
0.29446
0.311505
0.327899
0.343645
0.358744
0.373195
0.386994
0.400131
0.412597
0.424378
0.435455
0.445808
0.455412
0.464239
0.472256
0.479428
0.485715
0.491072
0.49545
0.498796
0.50105
0.502149
0.502021
0.500587
0.497763
0.493451
0.487544
0.479923
0.470449
0.458964
0.445285
0.429198
0.41045
0.388743
0.363732
0.335022
0.302189
0.264831
0.222678
0.175804
0.124985
0.0722232
0.0213454
-0.0215907
-0.0486843
-0.0525855
-0.0338199
-0.00967094
-0.010254
-0.0372393
-0.0668255
-0.0844607
-0.087666
-0.0791819
-0.0622523
-0.0396897
-0.0136976
0.0141305
0.0427033
0.0713009
0.0994654
0.126918
0.153501
0.179132
0.203781
0.227449
0.250154
0.271927
0.2928
0.312809
0.331988
0.350369
0.36798
0.384846
0.400988
0.416422
0.431161
0.445213
0.458582
0.471268
0.483267
0.49457
0.505167
0.51504
0.52417
0.532535
0.540105
0.54685
0.552735
0.557718
0.561757
0.564803
0.566801
0.567693
0.567414
0.565891
0.563044
0.558784
0.553012
0.545613
0.536456
0.52539
0.512235
0.496777
0.478757
0.457862
0.433706
0.405823
0.373658
0.336583
0.293959
0.245288
0.190539
0.13073
0.0688072
0.0106903
-0.0340548
-0.0536096
-0.0420281
-0.013909
-0.0161377
-0.0508528
-0.0786919
-0.0857267
-0.0742044
-0.0504825
-0.0196363
0.0147889
0.0504595
0.0859484
0.120443
0.153522
0.184998
0.214828
0.243045
0.269723
0.294954
0.318838
0.341471
0.362942
0.383334
0.40272
0.421167
0.438729
0.455457
0.471391
0.486566
0.501009
0.514743
0.527784
0.540144
0.551828
0.562838
0.573173
0.582824
0.591781
0.600028
0.607548
0.614316
0.620306
0.625488
0.629827
0.633285
0.635819
0.637382
0.637921
0.637378
0.63569
0.632785
0.628584
0.622997
0.615921
0.607236
0.596802
0.584454
0.569987
0.553151
0.533636
0.511045
0.484879
0.4545
0.419119
0.377785
0.329457
0.273208
0.208725
0.13729
0.0634104
-0.00310978
-0.046348
-0.0505322
-0.0199785
-0.0246204
-0.0658513
-0.0802548
-0.0636565
-0.0278809
0.0166903
0.0639917
0.110696
0.155131
0.196609
0.234974
0.270337
0.302924
0.333
0.360832
0.386664
0.410718
0.433184
0.45423
0.473997
0.492607
0.510163
0.526752
0.542449
0.557317
0.571405
0.584758
0.597411
0.609391
0.620719
0.631412
0.641479
0.650926
0.659755
0.667962
0.675539
0.682477
0.688759
0.694368
0.699283
0.703477
0.706923
0.709589
0.711437
0.712429
0.712521
0.711664
0.709804
0.706882
0.702829
0.697569
0.691015
0.683063
0.673592
0.662456
0.649474
0.634421
0.617009
0.596865
0.5735
0.546265
0.514299
0.47647
0.431331
0.377152
0.312166
0.235333
0.148149
0.0578805
-0.0183923
-0.0528646
-0.0262208
-0.0312988
-0.0687278
-0.0436744
0.015472
0.083679
0.150381
0.211696
0.266445
0.314762
0.357325
0.39494
0.42837
0.458281
0.485231
0.509679
0.531998
0.552492
0.571408
0.588949
0.605279
0.620535
0.63483
0.648254
0.660887
0.67279
0.684017
0.69461
0.704604
0.714027
0.7229
0.731238
0.739054
0.746354
0.75314
0.759412
0.765164
0.77039
0.775078
0.779214
0.782782
0.785762
0.788132
0.789868
0.790941
0.79132
0.790972
0.789858
0.787938
0.785164
0.781484
0.776838
0.771157
0.764361
0.756353
0.747016
0.736203
0.72373
0.709358
0.692771
0.673543
0.651096
0.624623
0.592999
0.554647
0.507387
0.448322
0.374028
0.281704
0.172057
0.0556981
-0.0301854
-0.0232111
-0.000660427
0.000352627
0.104333
0.217905
0.312099
0.388126
0.44978
0.500011
0.54135
0.575871
0.605146
0.630341
0.652318
0.671722
0.689037
0.704633
0.718795
0.731744
0.743656
0.754668
0.764893
0.774422
0.783326
0.791667
0.799493
0.806843
0.81375
0.820239
0.826333
0.832045
0.837388
0.842371
0.846998
0.851271
0.85519
0.858752
0.861952
0.864782
0.867233
0.869294
0.870952
0.872192
0.872997
0.873349
0.873228
0.872612
0.871474
0.869789
0.867525
0.864648
0.861118
0.856891
0.851911
0.846116
0.839425
0.83174
0.822933
0.812839
0.801237
0.787824
0.772178
0.753698
0.73151
0.70431
0.670123
0.62591
0.567062
0.48705
0.376958
0.228427
0.0726437
0.0309695
0.292184
0.379306
0.530607
0.64433
0.714297
0.760017
0.792311
0.816128
0.834335
0.848758
0.860546
0.870427
0.878883
0.886244
0.892742
0.898545
0.903778
0.908536
0.912892
0.916901
0.92061
0.924053
0.927259
0.930251
0.933049
0.935666
0.938116
0.940408
0.942549
0.944545
0.9464
0.948116
0.949696
0.951139
0.952446
0.953613
0.95464
0.955523
0.956258
0.95684
0.957264
0.957525
0.957616
0.957529
0.957257
0.956792
0.956124
0.955242
0.954135
0.952791
0.951193
0.949325
0.947166
0.944692
0.941871
0.938665
0.935023
0.93088
0.926146
0.9207
0.91437
0.906908
0.897942
0.886901
0.872863
0.854247
0.828214
0.789432
0.726146
0.611349
0.435853
0.317985
)
;

boundaryField
{
    movingWall
    {
        type            calculated;
        value           uniform 1;
    }
    fixedWalls
    {
        type            calculated;
        value           uniform 0;
    }
    frontAndBack
    {
        type            empty;
    }
}


// ************************************************************************* //
