/*--------------------------------*- C++ -*----------------------------------*\
  =========                 |
  \\      /  F ield         | OpenFOAM: The Open Source CFD Toolbox
   \\    /   O peration     | Website:  https://openfoam.org
    \\  /    A nd           | Version:  dev
     \\/     M anipulation  |
\*---------------------------------------------------------------------------*/
FoamFile
{
    format      ascii;
    class       volScalarField;
    location    "33.3";
    object      Ux;
}
// * * * * * * * * * * * * * * * * * * * * * * * * * * * * * * * * * * * * * //

dimensions      [0 1 -1 0 0 0 0];

internalField   nonuniform List<scalar> 
5184
(
1.23341e-05
4.51795e-05
8.0341e-05
9.60059e-05
8.21792e-05
3.64804e-05
-4.05396e-05
-0.00014686
-0.000279689
-0.000435971
-0.000612586
-0.000806498
-0.00101484
-0.00123495
-0.00146436
-0.00170083
-0.00194226
-0.00218676
-0.00243253
-0.00267789
-0.00292123
-0.00316101
-0.00339567
-0.00362371
-0.00384359
-0.00405377
-0.0042527
-0.00443881
-0.0046105
-0.00476622
-0.00490439
-0.00502349
-0.00512206
-0.00519873
-0.00525223
-0.00528144
-0.00528543
-0.00526347
-0.00521505
-0.00513995
-0.00503822
-0.00491025
-0.00475674
-0.00457875
-0.00437767
-0.00415526
-0.00391362
-0.00365517
-0.00338265
-0.00309905
-0.00280761
-0.00251177
-0.00221508
-0.00192121
-0.00163383
-0.00135659
-0.001093
-0.000846464
-0.000620109
-0.000416791
-0.000239008
-8.88383e-05
3.21303e-05
0.000122883
0.000183088
0.000213247
0.00021495
0.000191247
0.000147168
9.08063e-05
3.663e-05
6.22627e-06
2.08523e-05
6.56418e-05
9.47498e-05
7.28534e-05
-1.8886e-05
-0.000187282
-0.000432915
-0.000752568
-0.0011407
-0.00159052
-0.00209469
-0.00264576
-0.00323643
-0.00385969
-0.00450894
-0.00517799
-0.00586103
-0.00655262
-0.00724763
-0.00794116
-0.00862852
-0.00930516
-0.00996661
-0.0106084
-0.0112262
-0.0118156
-0.0123721
-0.0128913
-0.0133689
-0.0138006
-0.014182
-0.014509
-0.0147778
-0.0149848
-0.0151267
-0.0152006
-0.0152041
-0.0151355
-0.0149937
-0.0147783
-0.0144897
-0.0141291
-0.0136986
-0.0132012
-0.012641
-0.0120227
-0.0113522
-0.010636
-0.00988156
-0.00909694
-0.00829085
-0.00747247
-0.00665134
-0.00583719
-0.00503982
-0.00426888
-0.00353376
-0.00284338
-0.00220602
-0.00162916
-0.00111927
-0.000681666
-0.000320246
-3.72978e-05
0.000166811
0.000294003
0.000349028
0.000340157
0.000279887
0.00018607
8.6377e-05
1.96812e-05
1.76426e-05
4.13521e-05
1.9634e-05
-8.39626e-05
-0.000290222
-0.000607889
-0.00103823
-0.00157742
-0.00221831
-0.00295169
-0.00376731
-0.00465444
-0.00560237
-0.00660062
-0.00763915
-0.0087084
-0.00979927
-0.0109032
-0.0120119
-0.0131176
-0.0142127
-0.0152898
-0.0163417
-0.0173612
-0.0183413
-0.019275
-0.0201551
-0.0209748
-0.0217271
-0.0224053
-0.0230029
-0.0235134
-0.0239311
-0.0242504
-0.0244664
-0.0245749
-0.0245726
-0.0244568
-0.0242261
-0.0238802
-0.0234199
-0.0228474
-0.022166
-0.0213807
-0.0204977
-0.0195247
-0.0184704
-0.0173453
-0.0161606
-0.0149289
-0.0136633
-0.012378
-0.0110875
-0.00980656
-0.00855018
-0.00733302
-0.00616933
-0.00507265
-0.0040555
-0.00312918
-0.00230341
-0.00158609
-0.000982966
-0.000497257
-0.000129277
0.000124043
0.000269799
0.000319841
0.000291306
0.000207425
0.000102465
2.49795e-05
8.84458e-06
-6.99381e-06
-0.000107556
-0.00032234
-0.000669586
-0.0011577
-0.00178743
-0.00255401
-0.0034489
-0.00446106
-0.00557802
-0.00678656
-0.0080733
-0.00942495
-0.0108286
-0.0122719
-0.0137428
-0.0152301
-0.0167226
-0.01821
-0.0196819
-0.0211284
-0.0225398
-0.0239064
-0.0252186
-0.026467
-0.0276422
-0.028735
-0.0297362
-0.030637
-0.0314288
-0.0321034
-0.0326531
-0.033071
-0.0333508
-0.0334872
-0.0334761
-0.0333143
-0.0330004
-0.0325339
-0.0319163
-0.0311506
-0.0302415
-0.0291956
-0.0280211
-0.026728
-0.025328
-0.0238344
-0.0222622
-0.0206272
-0.0189469
-0.0172394
-0.0155234
-0.0138181
-0.0121427
-0.0105161
-0.00895679
-0.00748208
-0.00610816
-0.00484952
-0.00371865
-0.00272567
-0.0018779
-0.00117947
-0.00063086
-0.000228352
3.65261e-05
0.00017767
0.00021481
0.000174119
9.30413e-05
2.40304e-05
-2.12221e-06
-6.72827e-05
-0.000264097
-0.000609759
-0.00111677
-0.00179133
-0.00263246
-0.00363377
-0.00478515
-0.00607387
-0.0074856
-0.00900506
-0.0106167
-0.0123049
-0.0140544
-0.0158504
-0.0176785
-0.0195248
-0.0213761
-0.0232193
-0.0250419
-0.0268314
-0.028576
-0.0302635
-0.0318823
-0.0334207
-0.0348672
-0.0362105
-0.0374395
-0.0385434
-0.039512
-0.0403354
-0.0410044
-0.0415109
-0.0418475
-0.042008
-0.0419876
-0.0417829
-0.0413922
-0.0408154
-0.0400544
-0.0391129
-0.037997
-0.0367145
-0.0352755
-0.0336921
-0.0319783
-0.0301503
-0.0282256
-0.0262236
-0.0241648
-0.0220709
-0.0199643
-0.0178679
-0.0158045
-0.0137967
-0.0118665
-0.0100347
-0.00832047
-0.00674119
-0.00531181
-0.00404446
-0.002948
-0.00202758
-0.00128413
-0.000713903
-0.00030789
-5.13246e-05
7.66714e-05
0.00010361
6.75154e-05
1.96676e-05
-1.36942e-05
-0.000132832
-0.000435827
-0.00092465
-0.00160393
-0.00247624
-0.00353773
-0.0047797
-0.00619006
-0.00775429
-0.00945626
-0.0112789
-0.0132047
-0.0152162
-0.0172961
-0.0194274
-0.0215937
-0.0237791
-0.025968
-0.0281453
-0.0302964
-0.0324069
-0.0344624
-0.0364492
-0.0383533
-0.0401612
-0.0418595
-0.043435
-0.0448749
-0.0461669
-0.0472989
-0.0482598
-0.0490393
-0.0496278
-0.0500173
-0.0502008
-0.0501729
-0.0499299
-0.0494701
-0.0487936
-0.0479027
-0.0468019
-0.0454981
-0.0440005
-0.0423207
-0.0404725
-0.0384721
-0.0363377
-0.0340896
-0.0317497
-0.0293414
-0.0268896
-0.0244196
-0.0219575
-0.0195296
-0.0171615
-0.0148783
-0.0127039
-0.0106603
-0.00876744
-0.0070426
-0.00549989
-0.00414975
-0.00299856
-0.0020481
-0.00129508
-0.000730737
-0.000340333
-0.000102912
9.16533e-06
3.25031e-05
1.36223e-05
-2.51863e-05
-0.000200015
-0.000614091
-0.00125293
-0.00211207
-0.00318936
-0.00447723
-0.00596396
-0.00763506
-0.00947397
-0.0114627
-0.0135825
-0.015814
-0.0181381
-0.0205357
-0.0229881
-0.025477
-0.0279847
-0.0304937
-0.0329871
-0.0354483
-0.037861
-0.0402093
-0.0424772
-0.0446493
-0.0467102
-0.0486447
-0.0504381
-0.0520761
-0.0535446
-0.0548305
-0.0559214
-0.0568057
-0.0574731
-0.0579144
-0.0581222
-0.0580907
-0.0578158
-0.0572957
-0.0565307
-0.0555233
-0.0542789
-0.0528048
-0.0511116
-0.0492118
-0.0471209
-0.0448568
-0.0424397
-0.0398918
-0.0372375
-0.0345028
-0.0317149
-0.0289022
-0.0260935
-0.0233179
-0.020604
-0.0179799
-0.0154721
-0.0131053
-0.0109021
-0.00888181
-0.00706072
-0.00545103
-0.00406057
-0.00289235
-0.00194408
-0.0012078
-0.000669589
-0.00030922
-9.98571e-05
-7.71147e-06
6.8614e-06
-3.63409e-05
-0.000266947
-0.000793765
-0.00158567
-0.00262849
-0.00391468
-0.00543226
-0.00716596
-0.00909843
-0.0112108
-0.0134832
-0.0158949
-0.0184251
-0.021053
-0.0237578
-0.0265194
-0.0293179
-0.0321339
-0.0349483
-0.0377427
-0.0404988
-0.0431986
-0.0458245
-0.0483591
-0.0507852
-0.053086
-0.0552447
-0.0572453
-0.0590718
-0.0607091
-0.0621428
-0.0633593
-0.064346
-0.0650917
-0.0655867
-0.0658227
-0.0657934
-0.0654945
-0.0649241
-0.0640824
-0.0629723
-0.0615994
-0.0599718
-0.0581006
-0.0559996
-0.0536855
-0.0511774
-0.0484972
-0.045669
-0.0427191
-0.0396758
-0.0365686
-0.0334283
-0.0302864
-0.0271746
-0.0241244
-0.0211663
-0.0183297
-0.015642
-0.0131281
-0.0108098
-0.00870551
-0.00682944
-0.00519121
-0.0037954
-0.0026412
-0.001722
-0.00102525
-0.000532106
-0.000217217
-5.04607e-05
-8.40287e-08
-4.70619e-05
-0.000332644
-0.000971853
-0.00191724
-0.00314478
-0.00464113
-0.00638946
-0.00837049
-0.0105637
-0.0129477
-0.0155004
-0.0181993
-0.0210219
-0.0239458
-0.026949
-0.0300098
-0.0331068
-0.0362194
-0.0393272
-0.04241
-0.0454483
-0.0484227
-0.0513142
-0.0541039
-0.0567732
-0.0593038
-0.0616779
-0.0638779
-0.0658868
-0.0676882
-0.0692666
-0.0706073
-0.0716969
-0.0725234
-0.073076
-0.0733462
-0.073327
-0.0730138
-0.0724042
-0.0714986
-0.0702998
-0.0688135
-0.0670484
-0.065016
-0.0627309
-0.0602107
-0.0574758
-0.0545492
-0.0514566
-0.0482263
-0.0448881
-0.0414739
-0.0380168
-0.0345506
-0.0311096
-0.0277278
-0.0244386
-0.021274
-0.018264
-0.0154362
-0.0128149
-0.0104209
-0.00827062
-0.00637581
-0.00474305
-0.00337336
-0.00226198
-0.00139818
-0.000764997
-0.00033901
-9.41853e-05
-6.94374e-06
-5.7337e-05
-0.000396625
-0.00114662
-0.00224412
-0.00365537
-0.00536105
-0.00733923
-0.00956633
-0.0120184
-0.0146713
-0.0175005
-0.0204818
-0.0235909
-0.026804
-0.0300976
-0.0334488
-0.0368351
-0.0402344
-0.0436251
-0.046986
-0.0502962
-0.0535352
-0.0566826
-0.0597183
-0.0626226
-0.065376
-0.0679594
-0.070354
-0.0725419
-0.0745054
-0.0762282
-0.0776945
-0.0788901
-0.079802
-0.0804189
-0.0807313
-0.0807318
-0.0804154
-0.0797791
-0.0788232
-0.0775502
-0.0759659
-0.0740791
-0.0719016
-0.0694485
-0.066738
-0.0637913
-0.0606327
-0.0572892
-0.0537903
-0.0501678
-0.0464555
-0.0426886
-0.0389032
-0.0351362
-0.0314241
-0.0278031
-0.0243079
-0.0209713
-0.0178237
-0.0148922
-0.0122002
-0.00976678
-0.00760604
-0.00572692
-0.00413272
-0.00282088
-0.0017829
-0.00100402
-0.000463018
-0.000138067
-1.36019e-05
-6.7184e-05
-0.000458664
-0.00131706
-0.0025641
-0.00415655
-0.00606912
-0.00827464
-0.0107451
-0.0134529
-0.016371
-0.0194725
-0.0227311
-0.0261209
-0.0296166
-0.0331934
-0.0368273
-0.0404945
-0.0441719
-0.047837
-0.0514673
-0.055041
-0.0585364
-0.0619321
-0.0652071
-0.0683405
-0.0713118
-0.0741008
-0.0766878
-0.0790536
-0.08118
-0.0830492
-0.084645
-0.0859519
-0.0869563
-0.0876459
-0.0880107
-0.0880425
-0.0877354
-0.0870863
-0.0860946
-0.0847628
-0.0830962
-0.0811036
-0.0787968
-0.0761911
-0.0733051
-0.0701607
-0.0667828
-0.0631997
-0.059442
-0.0555433
-0.0515389
-0.0474663
-0.0433639
-0.0392709
-0.0352267
-0.0312701
-0.0274388
-0.0237687
-0.0202931
-0.0170422
-0.0140424
-0.0113155
-0.00887863
-0.00674337
-0.00491563
-0.0033954
-0.00217674
-0.00124732
-0.00058823
-0.00018178
-2.0032e-05
-7.66272e-05
-0.000518655
-0.00148257
-0.00287573
-0.00464577
-0.00676152
-0.00919058
-0.0119004
-0.0148598
-0.0180385
-0.0214073
-0.0249377
-0.0286022
-0.0323741
-0.0362273
-0.0401365
-0.0440772
-0.0480253
-0.0519571
-0.0558496
-0.0596797
-0.0634252
-0.0670635
-0.0705729
-0.0739314
-0.0771177
-0.0801108
-0.0828898
-0.085435
-0.0877268
-0.089747
-0.091478
-0.0929038
-0.0940096
-0.0947826
-0.0952116
-0.0952877
-0.0950043
-0.0943574
-0.0933458
-0.0919713
-0.0902389
-0.0881568
-0.0857366
-0.0829936
-0.0799465
-0.0766174
-0.073032
-0.0692192
-0.065211
-0.0610422
-0.05675
-0.0523737
-0.047954
-0.0435327
-0.0391519
-0.0348535
-0.0306783
-0.0266653
-0.0228514
-0.0192699
-0.0159506
-0.0129187
-0.0101945
-0.00779248
-0.00572171
-0.00398499
-0.00257917
-0.00149453
-0.000714489
-0.000225324
-2.62606e-05
-8.56882e-05
-0.00057655
-0.00164278
-0.00317803
-0.00512121
-0.00743542
-0.0100831
-0.0130273
-0.016233
-0.0196669
-0.0232972
-0.0270935
-0.0310264
-0.0350679
-0.0391907
-0.0433685
-0.0475758
-0.0517876
-0.0559796
-0.0601278
-0.0642087
-0.068199
-0.0720756
-0.0758159
-0.0793972
-0.0827974
-0.0859946
-0.0889674
-0.0916948
-0.0941568
-0.096334
-0.098208
-0.099762
-0.10098
-0.101849
-0.102356
-0.102491
-0.102247
-0.101618
-0.100604
-0.099204
-0.0974229
-0.0952683
-0.0927512
-0.0898865
-0.0866926
-0.0831918
-0.0794102
-0.0753772
-0.0711257
-0.0666919
-0.0621145
-0.0574348
-0.0526958
-0.047942
-0.0432183
-0.0385698
-0.0340407
-0.0296737
-0.025509
-0.021584
-0.017932
-0.0145819
-0.0115577
-0.00887734
-0.00655318
-0.0045912
-0.00299126
-0.00174637
-0.000842242
-0.000268921
-3.23462e-05
-9.43821e-05
-0.00063231
-0.00179739
-0.00347027
-0.00558146
-0.00808859
-0.0109491
-0.0141216
-0.0175674
-0.0212502
-0.0251356
-0.0291911
-0.0333858
-0.0376901
-0.0420757
-0.0465153
-0.0509825
-0.0554517
-0.0598978
-0.0642962
-0.0686228
-0.0728538
-0.0769653
-0.0809342
-0.0847372
-0.0883514
-0.0917543
-0.0949238
-0.0978381
-0.100476
-0.102818
-0.104845
-0.106538
-0.107881
-0.108859
-0.109458
-0.109668
-0.109481
-0.108889
-0.10789
-0.106483
-0.104672
-0.102463
-0.0998658
-0.0968955
-0.0935697
-0.0899105
-0.085944
-0.0817
-0.0772123
-0.0725179
-0.0676573
-0.0626737
-0.0576123
-0.0525204
-0.0474461
-0.0424376
-0.037543
-0.0328087
-0.0282792
-0.0239958
-0.0199962
-0.0163133
-0.012975
-0.0100033
-0.00741423
-0.00521719
-0.00341529
-0.00200434
-0.000972367
-0.000312941
-3.83668e-05
-0.000102717
-0.000685891
-0.00194618
-0.0037518
-0.00602532
-0.00871913
-0.0117859
-0.0151798
-0.0188587
-0.0227831
-0.0269164
-0.031224
-0.0356731
-0.0402331
-0.0448744
-0.0495689
-0.0542894
-0.0590097
-0.0637042
-0.0683477
-0.0729157
-0.0773837
-0.0817276
-0.0859237
-0.0899481
-0.0937775
-0.0973887
-0.100759
-0.103866
-0.106687
-0.109203
-0.111393
-0.113237
-0.114718
-0.11582
-0.116529
-0.116832
-0.11672
-0.116183
-0.115219
-0.113825
-0.112003
-0.109758
-0.1071
-0.104041
-0.1006
-0.096796
-0.0926566
-0.0882114
-0.0834945
-0.0785443
-0.0734023
-0.0681138
-0.0627264
-0.05729
-0.0518561
-0.0464766
-0.0412034
-0.0360874
-0.0311773
-0.0265192
-0.0221552
-0.0181231
-0.0144551
-0.0111776
-0.00831058
-0.00586735
-0.00385442
-0.00227056
-0.00110605
-0.000357857
-4.44124e-05
-0.000110692
-0.000737233
-0.00208887
-0.00402201
-0.00645169
-0.00932531
-0.0125909
-0.0161986
-0.0201027
-0.0242609
-0.0286341
-0.0331857
-0.0378816
-0.0426895
-0.0475791
-0.0525213
-0.0574884
-0.0624535
-0.0673907
-0.0722743
-0.0770794
-0.0817812
-0.0863554
-0.0907776
-0.0950238
-0.0990701
-0.102893
-0.106469
-0.109774
-0.112788
-0.115487
-0.117851
-0.11986
-0.121494
-0.122737
-0.123573
-0.123987
-0.123969
-0.123509
-0.1226
-0.12124
-0.119428
-0.117168
-0.114468
-0.11134
-0.107799
-0.103866
-0.0995668
-0.094931
-0.0899931
-0.0847922
-0.0793712
-0.073777
-0.0680598
-0.0622723
-0.0564695
-0.0507071
-0.0450414
-0.0395278
-0.0342201
-0.0291693
-0.0244228
-0.0200233
-0.0160082
-0.0124086
-0.00924908
-0.00654694
-0.00431247
-0.00254753
-0.00124467
-0.000404211
-5.05807e-05
-0.000118301
-0.000786252
-0.00222517
-0.00428028
-0.00685948
-0.00990544
-0.0133618
-0.0171749
-0.0212956
-0.0256788
-0.0302832
-0.0350702
-0.0400042
-0.0450519
-0.0501817
-0.0553641
-0.0605707
-0.0657741
-0.070948
-0.0760667
-0.0811047
-0.0860373
-0.0908396
-0.0954872
-0.0999557
-0.104221
-0.108259
-0.112045
-0.115557
-0.118771
-0.121664
-0.124214
-0.126401
-0.128204
-0.129604
-0.130585
-0.131131
-0.131228
-0.130865
-0.130034
-0.12873
-0.126951
-0.124698
-0.121978
-0.118799
-0.115178
-0.111133
-0.106688
-0.101874
-0.0967248
-0.0912796
-0.0855829
-0.0796831
-0.0736329
-0.0674881
-0.0613069
-0.0551495
-0.0490767
-0.0431489
-0.0374253
-0.0319625
-0.0268136
-0.0220271
-0.0176457
-0.013706
-0.0102374
-0.00726193
-0.00479375
-0.00283807
-0.00138979
-0.000452592
-5.69742e-05
-0.000125532
-0.000832844
-0.00235477
-0.00452594
-0.00724754
-0.0104578
-0.0140963
-0.0181056
-0.0224335
-0.0270323
-0.0318583
-0.0368713
-0.0420342
-0.0473126
-0.0526742
-0.0580886
-0.0635269
-0.0689617
-0.0743661
-0.0797143
-0.0849808
-0.0901406
-0.0951689
-0.100041
-0.104732
-0.109218
-0.113475
-0.117477
-0.121201
-0.124624
-0.127722
-0.130471
-0.13285
-0.134837
-0.136413
-0.137558
-0.138255
-0.138488
-0.138246
-0.137516
-0.136292
-0.134569
-0.132347
-0.129628
-0.126422
-0.122741
-0.118602
-0.11403
-0.109051
-0.103702
-0.0980205
-0.0920529
-0.0858491
-0.0794639
-0.0729561
-0.0663878
-0.0598234
-0.0533286
-0.0469695
-0.0408109
-0.0349157
-0.0293432
-0.0241481
-0.0193796
-0.0150799
-0.0112839
-0.0080187
-0.00530289
-0.00314521
-0.00154306
-0.000503621
-6.36978e-05
-0.000132367
-0.000876883
-0.00247728
-0.00475826
-0.00761469
-0.0109807
-0.014792
-0.0189876
-0.0235125
-0.0283165
-0.0333538
-0.0385826
-0.0439645
-0.0494639
-0.0550478
-0.0606854
-0.0663473
-0.0720057
-0.0776338
-0.0832055
-0.0886955
-0.0940786
-0.0993299
-0.104425
-0.109339
-0.114047
-0.118525
-0.122748
-0.126692
-0.130332
-0.133644
-0.136605
-0.13919
-0.141377
-0.143146
-0.144474
-0.145343
-0.145736
-0.145636
-0.145032
-0.143912
-0.142271
-0.140104
-0.137414
-0.134204
-0.130485
-0.126274
-0.121592
-0.116466
-0.11093
-0.105024
-0.0987926
-0.0922882
-0.0855677
-0.0786929
-0.0717297
-0.0647469
-0.0578157
-0.0510079
-0.0443947
-0.0380458
-0.0320272
-0.0264008
-0.0212224
-0.0165408
-0.0123972
-0.008824
-0.00584475
-0.0034721
-0.00170619
-0.00055794
-7.08584e-05
-0.000138783
-0.000918225
-0.00259232
-0.00497645
-0.00795966
-0.0114722
-0.0154463
-0.0198178
-0.0245288
-0.0295269
-0.0347644
-0.0401979
-0.0457878
-0.0514977
-0.0572938
-0.0631448
-0.0690212
-0.0748948
-0.0807388
-0.0865273
-0.0922348
-0.0978364
-0.103307
-0.108623
-0.113759
-0.11869
-0.123392
-0.12784
-0.132009
-0.135874
-0.13941
-0.142593
-0.145398
-0.147801
-0.149779
-0.15131
-0.152373
-0.152946
-0.153014
-0.15256
-0.151572
-0.150038
-0.147954
-0.145317
-0.14213
-0.1384
-0.13414
-0.129371
-0.124117
-0.118411
-0.112293
-0.105808
-0.099009
-0.0919554
-0.0847116
-0.0773473
-0.0699362
-0.0625549
-0.0552814
-0.0481939
-0.0413693
-0.0348813
-0.0287993
-0.0231867
-0.0180997
-0.0135862
-0.00968474
-0.00642434
-0.00382201
-0.00188095
-0.000616203
-7.85633e-05
-0.000144756
-0.000956712
-0.00269943
-0.0051797
-0.00828115
-0.0119306
-0.0160568
-0.0205929
-0.0254783
-0.0306586
-0.0360843
-0.0417106
-0.0474968
-0.0534057
-0.0594029
-0.0654568
-0.0715374
-0.0776168
-0.0836681
-0.0896655
-0.0955837
-0.101398
-0.107084
-0.112617
-0.117972
-0.123126
-0.128053
-0.132728
-0.137127
-0.141224
-0.144993
-0.148409
-0.151446
-0.154079
-0.156284
-0.158036
-0.159312
-0.16009
-0.160349
-0.160071
-0.15924
-0.157843
-0.15587
-0.153315
-0.150179
-0.146465
-0.142183
-0.137351
-0.131992
-0.126137
-0.119824
-0.113099
-0.106015
-0.0986331
-0.091021
-0.083252
-0.0754045
-0.0675608
-0.0598056
-0.0522244
-0.044902
-0.0379205
-0.0313576
-0.0252852
-0.0197674
-0.0148598
-0.0106079
-0.00704674
-0.00419824
-0.00206913
-0.000679074
-8.69209e-05
-0.000150257
-0.000992173
-0.00279816
-0.00536714
-0.00857782
-0.0123538
-0.016621
-0.0213096
-0.0263571
-0.0317068
-0.0373078
-0.0431142
-0.049084
-0.0551794
-0.0613656
-0.0676106
-0.0738844
-0.080159
-0.0864077
-0.0926049
-0.0987255
-0.104745
-0.11064
-0.116385
-0.121957
-0.127331
-0.132483
-0.137387
-0.142019
-0.146352
-0.15036
-0.154018
-0.157299
-0.160176
-0.162623
-0.164614
-0.166124
-0.167128
-0.167602
-0.167526
-0.16688
-0.165647
-0.163815
-0.161373
-0.158319
-0.154651
-0.150377
-0.145511
-0.140074
-0.134093
-0.127606
-0.120658
-0.113302
-0.105602
-0.0976254
-0.089451
-0.0811615
-0.0728452
-0.0645938
-0.0565004
-0.0486585
-0.041159
-0.0340892
-0.0275299
-0.0215546
-0.016227
-0.0116005
-0.00771705
-0.00460413
-0.00227254
-0.000747222
-9.60402e-05
-0.000155256
-0.00102443
-0.00288805
-0.00553791
-0.0088483
-0.01274
-0.0171362
-0.0219648
-0.027161
-0.0326667
-0.0384294
-0.044402
-0.0505418
-0.0568103
-0.0631723
-0.0695955
-0.07605
-0.082508
-0.0889428
-0.0953293
-0.101643
-0.107859
-0.113955
-0.119906
-0.125689
-0.13128
-0.136654
-0.141786
-0.146651
-0.151224
-0.155477
-0.159384
-0.162918
-0.16605
-0.168753
-0.171
-0.172762
-0.174012
-0.174726
-0.174877
-0.174443
-0.173405
-0.171744
-0.169448
-0.166507
-0.162919
-0.158687
-0.153818
-0.148333
-0.142255
-0.135619
-0.12847
-0.120861
-0.112854
-0.104523
-0.0959462
-0.0872127
-0.0784164
-0.0696562
-0.0610338
-0.0526513
-0.0446099
-0.0370066
-0.0299327
-0.0234715
-0.0176964
-0.0126695
-0.00844033
-0.00504301
-0.00249299
-0.000821319
-0.000106031
-0.000159724
-0.00105332
-0.00296862
-0.00569114
-0.00909127
-0.0130873
-0.0176
-0.0225552
-0.0278864
-0.0335336
-0.0394434
-0.0455675
-0.0518626
-0.0582896
-0.064813
-0.0714004
-0.078022
-0.08465
-0.0912582
-0.0978218
-0.104317
-0.110719
-0.117006
-0.123155
-0.129141
-0.134943
-0.140534
-0.145891
-0.150989
-0.155802
-0.160302
-0.164463
-0.168256
-0.171653
-0.174625
-0.177141
-0.179172
-0.180689
-0.181664
-0.182067
-0.181874
-0.181059
-0.179602
-0.177484
-0.174693
-0.17122
-0.167064
-0.16223
-0.15673
-0.150588
-0.143834
-0.136512
-0.128672
-0.120378
-0.111704
-0.102734
-0.093558
-0.0842781
-0.0749998
-0.0658335
-0.0568911
-0.0482843
-0.0401212
-0.0325043
-0.0255281
-0.0192765
-0.0138215
-0.00922159
-0.00551816
-0.00273228
-0.000902036
-0.000117004
-0.000163632
-0.00107866
-0.00303944
-0.00582603
-0.00930546
-0.0133939
-0.01801
-0.0230779
-0.0285292
-0.034303
-0.0403444
-0.0466045
-0.0530392
-0.0596089
-0.0662781
-0.0730143
-0.0797878
-0.086571
-0.0933383
-0.100065
-0.106728
-0.113304
-0.119771
-0.126106
-0.132286
-0.138289
-0.144091
-0.149668
-0.154994
-0.160044
-0.164791
-0.169208
-0.173265
-0.176933
-0.180181
-0.182979
-0.185295
-0.187096
-0.188353
-0.189032
-0.189105
-0.188544
-0.187322
-0.185418
-0.182813
-0.179493
-0.175453
-0.170691
-0.165217
-0.159048
-0.152212
-0.144748
-0.136707
-0.128151
-0.119154
-0.109802
-0.100192
-0.0904289
-0.0806269
-0.0709051
-0.0613857
-0.0521915
-0.0434428
-0.0352545
-0.0277333
-0.0209752
-0.0150631
-0.0100657
-0.00603285
-0.0029922
-0.000990047
-0.000129071
-0.000166951
-0.00110031
-0.0031001
-0.00594181
-0.00948971
-0.0136581
-0.0183641
-0.02353
-0.0290862
-0.0349706
-0.0411274
-0.0475068
-0.0540643
-0.0607601
-0.0675582
-0.0744264
-0.0813351
-0.0882572
-0.0951673
-0.102042
-0.108857
-0.115592
-0.122225
-0.128733
-0.135094
-0.141288
-0.14729
-0.153077
-0.158624
-0.163907
-0.168897
-0.173568
-0.177889
-0.181831
-0.185363
-0.188451
-0.191063
-0.193164
-0.194721
-0.195698
-0.196064
-0.195784
-0.19483
-0.193174
-0.190792
-0.187666
-0.183783
-0.179137
-0.173732
-0.167579
-0.160702
-0.153136
-0.144928
-0.13614
-0.126846
-0.117133
-0.107101
-0.0968615
-0.0865351
-0.07625
-0.0661395
-0.0563382
-0.0469795
-0.0381918
-0.0300955
-0.0227998
-0.0164004
-0.0109773
-0.00659023
-0.00327451
-0.00108602
-0.000142345
-0.000169659
-0.00111811
-0.00315022
-0.00603784
-0.00964298
-0.0138785
-0.0186602
-0.023909
-0.0295542
-0.0355326
-0.0417876
-0.0482689
-0.0549315
-0.0617353
-0.0686443
-0.0756263
-0.0826521
-0.0896948
-0.0967298
-0.103734
-0.110685
-0.117561
-0.124342
-0.131008
-0.137536
-0.143905
-0.150094
-0.156079
-0.161837
-0.167342
-0.172568
-0.177488
-0.182071
-0.186287
-0.190104
-0.193488
-0.196405
-0.198818
-0.20069
-0.201985
-0.202666
-0.202696
-0.202041
-0.200668
-0.198548
-0.195657
-0.191975
-0.187491
-0.182201
-0.176112
-0.169241
-0.161618
-0.153286
-0.144305
-0.134747
-0.124699
-0.114266
-0.103562
-0.0927159
-0.081865
-0.0711532
-0.0607282
-0.050737
-0.0413231
-0.0326218
-0.0247572
-0.0178392
-0.0119609
-0.0071934
-0.00358097
-0.00119063
-0.000156941
-0.000171734
-0.00113197
-0.00318953
-0.00611357
-0.00976446
-0.014054
-0.0188968
-0.0242129
-0.0299305
-0.0359856
-0.0423211
-0.0488859
-0.0556348
-0.0625275
-0.069528
-0.0766043
-0.0837273
-0.0908708
-0.0980107
-0.105124
-0.112191
-0.119189
-0.1261
-0.132903
-0.139579
-0.146107
-0.152466
-0.158634
-0.164587
-0.170302
-0.175753
-0.180912
-0.185749
-0.190235
-0.194336
-0.198017
-0.201243
-0.203976
-0.206177
-0.207806
-0.208823
-0.209187
-0.208861
-0.207805
-0.205985
-0.203372
-0.199937
-0.195664
-0.190542
-0.184568
-0.177755
-0.170127
-0.161721
-0.152592
-0.14281
-0.132463
-0.121656
-0.110509
-0.0991547
-0.0877411
-0.0764231
-0.0653615
-0.0547184
-0.0446532
-0.0353178
-0.0268531
-0.0193847
-0.0130208
-0.0078453
-0.00391326
-0.00130453
-0.000172976
-0.000173162
-0.0011418
-0.00321782
-0.00616865
-0.00985358
-0.0141837
-0.0190728
-0.0244401
-0.0302131
-0.0363271
-0.0427244
-0.0493537
-0.0561692
-0.0631306
-0.070202
-0.0773514
-0.0845504
-0.0917731
-0.098996
-0.106197
-0.113357
-0.120455
-0.127474
-0.134393
-0.141195
-0.14786
-0.154369
-0.1607
-0.166831
-0.172739
-0.178398
-0.183783
-0.188863
-0.193609
-0.197986
-0.201962
-0.205497
-0.208554
-0.211091
-0.213066
-0.214437
-0.215159
-0.215188
-0.214482
-0.213001
-0.210707
-0.207568
-0.203557
-0.198655
-0.192855
-0.186158
-0.178582
-0.170158
-0.160935
-0.15098
-0.140378
-0.129234
-0.117671
-0.105829
-0.0938634
-0.0819403
-0.0702344
-0.0589237
-0.0481848
-0.038188
-0.0290924
-0.0210416
-0.0141608
-0.00854875
-0.00427304
-0.00142839
-0.00019057
-0.000173934
-0.00114755
-0.003235
-0.00620289
-0.00991004
-0.0142671
-0.0191875
-0.0245897
-0.0304007
-0.0365554
-0.0429954
-0.0496691
-0.0565307
-0.0635395
-0.0706599
-0.0778602
-0.0851121
-0.0923905
-0.0996726
-0.106937
-0.114166
-0.121339
-0.12844
-0.135451
-0.142355
-0.149133
-0.155767
-0.162237
-0.168523
-0.174602
-0.180451
-0.186042
-0.191349
-0.19634
-0.200984
-0.205244
-0.209084
-0.212464
-0.215341
-0.217671
-0.219408
-0.220506
-0.220915
-0.22059
-0.219483
-0.217551
-0.214754
-0.211058
-0.206435
-0.200868
-0.194351
-0.186892
-0.178514
-0.16926
-0.159189
-0.148385
-0.13695
-0.12501
-0.112709
-0.10021
-0.0876901
-0.0753384
-0.0633493
-0.051918
-0.0412346
-0.0314786
-0.0228138
-0.0153843
-0.00930637
-0.00466188
-0.00156285
-0.000209845
-0.00017405
-0.00114925
-0.0032411
-0.00621637
-0.00993394
-0.0143044
-0.0192409
-0.0246616
-0.030493
-0.0366696
-0.0431327
-0.0498304
-0.0567165
-0.0637507
-0.0708971
-0.0781244
-0.0854049
-0.0927138
-0.100029
-0.107331
-0.114602
-0.121823
-0.128979
-0.136053
-0.14303
-0.149893
-0.156625
-0.163207
-0.169621
-0.175846
-0.181858
-0.187633
-0.193144
-0.198362
-0.203255
-0.207787
-0.211922
-0.215618
-0.218833
-0.22152
-0.223633
-0.22512
-0.225931
-0.226012
-0.225314
-0.223784
-0.221376
-0.218048
-0.213762
-0.208493
-0.202223
-0.194952
-0.186691
-0.177475
-0.167357
-0.156414
-0.144746
-0.132477
-0.119755
-0.106751
-0.0936516
-0.0806599
-0.0679877
-0.0558498
-0.0444579
-0.0340139
-0.0247042
-0.0166944
-0.0101205
-0.00508129
-0.00170855
-0.000230924
-0.000173519
-0.00114696
-0.00323629
-0.0062094
-0.00992577
-0.0142962
-0.0192337
-0.0246564
-0.0304906
-0.0366702
-0.0431364
-0.049837
-0.0567257
-0.063762
-0.0709104
-0.0781398
-0.0854228
-0.0927355
-0.100057
-0.107367
-0.11465
-0.121889
-0.12907
-0.136177
-0.143196
-0.150112
-0.15691
-0.163574
-0.170085
-0.176424
-0.182571
-0.188502
-0.194191
-0.199611
-0.20473
-0.209514
-0.213927
-0.217928
-0.221473
-0.224516
-0.227007
-0.228893
-0.23012
-0.230631
-0.23037
-0.229281
-0.227307
-0.224399
-0.220511
-0.215605
-0.209654
-0.202644
-0.194579
-0.18548
-0.175392
-0.164383
-0.152549
-0.140011
-0.126919
-0.113449
-0.0997965
-0.0861795
-0.0728267
-0.0599738
-0.0478557
-0.0366989
-0.0267147
-0.0180934
-0.0109933
-0.00553267
-0.0018661
-0.000253933
-0.000172361
-0.00114079
-0.00322094
-0.00618265
-0.00988648
-0.0142437
-0.0191676
-0.024576
-0.0303952
-0.036559
-0.0430081
-0.0496901
-0.0565587
-0.0635734
-0.0706987
-0.0779039
-0.0851622
-0.0924503
-0.0997477
-0.107037
-0.114301
-0.121525
-0.128697
-0.135803
-0.14283
-0.149765
-0.156594
-0.163303
-0.169876
-0.176295
-0.182543
-0.188596
-0.194432
-0.200023
-0.205341
-0.210353
-0.215022
-0.219309
-0.223171
-0.22656
-0.229426
-0.231714
-0.233367
-0.234326
-0.234528
-0.233912
-0.232415
-0.229978
-0.226546
-0.22207
-0.216511
-0.209844
-0.202058
-0.193162
-0.18319
-0.172199
-0.160277
-0.147542
-0.134142
-0.120256
-0.106089
-0.0918713
-0.077849
-0.0642797
-0.051423
-0.0395322
-0.0288463
-0.0195831
-0.0119266
-0.0060173
-0.0020361
-0.000279002
-0.000170606
-0.00113096
-0.00319558
-0.00613709
-0.00981757
-0.014149
-0.0190448
-0.0244232
-0.0302101
-0.0363391
-0.0427509
-0.0493927
-0.0562181
-0.0631867
-0.0702632
-0.077417
-0.0846221
-0.0918556
-0.0990981
-0.106333
-0.113544
-0.12072
-0.127848
-0.134916
-0.141913
-0.148828
-0.15565
-0.162366
-0.168962
-0.175423
-0.181732
-0.18787
-0.193816
-0.199544
-0.205028
-0.210235
-0.215133
-0.219682
-0.22384
-0.22756
-0.23079
-0.233477
-0.23556
-0.236977
-0.237663
-0.237549
-0.236566
-0.234648
-0.231729
-0.22775
-0.222658
-0.216415
-0.208996
-0.200396
-0.190634
-0.179755
-0.167836
-0.154988
-0.141355
-0.127117
-0.112485
-0.0977025
-0.0830318
-0.0687529
-0.0551515
-0.0425101
-0.0310983
-0.0211645
-0.0129217
-0.0065363
-0.00221912
-0.00030626
-0.000168297
-0.00111773
-0.00316097
-0.00607412
-0.00972114
-0.0140148
-0.018869
-0.024202
-0.0299398
-0.0360157
-0.04237
-0.0489498
-0.0557088
-0.0626063
-0.0696074
-0.0766818
-0.0838038
-0.0909516
-0.0981066
-0.105253
-0.112377
-0.119467
-0.126512
-0.133503
-0.140431
-0.147285
-0.154058
-0.160738
-0.167315
-0.173774
-0.180103
-0.186284
-0.192297
-0.198122
-0.203733
-0.2091
-0.214192
-0.218973
-0.2234
-0.227428
-0.231007
-0.234082
-0.236592
-0.238471
-0.239653
-0.240063
-0.239628
-0.238271
-0.235919
-0.2325
-0.22795
-0.222215
-0.215254
-0.207048
-0.197598
-0.186934
-0.17512
-0.162255
-0.148477
-0.133964
-0.118932
-0.103633
-0.088346
-0.0733739
-0.0590297
-0.0456268
-0.0334685
-0.0228375
-0.0139795
-0.00709063
-0.00241567
-0.000335836
-0.000165494
-0.00110148
-0.00311809
-0.00599554
-0.00959994
-0.0138449
-0.0186449
-0.0239182
-0.0295906
-0.0355954
-0.0418725
-0.0483689
-0.055038
-0.0618392
-0.0687377
-0.0757038
-0.0827122
-0.0897419
-0.0967752
-0.103797
-0.110796
-0.117762
-0.124685
-0.131557
-0.138372
-0.145123
-0.151802
-0.158401
-0.164912
-0.171324
-0.177626
-0.183803
-0.189839
-0.195715
-0.201409
-0.206894
-0.212142
-0.217116
-0.22178
-0.226088
-0.229991
-0.233436
-0.236361
-0.2387
-0.240383
-0.241333
-0.24147
-0.240711
-0.238974
-0.236175
-0.232239
-0.227095
-0.220687
-0.212976
-0.203946
-0.193609
-0.182012
-0.169239
-0.155418
-0.140722
-0.125368
-0.109614
-0.093756
-0.0781182
-0.0630418
-0.0488735
-0.0359531
-0.0246011
-0.0151005
-0.00768102
-0.00262624
-0.000367863
-0.00016227
-0.00108266
-0.0030682
-0.00590366
-0.00945745
-0.0136441
-0.0183783
-0.0235786
-0.0291706
-0.0350871
-0.0412679
-0.0476596
-0.0542154
-0.060895
-0.0676635
-0.0744918
-0.0813551
-0.0882332
-0.0951095
-0.101971
-0.108806
-0.115606
-0.122365
-0.129075
-0.135734
-0.142334
-0.148872
-0.155343
-0.161739
-0.168054
-0.174279
-0.180403
-0.186412
-0.19229
-0.198019
-0.203575
-0.208932
-0.214059
-0.218919
-0.223471
-0.227668
-0.231457
-0.234778
-0.237565
-0.239746
-0.241242
-0.241969
-0.241838
-0.240757
-0.238634
-0.235379
-0.230907
-0.225145
-0.218033
-0.209536
-0.199644
-0.188385
-0.175825
-0.162076
-0.147303
-0.13172
-0.115589
-0.0992192
-0.0829556
-0.067168
-0.0522384
-0.038546
-0.0264533
-0.0162845
-0.00830798
-0.00285124
-0.000402469
-0.000158717
-0.00106184
-0.00301284
-0.00580131
-0.00929798
-0.0134181
-0.0180767
-0.0231922
-0.0286898
-0.0345019
-0.040568
-0.0468343
-0.053254
-0.0597864
-0.0663973
-0.0730577
-0.0797438
-0.086436
-0.0931191
-0.0997808
-0.106412
-0.113005
-0.119556
-0.12606
-0.132514
-0.138917
-0.145265
-0.151556
-0.157787
-0.163953
-0.170049
-0.176066
-0.181995
-0.187823
-0.193535
-0.19911
-0.204527
-0.209758
-0.214769
-0.219523
-0.223976
-0.228076
-0.231766
-0.234982
-0.237649
-0.239689
-0.241014
-0.241531
-0.24114
-0.239739
-0.237227
-0.233503
-0.228476
-0.222067
-0.214218
-0.204896
-0.194104
-0.181887
-0.16834
-0.153611
-0.137908
-0.121493
-0.104685
-0.0878497
-0.071384
-0.0557067
-0.0412394
-0.0283906
-0.0175306
-0.00897175
-0.00309104
-0.000439783
-0.000154946
-0.00103972
-0.00295389
-0.00569192
-0.00912674
-0.0131741
-0.017749
-0.0227695
-0.0281603
-0.0338534
-0.0397874
-0.0459084
-0.0521692
-0.0585294
-0.0649549
-0.0714172
-0.0778933
-0.0843647
-0.0908173
-0.0972403
-0.103626
-0.109969
-0.116267
-0.122518
-0.12872
-0.134875
-0.140983
-0.147043
-0.153055
-0.159018
-0.16493
-0.170785
-0.176579
-0.1823
-0.187939
-0.193479
-0.198902
-0.204184
-0.209296
-0.214204
-0.218867
-0.223239
-0.227263
-0.230878
-0.234012
-0.236584
-0.238505
-0.23968
-0.240002
-0.239362
-0.237645
-0.234739
-0.230532
-0.224927
-0.21784
-0.209215
-0.199026
-0.187294
-0.174088
-0.159539
-0.14384
-0.127252
-0.110097
-0.092758
-0.0756604
-0.0592598
-0.0440228
-0.030408
-0.0188374
-0.00967226
-0.00334592
-0.000479931
-0.000151089
-0.00101713
-0.00289356
-0.00557958
-0.00894993
-0.0129204
-0.0174058
-0.0223233
-0.0275969
-0.0331575
-0.0389435
-0.0449001
-0.0509801
-0.0571432
-0.0633555
-0.0695893
-0.0758223
-0.0820374
-0.0882215
-0.0943657
-0.100464
-0.106513
-0.112512
-0.118462
-0.124363
-0.13022
-0.136035
-0.14181
-0.14755
-0.153255
-0.158926
-0.164562
-0.170162
-0.17572
-0.181227
-0.186674
-0.192045
-0.197322
-0.202479
-0.207488
-0.212312
-0.216907
-0.221223
-0.225201
-0.22877
-0.231852
-0.234358
-0.23619
-0.237238
-0.237385
-0.236507
-0.234478
-0.23117
-0.226464
-0.220252
-0.21245
-0.203005
-0.191905
-0.179192
-0.164972
-0.149418
-0.132782
-0.115389
-0.0976316
-0.0799628
-0.0628754
-0.0468833
-0.0324994
-0.0202024
-0.0104091
-0.00361609
-0.000523037
-0.000147302
-0.00099503
-0.00283451
-0.00546912
-0.00877489
-0.0126671
-0.0170596
-0.0218684
-0.0270164
-0.0324333
-0.0380565
-0.0438309
-0.049709
-0.0556505
-0.0616221
-0.0675967
-0.0735534
-0.079476
-0.0853532
-0.0911777
-0.0969456
-0.102656
-0.108309
-0.113909
-0.11946
-0.124967
-0.130436
-0.135873
-0.141285
-0.146675
-0.152048
-0.157408
-0.162755
-0.168089
-0.173406
-0.178699
-0.183959
-0.18917
-0.194314
-0.199365
-0.204294
-0.20906
-0.213619
-0.217913
-0.221879
-0.22544
-0.228508
-0.230984
-0.232758
-0.233707
-0.233699
-0.232596
-0.230255
-0.226535
-0.221305
-0.214452
-0.205891
-0.195576
-0.183516
-0.169785
-0.154533
-0.137994
-0.120487
-0.102415
-0.0842515
-0.0665274
-0.0498055
-0.0346568
-0.0216225
-0.0111817
-0.00390167
-0.000569223
-0.000143771
-0.000974578
-0.00277983
-0.00536623
-0.0086102
-0.0124258
-0.0167251
-0.0214224
-0.0264387
-0.0317026
-0.0371502
-0.0427257
-0.0483815
-0.0540776
-0.059781
-0.065466
-0.0711125
-0.0767062
-0.0822375
-0.0877011
-0.0930951
-0.0984206
-0.103681
-0.108883
-0.114033
-0.119138
-0.124209
-0.129253
-0.134281
-0.1393
-0.144318
-0.149343
-0.154378
-0.159428
-0.164493
-0.169571
-0.174656
-0.17974
-0.184809
-0.189842
-0.194815
-0.199694
-0.204439
-0.208999
-0.213314
-0.217312
-0.220908
-0.224005
-0.226493
-0.228245
-0.229124
-0.228983
-0.227663
-0.225007
-0.220858
-0.215073
-0.207534
-0.198159
-0.186919
-0.17385
-0.15907
-0.142788
-0.125311
-0.107045
-0.0884813
-0.0701857
-0.0527711
-0.0368706
-0.0230936
-0.0119888
-0.00420272
-0.00061861
-0.000140711
-0.000957124
-0.00273318
-0.00527755
-0.00846592
-0.01221
-0.0164191
-0.0210052
-0.0258868
-0.0309906
-0.0362515
-0.0416129
-0.047027
-0.0524542
-0.0578624
-0.0632269
-0.0685295
-0.0737574
-0.0789034
-0.0839641
-0.0889402
-0.0938354
-0.0986559
-0.10341
-0.108108
-0.11276
-0.117379
-0.121977
-0.126565
-0.131157
-0.135763
-0.140393
-0.145058
-0.149763
-0.154515
-0.159316
-0.164165
-0.169059
-0.173988
-0.178939
-0.183893
-0.188822
-0.193692
-0.198459
-0.203067
-0.207452
-0.211532
-0.215215
-0.218391
-0.220934
-0.222704
-0.223545
-0.223288
-0.221759
-0.218777
-0.214171
-0.207789
-0.199508
-0.189258
-0.17703
-0.162905
-0.147057
-0.129773
-0.111453
-0.0926015
-0.0738158
-0.0557592
-0.0391297
-0.0246111
-0.0128292
-0.00451922
-0.000671317
-0.00013838
-0.000944256
-0.00269881
-0.00521087
-0.00835372
-0.0120354
-0.0161614
-0.02064
-0.0253868
-0.030326
-0.035391
-0.0405244
-0.0456784
-0.0508137
-0.0558996
-0.0609129
-0.0658372
-0.0706622
-0.0753827
-0.0799983
-0.0845121
-0.0889307
-0.0932631
-0.0975207
-0.101716
-0.105864
-0.109979
-0.114076
-0.118171
-0.122279
-0.126416
-0.130596
-0.13483
-0.139132
-0.14351
-0.147972
-0.152522
-0.157161
-0.161887
-0.166691
-0.171559
-0.176473
-0.181402
-0.186311
-0.191152
-0.195864
-0.200376
-0.204597
-0.208423
-0.211731
-0.214379
-0.216208
-0.217039
-0.216684
-0.214942
-0.211615
-0.206514
-0.199478
-0.190388
-0.179188
-0.16591
-0.150688
-0.133778
-0.115563
-0.096556
-0.0773794
-0.0587458
-0.0414211
-0.0261691
-0.0137011
-0.0048511
-0.000727473
-0.000137079
-0.000937846
-0.00268175
-0.00517529
-0.00828724
-0.0119202
-0.0159744
-0.0203533
-0.0249684
-0.0297412
-0.0346031
-0.039496
-0.0443721
-0.049193
-0.0539295
-0.0585604
-0.0630717
-0.0674558
-0.0717103
-0.0758377
-0.0798444
-0.0837398
-0.0875363
-0.0912481
-0.0948913
-0.0984831
-0.102042
-0.105585
-0.109134
-0.112705
-0.116317
-0.119989
-0.123737
-0.127577
-0.131522
-0.135584
-0.139773
-0.144095
-0.148552
-0.153142
-0.157858
-0.162688
-0.167608
-0.172591
-0.177596
-0.182571
-0.187451
-0.192154
-0.196581
-0.200613
-0.204112
-0.206916
-0.208844
-0.209693
-0.209248
-0.207283
-0.203578
-0.197928
-0.190166
-0.180182
-0.167953
-0.153562
-0.137223
-0.119295
-0.100283
-0.0808338
-0.0617044
-0.0437304
-0.0277615
-0.0146027
-0.00519826
-0.000787214
-0.00013717
-0.000940112
-0.00268793
-0.00518147
-0.00828235
-0.0118856
-0.0158842
-0.0201752
-0.0246654
-0.0292726
-0.0339262
-0.0385672
-0.0431481
-0.047632
-0.0519916
-0.0562083
-0.060271
-0.0641754
-0.0679225
-0.0715182
-0.0749722
-0.0782976
-0.08151
-0.084627
-0.0876679
-0.0906533
-0.0936045
-0.0965434
-0.0994922
-0.102473
-0.105508
-0.108618
-0.111823
-0.115144
-0.118599
-0.122202
-0.125969
-0.129911
-0.134035
-0.138347
-0.142843
-0.14752
-0.152361
-0.157347
-0.162444
-0.16761
-0.172789
-0.177907
-0.182873
-0.187577
-0.191884
-0.195636
-0.198649
-0.200716
-0.201604
-0.20107
-0.198858
-0.194725
-0.188451
-0.179872
-0.168899
-0.155555
-0.140001
-0.122558
-0.103717
-0.0841323
-0.0646057
-0.0460417
-0.0293811
-0.015532
-0.00556064
-0.000850696
-0.000139087
-0.0009537
-0.00272434
-0.00524199
-0.0083576
-0.0119559
-0.0159204
-0.0201401
-0.0245157
-0.0289608
-0.0334024
-0.0377809
-0.0420497
-0.0461735
-0.0501279
-0.0538974
-0.0574748
-0.0608594
-0.0640564
-0.0670757
-0.0699308
-0.0726387
-0.0752186
-0.0776917
-0.0800809
-0.0824101
-0.0847038
-0.0869872
-0.0892858
-0.0916249
-0.0940299
-0.0965254
-0.0991355
-0.101883
-0.104791
-0.107879
-0.111166
-0.114667
-0.118397
-0.122364
-0.126574
-0.131028
-0.135719
-0.140634
-0.145749
-0.151031
-0.156433
-0.161891
-0.167327
-0.172637
-0.177696
-0.182351
-0.186422
-0.189698
-0.191939
-0.192881
-0.192243
-0.189743
-0.18511
-0.178117
-0.168609
-0.156538
-0.141999
-0.125261
-0.106783
-0.0872241
-0.0674178
-0.0483378
-0.0310205
-0.0164868
-0.00593825
-0.000918112
-0.000143357
-0.000981788
-0.00279937
-0.00537171
-0.00853474
-0.0121596
-0.0161174
-0.0202871
-0.024562
-0.0288507
-0.033078
-0.0371838
-0.0411228
-0.0448624
-0.0483816
-0.0516693
-0.0547226
-0.0575457
-0.0601484
-0.062545
-0.0647539
-0.0667959
-0.0686944
-0.0704746
-0.0721627
-0.0737862
-0.075373
-0.0769516
-0.0785506
-0.0801985
-0.0819237
-0.0837543
-0.0857177
-0.0878406
-0.0901486
-0.0926662
-0.095416
-0.0984188
-0.101693
-0.105253
-0.109112
-0.113275
-0.117745
-0.122515
-0.127571
-0.13289
-0.138435
-0.144155
-0.149981
-0.155822
-0.161564
-0.167063
-0.172146
-0.176604
-0.180194
-0.182639
-0.183637
-0.182867
-0.180011
-0.174781
-0.166946
-0.15638
-0.143098
-0.127302
-0.109406
-0.0900545
-0.0701062
-0.0506002
-0.0326723
-0.0174655
-0.00633127
-0.000989705
-0.000150627
-0.00102823
-0.00292303
-0.00558828
-0.00883932
-0.0125295
-0.0165143
-0.0206603
-0.0248517
-0.0289919
-0.0330029
-0.0368252
-0.0404153
-0.0437444
-0.0467962
-0.0495647
-0.0520527
-0.0542699
-0.0562316
-0.0579577
-0.0594711
-0.0607977
-0.0619652
-0.0630027
-0.0639405
-0.0648093
-0.0656407
-0.0664661
-0.0673173
-0.0682259
-0.0692234
-0.0703407
-0.0716085
-0.0730568
-0.0747145
-0.0766097
-0.078769
-0.0812176
-0.0839783
-0.0870717
-0.0905148
-0.0943211
-0.0984991
-0.103051
-0.107973
-0.113249
-0.118855
-0.124752
-0.130882
-0.137171
-0.143516
-0.149787
-0.15582
-0.161415
-0.16633
-0.170283
-0.172953
-0.173991
-0.173033
-0.169729
-0.163771
-0.154944
-0.143174
-0.128576
-0.111502
-0.0925643
-0.0726341
-0.0528098
-0.0343288
-0.0184665
-0.00674019
-0.0010658
-0.000161702
-0.00109772
-0.00310746
-0.00591279
-0.00930152
-0.013104
-0.0171562
-0.0213095
-0.0254376
-0.0294379
-0.0332304
-0.0367565
-0.039976
-0.042865
-0.0454133
-0.0476215
-0.0494992
-0.0510627
-0.0523338
-0.0533383
-0.0541051
-0.054665
-0.0550504
-0.0552949
-0.0554325
-0.0554978
-0.0555255
-0.0555503
-0.0556069
-0.0557297
-0.0559531
-0.0563109
-0.0568365
-0.0575628
-0.0585221
-0.0597455
-0.0612635
-0.063105
-0.0652973
-0.0678656
-0.0708326
-0.0742177
-0.0780364
-0.082299
-0.0870094
-0.0921635
-0.0977473
-0.103734
-0.110081
-0.116727
-0.123587
-0.130545
-0.137453
-0.144122
-0.150318
-0.15576
-0.160119
-0.16302
-0.16406
-0.16283
-0.158943
-0.152092
-0.142096
-0.12897
-0.112982
-0.09469
-0.0749622
-0.0549466
-0.035983
-0.0194891
-0.00716597
-0.00114683
-0.000177594
-0.00119608
-0.00336741
-0.0063706
-0.00995702
-0.0139278
-0.0180946
-0.0222905
-0.0263774
-0.0302462
-0.0338158
-0.0370295
-0.0398521
-0.0422666
-0.0442701
-0.0458716
-0.0470888
-0.0479461
-0.0484727
-0.0487014
-0.0486671
-0.0484065
-0.047957
-0.0473567
-0.0466437
-0.0458562
-0.0450322
-0.0442094
-0.0434254
-0.0427172
-0.0421218
-0.0416755
-0.0414143
-0.0413738
-0.041589
-0.042094
-0.0429225
-0.044107
-0.0456786
-0.0476672
-0.0501003
-0.0530031
-0.0563977
-0.0603017
-0.0647277
-0.0696815
-0.0751603
-0.0811502
-0.0876231
-0.0945334
-0.101813
-0.109365
-0.117059
-0.124724
-0.13214
-0.139032
-0.14507
-0.149866
-0.152982
-0.153955
-0.152324
-0.147679
-0.139728
-0.128364
-0.113748
-0.0963626
-0.0770482
-0.0569903
-0.0376288
-0.020534
-0.00761026
-0.00123342
-0.00019959
-0.00133054
-0.00372098
-0.00699228
-0.0108482
-0.0150528
-0.0193881
-0.0236654
-0.0277334
-0.0314771
-0.0348149
-0.0376942
-0.0400869
-0.0419848
-0.0433949
-0.0443362
-0.0448362
-0.0449287
-0.0446516
-0.0440452
-0.0431515
-0.0420133
-0.0406735
-0.0391747
-0.0375592
-0.0358689
-0.0341448
-0.0324278
-0.0307577
-0.0291743
-0.0277167
-0.0264234
-0.0253328
-0.0244827
-0.0239105
-0.0236531
-0.0237468
-0.0242273
-0.0251295
-0.0264869
-0.0283319
-0.0306949
-0.0336039
-0.0370838
-0.0411553
-0.0458338
-0.0511273
-0.0570349
-0.0635432
-0.0706229
-0.0782243
-0.0862716
-0.0946555
-0.103226
-0.111782
-0.120065
-0.127752
-0.134447
-0.139693
-0.142978
-0.143769
-0.141557
-0.135924
-0.126628
-0.113696
-0.0975067
-0.0788467
-0.0589199
-0.0392616
-0.0216034
-0.00807573
-0.00132641
-0.000229345
-0.00151017
-0.00419051
-0.0078149
-0.0120252
-0.0165393
-0.0211028
-0.0255021
-0.0295717
-0.0331912
-0.0362809
-0.0387948
-0.0407146
-0.0420438
-0.0428017
-0.0430197
-0.0427371
-0.0419984
-0.0408512
-0.0393446
-0.0375281
-0.0354512
-0.0331621
-0.0307086
-0.0281369
-0.0254924
-0.0228193
-0.020161
-0.0175598
-0.0150576
-0.0126953
-0.0105137
-0.0085528
-0.00685244
-0.00545206
-0.00439081
-0.00370747
-0.00344045
-0.00362766
-0.00430637
-0.005513
-0.00728275
-0.00964928
-0.012644
-0.0162954
-0.0206277
-0.0256599
-0.0314032
-0.0378589
-0.0450145
-0.0528398
-0.0612803
-0.0702507
-0.0796257
-0.0892299
-0.0988269
-0.108108
-0.116686
-0.124089
-0.129771
-0.133132
-0.133567
-0.130528
-0.123619
-0.112709
-0.098038
-0.0803076
-0.0607144
-0.0408786
-0.022702
-0.00856649
-0.00142703
-0.000269017
-0.00174651
-0.00480374
-0.00888358
-0.0135479
-0.0184569
-0.0233127
-0.0278735
-0.0319593
-0.0354463
-0.0382597
-0.0403637
-0.0417537
-0.0424482
-0.042482
-0.0419013
-0.0407593
-0.0391128
-0.0370205
-0.0345411
-0.0317321
-0.0286499
-0.0253487
-0.0218808
-0.0182967
-0.0146451
-0.0109729
-0.00732598
-0.0037487
-0.00028464
0.00302346
0.00613346
0.00900365
0.0115927
0.0138595
0.015763
0.0172624
0.018317
0.0188861
0.0189294
0.0184068
0.0172787
0.0155064
0.0130524
0.00988121
0.00595994
0.0012597
-0.00424277
-0.0105628
-0.0177048
-0.0256577
-0.0343897
-0.043841
-0.0539143
-0.0644636
-0.0752817
-0.0860853
-0.0965024
-0.106063
-0.114199
-0.120258
-0.123541
-0.123368
-0.119178
-0.110654
-0.0978605
-0.0813745
-0.0623515
-0.0424799
-0.023838
-0.00908866
-0.00153697
-0.000321451
-0.00205429
-0.00559538
-0.0102533
-0.0154871
-0.0208852
-0.0260988
-0.0308551
-0.0349604
-0.0382914
-0.0407824
-0.042413
-0.043197
-0.0431722
-0.0423926
-0.040922
-0.0388296
-0.0361865
-0.0330634
-0.0295294
-0.0256506
-0.0214905
-0.0171091
-0.0125635
-0.00790797
-0.00319422
0.00152819
0.00621158
0.0108098
0.0152778
0.0195718
0.0236482
0.0274644
0.0309779
0.0341461
0.0369267
0.0392772
0.041155
0.0425172
0.0433206
0.0435219
0.0430778
0.0419451
0.0400807
0.0374425
0.03399
0.0296848
0.0244924
0.018384
0.0113392
0.00334965
-0.00557551
-0.0154028
-0.026065
-0.0374497
-0.0493842
-0.0616191
-0.0738102
-0.085503
-0.0961227
-0.104979
-0.111291
-0.114252
-0.113123
-0.107375
-0.0968609
-0.0819811
-0.0638067
-0.0440686
-0.0250242
-0.00965125
-0.00165868
-0.000390457
-0.00245263
-0.00660915
-0.0119914
-0.017926
-0.0239138
-0.029547
-0.03452
-0.0386293
-0.041757
-0.0438536
-0.0449209
-0.0449968
-0.0441439
-0.0424391
-0.0399674
-0.0368163
-0.0330727
-0.0288204
-0.0241394
-0.0191049
-0.0137872
-0.00825228
-0.0025615
0.00322738
0.00905996
0.0148847
0.0206523
0.0263154
0.0318281
0.0371457
0.0422241
0.0470198
0.0514895
0.05559
0.0592778
0.0625092
0.0652401
0.0674258
0.0690207
0.069979
0.0702539
0.069798
0.0685636
0.0665027
0.0635674
0.0597111
0.0548887
0.0490588
0.0421857
0.0342426
0.0252165
0.0151141
0.00397122
-0.00813539
-0.021073
-0.0346335
-0.0485121
-0.0622842
-0.0753867
-0.08711
-0.096611
-0.102961
-0.105241
-0.10269
-0.0949015
-0.0820457
-0.065051
-0.0456512
-0.0262794
-0.0102673
-0.00179567
-0.000481215
-0.00296653
-0.00790047
-0.01418
-0.0209621
-0.0276411
-0.0337432
-0.0389315
-0.0429982
-0.0458405
-0.0474343
-0.0478121
-0.0470439
-0.0452226
-0.0424532
-0.0388448
-0.0345057
-0.0295399
-0.0240453
-0.0181131
-0.0118274
-0.00526543
0.00150181
0.00840886
0.0153951
0.0224041
0.0293829
0.0362812
0.043051
0.0496461
0.0560214
0.0621327
0.0679363
0.0733885
0.0784458
0.0830642
0.0871991
0.0908053
0.0938366
0.0962459
0.0979848
0.0990038
0.0992521
0.0986777
0.0972273
0.0948468
0.0914817
0.0870776
0.0815815
0.0749437
0.0671199
0.0580756
0.0477918
0.0362727
0.0235574
0.00973559
-0.00503294
-0.0204928
-0.0362647
-0.0518169
-0.0664437
-0.0792612
-0.0892384
-0.0952788
-0.0963709
-0.0918085
-0.0814629
-0.0660462
-0.0472375
-0.0276309
-0.0109558
-0.00195302
-0.000600924
-0.00362925
-0.00954015
-0.0169195
-0.024707
-0.0321705
-0.0387652
-0.0441281
-0.0480591
-0.0504833
-0.0514152
-0.0509292
-0.0491365
-0.0461674
-0.0421597
-0.03725
-0.0315694
-0.02524
-0.0183744
-0.0110746
-0.00343313
0.0044665
0.0125488
0.0207452
0.0289932
0.0372349
0.0454169
0.0534885
0.0614021
0.0691114
0.0765719
0.0837398
0.0905715
0.0970239
0.103053
0.108616
0.113666
0.118159
0.122047
0.125282
0.127813
0.129589
0.130556
0.130658
0.129838
0.128036
0.125191
0.12124
0.116119
0.109766
0.102122
0.0931306
0.0827493
0.0709512
0.0577377
0.0431529
0.0273035
0.0103863
-0.0072792
-0.0252134
-0.0427404
-0.0589653
-0.0727806
-0.0829275
-0.0881354
-0.0873565
-0.0800901
-0.0667373
-0.048839
-0.0291162
-0.0117438
-0.00213829
-0.000759846
-0.00448581
-0.0116194
-0.0203316
-0.0292856
-0.0376019
-0.0446654
-0.0501005
-0.053733
-0.0555354
-0.0555781
-0.0539915
-0.0509383
-0.046594
-0.0411339
-0.0347252
-0.0275231
-0.0196683
-0.0112873
-0.00249246
0.00661633
0.0159506
0.0254317
0.0349892
0.0445597
0.0540852
0.0635126
0.0727923
0.0818772
0.0907225
0.0992846
0.107521
0.115389
0.122846
0.129849
0.136355
0.142318
0.147694
0.152435
0.15649
0.159809
0.162339
0.164023
0.164802
0.164615
0.163399
0.161086
0.157605
0.152885
0.146852
0.139432
0.130552
0.120145
0.108156
0.0945493
0.0793228
0.0625273
0.0442933
0.0248675
0.00465681
-0.0157218
-0.0353972
-0.0532228
-0.0678053
-0.07762
-0.0812446
-0.0777264
-0.0670386
-0.0504646
-0.0307867
-0.0126713
-0.00236288
-0.000973087
-0.00559841
-0.0142568
-0.0245627
-0.0348297
-0.0440147
-0.0514436
-0.0567528
-0.0598235
-0.0607026
-0.0595387
-0.056535
-0.0519178
-0.0459149
-0.0387434
-0.030603
-0.0216731
-0.0121123
-0.00205954
0.0083643
0.0190541
0.0299182
0.0408768
0.0518592
0.0628029
0.0736513
0.084353
0.0948604
0.105129
0.115115
0.124777
0.134075
0.142968
0.151414
0.159373
0.166802
0.173656
0.179891
0.185459
0.19031
0.194392
0.197651
0.200029
0.201465
0.201896
0.201252
0.199463
0.196453
0.192141
0.186444
0.179277
0.17055
0.160177
0.148074
0.134173
0.118425
0.100825
0.0814307
0.0604063
0.0380664
0.0149389
-0.00817007
-0.0301222
-0.0494347
-0.0643534
-0.0730634
-0.0740809
-0.0668107
-0.0521115
-0.0327104
-0.0137964
-0.00264456
-0.00126377
-0.00705526
-0.0176073
-0.0297841
-0.0414639
-0.0514357
-0.0589969
-0.0638396
-0.0659435
-0.065467
-0.0626642
-0.0578306
-0.0512674
-0.0432612
-0.0340735
-0.0239362
-0.0130511
-0.00159201
0.0102928
0.0224772
0.0348538
0.047331
0.0598301
0.0722831
0.0846303
0.0968185
0.1088
0.12053
0.131967
0.143073
0.153807
0.164133
0.174013
0.183407
0.192276
0.200579
0.208274
0.215316
0.221659
0.227254
0.232048
0.235987
0.239012
0.24106
0.242067
0.24196
0.240666
0.238103
0.234186
0.228824
0.221921
0.213374
0.203079
0.190931
0.176827
0.160677
0.14242
0.12204
0.0996102
0.0753355
0.0496255
0.0231769
-0.00293927
-0.0272151
-0.0477179
-0.0622482
-0.0687236
-0.0658204
-0.0537456
-0.034973
-0.0152063
-0.00301196
-0.00166891
-0.00898497
-0.0218745
-0.0361869
-0.0492732
-0.0597785
-0.0670359
-0.0708637
-0.0714025
-0.0689692
-0.0639559
-0.0567691
-0.0477949
-0.0373819
-0.0258346
-0.0134135
-0.000338123
0.0132082
0.0270732
0.0411304
0.0552752
0.0694199
0.083491
0.0974261
0.111171
0.124679
0.137907
0.150816
0.163371
0.175535
0.187276
0.198558
0.209348
0.219609
0.229306
0.238399
0.246849
0.254613
0.261645
0.267898
0.273321
0.277858
0.281452
0.284039
0.285553
0.285922
0.285068
0.282907
0.279351
0.274302
0.267656
0.259301
0.249119
0.236983
0.222764
0.206333
0.187576
0.166406
0.142799
0.116838
0.0887893
0.0591924
0.0289835
-0.000389602
-0.0269005
-0.048014
-0.0610119
-0.0636745
-0.0552622
-0.0376746
-0.0170317
-0.00351282
-0.00225054
-0.0115804
-0.0273228
-0.0439583
-0.0582336
-0.0687322
-0.074941
-0.0769135
-0.0750354
-0.0698386
-0.0618858
-0.0517099
-0.0397858
-0.0265202
-0.0122536
0.00273423
0.0182157
0.0340071
0.0499605
0.0659569
0.0819005
0.0977135
0.113332
0.128704
0.143785
0.158535
0.17292
0.186909
0.200473
0.213583
0.226209
0.238324
0.249897
0.260897
0.271292
0.281045
0.290119
0.298475
0.306069
0.312856
0.318785
0.323804
0.327854
0.330874
0.332797
0.33355
0.333056
0.331229
0.327978
0.323202
0.316792
0.308629
0.298583
0.286512
0.272265
0.255681
0.236595
0.214856
0.190343
0.163011
0.132959
0.100527
0.0664449
0.0319932
-0.000832582
-0.0292679
-0.0499805
-0.0597094
-0.0564078
-0.0409095
-0.0194695
-0.00422911
-0.00311703
-0.0151371
-0.0342829
-0.0532163
-0.0680693
-0.0775561
-0.081519
-0.0804041
-0.0749466
-0.0659519
-0.0541783
-0.0402888
-0.0248377
-0.00827496
0.00904051
0.0268267
0.0448638
0.0629816
0.0810488
0.098964
0.116649
0.134043
0.151097
0.167774
0.184043
0.199875
0.215249
0.230142
0.244533
0.258401
0.271725
0.284483
0.296649
0.308198
0.319101
0.329327
0.338842
0.347611
0.355591
0.362741
0.369013
0.374356
0.378713
0.382025
0.384226
0.385245
0.385005
0.383421
0.3804
0.375842
0.369635
0.361655
0.351766
0.339816
0.325636
0.309038
0.289819
0.267766
0.242671
0.214359
0.182749
0.147951
0.110409
0.0711209
0.0318832
-0.00449375
-0.0341826
-0.05281
-0.0566305
-0.0447048
-0.0228092
-0.00530373
-0.00446323
-0.0201105
-0.0431222
-0.0638405
-0.0779576
-0.084704
-0.0845951
-0.0786749
-0.0681387
-0.0541072
-0.0375348
-0.0191923
0.000318085
0.0205362
0.0411163
0.0618016
0.0824038
0.102785
0.122848
0.142519
0.161749
0.180502
0.198751
0.216479
0.233671
0.250316
0.266402
0.281921
0.296862
0.311213
0.324961
0.33809
0.350582
0.362418
0.373573
0.384022
0.393735
0.40268
0.410819
0.418114
0.424519
0.429987
0.434465
0.437895
0.440215
0.441355
0.441242
0.439791
0.436914
0.43251
0.426468
0.418665
0.408961
0.397198
0.383196
0.36675
0.347627
0.325564
0.300275
0.271466
0.238879
0.202364
0.162029
0.118461
0.073054
0.0283938
-0.0114641
-0.0411205
-0.0547986
-0.0488634
-0.0274472
-0.00698346
-0.00664113
-0.0271816
-0.054095
-0.0750581
-0.0859286
-0.0871467
-0.0803451
-0.0673882
-0.0500041
-0.0296166
-0.00732211
0.0160677
0.0399682
0.0639674
0.0877811
0.111217
0.134149
0.156496
0.178209
0.199262
0.219642
0.239346
0.258376
0.276738
0.294437
0.311481
0.327874
0.34362
0.358719
0.373169
0.386967
0.400104
0.41257
0.424351
0.435428
0.445782
0.455386
0.464213
0.472232
0.479404
0.485692
0.49105
0.495429
0.498776
0.501032
0.502131
0.502004
0.500572
0.497748
0.493437
0.487532
0.479911
0.470438
0.458954
0.445276
0.42919
0.410442
0.388737
0.363726
0.335016
0.302184
0.264826
0.222673
0.1758
0.124982
0.0722201
0.0213429
-0.0215926
-0.0486857
-0.0525863
-0.0338203
-0.00967099
-0.0102539
-0.037239
-0.066825
-0.0844601
-0.0876653
-0.0791812
-0.0622518
-0.0396896
-0.0136981
0.0141293
0.0427013
0.0712979
0.0994613
0.126913
0.153494
0.179124
0.203772
0.227438
0.250143
0.271914
0.292785
0.312793
0.331971
0.35035
0.36796
0.384826
0.400967
0.416401
0.431139
0.445191
0.458559
0.471245
0.483243
0.494547
0.505143
0.515017
0.524148
0.532513
0.540084
0.54683
0.552715
0.557699
0.561739
0.564786
0.566785
0.567678
0.5674
0.565877
0.563032
0.558773
0.553002
0.545604
0.536448
0.525383
0.512228
0.496771
0.478752
0.457857
0.433702
0.405819
0.373654
0.33658
0.293956
0.245285
0.190536
0.130728
0.0688052
0.0106887
-0.0340559
-0.0536103
-0.0420283
-0.013909
-0.0161376
-0.0508525
-0.0786912
-0.0857258
-0.0742032
-0.0504812
-0.0196351
0.01479
0.0504603
0.0859487
0.120443
0.15352
0.184996
0.214825
0.243041
0.269717
0.294948
0.318831
0.341462
0.362931
0.383322
0.402708
0.421153
0.438714
0.455441
0.471374
0.486548
0.500991
0.514724
0.527765
0.540124
0.551808
0.562818
0.573153
0.582804
0.591761
0.600009
0.607529
0.614297
0.620288
0.625471
0.629811
0.63327
0.635805
0.637368
0.637908
0.637366
0.635679
0.632776
0.628576
0.622989
0.615914
0.60723
0.596797
0.584449
0.569982
0.553148
0.533633
0.511042
0.484876
0.454498
0.419117
0.377783
0.329455
0.273207
0.208724
0.137289
0.0634092
-0.00311062
-0.0463485
-0.0505324
-0.0199785
-0.0246203
-0.065851
-0.0802542
-0.0636555
-0.0278795
0.0166919
0.0639934
0.110698
0.155133
0.19661
0.234975
0.270337
0.302923
0.332999
0.360829
0.386661
0.410713
0.433179
0.454223
0.473989
0.492598
0.510153
0.526741
0.542438
0.557304
0.571392
0.584744
0.597396
0.609375
0.620703
0.631396
0.641463
0.65091
0.659739
0.667946
0.675523
0.682461
0.688744
0.694354
0.699269
0.703464
0.706911
0.709576
0.711426
0.712419
0.712512
0.711655
0.709796
0.706875
0.702823
0.697564
0.69101
0.683059
0.673589
0.662453
0.649471
0.634419
0.617007
0.596863
0.573498
0.546264
0.514298
0.476469
0.43133
0.377151
0.312165
0.235333
0.148148
0.0578799
-0.0183926
-0.0528648
-0.0262208
-0.0312988
-0.0687276
-0.0436738
0.015473
0.0836803
0.150383
0.211697
0.266447
0.314764
0.357327
0.394941
0.428371
0.458282
0.485231
0.509678
0.531996
0.552489
0.571405
0.588945
0.605274
0.620529
0.634822
0.648246
0.660878
0.672781
0.684007
0.6946
0.704593
0.714015
0.722888
0.731226
0.739042
0.746342
0.753128
0.7594
0.765152
0.770378
0.775066
0.779203
0.782771
0.785752
0.788123
0.789859
0.790933
0.791313
0.790965
0.789852
0.787933
0.785159
0.78148
0.776835
0.771154
0.764359
0.756351
0.747014
0.736202
0.72373
0.709358
0.69277
0.673543
0.651095
0.624622
0.592998
0.554647
0.507386
0.448322
0.374027
0.281703
0.172057
0.0556979
-0.0301855
-0.0232111
-0.000660404
0.00035276
0.104333
0.217906
0.3121
0.388127
0.449781
0.500013
0.541352
0.575872
0.605147
0.630342
0.652319
0.671722
0.689037
0.704633
0.718794
0.731742
0.743653
0.754665
0.76489
0.774417
0.783321
0.791662
0.799487
0.806836
0.813743
0.820232
0.826325
0.832037
0.83738
0.842363
0.84699
0.851263
0.855182
0.858745
0.861944
0.864775
0.867226
0.869288
0.870946
0.872186
0.872992
0.873345
0.873224
0.872608
0.871471
0.869786
0.867522
0.864646
0.861117
0.856889
0.85191
0.846115
0.839425
0.83174
0.822933
0.81284
0.801237
0.787824
0.772178
0.753698
0.73151
0.70431
0.670123
0.62591
0.567062
0.48705
0.376958
0.228427
0.0726436
0.0309695
0.292184
0.379306
0.530607
0.644331
0.714297
0.760017
0.792312
0.816129
0.834336
0.848759
0.860547
0.870428
0.878884
0.886244
0.892742
0.898545
0.903778
0.908536
0.912891
0.9169
0.920608
0.924051
0.927257
0.930249
0.933046
0.935664
0.938114
0.940405
0.942546
0.944542
0.946397
0.948113
0.949693
0.951137
0.952443
0.953611
0.954638
0.955521
0.956255
0.956838
0.957262
0.957523
0.957614
0.957528
0.957256
0.956791
0.956123
0.955241
0.954135
0.95279
0.951193
0.949325
0.947166
0.944692
0.941871
0.938665
0.935023
0.93088
0.926146
0.920701
0.914371
0.906908
0.897942
0.886901
0.872863
0.854247
0.828214
0.789432
0.726146
0.611349
0.435853
0.317985
)
;

boundaryField
{
    movingWall
    {
        type            calculated;
        value           uniform 1;
    }
    fixedWalls
    {
        type            calculated;
        value           uniform 0;
    }
    frontAndBack
    {
        type            empty;
    }
}


// ************************************************************************* //
