/*--------------------------------*- C++ -*----------------------------------*\
  =========                 |
  \\      /  F ield         | OpenFOAM: The Open Source CFD Toolbox
   \\    /   O peration     | Website:  https://openfoam.org
    \\  /    A nd           | Version:  dev
     \\/     M anipulation  |
\*---------------------------------------------------------------------------*/
FoamFile
{
    format      ascii;
    class       volScalarField;
    location    "33.3";
    object      Uy;
}
// * * * * * * * * * * * * * * * * * * * * * * * * * * * * * * * * * * * * * //

dimensions      [0 1 -1 0 0 0 0];

internalField   nonuniform List<scalar> 
5184
(
-1.2702e-05
-2.08864e-05
-1.72455e-05
-8.19426e-06
2.67004e-06
1.3618e-05
2.3846e-05
3.30488e-05
4.11066e-05
4.80253e-05
5.38667e-05
5.87154e-05
6.26635e-05
6.58023e-05
6.82168e-05
6.99825e-05
7.11636e-05
7.18127e-05
7.19704e-05
7.16665e-05
7.09201e-05
6.97419e-05
6.81347e-05
6.60955e-05
6.36171e-05
6.06898e-05
5.7303e-05
5.34473e-05
4.91154e-05
4.43043e-05
3.90166e-05
3.32614e-05
2.7056e-05
2.04264e-05
1.34083e-05
6.04737e-06
-1.60019e-06
-9.46795e-06
-1.74794e-05
-2.55486e-05
-3.35813e-05
-4.14758e-05
-4.91249e-05
-5.64176e-05
-6.32413e-05
-6.9484e-05
-7.50371e-05
-7.97976e-05
-8.36707e-05
-8.65727e-05
-8.84331e-05
-8.91967e-05
-8.88254e-05
-8.72994e-05
-8.46182e-05
-8.08012e-05
-7.58878e-05
-6.99368e-05
-6.30257e-05
-5.52504e-05
-4.6725e-05
-3.75827e-05
-2.79787e-05
-1.80956e-05
-8.15822e-06
1.53877e-06
1.05713e-05
1.8302e-05
2.37185e-05
2.51299e-05
1.98508e-05
6.24529e-06
-4.58796e-05
-6.57091e-05
-4.05542e-05
7.63847e-06
6.5682e-05
0.000125995
0.000184299
0.000238348
0.000287
0.000329811
0.000366744
0.000397987
0.000423851
0.000444704
0.000460922
0.000472865
0.000480856
0.000485169
0.000486028
0.000483605
0.00047802
0.000469351
0.000457636
0.000442884
0.000425083
0.000404209
0.000380239
0.000353156
0.000322959
0.000289676
0.000253367
0.000214135
0.00017213
0.000127554
8.06681e-05
3.17906e-05
-1.86993e-05
-7.03635e-05
-0.000122707
-0.000175182
-0.000227195
-0.000278114
-0.000327276
-0.000374004
-0.000417612
-0.000457426
-0.000492792
-0.000523096
-0.000547778
-0.000566342
-0.000578375
-0.000583559
-0.000581678
-0.000572628
-0.000556425
-0.000533207
-0.00050324
-0.000466913
-0.000424739
-0.000377359
-0.000325542
-0.000270193
-0.000212374
-0.000153337
-9.45918e-05
-3.80166e-05
1.39284e-05
5.79368e-05
8.94152e-05
0.000101869
8.65294e-05
3.64936e-05
-8.13145e-05
-9.50362e-05
-1.91332e-05
0.000105933
0.000254657
0.000410596
0.000563437
0.000707044
0.000837964
0.000954492
0.00105603
0.00114267
0.00121494
0.00127354
0.00131932
0.00135309
0.00137561
0.00138757
0.00138953
0.00138192
0.00136509
0.00133925
0.00130452
0.00126098
0.00120864
0.00114748
0.00107749
0.000998683
0.000911133
0.000814973
0.000710436
0.000597867
0.000477738
0.000350665
0.000217415
7.89107e-05
-6.37681e-05
-0.000209385
-0.000356558
-0.000503769
-0.000649381
-0.000791662
-0.00092881
-0.00105898
-0.00118032
-0.00129102
-0.00138931
-0.00147356
-0.00154226
-0.0015941
-0.00162798
-0.00164305
-0.00163876
-0.00161486
-0.0015714
-0.00150879
-0.00142779
-0.00132948
-0.00121532
-0.00108711
-0.000947025
-0.000797639
-0.000641955
-0.000483507
-0.000326492
-0.000176
-3.83476e-05
7.84482e-05
0.000164088
0.000205406
0.000186295
9.04015e-05
-9.77509e-05
-7.31546e-05
8.47794e-05
0.000318364
0.000590102
0.000874368
0.00115413
0.0014186
0.00166131
0.00187872
0.00206928
0.00223272
0.00236962
0.00248101
0.00256815
0.0026324
0.00267501
0.00269715
0.0026998
0.00268374
0.00264957
0.00259772
0.00252846
0.00244195
0.00233827
0.00221746
0.00207957
0.00192472
0.00175311
0.00156509
0.0013612
0.00114215
0.000908935
0.000662785
0.000405216
0.00013803
-0.000136684
-0.000416556
-0.00069895
-0.000980988
-0.00125958
-0.00153148
-0.0017933
-0.0020416
-0.00227293
-0.00248392
-0.00267129
-0.00283202
-0.00296332
-0.00306277
-0.00312835
-0.00315851
-0.00315224
-0.00310907
-0.00302917
-0.00291332
-0.00276295
-0.00258016
-0.00236771
-0.00212905
-0.00186833
-0.00159045
-0.00130113
-0.00100703
-0.000715979
-0.000437246
-0.000181976
3.62213e-05
0.000200626
0.000290843
0.000282578
0.000147295
-8.44179e-05
2.08843e-05
0.000295446
0.000668033
0.00109084
0.00152995
0.00196192
0.00237127
0.00274829
0.00308733
0.00338562
0.00364234
0.00385796
0.00403371
0.00417125
0.0042724
0.00433896
0.00437257
0.00437466
0.0043464
0.00428869
0.0042022
0.00408738
0.00394454
0.00377386
0.0035755
0.00334964
0.00309656
0.0028167
0.00251074
0.00217961
0.00182458
0.00144731
0.00104985
0.000634681
0.000204721
-0.000236668
-0.000685699
-0.00113818
-0.00158956
-0.00203496
-0.00246928
-0.00288721
-0.00328337
-0.00365238
-0.00398897
-0.00428808
-0.00454496
-0.00475532
-0.00491539
-0.00502204
-0.00507288
-0.00506635
-0.00500177
-0.00487939
-0.00470047
-0.00446729
-0.00418316
-0.00385247
-0.00348069
-0.00307437
-0.00264127
-0.00219038
-0.00173211
-0.00127851
-0.000843635
-0.000443968
-9.90739e-05
0.000167711
0.000328652
0.000351009
0.000194154
-3.75375e-05
0.000197356
0.000626907
0.00117036
0.00177177
0.00239027
0.00299679
0.00357155
0.00410168
0.00457943
0.00500072
0.00536405
0.00566967
0.00591894
0.00611385
0.00625665
0.00634964
0.00639494
0.00639442
0.00634965
0.00626186
0.00613199
0.00596069
0.00574846
0.00549563
0.00520253
0.00486954
0.00449719
0.00408624
0.00363779
0.00315331
0.00263478
0.00208466
0.00150602
0.000902484
0.000278319
-0.000361613
-0.00101186
-0.00166641
-0.00231876
-0.00296198
-0.0035888
-0.00419173
-0.00476314
-0.00529543
-0.00578117
-0.00621323
-0.00658493
-0.00689021
-0.00712377
-0.00728122
-0.0073592
-0.00735549
-0.00726915
-0.00710056
-0.0068515
-0.00652522
-0.00612644
-0.00566139
-0.00513786
-0.00456518
-0.00395434
-0.00331805
-0.00267089
-0.0020296
-0.00141338
-0.000844362
-0.000348228
4.50432e-05
0.00030051
0.000377355
0.000224536
4.40893e-05
0.000461271
0.00108708
0.00183476
0.00264243
0.00346385
0.00426539
0.0050236
0.00572285
0.00635347
0.00691013
0.00739067
0.0077951
0.00812486
0.0083822
0.0085698
0.00869039
0.00874657
0.00874065
0.00867458
0.00854993
0.00836791
0.00812943
0.00783517
0.00748568
0.00708151
0.00662329
0.00611187
0.00554844
0.0049346
0.00427251
0.00356495
0.00281535
0.00202795
0.0012077
0.000360407
-0.000507373
-0.0013883
-0.00227434
-0.00315679
-0.00402642
-0.00487358
-0.0056883
-0.00646049
-0.00718009
-0.00783726
-0.00842256
-0.00892717
-0.00934306
-0.00966323
-0.00988185
-0.00999445
-0.00999811
-0.00989152
-0.0096752
-0.00935148
-0.00892465
-0.00840096
-0.0077887
-0.00709816
-0.00634175
-0.00553397
-0.00469156
-0.00383363
-0.00298187
-0.00216088
-0.0013986
-0.000726861
-0.000182173
0.00019366
0.000352514
0.00023501
0.00016046
0.000814501
0.00167976
0.00266622
0.0037082
0.00475564
0.0057715
0.0067295
0.00761183
0.00840723
0.00910935
0.00971548
0.0102254
0.0106407
0.0109639
0.0111981
0.0113463
0.0114116
0.0113969
0.0113043
0.0111359
0.0108931
0.010577
0.0101886
0.00972867
0.00919803
0.00859761
0.00792865
0.00719284
0.00639239
0.00553024
0.00461007
0.00363645
0.00261487
0.00155182
0.000454745
-0.000667901
-0.00180673
-0.00295146
-0.00409104
-0.00521372
-0.00630725
-0.00735899
-0.00835617
-0.00928604
-0.0101361
-0.0108945
-0.01155
-0.0120925
-0.0125129
-0.012804
-0.01296
-0.0129771
-0.0128536
-0.0125902
-0.0121896
-0.0116573
-0.0110011
-0.0102315
-0.00936143
-0.00840656
-0.00738515
-0.00631819
-0.00522954
-0.00414604
-0.00309784
-0.00211874
-0.00124672
-0.000524565
-5.05514e-07
0.000270916
0.000223868
0.000310937
0.00125695
0.00240589
0.00366663
0.0049714
0.00626786
0.00751675
0.00868985
0.00976784
0.0107383
0.0115943
0.0123327
0.0129533
0.0134577
0.0138488
0.01413
0.0143049
0.0143771
0.0143496
0.0142251
0.0140059
0.0136937
0.0132901
0.012796
0.0122127
0.0115411
0.0107827
0.00993904
0.00901242
0.00800575
0.0069228
0.00576828
0.00454797
0.00326878
0.00193877
0.00056724
-0.000835366
-0.00225745
-0.00368635
-0.00510847
-0.00650939
-0.00787408
-0.00918705
-0.0104326
-0.0115952
-0.0126596
-0.0136109
-0.0144357
-0.0151212
-0.0156566
-0.0160326
-0.0162421
-0.0162805
-0.0161454
-0.0158374
-0.0153599
-0.0147194
-0.0139254
-0.0129905
-0.0119304
-0.0107643
-0.00951434
-0.00820586
-0.00686763
-0.00553181
-0.00423419
-0.00301446
-0.00191664
-0.0009896
-0.000287512
0.000129452
0.00019046
0.000494617
0.0017874
0.00326462
0.0048356
0.00643202
0.00800057
0.0095009
0.0109038
0.0121891
0.013344
0.014361
0.015237
0.015972
0.0165679
0.017028
0.017356
0.017556
0.017632
0.0175875
0.0174255
0.0171487
0.016759
0.0162582
0.0156477
0.0149288
0.0141029
0.0131718
0.0121376
0.0110032
0.00977228
0.00844945
0.00704055
0.00555265
0.00399414
0.0023748
0.000705829
-0.0010002
-0.00272938
-0.00446654
-0.0061954
-0.00789873
-0.00955857
-0.0111564
-0.0126735
-0.0140913
-0.0153913
-0.0165561
-0.0175692
-0.0184154
-0.0190816
-0.0195564
-0.0198314
-0.0199005
-0.0197609
-0.019413
-0.0188606
-0.0181112
-0.0171758
-0.0160694
-0.0148106
-0.0134219
-0.0119295
-0.0103633
-0.00875706
-0.00714841
-0.00557882
-0.00409387
-0.00274357
-0.00158266
-0.000670903
-7.34925e-05
0.000134704
0.000710466
0.00240392
0.00425383
0.00617116
0.00808825
0.009952
0.011722
0.013369
0.0148728
0.0162205
0.0174049
0.0184231
0.0192755
0.0199644
0.0204937
0.0208675
0.0210906
0.0211672
0.0211013
0.0208963
0.0205551
0.0200801
0.0194732
0.0187361
0.0178705
0.016878
0.0157608
0.0145216
0.0131639
0.0116922
0.010112
0.00843033
0.00665559
0.00479771
0.00286825
0.000880364
-0.00115116
-0.00321001
-0.00527841
-0.00733732
-0.00936657
-0.0113451
-0.0132513
-0.0150632
-0.0167588
-0.0183167
-0.0197162
-0.0209378
-0.0219637
-0.022778
-0.0233674
-0.0237215
-0.0238329
-0.0236979
-0.0233166
-0.0226931
-0.0218358
-0.0207573
-0.0194747
-0.0180096
-0.0163878
-0.0146398
-0.0128
-0.0109074
-0.00900504
-0.00714014
-0.00536427
-0.00373336
-0.00230794
-0.00115312
-0.000338757
5.67685e-05
0.000957405
0.00310421
0.00537066
0.00767022
0.00993695
0.012119
0.0141769
0.0160821
0.0178151
0.0193636
0.0207211
0.0218854
0.0228575
0.0236405
0.0242387
0.024657
0.0249007
0.0249745
0.0248829
0.0246296
0.0242178
0.0236502
0.022929
0.0220561
0.0210335
0.0198632
0.0185478
0.0170906
0.0154955
0.013768
0.0119146
0.00994334
0.00786409
0.00568833
0.00342941
0.00110251
-0.00127535
-0.00368539
-0.00610717
-0.00851878
-0.010897
-0.0132177
-0.0154557
-0.0175859
-0.0195829
-0.0214218
-0.0230784
-0.0245303
-0.0257563
-0.026738
-0.0274596
-0.0279084
-0.0280757
-0.0279565
-0.0275504
-0.0268615
-0.0258991
-0.0246772
-0.0232151
-0.0215371
-0.0196726
-0.0176562
-0.015527
-0.0133291
-0.0111113
-0.00892668
-0.00683277
-0.00489151
-0.00316917
-0.00173618
-0.000666906
-4.31298e-05
0.00123435
0.00388575
0.00661167
0.00932886
0.0119739
0.0144972
0.0168609
0.0190382
0.0210109
0.022768
0.0243041
0.0256181
0.0267119
0.0275895
0.0282561
0.0287175
0.0289793
0.0290471
0.0289255
0.0286189
0.0281308
0.027464
0.026621
0.0256041
0.0244154
0.0230574
0.021533
0.019846
0.018001
0.0160043
0.0138633
0.0115873
0.00918738
0.00667671
0.00407037
0.0013856
-0.00135833
-0.00414016
-0.00693674
-0.00972324
-0.0124733
-0.0151595
-0.0177535
-0.0202262
-0.0225489
-0.0246929
-0.0266307
-0.028336
-0.0297847
-0.0309551
-0.0318285
-0.0323901
-0.032629
-0.032539
-0.0321188
-0.0313724
-0.0303095
-0.0289455
-0.0273016
-0.025405
-0.0232886
-0.020991
-0.0185562
-0.0160336
-0.0134777
-0.0109475
-0.00850685
-0.00622368
-0.00417017
-0.00242214
-0.00105858
-0.000164857
0.00154019
0.00474581
0.00797306
0.0111425
0.0141942
0.0170813
0.0197687
0.0222319
0.0244546
0.0264278
0.0281477
0.0296146
0.030832
0.0318048
0.0325393
0.0330422
0.0333198
0.0333784
0.0332231
0.0328587
0.032289
0.0315172
0.0305459
0.0293777
0.0280151
0.0264607
0.0247179
0.0227909
0.0206851
0.0184073
0.015966
0.0133715
0.0106364
0.00777521
0.00480486
0.00174457
-0.00138414
-0.00455754
-0.00774975
-0.010933
-0.0140778
-0.0171532
-0.0201273
-0.0229677
-0.0256415
-0.0281163
-0.0303608
-0.0323449
-0.0340408
-0.0354233
-0.0364709
-0.0371656
-0.0374944
-0.0374493
-0.0370279
-0.0362338
-0.0350768
-0.0335735
-0.0317469
-0.0296269
-0.0272497
-0.0246582
-0.0219013
-0.0190337
-0.0161157
-0.0132127
-0.0103948
-0.00773621
-0.0053153
-0.0032135
-0.00151477
-0.000308451
0.00187383
0.00568157
0.00945068
0.0131062
0.0165921
0.0198653
0.0228939
0.0256564
0.0281394
0.0303361
0.032245
0.0338682
0.0352108
0.0362794
0.0370813
0.0376243
0.0379157
0.0379623
0.0377701
0.037344
0.0366883
0.0358065
0.0347015
0.033376
0.0318327
0.0300746
0.0281054
0.0259298
0.0235537
0.0209846
0.0182318
0.0153069
0.0122235
0.00899765
0.00564801
0.00219574
-0.00133546
-0.0049194
-0.0085275
-0.012129
-0.0156913
-0.0191799
-0.0225593
-0.0257932
-0.0288448
-0.0316777
-0.0342563
-0.0365465
-0.0385164
-0.0401372
-0.0413835
-0.0422344
-0.0426741
-0.0426923
-0.0422851
-0.0414553
-0.0402126
-0.0385744
-0.0365654
-0.0342179
-0.0315717
-0.0286735
-0.0255774
-0.0223435
-0.0190384
-0.0157336
-0.0125059
-0.00943641
-0.00660975
-0.00411349
-0.00203697
-0.000474178
0.00223414
0.00669004
0.0110401
0.0152144
0.0191614
0.0228423
0.0262293
0.0293046
0.0320579
0.0344855
0.0365884
0.0383713
0.039841
0.041006
0.0418751
0.0424571
0.0427606
0.0427931
0.0425611
0.0420702
0.0413249
0.0403291
0.0390859
0.0375982
0.0358689
0.0339013
0.0316993
0.029268
0.0266138
0.0237448
0.0206712
0.0174053
0.0139621
0.010359
0.00661619
0.00275669
-0.00119368
-0.00520632
-0.00925002
-0.0132911
-0.0172936
-0.0212197
-0.0250301
-0.0286845
-0.032142
-0.0353617
-0.0383037
-0.0409295
-0.0432028
-0.0450904
-0.0465631
-0.0475961
-0.0481705
-0.0482732
-0.0478983
-0.0470473
-0.0457295
-0.0439628
-0.0417731
-0.0391951
-0.0362718
-0.0330543
-0.0296014
-0.0259792
-0.0222601
-0.0185229
-0.0148511
-0.0113329
-0.00805987
-0.00512621
-0.00262732
-0.000662573
0.00261997
0.00776813
0.0127368
0.0174613
0.0218953
0.0260049
0.0297671
0.0331681
0.0362017
0.0388675
0.0411697
0.0431156
0.0447145
0.0459768
0.046913
0.0475336
0.0478479
0.0478646
0.0475908
0.0470327
0.0461952
0.0450825
0.0436979
0.0420444
0.0401252
0.0379436
0.0355039
0.0328115
0.029873
0.0266973
0.023295
0.0196796
0.0158667
0.0118752
0.00772672
0.00344601
-0.000939088
-0.00539772
-0.00989607
-0.0143976
-0.018863
-0.0232512
-0.0275189
-0.0316217
-0.0355143
-0.0391514
-0.0424882
-0.0454814
-0.04809
-0.050276
-0.0520055
-0.0532496
-0.0539855
-0.054197
-0.0538755
-0.0530206
-0.0516408
-0.0497538
-0.0473868
-0.0445765
-0.041369
-0.0378195
-0.033992
-0.0299582
-0.0257974
-0.0215952
-0.0174428
-0.0134357
-0.00967328
-0.00625688
-0.0032887
-0.000874469
0.00303011
0.00891258
0.0145356
0.0198405
0.0247865
0.0293452
0.0334987
0.0372382
0.0405617
0.043473
0.0459797
0.0480922
0.0498226
0.0511834
0.0521872
0.052846
0.0531706
0.0531704
0.0528536
0.0522268
0.0512955
0.050064
0.0485359
0.0467144
0.0446027
0.0422043
0.0395237
0.0365663
0.0333392
0.0298516
0.0261148
0.0221427
0.0179521
0.0135627
0.00899762
0.00428314
-0.000551066
-0.00547197
-0.0104433
-0.0154256
-0.0203766
-0.0252515
-0.0300033
-0.0345832
-0.0389415
-0.0430281
-0.0467931
-0.0501879
-0.0531663
-0.055685
-0.057705
-0.0591926
-0.0601204
-0.0604683
-0.0602244
-0.0593859
-0.0579599
-0.0559635
-0.0534245
-0.0503815
-0.0468835
-0.0429898
-0.0387694
-0.0343002
-0.0296683
-0.0249669
-0.0202951
-0.0157566
-0.0114591
-0.00751182
-0.00402478
-0.00111101
0.0034633
0.0101199
0.0164314
0.0223453
0.027827
0.0328543
0.0374148
0.0415051
0.0451282
0.0482922
0.0510086
0.0532915
0.0551557
0.0566166
0.0576889
0.0583863
0.058721
0.0587037
0.0583434
0.0576474
0.0566215
0.0552705
0.0535981
0.0516077
0.0493025
0.046686
0.0437628
0.0405384
0.0370202
0.0332175
0.0291419
0.024808
0.0202332
0.0154383
0.0104473
0.00528799
-8.32401e-06
-0.00540661
-0.0108683
-0.0163512
-0.0218099
-0.0271963
-0.0324592
-0.0375457
-0.0424014
-0.0469711
-0.0511995
-0.0550325
-0.0584179
-0.0613067
-0.0636542
-0.065421
-0.0665746
-0.0670901
-0.0669517
-0.0661534
-0.0647001
-0.0626078
-0.0599046
-0.0566304
-0.0528368
-0.0485871
-0.0439556
-0.0390265
-0.033893
-0.0286563
-0.0234241
-0.0183091
-0.0134278
-0.00889864
-0.00484008
-0.00137367
0.00391821
0.0113866
0.0184186
0.0249686
0.0310087
0.036523
0.0415056
0.0459586
0.0498905
0.0533142
0.0562457
0.0587028
0.0607037
0.0622666
0.0634086
0.0641454
0.0644908
0.0644568
0.0640534
0.0632884
0.0621684
0.0606984
0.0588822
0.0567233
0.0542249
0.0513907
0.0482249
0.0447333
0.0409231
0.0368038
0.0323873
0.0276884
0.022725
0.0175186
0.0120942
0.00648069
0.000710808
-0.00517862
-0.0111468
-0.0171491
-0.0231372
-0.0290594
-0.0348607
-0.0404838
-0.0458695
-0.0509572
-0.055686
-0.0599958
-0.0638282
-0.0671275
-0.0698428
-0.0719282
-0.0733453
-0.0740636
-0.0740625
-0.073332
-0.0718739
-0.0697026
-0.0668456
-0.0633437
-0.0592511
-0.0546348
-0.0495743
-0.0441602
-0.0384935
-0.0326837
-0.0268479
-0.0211084
-0.0155918
-0.0104262
-0.00573998
-0.00166424
0.00439344
0.0127087
0.0204913
0.027703
0.0343227
0.0403415
0.0457603
0.0505874
0.0548371
0.0585276
0.0616795
0.0643148
0.0664554
0.0681225
0.0693359
0.0701135
0.0704708
0.0704213
0.0699758
0.0691432
0.0679305
0.0663429
0.0643846
0.0620591
0.0593695
0.0563193
0.0529127
0.0491553
0.0450542
0.0406188
0.0358611
0.0307959
0.0254416
0.0198198
0.0139565
0.00788119
0.00162804
-0.00476466
-0.0112542
-0.0177936
-0.0243317
-0.0308134
-0.0371801
-0.0433699
-0.0493187
-0.0549605
-0.0602284
-0.0650558
-0.0693774
-0.0731308
-0.0762574
-0.0787047
-0.080427
-0.0813876
-0.0815598
-0.0809288
-0.0794926
-0.0772628
-0.0742657
-0.0705426
-0.0661495
-0.0611572
-0.0556503
-0.0497261
-0.0434935
-0.0370713
-0.0305864
-0.0241718
-0.0179648
-0.0121047
-0.00673075
-0.00198488
0.00488748
0.0140822
0.0226434
0.0305403
0.0377594
0.0442993
0.0501678
0.0553799
0.059956
0.06392
0.0672976
0.0701152
0.0723987
0.0741726
0.0754595
0.0762797
0.0766507
0.0765874
0.0761019
0.0752038
0.0739008
0.0721983
0.0701008
0.0676117
0.0647342
0.0614714
0.0578274
0.0538074
0.0494184
0.0446694
0.0395721
0.0341416
0.0283959
0.0223571
0.0160513
0.00950884
0.00276472
-0.00414149
-0.0111654
-0.018258
-0.0253655
-0.0324296
-0.039388
-0.0461745
-0.0527198
-0.0589524
-0.0647992
-0.0701867
-0.0750424
-0.079296
-0.0828812
-0.0857372
-0.0878108
-0.0890574
-0.0894437
-0.0889486
-0.0875653
-0.0853017
-0.0821821
-0.0782474
-0.0735552
-0.0681794
-0.0622097
-0.0557504
-0.0489188
-0.0418433
-0.0346615
-0.027518
-0.0205623
-0.0139457
-0.00781955
-0.00233807
0.00539876
0.0155028
0.0248682
0.0334721
0.0413091
0.0483853
0.054716
0.0603233
0.0652341
0.0694782
0.0730867
0.0760908
0.0785205
0.080404
0.0817669
0.0826321
0.0830191
0.0829444
0.0824215
0.0814609
0.0800708
0.0782571
0.0760245
0.0733763
0.0703154
0.066845
0.0629686
0.058691
0.0540187
0.0489605
0.0435276
0.0377346
0.0315995
0.0251441
0.0183947
0.011382
0.00414141
-0.00328639
-0.0108558
-0.0185158
-0.0262103
-0.0338783
-0.0414536
-0.0488659
-0.056041
-0.0629015
-0.0693678
-0.0753593
-0.0807958
-0.0855985
-0.0896926
-0.0930083
-0.0954832
-0.0970645
-0.0977104
-0.0973928
-0.0960985
-0.0938307
-0.0906107
-0.086478
-0.0814911
-0.0757267
-0.0692795
-0.0622608
-0.0547965
-0.0470254
-0.0390969
-0.0311681
-0.0234015
-0.0159621
-0.00901446
-0.00272662
0.00592561
0.016966
0.0271588
0.0364897
0.0449613
0.0525879
0.0593924
0.0654045
0.0706577
0.0751881
0.0790327
0.0822274
0.0848067
0.0868028
0.0882445
0.0891573
0.0895631
0.08948
0.088923
0.0879035
0.0864305
0.0845103
0.0821476
0.0793458
0.0761077
0.0724359
0.0683336
0.0638051
0.0588562
0.0534951
0.0477324
0.0415821
0.0350617
0.0281927
0.021001
0.0135173
0.0057774
-0.00217757
-0.0103009
-0.0185403
-0.0268375
-0.0351287
-0.0433447
-0.0514108
-0.059248
-0.0667731
-0.0739
-0.0805405
-0.0866061
-0.0920094
-0.0966656
-0.100495
-0.103426
-0.105396
-0.106352
-0.106259
-0.105095
-0.102858
-0.099565
-0.0952526
-0.0899793
-0.0838243
-0.076887
-0.0692856
-0.0611551
-0.0526454
-0.0439182
-0.0351444
-0.026501
-0.0181679
-0.0103244
-0.00315371
0.00646627
0.018467
0.029508
0.0395837
0.0487051
0.0568947
0.0641838
0.0706094
0.0762123
0.081035
0.0851204
0.0885098
0.0912423
0.0933541
0.0948775
0.0958409
0.0962685
0.0961805
0.0955931
0.0945191
0.092968
0.0909466
0.0884599
0.0855112
0.082103
0.0782375
0.0739173
0.0691461
0.063929
0.0582733
0.0521888
0.0456886
0.0387895
0.0315122
0.0238821
0.0159295
0.00769012
-0.000794773
-0.00947787
-0.0183057
-0.0272185
-0.0361501
-0.0450281
-0.0537743
-0.0623046
-0.0705302
-0.0783583
-0.0856931
-0.0924375
-0.0984943
-0.103769
-0.108171
-0.111617
-0.114032
-0.115355
-0.115539
-0.114554
-0.112389
-0.109056
-0.104587
-0.0990405
-0.0924969
-0.0850597
-0.076854
-0.0680243
-0.0587321
-0.0491525
-0.0394713
-0.0298813
-0.0205788
-0.0117593
-0.00362285
0.00701888
0.0200008
0.0319083
0.0427444
0.0525289
0.0612931
0.0690763
0.0759234
0.0818826
0.0870031
0.0913339
0.0949218
0.097811
0.100042
0.10165
0.102667
0.10312
0.10303
0.102417
0.101293
0.0996693
0.097553
0.0949491
0.091861
0.0882909
0.0842405
0.0797119
0.0747078
0.0692325
0.0632923
0.0568959
0.0500555
0.0427866
0.035109
0.0270472
0.0186307
0.00989465
0.000880206
-0.00836521
-0.0177875
-0.0273256
-0.0369116
-0.0464705
-0.0559203
-0.0651726
-0.074133
-0.082702
-0.0907761
-0.0982491
-0.105014
-0.110965
-0.116
-0.120024
-0.122949
-0.124701
-0.125221
-0.124469
-0.122423
-0.119089
-0.114494
-0.108693
-0.101768
-0.0938243
-0.0849953
-0.0754346
-0.0653157
-0.0548284
-0.0441745
-0.0335642
-0.0232114
-0.0133299
-0.0041379
0.00758152
0.0215624
0.0343517
0.0459617
0.0564211
0.0657698
0.0740555
0.0813312
0.0876526
0.0930759
0.0976563
0.101446
0.104495
0.106848
0.108544
0.109618
0.110099
0.110012
0.109377
0.108209
0.106518
0.104314
0.1016
0.0983809
0.094658
0.0904327
0.0857062
0.0804804
0.0747585
0.0685457
0.0618495
0.0546806
0.0470533
0.038986
0.0305019
0.0216296
0.0124031
0.00286288
-0.00694387
-0.0169629
-0.0271326
-0.0373834
-0.0476383
-0.0578121
-0.0678124
-0.0775394
-0.0868872
-0.0957445
-0.103996
-0.111524
-0.118212
-0.123944
-0.128612
-0.132114
-0.134363
-0.135285
-0.134826
-0.132956
-0.129667
-0.124983
-0.118953
-0.111657
-0.103206
-0.0937383
-0.0834165
-0.0724274
-0.0609759
-0.0492814
-0.0375728
-0.0260837
-0.0150478
-0.00470305
0.00815221
0.0231463
0.0368301
0.0492253
0.0603694
0.070311
0.0791066
0.0868171
0.0935059
0.0992363
0.10407
0.108065
0.111277
0.113754
0.115541
0.116674
0.117188
0.117108
0.116456
0.115248
0.113497
0.11121
0.108395
0.105054
0.101188
0.0967985
0.0918858
0.0864507
0.0804953
0.0740234
0.0670412
0.0595578
0.0515858
0.0431421
0.0342483
0.0249313
0.0152239
0.00516548
-0.00519773
-0.0158118
-0.0266149
-0.0375368
-0.0484987
-0.059413
-0.0701836
-0.0807058
-0.0908675
-0.10055
-0.109628
-0.117975
-0.12546
-0.131955
-0.137337
-0.141489
-0.144307
-0.145702
-0.145606
-0.143974
-0.140787
-0.136057
-0.12983
-0.122184
-0.11323
-0.103111
-0.0920006
-0.0800985
-0.0676257
-0.0548202
-0.0419317
-0.029215
-0.0169254
-0.00532285
0.00872889
0.0247471
0.0393355
0.0525247
0.0643613
0.0749028
0.0842142
0.0923646
0.0994251
0.105466
0.110556
0.11476
0.118137
0.120741
0.12262
0.123817
0.124365
0.124296
0.123631
0.122389
0.120583
0.118223
0.115314
0.11186
0.107861
0.103319
0.0982325
0.0926016
0.086427
0.0797112
0.0724586
0.0646767
0.0563761
0.047572
0.0382838
0.0285367
0.0183616
0.0077963
-0.00311428
-0.0143172
-0.0257511
-0.0373455
-0.0490207
-0.0606871
-0.0722456
-0.0835874
-0.0945944
-0.10514
-0.115092
-0.12431
-0.132653
-0.139979
-0.146147
-0.151025
-0.154491
-0.156439
-0.156781
-0.155458
-0.152435
-0.147715
-0.141333
-0.133363
-0.123915
-0.113139
-0.101217
-0.0883607
-0.0748093
-0.0608207
-0.0466666
-0.0326255
-0.018976
-0.00600218
0.0093095
0.0263593
0.0418592
0.055849
0.0683842
0.079531
0.0893627
0.097957
0.105393
0.111747
0.117096
0.12151
0.125054
0.127787
0.129761
0.131022
0.131609
0.131553
0.13088
0.129608
0.127754
0.125327
0.122333
0.118775
0.114655
0.109972
0.104725
0.0989122
0.0925339
0.0855905
0.0780848
0.0700221
0.0614114
0.0522652
0.0426011
0.0324417
0.0218158
0.0107591
-0.000685309
-0.0124661
-0.024523
-0.036786
-0.0491752
-0.0616
-0.0739587
-0.0861391
-0.098018
-0.109462
-0.12033
-0.130472
-0.139732
-0.147955
-0.154984
-0.160668
-0.164865
-0.167449
-0.168314
-0.167379
-0.164595
-0.159947
-0.15346
-0.145201
-0.13528
-0.123847
-0.111093
-0.0972452
-0.0825585
-0.067313
-0.0518044
-0.0363365
-0.0212138
-0.00674626
0.00989196
0.0279774
0.044393
0.0591876
0.0724253
0.084181
0.0945365
0.103577
0.11139
0.118061
0.12367
0.128295
0.132007
0.13487
0.136941
0.138268
0.138895
0.138856
0.138177
0.136882
0.134985
0.132497
0.129425
0.125774
0.121542
0.116731
0.111337
0.105358
0.0987917
0.0916382
0.0838979
0.0755743
0.0666737
0.0572065
0.0471876
0.036637
0.025581
0.0140526
0.0020925
-0.0102501
-0.0229167
-0.0358387
-0.0489366
-0.0621195
-0.0752845
-0.0883164
-0.101088
-0.11346
-0.125282
-0.136394
-0.14663
-0.155816
-0.16378
-0.170351
-0.175366
-0.178678
-0.180157
-0.1797
-0.177237
-0.172735
-0.166205
-0.157704
-0.147336
-0.135255
-0.121657
-0.106782
-0.090905
-0.074328
-0.0573726
-0.0403703
-0.0236536
-0.00756065
0.0104742
0.0295959
0.0469286
0.0625298
0.076472
0.0888386
0.0997197
0.109209
0.1174
0.124387
0.130257
0.135093
0.138974
0.141967
0.144134
0.14553
0.146198
0.146177
0.145497
0.14418
0.142245
0.139704
0.136563
0.132826
0.128494
0.123566
0.118039
0.111908
0.105172
0.0978267
0.0898718
0.0813082
0.0721401
0.0623752
0.0520254
0.0411079
0.0296461
0.0176699
0.00521699
-0.00766614
-0.0209235
-0.0344885
-0.0482832
-0.0622173
-0.0761874
-0.0900766
-0.103754
-0.117076
-0.129885
-0.142011
-0.153274
-0.163488
-0.17246
-0.180002
-0.185926
-0.190061
-0.192252
-0.19237
-0.190322
-0.186052
-0.179552
-0.170866
-0.160091
-0.147378
-0.13293
-0.116999
-0.0998797
-0.0818966
-0.0633995
-0.04475
-0.026311
-0.00845124
0.0110542
0.0312094
0.0494577
0.065865
0.0805119
0.0934897
0.104897
0.114834
0.123404
0.130706
0.136836
0.141884
0.145932
0.149054
0.151318
0.15278
0.153491
0.153489
0.152809
0.151475
0.149506
0.146916
0.143713
0.139899
0.135477
0.130445
0.124797
0.118531
0.111642
0.104124
0.095975
0.087194
0.0777824
0.067745
0.0570908
0.0458339
0.0339941
0.0215981
0.00868
-0.00471704
-0.0185402
-0.0327259
-0.0471985
-0.0618692
-0.0766354
-0.0913798
-0.105969
-0.120256
-0.134076
-0.147251
-0.15959
-0.170891
-0.180944
-0.189538
-0.196464
-0.201522
-0.20453
-0.20533
-0.2038
-0.199859
-0.193476
-0.184675
-0.173543
-0.160226
-0.144932
-0.127924
-0.109512
-0.0900494
-0.0699137
-0.0494993
-0.0292021
-0.00942423
0.01163
0.0328127
0.0519726
0.0691833
0.0845329
0.0981204
0.110052
0.120436
0.129383
0.136999
0.143387
0.148644
0.152857
0.156107
0.158465
0.159993
0.160744
0.160762
0.160083
0.158733
0.156734
0.1541
0.15084
0.146958
0.142456
0.13733
0.131576
0.12519
0.118164
0.110493
0.102172
0.0931969
0.083567
0.0732843
0.0623545
0.0507884
0.0386019
0.025818
0.012467
-0.001412
-0.0157702
-0.0305475
-0.0456715
-0.0610565
-0.0766015
-0.0921899
-0.107688
-0.122946
-0.137793
-0.152045
-0.1655
-0.177942
-0.189143
-0.19887
-0.20689
-0.212974
-0.21691
-0.218506
-0.217609
-0.214106
-0.207938
-0.199108
-0.187684
-0.173805
-0.157678
-0.139577
-0.119831
-0.0988164
-0.076944
-0.0546424
-0.0323439
-0.0104861
0.0121997
0.0344011
0.0544661
0.0724752
0.0885236
0.102718
0.115171
0.125999
0.13532
0.143247
0.149889
0.155351
0.159725
0.163099
0.165548
0.167139
0.167929
0.167965
0.167286
0.165921
0.163893
0.161219
0.157908
0.153964
0.14939
0.144181
0.138334
0.131843
0.124698
0.116894
0.108422
0.0992771
0.0894556
0.0789563
0.0677817
0.055939
0.0434403
0.0303043
0.016557
0.00223301
-0.0126233
-0.0279565
-0.0436984
-0.059767
-0.0760645
-0.0924765
-0.10887
-0.125094
-0.140975
-0.156323
-0.170925
-0.184553
-0.196964
-0.207901
-0.217106
-0.22432
-0.229298
-0.231813
-0.231673
-0.22873
-0.222892
-0.214131
-0.202494
-0.188108
-0.171176
-0.151978
-0.13086
-0.108226
-0.0845186
-0.060204
-0.0357535
-0.0116438
0.0127619
0.0359702
0.0569312
0.0757318
0.0924734
0.107269
0.120239
0.131507
0.141196
0.149429
0.156321
0.161982
0.166513
0.170005
0.17254
0.174189
0.175014
0.175065
0.174383
0.173003
0.170947
0.168235
0.164876
0.160876
0.156237
0.150957
0.145029
0.138446
0.1312
0.123281
0.114681
0.105391
0.0954049
0.0847189
0.073332
0.0612476
0.0484738
0.0350249
0.0209221
0.00619508
-0.00911697
-0.0249638
-0.0412824
-0.0579956
-0.0750102
-0.0922153
-0.109481
-0.126655
-0.143565
-0.160015
-0.175786
-0.190637
-0.20431
-0.216527
-0.227005
-0.235453
-0.24159
-0.245151
-0.245902
-0.243653
-0.238272
-0.229696
-0.217945
-0.203123
-0.185427
-0.165139
-0.142623
-0.118306
-0.0926654
-0.0662087
-0.0394488
-0.0129042
0.0133149
0.0375161
0.0593623
0.0789455
0.0963728
0.111763
0.125244
0.136944
0.146997
0.155528
0.162663
0.168516
0.173195
0.176798
0.179412
0.181113
0.181967
0.182028
0.181341
0.179942
0.177857
0.175107
0.171703
0.167652
0.162955
0.15761
0.151612
0.144952
0.137621
0.129607
0.1209
0.11149
0.101367
0.0905255
0.0789602
0.0666708
0.0536615
0.0399417
0.0255279
0.0104443
-0.00527568
-0.0215876
-0.0384345
-0.0557453
-0.0734324
-0.09139
-0.109492
-0.12759
-0.145511
-0.163058
-0.180006
-0.196105
-0.211083
-0.224643
-0.236474
-0.246256
-0.253669
-0.258408
-0.260192
-0.258783
-0.254002
-0.245745
-0.233992
-0.218825
-0.200423
-0.179068
-0.155136
-0.129079
-0.101411
-0.0726811
-0.0434477
-0.0142748
0.0138575
0.0390358
0.0617544
0.0821098
0.100214
0.116191
0.130173
0.142299
0.152705
0.161526
0.168894
0.17493
0.179748
0.183453
0.186136
0.18788
0.188755
0.188819
0.18812
0.186699
0.184582
0.181793
0.178345
0.174245
0.169496
0.164095
0.158037
0.151312
0.143911
0.13582
0.127029
0.117523
0.107292
0.0963255
0.0846164
0.0721602
0.0589567
0.0450109
0.0303337
0.0149438
-0.0011314
-0.0178541
-0.0351742
-0.0530275
-0.0713334
-0.0899927
-0.108885
-0.127867
-0.146769
-0.165393
-0.183513
-0.200872
-0.217184
-0.232137
-0.245394
-0.256605
-0.265411
-0.271461
-0.274425
-0.274012
-0.269989
-0.2622
-0.250581
-0.235177
-0.216146
-0.193763
-0.168411
-0.140568
-0.110781
-0.0796452
-0.0477683
-0.015763
0.0143891
0.0405268
0.0641039
0.0852196
0.103989
0.120543
0.135018
0.147557
0.158306
0.167406
0.174995
0.181202
0.186147
0.189941
0.192683
0.194459
0.195345
0.195402
0.194685
0.193234
0.191081
0.18825
0.184757
0.18061
0.175812
0.170361
0.164251
0.157474
0.150017
0.141868
0.133012
0.123436
0.113124
0.102065
0.090247
0.077663
0.0643083
0.050183
0.0352928
0.0196504
0.00327682
-0.0137972
-0.0315291
-0.0498625
-0.0687248
-0.0880251
-0.107651
-0.127464
-0.147302
-0.16697
-0.186242
-0.204856
-0.222519
-0.238901
-0.253646
-0.266371
-0.276679
-0.284173
-0.28847
-0.289218
-0.286123
-0.27897
-0.267639
-0.252129
-0.232568
-0.209215
-0.182456
-0.152788
-0.120798
-0.0871244
-0.0524288
-0.0173768
0.0149089
0.041988
0.0664087
0.0882719
0.107696
0.124814
0.139769
0.15271
0.163788
0.173153
0.180948
0.187311
0.192369
0.196238
0.199024
0.200818
0.201702
0.201742
0.200996
0.199507
0.197311
0.194434
0.190893
0.186698
0.181853
0.176357
0.170204
0.163384
0.155886
0.147695
0.138795
0.129171
0.118806
0.107686
0.095795
0.0831229
0.0696609
0.0554042
0.0403533
0.0245149
0.00790323
-0.00945825
-0.027535
-0.0462794
-0.0656279
-0.0854989
-0.105789
-0.12637
-0.147087
-0.167749
-0.188136
-0.207985
-0.226996
-0.244829
-0.261107
-0.27542
-0.287333
-0.2964
-0.302182
-0.304263
-0.30228
-0.295946
-0.285078
-0.269617
-0.249648
-0.225404
-0.197268
-0.165754
-0.131482
-0.0951409
-0.0574474
-0.0191238
0.015417
0.0434193
0.0686685
0.0912655
0.11133
0.128999
0.14442
0.157748
0.16914
0.178753
0.186737
0.193238
0.19839
0.202316
0.205129
0.206926
0.207792
0.207801
0.207013
0.205476
0.203228
0.200298
0.196705
0.19246
0.18757
0.182032
0.175841
0.168989
0.161461
0.153244
0.14432
0.134671
0.124281
0.113129
0.101201
0.0884807
0.0749556
0.0606165
0.0454587
0.0294827
0.012696
-0.00488544
-0.0232356
-0.0423161
-0.0620734
-0.0824363
-0.103313
-0.124585
-0.146107
-0.167701
-0.189149
-0.210193
-0.230533
-0.249819
-0.26766
-0.283619
-0.297226
-0.307988
-0.315405
-0.318994
-0.318316
-0.313003
-0.302794
-0.287559
-0.267328
-0.242298
-0.212837
-0.179471
-0.14285
-0.103715
-0.0628416
-0.0210123
0.015914
0.044822
0.070885
0.0942021
0.114894
0.133099
0.14897
0.162667
0.174353
0.184193
0.192346
0.198963
0.204188
0.208151
0.21097
0.212749
0.213581
0.213542
0.212697
0.211099
0.208789
0.205797
0.202146
0.197848
0.192911
0.187333
0.18111
0.174232
0.166687
0.158458
0.149528
0.139878
0.129487
0.118336
0.106405
0.0936752
0.0801313
0.0657591
0.0505487
0.0344948
0.0175981
-0.000133217
-0.0186817
-0.0380187
-0.0581012
-0.0788698
-0.100244
-0.12212
-0.144364
-0.166808
-0.189246
-0.211429
-0.233056
-0.253778
-0.27319
-0.290835
-0.30621
-0.318776
-0.327974
-0.333248
-0.334074
-0.329997
-0.320662
-0.305858
-0.285539
-0.259854
-0.229145
-0.193939
-0.154916
-0.112867
-0.0686286
-0.0230502
0.0164008
0.0461991
0.0730623
0.097086
0.11839
0.137115
0.153417
0.167462
0.17942
0.189464
0.19776
0.204469
0.209741
0.213716
0.216517
0.218257
0.219032
0.218926
0.218008
0.216333
0.213948
0.210884
0.207167
0.202811
0.197824
0.192208
0.185956
0.17906
0.171507
0.163281
0.154362
0.144731
0.134366
0.123244
0.111344
0.0986443
0.0851253
0.070769
0.0555605
0.0394888
0.022548
0.00473866
-0.0139306
-0.0334408
-0.0537604
-0.0748418
-0.0966184
-0.119
-0.141867
-0.165068
-0.18841
-0.211653
-0.234508
-0.256624
-0.277593
-0.296942
-0.31414
-0.328604
-0.339716
-0.346846
-0.349382
-0.346766
-0.338542
-0.324395
-0.304193
-0.278013
-0.24616
-0.20915
-0.167689
-0.122613
-0.0748252
-0.0252458
0.0168795
0.0475557
0.0752076
0.0999252
0.121827
0.141053
0.157765
0.172134
0.184338
0.194558
0.202968
0.209739
0.215029
0.218986
0.221742
0.223416
0.224111
0.223915
0.222903
0.221135
0.21866
0.215513
0.21172
0.2073
0.20226
0.196604
0.190326
0.183418
0.175867
0.167655
0.158764
0.149173
0.138857
0.127793
0.115957
0.103325
0.0898742
0.0755821
0.0604295
0.0443999
0.0274811
0.00966614
-0.00904485
-0.0286429
-0.0491075
-0.0704042
-0.0924802
-0.115261
-0.138644
-0.162494
-0.186634
-0.210843
-0.234842
-0.258289
-0.280776
-0.301822
-0.320873
-0.337308
-0.350453
-0.359603
-0.364051
-0.363133
-0.356272
-0.343035
-0.323182
-0.296702
-0.26384
-0.22509
-0.181171
-0.132966
-0.081447
-0.0276072
0.0173528
0.0488989
0.0773312
0.102732
0.125215
0.144924
0.162022
0.176687
0.189106
0.199468
0.207958
0.214756
0.22003
0.223937
0.226616
0.228194
0.228781
0.228471
0.227343
0.225462
0.22288
0.219635
0.215757
0.211264
0.206167
0.20047
0.194167
0.187252
0.179711
0.171526
0.162678
0.153145
0.142902
0.131924
0.120184
0.107656
0.0943148
0.080134
0.0650901
0.0491616
0.0323302
0.014582
-0.00409142
-0.0236906
-0.0442064
-0.0656172
-0.0878849
-0.110951
-0.134732
-0.159111
-0.183932
-0.208992
-0.23403
-0.25872
-0.282661
-0.305369
-0.326276
-0.34473
-0.360007
-0.371326
-0.377885
-0.378903
-0.373672
-0.361623
-0.342384
-0.315831
-0.282128
-0.241731
-0.195359
-0.143939
-0.0885088
-0.0301426
0.0178243
0.0502389
0.0794474
0.105522
0.128572
0.148742
0.166199
0.181128
0.193727
0.204192
0.212723
0.219507
0.224726
0.228543
0.231109
0.232558
0.233006
0.232554
0.231285
0.229269
0.226562
0.223204
0.219228
0.214655
0.209495
0.203754
0.197428
0.19051
0.182986
0.174839
0.166049
0.156592
0.146444
0.135578
0.123965
0.111577
0.098385
0.084361
0.0694771
0.0537072
0.0370273
0.0194168
0.000859659
-0.0186542
-0.0391265
-0.0605484
-0.0828968
-0.10613
-0.130183
-0.154961
-0.180329
-0.206109
-0.232062
-0.257883
-0.283184
-0.30749
-0.330227
-0.35072
-0.3682
-0.381817
-0.390674
-0.393867
-0.390545
-0.379982
-0.361651
-0.33529
-0.300954
-0.259037
-0.210246
-0.155539
-0.0960244
-0.0328602
0.0182992
0.0515887
0.0815751
0.108317
0.13192
0.152527
0.170312
0.185469
0.198204
0.208729
0.217253
0.223978
0.229095
0.23278
0.235192
0.236473
0.236748
0.236122
0.234686
0.232512
0.229659
0.226173
0.222086
0.217422
0.212194
0.206406
0.200057
0.19314
0.18564
0.177542
0.168823
0.159461
0.149429
0.138699
0.127242
0.115027
0.102024
0.0882006
0.0735261
0.0579702
0.0415038
0.0241004
0.00573644
-0.0136068
-0.0339415
-0.0552712
-0.0775874
-0.100866
-0.12506
-0.150098
-0.175871
-0.202224
-0.228948
-0.255762
-0.282304
-0.308113
-0.332619
-0.355136
-0.374859
-0.390879
-0.402204
-0.407804
-0.406675
-0.397916
-0.380818
-0.354951
-0.320231
-0.276961
-0.225814
-0.167771
-0.104006
-0.0357683
0.018784
0.0529654
0.0837385
0.111146
0.135287
0.156306
0.174384
0.189724
0.202547
0.213079
0.221543
0.228154
0.233118
0.236621
0.238833
0.239904
0.239968
0.239135
0.237501
0.235143
0.232124
0.228492
0.224281
0.219517
0.214213
0.208377
0.202005
0.195092
0.187624
0.179583
0.170949
0.161698
0.151803
0.141234
0.129961
0.117952
0.105173
0.0915923
0.0771744
0.0618855
0.0456922
0.0285625
0.0104663
-0.00862327
-0.0287281
-0.0498635
-0.0720347
-0.0952342
-0.119436
-0.144589
-0.170613
-0.19738
-0.224713
-0.252363
-0.279998
-0.307182
-0.333362
-0.357852
-0.379824
-0.398318
-0.412255
-0.420481
-0.421829
-0.415207
-0.399697
-0.374666
-0.339855
-0.295442
-0.242039
-0.180635
-0.112467
-0.0388752
0.0192867
0.0543904
0.0859682
0.114043
0.138709
0.160112
0.178441
0.193914
0.206768
0.217245
0.225586
0.232023
0.236773
0.240038
0.241998
0.242814
0.242624
0.241548
0.239685
0.237117
0.233909
0.230113
0.225765
0.22089
0.215505
0.209616
0.203223
0.196317
0.188887
0.180915
0.172379
0.163255
0.153515
0.14313
0.132068
0.120295
0.107777
0.094478
0.0803614
0.0653899
0.0495264
0.0327341
0.0149769
-0.00377903
-0.0235646
-0.0444056
-0.0663208
-0.0893183
-0.113391
-0.138513
-0.164626
-0.191638
-0.219404
-0.247711
-0.276265
-0.304667
-0.332388
-0.358758
-0.382943
-0.403943
-0.420605
-0.431655
-0.435759
-0.431616
-0.418075
-0.394263
-0.359702
-0.314404
-0.258887
-0.194128
-0.121415
-0.0421895
0.0198179
0.0558907
0.0883022
0.117053
0.14223
0.163983
0.182516
0.198062
0.210879
0.22123
0.229376
0.235567
0.240037
0.243001
0.244652
0.24516
0.244672
0.243313
0.241188
0.238383
0.234964
0.230986
0.226486
0.221492
0.21602
0.210077
0.203662
0.196769
0.189384
0.18149
0.173064
0.164084
0.154519
0.14434
0.133514
0.122006
0.109782
0.0968022
0.0830291
0.0684227
0.0529425
0.0365478
0.0191974
0.000851359
-0.018529
-0.0389794
-0.0605303
-0.0832047
-0.107014
-0.131954
-0.157994
-0.185073
-0.213081
-0.24185
-0.271126
-0.300555
-0.32965
-0.357767
-0.384083
-0.407578
-0.427039
-0.441079
-0.448202
-0.446886
-0.435719
-0.413546
-0.379628
-0.333757
-0.276318
-0.208242
-0.130863
-0.0457202
0.0203906
0.0574999
0.0907876
0.120228
0.145902
0.167969
0.186647
0.202196
0.214897
0.225038
0.232904
0.238768
0.242881
0.245475
0.246754
0.246899
0.246065
0.244382
0.24196
0.238888
0.235236
0.231058
0.226394
0.221272
0.215708
0.209709
0.203275
0.196399
0.189067
0.181261
0.17296
0.164139
0.154767
0.144816
0.134251
0.123037
0.111137
0.0985123
0.0851226
0.0709259
0.0558794
0.0399389
0.0230593
0.00519518
-0.0136986
-0.0336661
-0.0547485
-0.0769823
-0.100396
-0.125005
-0.150806
-0.177769
-0.205823
-0.234841
-0.264622
-0.294861
-0.325124
-0.354811
-0.383129
-0.409057
-0.431341
-0.448503
-0.458884
-0.460738
-0.452366
-0.432296
-0.399466
-0.353395
-0.294278
-0.222966
-0.140819
-0.0494772
0.0210211
0.0592596
0.0934819
0.123633
0.149789
0.172124
0.19088
0.206346
0.218836
0.228669
0.236159
0.241602
0.245273
0.247418
0.248257
0.247979
0.246746
0.244697
0.241943
0.238577
0.234669
0.230275
0.225436
0.220179
0.214519
0.208465
0.202015
0.195162
0.187892
0.180186
0.172023
0.163376
0.154217
0.144515
0.134234
0.12334
0.111795
0.0995589
0.0865899
0.0728451
0.0582793
0.0428461
0.026497
0.00918261
-0.00914779
-0.0285451
-0.0490598
-0.0707398
-0.0936287
-0.117761
-0.14316
-0.169823
-0.197718
-0.226764
-0.256813
-0.287619
-0.318811
-0.349849
-0.379987
-0.408231
-0.433311
-0.453675
-0.467519
-0.472872
-0.467731
-0.450261
-0.419023
-0.373192
-0.312705
-0.238286
-0.151295
-0.0534713
0.02173
0.0612214
0.0964557
0.127345
0.153966
0.176513
0.195262
0.210543
0.222709
0.232119
0.239121
0.244039
0.247171
0.248782
0.249105
0.24834
0.246656
0.244197
0.241076
0.237388
0.233204
0.22858
0.223556
0.218158
0.212402
0.206295
0.199834
0.193012
0.185814
0.178221
0.17021
0.161755
0.152827
0.143394
0.133422
0.122874
0.111712
0.0998955
0.0873827
0.0741291
0.0600882
0.0452118
0.0294492
0.0127478
-0.00494729
-0.0236925
-0.0435455
-0.0645644
-0.0868054
-0.110321
-0.135154
-0.161334
-0.188865
-0.21771
-0.247777
-0.278885
-0.310735
-0.342863
-0.37459
-0.404974
-0.432758
-0.456346
-0.473813
-0.48297
-0.481497
-0.467161
-0.438078
-0.392998
-0.331523
-0.254182
-0.162301
-0.0577154
0.0225429
0.0634491
0.0997948
0.131456
0.158517
0.181206
0.199845
0.214816
0.226525
0.235378
0.241762
0.246035
0.248521
0.249504
0.249232
0.247913
0.245724
0.24281
0.239289
0.235253
0.230775
0.225909
0.220694
0.215154
0.209303
0.203148
0.196684
0.189903
0.182789
0.175322
0.167479
0.159234
0.150557
0.141414
0.131773
0.121596
0.110845
0.0994796
0.0874564
0.074731
0.0612564
0.0469832
0.0318592
0.0158298
-0.00116279
-0.0191791
-0.0382825
-0.0585388
-0.080015
-0.102778
-0.126891
-0.152408
-0.179368
-0.20778
-0.237606
-0.268734
-0.300944
-0.333861
-0.366895
-0.39918
-0.429507
-0.456274
-0.477466
-0.490694
-0.493321
-0.482678
-0.456374
-0.41264
-0.350644
-0.270633
-0.173853
-0.0622252
0.0234923
0.0660218
0.103603
0.136076
0.163544
0.186282
0.204681
0.21919
0.230282
0.238419
0.244037
0.247532
0.249254
0.249509
0.248557
0.246616
0.243867
0.240457
0.236504
0.232099
0.227312
0.222196
0.216787
0.211106
0.205167
0.198971
0.192516
0.185788
0.178773
0.171449
0.163792
0.155775
0.147368
0.138539
0.129252
0.119471
0.109158
0.0982722
0.0867708
0.0746089
0.0617396
0.048113
0.0336764
0.018374
0.00214642
-0.0150695
-0.0333411
-0.0527398
-0.073341
-0.0952232
-0.118466
-0.143147
-0.169336
-0.197082
-0.226403
-0.257257
-0.289507
-0.322876
-0.356884
-0.390769
-0.423407
-0.453228
-0.478172
-0.495685
-0.502822
-0.496455
-0.473615
-0.431915
-0.369961
-0.287615
-0.185971
-0.0670203
0.0246194
0.0690377
0.108008
0.141333
0.169155
0.191824
0.209818
0.223679
0.233962
0.241199
0.245882
0.248448
0.249279
0.248698
0.24698
0.244349
0.240988
0.237043
0.232631
0.22784
0.222736
0.217368
0.211767
0.205952
0.199934
0.193712
0.187279
0.180621
0.173722
0.16656
0.159109
0.151342
0.143227
0.134733
0.125824
0.116465
0.106617
0.09624
0.0852912
0.0737267
0.0614997
0.0485607
0.0348572
0.0203333
0.00492905
-0.01142
-0.0287833
-0.047236
-0.0668594
-0.0877406
-0.109973
-0.133652
-0.158874
-0.185728
-0.21428
-0.244557
-0.27651
-0.309967
-0.344571
-0.379693
-0.414327
-0.446991
-0.475627
-0.497569
-0.509587
-0.508086
-0.489457
-0.450578
-0.389348
-0.305101
-0.198681
-0.0721264
0.0259765
0.0726192
0.11316
0.147376
0.175473
0.197911
0.21529
0.228274
0.237519
0.243642
0.247199
0.248673
0.248475
0.246949
0.244379
0.240992
0.236971
0.23246
0.22757
0.222383
0.21696
0.211344
0.205561
0.199626
0.193545
0.187314
0.180923
0.174357
0.167597
0.160618
0.153396
0.145901
0.138103
0.129969
0.121464
0.112552
0.103196
0.093356
0.0829905
0.0720561
0.060507
0.0482946
0.0353674
0.0216702
0.00714368
-0.00827659
-0.0246607
-0.0420855
-0.0606356
-0.0804042
-0.101493
-0.124015
-0.148086
-0.173827
-0.201352
-0.230751
-0.262058
-0.295215
-0.329997
-0.36593
-0.402169
-0.437364
-0.469531
-0.495951
-0.513163
-0.517111
-0.503496
-0.468336
-0.408652
-0.32306
-0.212022
-0.0775774
0.0276312
0.0769192
0.119245
0.154375
0.182625
0.204613
0.221111
0.232934
0.240869
0.245633
0.247851
0.248055
0.246687
0.244105
0.2406
0.2364
0.231682
0.226582
0.221204
0.215622
0.209888
0.204038
0.198092
0.192059
0.185939
0.179724
0.173402
0.166953
0.160358
0.15359
0.146623
0.139427
0.131971
0.124223
0.116149
0.107712
0.0988764
0.0896027
0.0798509
0.0695789
0.0587422
0.0472939
0.0351841
0.0223591
0.00876105
-0.00567303
-0.0210124
-0.0373339
-0.054723
-0.073276
-0.093101
-0.114319
-0.137066
-0.161488
-0.187736
-0.215959
-0.246271
-0.278724
-0.313234
-0.349498
-0.386866
-0.424179
-0.459595
-0.490426
-0.513054
-0.523003
-0.515249
-0.484832
-0.42768
-0.341456
-0.226046
-0.0834201
0.0296715
0.08213
0.126483
0.16252
0.190734
0.211978
0.22725
0.237566
0.243871
0.246995
0.247641
0.24639
0.24371
0.23997
0.235459
0.230399
0.22496
0.219264
0.213404
0.207441
0.201419
0.195361
0.189282
0.183182
0.177056
0.170891
0.16467
0.158372
0.151974
0.145449
0.138768
0.131902
0.124819
0.117487
0.109872
0.101939
0.0936528
0.0849753
0.0758681
0.0662906
0.0562002
0.0455522
0.0342989
0.0223889
0.00976687
-0.00362786
-0.0178623
-0.0330115
-0.0491599
-0.0664039
-0.0848542
-0.104638
-0.125901
-0.148809
-0.173547
-0.200308
-0.229281
-0.260619
-0.294383
-0.330452
-0.368397
-0.407303
-0.445549
-0.48058
-0.508725
-0.52516
-0.524143
-0.499617
-0.446185
-0.360244
-0.24083
-0.0897191
0.0322136
0.0884943
0.135135
0.172012
0.199906
0.220002
0.23361
0.241998
0.246299
0.247472
0.246301
0.24341
0.239284
0.234297
0.228728
0.222787
0.216623
0.210345
0.204027
0.197718
0.191445
0.185223
0.179054
0.172931
0.166843
0.160771
0.154695
0.148589
0.142427
0.136182
0.129824
0.123323
0.116647
0.109763
0.10264
0.0952426
0.0875368
0.0794867
0.0710554
0.0622046
0.0528939
0.0430813
0.0327217
0.0217671
0.010165
-0.00214162
-0.0152165
-0.0291313
-0.0439676
-0.0598195
-0.0767967
-0.095028
-0.114665
-0.135885
-0.158895
-0.183927
-0.211231
-0.24105
-0.273581
-0.30889
-0.34679
-0.386653
-0.427161
-0.466006
-0.499598
-0.522893
-0.52948
-0.512122
-0.463837
-0.379358
-0.256474
-0.0965662
0.0354137
0.0963205
0.145507
0.183055
0.210197
0.228599
0.239985
0.245939
0.247812
0.246701
0.243466
0.238763
0.233084
0.22679
0.220143
0.213326
0.206467
0.199649
0.192926
0.186327
0.179864
0.173538
0.167341
0.161256
0.155264
0.14934
0.143461
0.137597
0.13172
0.1258
0.119807
0.113711
0.107479
0.101081
0.0944842
0.0876561
0.0805637
0.0731732
0.0654498
0.0573577
0.0488595
0.0399158
0.0304853
0.0205232
0.00998124
-0.00119363
-0.0130606
-0.0256867
-0.0391488
-0.0535365
-0.0689558
-0.085533
-0.10342
-0.122799
-0.143889
-0.166949
-0.192275
-0.220187
-0.251001
-0.284963
-0.322135
-0.362213
-0.404252
-0.446317
-0.485069
-0.515419
-0.530414
-0.521611
-0.480179
-0.398692
-0.273119
-0.104094
0.0394874
0.106002
0.157945
0.195818
0.221565
0.237537
0.246004
0.248931
0.247913
0.24418
0.238654
0.232004
0.224707
0.217097
0.209399
0.201761
0.194276
0.186999
0.179957
0.173156
0.16659
0.160246
0.154101
0.148131
0.142307
0.136602
0.130983
0.125421
0.119884
0.114342
0.108764
0.103118
0.0973733
0.0915003
0.0854676
0.0792444
0.0727996
0.0661016
0.0591182
0.0518164
0.0441618
0.0361187
0.0276493
0.0187132
0.00926649
-0.000738966
-0.0113571
-0.022649
-0.0346857
-0.0475503
-0.0613423
-0.076182
-0.0922163
-0.109626
-0.128633
-0.14951
-0.172581
-0.198226
-0.226857
-0.258882
-0.294602
-0.334053
-0.376729
-0.421184
-0.464524
-0.50186
-0.525914
-0.527116
-0.49456
-0.418059
-0.290946
-0.112498
0.0447408
0.118043
0.172819
0.210379
0.233786
0.246354
0.251049
0.250282
0.245897
0.239236
0.23125
0.222589
0.213687
0.204823
0.196169
0.187826
0.179842
0.172236
0.165002
0.158124
0.151574
0.145322
0.139334
0.133575
0.12801
0.122604
0.117323
0.112133
0.107001
0.101895
0.0967846
0.091639
0.0864283
0.0811231
0.0756943
0.0701129
0.0643503
0.0583774
0.0521649
0.0456828
0.0389005
0.031786
0.0243055
0.0164232
0.0081003
-0.000706027
-0.0100436
-0.0199672
-0.0305402
-0.0418379
-0.0539512
-0.0669912
-0.0810956
-0.0964369
-0.113232
-0.131752
-0.152335
-0.175395
-0.201414
-0.230929
-0.264457
-0.302366
-0.344621
-0.390377
-0.437386
-0.481259
-0.514741
-0.52736
-0.506022
-0.437116
-0.310179
-0.122075
0.0516255
0.133083
0.190465
0.226611
0.246315
0.25422
0.254147
0.248989
0.240806
0.231005
0.220505
0.209888
0.199506
0.189557
0.180138
0.171287
0.163
0.155253
0.148005
0.141215
0.134833
0.128813
0.12311
0.117678
0.112477
0.107466
0.102608
0.0978676
0.093211
0.088606
0.084022
0.0794296
0.0748002
0.0701062
0.0653207
0.0604172
0.0553697
0.0501519
0.0447379
0.0391013
0.033215
0.0270512
0.0205806
0.0137722
0.00659243
-0.000995579
-0.00903322
-0.0175679
-0.026655
-0.0363607
-0.0467653
-0.0579683
-0.0700944
-0.0833022
-0.0977944
-0.113831
-0.131745
-0.151959
-0.174994
-0.201473
-0.232085
-0.267495
-0.308137
-0.353835
-0.403181
-0.452632
-0.495429
-0.520656
-0.513146
-0.45522
-0.33106
-0.133287
0.0608353
0.151913
0.211065
0.243966
0.258059
0.259746
0.253831
0.243653
0.2314
0.218434
0.205562
0.193231
0.18166
0.170936
0.161062
0.151999
0.143685
0.136049
0.129019
0.122523
0.116495
0.110873
0.105602
0.10063
0.0959092
0.0913979
0.0870564
0.0828486
0.078741
0.0747022
0.070703
0.0667155
0.0627134
0.0586715
0.0545655
0.0503717
0.0460672
0.0416291
0.037035
0.0322622
0.0272875
0.0220876
0.0166378
0.010912
0.00488228
-0.00148224
-0.00821617
-0.0153593
-0.0229582
-0.0310692
-0.0397608
-0.0491189
-0.0592523
-0.0703011
-0.082447
-0.0959278
-0.111055
-0.128234
-0.147991
-0.170985
-0.198017
-0.22998
-0.267727
-0.311764
-0.361659
-0.41507
-0.466328
-0.504818
-0.513809
-0.471164
-0.353763
-0.146866
0.0734752
0.175434
0.234344
0.261089
0.267028
0.260743
0.24801
0.232448
0.216178
0.200358
0.185561
0.172016
0.159765
0.148751
0.138868
0.129997
0.122015
0.114808
0.108271
0.102313
0.0968498
0.0918105
0.0871319
0.0827581
0.0786402
0.0747345
0.0710019
0.0674073
0.0639188
0.060507
0.0571451
0.053808
0.0504722
0.0471155
0.0437167
0.0402557
0.0367127
0.0330688
0.029305
0.0254027
0.021343
0.0171069
0.0126743
0.0080243
0.0031345
-0.00201989
-0.00746664
-0.0132377
-0.019371
-0.025912
-0.0329172
-0.0404574
-0.0486235
-0.0575335
-0.0673429
-0.0782578
-0.0905537
-0.104599
-0.120885
-0.140059
-0.162955
-0.190602
-0.224166
-0.26476
-0.312971
-0.367934
-0.425736
-0.477111
-0.504891
-0.482724
-0.378126
-0.163951
0.0913202
0.204416
0.258949
0.275164
0.269864
0.253969
0.233914
0.213201
0.193557
0.175708
0.159852
0.145926
0.133754
0.12312
0.113812
0.105632
0.0984077
0.0919903
0.0862537
0.0810908
0.0764117
0.0721399
0.0682107
0.0645685
0.0611658
0.0579609
0.0549177
0.052004
0.0491912
0.0464536
0.0437678
0.0411122
0.0384671
0.0358139
0.0331352
0.0304146
0.0276361
0.0247846
0.0218451
0.0188029
0.0156435
0.0123521
0.00891331
0.00531127
0.00152882
-0.00245283
-0.00665481
-0.0111015
-0.015822
-0.0208514
-0.0262336
-0.0320239
-0.0382943
-0.0451389
-0.0526828
-0.0610943
-0.0706019
-0.0815174
-0.0942675
-0.109436
-0.127811
-0.150439
-0.178645
-0.213974
-0.25792
-0.311202
-0.372243
-0.434416
-0.482006
-0.485944
-0.403028
-0.186192
0.117233
0.238721
0.281155
0.280905
0.261344
0.235091
0.208352
0.183802
0.162319
0.143949
0.128398
0.11527
0.104168
0.0947357
0.0866739
0.0797339
0.0737133
0.0684482
0.0638058
0.0596782
0.0559774
0.0526313
0.0495798
0.0467732
0.0441691
0.0417319
0.0394306
0.0372384
0.0351318
0.0330898
0.0310937
0.0291265
0.0271727
0.025218
0.023249
0.0212534
0.0192192
0.017135
0.0149901
0.0127736
0.0104751
0.00808386
0.00558908
0.00297944
0.00024283
-0.00263399
-0.005666
-0.00887053
-0.0122682
-0.0158844
-0.0197506
-0.0239074
-0.0284075
-0.0333204
-0.0387396
-0.0447922
-0.0516527
-0.0595633
-0.0688627
-0.0800274
-0.0937285
-0.110905
-0.132851
-0.161278
-0.198277
-0.245961
-0.305348
-0.373707
-0.439409
-0.474159
-0.425182
-0.215877
0.156131
0.275088
0.291984
0.268807
0.233906
0.199027
0.168432
0.14302
0.122383
0.105741
0.0923068
0.0814013
0.0724749
0.0650974
0.0589369
0.0537381
0.0493044
0.0454839
0.0421582
0.0392342
0.0366382
0.0343111
0.0322051
0.030281
0.0285065
0.0268542
0.0253013
0.023828
0.0224172
0.0210539
0.0197247
0.0184178
0.0171224
0.0158286
0.0145273
0.0132102
0.0118693
0.0104971
0.00908634
0.00763018
0.00612176
0.00455427
0.00292081
0.00121417
-0.000573282
-0.00244992
-0.00442524
-0.0065103
-0.00871832
-0.0110656
-0.0135728
-0.0162662
-0.0191808
-0.0223626
-0.0258743
-0.0298015
-0.0342631
-0.039426
-0.045528
-0.0529108
-0.0620715
-0.0737377
-0.0889767
-0.109342
-0.137031
-0.174952
-0.226329
-0.292941
-0.370146
-0.436581
-0.436772
-0.256244
0.213989
0.300598
0.272375
0.223957
0.178792
0.141949
0.113582
0.0922024
0.0761062
0.063888
0.054497
0.0471732
0.0413729
0.0367079
0.0328995
0.0297457
0.0270984
0.0248477
0.0229107
0.0212243
0.0197395
0.018418
0.0172295
0.0161492
0.0151574
0.0142374
0.0133754
0.0125596
0.0117801
0.011028
0.0102956
0.00957621
0.00886362
0.0081523
0.00743717
0.00671356
0.00597711
0.00522373
0.00444954
0.00365079
0.00282388
0.00196518
0.00107109
0.000137802
-0.000838643
-0.00186267
-0.00293926
-0.00407427
-0.00527477
-0.00654954
-0.00790973
-0.00936985
-0.010949
-0.0126728
-0.0145761
-0.0167068
-0.0191321
-0.021947
-0.0252884
-0.0293563
-0.034449
-0.0410183
-0.0497611
-0.06177
-0.0787734
-0.103491
-0.140014
-0.193639
-0.268269
-0.357424
-0.419017
-0.305816
0.266009
0.275955
0.198597
0.138936
0.0984645
0.0710662
0.0526643
0.0402608
0.0317401
0.025733
0.0213809
0.0181424
0.0156708
0.0137401
0.0121998
0.0109473
0.00991124
0.00904068
0.00829856
0.00765737
0.00709632
0.00659943
0.00615418
0.00575068
0.00538091
0.00503833
0.00471751
0.00441389
0.00412358
0.0038432
0.00356984
0.0033009
0.00303406
0.00276726
0.0024986
0.00222636
0.00194892
0.0016648
0.0013726
0.00107098
0.000758637
0.000434293
9.66564e-05
-0.000255524
-0.000623724
-0.00100952
-0.00141471
-0.00184139
-0.00229219
-0.00277037
-0.00328015
-0.00382703
-0.00441835
-0.00506399
-0.00577747
-0.00657747
-0.0074902
-0.00855302
-0.00982011
-0.0113716
-0.0133289
-0.0158808
-0.0193308
-0.0241842
-0.0313195
-0.0423284
-0.0601787
-0.0903349
-0.141897
-0.2255
-0.331008
-0.319485
0.142935
0.125432
0.0767435
0.0457847
0.0280219
0.017653
0.0115782
0.00799234
0.00581832
0.00444646
0.00354125
0.0029166
0.00246702
0.00213101
0.00187159
0.00166566
0.00149828
0.00135941
0.0012421
0.00114136
0.00105355
0.000975922
0.000906382
0.000843282
0.000785308
0.000731398
0.000680675
0.000632403
0.00058596
0.000540811
0.000496488
0.000452581
0.000408726
0.000364596
0.000319896
0.000274358
0.000227735
0.000179801
0.000130345
7.91649e-05
2.60689e-05
-2.91383e-05
-8.66592e-05
-0.0001466
-0.000209252
-0.000274857
-0.000343687
-0.000416084
-0.00049248
-0.000573433
-0.000659676
-0.000752184
-0.00085227
-0.000961718
-0.00108298
-0.00121946
-0.00137595
-0.00155931
-0.0017795
-0.00205143
-0.00239796
-0.00285549
-0.00348471
-0.00439275
-0.00578225
-0.00806642
-0.0121427
-0.0200324
-0.0362275
-0.069559
-0.12766
-0.152141
)
;

boundaryField
{
    movingWall
    {
        type            calculated;
        value           uniform 0;
    }
    fixedWalls
    {
        type            calculated;
        value           uniform 0;
    }
    frontAndBack
    {
        type            empty;
    }
}


// ************************************************************************* //
