/*--------------------------------*- C++ -*----------------------------------*\
  =========                 |
  \\      /  F ield         | OpenFOAM: The Open Source CFD Toolbox
   \\    /   O peration     | Website:  https://openfoam.org
    \\  /    A nd           | Version:  dev
     \\/     M anipulation  |
\*---------------------------------------------------------------------------*/
FoamFile
{
    format      ascii;
    class       volScalarField;
    location    "14.4";
    object      p;
}
// * * * * * * * * * * * * * * * * * * * * * * * * * * * * * * * * * * * * * //

dimensions      [0 2 -2 0 0 0 0];

internalField   nonuniform List<scalar> 
5184
(
-1.41216e-08
-1.26513e-05
-9.85883e-05
-0.00025116
-0.000450062
-0.000678095
-0.000921003
-0.00116692
-0.00140669
-0.00163319
-0.00184102
-0.00202618
-0.00218572
-0.00231757
-0.00242024
-0.00249275
-0.00253441
-0.0025448
-0.00252364
-0.00247077
-0.00238609
-0.00226961
-0.00212137
-0.00194152
-0.0017303
-0.00148808
-0.00121542
-0.000913072
-0.000582035
-0.000223578
0.000160714
0.000568918
0.000998747
0.00144753
0.00191222
0.00238937
0.00287518
0.00336549
0.00385584
0.0043415
0.00481753
0.00527888
0.00572043
0.00613711
0.00652397
0.00687632
0.0071898
0.0074605
0.00768504
0.00786069
0.00798545
0.00805812
0.00807833
0.00804666
0.00796459
0.00783456
0.00765995
0.00744506
0.00719509
0.00691607
0.00661484
0.006299
0.00597685
0.00565731
0.00534993
0.00506476
0.00481229
0.00460311
0.0044472
0.00435299
0.00432598
0.0043531
1.26396e-05
-3.76845e-08
-7.45415e-05
-0.000202001
-0.00036683
-0.000556544
-0.000760239
-0.00096835
-0.00117296
-0.00136771
-0.00154755
-0.0017086
-0.00184789
-0.0019632
-0.00205289
-0.00211577
-0.00215098
-0.00215793
-0.00213618
-0.00208546
-0.0020056
-0.0018965
-0.00175817
-0.00159074
-0.00139443
-0.00116961
-0.000916808
-0.000636767
-0.000330444
9.36738e-07
0.000355868
0.000732537
0.0011288
0.00154217
0.00196981
0.00240854
0.00285487
0.00330497
0.00375477
0.00419994
0.00463601
0.00505837
0.0054624
0.00584352
0.00619728
0.00651947
0.0068062
0.00705399
0.00725986
0.00742143
0.00753698
0.00760552
0.00762684
0.00760158
0.00753119
0.00741799
0.00726517
0.0070767
0.00685739
0.00661276
0.00634905
0.00607311
0.00579237
0.00551475
0.00524853
0.00500227
0.00478461
0.00460392
0.0044675
0.00438129
0.00435268
0.00438012
9.91018e-05
7.43213e-05
-8.95131e-07
-0.000118146
-0.000265446
-0.000433175
-0.00061264
-0.000796019
-0.000976638
-0.00114895
-0.00130846
-0.00145159
-0.00157554
-0.00167814
-0.00175776
-0.00181316
-0.00184341
-0.00184783
-0.00182591
-0.00177732
-0.0017018
-0.00159922
-0.00146955
-0.00131284
-0.0011293
-0.000919248
-0.000683194
-0.000421812
-0.000136004
0.000173084
0.000504038
0.000855158
0.00122443
0.00160955
0.00200785
0.00241639
0.00283189
0.00325082
0.00366937
0.00408353
0.00448915
0.00488197
0.00525769
0.0056121
0.00594108
0.00624075
0.00650753
0.00673824
0.00693017
0.00708114
0.00718963
0.00725479
0.0072765
0.0072554
0.00719293
0.00709133
0.00695358
0.00678344
0.0065854
0.00636458
0.00612675
0.00587819
0.00562564
0.0053762
0.00513723
0.00491618
0.00472049
0.00455723
0.00443242
0.00435128
0.00432345
0.00435389
0.000253871
0.000202442
0.000114782
-3.8705e-06
-0.000145898
-0.000303536
-0.000469677
-0.000637968
-0.000802877
-0.000959736
-0.00110468
-0.00123458
-0.00134694
-0.0014398
-0.00151164
-0.00156127
-0.00158781
-0.00159056
-0.00156899
-0.00152273
-0.00145148
-0.00135506
-0.0012334
-0.0010865
-0.000914509
-0.000717689
-0.000496477
-0.000251481
1.64851e-05
0.000306371
0.000616873
0.000946414
0.00129313
0.00165484
0.00202908
0.00241307
0.00280376
0.0031978
0.00359162
0.00398145
0.00436336
0.00473333
0.00508732
0.00542133
0.00573148
0.00601411
0.00626584
0.00648367
0.00666504
0.00680793
0.0069109
0.00697319
0.00699471
0.00697611
0.00691879
0.00682487
0.00669723
0.00653943
0.00635569
0.00615086
0.00593029
0.00569981
0.00546564
0.00523423
0.00501222
0.00480629
0.00462302
0.0044687
0.00434875
0.0042682
0.00423711
0.00426214
0.000458145
0.000369608
0.000261214
0.000133843
-1.00858e-05
-0.000164421
-0.000323413
-0.000482069
-0.000635987
-0.000781384
-0.000915086
-0.00103449
-0.00113748
-0.00122238
-0.00128787
-0.00133289
-0.00135662
-0.00135842
-0.00133777
-0.00129427
-0.00122761
-0.00113757
-0.00102401
-0.000886894
-0.000726289
-0.000542389
-0.000335538
-0.000106253
0.000144752
0.000416543
0.000707941
0.00101751
0.00134352
0.00168395
0.00203651
0.0023986
0.00276732
0.00313954
0.00351186
0.0038807
0.00424233
0.00459292
0.0049286
0.00524555
0.00554005
0.00580859
0.00604791
0.00625515
0.00642783
0.00656402
0.00666235
0.00672207
0.0067431
0.00672609
0.00667236
0.00658396
0.00646364
0.00631478
0.00614141
0.00594809
0.00573984
0.00552212
0.00530065
0.00508137
0.00487033
0.00467353
0.00449688
0.004346
0.00422584
0.00414115
0.00410072
0.00411033
0.000695802
0.000563961
0.000429073
0.000287415
0.000135952
-2.05573e-05
-0.000177525
-0.000331212
-0.000478293
-0.00061585
-0.000741418
-0.000852953
-0.00094879
-0.00102758
-0.00108824
-0.0011299
-0.00115185
-0.00115353
-0.00113447
-0.00109426
-0.00103258
-0.00094917
-0.000843849
-0.000716506
-0.000567134
-0.000395835
-0.000202853
1.14056e-05
0.000246347
0.000501165
0.000774817
0.001066
0.00137316
0.00169442
0.00202765
0.00237039
0.00271994
0.0030733
0.00342726
0.00377837
0.00412305
0.0044576
0.0047783
0.00508142
0.00536336
0.00562068
0.00585022
0.00604915
0.00621504
0.006346
0.00644065
0.00649825
0.0065187
0.00650258
0.00645118
0.00636644
0.006251
0.00610809
0.00594156
0.00575572
0.00555535
0.00534554
0.00513166
0.00491919
0.00471369
0.00452061
0.0043453
0.00419278
0.00406763
0.00397422
0.00391901
0.00390575
0.000953065
0.000774643
0.000609485
0.00044939
0.000285983
0.000122861
-3.63665e-05
-0.000189102
-0.00033302
-0.000466036
-0.000586386
-0.000692594
-0.000783466
-0.000858011
-0.000915435
-0.000955077
-0.000976383
-0.000978882
-0.000962157
-0.00092584
-0.000869597
-0.000793136
-0.000696217
-0.00057866
-0.00044037
-0.000281349
-0.000101728
9.8211e-05
0.000318008
0.000556995
0.000814278
0.00108871
0.00137887
0.00168307
0.00199929
0.00232527
0.00265841
0.00299588
0.00333457
0.00367118
0.00400221
0.00432406
0.00463309
0.00492562
0.0051981
0.00544713
0.00566954
0.00586252
0.00602364
0.00615095
0.00624306
0.00629919
0.00631917
0.00630353
0.00625346
0.00617083
0.00605815
0.00591853
0.00575566
0.00557367
0.00537711
0.0051708
0.0049598
0.00474924
0.00454427
0.00434994
0.00417108
0.00401226
0.00387771
0.00377145
0.00369715
0.00365601
0.00121788
0.000991548
0.000793874
0.000612499
0.000433955
0.000260877
9.6041e-05
-5.898e-05
-0.00020278
-0.000334067
-0.00045175
-0.000554924
-0.000642857
-0.000714946
-0.000770696
-0.000809673
-0.000831495
-0.000835808
-0.000822266
-0.000790529
-0.000740262
-0.000671146
-0.000582884
-0.000475217
-0.000347953
-0.000200985
-3.43188e-05
0.000151898
0.00035735
0.000581522
0.000823673
0.00108281
0.00135768
0.00164673
0.00194811
0.00225967
0.00257897
0.00290328
0.0032296
0.00355471
0.00387518
0.00418747
0.00448795
0.00477298
0.00503899
0.00528255
0.00550047
0.00568987
0.00584825
0.00597362
0.0060645
0.00612001
0.00613991
0.00612463
0.00607526
0.00599359
0.005882
0.00574351
0.00558165
0.00540041
0.00520416
0.00499751
0.00478528
0.00457234
0.00436352
0.00416353
0.00397683
0.00380759
0.00365981
0.0035372
0.00344049
0.00336825
0.00148001
0.00120556
0.000974211
0.000769729
0.000573835
0.000388354
0.000215365
5.55091e-05
-9.06538e-05
-0.000222572
-0.000339791
-0.000441965
-0.000528818
-0.000600133
-0.000655716
-0.000695371
-0.0007189
-0.000726069
-0.00071661
-0.000690216
-0.000646553
-0.000585271
-0.000506013
-0.000408439
-0.000292248
-0.000157216
-3.21406e-06
0.000169757
0.000361535
0.000571765
0.000799869
0.00104502
0.00130612
0.00158176
0.00187025
0.00216957
0.00247738
0.00279106
0.0031077
0.00342412
0.00373695
0.00404266
0.0043376
0.0046181
0.00488054
0.00512143
0.00533748
0.00552571
0.00568353
0.00580879
0.00589992
0.00595592
0.00597641
0.00596171
0.0059128
0.00583135
0.00571964
0.00558058
0.00541758
0.00523451
0.0050356
0.00482532
0.00460831
0.00438924
0.00417272
0.00396321
0.0037649
0.00358165
0.00341732
0.00327543
0.00315381
0.00304849
0.00173051
0.00140845
0.00114302
0.000914374
0.000699672
0.000500062
0.000317022
0.00015035
-1.78845e-07
-0.000134692
-0.000253345
-0.000356317
-0.000443783
-0.000515897
-0.000572761
-0.000614423
-0.000640861
-0.000651965
-0.000647544
-0.000627327
-0.000590978
-0.000538108
-0.000468297
-0.000381116
-0.000276154
-0.000153055
-1.15447e-05
0.00014853
0.00032717
0.00052419
0.000739183
0.000971491
0.00122017
0.00148398
0.00176136
0.00205041
0.00234892
0.00265434
0.00296382
0.00327423
0.0035822
0.00388418
0.00417649
0.00445539
0.00471716
0.00495819
0.00517507
0.00536465
0.0055242
0.00565141
0.00574452
0.00580237
0.00582445
0.00581091
0.00576259
0.00568104
0.00556843
0.00542756
0.00526173
0.00507472
0.00487067
0.00465395
0.00442909
0.00420061
0.00397301
0.00375057
0.00353731
0.0033369
0.00315316
0.00298955
0.0028411
0.00270148
0.00196147
0.00159274
0.00129337
0.00104006
0.000805668
0.000590769
0.000396306
0.000221308
6.48292e-05
-7.38997e-05
-0.000195605
-0.00030096
-0.000390574
-0.000464949
-0.000524484
-0.000569457
-0.000600012
-0.00061616
-0.000617783
-0.000604644
-0.000576396
-0.00053261
-0.000472793
-0.000396416
-0.000302952
-0.000191905
-6.28485e-05
8.45372e-05
0.000250428
0.000434817
0.000637472
0.000857909
0.00109535
0.00134872
0.00161659
0.00189719
0.00218841
0.00248777
0.00279247
0.0030994
0.00340518
0.00370622
0.00399877
0.00427897
0.00454299
0.00478703
0.00500753
0.00520114
0.00536491
0.00549633
0.00559343
0.00565484
0.00567983
0.0056684
0.00562122
0.00553967
0.00542581
0.00528232
0.00511244
0.00491985
0.00470863
0.0044831
0.00424773
0.004007
0.00376532
0.00352695
0.00329579
0.00307543
0.00286978
0.00268234
0.00250554
0.00233082
0.00216579
0.00175159
0.00141874
0.0011407
0.000886202
0.000655295
0.000448463
0.00026402
0.000100351
-4.39201e-05
-0.000170049
-0.000279184
-0.00037233
-0.000450331
-0.000513863
-0.000563419
-0.000599301
-0.000621633
-0.000630359
-0.000625265
-0.000605989
-0.000572052
-0.000522881
-0.000457841
-0.000376275
-0.000277538
-0.000161044
-2.62931e-05
0.000127074
0.000299234
0.000490144
0.000699501
0.000926707
0.00117084
0.00143061
0.00170439
0.00199015
0.00228549
0.00258764
0.00289351
0.00319969
0.00350252
0.00379813
0.00408256
0.00435177
0.00460181
0.00482887
0.00502936
0.00520008
0.00533826
0.00544166
0.00550866
0.0055383
0.00553033
0.00548523
0.00540423
0.00528922
0.00514278
0.00496805
0.00476867
0.00454868
0.00431239
0.00406427
0.00380881
0.00355045
0.00329345
0.00304176
0.00279895
0.00256915
0.00235602
0.00214953
0.00193904
0.00233693
0.00187863
0.00151306
0.00121052
0.000935821
0.00068854
0.000468732
0.000274043
0.000102223
-4.86645e-05
-0.000180382
-0.000294521
-0.000392459
-0.000475362
-0.000544163
-0.000599549
-0.000641972
-0.000671653
-0.000688591
-0.000692582
-0.000683237
-0.000660017
-0.000622261
-0.000569219
-0.000500094
-0.000414081
-0.000310419
-0.000188423
-4.75415e-05
0.000112602
0.000292163
0.000491031
0.000708789
0.000944682
0.00119758
0.00146598
0.00174793
0.00204113
0.00234284
0.00264995
0.00295902
0.0032663
0.00356781
0.00385941
0.00413687
0.004396
0.00463272
0.00484318
0.00502384
0.00517163
0.005284
0.00535901
0.00539542
0.00539271
0.00535111
0.00527165
0.00515606
0.00500678
0.00482687
0.00461993
0.00438999
0.00414139
0.00387864
0.00360632
0.00332896
0.00305096
0.00277633
0.0025088
0.00225278
0.00201222
0.00177476
0.00152778
0.00246886
0.00196795
0.00157056
0.00124399
0.00094926
0.00068551
0.000452385
0.0002469
6.62006e-05
-9.21786e-05
-0.000230477
-0.000350699
-0.000454584
-0.000543591
-0.000618883
-0.00068133
-0.000731518
-0.000769751
-0.000796065
-0.000810252
-0.00081189
-0.00080037
-0.000774928
-0.000734686
-0.0006787
-0.000605995
-0.000515621
-0.000406696
-0.000278463
-0.000130336
3.8052e-05
0.000226796
0.000435673
0.000664106
0.000911132
0.00117537
0.00145499
0.00174776
0.00205096
0.0023615
0.00267587
0.00299023
0.00330047
0.00360224
0.0038911
0.00416257
0.00441228
0.00463602
0.00482992
0.00499053
0.00511492
0.00520079
0.00524655
0.00525136
0.00521516
0.00513873
0.00502361
0.00487208
0.00468712
0.00447229
0.00423164
0.00396955
0.00369066
0.00339967
0.0031013
0.00280012
0.00250038
0.00220598
0.00192177
0.00165209
0.00138234
0.00109795
0.00255587
0.00201394
0.00158579
0.00123583
0.000921438
0.00064133
0.000394754
0.000178118
-1.20056e-05
-0.000178586
-0.000324319
-0.000451597
-0.000562496
-0.000658743
-0.000741714
-0.000812449
-0.000871643
-0.000919668
-0.000956582
-0.000982165
-0.000995944
-0.000997226
-0.000985136
-0.000958657
-0.000916682
-0.000858056
-0.000781627
-0.000686305
-0.000571114
-0.000435239
-0.000278092
-9.93568e-05
0.000100954
0.000322459
0.000564368
0.000825447
0.001104
0.00139784
0.00170434
0.00202036
0.00234235
0.00266639
0.00298817
0.00330318
0.00360669
0.00389392
0.00416015
0.0044008
0.00461156
0.00478857
0.00492847
0.00502852
0.00508671
0.00510181
0.00507344
0.00500206
0.00488898
0.00473631
0.00454692
0.00432434
0.00407262
0.00379627
0.00350006
0.0031889
0.00286774
0.00254144
0.00221453
0.00189123
0.00157689
0.00127636
0.000972844
0.000649866
0.00259259
0.0020113
0.00155357
0.001181
0.000847458
0.000551258
0.000291256
6.32694e-05
-0.000136678
-0.000312048
-0.000465961
-0.000601182
-0.000720095
-0.000824674
-0.000916499
-0.000996751
-0.00106622
-0.00112532
-0.00117414
-0.00121241
-0.0012396
-0.00125492
-0.00125737
-0.00124579
-0.00121889
-0.00117532
-0.00111372
-0.00103278
-0.000931271
-0.000808151
-0.000662583
-0.000494017
-0.000302236
-8.74069e-05
0.000149875
0.000408543
0.000687033
0.000983266
0.00129465
0.00161806
0.00194991
0.00228614
0.00262231
0.00295366
0.00327519
0.00358179
0.00386833
0.00412979
0.00436142
0.00455884
0.00471819
0.00483624
0.00491048
0.00493923
0.00492168
0.00485795
0.00474905
0.0045969
0.00440422
0.0041745
0.00391184
0.00362085
0.00330648
0.00297393
0.00262845
0.00227525
0.00191924
0.00156505
0.00121864
0.000885446
0.000546493
0.000183381
0.00257388
0.001955
0.00146896
0.00107466
0.000722613
0.000410709
0.000137424
-0.000101996
-0.000312066
-0.000496716
-0.000659475
-0.000803461
-0.000931341
-0.00104533
-0.00114717
-0.00123818
-0.00131923
-0.00139077
-0.00145286
-0.00150521
-0.00154721
-0.00157796
-0.00159631
-0.00160095
-0.0015904
-0.0015631
-0.00151746
-0.00145193
-0.00136503
-0.00125545
-0.00112211
-0.000964186
-0.000781209
-0.000573111
-0.00034027
-8.356e-05
0.000195613
0.000495291
0.000812948
0.00114549
0.00148928
0.00184016
0.00219353
0.00254438
0.00288743
0.00321717
0.00352805
0.00381458
0.00407146
0.00429375
0.00447702
0.00461744
0.00471194
0.0047583
0.00475521
0.00470237
0.00460043
0.00445105
0.0042568
0.00402109
0.00374806
0.00344246
0.00310948
0.00275461
0.0023835
0.00200179
0.00161485
0.0012278
0.000847308
0.000479504
0.000103191
-0.000302004
0.00249487
0.00184025
0.00132727
0.000912214
0.000542389
0.000215267
-7.10639e-05
-0.000321916
-0.00054233
-0.000736687
-0.000908905
-0.00106243
-0.00120021
-0.00132466
-0.00143771
-0.00154076
-0.00163474
-0.00172012
-0.00179697
-0.00186491
-0.00192325
-0.00197097
-0.00200677
-0.00202916
-0.00203646
-0.00202689
-0.00199861
-0.00194981
-0.00187875
-0.00178384
-0.00166369
-0.00151722
-0.00134368
-0.00114271
-0.000914468
-0.000659593
-0.000379305
-7.54128e-05
0.000249656
0.00059285
0.000950507
0.00131839
0.00169172
0.00206526
0.0024334
0.00279024
0.00312975
0.00344592
0.00373285
0.00398496
0.00419716
0.00436493
0.00448455
0.00455316
0.00456887
0.00453084
0.00443933
0.00429565
0.00410217
0.00386219
0.00357991
0.0032602
0.00290852
0.00253073
0.00213291
0.00172123
0.0013016
0.000879713
0.000463056
5.8532e-05
-0.000357349
-0.000807017
0.00235093
0.00166253
0.00112404
0.000689286
0.000302493
-3.92906e-05
-0.000338364
-0.000600592
-0.000831519
-0.00103596
-0.00121821
-0.00138204
-0.00153064
-0.00166663
-0.00179207
-0.00190847
-0.0020168
-0.00211754
-0.00221071
-0.00229588
-0.00237224
-0.00243865
-0.00249364
-0.00253553
-0.00256242
-0.0025723
-0.00256308
-0.00253265
-0.002479
-0.00240022
-0.00229462
-0.00216079
-0.00199768
-0.00180465
-0.00158155
-0.00132876
-0.00104728
-0.00073874
-0.000405427
-5.03202e-05
0.000322926
0.00071
0.00110598
0.00150538
0.00190226
0.00229031
0.002663
0.00301371
0.0033359
0.00362328
0.00386998
0.00407074
0.00422104
0.00431729
0.00435689
0.0043384
0.00426155
0.00412724
0.00393757
0.00369571
0.00340585
0.00307304
0.002703
0.00230201
0.00187666
0.00143371
0.000979706
0.000520997
6.59851e-05
-0.000377555
-0.000835521
-0.00133251
0.00213766
0.00141754
0.000855082
0.000401751
-1.14307e-06
-0.000356978
-0.000668444
-0.000941946
-0.00118352
-0.00139839
-0.00159124
-0.00176612
-0.00192647
-0.00207509
-0.00221416
-0.00234528
-0.00246944
-0.00258713
-0.0026983
-0.00280247
-0.00289869
-0.00298568
-0.00306181
-0.00312518
-0.00317368
-0.00320503
-0.00321686
-0.00320679
-0.00317246
-0.00311166
-0.00302235
-0.00290278
-0.00275154
-0.00256767
-0.00235067
-0.00210065
-0.00181832
-0.00150509
-0.00116306
-0.000795093
-0.000404808
3.44757e-06
0.000424618
0.000852994
0.0012823
0.00170579
0.00211641
0.00250688
0.00286997
0.00319857
0.00348597
0.00372603
0.00391333
0.0040434
0.00411284
0.00411946
0.00406234
0.00394191
0.00375988
0.00351924
0.00322416
0.00287982
0.00249226
0.00206818
0.00161476
0.00113942
0.000649419
0.00015188
-0.000343791
-0.000828841
-0.00133173
-0.00187938
0.00185093
0.00110127
0.000516459
4.57346e-05
-0.000372341
-0.000741575
-0.00106505
-0.00134969
-0.00160202
-0.00182768
-0.00203168
-0.00221837
-0.00239141
-0.00255377
-0.00270775
-0.002855
-0.00299656
-0.00313288
-0.00326387
-0.00338893
-0.00350702
-0.00361668
-0.00371611
-0.00380319
-0.00387557
-0.0039307
-0.00396592
-0.00397852
-0.00396583
-0.00392527
-0.00385442
-0.00375116
-0.00361371
-0.00344069
-0.00323127
-0.00298517
-0.0027028
-0.00238527
-0.00203447
-0.00165308
-0.00124464
-0.000813491
-0.000364786
9.55589e-05
0.000560943
0.00102419
0.00147766
0.00191342
0.00232344
0.00269973
0.00303465
0.00332102
0.00355243
0.00372338
0.00382951
0.00386775
0.00383641
0.00373527
0.00356561
0.00333012
0.00303291
0.00267926
0.00227554
0.00182892
0.00134721
0.000838565
0.000311067
-0.000227326
-0.000766068
-0.00129533
-0.00184632
-0.00244843
0.00148688
0.000709976
0.000104517
-0.000382359
-0.000814651
-0.0011966
-0.00153167
-0.00182731
-0.00209049
-0.00232727
-0.00254298
-0.00274225
-0.00292895
-0.00310621
-0.00327642
-0.0034413
-0.00360189
-0.00375862
-0.00391134
-0.00405934
-0.00420146
-0.00433608
-0.00446119
-0.00457445
-0.00467326
-0.00475479
-0.00481608
-0.00485407
-0.00486573
-0.00484808
-0.00479833
-0.00471393
-0.00459265
-0.00443271
-0.00423284
-0.00399236
-0.00371128
-0.00339037
-0.00303124
-0.00263633
-0.00220902
-0.00175361
-0.00127531
-0.000780196
-0.000275179
0.000232127
0.000733509
0.00122032
0.00168367
0.00211464
0.00250449
0.00284494
0.0031284
0.00334821
0.00349888
0.00357627
0.00357777
0.00350238
0.00335079
0.00312532
0.00282991
0.00246993
0.00205205
0.00158394
0.00107409
0.000531493
-3.48961e-05
-0.000616158
-0.00120049
-0.00177686
-0.00237944
-0.00304033
0.00104196
0.000240232
-0.000384096
-0.000885825
-0.00133133
-0.00172527
-0.00207151
-0.00237799
-0.00265213
-0.00290038
-0.00312838
-0.00334101
-0.00354236
-0.00373569
-0.0039235
-0.00410756
-0.0042889
-0.00446792
-0.00464439
-0.00481753
-0.004986
-0.00514804
-0.00530143
-0.0054436
-0.00557167
-0.00568254
-0.00577291
-0.00583936
-0.00587849
-0.0058869
-0.00586135
-0.00579885
-0.00569669
-0.0055526
-0.00536483
-0.00513224
-0.00485437
-0.00453159
-0.00416512
-0.00375711
-0.00331073
-0.00283014
-0.00232055
-0.00178816
-0.00124014
-0.000684544
-0.000130151
0.000413646
0.000937058
0.00143012
0.00188293
0.00228596
0.00263027
0.00290788
0.00311196
0.00323715
0.00327969
0.00323765
0.00311095
0.0029014
0.0026127
0.00225023
0.00182091
0.00133296
0.00079559
0.000218675
-0.000387826
-0.00101393
-0.00164645
-0.00227302
-0.00293104
-0.0036555
0.000512943
-0.00031106
-0.000952396
-0.00146763
-0.00192531
-0.0023305
-0.00268747
-0.00300463
-0.00328984
-0.00354989
-0.00379076
-0.00401757
-0.00423458
-0.0044452
-0.00465203
-0.00485686
-0.00506073
-0.005264
-0.00546637
-0.00566695
-0.00586426
-0.00605636
-0.00624083
-0.00641486
-0.00657531
-0.00671875
-0.00684155
-0.00693994
-0.00701006
-0.00704812
-0.00705038
-0.00701334
-0.00693379
-0.00680892
-0.00663642
-0.00641461
-0.00614252
-0.00582001
-0.00544784
-0.00502778
-0.0045627
-0.00405654
-0.00351444
-0.00294266
-0.00234859
-0.00174065
-0.0011282
-0.000521398
6.90345e-05
0.000632014
0.00115638
0.00163118
0.00204601
0.00239134
0.00265883
0.00284163
0.00293467
0.00293481
0.00284105
0.00265452
0.00237851
0.00201836
0.00158119
0.00107574
0.000511989
-9.92166e-05
-0.000746829
-0.00141969
-0.00210304
-0.00278307
-0.0035007
-0.00429401
-0.000103011
-0.00094663
-0.00160304
-0.00213039
-0.00259917
-0.00301486
-0.00338211
-0.00370978
-0.00400615
-0.00427837
-0.0045327
-0.00477449
-0.0050082
-0.00523736
-0.00546464
-0.00569188
-0.00592012
-0.00614967
-0.00638017
-0.0066106
-0.00683937
-0.00706433
-0.00728288
-0.00749195
-0.00768813
-0.00786768
-0.00802661
-0.00816074
-0.00826582
-0.00833755
-0.00837171
-0.00836424
-0.00831137
-0.00820968
-0.00805626
-0.0078488
-0.00758574
-0.00726634
-0.00689082
-0.00646047
-0.00597773
-0.00544627
-0.00487104
-0.00425827
-0.00361549
-0.00295147
-0.00227611
-0.00160031
-0.000935761
-0.000294731
0.000310247
0.000866693
0.00136254
0.00178652
0.00212854
0.00238003
0.00253432
0.00258685
0.00253544
0.00238033
0.00212426
0.00177234
0.00133188
0.000812085
0.00022374
-0.000421269
-0.0011107
-0.00183208
-0.00256895
-0.00330588
-0.00408757
-0.00495552
-0.000808357
-0.00166883
-0.0023383
-0.00287635
-0.00335513
-0.00378055
-0.00415761
-0.00449562
-0.00480326
-0.00508799
-0.00535635
-0.00561395
-0.00586539
-0.00611434
-0.00636353
-0.00661485
-0.00686933
-0.00712725
-0.00738816
-0.00765096
-0.00791389
-0.00817466
-0.00843043
-0.00867792
-0.00891342
-0.00913286
-0.0093319
-0.00950596
-0.00965033
-0.0097602
-0.00983083
-0.00985756
-0.00983599
-0.00976207
-0.00963219
-0.00944337
-0.00919331
-0.00888062
-0.00850487
-0.00806676
-0.00756819
-0.00701244
-0.00640415
-0.00574943
-0.00505587
-0.00433249
-0.00358967
-0.00283906
-0.00209331
-0.00136592
-0.000670873
-2.23254e-05
0.000565826
0.00108036
0.00150916
0.0018417
0.0020694
0.00218599
0.00218781
0.00207398
0.00184645
0.00150997
0.0010719
0.000541872
-6.85189e-05
-0.000746277
-0.00147785
-0.00224935
-0.00304239
-0.00383977
-0.00469028
-0.00563912
-0.00160511
-0.00247958
-0.00316006
-0.00370733
-0.00419501
-0.00462936
-0.00501576
-0.00536393
-0.00568291
-0.00598049
-0.00626347
-0.00653767
-0.00680787
-0.00707783
-0.00735038
-0.00762744
-0.00791004
-0.00819842
-0.00849208
-0.00878979
-0.00908968
-0.00938928
-0.00968557
-0.00997499
-0.0102536
-0.0105169
-0.0107604
-0.0109788
-0.0111672
-0.0113201
-0.0114322
-0.0114982
-0.0115132
-0.0114722
-0.011371
-0.0112058
-0.0109735
-0.0106719
-0.0102999
-0.00985734
-0.00934564
-0.00876744
-0.00812699
-0.00743015
-0.00668443
-0.00589902
-0.00508471
-0.0042538
-0.00341993
-0.00259783
-0.00180304
-0.00105147
-0.000359035
0.000258861
0.000787849
0.0012151
0.00152981
0.00172367
0.00179121
0.00173011
0.00154127
0.00122886
0.000800126
0.000265076
-0.000363914
-0.00107268
-0.00184628
-0.00266921
-0.00352102
-0.00438247
-0.00530685
-0.00634329
-0.00249483
-0.00338038
-0.00406977
-0.00462477
-0.0051202
-0.00556268
-0.00595793
-0.00631605
-0.00664644
-0.00695717
-0.00725532
-0.00754688
-0.0078368
-0.00812897
-0.0084263
-0.00873072
-0.00904329
-0.00936421
-0.00969293
-0.0100281
-0.0103678
-0.0107093
-0.0110495
-0.0113845
-0.01171
-0.0120215
-0.0123138
-0.0125814
-0.0128187
-0.0130198
-0.0131788
-0.0132898
-0.013347
-0.0133448
-0.013278
-0.013142
-0.012933
-0.0126477
-0.0122842
-0.0118416
-0.0113204
-0.0107225
-0.0100518
-0.00931352
-0.00851513
-0.0076658
-0.00677661
-0.00586047
-0.00493192
-0.00400695
-0.00310265
-0.00223683
-0.00142758
-0.000692691
-4.90725e-05
0.000487823
0.000904616
0.00119056
0.00133801
0.00134281
0.0012045
0.000926391
0.000515408
-1.81967e-05
-0.000661291
-0.00139852
-0.00221342
-0.00308878
-0.00400178
-0.00493098
-0.0059345
-0.00706571
-0.00347859
-0.00437224
-0.0050684
-0.00562964
-0.00613166
-0.00658145
-0.00698504
-0.00735289
-0.0076947
-0.00801885
-0.00833264
-0.00864226
-0.00895281
-0.00926831
-0.00959174
-0.00992507
-0.0102694
-0.0106249
-0.0109909
-0.0113661
-0.0117483
-0.0121348
-0.0125222
-0.0129065
-0.013283
-0.0136469
-0.0139926
-0.0143143
-0.0146058
-0.0148607
-0.0150724
-0.0152343
-0.0153399
-0.0153827
-0.0153567
-0.0152564
-0.0150768
-0.0148139
-0.0144646
-0.0140271
-0.0135009
-0.0128873
-0.0121891
-0.0114112
-0.0105607
-0.00964647
-0.00867991
-0.00767433
-0.00664514
-0.00560949
-0.00458609
-0.00359471
-0.00265573
-0.00178955
-0.00101591
-0.00035321
0.000182185
0.000576665
0.00081997
0.000905683
0.000831582
0.00059976
0.000216573
-0.00030767
-0.000959161
-0.00172133
-0.00257613
-0.00350444
-0.00448085
-0.00548146
-0.0065696
-0.00780317
-0.00455694
-0.00545569
-0.0061565
-0.00672245
-0.00722992
-0.00768617
-0.00809756
-0.00847486
-0.00882807
-0.00916583
-0.00949565
-0.00982393
-0.0101559
-0.0104957
-0.0108465
-0.0112101
-0.0115878
-0.0119798
-0.0123853
-0.0128029
-0.0132304
-0.0136649
-0.0141028
-0.0145399
-0.0149715
-0.0153921
-0.015796
-0.0161768
-0.0165279
-0.0168422
-0.0171126
-0.0173318
-0.0174923
-0.0175869
-0.0176086
-0.0175509
-0.0174078
-0.017174
-0.0168455
-0.0164192
-0.0158937
-0.0152691
-0.0145475
-0.0137329
-0.0128318
-0.011853
-0.0108076
-0.00970938
-0.00857438
-0.00742093
-0.00626925
-0.00514113
-0.00405937
-0.00304714
-0.00212731
-0.00132157
-0.000649683
-0.000128587
0.000228332
0.000411901
0.000417642
0.000246027
-9.75146e-05
-0.000602851
-0.00125563
-0.00203811
-0.00293054
-0.00391174
-0.00495348
-0.00602908
-0.00720748
-0.00855143
-0.00572992
-0.00663079
-0.00733412
-0.00790329
-0.00841504
-0.00887691
-0.00929552
-0.00968194
-0.0100464
-0.0103979
-0.010744
-0.0110914
-0.0114455
-0.0118105
-0.0121895
-0.0125848
-0.0129973
-0.0134274
-0.0138743
-0.0143365
-0.0148118
-0.0152972
-0.0157888
-0.0162824
-0.0167728
-0.0172544
-0.0177211
-0.0181661
-0.0185822
-0.0189618
-0.0192971
-0.0195801
-0.0198024
-0.0199559
-0.0200327
-0.0200251
-0.0199259
-0.0197288
-0.0194284
-0.0190204
-0.0185022
-0.0178727
-0.0171328
-0.0162857
-0.015337
-0.014295
-0.0131706
-0.0119777
-0.0107328
-0.00945533
-0.0081669
-0.00689132
-0.00565387
-0.00448067
-0.00339793
-0.00243101
-0.00160348
-0.000936137
-0.000446042
-0.000145698
-4.24032e-05
-0.000137821
-0.000427879
-0.000902948
-0.00154834
-0.00234516
-0.00327196
-0.00430531
-0.00541386
-0.00656788
-0.0078423
-0.00930499
-0.00699703
-0.0078971
-0.00860085
-0.00917178
-0.00968665
-0.0101532
-0.0105785
-0.0109736
-0.0113492
-0.0117142
-0.0120768
-0.0124436
-0.0128202
-0.0132109
-0.0136191
-0.0140469
-0.0144955
-0.0149652
-0.0154552
-0.015964
-0.0164894
-0.0170282
-0.0175765
-0.0181298
-0.0186828
-0.0192296
-0.0197636
-0.0202776
-0.0207641
-0.0212149
-0.0216213
-0.0219747
-0.0222658
-0.0224857
-0.0226252
-0.0226755
-0.0226284
-0.0224761
-0.0222119
-0.0218301
-0.0213268
-0.0206993
-0.0199476
-0.0190734
-0.0180814
-0.0169791
-0.015777
-0.0144887
-0.0131313
-0.0117247
-0.0102921
-0.00885908
-0.0074535
-0.00610452
-0.00484191
-0.00369501
-0.00269166
-0.00185702
-0.00121244
-0.000774422
-0.000553718
-0.000554753
-0.000775337
-0.00120677
-0.00183429
-0.00263801
-0.00359472
-0.00467863
-0.00585496
-0.00709059
-0.00846683
-0.010057
-0.00835724
-0.00925367
-0.00995585
-0.0105271
-0.0110439
-0.0115144
-0.0119455
-0.0123488
-0.0127351
-0.0131136
-0.0134926
-0.0138788
-0.014278
-0.0146949
-0.0151327
-0.0155937
-0.0160792
-0.0165895
-0.017124
-0.0176811
-0.0182585
-0.018853
-0.0194607
-0.0200767
-0.0206957
-0.0213114
-0.021917
-0.0225049
-0.0230669
-0.0235944
-0.0240782
-0.0245085
-0.0248755
-0.0251691
-0.0253792
-0.0254957
-0.025509
-0.0254101
-0.0251908
-0.0248439
-0.0243639
-0.0237467
-0.0229905
-0.022096
-0.0210664
-0.0199082
-0.0186312
-0.0172485
-0.0157773
-0.0142381
-0.0126552
-0.011056
-0.00947074
-0.00793167
-0.00647233
-0.00512632
-0.00392618
-0.00290198
-0.00208002
-0.00148149
-0.00112136
-0.00100754
-0.00114037
-0.0015126
-0.00210979
-0.00291126
-0.00389206
-0.00502392
-0.00626833
-0.00758842
-0.00907229
-0.0107989
-0.00980897
-0.0106991
-0.0113978
-0.011968
-0.0124857
-0.012959
-0.0133953
-0.0138062
-0.0142027
-0.0145943
-0.0149892
-0.0153946
-0.0158164
-0.0162593
-0.0167267
-0.0172213
-0.0177442
-0.0182959
-0.0188757
-0.0194823
-0.0201132
-0.0207652
-0.0214344
-0.0221157
-0.0228037
-0.0234918
-0.0241728
-0.0248389
-0.0254815
-0.0260911
-0.026658
-0.0271717
-0.0276215
-0.0279962
-0.0282846
-0.0284755
-0.028558
-0.0285215
-0.0283562
-0.0280535
-0.0276059
-0.0270079
-0.026256
-0.0253491
-0.024289
-0.0230808
-0.0217333
-0.020259
-0.0186747
-0.0170011
-0.0152635
-0.0134907
-0.0117154
-0.0099729
-0.00830048
-0.00673631
-0.00531799
-0.00408106
-0.00305742
-0.00227374
-0.00175004
-0.00149854
-0.00152292
-0.00181804
-0.00237026
-0.00315841
-0.00415592
-0.00533195
-0.00664394
-0.00805089
-0.0096481
-0.0115205
-0.0113502
-0.0122315
-0.012925
-0.0134928
-0.0140102
-0.0144856
-0.0149262
-0.015344
-0.0157499
-0.0161538
-0.016564
-0.016988
-0.0174318
-0.0179002
-0.0183971
-0.0189249
-0.0194851
-0.0200783
-0.0207039
-0.0213606
-0.022046
-0.0227569
-0.0234892
-0.0242379
-0.0249973
-0.0257607
-0.0265207
-0.0272689
-0.0279962
-0.0286929
-0.0293484
-0.0299515
-0.0304907
-0.0309536
-0.0313281
-0.0316016
-0.0317618
-0.0317967
-0.0316949
-0.0314459
-0.0310406
-0.0304716
-0.0297334
-0.0288232
-0.027741
-0.0264904
-0.0250786
-0.0235172
-0.0218223
-0.0200146
-0.0181197
-0.016168
-0.0141939
-0.0122359
-0.0103351
-0.00853423
-0.00687634
-0.00540294
-0.00415222
-0.00315716
-0.00244373
-0.00202944
-0.00192219
-0.00211978
-0.00261003
-0.00337168
-0.00437676
-0.0055918
-0.00696991
-0.00846554
-0.0101816
-0.0122092
-0.0129783
-0.0138487
-0.0145353
-0.0150995
-0.0156157
-0.0160921
-0.0165361
-0.0169597
-0.0173742
-0.0177894
-0.0182139
-0.0186554
-0.0191202
-0.0196132
-0.0201385
-0.0206988
-0.0212957
-0.02193
-0.0226012
-0.023308
-0.0240482
-0.0248186
-0.025615
-0.0264325
-0.0272652
-0.0281062
-0.0289478
-0.0297814
-0.0305974
-0.0313854
-0.0321345
-0.0328325
-0.0334671
-0.034025
-0.0344928
-0.0348567
-0.0351031
-0.0352183
-0.0351894
-0.035004
-0.0346511
-0.0341213
-0.0334071
-0.0325037
-0.0314091
-0.0301248
-0.0286566
-0.0270144
-0.0252135
-0.023274
-0.0212217
-0.0190876
-0.0169083
-0.0147246
-0.0125814
-0.0105263
-0.00860799
-0.0068743
-0.00537041
-0.00413642
-0.00320529
-0.00260084
-0.00233629
-0.00241335
-0.00282208
-0.00354177
-0.0045433
-0.00579061
-0.00723225
-0.00881771
-0.0106579
-0.0128503
-0.0146903
-0.0155479
-0.0162263
-0.016786
-0.0172999
-0.0177762
-0.0182226
-0.018651
-0.0190727
-0.0194978
-0.0199352
-0.0203927
-0.0208768
-0.0213929
-0.0219451
-0.0225364
-0.0231687
-0.0238428
-0.0245586
-0.0253149
-0.0261095
-0.0269393
-0.0278002
-0.0286872
-0.0295942
-0.0305144
-0.0314396
-0.032361
-0.0332687
-0.0341518
-0.0349986
-0.0357963
-0.0365317
-0.0371906
-0.0377584
-0.0382202
-0.0385607
-0.0387649
-0.0388179
-0.0387058
-0.0384155
-0.0379355
-0.0372561
-0.0363702
-0.0352737
-0.033966
-0.0324506
-0.0307359
-0.0288356
-0.0267689
-0.0245612
-0.022244
-0.019855
-0.0174377
-0.0150403
-0.0127151
-0.0105164
-0.00849905
-0.00671563
-0.00521429
-0.00403593
-0.0032119
-0.00276193
-0.0026928
-0.00299784
-0.00365758
-0.00464225
-0.00591335
-0.00741461
-0.00909018
-0.0110594
-0.0134262
-0.0164828
-0.0173262
-0.0179955
-0.0185497
-0.0190604
-0.0195357
-0.0199832
-0.0204149
-0.0208423
-0.0212755
-0.0217238
-0.0221951
-0.0226964
-0.0232332
-0.02381
-0.0244301
-0.0250957
-0.0258077
-0.0265664
-0.0273706
-0.0282183
-0.0291066
-0.0300314
-0.0309877
-0.0319693
-0.0329693
-0.0339794
-0.0349904
-0.035992
-0.0369728
-0.0379206
-0.038822
-0.0396628
-0.0404279
-0.0411016
-0.0416678
-0.0421097
-0.0424109
-0.0425547
-0.0425252
-0.0423075
-0.0418877
-0.041254
-0.0403969
-0.0393098
-0.0379896
-0.0364378
-0.0346604
-0.0326692
-0.030482
-0.0281234
-0.0256249
-0.0230248
-0.0203684
-0.0177073
-0.0150981
-0.0126009
-0.0102774
-0.00818846
-0.00639087
-0.00493461
-0.00385978
-0.00319395
-0.00295035
-0.00312675
-0.0037059
-0.00465802
-0.00594243
-0.00749791
-0.00926287
-0.0113655
-0.0139162
-0.0183522
-0.0191805
-0.0198398
-0.0203879
-0.0208946
-0.0213678
-0.0218151
-0.0222484
-0.0226794
-0.0231185
-0.023575
-0.0240574
-0.0245729
-0.0251274
-0.0257257
-0.0263715
-0.0270673
-0.0278145
-0.0286133
-0.029463
-0.0303617
-0.0313067
-0.0322939
-0.0333184
-0.034374
-0.0354536
-0.0365487
-0.0376499
-0.0387467
-0.0398271
-0.0408783
-0.0418863
-0.042836
-0.0437116
-0.0444962
-0.0451724
-0.0457222
-0.0461274
-0.0463699
-0.0464318
-0.046296
-0.0459466
-0.0453694
-0.0445523
-0.0434862
-0.0421655
-0.0405888
-0.0387597
-0.0366879
-0.0343891
-0.0318866
-0.029211
-0.026401
-0.0235032
-0.0205717
-0.0176672
-0.0148554
-0.0122051
-0.00978543
-0.00766285
-0.00589733
-0.004539
-0.0036248
-0.00317588
-0.0031959
-0.00367103
-0.00457234
-0.0058574
-0.00746002
-0.00931249
-0.0115522
-0.0142964
-0.0202946
-0.0211074
-0.0217566
-0.0222981
-0.0228
-0.02327
-0.0237155
-0.0241485
-0.0245806
-0.0250226
-0.0254841
-0.025974
-0.0264998
-0.027068
-0.0276838
-0.0283513
-0.0290734
-0.0298518
-0.0306872
-0.0315789
-0.0325256
-0.0335244
-0.0345716
-0.0356622
-0.0367901
-0.037948
-0.0391274
-0.0403187
-0.0415107
-0.0426914
-0.0438473
-0.0449637
-0.0460249
-0.0470141
-0.0479133
-0.0487041
-0.049367
-0.0498824
-0.0502305
-0.0503915
-0.0503463
-0.0500767
-0.0495662
-0.0488001
-0.0477666
-0.0464572
-0.0448678
-0.0429993
-0.0408584
-0.0384587
-0.0358212
-0.0329756
-0.0299598
-0.0268212
-0.0236157
-0.0204076
-0.0172678
-0.0142721
-0.0114982
-0.00902264
-0.00691636
-0.00524084
-0.00404395
-0.00335645
-0.00318959
-0.0035344
-0.00436389
-0.00563456
-0.0072753
-0.00921207
-0.0115919
-0.0145386
-0.0223057
-0.0231036
-0.0237428
-0.0242776
-0.0247742
-0.0252398
-0.0256817
-0.0261119
-0.0265421
-0.0269834
-0.0274459
-0.0279388
-0.0284702
-0.0290472
-0.0296754
-0.0303595
-0.0311028
-0.0319076
-0.0327747
-0.0337042
-0.0346946
-0.0357435
-0.0368472
-0.0380008
-0.0391983
-0.0404323
-0.0416942
-0.042974
-0.0442605
-0.0455411
-0.0468018
-0.0480273
-0.0492013
-0.0503059
-0.0513224
-0.0522309
-0.053011
-0.0536413
-0.0541006
-0.0543672
-0.05442
-0.0542387
-0.0538042
-0.0530993
-0.0521094
-0.0508232
-0.0492335
-0.047338
-0.0451406
-0.0426519
-0.0398905
-0.036884
-0.0336693
-0.0302934
-0.0268137
-0.0232971
-0.0198191
-0.0164621
-0.0133127
-0.0104575
-0.00797939
-0.00595251
-0.0044372
-0.00347572
-0.00308877
-0.00327402
-0.00400781
-0.00524645
-0.00691424
-0.00893056
-0.0114526
-0.0146107
-0.0243817
-0.0251659
-0.025796
-0.0263242
-0.0268149
-0.0272749
-0.0277112
-0.0281357
-0.0285604
-0.0289966
-0.029455
-0.0299455
-0.0304767
-0.0310563
-0.0316907
-0.0323852
-0.0331436
-0.0339687
-0.0348619
-0.0358235
-0.0368524
-0.0379465
-0.0391021
-0.0403147
-0.0415781
-0.0428849
-0.0442264
-0.0455923
-0.0469713
-0.0483502
-0.0497147
-0.0510489
-0.0523356
-0.0535563
-0.0546911
-0.0557193
-0.0566191
-0.0573678
-0.0579424
-0.0583197
-0.0584766
-0.0583905
-0.05804
-0.0574055
-0.0564694
-0.0552174
-0.0536392
-0.0517294
-0.0494883
-0.0469234
-0.0440504
-0.0408942
-0.0374897
-0.0338832
-0.0301321
-0.0263053
-0.0224823
-0.0187516
-0.0152079
-0.0119484
-0.00906866
-0.00665633
-0.00478596
-0.00351325
-0.00287049
-0.00286401
-0.00347521
-0.00466143
-0.00634287
-0.0084323
-0.0110975
-0.0144755
-0.0265184
-0.0272914
-0.0279137
-0.028436
-0.0289205
-0.0293735
-0.0298017
-0.0302171
-0.0306319
-0.0310577
-0.0315061
-0.0319874
-0.0325114
-0.0330863
-0.0337195
-0.0344169
-0.035183
-0.0360213
-0.0369336
-0.0379207
-0.0389818
-0.0401151
-0.0413173
-0.0425836
-0.0439082
-0.0452835
-0.0467006
-0.0481493
-0.0496177
-0.0510924
-0.0525585
-0.0539995
-0.0553977
-0.0567337
-0.0579868
-0.0591351
-0.0601556
-0.0610244
-0.061717
-0.0622084
-0.0624736
-0.0624881
-0.0622282
-0.0616715
-0.0607979
-0.0595901
-0.0580344
-0.056122
-0.0538499
-0.0512219
-0.0482503
-0.0449567
-0.0413736
-0.0375453
-0.0335287
-0.0293936
-0.0252224
-0.0211088
-0.0171553
-0.0134697
-0.0101601
-0.00732891
-0.00506644
-0.0034438
-0.00250721
-0.00227396
-0.00273262
-0.00384309
-0.00552229
-0.0076765
-0.0104848
-0.0140904
-0.0287122
-0.0294774
-0.0300943
-0.0306116
-0.0310898
-0.0315344
-0.0319517
-0.0323539
-0.0327533
-0.0331625
-0.0335936
-0.034058
-0.0345663
-0.035128
-0.0357511
-0.0364426
-0.0372079
-0.0380509
-0.0389741
-0.0399789
-0.0410649
-0.0422305
-0.0434726
-0.0447867
-0.0461668
-0.0476053
-0.0490933
-0.0506203
-0.052174
-0.0537408
-0.0553052
-0.0568502
-0.0583574
-0.0598067
-0.0611764
-0.0624437
-0.0635845
-0.0645736
-0.065385
-0.0659921
-0.0663683
-0.0664869
-0.066322
-0.0658489
-0.0650447
-0.0638891
-0.0623654
-0.0604611
-0.0581696
-0.055491
-0.0524338
-0.0490159
-0.0452664
-0.0412272
-0.0369534
-0.0325148
-0.0279957
-0.0234937
-0.0191184
-0.0149876
-0.0112223
-0.00794028
-0.00524884
-0.0032366
-0.00196611
-0.0014683
-0.00174135
-0.00274968
-0.00440803
-0.00661661
-0.00956642
-0.0134069
-0.0309599
-0.0317222
-0.0323369
-0.0328508
-0.0333226
-0.033757
-0.0341602
-0.0345441
-0.0349219
-0.0353069
-0.0357121
-0.0361502
-0.0366331
-0.0371713
-0.0377743
-0.0384498
-0.0392041
-0.0400422
-0.0409672
-0.0419809
-0.0430834
-0.0442734
-0.045548
-0.0469028
-0.0483318
-0.0498275
-0.0513807
-0.0529806
-0.0546147
-0.0562689
-0.0579273
-0.0595725
-0.0611851
-0.0627443
-0.0642278
-0.0656116
-0.0668707
-0.0679785
-0.0689078
-0.0696305
-0.0701181
-0.0703423
-0.0702749
-0.069889
-0.0691589
-0.0680616
-0.0665771
-0.0646897
-0.062389
-0.059671
-0.0565403
-0.0530107
-0.0491076
-0.0448693
-0.0403485
-0.0356137
-0.0307497
-0.0258572
-0.0210518
-0.0164602
-0.0122161
-0.00845308
-0.00529651
-0.00285446
-0.00120834
-0.000405587
-0.000456818
-0.00133339
-0.00294942
-0.00519968
-0.00828804
-0.0123699
-0.0332589
-0.0340249
-0.0346417
-0.0351541
-0.0356197
-0.036042
-0.036427
-0.0367868
-0.0371354
-0.037487
-0.0378562
-0.0382572
-0.0387032
-0.0392063
-0.0397773
-0.0404251
-0.0411573
-0.0419796
-0.0428959
-0.0439086
-0.0450183
-0.0462239
-0.0475228
-0.0489106
-0.0503813
-0.0519274
-0.0535393
-0.0552061
-0.0569149
-0.0586511
-0.0603984
-0.0621387
-0.063852
-0.0655169
-0.06711
-0.0686066
-0.0699804
-0.0712039
-0.0722485
-0.0730846
-0.0736824
-0.0740114
-0.0740417
-0.073744
-0.0730903
-0.0720549
-0.0706146
-0.0687503
-0.066448
-0.0637
-0.0605062
-0.0568765
-0.0528317
-0.0484062
-0.0436493
-0.0386272
-0.033424
-0.0281421
-0.0229013
-0.0178368
-0.0130938
-0.00882181
-0.00516519
-0.00225305
-0.000188211
0.000962289
0.00117219
0.00046033
-0.0010888
-0.0033656
-0.00658787
-0.0109168
-0.0356076
-0.0363858
-0.0370103
-0.0375239
-0.0379834
-0.0383913
-0.0387532
-0.0390819
-0.0393921
-0.0396997
-0.040021
-0.040372
-0.0407678
-0.0412224
-0.041748
-0.0423552
-0.0430526
-0.043847
-0.0447432
-0.0457441
-0.0468507
-0.0480625
-0.0493767
-0.0507892
-0.0522938
-0.0538828
-0.0555466
-0.0572736
-0.0590507
-0.0608629
-0.0626932
-0.0645229
-0.0663315
-0.0680966
-0.0697942
-0.0713985
-0.0728823
-0.0742169
-0.0753725
-0.0763182
-0.0770226
-0.0774536
-0.0775793
-0.0773686
-0.076791
-0.0758181
-0.0744239
-0.0725863
-0.0702874
-0.0675156
-0.0642668
-0.0605462
-0.0563702
-0.0517684
-0.0467862
-0.0414862
-0.0359508
-0.0302825
-0.0246042
-0.0190575
-0.0137986
-0.00899229
-0.00480223
-0.00138006
0.00114758
0.00269088
0.00320433
0.00269361
0.00123927
-0.00104625
-0.00439608
-0.00897698
-0.0380059
-0.0388071
-0.0394461
-0.0399642
-0.0404179
-0.0408085
-0.0411414
-0.0414302
-0.0416912
-0.0419421
-0.0422014
-0.0424876
-0.042818
-0.0432088
-0.043674
-0.0442259
-0.0448746
-0.0456279
-0.0464915
-0.047469
-0.0485618
-0.0497696
-0.0510898
-0.0525182
-0.0540485
-0.0556727
-0.0573809
-0.0591612
-0.0609999
-0.0628815
-0.0647885
-0.0667014
-0.068599
-0.0704582
-0.0722541
-0.0739601
-0.0755478
-0.0769877
-0.0782485
-0.0792982
-0.0801038
-0.0806318
-0.0808486
-0.0807209
-0.0802162
-0.0793036
-0.0779544
-0.0761434
-0.0738494
-0.071057
-0.0677579
-0.0639527
-0.0596531
-0.0548838
-0.0496853
-0.0441164
-0.0382561
-0.0322056
-0.0260894
-0.0200539
-0.0142649
-0.00890124
-0.00414608
-0.000174514
0.0028608
0.00484404
0.00570659
0.00543707
0.00410892
0.00183542
-0.00163373
-0.00647078
-0.0404551
-0.0412931
-0.0419553
-0.0424818
-0.0429297
-0.0432993
-0.0435958
-0.0438342
-0.0440328
-0.0442119
-0.0443929
-0.0445971
-0.0448447
-0.0451543
-0.0455424
-0.046023
-0.0466077
-0.0473057
-0.0481234
-0.0490652
-0.0501329
-0.0513262
-0.0526427
-0.054078
-0.0556257
-0.0572772
-0.0590224
-0.0608487
-0.0627422
-0.0646864
-0.0666632
-0.0686527
-0.0706327
-0.0725793
-0.0744667
-0.0762674
-0.0779521
-0.07949
-0.0808489
-0.0819955
-0.0828953
-0.0835134
-0.0838144
-0.0837633
-0.0833256
-0.082468
-0.0811594
-0.0793716
-0.0770803
-0.0742664
-0.0709177
-0.0670303
-0.062611
-0.0576796
-0.0522714
-0.0464403
-0.0402611
-0.0338326
-0.0272789
-0.0207496
-0.014418
-0.00847619
-0.00312585
0.00143385
0.00502239
0.00749479
0.0087552
0.0087708
0.00760409
0.0053665
0.00178824
-0.00330849
-0.0429591
-0.0438509
-0.0445468
-0.0450864
-0.0455283
-0.0458718
-0.0461228
-0.0462977
-0.046418
-0.0465075
-0.046591
-0.0466934
-0.0468384
-0.0470475
-0.0473399
-0.0477316
-0.048236
-0.0488635
-0.0496215
-0.0505148
-0.0515457
-0.0527139
-0.054017
-0.0554503
-0.0570069
-0.0586781
-0.0604528
-0.0623182
-0.0642593
-0.0662594
-0.0682994
-0.0703585
-0.0724138
-0.0744407
-0.0764123
-0.0783001
-0.080074
-0.081702
-0.0831507
-0.0843856
-0.0853709
-0.0860703
-0.0864468
-0.0864635
-0.0860842
-0.0852734
-0.0839976
-0.0822259
-0.0799311
-0.0770906
-0.0736885
-0.0697166
-0.0651771
-0.0600847
-0.0544692
-0.0483792
-0.0418847
-0.0350805
-0.0280888
-0.0210608
-0.0141754
-0.00763571
-0.00166119
0.00352505
0.00771321
0.0107262
0.0124367
0.0127855
0.0118197
0.00964541
0.00597037
0.000610858
-0.0455247
-0.0464914
-0.047234
-0.0477917
-0.0482267
-0.0485376
-0.048731
-0.0488266
-0.0488495
-0.0488279
-0.0487915
-0.0487694
-0.0487894
-0.0488765
-0.0490528
-0.0493367
-0.0497434
-0.0502845
-0.0509683
-0.0518003
-0.0527827
-0.0539154
-0.0551956
-0.0566181
-0.0581758
-0.059859
-0.0616562
-0.0635538
-0.065536
-0.0675852
-0.0696816
-0.0718036
-0.0739273
-0.076027
-0.0780751
-0.0800422
-0.0818968
-0.083606
-0.0851353
-0.0864489
-0.0875097
-0.0882799
-0.0887211
-0.0887948
-0.0884628
-0.0876876
-0.0864336
-0.0846674
-0.0823588
-0.0794824
-0.0760185
-0.0719549
-0.0672894
-0.0620317
-0.0562062
-0.0498558
-0.0430451
-0.035864
-0.0284317
-0.0208986
-0.0134473
-0.0062901
0.000337519
0.00618905
0.0110245
0.0146322
0.0168488
0.0175837
0.0168631
0.0147835
0.0110262
0.00540095
-0.0481631
-0.0492307
-0.0500353
-0.0506166
-0.0510427
-0.0513118
-0.0514325
-0.0514287
-0.0513309
-0.051173
-0.0509904
-0.0508178
-0.0506875
-0.0506288
-0.0506668
-0.0508227
-0.0511134
-0.0515518
-0.0521471
-0.0529048
-0.0538274
-0.0549144
-0.0561626
-0.0575663
-0.0591175
-0.0608059
-0.0626191
-0.0645425
-0.0665596
-0.0686517
-0.0707982
-0.0729763
-0.0751614
-0.0773266
-0.0794435
-0.0814814
-0.083408
-0.0851891
-0.086789
-0.0881707
-0.0892959
-0.0901252
-0.0906189
-0.0907367
-0.0904386
-0.0896854
-0.0884392
-0.0866643
-0.084328
-0.0814018
-0.0778628
-0.0736951
-0.0688922
-0.0634589
-0.0574146
-0.0507963
-0.0436629
-0.0360987
-0.0282185
-0.0201704
-0.0121387
-0.00434255
0.0029685
0.00952567
0.0150586
0.0193184
0.0221021
0.0232814
0.0228559
0.0209067
0.0170842
0.01119
-0.0508904
-0.0520913
-0.052976
-0.0535866
-0.0539997
-0.0542144
-0.0542427
-0.0541145
-0.0538675
-0.0535431
-0.0531839
-0.0528309
-0.0525222
-0.0522914
-0.0521674
-0.052174
-0.0523299
-0.0526491
-0.0531413
-0.0538123
-0.0546643
-0.0556962
-0.0569042
-0.0582818
-0.05982
-0.0615074
-0.0633308
-0.0652744
-0.0673207
-0.06945
-0.0716405
-0.0738685
-0.0761082
-0.0783319
-0.0805097
-0.0826102
-0.0845996
-0.0864428
-0.0881029
-0.0895415
-0.090719
-0.0915947
-0.0921271
-0.0922746
-0.0919953
-0.0912481
-0.0899932
-0.0881925
-0.0858108
-0.082817
-0.079185
-0.0748954
-0.0699378
-0.0643126
-0.058034
-0.0511334
-0.0436637
-0.0357033
-0.0273616
-0.0187831
-0.0101515
-0.00169095
0.00633737
0.013644
0.0199283
0.0249029
0.0283206
0.0300097
0.0299358
0.0281586
0.0242903
0.018123
-0.0537305
-0.0551042
-0.0560907
-0.0567354
-0.0571284
-0.0572713
-0.0571814
-0.0568973
-0.0564663
-0.0559394
-0.0553678
-0.0548005
-0.0542819
-0.0538506
-0.0535393
-0.0533744
-0.0533762
-0.0535599
-0.0539352
-0.0545078
-0.0552793
-0.0562478
-0.0574085
-0.0587536
-0.0602732
-0.0619547
-0.0637833
-0.0657424
-0.0678131
-0.0699745
-0.0722037
-0.0744758
-0.0767638
-0.0790389
-0.0812701
-0.0834247
-0.085468
-0.0873634
-0.0890729
-0.0905567
-0.0917738
-0.0926821
-0.0932387
-0.0934002
-0.093123
-0.0923641
-0.0910816
-0.0892354
-0.0867877
-0.0837049
-0.0799578
-0.0755239
-0.0703889
-0.0645489
-0.0580135
-0.0508087
-0.0429811
-0.0346032
-0.0257782
-0.0166459
-0.00738783
0.00176946
0.0105552
0.0186613
0.0257576
0.0315166
0.0356435
0.0379166
0.0382596
0.0367025
0.0328112
0.0263648
-0.0567168
-0.0583125
-0.0594255
-0.0601079
-0.060469
-0.0605155
-0.0602735
-0.0597935
-0.0591357
-0.0583631
-0.0575378
-0.0567177
-0.0559542
-0.0552917
-0.0547664
-0.0544073
-0.0542362
-0.0542685
-0.054514
-0.0549776
-0.05566
-0.0565581
-0.0576656
-0.0589735
-0.0604702
-0.0621417
-0.0639719
-0.0659427
-0.0680338
-0.0702231
-0.0724862
-0.0747971
-0.0771276
-0.0794475
-0.0817248
-0.0839254
-0.0860135
-0.0879511
-0.089699
-0.091216
-0.0924598
-0.0933866
-0.093952
-0.0941109
-0.0938181
-0.0930285
-0.0916981
-0.0897846
-0.087248
-0.0840517
-0.080164
-0.075559
-0.0702189
-0.0641357
-0.0573143
-0.0497755
-0.0415602
-0.0327342
-0.0233944
-0.0136749
-0.00375356
0.0061426
0.0157357
0.0247008
0.0326796
0.0393037
0.0442266
0.0471697
0.0480062
0.0467266
0.0428386
0.0361041
-0.0598966
-0.0617749
-0.0630429
-0.0637632
-0.064073
-0.0639888
-0.0635496
-0.062823
-0.0618857
-0.0608161
-0.0596888
-0.0585722
-0.0575257
-0.056599
-0.0558321
-0.0552561
-0.0548935
-0.0547598
-0.0548639
-0.0552095
-0.0557958
-0.0566181
-0.0576683
-0.0589355
-0.0604065
-0.0620656
-0.0638949
-0.0658747
-0.0679832
-0.0701968
-0.0724899
-0.074835
-0.0772026
-0.0795612
-0.0818776
-0.0841163
-0.0862402
-0.0882102
-0.0899856
-0.0915238
-0.092781
-0.093712
-0.0942706
-0.09441
-0.0940831
-0.0932429
-0.0918434
-0.0898397
-0.0871895
-0.0838535
-0.079797
-0.074991
-0.0694141
-0.0630542
-0.0559117
-0.0480022
-0.0393606
-0.0300464
-0.0201495
-0.00979759
0.000836397
0.0115268
0.0219908
0.0318889
0.0408356
0.0484209
0.0542428
0.0579589
0.0593812
0.0584484
0.0545954
0.0475592
-0.0633359
-0.0655721
-0.0670268
-0.067779
-0.0680071
-0.0677436
-0.0670475
-0.0660093
-0.0647276
-0.0632993
-0.0618142
-0.0603522
-0.0589808
-0.0577553
-0.0567187
-0.0559034
-0.055332
-0.0550191
-0.054972
-0.0551927
-0.0556781
-0.0564212
-0.0574118
-0.0586368
-0.0600809
-0.0617263
-0.0635534
-0.0655407
-0.0676646
-0.0699001
-0.0722199
-0.0745952
-0.076995
-0.0793867
-0.0817354
-0.0840046
-0.0861558
-0.0881485
-0.0899406
-0.0914881
-0.0927456
-0.0936664
-0.0942027
-0.0943057
-0.0939264
-0.0930158
-0.0915254
-0.0894083
-0.0866193
-0.0831164
-0.0788617
-0.0738229
-0.0679748
-0.0613012
-0.0537977
-0.0454746
-0.0363607
-0.0265088
-0.0160013
-0.00495877
0.0064521
0.0180087
0.0294253
0.04035
0.0503712
0.0590364
0.0658842
0.0704997
0.0726221
0.072123
0.0683436
0.0609856
-0.0671272
-0.0698149
-0.0714899
-0.0722578
-0.0723566
-0.0718453
-0.0708123
-0.0693794
-0.067673
-0.0658125
-0.0639051
-0.0620429
-0.0603017
-0.0587412
-0.0574068
-0.0563311
-0.0555354
-0.0550324
-0.0548269
-0.0549181
-0.0553
-0.0559629
-0.0568938
-0.058077
-0.0594946
-0.0611268
-0.0629519
-0.0649462
-0.0670846
-0.0693401
-0.0716842
-0.0740862
-0.076514
-0.0789334
-0.0813083
-0.0836008
-0.0857709
-0.087777
-0.0895753
-0.0911205
-0.0923658
-0.0932625
-0.0937613
-0.0938114
-0.0933619
-0.0923615
-0.0907595
-0.0885062
-0.0855538
-0.0818571
-0.0773749
-0.0720712
-0.0659166
-0.0588906
-0.0509834
-0.0421996
-0.0325614
-0.0221141
-0.010932
0.000872734
0.013141
0.0256552
0.038129
0.0501999
0.0614313
0.071327
0.0793611
0.0850366
0.0880053
0.0880525
0.0843967
0.0766875
-0.0714009
-0.0746566
-0.0765851
-0.0773345
-0.0772302
-0.0763743
-0.0748971
-0.0729627
-0.0707325
-0.0683524
-0.0659486
-0.0636256
-0.0614666
-0.0595345
-0.0578753
-0.0565198
-0.055487
-0.0547858
-0.0544177
-0.0543779
-0.0546567
-0.0552409
-0.0561142
-0.057258
-0.0586516
-0.0602726
-0.062097
-0.0640991
-0.0662519
-0.0685267
-0.0708932
-0.0733192
-0.0757712
-0.0782136
-0.0806089
-0.0829178
-0.085099
-0.0871095
-0.0889042
-0.0904362
-0.0916571
-0.0925167
-0.0929637
-0.0929457
-0.0924094
-0.0913013
-0.0895683
-0.0871579
-0.0840191
-0.0801036
-0.0753664
-0.0697673
-0.0632724
-0.0558558
-0.0475019
-0.0382087
-0.0279906
-0.0168844
-0.00495491
0.007696
0.0209189
0.0345036
0.0481659
0.0615354
0.0741515
0.0854725
0.0949015
0.101847
0.105856
0.106601
0.103137
0.0950348
-0.0763421
-0.0803113
-0.0825203
-0.0831864
-0.0827659
-0.0814273
-0.0793618
-0.0767889
-0.0739126
-0.0709092
-0.0679247
-0.0650749
-0.0624482
-0.0601083
-0.0580992
-0.0564479
-0.0551687
-0.0542653
-0.0537341
-0.0535652
-0.0537445
-0.0542545
-0.055075
-0.056184
-0.0575578
-0.0591712
-0.0609978
-0.0630098
-0.0651779
-0.0674719
-0.0698596
-0.0723075
-0.0747805
-0.0772416
-0.0796519
-0.081971
-0.0841561
-0.0861628
-0.0879447
-0.0894535
-0.090639
-0.0914497
-0.0918322
-0.0917323
-0.0910946
-0.0898633
-0.0879824
-0.0853967
-0.0820521
-0.0778962
-0.0728802
-0.0669591
-0.0600935
-0.0522517
-0.043411
-0.0335612
-0.0227079
-0.010877
0.00187823
0.015469
0.0297587
0.0445488
0.0595611
0.0744208
0.0886455
0.101646
0.112747
0.121245
0.126558
0.128213
0.12504
0.116489
-0.0822174
-0.0870808
-0.0895798
-0.0900467
-0.0891356
-0.0871181
-0.0842702
-0.0808827
-0.0772105
-0.0734622
-0.0698022
-0.066355
-0.0632101
-0.0604285
-0.0580484
-0.0560899
-0.05456
-0.0534552
-0.052765
-0.0524734
-0.0525605
-0.0530039
-0.0537793
-0.0548606
-0.0562209
-0.0578321
-0.0596651
-0.0616899
-0.0638754
-0.0661893
-0.0685979
-0.0710662
-0.0735575
-0.0760337
-0.0784545
-0.0807781
-0.0829607
-0.0849563
-0.0867174
-0.0881941
-0.0893349
-0.0900865
-0.090394
-0.090201
-0.0894501
-0.0880831
-0.0860415
-0.0832667
-0.0797012
-0.0752888
-0.0699759
-0.0637123
-0.0564525
-0.0481574
-0.0387962
-0.0283489
-0.0168095
-0.00419087
0.009469
0.0240982
0.0395784
0.0557282
0.0722823
0.0888683
0.104986
0.119999
0.133142
0.143581
0.15057
0.153443
0.150717
0.141643
-0.0894183
-0.0953975
-0.0981543
-0.0982192
-0.0965495
-0.0935729
-0.0896817
-0.085255
-0.0806046
-0.0759705
-0.0715313
-0.0674136
-0.0637024
-0.06045
-0.057684
-0.0554138
-0.0536358
-0.0523368
-0.0514975
-0.0510944
-0.0511012
-0.0514896
-0.0522305
-0.0532939
-0.0546492
-0.0562652
-0.0581104
-0.0601525
-0.0623583
-0.0646938
-0.0671237
-0.0696117
-0.0721196
-0.074608
-0.0770356
-0.0793592
-0.0815339
-0.0835125
-0.0852463
-0.086684
-0.0877727
-0.0884577
-0.0886824
-0.0883884
-0.0875164
-0.0860058
-0.0837952
-0.0808231
-0.0770283
-0.0723503
-0.0667306
-0.0601128
-0.0524446
-0.0436786
-0.0337738
-0.0226985
-0.0104327
0.00302768
0.0176644
0.0334283
0.0502265
0.0679039
0.0862188
0.104813
0.123178
0.140634
0.156318
0.169237
0.178438
0.182993
0.18097
0.17129
-0.0985348
-0.10589
-0.108783
-0.108095
-0.105254
-0.100919
-0.0956351
-0.0898852
-0.0840387
-0.0783601
-0.0730319
-0.068173
-0.0638542
-0.0601111
-0.0569546
-0.0543781
-0.0523637
-0.050886
-0.0499149
-0.049418
-0.0493614
-0.0497108
-0.0504316
-0.0514897
-0.0528509
-0.0544809
-0.0563458
-0.0584108
-0.0606412
-0.0630011
-0.0654539
-0.0679617
-0.0704855
-0.0729844
-0.0754163
-0.0777368
-0.0798999
-0.0818575
-0.0835595
-0.0849538
-0.0859861
-0.0866001
-0.0867379
-0.0863394
-0.0853432
-0.0836865
-0.0813052
-0.0781348
-0.0741103
-0.0691667
-0.0632402
-0.0562681
-0.0481901
-0.0389493
-0.0284932
-0.0167759
-0.00376002
0.0105794
0.0262495
0.0432315
0.0614679
0.080843
0.101155
0.122078
0.143117
0.163562
0.182453
0.198608
0.210808
0.217764
0.216888
0.20654
-0.110488
-0.11949
-0.122208
-0.120163
-0.115516
-0.109256
-0.102117
-0.0946918
-0.0873963
-0.0805023
-0.0741779
-0.0685176
-0.0635644
-0.0593268
-0.0557907
-0.0529277
-0.0507016
-0.0490715
-0.0479951
-0.0474296
-0.047333
-0.0476643
-0.0483837
-0.0494526
-0.0508333
-0.0524888
-0.0543826
-0.0564781
-0.0587387
-0.0611272
-0.0636056
-0.0661351
-0.0686754
-0.0711849
-0.0736203
-0.0759365
-0.0780866
-0.0800217
-0.0816906
-0.0830402
-0.0840153
-0.0845583
-0.08461
-0.0841087
-0.0829913
-0.0811929
-0.0786469
-0.0752857
-0.0710407
-0.0658425
-0.0596217
-0.0523089
-0.0438354
-0.0341336
-0.0231381
-0.0107864
0.00297906
0.0182089
0.0349421
0.0531993
0.0729708
0.0941975
0.116741
0.140338
0.164542
0.188647
0.211615
0.232059
0.248424
0.25892
0.259991
0.249028
-0.126777
-0.137601
-0.139442
-0.135005
-0.12758
-0.118602
-0.109008
-0.0994847
-0.0904626
-0.0821851
-0.0747753
-0.0682785
-0.0626915
-0.0579816
-0.0541002
-0.0509909
-0.0485947
-0.046853
-0.0457092
-0.0451096
-0.0450038
-0.045344
-0.0460853
-0.047185
-0.0486021
-0.0502971
-0.0522314
-0.0543668
-0.0566652
-0.0590883
-0.0615971
-0.0641518
-0.0667114
-0.0692336
-0.0716743
-0.0739878
-0.0761266
-0.078041
-0.0796792
-0.0809873
-0.0819091
-0.0823864
-0.0823585
-0.0817628
-0.0805344
-0.0786066
-0.0759107
-0.0723762
-0.0679312
-0.0625019
-0.0560135
-0.0483896
-0.0395529
-0.0294247
-0.0179253
-0.00497432
0.00950926
0.0256058
0.0433925
0.062939
0.084298
0.107488
0.132464
0.15907
0.186964
0.215512
0.24366
0.269842
0.292097
0.307957
0.312452
0.301302
-0.149991
-0.162375
-0.16182
-0.153227
-0.141562
-0.128779
-0.115985
-0.103891
-0.0928693
-0.0830749
-0.0745373
-0.0672184
-0.0610439
-0.0559242
-0.051766
-0.0484784
-0.0459762
-0.0441811
-0.0430218
-0.0424337
-0.042358
-0.0427408
-0.0435326
-0.0446872
-0.0461611
-0.0479126
-0.0499017
-0.0520887
-0.0544349
-0.0569008
-0.0594471
-0.0620332
-0.0646176
-0.0671576
-0.0696088
-0.0719249
-0.074058
-0.0759581
-0.0775728
-0.0788477
-0.0797262
-0.0801492
-0.0800554
-0.0793811
-0.0780602
-0.0760246
-0.0732037
-0.0695246
-0.0649122
-0.0592889
-0.0525748
-0.0446869
-0.0355393
-0.0250423
-0.0131016
0.000382115
0.0155149
0.0324099
0.0511881
0.0719768
0.0949053
0.120093
0.147625
0.177508
0.209587
0.243415
0.278054
0.311897
0.342567
0.366735
0.377445
0.367601
-0.184857
-0.197127
-0.190946
-0.175241
-0.157203
-0.139208
-0.12236
-0.107236
-0.0940174
-0.0826686
-0.0730574
-0.0650169
-0.0583742
-0.0529663
-0.0486461
-0.0452841
-0.0427674
-0.0409982
-0.0398912
-0.0393719
-0.0393747
-0.0398408
-0.0407173
-0.0419556
-0.0435103
-0.0453387
-0.0473997
-0.0496533
-0.05206
-0.0545802
-0.0571742
-0.0598012
-0.0624198
-0.0649868
-0.0674578
-0.0697865
-0.0719248
-0.0738223
-0.0754268
-0.0766836
-0.0775356
-0.0779234
-0.0777853
-0.077057
-0.0756716
-0.0735598
-0.0706495
-0.0668662
-0.062132
-0.0563661
-0.0494841
-0.0413973
-0.0320118
-0.0212276
-0.00893673
0.00497882
0.0206499
0.0382235
0.0578667
0.0797704
0.104151
0.131251
0.161322
0.194597
0.231215
0.271084
0.313632
0.357469
0.400114
0.437309
0.459565
0.455257
-0.240242
-0.246826
-0.228397
-0.200807
-0.173459
-0.148589
-0.126871
-0.108428
-0.0930206
-0.0802768
-0.0698143
-0.0612875
-0.0543993
-0.0489021
-0.0445916
-0.0413005
-0.0388908
-0.0372481
-0.0362766
-0.035895
-0.0360331
-0.0366297
-0.0376301
-0.0389849
-0.0406482
-0.0425772
-0.0447307
-0.0470689
-0.0495524
-0.0521419
-0.0547978
-0.0574797
-0.0601461
-0.0627543
-0.06526
-0.067617
-0.0697773
-0.0716909
-0.0733054
-0.0745662
-0.0754164
-0.0757965
-0.0756446
-0.0748961
-0.0734838
-0.0713377
-0.0683848
-0.0645493
-0.0597514
-0.053908
-0.046931
-0.0387271
-0.029196
-0.0182291
-0.00570645
0.00850622
0.0245622
0.0426399
0.0629506
0.0857483
0.111342
0.140105
0.172488
0.20901
0.250222
0.296598
0.348294
0.40473
0.46399
0.521375
0.564931
0.576575
-0.332984
-0.318333
-0.275115
-0.228595
-0.188219
-0.154774
-0.127694
-0.106061
-0.0888589
-0.0751892
-0.0643293
-0.0557168
-0.0489202
-0.0436096
-0.0395317
-0.03649
-0.03433
-0.0329281
-0.0321839
-0.0320139
-0.0323476
-0.033124
-0.0342892
-0.0357948
-0.037596
-0.0396509
-0.0419194
-0.0443626
-0.0469418
-0.0496187
-0.0523542
-0.0551085
-0.0578409
-0.0605091
-0.0630692
-0.0654756
-0.0676807
-0.0696349
-0.0712861
-0.0725801
-0.0734603
-0.0738674
-0.0737397
-0.0730127
-0.0716191
-0.0694889
-0.0665488
-0.0627219
-0.0579278
-0.0520817
-0.0450932
-0.036866
-0.0272954
-0.0162663
-0.00365044
0.0106988
0.026952
0.0453124
0.0660276
0.0894061
0.115839
0.145831
0.180033
0.219291
0.264673
0.317455
0.379013
0.450493
0.53185
0.619356
0.700928
0.751846
-0.501587
-0.419602
-0.327876
-0.253667
-0.196821
-0.15401
-0.122149
-0.0983712
-0.0804314
-0.0667493
-0.0562295
-0.0481068
-0.0418428
-0.0370547
-0.0334649
-0.0308681
-0.0291081
-0.0280639
-0.0276386
-0.0277532
-0.0283412
-0.0293456
-0.0307158
-0.0324064
-0.0343753
-0.0365827
-0.0389906
-0.0415616
-0.0442586
-0.0470444
-0.0498813
-0.0527304
-0.0555519
-0.0583042
-0.0609445
-0.0634277
-0.0657068
-0.067733
-0.0694547
-0.0708183
-0.0717677
-0.0722442
-0.0721863
-0.0715302
-0.0702089
-0.0681525
-0.0652878
-0.0615383
-0.0568231
-0.0510569
-0.0441487
-0.0360008
-0.0265064
-0.0155476
-0.00299183
0.0113138
0.0275491
0.0459312
0.066729
0.0902849
0.117046
0.147609
0.182793
0.223738
0.272049
0.329975
0.400642
0.48815
0.596457
0.726612
0.877322
1.02569
-0.850601
-0.552968
-0.361258
-0.253368
-0.183249
-0.135583
-0.103251
-0.0808226
-0.0647314
-0.0528816
-0.0440063
-0.0372989
-0.0322308
-0.0284474
-0.0257026
-0.0238194
-0.0226663
-0.0221419
-0.0221654
-0.0226708
-0.0236018
-0.0249096
-0.0265505
-0.0284844
-0.0306738
-0.0330826
-0.0356758
-0.0384188
-0.0412768
-0.0442144
-0.0471955
-0.050183
-0.0531382
-0.056021
-0.0587894
-0.0613995
-0.0638053
-0.0659587
-0.0678092
-0.0693039
-0.0703874
-0.0710019
-0.0710868
-0.0705787
-0.0694114
-0.0675159
-0.0648198
-0.061247
-0.0567176
-0.0511472
-0.0444456
-0.036516
-0.0272529
-0.0165397
-0.00424536
0.00978093
0.0257165
0.0437756
0.0642241
0.0874018
0.113756
0.143896
0.178677
0.219347
0.267787
0.326947
0.401633
0.499698
0.632346
0.816541
1.09964
1.50764
-1.48531
-0.683396
-0.32414
-0.193686
-0.128162
-0.0888857
-0.0651001
-0.0499875
-0.0396351
-0.0321562
-0.0266051
-0.022449
-0.019366
-0.0171513
-0.0156664
-0.0148112
-0.0145094
-0.0146998
-0.0153316
-0.0163609
-0.0177485
-0.0194587
-0.021458
-0.0237145
-0.0261972
-0.0288755
-0.0317188
-0.0346961
-0.0377758
-0.0409253
-0.0441108
-0.0472972
-0.0504478
-0.053524
-0.0564854
-0.0592896
-0.0618917
-0.0642449
-0.0662998
-0.0680047
-0.0693051
-0.0701443
-0.0704626
-0.0701979
-0.069285
-0.067656
-0.0652396
-0.0619615
-0.0577433
-0.0525027
-0.0461521
-0.0385979
-0.029739
-0.0194643
-0.00765054
0.00584269
0.0211781
0.0385494
0.0581928
0.0804054
0.105572
0.134207
0.167029
0.205084
0.249987
0.304419
0.373288
0.466363
0.603435
0.832714
1.31074
2.23468
)
;

boundaryField
{
    movingWall
    {
        type            zeroGradient;
    }
    fixedWalls
    {
        type            zeroGradient;
    }
    frontAndBack
    {
        type            empty;
    }
}


// ************************************************************************* //
