/*--------------------------------*- C++ -*----------------------------------*\
  =========                 |
  \\      /  F ield         | OpenFOAM: The Open Source CFD Toolbox
   \\    /   O peration     | Website:  https://openfoam.org
    \\  /    A nd           | Version:  dev
     \\/     M anipulation  |
\*---------------------------------------------------------------------------*/
FoamFile
{
    format      ascii;
    class       volScalarField;
    location    "14.4";
    object      Ux;
}
// * * * * * * * * * * * * * * * * * * * * * * * * * * * * * * * * * * * * * //

dimensions      [0 1 -1 0 0 0 0];

internalField   nonuniform List<scalar> 
5184
(
1.25115e-05
4.53483e-05
8.01763e-05
9.55713e-05
8.15764e-05
3.57869e-05
-4.12423e-05
-0.000147499
-0.000280203
-0.000436297
-0.00061267
-0.000806294
-0.00101431
-0.00123405
-0.00146307
-0.00169912
-0.00194012
-0.00218417
-0.00242949
-0.00267438
-0.00291726
-0.00315656
-0.00339076
-0.00361834
-0.00383777
-0.00404752
-0.00424604
-0.00443175
-0.00460309
-0.00475847
-0.00489635
-0.0050152
-0.00511357
-0.00519008
-0.00524347
-0.00527264
-0.00527664
-0.00525475
-0.00520646
-0.00513155
-0.00503009
-0.00490243
-0.00474929
-0.00457171
-0.0043711
-0.00414921
-0.00390811
-0.00365024
-0.00337831
-0.00309531
-0.00280448
-0.00250923
-0.00221313
-0.00191982
-0.00163297
-0.0013562
-0.00109305
-0.000846893
-0.000620857
-0.000417793
-0.000240197
-9.01451e-05
3.07746e-05
0.000121546
0.000181834
0.000212136
0.000214028
0.000190546
0.000146703
9.05666e-05
3.65636e-05
6.22616e-06
2.09016e-05
6.55629e-05
9.42872e-05
7.20498e-05
-1.99016e-05
-0.000188343
-0.000433842
-0.00075318
-0.00114082
-0.00159
-0.00209339
-0.00264354
-0.00323318
-0.00385533
-0.00450339
-0.00517118
-0.00585291
-0.00654316
-0.00723679
-0.00792894
-0.00861491
-0.00929017
-0.00995025
-0.0105907
-0.0112072
-0.0117953
-0.0123507
-0.0128688
-0.0133454
-0.0137761
-0.0141567
-0.0144831
-0.0147514
-0.0149579
-0.0150996
-0.0151734
-0.015177
-0.0151087
-0.0149673
-0.0147525
-0.0144646
-0.0141049
-0.0136755
-0.0131794
-0.0126205
-0.0120037
-0.0113348
-0.0106202
-0.00986746
-0.00908456
-0.00828019
-0.00746352
-0.00664406
-0.00583151
-0.00503565
-0.00426612
-0.00353227
-0.00284302
-0.00220663
-0.00163056
-0.0011213
-0.000684122
-0.000322953
-4.00798e-05
0.000164119
0.000291551
0.000346941
0.000338523
0.000278748
0.000185415
8.61216e-05
1.96365e-05
1.76034e-05
4.11242e-05
1.91041e-05
-8.47241e-05
-0.000291031
-0.00060852
-0.00103842
-0.00157691
-0.00221683
-0.00294902
-0.00376322
-0.00464875
-0.0055949
-0.00659124
-0.00762774
-0.00869485
-0.00978352
-0.0108852
-0.0119916
-0.013095
-0.0141877
-0.0152626
-0.0163122
-0.0173296
-0.0183076
-0.0192392
-0.0201174
-0.0209353
-0.0216861
-0.0223628
-0.0229591
-0.0234686
-0.0238855
-0.0242042
-0.0244199
-0.0245284
-0.0245262
-0.0244109
-0.024181
-0.0238361
-0.0233771
-0.0228061
-0.0221265
-0.0213432
-0.0204624
-0.0194918
-0.0184401
-0.0173176
-0.0161357
-0.0149067
-0.0136439
-0.0123613
-0.0110735
-0.00979519
-0.00854128
-0.00732642
-0.00616483
-0.00507003
-0.00405452
-0.00312958
-0.00230492
-0.00158844
-0.000985865
-0.000500442
-0.000132502
0.000121007
0.000267147
0.000317712
0.000289781
0.000206513
0.00010208
2.49017e-05
8.78673e-06
-7.209e-06
-0.000107928
-0.000322713
-0.000669713
-0.00115728
-0.00178613
-0.0025515
-0.00344485
-0.00445518
-0.00557002
-0.00677621
-0.00806037
-0.00940927
-0.01081
-0.0122503
-0.0137181
-0.0152022
-0.0166915
-0.0181757
-0.0196444
-0.0210878
-0.022496
-0.0238596
-0.0251689
-0.0264146
-0.0275872
-0.0286776
-0.0296767
-0.0305756
-0.0313657
-0.0320389
-0.0325876
-0.0330048
-0.0332842
-0.0334207
-0.0334099
-0.0332489
-0.032936
-0.032471
-0.0318552
-0.0310916
-0.030185
-0.0291419
-0.0279703
-0.0266805
-0.0252839
-0.023794
-0.0222254
-0.0205943
-0.0189178
-0.017214
-0.0155017
-0.0137999
-0.0121279
-0.0105045
-0.00894807
-0.00747601
-0.00610441
-0.00484777
-0.00371856
-0.00272687
-0.00188004
-0.00118222
-0.000633874
-0.000231346
3.3806e-05
0.000175421
0.00021316
0.000173109
9.26043e-05
2.39387e-05
-2.16813e-06
-6.7391e-05
-0.000264136
-0.000609479
-0.00111584
-0.00178937
-0.00262908
-0.00362858
-0.00477776
-0.00606394
-0.00747279
-0.0089891
-0.0105973
-0.0122819
-0.0140276
-0.0158197
-0.0176438
-0.0194861
-0.0213332
-0.0231723
-0.0249908
-0.0267763
-0.028517
-0.0302007
-0.0318159
-0.0333509
-0.0347942
-0.0361345
-0.0373609
-0.0384625
-0.0394291
-0.0402509
-0.0409187
-0.0414244
-0.0417606
-0.0419212
-0.0419014
-0.0416977
-0.0413083
-0.0407334
-0.0399747
-0.039036
-0.0379232
-0.0366441
-0.0352089
-0.0336296
-0.0319201
-0.0300965
-0.0281765
-0.0261791
-0.0241251
-0.0220359
-0.0199339
-0.017842
-0.0157828
-0.0137791
-0.0118526
-0.0100242
-0.00831299
-0.00673636
-0.00530921
-0.00404368
-0.00294862
-0.00202918
-0.00128633
-0.000716345
-0.000310264
-5.33808e-05
7.51115e-05
0.000102632
6.70846e-05
1.9576e-05
-1.37131e-05
-0.000132773
-0.000435413
-0.000923519
-0.00160167
-0.00247239
-0.00353183
-0.00477131
-0.00617875
-0.00773966
-0.00943796
-0.0112566
-0.0131782
-0.0151852
-0.0172604
-0.0193869
-0.0215483
-0.0237287
-0.0259126
-0.0280849
-0.0302311
-0.0323367
-0.0343876
-0.0363698
-0.0382696
-0.0400735
-0.041768
-0.0433401
-0.044777
-0.0460662
-0.047196
-0.0481551
-0.0489332
-0.0495209
-0.04991
-0.0500937
-0.0500665
-0.0498248
-0.0493667
-0.0486925
-0.0478044
-0.0467069
-0.0454068
-0.0439133
-0.042238
-0.0403947
-0.0383994
-0.0362703
-0.0340276
-0.0316933
-0.0292907
-0.0268444
-0.0243799
-0.0219232
-0.0195003
-0.0171371
-0.0148584
-0.0126881
-0.0106483
-0.00875876
-0.00703679
-0.00549645
-0.00414822
-0.00299847
-0.002049
-0.00129657
-0.000732437
-0.000341947
-0.000104211
8.31819e-06
3.212e-05
1.3539e-05
-2.51726e-05
-0.000199758
-0.000613142
-0.00125081
-0.00210826
-0.00318334
-0.00446848
-0.00595199
-0.00761939
-0.00945417
-0.0114384
-0.0135533
-0.0157797
-0.0180984
-0.0204905
-0.0229372
-0.0254203
-0.0279221
-0.0304252
-0.0329128
-0.0353683
-0.0377755
-0.0401183
-0.0423811
-0.0445482
-0.0466045
-0.0485347
-0.0503242
-0.0519587
-0.0534242
-0.0547076
-0.0557965
-0.0566793
-0.0573458
-0.0577869
-0.057995
-0.0579644
-0.057691
-0.057173
-0.0564106
-0.0554065
-0.0541658
-0.0526961
-0.0510076
-0.049113
-0.0470277
-0.0447694
-0.0423583
-0.0398167
-0.0371688
-0.0344405
-0.031659
-0.0288526
-0.0260501
-0.0232804
-0.0205722
-0.0179534
-0.0154505
-0.0130882
-0.0108889
-0.0088722
-0.0070541
-0.00544686
-0.00405835
-0.00289157
-0.00194428
-0.00120857
-0.000670569
-0.000310126
-0.000100499
-8.01858e-06
6.79096e-06
-3.62888e-05
-0.000266468
-0.000792228
-0.00158246
-0.002623
-0.00390631
-0.00542044
-0.00715012
-0.00907809
-0.0111855
-0.0134525
-0.0158585
-0.0183827
-0.0210043
-0.0237027
-0.0264577
-0.0292495
-0.0320588
-0.0348666
-0.0376544
-0.0404039
-0.0430974
-0.0457173
-0.048246
-0.0506667
-0.0529622
-0.0551162
-0.0571125
-0.0589351
-0.0605692
-0.0620001
-0.0632144
-0.0641996
-0.0649445
-0.0654392
-0.0656756
-0.0656474
-0.0653503
-0.0647823
-0.0639437
-0.0628372
-0.0614685
-0.0598458
-0.0579799
-0.0558847
-0.0535767
-0.0510752
-0.0484017
-0.0455806
-0.0426379
-0.0396017
-0.0365017
-0.0333685
-0.0302336
-0.0271285
-0.0240847
-0.0211327
-0.0183018
-0.0156193
-0.0131101
-0.0107959
-0.00869528
-0.00682225
-0.00518651
-0.00379266
-0.00263988
-0.00172165
-0.00102545
-0.000532524
-0.0002176
-5.06719e-05
-1.38517e-07
-4.69701e-05
-0.000331932
-0.000969694
-0.00191288
-0.00313752
-0.00463029
-0.0063744
-0.00835062
-0.0105385
-0.0129167
-0.0154631
-0.0181554
-0.0209711
-0.0238879
-0.0268837
-0.0299371
-0.0330267
-0.0361318
-0.039232
-0.0423075
-0.0453386
-0.048306
-0.0511908
-0.053974
-0.0566373
-0.0591623
-0.0615312
-0.0637265
-0.0657313
-0.0675291
-0.0691046
-0.070443
-0.071531
-0.0723566
-0.0729091
-0.0731797
-0.0731618
-0.0728506
-0.0722437
-0.0713415
-0.0701467
-0.0686651
-0.0669053
-0.0648787
-0.0626
-0.0600866
-0.0573588
-0.0544396
-0.0513548
-0.0481323
-0.044802
-0.0413958
-0.0379465
-0.034488
-0.0310545
-0.02768
-0.0243976
-0.0212394
-0.0182354
-0.0154129
-0.0127965
-0.0104067
-0.00826012
-0.00636838
-0.00473811
-0.00337034
-0.00226036
-0.0013975
-0.000764858
-0.000339095
-9.42866e-05
-6.97986e-06
-5.72048e-05
-0.000395674
-0.00114382
-0.00223859
-0.0036463
-0.00534768
-0.00732086
-0.00954233
-0.0119882
-0.0146344
-0.0174565
-0.0204303
-0.0235316
-0.0267367
-0.0300222
-0.0333651
-0.0367431
-0.0401341
-0.0435166
-0.0468695
-0.0501719
-0.0534032
-0.0565432
-0.059572
-0.0624698
-0.0652171
-0.0677948
-0.0701845
-0.0723679
-0.0743277
-0.0760473
-0.0775113
-0.0787052
-0.0796162
-0.0802329
-0.080546
-0.080548
-0.0802337
-0.0796004
-0.0786481
-0.0773796
-0.0758003
-0.0739192
-0.071748
-0.0693018
-0.0665986
-0.0636597
-0.0605091
-0.0571739
-0.0536835
-0.0500697
-0.046366
-0.0426076
-0.0388307
-0.0350719
-0.0313678
-0.0277543
-0.0242663
-0.0209364
-0.0177949
-0.014869
-0.0121819
-0.00975275
-0.00759568
-0.00571962
-0.00412786
-0.00281789
-0.00178126
-0.00100328
-0.000462781
-0.00013805
-1.36182e-05
-6.7012e-05
-0.000457474
-0.00131362
-0.00255738
-0.00414565
-0.0060532
-0.00825294
-0.010717
-0.0134178
-0.0163283
-0.0194218
-0.0226721
-0.0260532
-0.0295401
-0.033108
-0.0367327
-0.0403909
-0.0440593
-0.0477154
-0.051337
-0.0549022
-0.0583894
-0.0617773
-0.0650448
-0.0681712
-0.071136
-0.0739191
-0.0765007
-0.0788619
-0.0809843
-0.0828503
-0.0844435
-0.0857487
-0.0867522
-0.0874418
-0.0878073
-0.0878406
-0.0875359
-0.08689
-0.0859023
-0.0845751
-0.082914
-0.0809274
-0.0786273
-0.0760289
-0.0731507
-0.0700145
-0.0666452
-0.063071
-0.0593224
-0.0554329
-0.0514379
-0.0473746
-0.0432813
-0.0391972
-0.0351617
-0.0312134
-0.02739
-0.0237273
-0.0202586
-0.0170139
-0.0140197
-0.0112978
-0.0088652
-0.00673358
-0.00490883
-0.00339097
-0.00217409
-0.00124594
-0.000587656
-0.00018164
-2.00285e-05
-7.64165e-05
-0.000517229
-0.00147849
-0.00286784
-0.00463306
-0.00674307
-0.00916559
-0.0118682
-0.0148197
-0.01799
-0.02135
-0.0248712
-0.0285263
-0.0322885
-0.036132
-0.0400314
-0.0439623
-0.0479007
-0.051823
-0.055706
-0.0595271
-0.0632638
-0.0668938
-0.0703952
-0.0737464
-0.0769258
-0.0799126
-0.0826861
-0.0852263
-0.087514
-0.0895307
-0.0912592
-0.0926832
-0.0937881
-0.094561
-0.0949908
-0.0950686
-0.0947877
-0.0941441
-0.0931367
-0.0917672
-0.0900404
-0.0879647
-0.0855516
-0.0828163
-0.0797774
-0.076457
-0.0728807
-0.0690773
-0.0650788
-0.0609198
-0.0566375
-0.052271
-0.0478612
-0.0434495
-0.0390781
-0.0347887
-0.0306221
-0.0266173
-0.0228109
-0.0192364
-0.0159235
-0.0128972
-0.0101779
-0.00778013
-0.00571291
-0.00397907
-0.00257548
-0.00149249
-0.000713569
-0.00022506
-2.62376e-05
-8.54394e-05
-0.000574894
-0.00163808
-0.003169
-0.00510673
-0.00741451
-0.0100549
-0.0129911
-0.0161881
-0.0196128
-0.0232335
-0.0270198
-0.0309425
-0.0349736
-0.0390859
-0.0432532
-0.04745
-0.0516515
-0.0558333
-0.0599716
-0.0640429
-0.0680239
-0.0718917
-0.0756237
-0.0791972
-0.0825902
-0.0857809
-0.0887478
-0.0914701
-0.0939278
-0.0961014
-0.0979728
-0.099525
-0.100742
-0.101611
-0.102118
-0.102255
-0.102014
-0.101389
-0.100379
-0.0989841
-0.097209
-0.095061
-0.0925512
-0.0896945
-0.0865091
-0.0830175
-0.0792453
-0.0752222
-0.0709809
-0.0665574
-0.0619905
-0.0573213
-0.0525928
-0.0478493
-0.0431357
-0.0384969
-0.0339772
-0.0296189
-0.0254626
-0.0215452
-0.0179002
-0.0145565
-0.0115378
-0.00886237
-0.00654233
-0.00458376
-0.00298652
-0.00174366
-0.000840973
-0.000268532
-3.2304e-05
-9.40961e-05
-0.000630433
-0.00179211
-0.00346014
-0.00556528
-0.00806531
-0.0109178
-0.0140815
-0.0175179
-0.0211907
-0.0250657
-0.0291105
-0.0332943
-0.0375875
-0.0419619
-0.0463903
-0.0508464
-0.0553047
-0.05974
-0.0641281
-0.0684446
-0.0726658
-0.0767682
-0.0807283
-0.0845232
-0.08813
-0.0915261
-0.0946895
-0.0975985
-0.100232
-0.102571
-0.104594
-0.106285
-0.107627
-0.108605
-0.109206
-0.109418
-0.109233
-0.108645
-0.10765
-0.106248
-0.104443
-0.102241
-0.0996515
-0.0966894
-0.0933725
-0.0897227
-0.0857661
-0.0815324
-0.0770552
-0.0723717
-0.0675222
-0.0625496
-0.0574993
-0.0524183
-0.0473546
-0.0423566
-0.037472
-0.0327472
-0.0282267
-0.0239517
-0.0199598
-0.0162839
-0.0129519
-0.0099857
-0.00740132
-0.00520821
-0.00340947
-0.00200097
-0.000970749
-0.000312428
-3.83053e-05
-0.000102396
-0.000683804
-0.00194032
-0.00374062
-0.00600754
-0.00869362
-0.0117517
-0.0151361
-0.0188048
-0.0227186
-0.0268408
-0.0311369
-0.0355745
-0.0401227
-0.0447522
-0.0494349
-0.0541438
-0.0588526
-0.0635359
-0.0681685
-0.0727259
-0.0771838
-0.0815182
-0.0857052
-0.0897213
-0.0935429
-0.0971471
-0.100511
-0.103612
-0.10643
-0.108941
-0.111128
-0.11297
-0.114451
-0.115553
-0.116263
-0.116567
-0.116457
-0.115925
-0.114965
-0.113576
-0.111761
-0.109523
-0.106872
-0.103822
-0.100389
-0.0965953
-0.0924661
-0.0880315
-0.0833256
-0.0783866
-0.0732562
-0.0679792
-0.0626034
-0.0571785
-0.0517559
-0.0463875
-0.041125
-0.0360192
-0.0311188
-0.0264698
-0.0221142
-0.0180898
-0.0144287
-0.0111573
-0.0082956
-0.00585682
-0.00384753
-0.00226652
-0.00110408
-0.00035722
-4.43318e-05
-0.000110338
-0.000734949
-0.00208249
-0.00400987
-0.00643242
-0.00929772
-0.012554
-0.0161516
-0.0200448
-0.0241917
-0.0285532
-0.0330927
-0.0377763
-0.0425719
-0.0474491
-0.052379
-0.057334
-0.0622872
-0.0672127
-0.072085
-0.0768792
-0.0815706
-0.0861349
-0.0905479
-0.0947854
-0.0988238
-0.102639
-0.106209
-0.109509
-0.112518
-0.115213
-0.117574
-0.11958
-0.121214
-0.122457
-0.123293
-0.123709
-0.123694
-0.123237
-0.122333
-0.120978
-0.119173
-0.11692
-0.114228
-0.111108
-0.107576
-0.103653
-0.0993643
-0.0947394
-0.0898128
-0.0846235
-0.0792144
-0.0736322
-0.0679271
-0.0621517
-0.0563607
-0.05061
-0.0449557
-0.039453
-0.0341556
-0.0291146
-0.0243772
-0.0199861
-0.0159785
-0.0123857
-0.00923203
-0.00653489
-0.00430452
-0.00254283
-0.00124236
-0.000403452
-5.04816e-05
-0.000117918
-0.000783789
-0.00221831
-0.00426725
-0.00683884
-0.00987596
-0.0133225
-0.0171248
-0.0212341
-0.0256054
-0.0301975
-0.0349719
-0.0398931
-0.0449278
-0.0500448
-0.0552145
-0.0604084
-0.0655995
-0.0707614
-0.0758684
-0.0808953
-0.0858171
-0.0906093
-0.0952474
-0.0997071
-0.103964
-0.107995
-0.111775
-0.115281
-0.118489
-0.121378
-0.123926
-0.126111
-0.127912
-0.129313
-0.130294
-0.130841
-0.130941
-0.130582
-0.129756
-0.128457
-0.126684
-0.124438
-0.121725
-0.118556
-0.114944
-0.110908
-0.106475
-0.101672
-0.0965337
-0.0911004
-0.0854159
-0.0795286
-0.0734909
-0.0673586
-0.0611898
-0.0550447
-0.0489838
-0.0430675
-0.0373549
-0.0319026
-0.0267635
-0.0219859
-0.0176128
-0.0136805
-0.0102183
-0.00724834
-0.00478475
-0.00283271
-0.00138714
-0.000451713
-5.68572e-05
-0.000125122
-0.000830221
-0.00234748
-0.00451213
-0.00722569
-0.0104267
-0.0140548
-0.0180528
-0.0223688
-0.0269551
-0.0317683
-0.0367682
-0.0419179
-0.0471829
-0.0525312
-0.0579325
-0.0633579
-0.06878
-0.0741721
-0.0795084
-0.0847634
-0.0899123
-0.0949302
-0.0997926
-0.104475
-0.108953
-0.113201
-0.117197
-0.120916
-0.124334
-0.127427
-0.130173
-0.13255
-0.134536
-0.136111
-0.137257
-0.137956
-0.138192
-0.137952
-0.137227
-0.136008
-0.134291
-0.132076
-0.129366
-0.126168
-0.122496
-0.118368
-0.113806
-0.108838
-0.1035
-0.0978314
-0.0918763
-0.0856853
-0.079313
-0.0728181
-0.0662627
-0.059711
-0.0532287
-0.0468817
-0.0407348
-0.0348507
-0.0292886
-0.0241032
-0.0193435
-0.0150517
-0.0112628
-0.00800361
-0.00529284
-0.00313919
-0.00154007
-0.000502623
-6.35633e-05
-0.000131934
-0.000874122
-0.00246962
-0.00474376
-0.00759179
-0.0109481
-0.0147486
-0.0189325
-0.0234451
-0.0282362
-0.0332602
-0.0384755
-0.0438437
-0.0493294
-0.0548998
-0.0605238
-0.0661725
-0.071818
-0.0774336
-0.0829932
-0.0884715
-0.0938435
-0.0990844
-0.10417
-0.109074
-0.113774
-0.118245
-0.122461
-0.126399
-0.130034
-0.133342
-0.136299
-0.138882
-0.141069
-0.142836
-0.144165
-0.145036
-0.145431
-0.145335
-0.144735
-0.14362
-0.141985
-0.139825
-0.137142
-0.133941
-0.130231
-0.12603
-0.121359
-0.116244
-0.11072
-0.104826
-0.0986071
-0.0921157
-0.0854084
-0.0785468
-0.0715969
-0.0646273
-0.0577091
-0.0509139
-0.044313
-0.0379757
-0.0319682
-0.0263521
-0.0211831
-0.0165101
-0.0123741
-0.00880742
-0.00583367
-0.00346544
-0.00170287
-0.000556824
-7.07063e-05
-0.000138331
-0.000915349
-0.00258435
-0.00496139
-0.0079359
-0.0114384
-0.0154014
-0.0197608
-0.0244591
-0.0294439
-0.0346678
-0.0400875
-0.0456635
-0.0513594
-0.0571417
-0.062979
-0.0688419
-0.0747024
-0.0805338
-0.08631
-0.0920058
-0.0975962
-0.103057
-0.108362
-0.113489
-0.118412
-0.123106
-0.127547
-0.13171
-0.13557
-0.139103
-0.142282
-0.145085
-0.147487
-0.149464
-0.150996
-0.152059
-0.152635
-0.152706
-0.152256
-0.151273
-0.149745
-0.147668
-0.145038
-0.141859
-0.138138
-0.133888
-0.129129
-0.123887
-0.118193
-0.112086
-0.105614
-0.0988286
-0.0917883
-0.084558
-0.0772073
-0.0698098
-0.0624419
-0.0551816
-0.0481069
-0.0412945
-0.0348181
-0.0287469
-0.0231444
-0.0180665
-0.0135611
-0.0096667
-0.00641224
-0.00381471
-0.0018773
-0.000614972
-7.83938e-05
-0.000144289
-0.000953745
-0.00269122
-0.0051642
-0.00825672
-0.0118958
-0.0160107
-0.0205344
-0.0254069
-0.0305736
-0.0359855
-0.0415978
-0.0473699
-0.0532646
-0.0592478
-0.0652878
-0.0713549
-0.0774211
-0.0834597
-0.0894447
-0.0953511
-0.101154
-0.106829
-0.112353
-0.117699
-0.122844
-0.127764
-0.132433
-0.136825
-0.140917
-0.144682
-0.148094
-0.151129
-0.153761
-0.155965
-0.157718
-0.158995
-0.159775
-0.160037
-0.159763
-0.158936
-0.157544
-0.155578
-0.15303
-0.149902
-0.146197
-0.141925
-0.137103
-0.131755
-0.125912
-0.119611
-0.112898
-0.105827
-0.0984591
-0.0908607
-0.0831055
-0.0752719
-0.0674419
-0.0597003
-0.0521323
-0.0448226
-0.0378532
-0.0313017
-0.0252399
-0.0197318
-0.0148328
-0.0105885
-0.00703365
-0.00419033
-0.00206516
-0.000677729
-8.67344e-05
-0.000149778
-0.000989142
-0.00278979
-0.00535133
-0.00855292
-0.0123184
-0.016574
-0.0212502
-0.0262845
-0.0316206
-0.0372076
-0.0429998
-0.0489554
-0.0550365
-0.0612087
-0.0674397
-0.0737
-0.0799614
-0.0861973
-0.0923822
-0.0984911
-0.1045
-0.110384
-0.116119
-0.121682
-0.127048
-0.132192
-0.13709
-0.141716
-0.146044
-0.150048
-0.153703
-0.156981
-0.159856
-0.162303
-0.164294
-0.165805
-0.16681
-0.167287
-0.167215
-0.166573
-0.165346
-0.163519
-0.161085
-0.158038
-0.154379
-0.150114
-0.145258
-0.139831
-0.133862
-0.127387
-0.120451
-0.113109
-0.105421
-0.0974591
-0.0892986
-0.0810232
-0.072721
-0.0644833
-0.0564036
-0.0485748
-0.0410879
-0.03403
-0.0274818
-0.0215166
-0.0161982
-0.0115797
-0.007703
-0.00459562
-0.00226825
-0.000745766
-9.58371e-05
-0.000154771
-0.00102137
-0.00287958
-0.00552193
-0.00882316
-0.0127043
-0.0170888
-0.0219049
-0.0270879
-0.0325799
-0.0383286
-0.0442869
-0.0504124
-0.0566667
-0.0630146
-0.069424
-0.0758651
-0.0823099
-0.0887321
-0.0951063
-0.101408
-0.107614
-0.113699
-0.119641
-0.125415
-0.130997
-0.136364
-0.141489
-0.146349
-0.150917
-0.155166
-0.159069
-0.162601
-0.165731
-0.168434
-0.17068
-0.172443
-0.173695
-0.174411
-0.174565
-0.174136
-0.173102
-0.171447
-0.169158
-0.166225
-0.162645
-0.158421
-0.153562
-0.148087
-0.14202
-0.135396
-0.128259
-0.120663
-0.112669
-0.104351
-0.0957888
-0.0870694
-0.0782873
-0.0695412
-0.0609326
-0.0525637
-0.0445352
-0.0369443
-0.0298819
-0.0234314
-0.0176658
-0.0126473
-0.00842535
-0.0050339
-0.00248839
-0.000819753
-0.000105811
-0.000159237
-0.00105025
-0.00296014
-0.00567515
-0.00906611
-0.0130516
-0.0175526
-0.0224953
-0.0278133
-0.0334469
-0.0393427
-0.0454527
-0.0517336
-0.0581465
-0.0646559
-0.0712296
-0.0778379
-0.0844529
-0.0910487
-0.0976003
-0.104084
-0.110476
-0.116753
-0.122892
-0.12887
-0.134663
-0.140247
-0.145598
-0.15069
-0.155498
-0.159994
-0.164152
-0.167943
-0.171338
-0.174308
-0.176824
-0.178856
-0.180375
-0.181352
-0.181758
-0.181568
-0.180758
-0.179306
-0.177195
-0.174411
-0.170945
-0.166797
-0.161972
-0.156482
-0.150351
-0.143608
-0.136297
-0.12847
-0.12019
-0.111529
-0.102572
-0.0934107
-0.0841449
-0.0748808
-0.0657285
-0.0568
-0.0482064
-0.040056
-0.032451
-0.0254858
-0.0192442
-0.0137981
-0.00920571
-0.00550849
-0.00272738
-0.000900363
-0.000116767
-0.000163148
-0.00107561
-0.00303103
-0.00581017
-0.00928051
-0.0133584
-0.0179631
-0.0230185
-0.0284568
-0.0342171
-0.0402447
-0.0464908
-0.0529115
-0.0594674
-0.0661229
-0.0728456
-0.079606
-0.0863765
-0.0931316
-0.0998467
-0.106499
-0.113064
-0.119521
-0.125847
-0.132019
-0.138014
-0.143809
-0.14938
-0.1547
-0.159746
-0.164489
-0.168903
-0.172957
-0.176624
-0.179871
-0.182669
-0.184985
-0.186788
-0.188046
-0.188728
-0.188805
-0.188247
-0.187031
-0.185132
-0.182533
-0.17922
-0.175188
-0.170434
-0.164969
-0.15881
-0.151985
-0.144533
-0.136503
-0.12796
-0.118976
-0.109638
-0.100041
-0.0902925
-0.0805047
-0.070797
-0.0612915
-0.0521108
-0.043375
-0.035199
-0.0276892
-0.0209414
-0.0150384
-0.010049
-0.00602263
-0.00298701
-0.000988269
-0.000128818
-0.000166476
-0.00109731
-0.00309183
-0.00592623
-0.00946519
-0.0136233
-0.0183179
-0.0234717
-0.0290151
-0.0348862
-0.0410295
-0.0473952
-0.0539391
-0.0606212
-0.067406
-0.0742611
-0.0811571
-0.0880668
-0.0949651
-0.101828
-0.108633
-0.115358
-0.121981
-0.12848
-0.134834
-0.14102
-0.147015
-0.152796
-0.158339
-0.163616
-0.168603
-0.173271
-0.17759
-0.181531
-0.185061
-0.18815
-0.190762
-0.192864
-0.194422
-0.195402
-0.195771
-0.195495
-0.194545
-0.192894
-0.190518
-0.187398
-0.183522
-0.178884
-0.173487
-0.167343
-0.160476
-0.152921
-0.144725
-0.135949
-0.126667
-0.116967
-0.106949
-0.0967228
-0.0864104
-0.0761394
-0.0660427
-0.0562551
-0.0469095
-0.0381343
-0.0300496
-0.0227646
-0.0163747
-0.0109598
-0.0065795
-0.00326905
-0.00108414
-0.000142076
-0.000169197
-0.0011152
-0.00314218
-0.00602268
-0.00961913
-0.0138447
-0.0186153
-0.0238523
-0.029485
-0.0354505
-0.0416924
-0.0481604
-0.0548097
-0.0616003
-0.0684964
-0.0754658
-0.0824792
-0.08951
-0.0965336
-0.103527
-0.110467
-0.117334
-0.124106
-0.130763
-0.137284
-0.143646
-0.149829
-0.155808
-0.161561
-0.167062
-0.172285
-0.177202
-0.181783
-0.185998
-0.189814
-0.193198
-0.196115
-0.198529
-0.200403
-0.2017
-0.202383
-0.202417
-0.201765
-0.200397
-0.198282
-0.195396
-0.191721
-0.187244
-0.181962
-0.175881
-0.169019
-0.161405
-0.153085
-0.144114
-0.134568
-0.124533
-0.114112
-0.103422
-0.0925897
-0.0817526
-0.0710546
-0.0606431
-0.0506652
-0.0412638
-0.0325744
-0.0247207
-0.0178125
-0.0119427
-0.00718219
-0.00357525
-0.00118865
-0.000156656
-0.00017129
-0.00112917
-0.0031818
-0.00609899
-0.00974151
-0.0140214
-0.0188536
-0.0241583
-0.0298639
-0.0359066
-0.0422294
-0.0487814
-0.0555176
-0.0623976
-0.0693857
-0.0764498
-0.083561
-0.0906932
-0.0978222
-0.104926
-0.111982
-0.118972
-0.125874
-0.132669
-0.139338
-0.145859
-0.152212
-0.158375
-0.164324
-0.170036
-0.175483
-0.18064
-0.185475
-0.18996
-0.19406
-0.197741
-0.200967
-0.203701
-0.205903
-0.207534
-0.208553
-0.208921
-0.208597
-0.207545
-0.20573
-0.203121
-0.199693
-0.195426
-0.19031
-0.184344
-0.177539
-0.169919
-0.161523
-0.152404
-0.142633
-0.132298
-0.121503
-0.110369
-0.099028
-0.0876278
-0.0763233
-0.0652751
-0.0546452
-0.0445926
-0.0352692
-0.0268156
-0.0193572
-0.0130019
-0.00783367
-0.0039073
-0.00130247
-0.000172676
-0.000172741
-0.00113913
-0.00321048
-0.00615479
-0.00983175
-0.0141527
-0.0190317
-0.0243881
-0.0301496
-0.0362518
-0.0426371
-0.0492541
-0.0560575
-0.0630068
-0.0700664
-0.0772043
-0.0843921
-0.0916041
-0.0988167
-0.106008
-0.113159
-0.120249
-0.127259
-0.134172
-0.140967
-0.147626
-0.15413
-0.160456
-0.166583
-0.172487
-0.178144
-0.183526
-0.188605
-0.19335
-0.197727
-0.201702
-0.205238
-0.208296
-0.210834
-0.212811
-0.214184
-0.214908
-0.21494
-0.214237
-0.21276
-0.21047
-0.207335
-0.203329
-0.198434
-0.19264
-0.18595
-0.178382
-0.169966
-0.160753
-0.150807
-0.140216
-0.129083
-0.117532
-0.105703
-0.0937502
-0.0818401
-0.0701474
-0.0588496
-0.0481233
-0.0381385
-0.029054
-0.0210133
-0.0141413
-0.00853674
-0.00426686
-0.00142624
-0.000190255
-0.00017354
-0.00114506
-0.00322811
-0.00618989
-0.00988956
-0.014238
-0.0191489
-0.0245408
-0.030341
-0.0364845
-0.0429132
-0.0495754
-0.0564255
-0.063423
-0.0705323
-0.0777217
-0.0849632
-0.0922316
-0.0995042
-0.10676
-0.11398
-0.121146
-0.12824
-0.135244
-0.142141
-0.148914
-0.155544
-0.16201
-0.168292
-0.174369
-0.180215
-0.185804
-0.19111
-0.196101
-0.200744
-0.205004
-0.208845
-0.212225
-0.215104
-0.217435
-0.219174
-0.220273
-0.220685
-0.220363
-0.219259
-0.21733
-0.214537
-0.210845
-0.206226
-0.200665
-0.194154
-0.186701
-0.178331
-0.169084
-0.159022
-0.148228
-0.136804
-0.124874
-0.112585
-0.100098
-0.0875905
-0.0752515
-0.063275
-0.051856
-0.0411845
-0.0314396
-0.0227849
-0.0153644
-0.00929403
-0.00465552
-0.00156063
-0.000209517
-0.000173689
-0.00114696
-0.00323475
-0.00620437
-0.00991502
-0.0142775
-0.0192051
-0.0246163
-0.0304377
-0.0366039
-0.0430564
-0.0497433
-0.0566188
-0.0636425
-0.0707786
-0.0779959
-0.0852667
-0.0925664
-0.0998731
-0.107167
-0.11443
-0.121644
-0.128793
-0.135862
-0.142834
-0.149692
-0.15642
-0.162999
-0.16941
-0.175632
-0.181643
-0.187417
-0.192927
-0.198145
-0.203037
-0.20757
-0.211705
-0.215402
-0.218618
-0.221307
-0.223421
-0.22491
-0.225722
-0.225806
-0.225109
-0.223582
-0.221177
-0.217852
-0.21357
-0.208305
-0.20204
-0.194773
-0.186518
-0.177309
-0.167199
-0.156264
-0.144604
-0.132345
-0.119635
-0.106641
-0.0935536
-0.0805739
-0.0679138
-0.0557879
-0.0444077
-0.0339746
-0.024675
-0.0166742
-0.0101079
-0.00507478
-0.00170626
-0.000230583
-0.000173194
-0.00114489
-0.00323055
-0.00619853
-0.0099086
-0.0142717
-0.0192012
-0.0246152
-0.0304401
-0.0366102
-0.0430667
-0.0497575
-0.0566364
-0.0636631
-0.0708021
-0.0780223
-0.0852965
-0.0926009
-0.0999142
-0.107217
-0.114494
-0.121727
-0.128901
-0.136003
-0.143018
-0.14993
-0.156725
-0.163386
-0.169895
-0.176233
-0.182378
-0.188308
-0.193997
-0.199417
-0.204537
-0.209322
-0.213735
-0.217737
-0.221283
-0.224327
-0.226819
-0.228707
-0.229935
-0.230448
-0.230189
-0.229101
-0.227129
-0.224223
-0.220337
-0.215434
-0.209486
-0.202481
-0.19442
-0.185326
-0.175244
-0.164242
-0.152415
-0.139886
-0.126803
-0.113343
-0.0997012
-0.0860953
-0.0727539
-0.0599126
-0.0478057
-0.0366597
-0.0266854
-0.018073
-0.0109806
-0.00552605
-0.00186376
-0.000253582
-0.000172075
-0.00113897
-0.00321587
-0.00617303
-0.00987125
-0.014222
-0.0191386
-0.0245392
-0.0303502
-0.0365053
-0.0429457
-0.0496188
-0.0564787
-0.0634847
-0.0706016
-0.0777986
-0.0850491
-0.0923298
-0.0996202
-0.106903
-0.114161
-0.12138
-0.128547
-0.135649
-0.142672
-0.149604
-0.156431
-0.163138
-0.169709
-0.176128
-0.182375
-0.188428
-0.194264
-0.199856
-0.205175
-0.210187
-0.214858
-0.219146
-0.223009
-0.226399
-0.229265
-0.231555
-0.233209
-0.234169
-0.234372
-0.233757
-0.232261
-0.229825
-0.226394
-0.22192
-0.216363
-0.209698
-0.201914
-0.193022
-0.183054
-0.172068
-0.160153
-0.147425
-0.134033
-0.120155
-0.105998
-0.0917899
-0.0777782
-0.0642197
-0.0513737
-0.0394933
-0.0288171
-0.0195627
-0.0119138
-0.00601061
-0.00203373
-0.000278641
-0.000170363
-0.0011294
-0.00319124
-0.00612883
-0.00980446
-0.0141302
-0.0190197
-0.0243913
-0.0301709
-0.0362924
-0.0426965
-0.0493305
-0.0561482
-0.0631091
-0.0701782
-0.0773249
-0.0845231
-0.0917503
-0.0989869
-0.106216
-0.113423
-0.120594
-0.127718
-0.134783
-0.141777
-0.14869
-0.15551
-0.162225
-0.16882
-0.175281
-0.18159
-0.187729
-0.193675
-0.199404
-0.204889
-0.210098
-0.214997
-0.219548
-0.223707
-0.227428
-0.23066
-0.233347
-0.235431
-0.236849
-0.237535
-0.237421
-0.236439
-0.23452
-0.231601
-0.227622
-0.222531
-0.216288
-0.208871
-0.200272
-0.190513
-0.179637
-0.167723
-0.15488
-0.141253
-0.127022
-0.112399
-0.097625
-0.0829639
-0.0686949
-0.0551036
-0.042472
-0.0310695
-0.0211443
-0.0129089
-0.0065296
-0.00221672
-0.000305891
-0.000168101
-0.00111646
-0.0031574
-0.00606731
-0.00971029
-0.0139992
-0.0188481
-0.0241753
-0.0299069
-0.0359764
-0.0423241
-0.0488973
-0.0556497
-0.0625407
-0.0695354
-0.0766038
-0.0837201
-0.0908626
-0.0980126
-0.105154
-0.112275
-0.119361
-0.126403
-0.133392
-0.140318
-0.147171
-0.153943
-0.160623
-0.167199
-0.17366
-0.179989
-0.186171
-0.192186
-0.198012
-0.203624
-0.208994
-0.214088
-0.218869
-0.223298
-0.227328
-0.230908
-0.233983
-0.236493
-0.238373
-0.239555
-0.239964
-0.239528
-0.238171
-0.235817
-0.232397
-0.227846
-0.22211
-0.21515
-0.206943
-0.197494
-0.186832
-0.17502
-0.162158
-0.148385
-0.133878
-0.118852
-0.10356
-0.0882818
-0.0733186
-0.0589836
-0.0455899
-0.0334405
-0.0228176
-0.0139669
-0.00708397
-0.00241327
-0.000335463
-0.000165347
-0.00110051
-0.00311535
-0.00599027
-0.00959149
-0.0138327
-0.0186284
-0.023897
-0.0295645
-0.035564
-0.0418357
-0.0483266
-0.0549903
-0.0617862
-0.0686796
-0.0756407
-0.0826446
-0.08967
-0.0966995
-0.103718
-0.110714
-0.117677
-0.124598
-0.13147
-0.138284
-0.145034
-0.151713
-0.158313
-0.164825
-0.171238
-0.177541
-0.18372
-0.189758
-0.195636
-0.201332
-0.20682
-0.212069
-0.217045
-0.22171
-0.22602
-0.229925
-0.23337
-0.236295
-0.238634
-0.240316
-0.241265
-0.2414
-0.24064
-0.238901
-0.2361
-0.232161
-0.227015
-0.220605
-0.212893
-0.203861
-0.193524
-0.181927
-0.169155
-0.155337
-0.140645
-0.125295
-0.109547
-0.0936966
-0.0780664
-0.0629981
-0.0488382
-0.035926
-0.0245819
-0.0150882
-0.00767446
-0.00262386
-0.000367487
-0.000162175
-0.00108201
-0.00306633
-0.00590001
-0.00945152
-0.0136354
-0.0183665
-0.0235633
-0.0291515
-0.035064
-0.0412406
-0.0476281
-0.0541798
-0.0608552
-0.0676199
-0.0744444
-0.0813043
-0.0881793
-0.095053
-0.101912
-0.108745
-0.115544
-0.122302
-0.129012
-0.13567
-0.142271
-0.148811
-0.155282
-0.16168
-0.167997
-0.174225
-0.180351
-0.186362
-0.192243
-0.197974
-0.203533
-0.208893
-0.214021
-0.218883
-0.223437
-0.227635
-0.231424
-0.234746
-0.237533
-0.239713
-0.241207
-0.241932
-0.241798
-0.240714
-0.238588
-0.235329
-0.230854
-0.225087
-0.217972
-0.209472
-0.199578
-0.188317
-0.175756
-0.162008
-0.147237
-0.131656
-0.11553
-0.0991654
-0.082908
-0.0671275
-0.0522053
-0.0385204
-0.0264349
-0.0162726
-0.0083016
-0.00284891
-0.000402093
-0.000158675
-0.00106152
-0.00301187
-0.00579934
-0.00929467
-0.0134131
-0.0180697
-0.0231829
-0.028678
-0.0344874
-0.0405506
-0.0468141
-0.0532308
-0.0597605
-0.0663687
-0.0730266
-0.0797105
-0.0864009
-0.0930824
-0.0997429
-0.106373
-0.112966
-0.119517
-0.126022
-0.132477
-0.138881
-0.145231
-0.151524
-0.157758
-0.163926
-0.170025
-0.176045
-0.181977
-0.187808
-0.193523
-0.199101
-0.204521
-0.209754
-0.214767
-0.219523
-0.223977
-0.228078
-0.231768
-0.234983
-0.237649
-0.239687
-0.24101
-0.241523
-0.241128
-0.239723
-0.237206
-0.233477
-0.228445
-0.222031
-0.214176
-0.20485
-0.194054
-0.181835
-0.168286
-0.153557
-0.137854
-0.121442
-0.104638
-0.0878072
-0.0713472
-0.0556762
-0.0412155
-0.0283732
-0.0175193
-0.00896561
-0.00308877
-0.000439412
-0.000154958
-0.00103974
-0.00295384
-0.00569168
-0.00912613
-0.0131729
-0.017747
-0.0227665
-0.0281561
-0.0338477
-0.0397803
-0.0458997
-0.052159
-0.0585177
-0.0649418
-0.0714029
-0.077878
-0.0843488
-0.090801
-0.0972239
-0.10361
-0.109954
-0.116253
-0.122505
-0.12871
-0.134867
-0.140977
-0.14704
-0.153055
-0.159022
-0.164937
-0.170796
-0.176593
-0.182318
-0.18796
-0.193504
-0.19893
-0.204214
-0.209328
-0.214238
-0.218903
-0.223275
-0.2273
-0.230914
-0.234046
-0.236615
-0.238534
-0.239704
-0.240022
-0.239376
-0.237654
-0.234741
-0.230528
-0.224916
-0.217823
-0.209191
-0.198997
-0.18726
-0.17405
-0.159499
-0.143799
-0.12721
-0.110058
-0.0927215
-0.0756281
-0.0592325
-0.044001
-0.030392
-0.0188268
-0.00966646
-0.00334375
-0.000479568
-0.000151156
-0.00101749
-0.00289446
-0.0055811
-0.00895207
-0.0129231
-0.0174089
-0.0223266
-0.0276003
-0.033161
-0.0389468
-0.0449033
-0.0509831
-0.057146
-0.0633583
-0.0695921
-0.0758255
-0.082041
-0.088226
-0.0943713
-0.100471
-0.106522
-0.112523
-0.118475
-0.124379
-0.130239
-0.136057
-0.141836
-0.14758
-0.153288
-0.158964
-0.164604
-0.170208
-0.17577
-0.181281
-0.186732
-0.192106
-0.197386
-0.202545
-0.207556
-0.212381
-0.216977
-0.221294
-0.22527
-0.228837
-0.231917
-0.23442
-0.236247
-0.237289
-0.23743
-0.236546
-0.234509
-0.231194
-0.226479
-0.220259
-0.212449
-0.202996
-0.19189
-0.179171
-0.164946
-0.149389
-0.132752
-0.115358
-0.0976018
-0.0799356
-0.0628518
-0.0468641
-0.032485
-0.0201927
-0.0104037
-0.00361404
-0.000522687
-0.000147425
-0.000995739
-0.00283636
-0.00547243
-0.00877981
-0.0126737
-0.0170679
-0.0218783
-0.0270277
-0.032446
-0.0380705
-0.0438461
-0.0497254
-0.0556681
-0.061641
-0.067617
-0.0735751
-0.0794995
-0.0853787
-0.0912054
-0.0969758
-0.102689
-0.108345
-0.113949
-0.119503
-0.125014
-0.130487
-0.135929
-0.141344
-0.146739
-0.152117
-0.157481
-0.162833
-0.168171
-0.173492
-0.178789
-0.184052
-0.189266
-0.194413
-0.199467
-0.204396
-0.209164
-0.213722
-0.218016
-0.22198
-0.225537
-0.228602
-0.231073
-0.232841
-0.233783
-0.233768
-0.232656
-0.230306
-0.226577
-0.221338
-0.214475
-0.205904
-0.19558
-0.183513
-0.169775
-0.154518
-0.137975
-0.120465
-0.102392
-0.08423
-0.066508
-0.0497892
-0.0346442
-0.0216138
-0.0111768
-0.00389978
-0.000568891
-0.000143949
-0.000975636
-0.00278264
-0.00537132
-0.00861793
-0.0124363
-0.0167385
-0.0214387
-0.0264579
-0.0317246
-0.0371749
-0.0427531
-0.0484115
-0.05411
-0.0598161
-0.0655038
-0.0711531
-0.0767497
-0.0822841
-0.087751
-0.0931485
-0.0984778
-0.103743
-0.108948
-0.114102
-0.119212
-0.124288
-0.129337
-0.134369
-0.139393
-0.144417
-0.149446
-0.154486
-0.159541
-0.16461
-0.169692
-0.174781
-0.179869
-0.18494
-0.189975
-0.194949
-0.199829
-0.204574
-0.209133
-0.213446
-0.21744
-0.221033
-0.224125
-0.226606
-0.228351
-0.229222
-0.229072
-0.227743
-0.225076
-0.220915
-0.21512
-0.20757
-0.198185
-0.186934
-0.173856
-0.159069
-0.142781
-0.1253
-0.107031
-0.0884661
-0.070171
-0.0527581
-0.0368602
-0.0230863
-0.0119845
-0.00420102
-0.000618299
-0.000140945
-0.000958527
-0.00273693
-0.00528443
-0.00847643
-0.0122245
-0.0164378
-0.0210281
-0.0259139
-0.0310219
-0.0362869
-0.0416524
-0.0470705
-0.0525016
-0.0579137
-0.0632822
-0.0685888
-0.0738209
-0.078971
-0.0840361
-0.0890167
-0.0939165
-0.0987418
-0.103501
-0.108204
-0.112861
-0.117486
-0.122089
-0.126682
-0.131279
-0.135891
-0.140526
-0.145196
-0.149906
-0.154662
-0.159467
-0.16432
-0.169217
-0.174149
-0.179102
-0.184057
-0.188987
-0.193857
-0.198622
-0.203229
-0.20761
-0.211686
-0.215364
-0.218533
-0.221069
-0.22283
-0.223661
-0.223394
-0.221853
-0.218859
-0.214242
-0.207847
-0.199554
-0.189292
-0.177054
-0.162919
-0.147063
-0.129773
-0.111448
-0.0925932
-0.0738062
-0.0557498
-0.0391216
-0.0246051
-0.0128255
-0.00451774
-0.000671035
-0.000138668
-0.000945999
-0.0027035
-0.00521951
-0.008367
-0.0120538
-0.0161852
-0.0206694
-0.0254218
-0.0303666
-0.0354371
-0.040576
-0.0457353
-0.0508759
-0.0559671
-0.0609856
-0.0659152
-0.0707454
-0.0754712
-0.0800921
-0.0846114
-0.0890355
-0.0933735
-0.0976367
-0.101838
-0.105991
-0.110112
-0.114215
-0.118315
-0.12243
-0.126572
-0.130757
-0.134996
-0.139303
-0.143685
-0.148151
-0.152705
-0.157347
-0.162076
-0.166881
-0.171751
-0.176665
-0.181594
-0.186502
-0.19134
-0.19605
-0.200556
-0.204772
-0.208592
-0.211892
-0.214531
-0.21635
-0.217171
-0.216803
-0.215049
-0.211709
-0.206594
-0.199545
-0.190441
-0.179229
-0.165939
-0.150707
-0.133788
-0.115567
-0.096555
-0.0773753
-0.0587404
-0.0414156
-0.0261647
-0.0136983
-0.00484987
-0.000727223
-0.00013742
-0.000939923
-0.00268736
-0.00518566
-0.00830323
-0.0119424
-0.0160033
-0.020389
-0.0250111
-0.0297909
-0.0346597
-0.0395595
-0.0444422
-0.0492698
-0.0540128
-0.0586502
-0.0631679
-0.0675583
-0.0718192
-0.075953
-0.079966
-0.0838677
-0.0876705
-0.0913886
-0.0950381
-0.098636
-0.102201
-0.105751
-0.109305
-0.112881
-0.1165
-0.120177
-0.12393
-0.127774
-0.131723
-0.13579
-0.139982
-0.144306
-0.148766
-0.153358
-0.158075
-0.162905
-0.167825
-0.172806
-0.177809
-0.182781
-0.187656
-0.192353
-0.196773
-0.200798
-0.204288
-0.207082
-0.208999
-0.209836
-0.209377
-0.207399
-0.203679
-0.198015
-0.190237
-0.18024
-0.167998
-0.153595
-0.137245
-0.119308
-0.10029
-0.0808356
-0.0617032
-0.0437278
-0.0277588
-0.0146007
-0.00519732
-0.000787002
-0.000137561
-0.000942513
-0.00269443
-0.00519353
-0.00830099
-0.0119115
-0.015918
-0.0202171
-0.0247156
-0.0293312
-0.033993
-0.0386422
-0.0432312
-0.0477231
-0.0520905
-0.0563148
-0.0603851
-0.0642969
-0.0680513
-0.0716543
-0.0751155
-0.0784479
-0.0816672
-0.0847911
-0.0878388
-0.0908307
-0.0937883
-0.0967335
-0.0996883
-0.102675
-0.105715
-0.10883
-0.112041
-0.115366
-0.118824
-0.122432
-0.126202
-0.130146
-0.134273
-0.138585
-0.143083
-0.147759
-0.1526
-0.157583
-0.162678
-0.167841
-0.173015
-0.178127
-0.183087
-0.187783
-0.192081
-0.195823
-0.198825
-0.200879
-0.201755
-0.201205
-0.198979
-0.19483
-0.188541
-0.179946
-0.168958
-0.155601
-0.140035
-0.122582
-0.103731
-0.0841402
-0.064609
-0.0460422
-0.0293802
-0.0155309
-0.00556001
-0.000850528
-0.000139527
-0.000956414
-0.00273171
-0.00525568
-0.0083788
-0.0119855
-0.015959
-0.0201881
-0.0245733
-0.029028
-0.0334792
-0.0378672
-0.0421454
-0.0462784
-0.0502418
-0.0540201
-0.0576061
-0.0609992
-0.0642045
-0.0672319
-0.0700949
-0.0728105
-0.0753979
-0.0778784
-0.0802747
-0.0826107
-0.084911
-0.0872007
-0.0895053
-0.0918502
-0.0942604
-0.0967609
-0.0993756
-0.102128
-0.105039
-0.10813
-0.111419
-0.114923
-0.118654
-0.122622
-0.126833
-0.131286
-0.135976
-0.140889
-0.146001
-0.15128
-0.156677
-0.16213
-0.167559
-0.172861
-0.177911
-0.182557
-0.186617
-0.18988
-0.192107
-0.193035
-0.192382
-0.189865
-0.185216
-0.178207
-0.168683
-0.156598
-0.142045
-0.125294
-0.106806
-0.0872383
-0.0674257
-0.0483414
-0.0310216
-0.0164868
-0.00593795
-0.000917993
-0.000143844
-0.000984802
-0.00280756
-0.00538695
-0.00855838
-0.0121926
-0.0161605
-0.0203408
-0.0246265
-0.0289262
-0.0331643
-0.0372809
-0.0412305
-0.0449805
-0.0485099
-0.0518075
-0.0548705
-0.057703
-0.0603149
-0.0627204
-0.0649379
-0.0669882
-0.0688948
-0.0706826
-0.0723781
-0.0740087
-0.0756022
-0.0771871
-0.0787919
-0.0804453
-0.0821756
-0.0840108
-0.0859783
-0.0881049
-0.0904161
-0.0929363
-0.0956883
-0.0986927
-0.101968
-0.105529
-0.109387
-0.113549
-0.118017
-0.122785
-0.127839
-0.133154
-0.138694
-0.144409
-0.150228
-0.156061
-0.161794
-0.167284
-0.172356
-0.176802
-0.180379
-0.182809
-0.183791
-0.183005
-0.180133
-0.174885
-0.167034
-0.156452
-0.143155
-0.127344
-0.109437
-0.0900749
-0.0701188
-0.0506071
-0.0326754
-0.0174665
-0.00633133
-0.000989639
-0.00015116
-0.00103153
-0.00293201
-0.005605
-0.00886528
-0.0125658
-0.0165618
-0.0207195
-0.0249229
-0.0290751
-0.0330983
-0.0369325
-0.0405344
-0.0438751
-0.0469382
-0.0497177
-0.0522163
-0.0544438
-0.0564155
-0.0581512
-0.0596739
-0.0610093
-0.0621852
-0.0632308
-0.0641761
-0.0650521
-0.0658901
-0.0667217
-0.0675786
-0.0684924
-0.0694946
-0.0706161
-0.0718876
-0.0733389
-0.0749992
-0.0768964
-0.0790573
-0.0815068
-0.0842679
-0.087361
-0.0908034
-0.0946083
-0.0987842
-0.103334
-0.108252
-0.113524
-0.119125
-0.125016
-0.131141
-0.137422
-0.143758
-0.150019
-0.156042
-0.161625
-0.166527
-0.170466
-0.173121
-0.174143
-0.173168
-0.169846
-0.163871
-0.155027
-0.14324
-0.128628
-0.11154
-0.092591
-0.0726515
-0.05282
-0.034334
-0.0184685
-0.00674064
-0.00106579
-0.000162278
-0.00110129
-0.00311717
-0.00593089
-0.00932963
-0.0131434
-0.0172077
-0.0213737
-0.0255149
-0.0295284
-0.0333342
-0.0368733
-0.0401057
-0.0430075
-0.0455681
-0.0477883
-0.0496775
-0.0512521
-0.0525339
-0.0535487
-0.0543253
-0.0548944
-0.0552887
-0.0555414
-0.0556867
-0.0557591
-0.0557934
-0.0558242
-0.0558862
-0.0560139
-0.0562415
-0.056603
-0.0571317
-0.0578605
-0.0588216
-0.0600464
-0.0615651
-0.0634068
-0.0655987
-0.0681661
-0.0711316
-0.0745148
-0.0783309
-0.0825903
-0.087297
-0.0924467
-0.0980255
-0.104006
-0.110347
-0.116986
-0.123837
-0.130786
-0.137684
-0.144341
-0.150525
-0.155954
-0.160297
-0.163183
-0.164207
-0.162958
-0.159055
-0.152185
-0.142172
-0.12903
-0.113027
-0.0947226
-0.0749841
-0.0549601
-0.0359903
-0.0194923
-0.00716682
-0.00114688
-0.000178211
-0.0011999
-0.0033778
-0.00638995
-0.00998709
-0.0139699
-0.0181498
-0.0223594
-0.0264603
-0.0303434
-0.0339273
-0.0371551
-0.0399917
-0.0424197
-0.0444366
-0.0460509
-0.0472806
-0.0481498
-0.0486878
-0.0489273
-0.0489032
-0.0486523
-0.0482118
-0.0476199
-0.0469146
-0.0461342
-0.0453166
-0.0444996
-0.0437206
-0.0430169
-0.0424252
-0.041982
-0.0417233
-0.0416845
-0.0419008
-0.0424064
-0.0432349
-0.0444187
-0.0459892
-0.0479761
-0.050407
-0.0533072
-0.0566985
-0.0605988
-0.0650206
-0.0699697
-0.0754432
-0.0814271
-0.0878936
-0.0947966
-0.102068
-0.109611
-0.117296
-0.12495
-0.132354
-0.139233
-0.145257
-0.150037
-0.153137
-0.154093
-0.152444
-0.147782
-0.139812
-0.128432
-0.113801
-0.0964009
-0.0770745
-0.0570069
-0.0376382
-0.0205383
-0.00761151
-0.00123354
-0.000200243
-0.00133458
-0.00373197
-0.00701274
-0.01088
-0.0150974
-0.0194465
-0.0237383
-0.0278213
-0.0315802
-0.0349332
-0.0378276
-0.0402352
-0.0421476
-0.0435718
-0.0445268
-0.04504
-0.0451451
-0.0448799
-0.0442849
-0.0434019
-0.0422736
-0.040943
-0.0394527
-0.037845
-0.0361616
-0.0344438
-0.0327321
-0.0310668
-0.0294873
-0.0280328
-0.0267419
-0.0256531
-0.024804
-0.0242322
-0.0239745
-0.0240674
-0.0245465
-0.0254466
-0.0268016
-0.0286436
-0.0310032
-0.0339083
-0.0373839
-0.0414507
-0.046124
-0.0514119
-0.0573134
-0.063815
-0.0708876
-0.0784812
-0.0865199
-0.0948944
-0.103454
-0.111999
-0.12027
-0.127943
-0.134624
-0.139855
-0.143123
-0.143897
-0.141667
-0.136016
-0.126703
-0.113755
-0.0975501
-0.0788771
-0.0589396
-0.0392729
-0.0216087
-0.00807738
-0.0013266
-0.000230031
-0.0015144
-0.00420201
-0.00783631
-0.0120585
-0.0165859
-0.0211639
-0.0255785
-0.0296637
-0.0332993
-0.036405
-0.0389348
-0.0408703
-0.0422148
-0.0429877
-0.0432201
-0.0429514
-0.0422258
-0.0410911
-0.0395962
-0.0377908
-0.035724
-0.0334443
-0.0309993
-0.0284353
-0.0257976
-0.0231305
-0.0204772
-0.0178803
-0.0153815
-0.0130218
-0.0108419
-0.00888205
-0.00718197
-0.00578118
-0.00471885
-0.00403381
-0.00376452
-0.00394891
-0.00462432
-0.00582717
-0.00759275
-0.00995469
-0.0129445
-0.0165905
-0.0209172
-0.0259434
-0.0316804
-0.0381293
-0.0452778
-0.0530953
-0.0615275
-0.070489
-0.0798543
-0.0894479
-0.0990333
-0.108302
-0.116866
-0.124254
-0.12992
-0.133265
-0.133683
-0.130625
-0.123699
-0.112773
-0.0980859
-0.0803417
-0.0607369
-0.0408918
-0.0227084
-0.00856853
-0.00142728
-0.00026973
-0.00175089
-0.00481564
-0.00890571
-0.0135824
-0.0185051
-0.0233759
-0.0279526
-0.0320546
-0.0355584
-0.0383884
-0.0405091
-0.0419155
-0.042626
-0.0426754
-0.0421097
-0.0409821
-0.0393493
-0.0372699
-0.0348026
-0.0320049
-0.028933
-0.0256413
-0.0221819
-0.0186054
-0.0149603
-0.0112939
-0.00765163
-0.00407815
-0.000616962
0.00268914
0.005798
0.00866787
0.0112574
0.0135253
0.0154307
0.0169326
0.0179903
0.0185631
0.0186105
0.0180925
0.0169693
0.0152023
0.0127539
0.00958858
0.00567345
0.000979609
-0.0045162
-0.0108293
-0.017964
-0.0259092
-0.0346332
-0.0440759
-0.0541399
-0.0646793
-0.0754866
-0.0862784
-0.0966828
-0.10623
-0.114351
-0.120394
-0.12366
-0.12347
-0.119262
-0.110721
-0.0979122
-0.0814118
-0.0623765
-0.0424948
-0.0238454
-0.00909107
-0.00153729
-0.000322185
-0.00205878
-0.00560755
-0.010276
-0.0155222
-0.0209344
-0.0261635
-0.0309359
-0.0350581
-0.0384062
-0.0409144
-0.0425622
-0.0433632
-0.0433549
-0.0425914
-0.0411363
-0.0390588
-0.0364298
-0.03332
-0.0297983
-0.025931
-0.0217814
-0.0174095
-0.0128724
-0.00822426
-0.00351691
0.00120012
0.00587915
0.010474
0.0149396
0.0192321
0.0233081
0.0271246
0.0306392
0.0338093
0.0365926
0.0389464
0.040828
0.0421946
0.0430029
0.0432096
0.0427712
0.0416444
0.0397862
0.0371545
0.0337087
0.0294103
0.0242249
0.0181237
0.0110863
0.00310441
-0.0058128
-0.0156317
-0.0262852
-0.0376605
-0.0495849
-0.0618089
-0.0739883
-0.0856682
-0.096274
-0.105115
-0.111412
-0.114356
-0.11321
-0.107446
-0.0969156
-0.082021
-0.0638338
-0.044085
-0.0250324
-0.00965401
-0.00165906
-0.000391202
-0.00245716
-0.00662143
-0.0120142
-0.0179614
-0.0239635
-0.0296122
-0.0346017
-0.038728
-0.0418731
-0.0439873
-0.0450722
-0.0451655
-0.0443295
-0.0426413
-0.0401855
-0.0370496
-0.0333203
-0.0290815
-0.0244131
-0.0193902
-0.0140831
-0.00855761
-0.00287523
0.00290634
0.00873271
0.0145523
0.0203159
0.025976
0.0314868
0.0368035
0.0418819
0.0466784
0.0511499
0.055253
0.0589441
0.0621795
0.064915
0.0671057
0.0687063
0.0696706
0.0699518
0.0695025
0.068275
0.0662211
0.063293
0.059444
0.054629
0.0488066
0.0419411
0.0340057
0.0249875
0.0148932
0.00375879
-0.00833896
-0.0212671
-0.0348176
-0.0486853
-0.0624456
-0.0755354
-0.0872449
-0.0967311
-0.103066
-0.105329
-0.102762
-0.0949581
-0.0820875
-0.0650797
-0.0456688
-0.0262884
-0.0102704
-0.00179611
-0.00048196
-0.00297104
-0.00791265
-0.0142026
-0.0209972
-0.0276905
-0.0338081
-0.0390128
-0.0430966
-0.0459564
-0.0475679
-0.0479635
-0.0472128
-0.0454088
-0.0426561
-0.0390639
-0.0347402
-0.0297889
-0.024308
-0.0183886
-0.0121145
-0.0055631
0.00119468
0.00809339
0.0150725
0.0220754
0.0290493
0.0359438
0.042711
0.0493046
0.0556793
0.0617911
0.067596
0.0730505
0.078111
0.0827332
0.0868726
0.090484
0.093521
0.0959365
0.0976821
0.098708
0.0989636
0.0983965
0.0969537
0.0945809
0.0912235
0.0868272
0.081339
0.0747089
0.066893
0.0578566
0.0475808
0.0360699
0.0233631
0.0095501
-0.0052091
-0.020659
-0.0364201
-0.0519608
-0.066575
-0.079379
-0.0893417
-0.095367
-0.0964438
-0.0918661
-0.081506
-0.066076
-0.0472561
-0.0276404
-0.0109591
-0.00195352
-0.000601654
-0.00363365
-0.00955201
-0.0169415
-0.0247413
-0.0322187
-0.0388285
-0.0442076
-0.0481555
-0.0505971
-0.0515467
-0.0510785
-0.0493034
-0.0463516
-0.0423606
-0.0374672
-0.031802
-0.0254873
-0.0186354
-0.0113484
-0.00371861
0.00417044
0.0122433
0.0204315
0.0286723
0.0369082
0.0450854
0.0531535
0.0610646
0.0687726
0.0762329
0.0834015
0.090235
0.09669
0.102723
0.10829
0.113345
0.117844
0.121738
0.124979
0.127518
0.129301
0.130276
0.130386
0.129574
0.12778
0.124943
0.121
0.115887
0.109543
0.101906
0.0929231
0.0825498
0.0707597
0.0575544
0.0429778
0.0271372
0.0102291
-0.00742668
-0.0253504
-0.0428661
-0.0590787
-0.0728809
-0.0830139
-0.0882074
-0.087414
-0.0801336
-0.0667677
-0.0488581
-0.0291262
-0.0117474
-0.00213883
-0.000760541
-0.00448999
-0.0116307
-0.0203525
-0.0293182
-0.0376478
-0.044726
-0.0501768
-0.0538258
-0.0556452
-0.0557052
-0.0541361
-0.0511003
-0.0467732
-0.0413297
-0.0349372
-0.0277505
-0.0199104
-0.011543
-0.00276096
0.00633617
0.0156599
0.0251316
0.0346809
0.0442442
0.0537639
0.0631867
0.0724629
0.0815455
0.0903897
0.0989517
0.107189
0.115059
0.122518
0.129525
0.136036
0.142005
0.147387
0.152134
0.156196
0.159523
0.16206
0.163752
0.16454
0.164362
0.163154
0.160849
0.157377
0.152666
0.146641
0.139229
0.130357
0.119958
0.107977
0.0943783
0.0791597
0.0623723
0.0441467
0.0247297
0.00452846
-0.01584
-0.0355046
-0.0533184
-0.0678883
-0.0776898
-0.0813009
-0.0777694
-0.0670691
-0.0504839
-0.030797
-0.0126749
-0.00236346
-0.000973723
-0.00560224
-0.0142671
-0.0245819
-0.0348598
-0.0440573
-0.0515001
-0.0568242
-0.0599107
-0.0608062
-0.059659
-0.0566724
-0.0520721
-0.0460859
-0.0389308
-0.0308064
-0.0218917
-0.0123454
-0.00230621
0.00810499
0.0187831
0.0296368
0.0405859
0.0515601
0.0624967
0.0733393
0.0840363
0.0945402
0.104806
0.114791
0.124453
0.133752
0.142647
0.151096
0.159059
0.166493
0.173353
0.179593
0.185168
0.190026
0.194116
0.197383
0.19977
0.201215
0.201654
0.20102
0.199239
0.196237
0.191934
0.186247
0.179087
0.170369
0.160004
0.147909
0.134015
0.118275
0.100682
0.0812962
0.0602798
0.0379483
0.0148296
-0.00826973
-0.0302115
-0.0495129
-0.0644198
-0.0731175
-0.0741227
-0.0668406
-0.0521306
-0.0327206
-0.0138002
-0.00264516
-0.00126432
-0.00705858
-0.0176164
-0.0298011
-0.0414907
-0.0514738
-0.0590477
-0.0639043
-0.066023
-0.0655619
-0.0627752
-0.0579578
-0.0514109
-0.0434209
-0.0342491
-0.0241272
-0.0132571
-0.00181221
0.0100592
0.0222311
0.0345961
0.0470628
0.0595526
0.0719973
0.0843372
0.0965195
0.108496
0.120222
0.131657
0.142761
0.153496
0.163823
0.173704
0.183101
0.191974
0.200282
0.207982
0.215031
0.22138
0.226982
0.231784
0.235731
0.238765
0.240822
0.241838
0.241741
0.240455
0.237902
0.233994
0.22864
0.221745
0.213207
0.202921
0.19078
0.176684
0.160542
0.142291
0.121919
0.0994961
0.0752288
0.0495266
0.0230863
-0.00302095
-0.0272871
-0.0477796
-0.0622989
-0.0687633
-0.0658491
-0.0537642
-0.0349831
-0.01521
-0.00301257
-0.00166934
-0.00898764
-0.0218819
-0.036201
-0.0492956
-0.0598109
-0.0670797
-0.07092
-0.0714723
-0.0690533
-0.0640548
-0.0568833
-0.0479245
-0.0375269
-0.0259949
-0.0135887
-0.000527778
0.0130047
0.0268565
0.0409014
0.0550347
0.0691689
0.0832306
0.0971573
0.110895
0.124397
0.13762
0.150525
0.163077
0.17524
0.18698
0.198262
0.209054
0.219318
0.229018
0.238116
0.246571
0.254341
0.26138
0.26764
0.273071
0.277616
0.281219
0.283815
0.285338
0.285716
0.284871
0.28272
0.279173
0.274133
0.267496
0.25915
0.248976
0.236847
0.222635
0.206212
0.187462
0.166298
0.142698
0.116744
0.0887019
0.059112
0.0289106
-0.000454342
-0.0269565
-0.0480605
-0.0610486
-0.0637014
-0.0552799
-0.0376843
-0.0170354
-0.00351344
-0.00225081
-0.0115823
-0.0273281
-0.0439689
-0.058251
-0.0687579
-0.0749764
-0.0769598
-0.0750937
-0.0699097
-0.0619704
-0.0518086
-0.0398987
-0.0266476
-0.0123954
0.00257822
0.0180458
0.0338238
0.0497643
0.0657486
0.0816809
0.0974835
0.113093
0.128456
0.143529
0.158273
0.172653
0.186638
0.200198
0.213306
0.225932
0.238047
0.249621
0.260623
0.271021
0.280778
0.289857
0.298219
0.30582
0.312614
0.318551
0.323578
0.327637
0.330666
0.332598
0.33336
0.332875
0.331058
0.327815
0.323048
0.316647
0.308493
0.298455
0.286392
0.272153
0.255575
0.236496
0.214763
0.190256
0.16293
0.132883
0.100458
0.0663817
0.0319367
-0.000881868
-0.0293094
-0.0500136
-0.059734
-0.0564241
-0.0409185
-0.019473
-0.00422972
-0.00311712
-0.0151381
-0.034286
-0.053223
-0.0680809
-0.0775741
-0.0815449
-0.080439
-0.0749917
-0.0660082
-0.0542466
-0.0403697
-0.0249316
-0.00838223
0.00891981
0.0266926
0.0447165
0.0628215
0.0808762
0.0987796
0.116453
0.133836
0.150881
0.16755
0.18381
0.199636
0.215004
0.229892
0.24428
0.258146
0.271469
0.284226
0.296393
0.307943
0.318849
0.329079
0.338599
0.347373
0.35536
0.362517
0.368796
0.374147
0.378513
0.381834
0.384044
0.385072
0.384841
0.383266
0.380254
0.375705
0.369507
0.361536
0.351655
0.339713
0.325539
0.308948
0.289736
0.267688
0.242598
0.214291
0.182687
0.147893
0.110356
0.0710733
0.0318412
-0.00452944
-0.0342115
-0.0528317
-0.0566452
-0.0447131
-0.0228124
-0.00530431
-0.00446312
-0.0201104
-0.0431228
-0.0638429
-0.0779631
-0.084714
-0.0846109
-0.0786978
-0.0681699
-0.0541478
-0.0375857
-0.0192542
0.000244603
0.0204507
0.0410184
0.0616913
0.082281
0.10265
0.1227
0.14236
0.161579
0.180322
0.198562
0.216281
0.233465
0.250102
0.266183
0.281697
0.296634
0.310982
0.324728
0.337856
0.350349
0.362186
0.373343
0.383796
0.393513
0.402462
0.410608
0.417909
0.424321
0.429797
0.434283
0.437722
0.440051
0.4412
0.441096
0.439654
0.436786
0.432391
0.426358
0.418563
0.408866
0.397111
0.383115
0.366676
0.347559
0.325501
0.300217
0.271413
0.238829
0.202318
0.161987
0.118422
0.0730198
0.0283643
-0.0114883
-0.041139
-0.0548113
-0.0488706
-0.02745
-0.00698399
-0.00664081
-0.0271804
-0.0540932
-0.0750565
-0.0859282
-0.0871487
-0.080351
-0.0673991
-0.0500214
-0.0296413
-0.0073553
0.0160251
0.0399155
0.063904
0.0877066
0.111131
0.134051
0.156386
0.178088
0.19913
0.2195
0.239193
0.258214
0.276567
0.294258
0.311295
0.327681
0.343422
0.358516
0.372964
0.386759
0.399896
0.412362
0.424143
0.435222
0.445579
0.455187
0.464019
0.472043
0.479222
0.485516
0.490881
0.495268
0.498623
0.500888
0.501996
0.501877
0.500454
0.497639
0.493337
0.48744
0.479827
0.470361
0.458884
0.445212
0.429132
0.41039
0.388689
0.363682
0.334976
0.302146
0.264791
0.222642
0.175771
0.124955
0.072197
0.0213237
-0.0216076
-0.0486963
-0.0525924
-0.0338227
-0.00967146
-0.0102534
-0.037237
-0.0668212
-0.0844548
-0.0876596
-0.0791762
-0.0622487
-0.0396896
-0.0137025
0.0141194
0.0426846
0.0712735
0.0994284
0.126871
0.153442
0.179061
0.203699
0.227354
0.250048
0.271808
0.29267
0.312667
0.331836
0.350207
0.367809
0.384667
0.400802
0.41623
0.430964
0.445012
0.458379
0.471063
0.483061
0.494365
0.504963
0.51484
0.523974
0.532343
0.539919
0.546671
0.552562
0.557554
0.561601
0.564656
0.566663
0.567564
0.567294
0.56578
0.562942
0.558692
0.552928
0.545537
0.536388
0.525329
0.51218
0.496728
0.478714
0.457823
0.433671
0.405791
0.373629
0.336556
0.293934
0.245264
0.190517
0.130711
0.0687909
0.0106773
-0.0340641
-0.0536152
-0.0420303
-0.0139094
-0.016137
-0.05085
-0.078686
-0.0857181
-0.0741937
-0.0504708
-0.0196249
0.0147988
0.0504665
0.085951
0.12044
0.153512
0.18498
0.214801
0.243008
0.269676
0.294897
0.31877
0.341391
0.362851
0.383232
0.402608
0.421045
0.438598
0.455317
0.471243
0.486411
0.500848
0.514578
0.527615
0.539972
0.551654
0.562665
0.573
0.582652
0.591612
0.599863
0.607387
0.61416
0.620156
0.625345
0.629691
0.633157
0.635699
0.63727
0.637817
0.637283
0.635603
0.632707
0.628514
0.622934
0.615865
0.607187
0.59676
0.584417
0.569955
0.553124
0.533612
0.511024
0.48486
0.454483
0.419103
0.37777
0.329443
0.273195
0.208713
0.137279
0.0634012
-0.00311662
-0.0463521
-0.050534
-0.0199788
-0.0246197
-0.0658484
-0.0802486
-0.0636468
-0.0278681
0.0167053
0.0640079
0.110712
0.155146
0.196621
0.234983
0.27034
0.30292
0.33299
0.360813
0.386637
0.410681
0.433138
0.454173
0.473931
0.492531
0.510077
0.526658
0.542347
0.557206
0.571288
0.584635
0.597283
0.609258
0.620583
0.631274
0.64134
0.650787
0.659616
0.667824
0.675404
0.682345
0.688631
0.694245
0.699165
0.703365
0.706818
0.70949
0.711345
0.712345
0.712444
0.711594
0.709742
0.706826
0.70278
0.697527
0.690979
0.683032
0.673566
0.662435
0.649457
0.634407
0.616997
0.596855
0.573491
0.546257
0.514292
0.476464
0.431324
0.377145
0.312159
0.235327
0.148143
0.057876
-0.0183951
-0.0528658
-0.026221
-0.0312984
-0.0687255
-0.0436691
0.0154808
0.0836912
0.150396
0.211713
0.266463
0.314781
0.357342
0.394954
0.428381
0.458287
0.485232
0.509673
0.531985
0.552471
0.571379
0.588912
0.605234
0.620483
0.634769
0.648187
0.660812
0.67271
0.683931
0.694519
0.704509
0.713929
0.722799
0.731136
0.738951
0.74625
0.753037
0.75931
0.765065
0.770294
0.774985
0.779125
0.782698
0.785683
0.788058
0.789799
0.790878
0.791263
0.790921
0.789813
0.787899
0.78513
0.781455
0.776814
0.771138
0.764346
0.756342
0.747008
0.736198
0.723727
0.709356
0.69277
0.673543
0.651095
0.624622
0.592998
0.554646
0.507385
0.44832
0.374025
0.281701
0.172055
0.0556964
-0.0301862
-0.0232113
-0.000660258
0.000353833
0.104336
0.217911
0.312109
0.388138
0.449794
0.500027
0.541366
0.575886
0.60516
0.630353
0.652327
0.671727
0.689037
0.704629
0.718785
0.731729
0.743634
0.754641
0.764861
0.774384
0.783284
0.79162
0.799442
0.806788
0.813692
0.820179
0.82627
0.831981
0.837324
0.842306
0.846933
0.851207
0.855128
0.858691
0.861893
0.864726
0.86718
0.869244
0.870906
0.872149
0.872959
0.873315
0.873198
0.872585
0.871452
0.86977
0.86751
0.864636
0.861109
0.856885
0.851908
0.846115
0.839426
0.831742
0.822936
0.812843
0.801241
0.787827
0.772181
0.753701
0.731512
0.704311
0.670123
0.62591
0.567062
0.487049
0.376957
0.228427
0.0726433
0.0309694
0.292184
0.379306
0.530608
0.644333
0.714301
0.760023
0.792318
0.816136
0.834343
0.848766
0.860553
0.870433
0.878888
0.886247
0.892743
0.898544
0.903775
0.908531
0.912884
0.916891
0.920598
0.924039
0.927243
0.930234
0.93303
0.935646
0.938095
0.940386
0.942526
0.944522
0.946376
0.948093
0.949673
0.951117
0.952424
0.953593
0.954621
0.955505
0.956241
0.956824
0.95725
0.957513
0.957605
0.95752
0.95725
0.956786
0.956119
0.955239
0.954133
0.95279
0.951193
0.949326
0.947168
0.944694
0.941874
0.938668
0.935026
0.930883
0.926149
0.920703
0.914373
0.90691
0.897944
0.886903
0.872863
0.854247
0.828214
0.789432
0.726146
0.611349
0.435852
0.317985
)
;

boundaryField
{
    movingWall
    {
        type            calculated;
        value           uniform 1;
    }
    fixedWalls
    {
        type            calculated;
        value           uniform 0;
    }
    frontAndBack
    {
        type            empty;
    }
}


// ************************************************************************* //
