/*--------------------------------*- C++ -*----------------------------------*\
  =========                 |
  \\      /  F ield         | OpenFOAM: The Open Source CFD Toolbox
   \\    /   O peration     | Website:  https://openfoam.org
    \\  /    A nd           | Version:  dev
     \\/     M anipulation  |
\*---------------------------------------------------------------------------*/
FoamFile
{
    format      ascii;
    class       volScalarField;
    location    "14.4";
    object      Uy;
}
// * * * * * * * * * * * * * * * * * * * * * * * * * * * * * * * * * * * * * //

dimensions      [0 1 -1 0 0 0 0];

internalField   nonuniform List<scalar> 
5184
(
-1.24712e-05
-2.06893e-05
-1.71116e-05
-8.09919e-06
2.73809e-06
1.36585e-05
2.38643e-05
3.30408e-05
4.10772e-05
4.79778e-05
5.38027e-05
5.86374e-05
6.25747e-05
6.57042e-05
6.8111e-05
6.98699e-05
7.10453e-05
7.16905e-05
7.18451e-05
7.15393e-05
7.07919e-05
6.96133e-05
6.80061e-05
6.59677e-05
6.34917e-05
6.05681e-05
5.71866e-05
5.33371e-05
4.90126e-05
4.42104e-05
3.89329e-05
3.31892e-05
2.69966e-05
2.03814e-05
1.33789e-05
6.03472e-06
-1.5953e-06
-9.44529e-06
-1.74391e-05
-2.54904e-05
-3.3505e-05
-4.13818e-05
-4.90144e-05
-5.62918e-05
-6.31017e-05
-6.93328e-05
-7.48766e-05
-7.963e-05
-8.34986e-05
-8.63987e-05
-8.82599e-05
-8.90271e-05
-8.86622e-05
-8.71454e-05
-8.44759e-05
-8.06729e-05
-7.57755e-05
-6.98423e-05
-6.29507e-05
-5.51966e-05
-4.6694e-05
-3.75748e-05
-2.79928e-05
-1.81298e-05
-8.21103e-06
1.46809e-06
1.0487e-05
1.821e-05
2.36281e-05
2.50529e-05
1.98038e-05
6.24235e-06
-4.54369e-05
-6.51772e-05
-4.01028e-05
7.9792e-06
6.58971e-05
0.000126071
0.000184239
0.000238149
0.000286674
0.000329373
0.000366206
0.000397364
0.000423156
0.000443947
0.000460116
0.000472019
0.000479976
0.000484265
0.000485107
0.000482674
0.000477087
0.000468421
0.000456717
0.000441983
0.000424208
0.000403369
0.000379444
0.000352412
0.000322276
0.000289062
0.000252832
0.000213686
0.000171775
0.000127301
8.05236e-05
3.17601e-05
-1.86118e-05
-7.01556e-05
-0.000122378
-0.000174733
-0.000226628
-0.000277432
-0.000326488
-0.000373118
-0.000416639
-0.000456378
-0.000491684
-0.000521943
-0.000546596
-0.000565147
-0.000577185
-0.000582391
-0.000580549
-0.000571556
-0.000555425
-0.000532296
-0.00050243
-0.000466214
-0.000424163
-0.000376913
-0.000325232
-0.00027002
-0.000212334
-0.000153423
-9.47926e-05
-3.83204e-05
1.3546e-05
5.75075e-05
8.89833e-05
0.00010149
8.62726e-05
3.64217e-05
-8.08344e-05
-9.42301e-05
-1.83484e-05
0.000106519
0.000254943
0.000410533
0.000563011
0.000706259
0.000836842
0.000953064
0.00105433
0.00114074
0.0012128
0.00127124
0.00131688
0.00135053
0.00137297
0.00138486
0.00138678
0.00137915
0.00136232
0.0013365
0.00130182
0.00125835
0.0012061
0.00114505
0.0010752
0.000996558
0.000909197
0.00081325
0.00070895
0.000596638
0.000476789
0.000350015
0.00021708
7.89034e-05
-6.34372e-05
-0.00020871
-0.000355537
-0.000502406
-0.000647685
-0.000789648
-0.000926497
-0.0010564
-0.0011775
-0.00128798
-0.00138611
-0.00147023
-0.00153885
-0.00159065
-0.00162454
-0.00163967
-0.0016355
-0.00161174
-0.00156848
-0.00150612
-0.00142539
-0.00132739
-0.00121356
-0.0010857
-0.000945986
-0.000796969
-0.000641648
-0.000483544
-0.000326845
-0.000176626
-3.91881e-05
7.74719e-05
0.000163082
0.000204501
0.000185643
9.01576e-05
-9.71699e-05
-7.21171e-05
8.57654e-05
0.000318995
0.000590192
0.000873824
0.00115292
0.00141674
0.00165883
0.00187567
0.00206571
0.00222871
0.00236523
0.0024763
0.00256319
0.00262722
0.00266967
0.0026917
0.00269428
0.00267819
0.00264405
0.00259226
0.00252311
0.00243675
0.00233327
0.0022127
0.0020751
0.00192059
0.00174937
0.00156179
0.00135837
0.00113984
0.000907184
0.000661625
0.000404676
0.000138133
-0.000135921
-0.000415125
-0.00069685
-0.000978229
-0.00125618
-0.00152747
-0.00178872
-0.0020365
-0.00226737
-0.00247795
-0.00266501
-0.00282549
-0.00295664
-0.00305601
-0.00312161
-0.00315189
-0.00314581
-0.00310294
-0.00302341
-0.00290801
-0.00275815
-0.00257594
-0.00236411
-0.00212611
-0.00186608
-0.00158889
-0.00130025
-0.0010068
-0.000716338
-0.000438118
-0.000183258
3.46671e-05
0.000198978
0.000289321
0.00028144
0.000146827
-8.37351e-05
2.2027e-05
0.000296399
0.000668384
0.00109034
0.00152846
0.0019594
0.00236773
0.00274379
0.00308194
0.00337944
0.00363547
0.00385049
0.00402574
0.00416288
0.00426371
0.00433002
0.00436347
0.00436547
0.00433719
0.00427954
0.00419318
0.00407857
0.003936
0.00376567
0.00356774
0.00334239
0.00308989
0.0028107
0.00250546
0.00217512
0.00182096
0.00144461
0.00104812
0.000633966
0.000205054
-0.000235264
-0.000683214
-0.00113462
-0.00158494
-0.00202932
-0.00246265
-0.00287967
-0.003275
-0.00364328
-0.00397923
-0.00427782
-0.00453432
-0.00474442
-0.00490437
-0.00501105
-0.00506206
-0.00505585
-0.00499171
-0.00486991
-0.00469169
-0.00445931
-0.00417608
-0.00384637
-0.00347562
-0.00307038
-0.00263836
-0.00218854
-0.00173128
-0.00127862
-0.000844561
-0.000445555
-0.000101117
0.000165469
0.000326525
0.000349374
0.000193448
-3.68184e-05
0.000198408
0.000627511
0.00117003
0.00177019
0.00238728
0.00299235
0.00356567
0.00409445
0.00457096
0.00499113
0.00535348
0.00565827
0.00590684
0.00610118
0.00624354
0.0063362
0.00638129
0.00638067
0.00633591
0.00624825
0.0061186
0.00594765
0.00573586
0.00548359
0.00519116
0.00485895
0.00448749
0.00407754
0.00363018
0.0031469
0.00262965
0.0020809
0.00150369
0.000901651
0.000279023
-0.000359343
-0.00100801
-0.001661
-0.00231181
-0.00295355
-0.00357897
-0.00418058
-0.00475078
-0.00528202
-0.00576685
-0.00619816
-0.00656929
-0.0068742
-0.00710759
-0.00726507
-0.00734327
-0.00734
-0.00725429
-0.00708651
-0.00683843
-0.00651329
-0.00611578
-0.00565211
-0.00513004
-0.00455888
-0.00394957
-0.00331478
-0.00266907
-0.00202913
-0.00141409
-0.000846033
-0.000350592
4.23285e-05
0.000297858
0.000375267
0.000223607
4.47473e-05
0.000461982
0.00108696
0.00183325
0.0026392
0.00345873
0.00425833
0.00501464
0.00571211
0.00634109
0.00689629
0.00737555
0.00777888
0.00810773
0.00836434
0.00855137
0.00867156
0.0087275
0.00872149
0.00865548
0.00853104
0.00834939
0.00811142
0.00781782
0.00746915
0.00706595
0.00660884
0.00609869
0.00553666
0.00492436
0.00426394
0.00355816
0.00281045
0.00202502
0.00120683
0.000361635
-0.000504011
-0.0013828
-0.00226671
-0.00314708
-0.00401471
-0.00485997
-0.00567292
-0.00644349
-0.00716166
-0.0078176
-0.00840189
-0.00890573
-0.00932111
-0.00964103
-0.00985967
-0.00997257
-0.00997678
-0.00987102
-0.00965575
-0.00933333
-0.008908
-0.00838599
-0.00777554
-0.00708694
-0.00633252
-0.00552677
-0.00468637
-0.00383037
-0.00298041
-0.00216101
-0.00140006
-0.000729307
-0.000185176
0.000190618
0.000350057
0.000233891
0.000160942
0.000814585
0.0016785
0.00266303
0.00370272
0.0047477
0.00576109
0.00671669
0.00759677
0.00839011
0.0090904
0.00969493
0.0102035
0.0106177
0.01094
0.0111734
0.0113212
0.0113863
0.0113715
0.0112791
0.011111
0.0108687
0.0105533
0.0101659
0.00970707
0.00917775
0.00857884
0.00791158
0.00717764
0.00637925
0.00551931
0.00460149
0.00363035
0.00261137
0.00155099
0.000456652
-0.000663223
-0.00179928
-0.00294127
-0.00407816
-0.00519827
-0.00628934
-0.00733881
-0.00833391
-0.00926193
-0.0101104
-0.0108675
-0.011522
-0.0120638
-0.0124839
-0.012775
-0.0129313
-0.0129491
-0.0128267
-0.0125645
-0.0121656
-0.0116352
-0.0109811
-0.0102137
-0.00934612
-0.00839378
-0.00737493
-0.00631053
-0.00522433
-0.00414313
-0.003097
-0.00211964
-0.00124895
-0.000527619
-3.75873e-06
0.000268208
0.000222605
0.000311125
0.00125611
0.00240305
0.00366118
0.00496301
0.0062564
0.00750222
0.00867238
0.00974762
0.0107156
0.0115694
0.0123058
0.0129248
0.0134278
0.0138179
0.0140983
0.0142728
0.0143447
0.0143171
0.0141929
0.0139742
0.0136628
0.0132601
0.0127673
0.0121855
0.0115157
0.0107592
0.00991772
0.00899352
0.00798947
0.00690934
0.00575781
0.00454064
0.00326471
0.00193808
0.000569977
-0.00082916
-0.00224778
-0.00367326
-0.00509204
-0.00648976
-0.0078514
-0.00916154
-0.0104046
-0.0115649
-0.0126272
-0.013577
-0.0144004
-0.0150851
-0.01562
-0.015996
-0.0162059
-0.0162451
-0.0161112
-0.0158048
-0.0153293
-0.014691
-0.0138996
-0.0129674
-0.0119104
-0.0107473
-0.00950049
-0.00819513
-0.00685993
-0.00552696
-0.00423192
-0.00301441
-0.00191832
-0.000992425
-0.000290764
0.000126633
0.000189107
0.000494388
0.0017853
0.00325971
0.00482731
0.00642005
0.00798483
0.00948145
0.0108808
0.0121629
0.0133148
0.0143292
0.015203
0.0159361
0.0165304
0.0169893
0.0173164
0.0175159
0.0175917
0.0175473
0.0173857
0.0171096
0.0167209
0.0162214
0.0156125
0.0148955
0.0140718
0.0131432
0.0121117
0.0109803
0.00975265
0.0084333
0.00702809
0.00554405
0.00398954
0.00237432
0.000709536
-0.000992277
-0.00271725
-0.00445026
-0.00617508
-0.00787453
-0.00953069
-0.0111251
-0.0126391
-0.0140541
-0.0153517
-0.0165145
-0.0175261
-0.0183712
-0.0190368
-0.0195116
-0.0197869
-0.019857
-0.0197188
-0.0193727
-0.0188226
-0.0180758
-0.0171434
-0.0160403
-0.014785
-0.0134
-0.0119113
-0.0103489
-0.0087463
-0.00714109
-0.00557464
-0.00409243
-0.00274432
-0.00158495
-0.000673918
-7.62686e-05
0.00013332
0.000709697
0.00240026
0.0042464
0.00615944
0.00807202
0.00993124
0.0116969
0.0133398
0.0148397
0.016184
0.0173653
0.018381
0.0192312
0.0199184
0.0204463
0.0208193
0.0210418
0.0211182
0.0210526
0.0208482
0.020508
0.0200342
0.019429
0.0186939
0.0178306
0.0168408
0.0157267
0.0144909
0.0131368
0.011669
0.010093
0.00841581
0.00664569
0.00479261
0.00286806
0.000885164
-0.00114134
-0.0031952
-0.00525869
-0.00731281
-0.00933746
-0.0113116
-0.0132138
-0.0150219
-0.0167143
-0.0182693
-0.0196665
-0.0208862
-0.0219107
-0.0227243
-0.0233136
-0.023668
-0.0237805
-0.023647
-0.0232678
-0.0226469
-0.0217926
-0.0207176
-0.0194388
-0.0179778
-0.0163604
-0.0146167
-0.0127813
-0.010893
-0.0089947
-0.00713355
-0.00536099
-0.0037328
-0.00230936
-0.00115565
-0.000341326
5.54147e-05
0.000955976
0.00309868
0.00536023
0.00765448
0.00991577
0.0120924
0.0141452
0.0160456
0.0177742
0.0193189
0.020673
0.0218344
0.0228041
0.0235852
0.0241819
0.0245994
0.0248425
0.0249163
0.024825
0.0245725
0.024162
0.023596
0.0228769
0.0220065
0.0209867
0.0198197
0.0185079
0.0170547
0.015464
0.0137411
0.0118927
0.00992668
0.00785287
0.00568274
0.00342956
0.0011085
-0.00126351
-0.00366772
-0.00608378
-0.00848982
-0.0108627
-0.0131783
-0.0154116
-0.0175375
-0.0195306
-0.0213661
-0.02302
-0.0244696
-0.0256941
-0.0266749
-0.0273961
-0.0278454
-0.0280137
-0.0278962
-0.0274924
-0.0268065
-0.0258476
-0.0246296
-0.0231718
-0.0214985
-0.0196389
-0.0176274
-0.0155033
-0.0133104
-0.0110974
-0.00891715
-0.00682717
-0.00488921
-0.00316939
-0.00173795
-0.000669097
-4.439e-05
0.00123213
0.00387802
0.00659778
0.00930852
0.0119471
0.0144641
0.016822
0.0189938
0.0209616
0.0227143
0.0242466
0.0255573
0.0266485
0.0275241
0.0281893
0.0286497
0.0289111
0.0289789
0.0288579
0.0285524
0.0280658
0.027401
0.0265605
0.0255465
0.0243613
0.0230071
0.021487
0.0198047
0.0179649
0.0159736
0.0138383
0.0115684
0.00917481
0.00667062
0.00407092
0.00139286
-0.00134434
-0.00411949
-0.00690951
-0.00968963
-0.0124336
-0.015114
-0.0177025
-0.0201703
-0.0224885
-0.0246286
-0.0265631
-0.0282659
-0.0297127
-0.0308819
-0.0317549
-0.0323169
-0.0325569
-0.0324687
-0.032051
-0.0313078
-0.0302487
-0.0288891
-0.0272501
-0.0253587
-0.0232478
-0.0209559
-0.0185269
-0.01601
-0.0134596
-0.0109345
-0.00849846
-0.00621923
-0.00416883
-0.00242289
-0.00106022
-0.000165959
0.00153708
0.00473559
0.00795525
0.011117
0.0141612
0.017041
0.0197217
0.0221787
0.0243959
0.0263642
0.02808
0.0295434
0.0307579
0.0317286
0.0324616
0.0329635
0.0332408
0.0332996
0.0331452
0.0327821
0.0322143
0.0314449
0.0304767
0.029312
0.0279533
0.0264034
0.0246656
0.022744
0.0206441
0.0183726
0.0159379
0.0133504
0.0106224
0.00776862
0.00480581
0.00175314
-0.00136795
-0.00453377
-0.00771855
-0.0108946
-0.0140324
-0.0171012
-0.0200692
-0.0229039
-0.0255726
-0.0280431
-0.0302838
-0.0322649
-0.0339585
-0.0353396
-0.0363866
-0.0370816
-0.0374115
-0.0373683
-0.0369496
-0.036159
-0.0350062
-0.0335077
-0.0316865
-0.0295722
-0.0272012
-0.0246161
-0.0218657
-0.0190045
-0.0160928
-0.0131957
-0.0103831
-0.00772917
-0.00531204
-0.00321296
-0.00151568
-0.000309331
0.00186972
0.00566855
0.00942853
0.013075
0.0165522
0.0198171
0.0228382
0.0255938
0.0280707
0.0302621
0.0321664
0.0337858
0.0351254
0.0361917
0.0369921
0.0375342
0.0378254
0.0378725
0.0376813
0.0372569
0.0366035
0.0357246
0.0346231
0.0333016
0.031763
0.0300101
0.0280466
0.0258772
0.0235077
0.0209457
0.0182005
0.0152834
0.012208
0.00899052
0.00564936
0.00220563
-0.00131702
-0.00489248
-0.00849226
-0.0120857
-0.0156401
-0.0191214
-0.0224939
-0.0257215
-0.0287673
-0.0315952
-0.0341695
-0.0364562
-0.0384235
-0.0400425
-0.041288
-0.0421391
-0.0425798
-0.0426
-0.0421957
-0.0413696
-0.0401315
-0.0384985
-0.0364954
-0.0341543
-0.0315148
-0.0286237
-0.0255348
-0.0223082
-0.01901
-0.0157119
-0.0124904
-0.00942635
-0.00660423
-0.00411138
-0.00203698
-0.000474773
0.00222892
0.00667397
0.0110132
0.015177
0.019114
0.0227856
0.0261642
0.0292318
0.0319784
0.0344002
0.0364982
0.0382771
0.0397436
0.0409062
0.0417737
0.0423551
0.0426585
0.0426916
0.042461
0.0419722
0.0412296
0.0402372
0.0389981
0.037515
0.035791
0.0338293
0.0316338
0.0292094
0.0265627
0.0237017
0.0206365
0.0173794
0.0139452
0.0103513
0.00661789
0.00276788
-0.001173
-0.00517624
-0.0092107
-0.0132428
-0.0172366
-0.0211546
-0.0249573
-0.0286046
-0.0320556
-0.0352697
-0.0382069
-0.0408287
-0.0430989
-0.0449845
-0.0464561
-0.047489
-0.0480644
-0.0481691
-0.0477972
-0.0469501
-0.0456372
-0.043876
-0.0416927
-0.0391217
-0.0362058
-0.0329961
-0.0295512
-0.025937
-0.0222258
-0.0184961
-0.0148313
-0.0113194
-0.00805171
-0.00512227
-0.00262625
-0.000662822
0.00261354
0.00774875
0.0127048
0.0174172
0.0218399
0.0259392
0.029692
0.0330846
0.0361108
0.0387703
0.0410673
0.0430089
0.0446045
0.0458644
0.0467991
0.047419
0.0477335
0.0477511
0.0474791
0.0469234
0.0460891
0.0449803
0.0436003
0.0419521
0.0400389
0.0378639
0.0354315
0.0327468
0.0298167
0.0266498
0.0232569
0.019651
0.0158481
0.0118668
0.00772872
0.00345846
-0.000916212
-0.00536451
-0.00985271
-0.0143443
-0.0188003
-0.0231794
-0.0274386
-0.0315335
-0.035419
-0.0390497
-0.0423811
-0.0453698
-0.0479749
-0.0501584
-0.0518865
-0.0531304
-0.0538672
-0.0540806
-0.0537621
-0.0529113
-0.0515366
-0.0496556
-0.0472955
-0.0444927
-0.0412933
-0.0377523
-0.0339335
-0.0299085
-0.0257565
-0.0215627
-0.0174182
-0.0134183
-0.00966213
-0.00625083
-0.00328638
-0.00087431
0.00302238
0.00888967
0.0144981
0.0197893
0.0247226
0.0292698
0.033413
0.0371433
0.0404589
0.0433634
0.0458646
0.0479726
0.0496995
0.0510579
0.0520603
0.0527186
0.0530435
0.0530446
0.0527298
0.052106
0.0511783
0.0499513
0.0484284
0.0466128
0.0445078
0.0421168
0.0394442
0.0364954
0.0332776
0.0297997
0.0260731
0.0221116
0.0179318
0.0135536
0.00899984
0.00429675
-0.00052607
-0.0054357
-0.0103959
-0.0153675
-0.0203081
-0.0251731
-0.0299156
-0.0344868
-0.0388373
-0.0429168
-0.0466757
-0.0500654
-0.0530398
-0.0555556
-0.0575739
-0.0590609
-0.0599894
-0.0603391
-0.0600983
-0.0592641
-0.0578433
-0.0558533
-0.0533216
-0.0502866
-0.0467973
-0.0429128
-0.0387019
-0.0342424
-0.0296202
-0.0249282
-0.0202652
-0.0157349
-0.0114446
-0.0075034
-0.00402105
-0.00111038
0.0034542
0.0100933
0.0163882
0.0222867
0.0277543
0.0327688
0.0373181
0.0413984
0.0450129
0.0481697
0.0508803
0.0531584
0.0550192
0.0564776
0.0575486
0.0582456
0.0585809
0.0585652
0.0582074
0.0575147
0.0564931
0.0551471
0.0534805
0.0514967
0.0491989
0.0465906
0.0436762
0.0404613
0.0369531
0.033161
0.0290965
0.0247742
0.0202112
0.0154284
0.0104497
0.00530267
1.86819e-05
-0.0053674
-0.010817
-0.0162883
-0.0217358
-0.0271113
-0.0323641
-0.0374412
-0.0422883
-0.0468501
-0.0510718
-0.054899
-0.0582799
-0.0611653
-0.0635106
-0.0652766
-0.0664306
-0.0669478
-0.0668125
-0.0660185
-0.0645707
-0.0624851
-0.0597895
-0.0565238
-0.0527395
-0.0484998
-0.0438786
-0.03896
-0.0338371
-0.0286108
-0.0233884
-0.0182826
-0.0134096
-0.00888758
-0.00483476
-0.00137251
0.00390767
0.0113561
0.0183694
0.0249022
0.0309268
0.0364271
0.0413973
0.0458396
0.0497624
0.0531785
0.0561038
0.058556
0.0605533
0.0621138
0.0632546
0.0639912
0.0643376
0.0643055
0.0639049
0.0631438
0.0620286
0.0605641
0.0587544
0.0566028
0.0541126
0.0512873
0.0481311
0.0446498
0.0408506
0.0367427
0.0323382
0.0276517
0.0227012
0.0175078
0.0120966
0.00649632
0.000739685
-0.00513661
-0.0110919
-0.0170816
-0.0230576
-0.0289681
-0.0347584
-0.0403713
-0.0457475
-0.0508267
-0.0555481
-0.0598515
-0.0636786
-0.0669741
-0.0696867
-0.0717709
-0.0731881
-0.073908
-0.0739098
-0.0731836
-0.0717312
-0.0695668
-0.0667178
-0.0632249
-0.0591422
-0.0545365
-0.0494871
-0.0440844
-0.0384292
-0.0326308
-0.0268059
-0.0210768
-0.0155695
-0.0104123
-0.00573291
-0.0016625
0.0043814
0.0126741
0.0204359
0.0276286
0.0342312
0.0402349
0.0456403
0.050456
0.0546959
0.0583783
0.0615237
0.064154
0.0662909
0.0679557
0.069168
0.0699457
0.0703043
0.070257
0.0698148
0.0689866
0.0677792
0.0661978
0.0642467
0.0619291
0.0592484
0.0562079
0.0528117
0.0490654
0.0449761
0.0405531
0.0358083
0.0307564
0.0254158
0.019808
0.0139587
0.00789762
0.00165862
-0.00472004
-0.0111958
-0.0177217
-0.0242468
-0.030716
-0.0370708
-0.0432496
-0.0491882
-0.0548207
-0.0600804
-0.0649007
-0.0692165
-0.0729654
-0.0760889
-0.0785345
-0.0802566
-0.0812184
-0.0813935
-0.0807667
-0.0793362
-0.0771134
-0.0741247
-0.070411
-0.0660284
-0.0610474
-0.0555524
-0.0496405
-0.0434204
-0.0370106
-0.0305377
-0.0241345
-0.0179381
-0.0120876
-0.00672176
-0.0019825
0.00487392
0.0140435
0.0225816
0.0304577
0.0376582
0.0441817
0.0500358
0.0552356
0.0598014
0.0637569
0.0671277
0.0699402
0.07222
0.0739916
0.0752776
0.0760982
0.0764708
0.0764101
0.0759284
0.0750352
0.073738
0.0720424
0.0699527
0.0674723
0.0646044
0.061352
0.0577193
0.0537113
0.0493348
0.044599
0.0395156
0.0340992
0.0283681
0.0223441
0.0160533
0.00952593
0.00279684
-0.00409447
-0.0111037
-0.018182
-0.0252756
-0.0323264
-0.0392721
-0.0460467
-0.052581
-0.0588036
-0.0646414
-0.0700211
-0.0748703
-0.0791187
-0.0827003
-0.0855542
-0.087627
-0.0888746
-0.0892635
-0.0887726
-0.0873949
-0.0851385
-0.0820275
-0.0781027
-0.0734214
-0.0680576
-0.0621005
-0.0556544
-0.0488363
-0.0417742
-0.0346056
-0.0274748
-0.0205309
-0.0139252
-0.0078085
-0.00233498
0.00538364
0.0154599
0.0248
0.0333813
0.0411981
0.0482566
0.054572
0.0601662
0.0650661
0.0693013
0.0729027
0.0759015
0.0783275
0.0802089
0.0815711
0.0824368
0.0828257
0.0827542
0.0822355
0.0812803
0.0798966
0.0780904
0.0758663
0.0732275
0.070177
0.0667178
0.0628534
0.0585886
0.0539298
0.0488856
0.0434673
0.0376894
0.0315696
0.0251299
0.0183964
0.0113995
0.00417489
-0.00323717
-0.010791
-0.0184359
-0.0261157
-0.0337695
-0.0413314
-0.048731
-0.0558943
-0.0627439
-0.0692005
-0.0751836
-0.0806128
-0.0854098
-0.0894996
-0.0928125
-0.0952863
-0.0968682
-0.0975164
-0.0972027
-0.095914
-0.0936535
-0.0904423
-0.0863198
-0.0813442
-0.0755924
-0.0691586
-0.0621539
-0.0547041
-0.0469476
-0.0390334
-0.0311185
-0.0233651
-0.0159379
-0.00900117
-0.00272278
0.00590892
0.0169188
0.0270842
0.0363905
0.0448404
0.052448
0.0592363
0.0652345
0.0704762
0.0749974
0.0788346
0.0820239
0.0845996
0.0865936
0.0880348
0.0889485
0.0893565
0.089277
0.0887247
0.0877111
0.0862451
0.084333
0.0819795
0.0791878
0.0759608
0.072301
0.0682115
0.0636965
0.0587619
0.0534157
0.0476684
0.041534
0.0350298
0.0281773
0.0210022
0.0135352
0.00581203
-0.00212639
-0.0102334
-0.0184568
-0.0267385
-0.0350149
-0.0432165
-0.0512692
-0.0590938
-0.0666074
-0.0737237
-0.080355
-0.0864127
-0.0918095
-0.0964608
-0.100287
-0.103217
-0.105186
-0.106144
-0.106055
-0.104897
-0.102667
-0.0993825
-0.0950805
-0.0898191
-0.0836772
-0.076754
-0.0691675
-0.0610524
-0.0525583
-0.0438467
-0.0350881
-0.0264593
-0.0181398
-0.0103088
-0.00314906
0.00644801
0.0184156
0.0294269
0.0394762
0.0485743
0.0567438
0.0640156
0.0704266
0.0760174
0.0808305
0.0849083
0.0882922
0.0910211
0.093131
0.094654
0.0956186
0.0960488
0.0959648
0.0953827
0.0943151
0.0927716
0.0907591
0.0882822
0.0853443
0.0819479
0.0780951
0.0737885
0.0690317
0.0638296
0.0581895
0.0521212
0.0456377
0.0387555
0.0314955
0.0238828
0.0159477
0.00772575
-0.000741856
-0.00940791
-0.0182191
-0.0271156
-0.0360315
-0.0448946
-0.0536265
-0.0621435
-0.0703568
-0.0781737
-0.0854985
-0.0922342
-0.0982838
-0.103553
-0.107951
-0.111394
-0.113809
-0.115134
-0.115321
-0.114341
-0.112184
-0.108859
-0.104401
-0.0988666
-0.0923366
-0.0849142
-0.0767242
-0.0679109
-0.0586354
-0.0490726
-0.039408
-0.029834
-0.0205466
-0.0117411
-0.00361733
0.00699908
0.0199453
0.0318208
0.0426286
0.0523885
0.0611313
0.0688962
0.075728
0.0816745
0.086785
0.0911081
0.0946904
0.0975759
0.0998047
0.101413
0.102431
0.102887
0.102802
0.102195
0.101078
0.0994624
0.0973554
0.094762
0.0916855
0.0881279
0.084091
0.0795766
0.0745876
0.0691281
0.0632043
0.0568249
0.0500018
0.0427507
0.035091
0.0270473
0.018649
0.00993112
0.000934646
-0.00829305
-0.017698
-0.0272192
-0.0367889
-0.046332
-0.0557669
-0.0650051
-0.0739525
-0.0825096
-0.090573
-0.0980366
-0.104794
-0.110738
-0.115769
-0.119789
-0.122713
-0.124467
-0.12499
-0.124242
-0.122204
-0.118878
-0.114294
-0.108506
-0.101594
-0.0936661
-0.0848535
-0.0753101
-0.0652091
-0.0547399
-0.0441039
-0.033511
-0.0231749
-0.013309
-0.00413146
0.00756021
0.0215027
0.034258
0.0458379
0.0562711
0.0655972
0.0738638
0.0811235
0.0874317
0.0928446
0.0974171
0.101201
0.104247
0.106598
0.108294
0.109369
0.109854
0.109773
0.109144
0.107983
0.106301
0.104106
0.101404
0.0981972
0.0944875
0.0902763
0.0855648
0.0803548
0.0746495
0.0684538
0.0617752
0.0546244
0.0470155
0.0389668
0.0305016
0.021648
0.0124403
0.00291866
-0.00686976
-0.0168708
-0.027023
-0.0372568
-0.0474954
-0.0576537
-0.0676392
-0.0773526
-0.0866878
-0.0955336
-0.103775
-0.111295
-0.117975
-0.123702
-0.128366
-0.131867
-0.134116
-0.13504
-0.134586
-0.132722
-0.129443
-0.124769
-0.118751
-0.11147
-0.103035
-0.0935843
-0.0832808
-0.0723105
-0.0608783
-0.049203
-0.0375134
-0.0260427
-0.0150241
-0.00469564
0.00812943
0.0230827
0.0367304
0.0490938
0.0602102
0.0701281
0.0789036
0.0865973
0.0932725
0.0989922
0.103818
0.107807
0.111016
0.113491
0.115278
0.116414
0.116931
0.116856
0.116211
0.115011
0.11327
0.110994
0.108191
0.104862
0.10101
0.0966358
0.0917387
0.0863201
0.0803819
0.0739279
0.066964
0.0594993
0.0515463
0.0431219
0.0342475
0.0249498
0.0152618
0.00522243
-0.00512191
-0.0157175
-0.0265025
-0.037407
-0.048352
-0.0592502
-0.0700055
-0.0805134
-0.0906618
-0.100332
-0.1094
-0.117737
-0.125214
-0.131703
-0.137081
-0.14123
-0.144048
-0.145445
-0.145353
-0.143727
-0.140548
-0.13583
-0.129615
-0.121984
-0.113046
-0.102945
-0.0918534
-0.0799712
-0.0675189
-0.0547341
-0.041866
-0.0291693
-0.0168988
-0.00531442
0.00870472
0.0246798
0.03923
0.0523857
0.0641934
0.07471
0.0840004
0.0921334
0.0991798
0.10521
0.110292
0.114489
0.117863
0.120465
0.122346
0.123544
0.124097
0.124033
0.123376
0.122143
0.120347
0.117998
0.115102
0.111661
0.107677
0.10315
0.0980803
0.0924665
0.0863098
0.0796124
0.0723788
0.0646161
0.0563352
0.0475508
0.0382826
0.0285553
0.0184
0.00785431
-0.00303696
-0.0142209
-0.0256363
-0.0372128
-0.0488707
-0.0605205
-0.0720633
-0.0833902
-0.0943834
-0.104917
-0.114857
-0.124065
-0.1324
-0.139718
-0.145882
-0.150757
-0.154222
-0.15617
-0.156516
-0.155198
-0.152184
-0.147474
-0.141105
-0.133149
-0.123718
-0.112961
-0.101058
-0.0882228
-0.0746931
-0.0607264
-0.0465944
-0.0325749
-0.0189464
-0.00599268
0.00928402
0.0262884
0.0417483
0.0557031
0.0682079
0.0793288
0.0891387
0.097715
0.105136
0.111479
0.11682
0.121228
0.124768
0.1275
0.129475
0.130739
0.131331
0.131281
0.130615
0.129353
0.12751
0.125094
0.122113
0.11857
0.114465
0.109798
0.104568
0.0987731
0.0924133
0.0854889
0.0780027
0.0699599
0.0613693
0.0522434
0.0425996
0.0324605
0.0218548
0.0108181
-0.000606639
-0.0123681
-0.0244062
-0.0366509
-0.0490225
-0.0614302
-0.0737728
-0.0859379
-0.0978025
-0.109234
-0.120089
-0.13022
-0.139472
-0.147687
-0.15471
-0.16039
-0.164585
-0.16717
-0.168037
-0.167108
-0.164331
-0.159693
-0.153219
-0.144975
-0.13507
-0.123656
-0.110923
-0.0970966
-0.0824328
-0.0672106
-0.0517254
-0.0362809
-0.0211811
-0.00673566
0.00986525
0.0279032
0.044277
0.0590351
0.0722413
0.08397
0.0943029
0.103325
0.111123
0.117782
0.123382
0.128001
0.13171
0.134572
0.136644
0.137975
0.138607
0.138574
0.137904
0.136618
0.134732
0.132257
0.129199
0.125562
0.121347
0.116552
0.111176
0.105215
0.0986682
0.0915343
0.0838141
0.0755108
0.0666308
0.0571843
0.0471861
0.0366562
0.0256207
0.0141126
0.0021724
-0.0101507
-0.0227982
-0.0357017
-0.0487817
-0.0619474
-0.0750959
-0.0881122
-0.100869
-0.113227
-0.125037
-0.136138
-0.146364
-0.155542
-0.163499
-0.170065
-0.175078
-0.17839
-0.17987
-0.179418
-0.176961
-0.172469
-0.165952
-0.157465
-0.147115
-0.135052
-0.121475
-0.106623
-0.0907697
-0.0742173
-0.0572869
-0.0403096
-0.0236176
-0.00754892
0.0104464
0.0295186
0.0468079
0.0623713
0.0762808
0.0886196
0.0994773
0.108947
0.117123
0.124098
0.129959
0.13479
0.138667
0.141659
0.143828
0.145227
0.145901
0.145887
0.145215
0.143909
0.141986
0.139458
0.136331
0.13261
0.128294
0.123384
0.117874
0.111763
0.105046
0.0977211
0.0897867
0.0812439
0.0720968
0.0623529
0.0520242
0.0411277
0.0296866
0.0177308
0.00529806
-0.00756538
-0.0208035
-0.0343499
-0.0481266
-0.0620433
-0.0759967
-0.0898702
-0.103533
-0.116841
-0.129637
-0.141751
-0.153004
-0.163208
-0.172174
-0.17971
-0.185631
-0.189765
-0.191956
-0.192079
-0.190036
-0.185775
-0.179287
-0.170616
-0.159857
-0.147163
-0.132737
-0.11683
-0.0997348
-0.0817775
-0.0633069
-0.0446841
-0.0262717
-0.00843833
0.0110253
0.0311294
0.0493329
0.0657011
0.0803143
0.0932633
0.104646
0.114564
0.123118
0.130408
0.136529
0.141571
0.145615
0.148737
0.151003
0.152469
0.153185
0.153191
0.15252
0.151197
0.149241
0.146664
0.143476
0.139679
0.135274
0.130259
0.124631
0.118384
0.111514
0.104017
0.0958893
0.0871295
0.0777392
0.0677231
0.0570902
0.0458545
0.0340356
0.0216601
0.00876223
-0.00461507
-0.0184191
-0.0325861
-0.0470406
-0.0616939
-0.0764435
-0.091172
-0.105747
-0.120019
-0.133826
-0.146989
-0.159317
-0.170608
-0.180654
-0.189242
-0.196163
-0.201219
-0.204227
-0.20503
-0.203506
-0.199573
-0.1932
-0.184414
-0.173298
-0.160001
-0.144729
-0.127744
-0.109358
-0.0899221
-0.0698143
-0.0494281
-0.0291595
-0.00941013
0.0116003
0.0327304
0.0518442
0.0690147
0.0843296
0.0978876
0.109794
0.120158
0.129089
0.136693
0.143072
0.148322
0.152532
0.155782
0.158142
0.159674
0.160432
0.160458
0.159788
0.15845
0.156464
0.153844
0.150599
0.146734
0.142249
0.137142
0.131408
0.125041
0.118036
0.110386
0.102086
0.0931326
0.0835244
0.0732632
0.062355
0.05081
0.0386446
0.0258813
0.0125505
-0.00130889
-0.0156479
-0.0304067
-0.0455129
-0.0608805
-0.076409
-0.0919816
-0.107465
-0.122708
-0.137542
-0.151782
-0.165226
-0.177657
-0.18885
-0.198571
-0.206585
-0.212667
-0.216601
-0.2182
-0.217307
-0.213811
-0.207654
-0.198837
-0.187429
-0.173569
-0.157464
-0.139387
-0.119667
-0.0986809
-0.0768377
-0.0545661
-0.0322979
-0.0104708
0.0121693
0.0343168
0.0543345
0.0723025
0.0883154
0.102479
0.114907
0.125715
0.135019
0.142933
0.149567
0.155022
0.159394
0.162767
0.165218
0.166814
0.16761
0.167655
0.166986
0.165633
0.163619
0.160959
0.157664
0.153737
0.149181
0.143992
0.138165
0.131693
0.12457
0.116787
0.108337
0.0992138
0.0894141
0.0789365
0.0677836
0.0559621
0.0434844
0.030369
0.0166418
0.00233727
-0.0125002
-0.027815
-0.0435393
-0.0595908
-0.075872
-0.0922684
-0.108647
-0.124857
-0.140725
-0.15606
-0.170651
-0.184269
-0.19667
-0.2076
-0.216799
-0.22401
-0.228985
-0.231501
-0.231365
-0.228428
-0.222599
-0.213851
-0.20223
-0.187863
-0.170953
-0.151779
-0.130688
-0.108083
-0.0844056
-0.0601225
-0.0357042
-0.0116272
0.0127309
0.0358843
0.0567973
0.0755559
0.0922613
0.107026
0.11997
0.131217
0.14089
0.14911
0.155993
0.161648
0.166175
0.169667
0.172205
0.173859
0.17469
0.17475
0.174079
0.172711
0.17067
0.167972
0.16463
0.160648
0.156028
0.150767
0.144859
0.138297
0.131072
0.123175
0.114597
0.105329
0.0953651
0.084701
0.0733358
0.0612727
0.0485198
0.0350912
0.0210083
0.00630052
-0.00899291
-0.0248217
-0.041123
-0.0578196
-0.0748183
-0.0920082
-0.109259
-0.126419
-0.143316
-0.159754
-0.175513
-0.190354
-0.204017
-0.216227
-0.226698
-0.235141
-0.241275
-0.244836
-0.245589
-0.243346
-0.237973
-0.229409
-0.217673
-0.202869
-0.185194
-0.164932
-0.142442
-0.118155
-0.092546
-0.0661222
-0.0393962
-0.0128865
0.0132835
0.0374291
0.0592265
0.0787671
0.0961577
0.111517
0.124971
0.136651
0.146686
0.155204
0.162329
0.168176
0.172853
0.176456
0.179073
0.180779
0.181639
0.181709
0.181034
0.179647
0.177577
0.174843
0.171456
0.167423
0.162745
0.157421
0.151443
0.144804
0.137495
0.129503
0.120818
0.11143
0.10133
0.09051
0.0789663
0.0666981
0.0537095
0.04001
0.0256157
0.010551
-0.00515075
-0.0214451
-0.0382752
-0.0555699
-0.0732416
-0.0911844
-0.109272
-0.127357
-0.145265
-0.1628
-0.179736
-0.195825
-0.210793
-0.224345
-0.236169
-0.245945
-0.253355
-0.258092
-0.259877
-0.258472
-0.253699
-0.245452
-0.233714
-0.218563
-0.200183
-0.178852
-0.154948
-0.128921
-0.101285
-0.0725896
-0.0433918
-0.0142558
0.0138259
0.0389481
0.0616174
0.0819298
0.0999965
0.115942
0.129898
0.142002
0.15239
0.161199
0.168557
0.174587
0.179402
0.183107
0.185793
0.187543
0.188425
0.188498
0.187811
0.186403
0.184301
0.181528
0.178098
0.174016
0.169287
0.163906
0.157869
0.151166
0.143787
0.135719
0.126949
0.117466
0.107257
0.0963128
0.0846253
0.0721902
0.0590072
0.0450813
0.0304233
0.0150519
-0.00100559
-0.0177113
-0.0350152
-0.052853
-0.0711441
-0.0897892
-0.108668
-0.127637
-0.146527
-0.165139
-0.183248
-0.200596
-0.216899
-0.231843
-0.245093
-0.256297
-0.265099
-0.271146
-0.27411
-0.2737
-0.269683
-0.261903
-0.250297
-0.23491
-0.215899
-0.193541
-0.168216
-0.140403
-0.110649
-0.0795491
-0.0477093
-0.0157429
0.0143573
0.0404389
0.0639665
0.0850389
0.103771
0.120293
0.134741
0.147259
0.15799
0.167077
0.174656
0.180856
0.185799
0.189594
0.192338
0.19412
0.195013
0.195081
0.194375
0.192938
0.1908
0.187986
0.18451
0.180382
0.175604
0.170174
0.164086
0.157331
0.149896
0.14177
0.132936
0.123382
0.113093
0.102055
0.090259
0.077696
0.0643616
0.0502558
0.0353844
0.01976
0.00340356
-0.0136541
-0.0313704
-0.049689
-0.0685373
-0.0878242
-0.107437
-0.127239
-0.147065
-0.166722
-0.185982
-0.204587
-0.22224
-0.238613
-0.25335
-0.266068
-0.276371
-0.283862
-0.288157
-0.288907
-0.285817
-0.278671
-0.267352
-0.251858
-0.232316
-0.208987
-0.182255
-0.152618
-0.120661
-0.0870239
-0.0523669
-0.0173555
0.0148773
0.0419003
0.0662715
0.0880913
0.107478
0.124563
0.139492
0.152411
0.163471
0.172823
0.180608
0.186965
0.19202
0.195889
0.198678
0.200479
0.20137
0.201421
0.200686
0.199211
0.197031
0.194171
0.190648
0.186472
0.181648
0.176173
0.170042
0.163244
0.155768
0.1476
0.138723
0.129121
0.118779
0.10768
0.0958106
0.0831593
0.0697171
0.0554796
0.040447
0.0246261
0.00803095
-0.00931487
-0.0273768
-0.0461072
-0.0654425
-0.085301
-0.105579
-0.126149
-0.146854
-0.167507
-0.187883
-0.207722
-0.226724
-0.244549
-0.260819
-0.275124
-0.287031
-0.296094
-0.301873
-0.303954
-0.301975
-0.295647
-0.28479
-0.269343
-0.249392
-0.225171
-0.197062
-0.165578
-0.13134
-0.0950363
-0.0573827
-0.0191015
0.0153857
0.0433322
0.0685322
0.091086
0.111113
0.12875
0.144144
0.15745
0.168824
0.178423
0.186398
0.192892
0.198042
0.201968
0.204784
0.206587
0.207462
0.207481
0.206705
0.205182
0.202951
0.200038
0.196463
0.192238
0.187368
0.181851
0.175683
0.168853
0.161348
0.153153
0.144252
0.134626
0.124257
0.113128
0.101221
0.0885207
0.0750151
0.0606947
0.0455547
0.0295955
0.0128248
-0.00474178
-0.023078
-0.0421453
-0.0618903
-0.0822416
-0.103107
-0.124369
-0.145881
-0.167465
-0.188903
-0.209939
-0.230269
-0.249547
-0.26738
-0.283331
-0.296932
-0.307689
-0.315103
-0.318691
-0.318014
-0.312706
-0.302506
-0.287284
-0.26707
-0.242062
-0.212627
-0.17929
-0.142704
-0.103607
-0.0627743
-0.0209889
0.0158831
0.044736
0.0707503
0.0940246
0.114679
0.132852
0.148696
0.16237
0.174039
0.183865
0.192008
0.19862
0.203842
0.207805
0.210627
0.212412
0.213252
0.213224
0.212392
0.210808
0.208514
0.20554
0.201908
0.19763
0.192713
0.187157
0.180956
0.174101
0.166578
0.158372
0.149465
0.139837
0.129468
0.118339
0.106428
0.093719
0.0801942
0.0658403
0.0506471
0.0346094
0.0177279
1.07059e-05
-0.0185247
-0.0378494
-0.0579206
-0.0786785
-0.100043
-0.121909
-0.144144
-0.16658
-0.18901
-0.211184
-0.232803
-0.253517
-0.27292
-0.290558
-0.305926
-0.318487
-0.32768
-0.332952
-0.333778
-0.329704
-0.320377
-0.305583
-0.28528
-0.259616
-0.228932
-0.193755
-0.154767
-0.112756
-0.0685591
-0.0230259
0.0163706
0.0461148
0.07293
0.0969114
0.118179
0.136872
0.153147
0.167169
0.17911
0.18914
0.197426
0.204129
0.209398
0.213373
0.216178
0.217923
0.218707
0.218612
0.217706
0.216046
0.213677
0.210631
0.206933
0.202598
0.197632
0.192037
0.185807
0.178934
0.171404
0.1632
0.154304
0.144695
0.134352
0.123251
0.111372
0.098692
0.0851917
0.0708531
0.0556613
0.0396052
0.0226788
0.0048828
-0.0137742
-0.0332731
-0.0535823
-0.0746541
-0.0964218
-0.118795
-0.141655
-0.164848
-0.188182
-0.211418
-0.234265
-0.256374
-0.277335
-0.296677
-0.313868
-0.328325
-0.339433
-0.346559
-0.349094
-0.34648
-0.338261
-0.324123
-0.303935
-0.277775
-0.245945
-0.208964
-0.167537
-0.122499
-0.0747537
-0.0252207
0.0168501
0.0474734
0.0750784
0.0997545
0.121619
0.140815
0.1575
0.171847
0.184033
0.194238
0.202639
0.209403
0.214691
0.218648
0.221407
0.223087
0.223791
0.223606
0.222607
0.220854
0.218394
0.215265
0.211492
0.207092
0.202073
0.196438
0.190183
0.183298
0.175769
0.16758
0.158712
0.149142
0.138848
0.127805
0.115989
0.103377
0.089944
0.0756691
0.0605326
0.0445179
0.0276128
0.0098104
-0.00888917
-0.0284768
-0.0489321
-0.0702202
-0.0922885
-0.115062
-0.138438
-0.162281
-0.186416
-0.210618
-0.23461
-0.258051
-0.280531
-0.30157
-0.320614
-0.337042
-0.350182
-0.359328
-0.363773
-0.362855
-0.355997
-0.342769
-0.322928
-0.296465
-0.263625
-0.224903
-0.181017
-0.132851
-0.0813739
-0.0275813
0.0173243
0.0488193
0.0772058
0.102566
0.125013
0.144691
0.161763
0.176406
0.188807
0.199155
0.207635
0.214427
0.219698
0.223604
0.226287
0.227871
0.228467
0.228168
0.227052
0.225186
0.22262
0.219393
0.215534
0.211062
0.205986
0.20031
0.19403
0.187137
0.179619
0.171457
0.162631
0.15312
0.142898
0.13194
0.12022
0.107712
0.094388
0.0802238
0.0651953
0.0492811
0.0324627
0.0147262
-0.00393662
-0.0235263
-0.0440338
-0.0654371
-0.0876981
-0.110758
-0.134533
-0.158907
-0.183723
-0.208777
-0.23381
-0.258494
-0.282429
-0.30513
-0.326031
-0.344479
-0.359749
-0.371063
-0.377619
-0.378635
-0.373407
-0.361363
-0.342134
-0.315596
-0.281915
-0.241544
-0.195205
-0.143822
-0.0884345
-0.0301162
0.017797
0.0501622
0.0793265
0.105361
0.128377
0.148516
0.165947
0.180855
0.193435
0.203887
0.212407
0.219185
0.224401
0.228218
0.230787
0.232242
0.232699
0.232257
0.231001
0.229
0.226309
0.222969
0.219012
0.214459
0.20932
0.203601
0.197297
0.190401
0.1829
0.174775
0.166007
0.156572
0.146445
0.135599
0.124005
0.111636
0.0984611
0.0844533
0.0695842
0.0538279
0.0371602
0.0195608
0.00101338
-0.0184919
-0.0389568
-0.0603722
-0.0827149
-0.105943
-0.129992
-0.154765
-0.18013
-0.205906
-0.231854
-0.25767
-0.282966
-0.307266
-0.329997
-0.350484
-0.367957
-0.381569
-0.390422
-0.393612
-0.39029
-0.379731
-0.361408
-0.33506
-0.300744
-0.258852
-0.210092
-0.155422
-0.0959494
-0.0328334
0.0182732
0.0515155
0.0814594
0.108163
0.131732
0.15231
0.170069
0.185204
0.197921
0.208432
0.216946
0.223665
0.228779
0.232463
0.234878
0.236165
0.236448
0.235833
0.23441
0.23225
0.229413
0.225945
0.221877
0.217233
0.212026
0.20626
0.199933
0.193037
0.18556
0.177483
0.168786
0.159445
0.149434
0.138724
0.127286
0.115089
0.102103
0.088295
0.0736347
0.0580917
0.041637
0.0242438
0.00588882
-0.0134467
-0.0337748
-0.055099
-0.0774106
-0.100685
-0.124876
-0.149911
-0.17568
-0.202031
-0.228752
-0.255562
-0.2821
-0.307904
-0.332404
-0.354915
-0.374633
-0.390647
-0.401966
-0.407563
-0.406432
-0.397675
-0.380584
-0.354728
-0.320025
-0.276778
-0.225661
-0.167654
-0.103931
-0.0357412
0.0187594
0.0528961
0.0836286
0.110999
0.135107
0.156098
0.17415
0.189469
0.202275
0.212793
0.221246
0.227851
0.232811
0.236314
0.238529
0.239606
0.239677
0.238855
0.237233
0.23489
0.231887
0.228272
0.22408
0.219335
0.214052
0.208237
0.201887
0.194996
0.187549
0.17953
0.170918
0.161687
0.151812
0.141262
0.130008
0.118016
0.105254
0.0916883
0.077284
0.0620074
0.0458251
0.028705
0.010617
-0.00846561
-0.0285647
-0.0496954
-0.0718629
-0.0950594
-0.119259
-0.144411
-0.170432
-0.197198
-0.224529
-0.252176
-0.279808
-0.306988
-0.333164
-0.357647
-0.379614
-0.398102
-0.412033
-0.420254
-0.4216
-0.414978
-0.399473
-0.374451
-0.339655
-0.295263
-0.241888
-0.180519
-0.112392
-0.038848
0.0192638
0.0543253
0.0858647
0.113905
0.138539
0.159913
0.178218
0.19367
0.206507
0.21697
0.225301
0.231731
0.236478
0.239742
0.241705
0.242526
0.242344
0.241277
0.239427
0.236873
0.233681
0.229901
0.225572
0.220716
0.215352
0.209484
0.203111
0.196227
0.188818
0.180867
0.172352
0.163248
0.153528
0.143162
0.132118
0.120362
0.10786
0.094575
0.0804714
0.0655117
0.0496585
0.0328751
0.0151255
-0.00362417
-0.0234047
-0.0442418
-0.0661541
-0.0891496
-0.113221
-0.138342
-0.164455
-0.191466
-0.21923
-0.247537
-0.276089
-0.304487
-0.332205
-0.358571
-0.38275
-0.403745
-0.420401
-0.431445
-0.435545
-0.431401
-0.417863
-0.394057
-0.35951
-0.314231
-0.25874
-0.194013
-0.121341
-0.0421624
0.0197967
0.0558303
0.0882057
0.116923
0.14207
0.163796
0.182305
0.197831
0.210631
0.220968
0.229103
0.235287
0.239754
0.242717
0.244371
0.244884
0.244403
0.243054
0.24094
0.238148
0.234745
0.230783
0.226301
0.221326
0.215874
0.209951
0.203557
0.196684
0.18932
0.181447
0.173042
0.164081
0.154535
0.144374
0.133566
0.122075
0.109865
0.0968994
0.0831388
0.0685436
0.0530732
0.0366868
0.0193435
0.00100301
-0.018373
-0.0388201
-0.0603689
-0.0830421
-0.106851
-0.131791
-0.157831
-0.18491
-0.212919
-0.241687
-0.270963
-0.30039
-0.329483
-0.357596
-0.383907
-0.407397
-0.426851
-0.440887
-0.448005
-0.446686
-0.43552
-0.413352
-0.379445
-0.333591
-0.276175
-0.20813
-0.13079
-0.0456934
0.0203713
0.0574445
0.0906986
0.120108
0.145753
0.167794
0.18645
0.201978
0.214662
0.22479
0.232646
0.238502
0.242611
0.245204
0.246485
0.246634
0.245807
0.244133
0.241723
0.238664
0.235026
0.230865
0.226218
0.221114
0.215569
0.20959
0.203176
0.19632
0.189008
0.181223
0.172941
0.164139
0.154786
0.144852
0.134304
0.123106
0.11122
0.0986091
0.0852313
0.0710453
0.0560081
0.0400753
0.0232022
0.00534314
-0.0135469
-0.0335117
-0.0545926
-0.0768258
-0.10024
-0.124849
-0.150652
-0.177616
-0.205671
-0.234691
-0.264472
-0.29471
-0.324972
-0.354656
-0.38297
-0.408893
-0.431172
-0.448328
-0.458704
-0.460554
-0.452181
-0.432114
-0.399293
-0.353237
-0.294141
-0.222858
-0.140748
-0.0494508
0.0210038
0.0592096
0.093401
0.123523
0.149652
0.171962
0.190696
0.206142
0.218616
0.228435
0.235915
0.241351
0.245018
0.247161
0.248001
0.247727
0.246501
0.24446
0.241717
0.238363
0.23447
0.230092
0.225269
0.220029
0.214388
0.208353
0.201922
0.195088
0.187838
0.180151
0.172007
0.163379
0.154238
0.144552
0.134288
0.123409
0.111878
0.0996544
0.0866968
0.0729621
0.0584051
0.0429792
0.0266361
0.00932634
-0.00900073
-0.028396
-0.0489096
-0.0705896
-0.0934793
-0.117614
-0.143014
-0.169679
-0.197576
-0.226625
-0.256675
-0.287482
-0.318673
-0.34971
-0.379845
-0.408085
-0.43316
-0.453517
-0.467356
-0.472704
-0.467561
-0.450093
-0.418861
-0.373042
-0.312575
-0.238182
-0.151226
-0.0534457
0.0217148
0.061177
0.0963833
0.127245
0.153841
0.176364
0.195092
0.210354
0.222504
0.231901
0.238893
0.243803
0.246931
0.24854
0.248864
0.248102
0.246425
0.243973
0.240862
0.237185
0.233015
0.228406
0.223397
0.218016
0.212278
0.206189
0.199747
0.192943
0.185764
0.178189
0.170196
0.161759
0.152849
0.143432
0.133475
0.122942
0.111793
0.0999889
0.087487
0.074243
0.0602104
0.0453409
0.0295839
0.0128867
-0.00480542
-0.0235489
-0.0434014
-0.0644206
-0.086663
-0.11018
-0.135016
-0.161199
-0.188733
-0.217581
-0.24765
-0.27876
-0.310611
-0.342738
-0.374464
-0.404844
-0.432623
-0.456206
-0.473668
-0.48282
-0.481344
-0.467007
-0.437928
-0.392858
-0.331401
-0.254084
-0.162235
-0.0576907
0.02253
0.0634106
0.0997311
0.131368
0.158406
0.181072
0.199691
0.214644
0.226337
0.235176
0.24155
0.245816
0.248297
0.249278
0.249006
0.24769
0.245506
0.2426
0.239087
0.235063
0.230597
0.225745
0.220544
0.21502
0.209186
0.203048
0.196602
0.189838
0.182742
0.175293
0.167468
0.15924
0.150578
0.141452
0.131825
0.121662
0.110924
0.0995699
0.0875572
0.074841
0.0613743
0.0471076
0.0319888
0.0159633
-0.00102666
-0.0190416
-0.0381447
-0.0584017
-0.0798795
-0.102645
-0.126761
-0.152282
-0.179245
-0.207661
-0.23749
-0.268621
-0.300833
-0.33375
-0.366783
-0.399066
-0.42939
-0.456152
-0.477338
-0.490561
-0.493183
-0.482539
-0.456237
-0.412512
-0.35053
-0.270541
-0.173791
-0.0622016
0.0234817
0.0659893
0.103549
0.135999
0.163445
0.186163
0.204542
0.219034
0.230111
0.238235
0.243842
0.247329
0.249046
0.249298
0.248346
0.246408
0.243663
0.24026
0.236315
0.23192
0.227145
0.222042
0.216646
0.210981
0.205057
0.198878
0.192438
0.185728
0.178729
0.171422
0.163782
0.155781
0.147389
0.138575
0.129302
0.119535
0.109234
0.0983588
0.0868673
0.0747142
0.0618523
0.0482319
0.0338002
0.0185014
0.00227627
-0.0149385
-0.03321
-0.0526097
-0.0732128
-0.0950977
-0.118344
-0.143029
-0.169222
-0.196972
-0.226297
-0.257154
-0.289407
-0.322778
-0.356786
-0.390671
-0.423305
-0.453123
-0.478061
-0.495569
-0.502701
-0.496331
-0.473492
-0.431798
-0.369856
-0.28753
-0.185912
-0.066998
0.024611
0.0690113
0.107962
0.141268
0.16907
0.191719
0.209695
0.223539
0.233807
0.241032
0.245704
0.248263
0.249088
0.248504
0.246786
0.244156
0.240799
0.23686
0.232455
0.227673
0.22258
0.217223
0.211635
0.205835
0.199831
0.193624
0.187206
0.180565
0.173682
0.166535
0.1591
0.151347
0.143247
0.134767
0.125872
0.116525
0.106689
0.0963221
0.0853828
0.0738265
0.0616066
0.0486734
0.0349746
0.0204541
0.00505206
-0.0112959
-0.0286593
-0.0471131
-0.0667385
-0.0876227
-0.109858
-0.133541
-0.158768
-0.185627
-0.214184
-0.244465
-0.276421
-0.309881
-0.344486
-0.379608
-0.41424
-0.446901
-0.475533
-0.497469
-0.509482
-0.507978
-0.489348
-0.450473
-0.389253
-0.305022
-0.198627
-0.0721055
0.0259705
0.0725988
0.113124
0.147322
0.175402
0.197821
0.215184
0.228151
0.237381
0.243493
0.247039
0.248505
0.248301
0.246772
0.2442
0.240814
0.236797
0.232291
0.227407
0.222228
0.216815
0.211209
0.205438
0.199517
0.193449
0.187232
0.180855
0.174304
0.167558
0.160595
0.153387
0.145906
0.138122
0.13
0.121508
0.112608
0.103263
0.0934329
0.0830763
0.0721498
0.0606073
0.0484005
0.0354777
0.0217838
0.00725931
-0.00816002
-0.0245443
-0.0419703
-0.0605225
-0.080294
-0.101387
-0.123912
-0.147988
-0.173735
-0.201265
-0.230668
-0.261979
-0.295139
-0.329924
-0.365858
-0.402095
-0.437289
-0.469452
-0.495867
-0.513074
-0.517018
-0.503401
-0.468243
-0.408566
-0.322989
-0.211972
-0.0775582
0.0276275
0.0769049
0.119218
0.154333
0.182566
0.204538
0.22102
0.232828
0.240749
0.245501
0.247709
0.247905
0.24653
0.243945
0.240439
0.236238
0.231522
0.226427
0.221054
0.215479
0.209754
0.203914
0.197979
0.191957
0.185849
0.179647
0.173338
0.166903
0.160321
0.153567
0.146613
0.139431
0.131988
0.124252
0.11619
0.107764
0.0989382
0.0896739
0.0799305
0.0696659
0.0588355
0.0473925
0.0352868
0.0224649
0.0088688
-0.0055644
-0.020904
-0.0372266
-0.0546178
-0.0731738
-0.0930024
-0.114225
-0.136977
-0.161403
-0.187657
-0.215884
-0.246202
-0.278658
-0.313171
-0.349437
-0.386806
-0.424117
-0.45953
-0.490357
-0.51298
-0.522924
-0.515168
-0.484751
-0.427605
-0.341393
-0.226002
-0.0834026
0.02967
0.0821214
0.126464
0.162488
0.190689
0.211917
0.227175
0.237477
0.243768
0.24688
0.247517
0.246258
0.243571
0.239827
0.235313
0.230254
0.224816
0.219123
0.213267
0.207311
0.201296
0.195247
0.189177
0.183088
0.176972
0.170819
0.16461
0.158325
0.151939
0.145426
0.138758
0.131904
0.124833
0.117512
0.109908
0.101986
0.0937091
0.0850404
0.075941
0.0663704
0.056286
0.045643
0.0343935
0.0224865
0.0098663
-0.00352759
-0.0177622
-0.0329125
-0.0490629
-0.0663098
-0.0847637
-0.104552
-0.125819
-0.148733
-0.173476
-0.200242
-0.22922
-0.260563
-0.29433
-0.330401
-0.368348
-0.407253
-0.445497
-0.480525
-0.508665
-0.525095
-0.524075
-0.499548
-0.44612
-0.360188
-0.24079
-0.0897034
0.0322142
0.0884912
0.135124
0.171991
0.199873
0.219955
0.233549
0.241924
0.246213
0.247375
0.246194
0.243295
0.239163
0.234171
0.2286
0.222657
0.216494
0.210218
0.203904
0.1976
0.191333
0.185118
0.178958
0.172844
0.166766
0.160705
0.154639
0.148544
0.142394
0.136161
0.129814
0.123324
0.116658
0.109786
0.102672
0.0952843
0.0875874
0.0795454
0.0711214
0.0622769
0.0529719
0.0431639
0.032808
0.0218561
0.0102558
-0.00205008
-0.0151252
-0.029041
-0.0438792
-0.0597338
-0.0767144
-0.0949498
-0.114591
-0.135817
-0.158832
-0.183869
-0.211178
-0.241002
-0.273536
-0.308848
-0.34675
-0.386614
-0.427121
-0.465962
-0.499551
-0.522842
-0.529425
-0.512065
-0.463782
-0.37931
-0.25644
-0.0965524
0.0354162
0.0963223
0.145504
0.183043
0.210175
0.228564
0.239938
0.24588
0.247742
0.24662
0.243375
0.238664
0.232979
0.226681
0.22003
0.213212
0.206352
0.199536
0.192816
0.186221
0.179763
0.173444
0.167254
0.161177
0.155193
0.149279
0.143409
0.137555
0.131689
0.125779
0.119797
0.11371
0.107489
0.1011
0.0945122
0.0876927
0.0806084
0.0732253
0.0655086
0.0574225
0.0489294
0.03999
0.0305629
0.0206033
0.010063
-0.00111111
-0.0129782
-0.0256053
-0.0390692
-0.0534595
-0.068882
-0.085463
-0.103354
-0.122738
-0.143834
-0.166899
-0.192229
-0.220146
-0.250964
-0.284929
-0.322104
-0.362182
-0.404222
-0.446284
-0.485033
-0.515379
-0.53037
-0.521565
-0.480134
-0.398652
-0.27309
-0.104082
0.0394914
0.106008
0.157948
0.195814
0.221552
0.237515
0.24597
0.248886
0.247857
0.244114
0.238579
0.231921
0.224618
0.217003
0.209301
0.201661
0.194176
0.1869
0.179859
0.173062
0.166501
0.160161
0.154023
0.14806
0.142244
0.136546
0.130936
0.125383
0.119855
0.114322
0.108753
0.103116
0.0973803
0.0915158
0.0854914
0.079276
0.0728385
0.0661472
0.0591699
0.0518735
0.0442236
0.0361844
0.0277181
0.0187843
0.00933912
-0.000665657
-0.0112839
-0.0225767
-0.0346151
-0.047482
-0.061277
-0.0761203
-0.0921587
-0.109573
-0.128585
-0.149466
-0.172543
-0.198192
-0.226828
-0.258855
-0.294579
-0.334031
-0.376707
-0.421161
-0.464498
-0.50183
-0.525881
-0.52708
-0.494524
-0.418026
-0.290922
-0.112488
0.0447461
0.118052
0.172826
0.210382
0.233782
0.246342
0.251026
0.25025
0.245854
0.239184
0.23119
0.222521
0.213613
0.204744
0.196087
0.187741
0.179756
0.17215
0.164918
0.158042
0.151495
0.145248
0.139265
0.133512
0.127954
0.122555
0.11728
0.112098
0.106974
0.101876
0.0967738
0.0916362
0.0864333
0.0811357
0.0757142
0.0701398
0.0643837
0.0584167
0.0522096
0.0457324
0.0389543
0.0318432
0.0243655
0.0164853
0.00816369
-0.000642042
-0.00997978
-0.0199041
-0.0304787
-0.0417786
-0.0538946
-0.0669378
-0.081046
-0.0963914
-0.113191
-0.131715
-0.152303
-0.175367
-0.201391
-0.230909
-0.26444
-0.302351
-0.344606
-0.390361
-0.437368
-0.481238
-0.514717
-0.527333
-0.505995
-0.43709
-0.310159
-0.122067
0.0516315
0.133094
0.190477
0.226619
0.246318
0.254215
0.254133
0.248966
0.240775
0.230965
0.220457
0.209834
0.199446
0.189492
0.18007
0.171216
0.162928
0.15518
0.147933
0.141144
0.134765
0.128749
0.12305
0.117623
0.112427
0.107422
0.102571
0.0978367
0.0931868
0.0885888
0.0840117
0.0794262
0.0748036
0.0701162
0.0653371
0.0604397
0.0553977
0.0501852
0.044776
0.0391435
0.0332609
0.0271
0.0206319
0.0138252
0.0066466
-0.000940916
-0.00897871
-0.0175142
-0.0266027
-0.0363103
-0.0467173
-0.0579233
-0.0700528
-0.0832642
-0.0977604
-0.113801
-0.13172
-0.151937
-0.174976
-0.201458
-0.232073
-0.267485
-0.308128
-0.353826
-0.40317
-0.452619
-0.495413
-0.520637
-0.513125
-0.4552
-0.331045
-0.133281
0.0608415
0.151925
0.211079
0.243978
0.258067
0.259748
0.253825
0.24364
0.231378
0.218405
0.205526
0.193188
0.181613
0.170884
0.161006
0.15194
0.143625
0.135989
0.128959
0.122464
0.116438
0.110819
0.105551
0.100583
0.0958668
0.0913604
0.0870242
0.082822
0.0787201
0.0746871
0.0706937
0.0667121
0.0627157
0.0586794
0.0545788
0.0503902
0.0460904
0.0416568
0.0370666
0.0322973
0.0273257
0.0221283
0.0166805
0.0109562
0.00492738
-0.00143678
-0.00817089
-0.0153147
-0.0229149
-0.0310276
-0.0397213
-0.049082
-0.0592184
-0.0702704
-0.0824198
-0.0959041
-0.111035
-0.128218
-0.147977
-0.170975
-0.198009
-0.229974
-0.267722
-0.311759
-0.361654
-0.415062
-0.466318
-0.504805
-0.513794
-0.47115
-0.353751
-0.146861
0.073481
0.175446
0.234358
0.261103
0.267038
0.260748
0.248009
0.232441
0.216164
0.200338
0.185534
0.171984
0.159729
0.14871
0.138824
0.12995
0.121967
0.114759
0.108223
0.102265
0.0968033
0.0917662
0.0870903
0.0827197
0.0786054
0.0747037
0.0709754
0.0673853
0.0639014
0.0604944
0.0571374
0.053805
0.0504739
0.0471218
0.0437274
0.0402705
0.0367315
0.0330911
0.0293306
0.0254311
0.0213739
0.0171398
0.0127088
0.00805993
0.0031708
-0.00198337
-0.00743034
-0.0132021
-0.0193365
-0.025879
-0.032886
-0.0404284
-0.048597
-0.0575098
-0.067322
-0.07824
-0.0905389
-0.104587
-0.120876
-0.140053
-0.162951
-0.190599
-0.224165
-0.264758
-0.312969
-0.367931
-0.425731
-0.477104
-0.504881
-0.482714
-0.378118
-0.163948
0.0913251
0.204427
0.258962
0.275177
0.269876
0.253977
0.233917
0.213199
0.193549
0.175695
0.159834
0.145903
0.133727
0.12309
0.113779
0.105597
0.0983708
0.0919528
0.086216
0.0810537
0.0763756
0.0721054
0.0681783
0.0645386
0.0611387
0.0579369
0.054897
0.0519869
0.0491777
0.0464439
0.0437618
0.0411099
0.0384685
0.0358189
0.0331437
0.0304262
0.0276508
0.024802
0.021865
0.018825
0.0156675
0.0123776
0.00893997
0.00533873
0.00155673
-0.00242483
-0.00662708
-0.0110744
-0.0157959
-0.0208265
-0.0262102
-0.0320024
-0.0382748
-0.0451215
-0.0526677
-0.0610817
-0.0705917
-0.0815096
-0.094262
-0.109432
-0.12781
-0.150439
-0.178645
-0.213975
-0.25792
-0.311202
-0.372241
-0.434412
-0.482001
-0.485938
-0.403023
-0.186189
0.117237
0.238729
0.281166
0.280917
0.261354
0.235099
0.208356
0.183803
0.162316
0.143941
0.128387
0.115255
0.104149
0.0947142
0.0866501
0.0797084
0.0736867
0.068421
0.0637784
0.0596512
0.0559512
0.0526062
0.0495563
0.0467514
0.0441495
0.0417146
0.0394158
0.0372262
0.0351222
0.033083
0.0310896
0.0291251
0.027174
0.0252219
0.0232555
0.0212622
0.0192301
0.017148
0.0150048
0.0127899
0.0104926
0.00810243
0.00560843
0.0029993
0.000262927
-0.00261392
-0.00564621
-0.00885128
-0.0122498
-0.0158669
-0.0197344
-0.0238926
-0.0283941
-0.0333087
-0.0387297
-0.0447841
-0.0516464
-0.0595587
-0.0688598
-0.080026
-0.0937284
-0.110906
-0.132853
-0.161279
-0.198278
-0.245962
-0.305348
-0.373706
-0.439406
-0.474156
-0.425179
-0.215875
0.156133
0.275094
0.291992
0.268815
0.233915
0.199033
0.168436
0.143022
0.122382
0.105737
0.0922999
0.0813917
0.072463
0.0650835
0.0589215
0.0537214
0.049287
0.045466
0.0421402
0.0392164
0.036621
0.0342947
0.0321897
0.0302669
0.0284938
0.0268431
0.0252919
0.0238203
0.0224113
0.0210498
0.0197224
0.0184173
0.0171237
0.0158316
0.014532
0.0132163
0.0118768
0.0105059
0.00909626
0.00764106
0.00613343
0.00456656
0.00293354
0.00122717
-0.000560202
-0.00243693
-0.00441252
-0.00649801
-0.00870662
-0.0110546
-0.0135627
-0.0162571
-0.0191727
-0.0223557
-0.0258686
-0.029797
-0.0342597
-0.0394239
-0.0455269
-0.0529107
-0.0620722
-0.073739
-0.0889785
-0.109344
-0.137033
-0.174953
-0.226329
-0.292941
-0.370145
-0.43658
-0.43677
-0.256243
0.21399
0.300601
0.27238
0.223962
0.178798
0.141954
0.113586
0.0922042
0.0761062
0.0638862
0.0544935
0.0471681
0.0413664
0.0367003
0.0328909
0.0297364
0.0270888
0.0248378
0.0229008
0.0212146
0.0197301
0.0184091
0.0172212
0.0161417
0.0151506
0.0142315
0.0133704
0.0125557
0.0117771
0.0110261
0.0102947
0.00957633
0.00886471
0.00815432
0.00744007
0.00671727
0.00598156
0.00522884
0.00445522
0.00365697
0.00283044
0.00197203
0.00107812
0.000144931
-0.000831524
-0.00185566
-0.00293245
-0.00406776
-0.00526863
-0.00654385
-0.00790457
-0.00936526
-0.010945
-0.0126695
-0.0145734
-0.0167049
-0.0191309
-0.0219464
-0.0252883
-0.0293568
-0.03445
-0.0410196
-0.0497626
-0.0617715
-0.0787748
-0.103492
-0.140014
-0.193639
-0.268269
-0.357423
-0.419017
-0.305815
0.266009
0.275957
0.198599
0.138939
0.0984671
0.0710685
0.052666
0.0402617
0.0317403
0.0257324
0.0213796
0.0181404
0.0156683
0.0137371
0.0121964
0.0109437
0.0099075
0.00903689
0.0082948
0.00765371
0.00709282
0.00659614
0.00615116
0.00574796
0.00537852
0.00503631
0.00471587
0.00441264
0.00412272
0.00384275
0.00356977
0.00330121
0.00303474
0.00276828
0.00249994
0.00222798
0.00195081
0.00166692
0.00137492
0.00107345
0.000761223
0.000436962
9.9375e-05
-0.000252813
-0.000621057
-0.00100694
-0.00141223
-0.00183906
-0.00229003
-0.00276841
-0.00327841
-0.00382553
-0.00441711
-0.00506302
-0.00577676
-0.00657702
-0.00749001
-0.00855308
-0.00982038
-0.0113721
-0.0133295
-0.0158816
-0.0193316
-0.024185
-0.0313202
-0.042329
-0.0601792
-0.0903351
-0.141897
-0.2255
-0.331008
-0.319485
0.142935
0.125432
0.0767439
0.0457852
0.0280225
0.0176535
0.0115785
0.00799254
0.00581835
0.00444633
0.00354097
0.0029162
0.00246652
0.00213044
0.00187096
0.001665
0.00149761
0.00135875
0.00124145
0.00114074
0.00105297
0.000975397
0.000905915
0.000842878
0.000784971
0.000731131
0.000680479
0.00063228
0.000585909
0.000540829
0.000496573
0.00045273
0.000408935
0.00036486
0.00032021
0.000274715
0.00022813
0.000180227
0.000130795
7.96317e-05
2.65459e-05
-2.86549e-05
-8.61684e-05
-0.00014613
-0.000208806
-0.000274438
-0.000343298
-0.00041573
-0.000492166
-0.000573163
-0.000659453
-0.00075201
-0.000852146
-0.000961643
-0.00108295
-0.00121948
-0.00137602
-0.00155941
-0.00177964
-0.0020516
-0.00239814
-0.00285569
-0.00348491
-0.00439294
-0.00578243
-0.00806657
-0.0121428
-0.0200324
-0.0362275
-0.069559
-0.12766
-0.152141
)
;

boundaryField
{
    movingWall
    {
        type            calculated;
        value           uniform 0;
    }
    fixedWalls
    {
        type            calculated;
        value           uniform 0;
    }
    frontAndBack
    {
        type            empty;
    }
}


// ************************************************************************* //
