/*--------------------------------*- C++ -*----------------------------------*\
  =========                 |
  \\      /  F ield         | OpenFOAM: The Open Source CFD Toolbox
   \\    /   O peration     | Website:  https://openfoam.org
    \\  /    A nd           | Version:  dev
     \\/     M anipulation  |
\*---------------------------------------------------------------------------*/
FoamFile
{
    format      ascii;
    class       volScalarField;
    location    "42.3";
    object      Ux;
}
// * * * * * * * * * * * * * * * * * * * * * * * * * * * * * * * * * * * * * //

dimensions      [0 1 -1 0 0 0 0];

internalField   nonuniform List<scalar> 
5184
(
1.23739e-05
4.52522e-05
8.04021e-05
9.60586e-05
8.22316e-05
3.6533e-05
-4.04947e-05
-0.000146834
-0.00027969
-0.000436005
-0.000612657
-0.000806613
-0.001015
-0.00123516
-0.00146463
-0.00170114
-0.00194264
-0.00218719
-0.00243301
-0.00267843
-0.00292184
-0.00316167
-0.00339639
-0.00362448
-0.00384442
-0.00405465
-0.00425363
-0.00443978
-0.00461152
-0.00476727
-0.00490547
-0.0050246
-0.00512319
-0.00519987
-0.00525337
-0.00528259
-0.00528658
-0.0052646
-0.00521616
-0.00514103
-0.00503927
-0.00491126
-0.0047577
-0.00457965
-0.00437851
-0.00415604
-0.00391433
-0.00365582
-0.00338322
-0.00309955
-0.00280804
-0.00251212
-0.00221537
-0.00192143
-0.00163399
-0.00135669
-0.00109305
-0.000846466
-0.000620072
-0.000416723
-0.000238917
-8.8731e-05
3.22462e-05
0.000123001
0.000183201
0.00021335
0.000215036
0.000191312
0.000147211
9.08293e-05
3.66381e-05
6.2273e-06
2.08819e-05
6.57117e-05
9.48309e-05
7.29363e-05
-1.88112e-05
-0.000187228
-0.0004329
-0.000752612
-0.00114082
-0.00159074
-0.00209503
-0.00264622
-0.00323702
-0.00386043
-0.00450984
-0.00517904
-0.00586225
-0.006554
-0.00724918
-0.00794288
-0.00863041
-0.00930721
-0.00996881
-0.0106108
-0.0112287
-0.0118182
-0.0123749
-0.0128943
-0.013372
-0.0138037
-0.0141852
-0.0145123
-0.0147812
-0.0149882
-0.0151301
-0.0152039
-0.0152075
-0.0151388
-0.014997
-0.0147815
-0.0144928
-0.014132
-0.0137014
-0.0132039
-0.0126435
-0.0120251
-0.0113543
-0.010638
-0.00988331
-0.00909848
-0.00829219
-0.00747361
-0.00665229
-0.00583795
-0.0050404
-0.0042693
-0.00353403
-0.00284352
-0.00220605
-0.00162909
-0.00111914
-0.000681473
-0.000320018
-3.70551e-05
0.000167052
0.000294225
0.000349218
0.000340308
0.000279992
0.00018613
8.64017e-05
1.96864e-05
1.76581e-05
4.13952e-05
1.96944e-05
-8.39013e-05
-0.000290185
-0.000607905
-0.00103832
-0.00157763
-0.00221865
-0.0029522
-0.00376801
-0.00465535
-0.0056035
-0.00660199
-0.00764077
-0.00871027
-0.00980141
-0.0109056
-0.0120146
-0.0131205
-0.0142159
-0.0152933
-0.0163454
-0.0173652
-0.0183456
-0.0192794
-0.0201598
-0.0209796
-0.0217321
-0.0224105
-0.0230082
-0.0235188
-0.0239366
-0.0242559
-0.024472
-0.0245805
-0.0245781
-0.0244622
-0.0242315
-0.0238854
-0.023425
-0.0228522
-0.0221706
-0.0213851
-0.0205019
-0.0195285
-0.018474
-0.0173486
-0.0161636
-0.0149315
-0.0136656
-0.01238
-0.0110891
-0.00980795
-0.00855129
-0.00733387
-0.00616994
-0.00507304
-0.00405571
-0.00312923
-0.00230334
-0.00158592
-0.000982729
-0.000496981
-0.000128989
0.000124318
0.000270042
0.000320039
0.000291448
0.000207508
0.000102499
2.49866e-05
8.85435e-06
-6.96988e-06
-0.00010753
-0.000322333
-0.000669633
-0.00115784
-0.0017877
-0.00255445
-0.00344954
-0.00446193
-0.00557916
-0.00678799
-0.00807504
-0.00942702
-0.010831
-0.0122747
-0.013746
-0.0152336
-0.0167265
-0.0182142
-0.0196865
-0.0211334
-0.0225451
-0.023912
-0.0252246
-0.0264733
-0.0276488
-0.0287418
-0.0297433
-0.0306443
-0.0314362
-0.0321109
-0.0326607
-0.0330786
-0.0333585
-0.0334949
-0.0334837
-0.0333219
-0.0330077
-0.0325411
-0.0319233
-0.0311573
-0.030248
-0.0292017
-0.0280268
-0.0267333
-0.0253329
-0.023839
-0.0222663
-0.020631
-0.0189503
-0.0172423
-0.0155259
-0.0138202
-0.0121444
-0.0105175
-0.00895783
-0.00748283
-0.00610865
-0.00484979
-0.00371874
-0.00272561
-0.00187774
-0.00117924
-0.000630591
-0.000228079
3.6776e-05
0.00017788
0.000214966
0.000174213
9.3081e-05
2.40389e-05
-2.11582e-06
-6.72749e-05
-0.000264112
-0.000609829
-0.00111693
-0.00179163
-0.00263294
-0.00363449
-0.00478614
-0.00607517
-0.00748724
-0.00900708
-0.0106191
-0.0123077
-0.0140577
-0.0158541
-0.0176827
-0.0195295
-0.0213812
-0.0232249
-0.0250479
-0.0268379
-0.0285828
-0.0302708
-0.03189
-0.0334288
-0.0348756
-0.0362192
-0.0374485
-0.0385527
-0.0395214
-0.0403449
-0.0410141
-0.0415207
-0.0418573
-0.0420178
-0.0419973
-0.0417925
-0.0414015
-0.0408245
-0.0400632
-0.0391215
-0.0380052
-0.0367223
-0.0352828
-0.033699
-0.0319847
-0.0301562
-0.028231
-0.0262284
-0.0241691
-0.0220747
-0.0199677
-0.0178707
-0.0158069
-0.0137987
-0.0118681
-0.0100359
-0.00832132
-0.00674175
-0.00531213
-0.00404459
-0.00294798
-0.00202745
-0.00128394
-0.000713677
-0.000307668
-5.11311e-05
7.68199e-05
0.000103703
6.75566e-05
1.96768e-05
-1.36926e-05
-0.000132844
-0.000435889
-0.000924808
-0.00160424
-0.00247674
-0.00353847
-0.00478074
-0.00619145
-0.00775607
-0.00945846
-0.0112816
-0.0132079
-0.0152199
-0.0173002
-0.0194321
-0.021599
-0.0237849
-0.0259743
-0.0281523
-0.0303039
-0.0324148
-0.0344709
-0.0364581
-0.0383627
-0.0401711
-0.0418697
-0.0434456
-0.0448859
-0.0461781
-0.0473103
-0.0482714
-0.049051
-0.0496396
-0.0500291
-0.0502125
-0.0501845
-0.0499414
-0.0494814
-0.0488046
-0.0479133
-0.0468122
-0.045508
-0.0440099
-0.0423296
-0.0404809
-0.0384799
-0.0363449
-0.0340962
-0.0317557
-0.0293468
-0.0268944
-0.0244238
-0.0219612
-0.0195327
-0.017164
-0.0148804
-0.0127055
-0.0106615
-0.00876835
-0.00704322
-0.00550025
-0.00414992
-0.00299858
-0.00204801
-0.00129494
-0.000730571
-0.000340176
-0.000102785
9.24817e-06
3.25413e-05
1.36311e-05
-2.51897e-05
-0.000200049
-0.000614207
-0.00125319
-0.00211253
-0.00319007
-0.00447825
-0.00596536
-0.00763687
-0.00947625
-0.0114655
-0.0135858
-0.0158179
-0.0181426
-0.0205408
-0.0229938
-0.0254834
-0.0279917
-0.0305013
-0.0329953
-0.0354572
-0.0378705
-0.0402193
-0.0424878
-0.0446605
-0.0467218
-0.0486568
-0.0504506
-0.0520889
-0.0535577
-0.0548439
-0.055935
-0.0568194
-0.0574868
-0.0579282
-0.0581359
-0.0581043
-0.0578292
-0.0573088
-0.0565435
-0.0555358
-0.0542909
-0.0528164
-0.0511226
-0.0492222
-0.0471308
-0.044866
-0.0424482
-0.0398997
-0.0372447
-0.0345093
-0.0317207
-0.0289073
-0.026098
-0.0233217
-0.0206073
-0.0179826
-0.0154743
-0.013107
-0.0109034
-0.00888277
-0.00706138
-0.00545143
-0.00406078
-0.00289241
-0.00194404
-0.00120771
-0.000669484
-0.000309126
-9.97918e-05
-7.68001e-06
6.86885e-06
-3.6348e-05
-0.000267003
-0.000793939
-0.00158603
-0.0026291
-0.00391561
-0.00543358
-0.00716772
-0.00910069
-0.0112136
-0.0134866
-0.0158989
-0.0184298
-0.0210583
-0.0237639
-0.0265262
-0.0293254
-0.0321421
-0.0349573
-0.0377523
-0.0405091
-0.0432096
-0.0458361
-0.0483713
-0.0507981
-0.0530993
-0.0552586
-0.0572595
-0.0590864
-0.0607241
-0.0621581
-0.0633747
-0.0643616
-0.0651074
-0.0656023
-0.0658382
-0.0658088
-0.0655098
-0.064939
-0.064097
-0.0629865
-0.0616131
-0.0599849
-0.0581132
-0.0560116
-0.0536968
-0.051188
-0.048507
-0.0456781
-0.0427275
-0.0396834
-0.0365754
-0.0334344
-0.0302917
-0.0271792
-0.0241283
-0.0211697
-0.0183325
-0.0156442
-0.0131298
-0.0108111
-0.00870649
-0.00683011
-0.00519163
-0.00379564
-0.0026413
-0.00172201
-0.00102521
-0.000532053
-0.000217174
-5.04378e-05
-7.82909e-08
-4.70716e-05
-0.000332721
-0.000972088
-0.00191771
-0.00314556
-0.00464229
-0.00639108
-0.00837263
-0.0105664
-0.0129511
-0.0155044
-0.018204
-0.0210273
-0.023952
-0.026956
-0.0300176
-0.0331154
-0.0362288
-0.0393373
-0.042421
-0.04546
-0.0484352
-0.0513273
-0.0541177
-0.0567876
-0.0593189
-0.0616935
-0.063894
-0.0659033
-0.067705
-0.0692837
-0.0706246
-0.0717143
-0.0725408
-0.0730935
-0.0733636
-0.0733442
-0.0730307
-0.0724209
-0.0715149
-0.0703156
-0.0688288
-0.0670631
-0.0650301
-0.0627444
-0.0602234
-0.0574877
-0.0545603
-0.051467
-0.0482358
-0.0448968
-0.0414817
-0.0380238
-0.0345568
-0.031115
-0.0277325
-0.0244427
-0.0212774
-0.0182668
-0.0154384
-0.0128167
-0.0104222
-0.00827158
-0.00637648
-0.00474348
-0.00337361
-0.00226209
-0.00139821
-0.000764991
-0.00033899
-9.41715e-05
-6.93977e-06
-5.73498e-05
-0.000396724
-0.00114691
-0.0022447
-0.00365632
-0.00536246
-0.00734116
-0.00956885
-0.0120216
-0.0146752
-0.0175052
-0.0204872
-0.0235971
-0.0268111
-0.0301056
-0.0334576
-0.0368448
-0.0402449
-0.0436365
-0.0469983
-0.0503093
-0.0535491
-0.0566972
-0.0597336
-0.0626386
-0.0653926
-0.0679766
-0.0703717
-0.07256
-0.0745239
-0.076247
-0.0777135
-0.0789092
-0.0798212
-0.0804381
-0.0807504
-0.0807508
-0.080434
-0.0797975
-0.0788411
-0.0775676
-0.0759828
-0.0740953
-0.0719172
-0.0694634
-0.0667521
-0.0638046
-0.0606452
-0.0573008
-0.053801
-0.0501776
-0.0464644
-0.0426966
-0.0389103
-0.0351424
-0.0314296
-0.0278078
-0.0243119
-0.0209746
-0.0178264
-0.0148944
-0.0122019
-0.00976806
-0.00760696
-0.00572756
-0.00413313
-0.00282111
-0.00178301
-0.00100407
-0.000463025
-0.000138063
-1.35996e-05
-6.72008e-05
-0.000458784
-0.00131741
-0.00256479
-0.00415767
-0.00607075
-0.00827687
-0.010748
-0.0134566
-0.0163754
-0.0194778
-0.0227372
-0.0261279
-0.0296245
-0.0332023
-0.0368371
-0.0405052
-0.0441836
-0.0478496
-0.0514808
-0.0550554
-0.0585516
-0.0619482
-0.065224
-0.0683581
-0.07133
-0.0741196
-0.0767071
-0.0790734
-0.0812001
-0.0830697
-0.0846656
-0.0859727
-0.0869771
-0.0876668
-0.0880315
-0.088063
-0.0877557
-0.0871062
-0.0861141
-0.0847818
-0.0831146
-0.0811213
-0.0788138
-0.0762074
-0.0733206
-0.0701753
-0.0667965
-0.0632124
-0.0594538
-0.0555541
-0.0515489
-0.0474753
-0.0433719
-0.039278
-0.0352329
-0.0312755
-0.0274434
-0.0237726
-0.0202964
-0.0170449
-0.0140445
-0.0113171
-0.00887982
-0.00674422
-0.0049162
-0.00339576
-0.00217694
-0.00124742
-0.000588265
-0.000181786
-2.00313e-05
-7.66482e-05
-0.000518798
-0.00148298
-0.00287652
-0.00464705
-0.00676338
-0.00919311
-0.0119037
-0.0148639
-0.0180434
-0.0214131
-0.0249445
-0.02861
-0.0323828
-0.036237
-0.0401473
-0.044089
-0.0480381
-0.0519709
-0.0558643
-0.0596954
-0.0634417
-0.0670809
-0.0705911
-0.0739504
-0.0771374
-0.080131
-0.0829107
-0.0854563
-0.0877485
-0.089769
-0.0915002
-0.0929262
-0.0940321
-0.094805
-0.0952339
-0.0953098
-0.0950261
-0.0943788
-0.0933668
-0.0919918
-0.0902587
-0.0881759
-0.085755
-0.0830112
-0.0799632
-0.0766333
-0.0730469
-0.0692332
-0.065224
-0.0610542
-0.056761
-0.0523836
-0.0479629
-0.0435406
-0.0391589
-0.0348596
-0.0306836
-0.0266698
-0.0228552
-0.019273
-0.0159531
-0.0129207
-0.0101959
-0.00779356
-0.00572246
-0.00398548
-0.00257946
-0.00149469
-0.000714553
-0.00022534
-2.62614e-05
-8.57128e-05
-0.000576713
-0.00164324
-0.00317893
-0.00512265
-0.0074375
-0.0100859
-0.0130309
-0.0162375
-0.0196723
-0.0233036
-0.0271009
-0.0310349
-0.0350774
-0.0392013
-0.0433802
-0.0475885
-0.0518014
-0.0559945
-0.0601437
-0.0642256
-0.0682168
-0.0720943
-0.0758354
-0.0794175
-0.0828184
-0.0860162
-0.0889896
-0.0917175
-0.0941799
-0.0963574
-0.0982317
-0.0997859
-0.101004
-0.101873
-0.102379
-0.102514
-0.10227
-0.101641
-0.100626
-0.0992258
-0.0974441
-0.0952888
-0.0927709
-0.0899054
-0.0867106
-0.0832089
-0.0794263
-0.0753923
-0.0711398
-0.0667049
-0.0621264
-0.0574457
-0.0527057
-0.0479508
-0.0432262
-0.0385767
-0.0340467
-0.0296788
-0.0255133
-0.0215875
-0.0179349
-0.0145842
-0.0115594
-0.00887865
-0.00655411
-0.00459182
-0.00299165
-0.00174658
-0.000842336
-0.000268947
-3.23484e-05
-9.44096e-05
-0.000632492
-0.00179791
-0.00347126
-0.00558304
-0.00809088
-0.0109522
-0.0141256
-0.0175723
-0.0212561
-0.0251425
-0.0291991
-0.0333949
-0.0377003
-0.0420871
-0.0465278
-0.0509961
-0.0554664
-0.0599136
-0.0643131
-0.0686408
-0.0728727
-0.0769852
-0.0809549
-0.0847587
-0.0883737
-0.0917773
-0.0949473
-0.0978621
-0.100501
-0.102843
-0.10487
-0.106563
-0.107906
-0.108884
-0.109483
-0.109693
-0.109505
-0.108913
-0.107914
-0.106506
-0.104694
-0.102484
-0.0998868
-0.0969156
-0.0935889
-0.0899288
-0.0859613
-0.0817163
-0.0772274
-0.072532
-0.0676703
-0.0626855
-0.0576231
-0.0525301
-0.0474547
-0.0424452
-0.0375496
-0.0328144
-0.028284
-0.0239998
-0.0199995
-0.0163159
-0.012977
-0.0100049
-0.00741534
-0.00521795
-0.00341577
-0.00200461
-0.000972491
-0.000312978
-3.83704e-05
-0.000102747
-0.000686091
-0.00194674
-0.00375288
-0.00602704
-0.00872161
-0.0117892
-0.0151841
-0.0188639
-0.0227895
-0.0269239
-0.0312326
-0.0356829
-0.040244
-0.0448865
-0.0495822
-0.0543039
-0.0590254
-0.063721
-0.0683656
-0.0729346
-0.0774036
-0.0817485
-0.0859454
-0.0899707
-0.0938009
-0.0974127
-0.100784
-0.103891
-0.106713
-0.109229
-0.111419
-0.113263
-0.114745
-0.115847
-0.116556
-0.116858
-0.116745
-0.116209
-0.115244
-0.113849
-0.112027
-0.109781
-0.107122
-0.104063
-0.10062
-0.0968154
-0.092675
-0.0882287
-0.0835107
-0.0785593
-0.0734163
-0.0681266
-0.062738
-0.0573005
-0.0518655
-0.0464849
-0.0412107
-0.0360937
-0.0311827
-0.0265237
-0.0221589
-0.0181261
-0.0144574
-0.0111794
-0.00831187
-0.00586824
-0.00385499
-0.00227089
-0.0011062
-0.000357905
-4.44175e-05
-0.000110724
-0.000737448
-0.00208947
-0.00402317
-0.00645355
-0.00932797
-0.0125945
-0.0162032
-0.0201083
-0.0242677
-0.028642
-0.0331948
-0.0378919
-0.0427011
-0.0475919
-0.0525353
-0.0575036
-0.06247
-0.0674083
-0.072293
-0.0770992
-0.0818021
-0.0863773
-0.0908004
-0.0950474
-0.0990945
-0.102918
-0.106494
-0.109801
-0.112815
-0.115514
-0.117878
-0.119887
-0.121522
-0.122765
-0.1236
-0.124014
-0.123996
-0.123535
-0.122626
-0.121265
-0.119453
-0.117192
-0.114492
-0.111362
-0.10782
-0.103886
-0.0995862
-0.0949493
-0.0900103
-0.0848082
-0.0793861
-0.0737907
-0.0680723
-0.0622837
-0.0564797
-0.0507162
-0.0450494
-0.0395347
-0.034226
-0.0291743
-0.0244269
-0.0200266
-0.0160108
-0.0124107
-0.00925056
-0.00654797
-0.00431314
-0.00254792
-0.00124486
-0.000404269
-5.05874e-05
-0.000118336
-0.000786482
-0.00222582
-0.00428152
-0.00686145
-0.00990826
-0.0133656
-0.0171797
-0.0213015
-0.025686
-0.0302915
-0.0350798
-0.0400151
-0.045064
-0.0501951
-0.0553788
-0.0605866
-0.0657912
-0.0709664
-0.0760861
-0.0811253
-0.0860589
-0.0908622
-0.0955108
-0.0999802
-0.104246
-0.108285
-0.112072
-0.115584
-0.118798
-0.121692
-0.124242
-0.126429
-0.128232
-0.129633
-0.130614
-0.131159
-0.131256
-0.130892
-0.130061
-0.128757
-0.126977
-0.124723
-0.122002
-0.118823
-0.1152
-0.111154
-0.106709
-0.101894
-0.096743
-0.0912966
-0.0855986
-0.0796977
-0.0736463
-0.0675002
-0.0613179
-0.0551593
-0.0490853
-0.0431564
-0.0374317
-0.031968
-0.0268182
-0.0220307
-0.0176486
-0.0137083
-0.0102391
-0.00726309
-0.00479451
-0.00283852
-0.00139001
-0.000452661
-5.69824e-05
-0.000125569
-0.000833086
-0.00235545
-0.00452724
-0.00724961
-0.0104608
-0.0141003
-0.0181107
-0.0224397
-0.0270397
-0.0318669
-0.0368812
-0.0420455
-0.0473252
-0.0526881
-0.0581037
-0.0635434
-0.0689794
-0.0743851
-0.0797344
-0.0850021
-0.0901629
-0.0951922
-0.100065
-0.104757
-0.109244
-0.113501
-0.117504
-0.121229
-0.124652
-0.12775
-0.1305
-0.132879
-0.134867
-0.136442
-0.137587
-0.138284
-0.138517
-0.138274
-0.137544
-0.136319
-0.134596
-0.132373
-0.129654
-0.126447
-0.122764
-0.118625
-0.114051
-0.109072
-0.103721
-0.0980384
-0.0920696
-0.0858645
-0.0794781
-0.072969
-0.0663995
-0.0598338
-0.0533379
-0.0469775
-0.0408179
-0.0349216
-0.0293481
-0.0241522
-0.0193828
-0.0150823
-0.0112858
-0.00802
-0.00530374
-0.00314571
-0.00154331
-0.0005037
-6.37075e-05
-0.000132406
-0.000877137
-0.00247799
-0.00475961
-0.00761684
-0.0109838
-0.0147961
-0.0189929
-0.023519
-0.0283242
-0.0333628
-0.0385929
-0.0439761
-0.0494769
-0.0550621
-0.060701
-0.0663642
-0.0720239
-0.0776532
-0.0832262
-0.0887172
-0.0941014
-0.0993538
-0.10445
-0.109365
-0.114074
-0.118552
-0.122776
-0.126721
-0.130361
-0.133674
-0.136634
-0.13922
-0.141407
-0.143176
-0.144504
-0.145373
-0.145765
-0.145665
-0.14506
-0.14394
-0.142298
-0.140131
-0.137439
-0.134229
-0.13051
-0.126298
-0.121614
-0.116487
-0.11095
-0.105042
-0.09881
-0.0923044
-0.0855826
-0.0787066
-0.071742
-0.064758
-0.0578256
-0.0510165
-0.0444022
-0.0380521
-0.0320326
-0.0264052
-0.0212259
-0.0165435
-0.0123992
-0.00882544
-0.00584569
-0.00347266
-0.00170646
-0.000558029
-7.08694e-05
-0.000138824
-0.000918488
-0.00259305
-0.00497785
-0.00796188
-0.0114754
-0.0154506
-0.0198232
-0.0245354
-0.0295347
-0.0347736
-0.0402084
-0.0457997
-0.0515109
-0.0573084
-0.0631608
-0.0690384
-0.0749133
-0.0807586
-0.0865483
-0.092257
-0.0978596
-0.103332
-0.108648
-0.113785
-0.118717
-0.12342
-0.127868
-0.132038
-0.135903
-0.13944
-0.142623
-0.145428
-0.147832
-0.14981
-0.15134
-0.152403
-0.152976
-0.153044
-0.152589
-0.1516
-0.150066
-0.147982
-0.145344
-0.142156
-0.138425
-0.134164
-0.129394
-0.124139
-0.118432
-0.112312
-0.105826
-0.0990259
-0.091971
-0.0847259
-0.0773603
-0.0699479
-0.0625653
-0.0552906
-0.0482019
-0.0413761
-0.034887
-0.028804
-0.0231905
-0.0181027
-0.0135884
-0.00968631
-0.00642538
-0.00382262
-0.00188125
-0.000616302
-7.85758e-05
-0.000144798
-0.000956981
-0.00270018
-0.00518113
-0.00828342
-0.0119338
-0.0160612
-0.0205984
-0.025485
-0.0306666
-0.0360936
-0.0417213
-0.0475089
-0.0534192
-0.0594178
-0.0654729
-0.0715549
-0.0776356
-0.0836882
-0.0896867
-0.095606
-0.101421
-0.107108
-0.112642
-0.117999
-0.123153
-0.128081
-0.132757
-0.137156
-0.141253
-0.145023
-0.148439
-0.151476
-0.15411
-0.156315
-0.158067
-0.159343
-0.16012
-0.160379
-0.160101
-0.159269
-0.157871
-0.155897
-0.153342
-0.150205
-0.14649
-0.142208
-0.137375
-0.132015
-0.126158
-0.119844
-0.113117
-0.106032
-0.0986494
-0.091036
-0.0832656
-0.0754168
-0.0675718
-0.0598153
-0.0522329
-0.0449093
-0.0379266
-0.0313626
-0.0252892
-0.0197706
-0.0148622
-0.0106096
-0.00704787
-0.00419892
-0.00206947
-0.000679183
-8.6935e-05
-0.000150299
-0.000992447
-0.00279892
-0.00536859
-0.00858012
-0.0123571
-0.0166254
-0.0213152
-0.0263639
-0.0317149
-0.0373173
-0.043125
-0.0490962
-0.055193
-0.0613806
-0.0676269
-0.073902
-0.0801779
-0.0864278
-0.0926262
-0.0987479
-0.104769
-0.110664
-0.116411
-0.121983
-0.127358
-0.132511
-0.137416
-0.142048
-0.146381
-0.15039
-0.154049
-0.157329
-0.160207
-0.162654
-0.164645
-0.166154
-0.167158
-0.167632
-0.167555
-0.166909
-0.165676
-0.163843
-0.161401
-0.158345
-0.154677
-0.150402
-0.145535
-0.140097
-0.134115
-0.127626
-0.120677
-0.11332
-0.105618
-0.0976409
-0.0894652
-0.0811744
-0.0728567
-0.0646039
-0.0565093
-0.0486661
-0.0411655
-0.0340945
-0.0275343
-0.021558
-0.0162296
-0.0116024
-0.00771827
-0.00460486
-0.0022729
-0.000747342
-9.60559e-05
-0.000155299
-0.00102471
-0.00288881
-0.00553936
-0.00885061
-0.0127433
-0.0171406
-0.0219704
-0.0271679
-0.0326748
-0.0384389
-0.0444128
-0.050554
-0.0568238
-0.0631872
-0.0696117
-0.0760676
-0.0825268
-0.0889629
-0.0953505
-0.101665
-0.107883
-0.113979
-0.119931
-0.125715
-0.131307
-0.136681
-0.141814
-0.14668
-0.151253
-0.155507
-0.159414
-0.162948
-0.16608
-0.168784
-0.17103
-0.172792
-0.174042
-0.174755
-0.174906
-0.174472
-0.173433
-0.171772
-0.169475
-0.166534
-0.162945
-0.158712
-0.153843
-0.148356
-0.142277
-0.13564
-0.12849
-0.120879
-0.112872
-0.104539
-0.0959608
-0.087226
-0.0784284
-0.0696669
-0.0610431
-0.0526594
-0.0446167
-0.0370122
-0.0299373
-0.0234751
-0.0176992
-0.0126714
-0.00844164
-0.0050438
-0.00249338
-0.000821449
-0.000106048
-0.000159767
-0.0010536
-0.00296939
-0.0056926
-0.00909357
-0.0130906
-0.0176044
-0.0225608
-0.0278931
-0.0335417
-0.0394528
-0.0455783
-0.0518747
-0.0583031
-0.0648278
-0.0714165
-0.0780394
-0.0846686
-0.0912781
-0.0978428
-0.104339
-0.110742
-0.11703
-0.12318
-0.129167
-0.134969
-0.140561
-0.145919
-0.151018
-0.155831
-0.160331
-0.164493
-0.168286
-0.171683
-0.174654
-0.177171
-0.179202
-0.180719
-0.181693
-0.182096
-0.181902
-0.181087
-0.179629
-0.177511
-0.17472
-0.171246
-0.167089
-0.162254
-0.156753
-0.15061
-0.143856
-0.136532
-0.128691
-0.120396
-0.111721
-0.102749
-0.0935717
-0.0842904
-0.0750108
-0.0658431
-0.0568995
-0.0482914
-0.0401271
-0.0325091
-0.0255319
-0.0192794
-0.0138236
-0.00922299
-0.00551901
-0.0027327
-0.000902177
-0.000117023
-0.000163674
-0.00107894
-0.0030402
-0.00582747
-0.00930773
-0.0133971
-0.0180144
-0.0230834
-0.0285359
-0.034311
-0.0403537
-0.0466151
-0.0530511
-0.0596222
-0.0662927
-0.0730302
-0.0798049
-0.0865894
-0.0933578
-0.100086
-0.10675
-0.113327
-0.119795
-0.12613
-0.132312
-0.138315
-0.144118
-0.149695
-0.155022
-0.160072
-0.16482
-0.169237
-0.173294
-0.176962
-0.180211
-0.183008
-0.185324
-0.187126
-0.188381
-0.189061
-0.189134
-0.188572
-0.18735
-0.185445
-0.182839
-0.179519
-0.175478
-0.170715
-0.16524
-0.15907
-0.152233
-0.144768
-0.136726
-0.128169
-0.119171
-0.109817
-0.100206
-0.0904416
-0.0806383
-0.0709151
-0.0613944
-0.0521989
-0.043449
-0.0352596
-0.0277373
-0.0209782
-0.0150653
-0.0100672
-0.00603374
-0.00299264
-0.000990198
-0.000129091
-0.000166992
-0.00110057
-0.00310083
-0.00594322
-0.00949193
-0.0136613
-0.0183683
-0.0235353
-0.0290928
-0.0349784
-0.0411365
-0.0475172
-0.054076
-0.060773
-0.0675725
-0.0744419
-0.0813519
-0.0882751
-0.0951863
-0.102062
-0.108878
-0.115614
-0.122248
-0.128756
-0.135119
-0.141313
-0.147316
-0.153103
-0.158651
-0.163934
-0.168925
-0.173595
-0.177917
-0.18186
-0.185391
-0.18848
-0.191092
-0.193193
-0.194749
-0.195726
-0.196091
-0.195812
-0.194857
-0.193201
-0.190818
-0.187692
-0.183808
-0.179161
-0.173755
-0.167601
-0.160723
-0.153156
-0.144947
-0.136158
-0.126863
-0.117149
-0.107115
-0.0968745
-0.0865467
-0.0762603
-0.0661485
-0.0563459
-0.046986
-0.0381971
-0.0300997
-0.022803
-0.0164027
-0.0109789
-0.00659118
-0.00327499
-0.00108618
-0.000142367
-0.000169699
-0.00111837
-0.00315094
-0.0060392
-0.00964513
-0.0138816
-0.0186643
-0.0239142
-0.0295605
-0.0355401
-0.0417964
-0.048279
-0.0549428
-0.0617478
-0.0686581
-0.0756413
-0.0826683
-0.0897121
-0.0967482
-0.103753
-0.110705
-0.117583
-0.124365
-0.13103
-0.137559
-0.143929
-0.150119
-0.156104
-0.161863
-0.167368
-0.172595
-0.177514
-0.182098
-0.186314
-0.190131
-0.193516
-0.196432
-0.198845
-0.200717
-0.202012
-0.202693
-0.202722
-0.202067
-0.200693
-0.198573
-0.195681
-0.191999
-0.187515
-0.182224
-0.176134
-0.169262
-0.161638
-0.153305
-0.144323
-0.134763
-0.124715
-0.11428
-0.103575
-0.0927277
-0.0818755
-0.0711624
-0.060736
-0.0507436
-0.0413285
-0.0326261
-0.0247605
-0.0178416
-0.0119626
-0.0071944
-0.00358147
-0.0011908
-0.000156964
-0.000171772
-0.00113221
-0.00319022
-0.00611487
-0.00976652
-0.014057
-0.0189007
-0.0242178
-0.0299366
-0.0359929
-0.0423295
-0.0488955
-0.0556457
-0.0625395
-0.0695412
-0.0766187
-0.0837428
-0.0908874
-0.0980283
-0.105143
-0.11221
-0.11921
-0.126121
-0.132925
-0.139602
-0.14613
-0.15249
-0.158658
-0.164612
-0.170327
-0.175778
-0.180937
-0.185775
-0.190261
-0.194362
-0.198043
-0.201269
-0.204002
-0.206202
-0.207831
-0.208848
-0.209212
-0.208885
-0.207829
-0.206009
-0.203395
-0.19996
-0.195687
-0.190563
-0.184589
-0.177776
-0.170146
-0.161739
-0.152609
-0.142827
-0.132479
-0.121671
-0.110522
-0.0991666
-0.0877517
-0.0764324
-0.0653695
-0.0547252
-0.0446588
-0.0353223
-0.0268566
-0.0193873
-0.0130225
-0.00784635
-0.00391379
-0.00130471
-0.000173002
-0.000173197
-0.00114203
-0.00321847
-0.00616988
-0.00985553
-0.0141865
-0.0190765
-0.0244448
-0.0302189
-0.036334
-0.0427324
-0.0493628
-0.0561795
-0.063142
-0.0702145
-0.0773651
-0.0845651
-0.0917888
-0.0990126
-0.106215
-0.113375
-0.120475
-0.127494
-0.134414
-0.141217
-0.147882
-0.154391
-0.160723
-0.166854
-0.172762
-0.178422
-0.183807
-0.188887
-0.193633
-0.198011
-0.201986
-0.205521
-0.208578
-0.211115
-0.21309
-0.214461
-0.215182
-0.215211
-0.214505
-0.213024
-0.210729
-0.20759
-0.203578
-0.198676
-0.192875
-0.186178
-0.178601
-0.170177
-0.160953
-0.150996
-0.140393
-0.129248
-0.117684
-0.105841
-0.093874
-0.0819497
-0.0702425
-0.0589306
-0.0481905
-0.0381926
-0.0290959
-0.0210442
-0.0141625
-0.00854984
-0.00427359
-0.00142858
-0.000190597
-0.000173967
-0.00114777
-0.0032356
-0.00620404
-0.00991186
-0.0142697
-0.019191
-0.0245941
-0.0304061
-0.0365618
-0.0430029
-0.0496777
-0.0565403
-0.0635502
-0.0706717
-0.077873
-0.0851259
-0.0924052
-0.0996882
-0.106954
-0.114183
-0.121357
-0.128459
-0.135471
-0.142375
-0.149153
-0.155788
-0.162258
-0.168545
-0.174624
-0.180473
-0.186064
-0.191371
-0.196362
-0.201006
-0.205266
-0.209107
-0.212486
-0.215363
-0.217693
-0.21943
-0.220527
-0.220937
-0.220611
-0.219504
-0.217572
-0.214775
-0.211078
-0.206455
-0.200887
-0.19437
-0.18691
-0.178532
-0.169276
-0.159205
-0.1484
-0.136964
-0.125023
-0.112721
-0.10022
-0.0876995
-0.0753466
-0.0633563
-0.0519238
-0.0412393
-0.0314822
-0.0228164
-0.0153861
-0.00930749
-0.00466246
-0.00156305
-0.000209873
-0.000174081
-0.00114945
-0.00324165
-0.00621742
-0.00993562
-0.0143068
-0.0192441
-0.0246656
-0.030498
-0.0366755
-0.0431397
-0.0498383
-0.0567255
-0.0637606
-0.070908
-0.0781362
-0.0854176
-0.0927274
-0.100044
-0.107346
-0.114617
-0.121839
-0.128996
-0.136071
-0.143048
-0.149912
-0.156644
-0.163227
-0.169641
-0.175866
-0.181878
-0.187653
-0.193165
-0.198383
-0.203275
-0.207807
-0.211942
-0.215638
-0.218853
-0.22154
-0.223653
-0.22514
-0.22595
-0.226032
-0.225333
-0.223803
-0.221395
-0.218066
-0.213781
-0.208511
-0.202241
-0.194968
-0.186708
-0.177491
-0.167372
-0.156428
-0.144759
-0.132489
-0.119767
-0.106761
-0.0936608
-0.080668
-0.0679946
-0.0558556
-0.0444627
-0.0340176
-0.0247069
-0.0166962
-0.0101217
-0.00508189
-0.00170875
-0.000230954
-0.000173547
-0.00114713
-0.00323679
-0.00621035
-0.00992728
-0.0142984
-0.0192366
-0.0246601
-0.0304951
-0.0366756
-0.0431427
-0.0498442
-0.0567338
-0.063771
-0.0709203
-0.0781505
-0.0854343
-0.0927478
-0.10007
-0.107381
-0.114665
-0.121904
-0.129085
-0.136193
-0.143212
-0.150129
-0.156927
-0.163591
-0.170102
-0.176442
-0.182589
-0.188519
-0.194209
-0.199629
-0.204748
-0.209532
-0.213945
-0.217946
-0.221491
-0.224534
-0.227024
-0.22891
-0.230137
-0.230648
-0.230387
-0.229298
-0.227324
-0.224416
-0.220527
-0.215621
-0.20967
-0.20266
-0.194594
-0.185495
-0.175406
-0.164397
-0.152562
-0.140023
-0.12693
-0.113459
-0.0998056
-0.0861875
-0.0728336
-0.0599796
-0.0478605
-0.0367026
-0.0267175
-0.0180953
-0.0109945
-0.00553329
-0.00186631
-0.000253965
-0.000172385
-0.00114095
-0.00322138
-0.00618348
-0.0098878
-0.0142456
-0.0191701
-0.0245793
-0.0303992
-0.0365638
-0.0430137
-0.0496965
-0.0565659
-0.0635814
-0.0707075
-0.0779135
-0.0851725
-0.0924613
-0.0997594
-0.107049
-0.114313
-0.121539
-0.128711
-0.135817
-0.142844
-0.149779
-0.156609
-0.163318
-0.169891
-0.176311
-0.182558
-0.188612
-0.194447
-0.200039
-0.205357
-0.210369
-0.215038
-0.219325
-0.223186
-0.226575
-0.229441
-0.231729
-0.233382
-0.234341
-0.234543
-0.233927
-0.23243
-0.229993
-0.226561
-0.222084
-0.216526
-0.209858
-0.202071
-0.193176
-0.183203
-0.172211
-0.160289
-0.147554
-0.134153
-0.120266
-0.106098
-0.091879
-0.0778557
-0.0642854
-0.0514277
-0.0395359
-0.0288491
-0.0195851
-0.0119278
-0.00601793
-0.00203632
-0.000279035
-0.000170625
-0.00113109
-0.00319595
-0.0061378
-0.0098187
-0.0141506
-0.019047
-0.024426
-0.0302135
-0.0363433
-0.0427557
-0.0493982
-0.0562244
-0.0631937
-0.0702708
-0.0774254
-0.084631
-0.0918651
-0.0991082
-0.106343
-0.113556
-0.120732
-0.12786
-0.134928
-0.141925
-0.148841
-0.155663
-0.162379
-0.168975
-0.175436
-0.181745
-0.187883
-0.193829
-0.199557
-0.20504
-0.210248
-0.215146
-0.219695
-0.223852
-0.227572
-0.230803
-0.233489
-0.235572
-0.23699
-0.237675
-0.237561
-0.236579
-0.23466
-0.231741
-0.227762
-0.22267
-0.216427
-0.209008
-0.200408
-0.190645
-0.179766
-0.167847
-0.154998
-0.141365
-0.127126
-0.112494
-0.0977099
-0.0830383
-0.0687585
-0.0551562
-0.0425138
-0.0311011
-0.0211664
-0.0129229
-0.00653694
-0.00221934
-0.000306294
-0.000168313
-0.00111783
-0.00316126
-0.00607469
-0.00972206
-0.0140161
-0.0188708
-0.0242044
-0.0299427
-0.0360191
-0.042374
-0.0489545
-0.0557141
-0.0626122
-0.0696138
-0.0766888
-0.0838114
-0.0909596
-0.098115
-0.105262
-0.112386
-0.119476
-0.126522
-0.133513
-0.140441
-0.147296
-0.154068
-0.160749
-0.167325
-0.173785
-0.180113
-0.186294
-0.192308
-0.198132
-0.203743
-0.20911
-0.214202
-0.218982
-0.223409
-0.227438
-0.231017
-0.234091
-0.236601
-0.238481
-0.239662
-0.240073
-0.239637
-0.238281
-0.235928
-0.23251
-0.22796
-0.222225
-0.215265
-0.207058
-0.197608
-0.186944
-0.17513
-0.162265
-0.148486
-0.133973
-0.11894
-0.10364
-0.0883522
-0.0733793
-0.0590341
-0.0456304
-0.0334712
-0.0228394
-0.0139807
-0.00709126
-0.0024159
-0.000335871
-0.000165505
-0.00110155
-0.00311831
-0.00599597
-0.00960063
-0.0138459
-0.0186462
-0.0239199
-0.0295928
-0.0355981
-0.0418757
-0.0483726
-0.0550421
-0.0618439
-0.0687429
-0.0757094
-0.0827182
-0.0897483
-0.0967819
-0.103804
-0.110804
-0.117769
-0.124692
-0.131565
-0.13838
-0.145131
-0.15181
-0.158409
-0.16492
-0.171332
-0.177634
-0.183811
-0.189847
-0.195723
-0.201416
-0.206901
-0.212148
-0.217123
-0.221786
-0.226094
-0.229998
-0.233442
-0.236367
-0.238706
-0.240389
-0.241339
-0.241476
-0.240718
-0.238981
-0.236183
-0.232247
-0.227103
-0.220695
-0.212985
-0.203955
-0.193618
-0.18202
-0.169247
-0.155426
-0.14073
-0.125375
-0.10962
-0.0937619
-0.0781233
-0.0630461
-0.0488769
-0.0359557
-0.024603
-0.0151017
-0.00768165
-0.00262647
-0.000367898
-0.000162277
-0.0010827
-0.00306834
-0.00590394
-0.00945791
-0.0136447
-0.0183792
-0.0235798
-0.0291722
-0.035089
-0.0412702
-0.0476622
-0.0542185
-0.0608984
-0.0676673
-0.0744958
-0.0813595
-0.0882379
-0.0951144
-0.101976
-0.108811
-0.115611
-0.12237
-0.129081
-0.135739
-0.14234
-0.148878
-0.155348
-0.161744
-0.168059
-0.174284
-0.180408
-0.186416
-0.192295
-0.198023
-0.203579
-0.208936
-0.214062
-0.218922
-0.223474
-0.227671
-0.23146
-0.234781
-0.237569
-0.23975
-0.241246
-0.241973
-0.241842
-0.240762
-0.238639
-0.235384
-0.230913
-0.225151
-0.218039
-0.209542
-0.199651
-0.188392
-0.175831
-0.162083
-0.14731
-0.131726
-0.115595
-0.0992246
-0.0829603
-0.0671721
-0.0522417
-0.0385485
-0.0264551
-0.0162856
-0.0083086
-0.00285147
-0.000402505
-0.000158719
-0.00106186
-0.0030129
-0.00580143
-0.0092982
-0.0134184
-0.0180772
-0.0231928
-0.0286907
-0.0345031
-0.0405694
-0.0468359
-0.0532558
-0.0597885
-0.0663997
-0.0730603
-0.0797465
-0.086439
-0.0931222
-0.099784
-0.106415
-0.113008
-0.119559
-0.126063
-0.132517
-0.13892
-0.145268
-0.151559
-0.15779
-0.163956
-0.170051
-0.176068
-0.181997
-0.187824
-0.193536
-0.199111
-0.204528
-0.209758
-0.214769
-0.219523
-0.223976
-0.228076
-0.231766
-0.234982
-0.23765
-0.23969
-0.241015
-0.241532
-0.241141
-0.239741
-0.237229
-0.233506
-0.22848
-0.222071
-0.214222
-0.2049
-0.194109
-0.181893
-0.168346
-0.153617
-0.137913
-0.121498
-0.10469
-0.0878539
-0.0713877
-0.0557098
-0.0412418
-0.0283923
-0.0175318
-0.00897235
-0.00309127
-0.000439819
-0.000154943
-0.00103971
-0.00295386
-0.00569188
-0.00912671
-0.0131741
-0.017749
-0.0227696
-0.0281605
-0.0338537
-0.0397878
-0.0459089
-0.0521699
-0.0585302
-0.0649558
-0.0714182
-0.0778944
-0.0843659
-0.0908185
-0.0972414
-0.103627
-0.10997
-0.116268
-0.122518
-0.128721
-0.134876
-0.140983
-0.147043
-0.153055
-0.159018
-0.164929
-0.170784
-0.176577
-0.182299
-0.187937
-0.193477
-0.198899
-0.204181
-0.209293
-0.214201
-0.218864
-0.223235
-0.22726
-0.230875
-0.234009
-0.236581
-0.238503
-0.239678
-0.24
-0.239361
-0.237645
-0.234739
-0.230533
-0.224929
-0.217843
-0.209217
-0.199029
-0.187298
-0.174092
-0.159544
-0.143845
-0.127256
-0.110101
-0.0927618
-0.0756637
-0.0592626
-0.044025
-0.0304096
-0.0188384
-0.00967284
-0.00334614
-0.000479966
-0.000151081
-0.00101708
-0.00289345
-0.00557938
-0.00894965
-0.0129201
-0.0174053
-0.0223228
-0.0275963
-0.033157
-0.0389429
-0.0448995
-0.0509796
-0.0571426
-0.0633549
-0.0695887
-0.0758217
-0.0820367
-0.0882208
-0.0943648
-0.100463
-0.106512
-0.112511
-0.11846
-0.124361
-0.130218
-0.136032
-0.141808
-0.147547
-0.153251
-0.158922
-0.164558
-0.170158
-0.175715
-0.181222
-0.186669
-0.19204
-0.197316
-0.202473
-0.207481
-0.212305
-0.216901
-0.221217
-0.225194
-0.228764
-0.231846
-0.234353
-0.236185
-0.237233
-0.237381
-0.236504
-0.234475
-0.231168
-0.226463
-0.220252
-0.212451
-0.203006
-0.191907
-0.179195
-0.164975
-0.149422
-0.132786
-0.115392
-0.0976347
-0.0799657
-0.0628779
-0.0468853
-0.0325009
-0.0202034
-0.0104097
-0.0036163
-0.000523072
-0.000147289
-0.000994954
-0.00283431
-0.00546876
-0.00877435
-0.0126664
-0.0170587
-0.0218673
-0.0270151
-0.0324319
-0.0380549
-0.0438292
-0.0497072
-0.0556486
-0.06162
-0.0675945
-0.073551
-0.0794734
-0.0853505
-0.0911748
-0.0969424
-0.102652
-0.108306
-0.113905
-0.119456
-0.124962
-0.130431
-0.135868
-0.141279
-0.146669
-0.152042
-0.157401
-0.162748
-0.168081
-0.173398
-0.178691
-0.18395
-0.189161
-0.194304
-0.199356
-0.204284
-0.209051
-0.213609
-0.217904
-0.22187
-0.225431
-0.2285
-0.230977
-0.232751
-0.2337
-0.233693
-0.232591
-0.23025
-0.226532
-0.221303
-0.214451
-0.20589
-0.195576
-0.183517
-0.169787
-0.154535
-0.137996
-0.12049
-0.102417
-0.0842538
-0.0665295
-0.0498073
-0.0346581
-0.0216234
-0.0111822
-0.00390187
-0.000569257
-0.000143753
-0.000974471
-0.00277955
-0.00536571
-0.00860941
-0.0124247
-0.0167237
-0.0214207
-0.0264367
-0.0317003
-0.0371476
-0.0427229
-0.0483784
-0.0540742
-0.0597774
-0.0654621
-0.0711083
-0.0767018
-0.0822328
-0.0876961
-0.0930897
-0.0984149
-0.103675
-0.108877
-0.114026
-0.119131
-0.124201
-0.129245
-0.134272
-0.139291
-0.144309
-0.149333
-0.154368
-0.159417
-0.164482
-0.169559
-0.174645
-0.179728
-0.184797
-0.18983
-0.194803
-0.199682
-0.204427
-0.208987
-0.213302
-0.2173
-0.220897
-0.223995
-0.226482
-0.228235
-0.229116
-0.228975
-0.227657
-0.225001
-0.220853
-0.215069
-0.207531
-0.198157
-0.186918
-0.17385
-0.15907
-0.142789
-0.125313
-0.107046
-0.088483
-0.0701874
-0.0527726
-0.0368718
-0.0230944
-0.0119892
-0.0042029
-0.000618642
-0.000140689
-0.000956986
-0.0027328
-0.00527687
-0.00846487
-0.0122085
-0.0164173
-0.0210029
-0.0258841
-0.0309875
-0.0362479
-0.0416089
-0.0470227
-0.0524494
-0.0578573
-0.0632214
-0.0685236
-0.0737511
-0.0788967
-0.083957
-0.0889327
-0.0938274
-0.0986475
-0.103401
-0.108099
-0.112751
-0.117369
-0.121966
-0.126554
-0.131145
-0.135751
-0.140381
-0.145045
-0.14975
-0.154501
-0.159302
-0.164151
-0.169044
-0.173973
-0.178924
-0.183878
-0.188807
-0.193677
-0.198444
-0.203053
-0.207437
-0.211518
-0.215202
-0.218378
-0.220922
-0.222693
-0.223534
-0.223279
-0.22175
-0.218769
-0.214165
-0.207784
-0.199505
-0.189255
-0.177029
-0.162904
-0.147057
-0.129774
-0.111454
-0.0926026
-0.073817
-0.0557603
-0.0391306
-0.0246118
-0.0128296
-0.00451938
-0.000671348
-0.000138353
-0.000944087
-0.00269835
-0.00521003
-0.00835243
-0.0120336
-0.0161591
-0.0206371
-0.0253834
-0.030322
-0.0353864
-0.0405194
-0.0456728
-0.0508076
-0.055893
-0.0609058
-0.0658296
-0.0706541
-0.0753741
-0.0799891
-0.0845024
-0.0889205
-0.0932524
-0.0975095
-0.101705
-0.105852
-0.109966
-0.114062
-0.118157
-0.122265
-0.126401
-0.13058
-0.134815
-0.139116
-0.143494
-0.147955
-0.152505
-0.157144
-0.161869
-0.166673
-0.171542
-0.176455
-0.181385
-0.186294
-0.191135
-0.195847
-0.200359
-0.204581
-0.208408
-0.211716
-0.214365
-0.216195
-0.217028
-0.216673
-0.214933
-0.211607
-0.206507
-0.199472
-0.190383
-0.179185
-0.165908
-0.150687
-0.133777
-0.115564
-0.0965565
-0.0773801
-0.0587465
-0.0414218
-0.0261697
-0.0137014
-0.00485124
-0.000727501
-0.000137047
-0.000937648
-0.00268121
-0.00517429
-0.0082857
-0.0119181
-0.0159716
-0.0203498
-0.0249643
-0.0297364
-0.0345976
-0.0394899
-0.0443652
-0.0491855
-0.0539214
-0.0585517
-0.0630624
-0.0674458
-0.0716997
-0.0758266
-0.0798326
-0.0837275
-0.0875234
-0.0912346
-0.0948772
-0.0984684
-0.102026
-0.10557
-0.109117
-0.112688
-0.1163
-0.119971
-0.123719
-0.127558
-0.131503
-0.135565
-0.139753
-0.144075
-0.148532
-0.153122
-0.157838
-0.162667
-0.167588
-0.172571
-0.177577
-0.182552
-0.187432
-0.192135
-0.196563
-0.200596
-0.204096
-0.206901
-0.20883
-0.20968
-0.209236
-0.207273
-0.203569
-0.197921
-0.190159
-0.180177
-0.167949
-0.15356
-0.137222
-0.119294
-0.100283
-0.0808339
-0.0617048
-0.0437308
-0.0277618
-0.014603
-0.00519838
-0.000787238
-0.000137134
-0.000939885
-0.00268731
-0.00518032
-0.00828056
-0.0118831
-0.0158809
-0.0201712
-0.0246606
-0.029267
-0.0339197
-0.0385599
-0.0431401
-0.0476232
-0.051982
-0.056198
-0.06026
-0.0641636
-0.06791
-0.071505
-0.0749584
-0.0782831
-0.0814949
-0.0846112
-0.0876516
-0.0906364
-0.093587
-0.0965254
-0.0994736
-0.102454
-0.105488
-0.108598
-0.111803
-0.115124
-0.118577
-0.122181
-0.125947
-0.129889
-0.134013
-0.138324
-0.142821
-0.147497
-0.152339
-0.157325
-0.162422
-0.167589
-0.172768
-0.177886
-0.182853
-0.187558
-0.191866
-0.195619
-0.198633
-0.200701
-0.201591
-0.201057
-0.198847
-0.194715
-0.188444
-0.179865
-0.168894
-0.155551
-0.139999
-0.122557
-0.103716
-0.0841319
-0.0646056
-0.0460419
-0.0293813
-0.0155321
-0.00556073
-0.000850717
-0.000139046
-0.000953445
-0.00272365
-0.0052407
-0.00835559
-0.0119531
-0.0159167
-0.0201356
-0.0245102
-0.0289543
-0.033395
-0.0377726
-0.0420405
-0.0461634
-0.0501169
-0.0538856
-0.0574621
-0.0608459
-0.0640422
-0.0670606
-0.069915
-0.0726222
-0.0752014
-0.0776739
-0.0800624
-0.0823909
-0.084684
-0.0869669
-0.0892649
-0.0916036
-0.094008
-0.0965031
-0.0991129
-0.10186
-0.104768
-0.107855
-0.111142
-0.114643
-0.118372
-0.12234
-0.12655
-0.131004
-0.135695
-0.14061
-0.145725
-0.151008
-0.15641
-0.161869
-0.167305
-0.172616
-0.177676
-0.182332
-0.186404
-0.189681
-0.191923
-0.192867
-0.192231
-0.189732
-0.1851
-0.178109
-0.168603
-0.156533
-0.141996
-0.125258
-0.106782
-0.0872231
-0.0674173
-0.0483376
-0.0310206
-0.0164869
-0.0059383
-0.000918129
-0.000143312
-0.000981507
-0.0027986
-0.00537027
-0.0085325
-0.0121564
-0.0161132
-0.020282
-0.0245558
-0.0288435
-0.0330697
-0.0371745
-0.0411124
-0.044851
-0.0483693
-0.051656
-0.0547084
-0.0575306
-0.0601324
-0.0625282
-0.0647362
-0.0667775
-0.0686753
-0.0704547
-0.0721422
-0.073765
-0.0753512
-0.0769292
-0.0785276
-0.080175
-0.0818998
-0.08373
-0.085693
-0.0878156
-0.0901234
-0.0926407
-0.0953904
-0.0983931
-0.101667
-0.105228
-0.109086
-0.11325
-0.117719
-0.122489
-0.127546
-0.132866
-0.138411
-0.144132
-0.149958
-0.1558
-0.161542
-0.167043
-0.172127
-0.176586
-0.180177
-0.182624
-0.183623
-0.182854
-0.18
-0.174771
-0.166938
-0.156374
-0.143093
-0.127298
-0.109404
-0.0900529
-0.0701053
-0.0505998
-0.0326721
-0.0174655
-0.00633129
-0.000989717
-0.000150578
-0.00102792
-0.00292219
-0.00558671
-0.00883688
-0.012526
-0.0165098
-0.0206547
-0.024845
-0.0289839
-0.0329938
-0.0368149
-0.0404039
-0.0437319
-0.0467826
-0.04955
-0.052037
-0.0542532
-0.056214
-0.0579391
-0.0594517
-0.0607775
-0.0619442
-0.0629809
-0.063918
-0.0647862
-0.0656169
-0.0664417
-0.0672924
-0.0682006
-0.0691976
-0.0703146
-0.0715821
-0.0730301
-0.0746876
-0.0765826
-0.0787419
-0.0811904
-0.0839511
-0.0870445
-0.0904878
-0.0942943
-0.0984724
-0.103025
-0.107946
-0.113223
-0.11883
-0.124727
-0.130858
-0.137148
-0.143493
-0.149765
-0.155799
-0.161396
-0.166312
-0.170266
-0.172938
-0.173977
-0.173021
-0.169718
-0.163762
-0.154937
-0.143168
-0.128571
-0.111499
-0.0925621
-0.0726328
-0.0528091
-0.0343284
-0.0184664
-0.00674018
-0.0010658
-0.00016165
-0.00109739
-0.00310655
-0.0059111
-0.00929888
-0.0131003
-0.0171514
-0.0213034
-0.0254303
-0.0294293
-0.0332205
-0.0367453
-0.0399636
-0.0428514
-0.0453985
-0.0476056
-0.0494821
-0.0510445
-0.0523146
-0.0533182
-0.054084
-0.054643
-0.0550276
-0.0552713
-0.0554082
-0.0554729
-0.0554999
-0.0555242
-0.0555803
-0.0557027
-0.0559257
-0.0562832
-0.0568085
-0.0575347
-0.0584937
-0.0597171
-0.0612351
-0.0630766
-0.0652689
-0.0678373
-0.0708045
-0.0741898
-0.0780088
-0.0822717
-0.0869825
-0.0921371
-0.0977213
-0.103709
-0.110057
-0.116703
-0.123563
-0.130522
-0.137431
-0.144101
-0.150299
-0.155743
-0.160102
-0.163005
-0.164047
-0.162818
-0.158933
-0.152083
-0.142089
-0.128965
-0.112978
-0.0946872
-0.0749604
-0.0549456
-0.0359824
-0.0194889
-0.00716592
-0.00114683
-0.000177538
-0.00119573
-0.00336645
-0.00636879
-0.0099542
-0.0139238
-0.0180894
-0.022284
-0.0263695
-0.030237
-0.0338052
-0.0370175
-0.0398388
-0.0422519
-0.0442542
-0.0458545
-0.0470705
-0.0479266
-0.0484522
-0.0486798
-0.0486445
-0.048383
-0.0479326
-0.0473315
-0.0466178
-0.0458296
-0.045005
-0.0441817
-0.0433972
-0.0426887
-0.0420929
-0.0416464
-0.041385
-0.0413444
-0.0415594
-0.0420644
-0.042893
-0.0440775
-0.0456493
-0.047638
-0.0500714
-0.0529745
-0.0563694
-0.0602737
-0.0647002
-0.0696545
-0.0751338
-0.0811242
-0.0875978
-0.0945088
-0.101789
-0.109342
-0.117037
-0.124703
-0.13212
-0.139014
-0.145053
-0.14985
-0.152968
-0.153943
-0.152313
-0.14767
-0.13972
-0.128358
-0.113744
-0.0963593
-0.077046
-0.0569889
-0.0376281
-0.0205337
-0.00761017
-0.00123341
-0.000199531
-0.00133017
-0.00371997
-0.00699037
-0.0108452
-0.0150486
-0.0193826
-0.0236585
-0.0277251
-0.0314673
-0.0348037
-0.0376815
-0.0400728
-0.0419692
-0.043378
-0.0443179
-0.0448167
-0.044908
-0.0446297
-0.0440222
-0.0431275
-0.0419884
-0.0406477
-0.0391481
-0.0375319
-0.0358409
-0.0341163
-0.0323987
-0.0307282
-0.0291445
-0.0276865
-0.026393
-0.0253023
-0.0244521
-0.0238799
-0.0236225
-0.0237164
-0.0241971
-0.0250994
-0.0264571
-0.0283024
-0.0306658
-0.0335752
-0.0370555
-0.0411275
-0.0458064
-0.0511006
-0.0570087
-0.0635176
-0.070598
-0.0782002
-0.0862483
-0.0946331
-0.103204
-0.111761
-0.120046
-0.127734
-0.134431
-0.139678
-0.142965
-0.143758
-0.141547
-0.135915
-0.126621
-0.113691
-0.0975028
-0.078844
-0.0589182
-0.0392606
-0.021603
-0.00807561
-0.0013264
-0.000229283
-0.00150978
-0.00418945
-0.00781291
-0.0120221
-0.0165349
-0.021097
-0.0254949
-0.029563
-0.033181
-0.0362691
-0.0387815
-0.0406998
-0.0420274
-0.042784
-0.0430006
-0.0427166
-0.0419766
-0.0408282
-0.0393205
-0.037503
-0.035425
-0.0331351
-0.0306807
-0.0281083
-0.0254632
-0.0227895
-0.0201307
-0.0175292
-0.0150266
-0.0126642
-0.0104824
-0.00852138
-0.00682101
-0.0054207
-0.00435957
-0.00367641
-0.00340963
-0.00359714
-0.00427619
-0.00548319
-0.00725337
-0.00962034
-0.0126155
-0.0162674
-0.0206003
-0.0256331
-0.031377
-0.0378333
-0.0449897
-0.0528157
-0.061257
-0.0702282
-0.0796042
-0.0892094
-0.0988075
-0.10809
-0.116669
-0.124073
-0.129757
-0.13312
-0.133557
-0.130519
-0.123612
-0.112703
-0.0980337
-0.0803046
-0.0607125
-0.0408775
-0.0227015
-0.00856632
-0.00142701
-0.000268953
-0.00174611
-0.00480264
-0.00888152
-0.0135447
-0.0184524
-0.0233068
-0.0278661
-0.0319503
-0.0354357
-0.0382475
-0.0403499
-0.0417383
-0.0424312
-0.0424635
-0.0418814
-0.040738
-0.0390902
-0.0369966
-0.034516
-0.031706
-0.0286228
-0.0253206
-0.0218519
-0.0182671
-0.0146148
-0.0109421
-0.00729474
-0.00371711
-0.000252785
0.00305549
0.00616558
0.00903579
0.0116248
0.0138914
0.0157947
0.0172939
0.0183481
0.0189169
0.0189598
0.0184367
0.0173081
0.0155353
0.0130808
0.00990902
0.00598715
0.00128629
-0.00421683
-0.0105376
-0.0176802
-0.0256338
-0.0343667
-0.0438188
-0.0538929
-0.0644433
-0.0752623
-0.086067
-0.0964854
-0.106047
-0.114185
-0.120245
-0.12353
-0.123359
-0.11917
-0.110647
-0.0978558
-0.0813711
-0.0623493
-0.0424786
-0.0238374
-0.00908846
-0.00153695
-0.000321385
-0.00205388
-0.00559426
-0.0102512
-0.0154838
-0.0208806
-0.0260928
-0.0308475
-0.0349512
-0.0382805
-0.0407698
-0.0423988
-0.0431812
-0.0431548
-0.0423736
-0.0409015
-0.0388076
-0.0361632
-0.0330388
-0.0295035
-0.0256237
-0.0214626
-0.0170802
-0.0125338
-0.00787756
-0.00316319
0.00155974
0.00624355
0.0108421
0.0153103
0.0196044
0.0236809
0.0274971
0.0310104
0.0341784
0.0369587
0.0393089
0.0411863
0.042548
0.043351
0.0435518
0.0431072
0.0419738
0.0401088
0.03747
0.0340169
0.029711
0.0245179
0.0184088
0.0113633
0.003373
-0.00555292
-0.015381
-0.0260441
-0.0374297
-0.0493651
-0.061601
-0.0737934
-0.0854874
-0.0961084
-0.104966
-0.11128
-0.114242
-0.113115
-0.107369
-0.0968559
-0.0819774
-0.0638043
-0.0440671
-0.0250235
-0.00965102
-0.00165865
-0.00039039
-0.00245221
-0.00660802
-0.0119893
-0.0179227
-0.0239091
-0.0295408
-0.0345124
-0.0386199
-0.041746
-0.0438409
-0.0449065
-0.0449808
-0.0441262
-0.0424198
-0.0399466
-0.036794
-0.0330489
-0.0287953
-0.0241131
-0.0190774
-0.0137588
-0.00822287
-0.00253127
0.00325832
0.00909151
0.0149167
0.0206847
0.0263481
0.0318611
0.0371787
0.0422571
0.0470527
0.0515222
0.0556224
0.0593099
0.062541
0.0652714
0.0674565
0.069051
0.0700086
0.0702829
0.0698264
0.0685913
0.0665297
0.0635938
0.0597367
0.0549136
0.049083
0.0422091
0.0342653
0.0252384
0.0151352
0.00399155
-0.00811593
-0.0210544
-0.0346159
-0.0484956
-0.0622688
-0.0753726
-0.0870972
-0.0965996
-0.102951
-0.105233
-0.102683
-0.0948962
-0.0820418
-0.0650484
-0.0456496
-0.0262786
-0.0102671
-0.00179563
-0.000481148
-0.00296612
-0.00789935
-0.0141779
-0.0209588
-0.0276365
-0.0337372
-0.0389238
-0.0429889
-0.0458295
-0.0474216
-0.0477977
-0.0470278
-0.0452048
-0.0424338
-0.0388238
-0.0344832
-0.0295159
-0.02402
-0.0180866
-0.0117998
-0.00523672
0.00153145
0.00843932
0.0154263
0.0224359
0.0294151
0.0363138
0.0430839
0.0496792
0.0560545
0.0621658
0.0679692
0.0734212
0.0784782
0.0830962
0.0872307
0.0908363
0.0938671
0.0962758
0.098014
0.0990324
0.09928
0.0987048
0.0972537
0.0948724
0.0915066
0.0871017
0.0816049
0.0749663
0.0671417
0.0580967
0.0478121
0.0362922
0.0235761
0.00975343
-0.00501601
-0.0204768
-0.0362498
-0.0518032
-0.0664311
-0.07925
-0.0892285
-0.0952704
-0.096364
-0.0918031
-0.0814589
-0.0660434
-0.0472358
-0.02763
-0.0109555
-0.00195298
-0.000600859
-0.00362885
-0.00953906
-0.0169174
-0.0247038
-0.0321661
-0.0387592
-0.0441206
-0.04805
-0.0504725
-0.0514027
-0.0509151
-0.0491206
-0.0461499
-0.0421404
-0.0372292
-0.031547
-0.0252162
-0.0183492
-0.0110482
-0.00340556
0.00449511
0.0125784
0.0207756
0.0290243
0.0372666
0.045449
0.053521
0.0614348
0.0691443
0.0766049
0.0837726
0.0906042
0.0970563
0.103085
0.108647
0.113698
0.11819
0.122077
0.125311
0.127842
0.129617
0.130583
0.130685
0.129864
0.128061
0.125215
0.121263
0.116141
0.109788
0.102143
0.0931508
0.0827687
0.0709698
0.0577555
0.0431698
0.0273196
0.0104015
-0.00726495
-0.0252002
-0.0427283
-0.0589544
-0.072771
-0.0829193
-0.0881285
-0.087351
-0.080086
-0.0667344
-0.0488372
-0.0291153
-0.0117435
-0.00213824
-0.000759784
-0.00448543
-0.0116184
-0.0203297
-0.0292826
-0.0375977
-0.0446598
-0.0500933
-0.0537242
-0.055525
-0.055566
-0.0539777
-0.0509228
-0.0465769
-0.0411151
-0.0347049
-0.0275012
-0.019645
-0.0112626
-0.00246651
0.00664345
0.0159788
0.0254609
0.0350192
0.0445903
0.0541165
0.0635444
0.0728244
0.0819095
0.090755
0.0993171
0.107553
0.115421
0.122877
0.12988
0.136386
0.142349
0.147724
0.152464
0.156519
0.159837
0.162366
0.164049
0.164828
0.16464
0.163423
0.161109
0.157627
0.152907
0.146873
0.139452
0.130571
0.120163
0.108173
0.094566
0.0793387
0.0625424
0.0443076
0.0248809
0.0046693
-0.0157103
-0.0353868
-0.0532135
-0.0677973
-0.0776133
-0.0812392
-0.0777223
-0.0670357
-0.0504627
-0.0307858
-0.0126709
-0.00236283
-0.00097303
-0.00559806
-0.0142558
-0.0245609
-0.0348269
-0.0440108
-0.0514384
-0.0567462
-0.0598153
-0.0606928
-0.0595273
-0.056522
-0.0519031
-0.0458985
-0.0387254
-0.0305834
-0.021652
-0.0120898
-0.00203568
0.00838943
0.0190804
0.0299456
0.0409051
0.0518884
0.0628327
0.0736818
0.084384
0.0948917
0.10516
0.115146
0.124809
0.134107
0.142999
0.151446
0.159404
0.166832
0.173686
0.17992
0.185487
0.190338
0.194419
0.197677
0.200055
0.20149
0.20192
0.201275
0.199485
0.196474
0.192161
0.186464
0.179296
0.170568
0.160194
0.148091
0.134189
0.11844
0.100839
0.0814439
0.0604188
0.038078
0.0149496
-0.00816032
-0.0301134
-0.0494271
-0.064347
-0.0730582
-0.0740769
-0.0668078
-0.0521096
-0.0327094
-0.0137961
-0.0026445
-0.00126372
-0.00705496
-0.0176065
-0.0297826
-0.0414615
-0.0514321
-0.0589922
-0.0638335
-0.065936
-0.065458
-0.0626537
-0.0578185
-0.0512537
-0.0432459
-0.0340566
-0.0239177
-0.0130312
-0.00157069
0.0103155
0.0225011
0.0348789
0.0473571
0.0598572
0.0723111
0.084659
0.0968478
0.108829
0.12056
0.131998
0.143103
0.153838
0.164164
0.174043
0.183437
0.192306
0.200608
0.208303
0.215345
0.221687
0.227281
0.232074
0.236012
0.239036
0.241084
0.24209
0.241982
0.240687
0.238123
0.234205
0.228843
0.221938
0.213391
0.203095
0.190946
0.176841
0.160691
0.142432
0.122052
0.0996215
0.0753461
0.0496353
0.0231859
-0.00293121
-0.027208
-0.0477118
-0.0622432
-0.0687198
-0.0658176
-0.0537438
-0.034972
-0.015206
-0.0030119
-0.00166887
-0.00898473
-0.0218738
-0.0361856
-0.0492711
-0.0597755
-0.0670318
-0.0708584
-0.0713959
-0.0689612
-0.0639465
-0.0567582
-0.0477825
-0.0373679
-0.0258191
-0.0133966
-0.000319744
0.013228
0.0270942
0.0411528
0.0552987
0.0694444
0.0835165
0.0974524
0.111198
0.124707
0.137935
0.150845
0.1634
0.175564
0.187305
0.198587
0.209377
0.219638
0.229334
0.238427
0.246877
0.25464
0.261672
0.267924
0.273346
0.277882
0.281475
0.284062
0.285575
0.285942
0.285087
0.282926
0.279369
0.274319
0.267672
0.259317
0.249134
0.236997
0.222777
0.206345
0.187587
0.166416
0.142809
0.116848
0.0887981
0.0592004
0.0289908
-0.000383159
-0.026895
-0.0480094
-0.0610083
-0.0636719
-0.0552604
-0.0376737
-0.0170314
-0.00351276
-0.00225051
-0.0115803
-0.0273223
-0.0439574
-0.058232
-0.0687298
-0.0749377
-0.0769092
-0.07503
-0.0698319
-0.0618777
-0.0517005
-0.0397749
-0.026508
-0.0122399
0.00274937
0.0182323
0.034025
0.0499796
0.0659773
0.081922
0.0977362
0.113356
0.128729
0.14381
0.158561
0.172947
0.186936
0.200501
0.21361
0.226237
0.238352
0.249925
0.260925
0.271319
0.281071
0.290145
0.298501
0.306094
0.31288
0.318809
0.323827
0.327876
0.330895
0.332817
0.33357
0.333074
0.331246
0.327994
0.323217
0.316806
0.308643
0.298596
0.286524
0.272277
0.255691
0.236605
0.214865
0.190351
0.163019
0.132966
0.100534
0.0664513
0.0319989
-0.000827627
-0.0292638
-0.0499772
-0.059707
-0.0564061
-0.0409086
-0.0194692
-0.00422906
-0.00311702
-0.0151371
-0.0342827
-0.0532158
-0.0680683
-0.0775544
-0.0815166
-0.0804008
-0.0749424
-0.0659465
-0.0541718
-0.0402811
-0.0248286
-0.00826458
0.00905223
0.0268398
0.0448782
0.0629973
0.0810658
0.0989822
0.116668
0.134063
0.151119
0.167797
0.184066
0.199899
0.215273
0.230167
0.244558
0.258427
0.271751
0.284508
0.296675
0.308223
0.319126
0.329352
0.338867
0.347635
0.355615
0.362764
0.369035
0.374377
0.378734
0.382045
0.384245
0.385263
0.385022
0.383437
0.380415
0.375856
0.369648
0.361668
0.351778
0.339827
0.325646
0.309047
0.289828
0.267774
0.242678
0.214366
0.182756
0.147956
0.110414
0.0711258
0.0318874
-0.00449012
-0.0341797
-0.0528078
-0.056629
-0.044704
-0.0228089
-0.00530368
-0.00446324
-0.0201106
-0.0431222
-0.0638403
-0.0779571
-0.0847032
-0.0845937
-0.0786728
-0.0681357
-0.0541034
-0.03753
-0.0191864
0.000325194
0.0205445
0.0411258
0.0618125
0.0824159
0.102799
0.122862
0.142535
0.161766
0.18052
0.19877
0.216499
0.233692
0.250337
0.266424
0.281944
0.296885
0.311236
0.324984
0.338113
0.350606
0.362441
0.373596
0.384045
0.393758
0.402702
0.410841
0.418135
0.424539
0.430006
0.434484
0.437913
0.440232
0.441371
0.441257
0.439806
0.436928
0.432523
0.42648
0.418676
0.408971
0.397207
0.383204
0.366758
0.347634
0.325571
0.300281
0.271472
0.238884
0.202369
0.162033
0.118465
0.0730575
0.0283968
-0.0114616
-0.0411186
-0.0547973
-0.0488626
-0.0274469
-0.00698341
-0.00664116
-0.0271817
-0.0540951
-0.0750583
-0.0859287
-0.0871465
-0.0803446
-0.0673872
-0.0500025
-0.0296143
-0.00731893
0.0160718
0.0399733
0.0639736
0.0877885
0.111226
0.134158
0.156507
0.178221
0.199275
0.219656
0.239361
0.258392
0.276755
0.294455
0.3115
0.327894
0.34364
0.358739
0.37319
0.386988
0.400126
0.412592
0.424372
0.435449
0.445802
0.455407
0.464234
0.472251
0.479423
0.48571
0.491067
0.495446
0.498792
0.501047
0.502146
0.502017
0.500584
0.49776
0.493448
0.487542
0.479921
0.470446
0.458962
0.445283
0.429196
0.410448
0.388742
0.363731
0.335021
0.302188
0.26483
0.222677
0.175803
0.124985
0.0722226
0.0213449
-0.021591
-0.0486846
-0.0525856
-0.03382
-0.00967095
-0.010254
-0.0372392
-0.0668254
-0.0844606
-0.0876658
-0.0791817
-0.0622522
-0.0396897
-0.0136977
0.0141303
0.0427029
0.0713003
0.0994646
0.126917
0.153499
0.17913
0.203779
0.227447
0.250152
0.271924
0.292797
0.312806
0.331984
0.350365
0.367976
0.384842
0.400984
0.416418
0.431157
0.445209
0.458578
0.471264
0.483262
0.494566
0.505162
0.515035
0.524166
0.53253
0.540101
0.546846
0.552731
0.557715
0.561754
0.5648
0.566798
0.56769
0.567411
0.565888
0.563041
0.558782
0.55301
0.545611
0.536455
0.525389
0.512233
0.496776
0.478756
0.457861
0.433705
0.405822
0.373657
0.336583
0.293958
0.245287
0.190538
0.130729
0.0688068
0.01069
-0.034055
-0.0536098
-0.0420281
-0.013909
-0.0161376
-0.0508527
-0.0786917
-0.0857265
-0.0742041
-0.0504822
-0.0196361
0.0147891
0.0504597
0.0859484
0.120443
0.153521
0.184998
0.214828
0.243044
0.269722
0.294953
0.318837
0.341469
0.36294
0.383331
0.402718
0.421164
0.438726
0.455454
0.471388
0.486562
0.501005
0.514739
0.52778
0.54014
0.551824
0.562834
0.573169
0.58282
0.591777
0.600025
0.607544
0.614312
0.620303
0.625485
0.629824
0.633282
0.635817
0.637379
0.637918
0.637376
0.635688
0.632783
0.628583
0.622996
0.615919
0.607235
0.596801
0.584453
0.569986
0.553151
0.533635
0.511045
0.484878
0.4545
0.419118
0.377785
0.329457
0.273208
0.208725
0.13729
0.0634101
-0.00310995
-0.0463481
-0.0505323
-0.0199785
-0.0246203
-0.0658513
-0.0802547
-0.0636563
-0.0278806
0.0166906
0.063992
0.110696
0.155131
0.196609
0.234974
0.270337
0.302923
0.333
0.360831
0.386664
0.410717
0.433183
0.454229
0.473995
0.492605
0.510161
0.52675
0.542447
0.557314
0.571403
0.584756
0.597408
0.609388
0.620716
0.631409
0.641476
0.650923
0.659752
0.667959
0.675536
0.682474
0.688756
0.694365
0.69928
0.703475
0.706921
0.709586
0.711435
0.712427
0.712519
0.711662
0.709803
0.70688
0.702828
0.697568
0.691014
0.683062
0.673591
0.662455
0.649473
0.63442
0.617008
0.596864
0.573499
0.546264
0.514299
0.47647
0.431331
0.377152
0.312166
0.235333
0.148149
0.0578803
-0.0183923
-0.0528646
-0.0262208
-0.0312988
-0.0687278
-0.0436743
0.0154722
0.0836792
0.150382
0.211696
0.266445
0.314763
0.357325
0.39494
0.42837
0.458281
0.485231
0.509679
0.531998
0.552491
0.571408
0.588948
0.605278
0.620534
0.634828
0.648253
0.660885
0.672789
0.684015
0.694608
0.704602
0.714025
0.722897
0.731236
0.739052
0.746351
0.753138
0.759409
0.765162
0.770388
0.775075
0.779212
0.78278
0.78576
0.78813
0.789866
0.790939
0.791319
0.79097
0.789857
0.787937
0.785163
0.781483
0.776837
0.771157
0.764361
0.756353
0.747016
0.736203
0.72373
0.709358
0.692771
0.673543
0.651096
0.624623
0.592999
0.554647
0.507387
0.448322
0.374028
0.281704
0.172057
0.055698
-0.0301855
-0.0232111
-0.000660414
0.00035266
0.104333
0.217905
0.312099
0.388126
0.44978
0.500011
0.541351
0.575871
0.605146
0.630341
0.652318
0.671722
0.689037
0.704633
0.718795
0.731744
0.743655
0.754667
0.764893
0.774421
0.783325
0.791666
0.799491
0.806841
0.813748
0.820238
0.826331
0.832043
0.837387
0.842369
0.846996
0.851269
0.855189
0.858751
0.86195
0.86478
0.867231
0.869293
0.87095
0.872191
0.872996
0.873348
0.873228
0.872611
0.871474
0.869788
0.867524
0.864647
0.861118
0.85689
0.851911
0.846116
0.839425
0.83174
0.822933
0.81284
0.801237
0.787824
0.772178
0.753698
0.73151
0.70431
0.670123
0.62591
0.567062
0.48705
0.376958
0.228427
0.0726436
0.0309695
0.292184
0.379306
0.530607
0.64433
0.714297
0.760017
0.792311
0.816128
0.834335
0.848758
0.860546
0.870427
0.878883
0.886244
0.892742
0.898545
0.903778
0.908536
0.912892
0.916901
0.920609
0.924052
0.927258
0.930251
0.933048
0.935666
0.938116
0.940407
0.942548
0.944544
0.946399
0.948116
0.949695
0.951139
0.952445
0.953613
0.95464
0.955523
0.956257
0.956839
0.957264
0.957525
0.957615
0.957529
0.957257
0.956792
0.956124
0.955242
0.954135
0.952791
0.951193
0.949325
0.947166
0.944692
0.941871
0.938665
0.935023
0.93088
0.926146
0.9207
0.914371
0.906908
0.897942
0.886901
0.872863
0.854247
0.828214
0.789432
0.726146
0.611349
0.435853
0.317985
)
;

boundaryField
{
    movingWall
    {
        type            calculated;
        value           uniform 1;
    }
    fixedWalls
    {
        type            calculated;
        value           uniform 0;
    }
    frontAndBack
    {
        type            empty;
    }
}


// ************************************************************************* //
