/*--------------------------------*- C++ -*----------------------------------*\
  =========                 |
  \\      /  F ield         | OpenFOAM: The Open Source CFD Toolbox
   \\    /   O peration     | Website:  https://openfoam.org
    \\  /    A nd           | Version:  dev
     \\/     M anipulation  |
\*---------------------------------------------------------------------------*/
FoamFile
{
    format      ascii;
    class       volScalarField;
    location    "30.6";
    object      p;
}
// * * * * * * * * * * * * * * * * * * * * * * * * * * * * * * * * * * * * * //

dimensions      [0 2 -2 0 0 0 0];

internalField   nonuniform List<scalar> 
5184
(
1.65652e-06
-9.75649e-06
-9.55898e-05
-0.00024845
-0.000447836
-0.000676479
-0.000920142
-0.00116686
-0.00140748
-0.00163486
-0.00184358
-0.00202961
-0.00219003
-0.00232273
-0.00242625
-0.00249957
-0.00254202
-0.00255317
-0.00253274
-0.00248056
-0.00239655
-0.0022807
-0.00213305
-0.00195374
-0.00174301
-0.00150123
-0.00122896
-0.000926925
-0.000596133
-0.000237852
0.000146336
0.000554504
0.000984361
0.00143323
0.00189806
0.0023754
0.00286143
0.00335198
0.00384259
0.0043285
0.00480477
0.00526635
0.00570808
0.0061249
0.00651186
0.00686423
0.00717767
0.00744823
0.00767256
0.0078479
0.00797226
0.00804442
0.00806404
0.00803169
0.00794886
0.007818
0.0076425
0.00742668
0.00717575
0.00689576
0.00659359
0.00627683
0.0059538
0.00563345
0.00532533
0.00503953
0.00478656
0.00457703
0.00442092
0.00432665
0.00429972
0.00432699
1.53319e-05
2.88598e-06
-7.16901e-05
-0.000199439
-0.000364676
-0.000554931
-0.000759273
-0.0009681
-0.00117348
-0.00136903
-0.00154969
-0.00171156
-0.00185167
-0.00196779
-0.00205828
-0.00212195
-0.00215793
-0.00216562
-0.00214459
-0.00209456
-0.00201536
-0.00190689
-0.00176917
-0.0016023
-0.00140651
-0.00118215
-0.000929768
-0.000650085
-0.000344061
-1.29136e-05
0.000341853
0.000718421
0.00111464
0.00152802
0.00195573
0.00239457
0.00284102
0.00329128
0.00374124
0.00418659
0.00462281
0.00504532
0.00544946
0.00583066
0.00618445
0.00650662
0.00679326
0.00704088
0.00724652
0.00740777
0.00752291
0.00759096
0.00761172
0.00758582
0.00751472
0.00740076
0.00724711
0.00705779
0.0068376
0.0065921
0.00632753
0.00605076
0.00576924
0.00549088
0.005224
0.00497718
0.00475907
0.00457806
0.00444143
0.00435514
0.00432658
0.00435417
0.000102047
7.73326e-05
2.00542e-06
-0.000115524
-0.000263222
-0.000431452
-0.000611507
-0.00079555
-0.000976881
-0.00114994
-0.00131021
-0.00145412
-0.00157885
-0.00168223
-0.00176263
-0.00181878
-0.00184978
-0.00185493
-0.00183373
-0.00178583
-0.00171098
-0.00160904
-0.00147998
-0.00132386
-0.00114086
-0.000931316
-0.000695711
-0.000434727
-0.000149262
0.000159543
0.000490277
0.000841237
0.00121041
0.00159548
0.00199378
0.00240236
0.00281792
0.00323693
0.00365558
0.00406985
0.00447557
0.00486847
0.00524425
0.00559869
0.00592765
0.00622726
0.00649393
0.00672445
0.00691612
0.00706677
0.00717486
0.00723955
0.00726071
0.007239
0.00717586
0.00707353
0.00693501
0.00676407
0.00656521
0.00634359
0.00610495
0.00585562
0.00560234
0.00535222
0.00511266
0.00489108
0.00469499
0.00453142
0.0044064
0.00432518
0.00429739
0.00432803
0.000257086
0.000205685
0.000117895
-1.04454e-06
-0.000143468
-0.000301598
-0.000468308
-0.000637226
-0.000802812
-0.000960377
-0.00110605
-0.00123669
-0.00134981
-0.00144342
-0.00151601
-0.0015664
-0.00159367
-0.00159714
-0.00157629
-0.00153072
-0.00146015
-0.0013644
-0.00124337
-0.00109708
-0.000925662
-0.000729378
-0.000508654
-0.000264095
3.48637e-06
0.000293043
0.000603275
0.000932604
0.00127916
0.00164077
0.00201495
0.00239893
0.00278962
0.00318369
0.00357756
0.00396744
0.0043494
0.00471942
0.00507343
0.00540743
0.00571754
0.00600008
0.00625167
0.0064693
0.0066504
0.00679296
0.00689554
0.00695736
0.00697835
0.00695917
0.0069012
0.00680658
0.00667821
0.00651964
0.00633513
0.00612953
0.0059082
0.00567699
0.00544212
0.00521007
0.0049875
0.00478108
0.00459742
0.0044428
0.00432265
0.00424201
0.00421097
0.00423622
0.000461829
0.000373239
0.000264658
0.000136976
-7.36186e-06
-0.000162191
-0.00032174
-0.000481005
-0.000635575
-0.000781651
-0.000916055
-0.00103617
-0.0011399
-0.00122554
-0.00129177
-0.00133752
-0.00136199
-0.00136451
-0.00134458
-0.00130179
-0.00123583
-0.00114647
-0.00103357
-0.000897091
-0.000737091
-0.00055376
-0.000347437
-0.000118634
0.000131942
0.000403357
0.000694437
0.00100374
0.00132954
0.00166982
0.00202227
0.00238428
0.00275297
0.00312516
0.00349749
0.00386634
0.00422799
0.00457858
0.00491425
0.00523116
0.0055256
0.00579402
0.0060332
0.00624022
0.00641263
0.00654849
0.00664642
0.00670569
0.00672621
0.00670863
0.00665427
0.00656521
0.00644417
0.00629458
0.00612047
0.0059264
0.00571743
0.005499
0.00527686
0.00505697
0.00484538
0.00464811
0.00447107
0.0043199
0.00419954
0.00411476
0.00407436
0.00408418
0.000700114
0.00056811
0.000432966
0.000290948
0.000139045
-1.79715e-05
-0.000175496
-0.000329786
-0.000477503
-0.000615725
-0.000741981
-0.000854221
-0.000950773
-0.00103029
-0.00109168
-0.00113407
-0.00115676
-0.00115918
-0.00114084
-0.00110136
-0.00104039
-0.000957695
-0.000853064
-0.00072639
-0.000577658
-0.000406965
-0.000214552
-8.18684e-07
0.000233646
0.00048804
0.000761324
0.0010522
0.0013591
0.00168015
0.00201321
0.00235584
0.0027053
0.0030586
0.00341252
0.00376361
0.00410827
0.00444281
0.00476347
0.00506654
0.00534839
0.00560559
0.00583497
0.00603367
0.0061993
0.00632992
0.00642419
0.00648134
0.00650129
0.00648462
0.00643261
0.00634722
0.00623109
0.00608747
0.00592021
0.00573366
0.00553257
0.00532208
0.00510754
0.00489448
0.00468843
0.00449489
0.00431918
0.00416637
0.004041
0.00394749
0.0038923
0.00387921
0.000958156
0.000779424
0.000613915
0.000453402
0.000289515
0.000125862
-3.39367e-05
-0.00018728
-0.000331832
-0.000465509
-0.000586537
-0.000693444
-0.000785023
-0.00086029
-0.000918443
-0.000958822
-0.000980874
-0.000984122
-0.000968149
-0.000932581
-0.000877082
-0.000801358
-0.000705162
-0.000588311
-0.0004507
-0.000292328
-0.000113319
8.60488e-05
0.000305321
0.000543837
0.000800702
0.00107477
0.00136463
0.00166856
0.00198458
0.00231039
0.00264341
0.00298078
0.00331941
0.00365596
0.00398695
0.00430877
0.00461774
0.00491021
0.00518259
0.00543149
0.00565374
0.0058465
0.00600734
0.00613433
0.00622607
0.00628176
0.00630125
0.00628506
0.0062344
0.00615113
0.00603778
0.00589748
0.0057339
0.0055512
0.00535393
0.00514695
0.0049353
0.00472415
0.00451864
0.00432383
0.00414457
0.00398543
0.00385065
0.00374426
0.00366995
0.00362893
0.00122383
0.000997044
0.000798912
0.00061705
0.000437976
0.00026433
9.89006e-05
-5.67403e-05
-0.000201184
-0.000333135
-0.000451495
-0.000555365
-0.000644009
-0.000716823
-0.000773308
-0.000813035
-0.00083562
-0.000840703
-0.000827937
-0.00079698
-0.000747492
-0.000679149
-0.000591648
-0.000484727
-0.000358186
-0.000211913
-4.59076e-05
0.00013969
0.000344569
0.000568218
0.000809902
0.00106863
0.00134314
0.00163188
0.00193301
0.00224437
0.00256351
0.00288769
0.00321391
0.00353894
0.00385936
0.0041716
0.00447202
0.00475698
0.00502289
0.00526632
0.00548407
0.00567326
0.00583138
0.00595644
0.00604695
0.00610203
0.00612145
0.00610564
0.00605569
0.0059734
0.00586116
0.00572199
0.00555944
0.0053775
0.00518054
0.00497323
0.00476036
0.00454682
0.00433745
0.00413696
0.00394984
0.00378026
0.00363222
0.00350944
0.00341267
0.0033405
0.00148689
0.00121182
0.0009799
0.000774858
0.000578374
0.000392284
0.00021867
5.8174e-05
-8.86482e-05
-0.000221238
-0.000339145
-0.000442019
-0.000529592
-0.000601642
-0.000657976
-0.000698403
-0.000722718
-0.000730686
-0.000722035
-0.000696458
-0.000653615
-0.000593149
-0.000514697
-0.000417914
-0.000302496
-0.00016821
-1.49201e-05
0.000157379
0.000348531
0.000558187
0.000785772
0.00103046
0.00129115
0.00156644
0.00185463
0.0021537
0.00246132
0.00277485
0.00309137
0.0034077
0.00372046
0.00402611
0.00432098
0.00460141
0.00486376
0.00510453
0.00532043
0.00550846
0.00566603
0.005791
0.00588178
0.00593736
0.00595739
0.00594217
0.0058927
0.00581064
0.00569829
0.00555856
0.00539488
0.00521111
0.00501151
0.00480056
0.0045829
0.00436322
0.00414614
0.00393612
0.00373736
0.00355373
0.0033891
0.00324701
0.00312527
0.00301994
0.00173834
0.0014155
0.00114939
0.000920097
0.00070474
0.000504472
0.000320769
0.00015343
2.22582e-06
-0.000132975
-0.000252329
-0.000356017
-0.000444218
-0.000517084
-0.000574725
-0.000617188
-0.000644443
-0.000656382
-0.00065281
-0.000633454
-0.000597972
-0.000545968
-0.000477015
-0.000390679
-0.000286545
-0.000164247
-2.35053e-05
0.000135841
0.0003138
0.000510191
0.00072461
0.0009564
0.00120462
0.00146803
0.00174507
0.00203384
0.00233212
0.00263736
0.00294671
0.00325701
0.00356491
0.00386683
0.00415909
0.00443792
0.00469961
0.00494054
0.00515728
0.00534669
0.00550601
0.00563295
0.00572574
0.0057832
0.00580484
0.00579079
0.00574193
0.00565979
0.00554655
0.00540501
0.0052385
0.00505081
0.00484607
0.00462867
0.00440314
0.00417404
0.00394585
0.00372288
0.00350915
0.00330832
0.00312424
0.00296036
0.00281174
0.00267202
0.00197026
0.00160058
0.00130039
0.00104636
0.000811252
0.000595641
0.000400475
0.000224781
6.76026e-05
-7.18349e-05
-0.00019426
-0.000300354
-0.000390724
-0.00046588
-0.000526223
-0.000572029
-0.000603442
-0.00062047
-0.000622992
-0.000610765
-0.000583438
-0.000540574
-0.000481674
-0.000406204
-0.000313629
-0.000203446
-7.52189e-05
7.13785e-05
0.000236528
0.000420228
0.000622252
0.000842117
0.00107905
0.00133198
0.00159946
0.00187975
0.0021707
0.00246986
0.00277441
0.00308123
0.00338694
0.00368793
0.00398043
0.00426059
0.00452454
0.00476851
0.0049889
0.00518237
0.00534595
0.00547713
0.00557394
0.00563499
0.00565957
0.00564766
0.00559995
0.00551783
0.00540335
0.00525921
0.00508864
0.00489537
0.00468347
0.00445725
0.00422121
0.00397983
0.00373755
0.00349861
0.00326694
0.00304612
0.00284008
0.00265231
0.00247526
0.00230034
0.0021755
0.00176018
0.0014264
0.00114755
0.000892261
0.000660592
0.000453017
0.000267845
0.000103447
-4.15566e-05
-0.000168431
-0.000278331
-0.000372264
-0.000451083
-0.000515461
-0.000565892
-0.000602679
-0.000625942
-0.000635623
-0.000631501
-0.000613209
-0.00058026
-0.000532073
-0.000468008
-0.000387399
-0.000289595
-0.000173997
-4.01006e-05
0.000112459
0.000283867
0.000474086
0.000682815
0.00090946
0.0011531
0.00141245
0.00168587
0.00197135
0.00226646
0.00256846
0.00287422
0.00318033
0.00348311
0.0037787
0.0040631
0.00433229
0.00458229
0.00480927
0.00500966
0.00518023
0.00531822
0.00542136
0.00548805
0.00551731
0.0055089
0.0054633
0.00538174
0.00526613
0.00511905
0.00494365
0.00474358
0.0045229
0.00428592
0.00403711
0.00378098
0.00352199
0.00326439
0.00301214
0.00276883
0.00253858
0.00232506
0.00211824
0.00190746
0.0023475
0.00188791
0.00152129
0.00121786
0.000942298
0.000694206
0.000473614
0.000278161
0.00010558
-4.60707e-05
-0.000178565
-0.000293499
-0.000392264
-0.000476026
-0.000545716
-0.000602028
-0.000645412
-0.000676085
-0.000694041
-0.000699071
-0.000690781
-0.000668624
-0.000631928
-0.000579937
-0.000511844
-0.000426839
-0.000324148
-0.00020308
-6.30762e-05
9.62483e-05
0.000275054
0.000473233
0.000690375
0.000925725
0.00117816
0.00144616
0.00172781
0.00202077
0.00232231
0.00262931
0.00293832
0.00324557
0.00354708
0.00383869
0.00411617
0.0043753
0.004612
0.0048224
0.00500297
0.00515062
0.00526278
0.00533753
0.00537361
0.00537049
0.00532844
0.00524845
0.00513227
0.00498237
0.0048018
0.00459418
0.00436354
0.00411423
0.00385078
0.00357777
0.00329976
0.00302112
0.00274589
0.00247779
0.00222127
0.00198026
0.00174239
0.00149502
0.00248018
0.00197783
0.00157928
0.00125173
0.00095608
0.000691466
0.000457516
0.000251229
6.97366e-05
-8.94403e-05
-0.000228551
-0.000349611
-0.000454365
-0.000544275
-0.000620508
-0.00068394
-0.000735151
-0.000774442
-0.000801846
-0.00081715
-0.000819924
-0.000809548
-0.00078525
-0.000746144
-0.000691275
-0.000619659
-0.000530338
-0.000422421
-0.000295142
-0.000147907
1.96564e-05
0.000207647
0.000415849
0.000643688
0.000890203
0.00115401
0.0014333
0.00172581
0.00202884
0.00233928
0.0026536
0.00296797
0.00327823
0.00358006
0.00386897
0.0041405
0.00439024
0.00461399
0.00480786
0.00496839
0.00509264
0.00517831
0.00522379
0.00522825
0.00519164
0.00511472
0.00499905
0.00484692
0.00466132
0.00444582
0.00420447
0.00394167
0.00366205
0.00337035
0.00307129
0.00276944
0.00246905
0.00217403
0.00188925
0.00161905
0.00134881
0.00106395
0.00256782
0.0020243
0.00159489
0.00124388
0.000928502
0.000647478
0.000400034
0.00018256
-8.39185e-06
-0.00017581
-0.000322396
-0.000450557
-0.000562372
-0.000659574
-0.000743548
-0.000815332
-0.000875619
-0.000924775
-0.00096286
-0.000989645
-0.00100465
-0.00100717
-0.000996312
-0.000971063
-0.000930298
-0.000872852
-0.000797566
-0.000703339
-0.000589184
-0.000454281
-0.000298032
-0.000120118
7.9456e-05
0.000300313
0.000541667
0.000802285
0.00108047
0.00137405
0.00168036
0.00199629
0.00231826
0.00264232
0.00296418
0.00327929
0.00358291
0.00387027
0.0041366
0.00437732
0.00458814
0.00476515
0.00490498
0.00500489
0.00506287
0.00507769
0.00504897
0.00497715
0.00486356
0.00471033
0.00452033
0.00429708
0.00404468
0.00376761
0.00347065
0.00315876
0.00283687
0.00250986
0.00218225
0.00185828
0.00154331
0.0012422
0.000938116
0.000614563
0.00260503
0.00202202
0.00156292
0.00118923
0.000854648
0.000557483
0.000296571
6.77074e-05
-0.00013311
-0.000309358
-0.000464169
-0.00060032
-0.000720201
-0.000825797
-0.000918691
-0.00100006
-0.0010707
-0.00113102
-0.00118109
-0.00122066
-0.00124917
-0.00126583
-0.00126962
-0.00125937
-0.00123378
-0.00119149
-0.00113113
-0.00105138
-0.000950998
-0.000828934
-0.000684346
-0.000516675
-0.000325696
-0.00011157
0.00012511
0.00038328
0.00066138
0.000957332
0.00126853
0.00159186
0.0019237
0.00226
0.00259629
0.0029278
0.00324951
0.0035563
0.00384302
0.00410465
0.00433641
0.00453392
0.0046933
0.0048113
0.00488542
0.00491396
0.00489613
0.00483203
0.00472269
0.00457002
0.00437676
0.0041464
0.00388306
0.00359134
0.00327623
0.00294291
0.00259667
0.00224272
0.00188597
0.00153106
0.00118395
0.000850103
0.000510505
0.000146718
0.00258664
0.00196591
0.00147842
0.00108293
0.000729789
0.000416876
0.000142641
-9.76975e-05
-0.000308679
-0.000494251
-0.000657956
-0.000802923
-0.000931831
-0.0010469
-0.00114988
-0.00124209
-0.00132439
-0.00139724
-0.00146069
-0.00151443
-0.00155786
-0.00159005
-0.00160986
-0.00161594
-0.00160681
-0.0015809
-0.00153661
-0.00147237
-0.0013867
-0.00127827
-0.00114599
-0.000989041
-0.000806937
-0.000599603
-0.000367414
-0.00011124
0.000167518
0.0004669
0.000784375
0.00111684
0.00146065
0.00181164
0.00216518
0.00251626
0.00285955
0.00318957
0.00350073
0.00378752
0.00404463
0.00426712
0.00445052
0.004591
0.00468548
0.00473172
0.00472844
0.00467531
0.004573
0.00442316
0.00422837
0.00399206
0.00371837
0.00341205
0.00307831
0.00272267
0.00235076
0.00196826
0.00158053
0.0011927
0.000811455
0.00044293
6.58952e-05
-0.000340076
0.00250776
0.00185118
0.00133666
0.00092036
0.000549397
0.000221223
-6.60984e-05
-0.000317911
-0.000539279
-0.000734601
-0.000907814
-0.00106238
-0.00120125
-0.00132686
-0.00144112
-0.00154545
-0.00164077
-0.00172757
-0.00180587
-0.00187532
-0.0019352
-0.00198448
-0.00202186
-0.00204581
-0.00205466
-0.00204659
-0.00201978
-0.00197238
-0.00190266
-0.00180899
-0.00169001
-0.0015446
-0.001372
-0.00117186
-0.000944326
-0.000690027
-0.000410181
-0.0001066
0.000218285
0.000561418
0.000919126
0.00128716
0.00166072
0.00203455
0.00240302
0.00276023
0.00310013
0.00341667
0.00370394
0.00395637
0.00416881
0.00433677
0.00445649
0.0045251
0.00454072
0.0045025
0.0044107
0.00426664
0.00407268
0.00383215
0.00354923
0.00322882
0.00287638
0.0024978
0.00209916
0.00168665
0.00126619
0.000843467
0.000425993
2.06811e-05
-0.000395999
-0.000846538
0.00236374
0.00167328
0.00113318
0.000697132
0.000309157
-3.37198e-05
-0.000333822
-0.000597048
-0.000828968
-0.00103442
-0.00121772
-0.00138265
-0.00153241
-0.00166963
-0.00179637
-0.00191414
-0.00202392
-0.00212617
-0.00222091
-0.00230771
-0.00238573
-0.00245383
-0.00251052
-0.00255411
-0.00258267
-0.00259419
-0.00258656
-0.00255766
-0.00250545
-0.00242803
-0.00232369
-0.00219102
-0.00202894
-0.00183681
-0.00161447
-0.0013623
-0.0010813
-0.000773082
-0.000439954
-8.48944e-05
0.000288431
0.000675699
0.00107196
0.00147173
0.00186904
0.00225756
0.00263075
0.00298196
0.00330463
0.00359245
0.00383955
0.00404062
0.00419116
0.00428754
0.00432718
0.00430862
0.00423158
0.00409698
0.00390691
0.00366455
0.0033741
0.00304061
0.00266983
0.00226804
0.00184186
0.00139804
0.000943154
0.000483557
2.76682e-05
-0.000416724
-0.000875566
-0.00137352
0.00215016
0.00142789
0.000863769
0.000409097
4.98373e-06
-0.00035198
-0.000664509
-0.000939043
-0.00118165
-0.00139759
-0.00159154
-0.00176758
-0.00192916
-0.00207908
-0.00221954
-0.00235213
-0.00247785
-0.00259716
-0.00271003
-0.00281595
-0.00291397
-0.00300278
-0.00308075
-0.00314596
-0.00319627
-0.00322939
-0.00324295
-0.00323453
-0.00320178
-0.00314246
-0.00305452
-0.0029362
-0.00278608
-0.00260319
-0.00238702
-0.00213767
-0.00185585
-0.00154296
-0.00120112
-0.000833185
-0.00044279
-3.42949e-05
0.000387227
0.000816052
0.00124588
0.00166996
0.0020812
0.00247232
0.00283603
0.00316523
0.00345318
0.00369371
0.00388139
0.00401175
0.00408138
0.00408806
0.00403088
0.00391026
0.00372792
0.00348686
0.00319125
0.00284626
0.00245798
0.0020331
0.00157883
0.0011026
0.000611685
0.000113206
-0.000383398
-0.000869361
-0.0013732
-0.0019219
0.00186285
0.00111098
0.000524466
5.23676e-05
-0.000366956
-0.000737346
-0.00106191
-0.00134762
-0.00160102
-0.00182779
-0.00203295
-0.00222086
-0.00239521
-0.00255896
-0.00271443
-0.00286326
-0.00300648
-0.00314455
-0.00327736
-0.00340431
-0.00352433
-0.00363596
-0.00373738
-0.00382644
-0.00390078
-0.00395783
-0.00399492
-0.00400932
-0.00399835
-0.00395939
-0.00389003
-0.00378813
-0.00365189
-0.00347994
-0.00327141
-0.00302604
-0.00274422
-0.00242706
-0.00207645
-0.00169508
-0.0012865
-0.00085506
-0.000405935
5.49451e-05
0.000520962
0.000984912
0.00143914
0.00187569
0.0022865
0.00266357
0.0029992
0.00328622
0.00351819
0.0036896
0.00379608
0.00383454
0.00380328
0.00370208
0.00353221
0.0032964
0.00299872
0.00264449
0.00224008
0.00179268
0.00131011
0.00080056
0.000272106
-0.000267269
-0.000806996
-0.00133723
-0.00188924
-0.00249248
0.00149797
0.000718808
0.000111611
-0.000376662
-0.000810223
-0.00119335
-0.00152953
-0.00182627
-0.00209057
-0.00232851
-0.00254544
-0.002746
-0.00293408
-0.00311281
-0.00328461
-0.00345118
-0.00361355
-0.00377216
-0.00392683
-0.00407687
-0.00422107
-0.00435781
-0.00448505
-0.00460046
-0.00470138
-0.00478499
-0.0048483
-0.00488824
-0.00490175
-0.00488585
-0.00483772
-0.0047548
-0.00463484
-0.00447605
-0.00427715
-0.00403746
-0.00375697
-0.00343647
-0.00307753
-0.00268263
-0.00225515
-0.0017994
-0.00132061
-0.000824873
-0.000319114
0.000189027
0.000691314
0.00117907
0.00164339
0.00207531
0.00246607
0.00280737
0.00309158
0.00331204
0.00346324
0.00354103
0.00354277
0.00346748
0.00331581
0.00309012
0.00279434
0.00243385
0.00201532
0.00154646
0.00103577
0.000492246
-7.51216e-05
-0.000657399
-0.00124276
-0.00182015
-0.00242383
-0.00308594
0.00105193
0.000247928
-0.000378153
-0.000881293
-0.00132808
-0.00172321
-0.00207059
-0.0023782
-0.0026535
-0.00290294
-0.00313221
-0.00334621
-0.00354903
-0.00374393
-0.00393343
-0.00411929
-0.00430254
-0.00448357
-0.00466214
-0.00483745
-0.00500816
-0.00517248
-0.00532816
-0.00547263
-0.005603
-0.00571611
-0.00580866
-0.00587722
-0.00591835
-0.00592865
-0.00590487
-0.00584396
-0.00574324
-0.0056004
-0.00541369
-0.00518195
-0.00490473
-0.00458238
-0.00421612
-0.00380812
-0.00336154
-0.00288056
-0.00237041
-0.0018373
-0.00128843
-0.000731863
-0.000176413
0.000368502
0.000893062
0.00138727
0.0018412
0.00224529
0.00259057
0.00286905
0.00307387
0.00319964
0.00324263
0.00320084
0.00307422
0.00286459
0.00257562
0.00221273
0.00178284
0.00129418
0.000755978
0.000178144
-0.000429349
-0.0010565
-0.00169008
-0.00231773
-0.00297691
-0.00370268
0.000521523
-0.00030476
-0.000947847
-0.0014645
-0.00192346
-0.00232986
-0.00268798
-0.0030063
-0.00329269
-0.003554
-0.0037962
-0.00402444
-0.004243
-0.0044553
-0.00466392
-0.00487066
-0.00507657
-0.00528199
-0.00548661
-0.00568952
-0.00588923
-0.00608377
-0.0062707
-0.00644721
-0.00661011
-0.00675597
-0.00688113
-0.00698179
-0.00705408
-0.00709418
-0.00709834
-0.00706304
-0.00698505
-0.00686153
-0.00669018
-0.0064693
-0.00619791
-0.00587587
-0.00550394
-0.00508389
-0.00461859
-0.004112
-0.00356927
-0.00299668
-0.00240163
-0.00179258
-0.00117892
-0.000570821
2.09552e-05
0.000585291
0.00111099
0.00158708
0.00200312
0.00234955
0.00261801
0.00280163
0.00289531
0.00289591
0.00280241
0.00261594
0.00233981
0.00197933
0.00154168
0.00103558
0.000471036
-0.000141074
-0.000789679
-0.0014636
-0.00214805
-0.00282922
-0.00354806
-0.00434276
-9.61063e-05
-0.000941991
-0.00160014
-0.00212889
-0.00259895
-0.00301586
-0.00338427
-0.00371312
-0.00401072
-0.00428423
-0.00453995
-0.00478325
-0.00501859
-0.00524953
-0.00547871
-0.00570799
-0.0059384
-0.00617025
-0.00640315
-0.00663607
-0.00686739
-0.00709497
-0.00731615
-0.00752788
-0.00772669
-0.00790883
-0.00807029
-0.00820688
-0.00831429
-0.00838823
-0.00842444
-0.00841885
-0.00836765
-0.00826744
-0.00811526
-0.00790882
-0.00764653
-0.00732764
-0.00695238
-0.00652205
-0.00603908
-0.00550715
-0.00493121
-0.00431754
-0.00367367
-0.00300841
-0.00233167
-0.00165439
-0.000988296
-0.000345691
0.000260857
0.000818836
0.00131615
0.00174149
0.00208472
0.00233728
0.00249244
0.00254566
0.0024947
0.00233984
0.00208379
0.00173168
0.00129084
0.000770472
0.000181391
-0.00046449
-0.0011549
-0.00187736
-0.00261536
-0.00335346
-0.00413642
-0.00500584
-0.000803409
-0.00166611
-0.00233729
-0.00287672
-0.00335677
-0.0037834
-0.00416164
-0.00450085
-0.00480973
-0.00509581
-0.00536563
-0.0056248
-0.00587797
-0.00612878
-0.00638
-0.00663348
-0.00689027
-0.00715063
-0.0074141
-0.00767954
-0.0079452
-0.00820876
-0.00846735
-0.00871767
-0.00895598
-0.00917821
-0.00937996
-0.00955665
-0.00970353
-0.00981578
-0.00988861
-0.00991736
-0.00989762
-0.00982528
-0.00969676
-0.00950904
-0.00925982
-0.0089477
-0.00857225
-0.00813416
-0.00763535
-0.00707909
-0.00647004
-0.00581433
-0.00511956
-0.0043948
-0.00365044
-0.00289816
-0.00215066
-0.00142146
-0.000724607
-7.42701e-05
0.00051561
0.00103177
0.00146208
0.00179596
0.00202479
0.0021423
0.00214481
0.00203142
0.0018041
0.00146758
0.00102924
0.000498741
-0.000112314
-0.000790898
-0.00152344
-0.00229601
-0.00309021
-0.00388878
-0.00474063
-0.005691
-0.0016024
-0.00247904
-0.00316119
-0.00370981
-0.00419873
-0.00463428
-0.00502186
-0.00537124
-0.0056915
-0.00599047
-0.00627497
-0.00655082
-0.00682282
-0.00709476
-0.00736945
-0.0076488
-0.00793385
-0.00822482
-0.00852118
-0.00882171
-0.0091245
-0.00942707
-0.00972635
-0.0100188
-0.0103004
-0.0105667
-0.010813
-0.0110343
-0.0112253
-0.0113808
-0.0114953
-0.0115635
-0.0115804
-0.0115411
-0.0114414
-0.0112774
-0.011046
-0.010745
-0.0103733
-0.00993087
-0.00941891
-0.00884018
-0.00819892
-0.00750101
-0.00675398
-0.00596704
-0.00515103
-0.00431827
-0.00348244
-0.00265831
-0.00186144
-0.00110782
-0.000413376
0.000206443
0.000737226
0.0011661
0.00148223
0.00167727
0.00174575
0.00168532
0.0014969
0.00118463
0.000755773
0.000220363
-0.000409203
-0.00111874
-0.00189327
-0.00271727
-0.00357023
-0.0044329
-0.00535866
-0.0063967
-0.00249463
-0.00338226
-0.00407326
-0.00462957
-0.00512621
-0.00556987
-0.0059663
-0.00632565
-0.00665735
-0.00696951
-0.00726922
-0.00756251
-0.00785433
-0.00814857
-0.00844815
-0.00875499
-0.00907015
-0.00939381
-0.00972539
-0.0100636
-0.0104063
-0.010751
-0.0110943
-0.0114325
-0.0117613
-0.0120759
-0.0123713
-0.0126419
-0.0128821
-0.0130859
-0.0132475
-0.0133608
-0.01342
-0.0134196
-0.0133545
-0.0132198
-0.0130117
-0.0127272
-0.0123641
-0.0119215
-0.0114
-0.0108016
-0.01013
-0.00939062
-0.00859082
-0.00773983
-0.00684879
-0.00593061
-0.0049999
-0.00407266
-0.00316603
-0.00229789
-0.00148634
-0.000749224
-0.000103506
0.000435319
0.000853832
0.00114125
0.00128991
0.00129564
0.00115797
0.000880202
0.00046927
-6.45545e-05
-0.000708118
-0.00144604
-0.00226182
-0.00313822
-0.00405237
-0.00498281
-0.00598774
-0.00712061
-0.00348115
-0.00437678
-0.00507448
-0.00563697
-0.00614018
-0.00659112
-0.00699588
-0.00736496
-0.00770811
-0.00803373
-0.00834913
-0.00866055
-0.00897309
-0.00929076
-0.00961655
-0.00995244
-0.0102995
-0.0106578
-0.0110269
-0.0114052
-0.0117907
-0.0121806
-0.0125713
-0.0129589
-0.0133389
-0.0137061
-0.0140551
-0.01438
-0.0146745
-0.0149323
-0.0151467
-0.0153111
-0.0154189
-0.0154637
-0.0154394
-0.0153405
-0.015162
-0.0148999
-0.014551
-0.0141136
-0.0135872
-0.0129729
-0.0122738
-0.0114948
-0.0106427
-0.00972675
-0.00875818
-0.0077504
-0.00671883
-0.0056807
-0.00465473
-0.00366074
-0.00271917
-0.00185046
-0.0010744
-0.000409458
0.000127974
0.000524244
0.000769058
0.00085598
0.000782766
0.00055151
0.000168568
-0.000355733
-0.00100757
-0.00177033
-0.00262595
-0.00355524
-0.0045328
-0.00553465
-0.00662422
-0.00785952
-0.00456252
-0.00546313
-0.00616538
-0.00673253
-0.00724113
-0.00769851
-0.00811105
-0.00848959
-0.00884415
-0.00918341
-0.0095149
-0.00984505
-0.0101791
-0.0105212
-0.0108744
-0.0112407
-0.0116213
-0.0120163
-0.0124249
-0.0128458
-0.0132768
-0.0137148
-0.0141562
-0.014597
-0.0150321
-0.0154562
-0.0158636
-0.0162477
-0.016602
-0.0169194
-0.0171927
-0.0174145
-0.0175774
-0.0176741
-0.0176977
-0.0176415
-0.0174995
-0.0172665
-0.0169385
-0.0165123
-0.0159866
-0.0153614
-0.0146389
-0.013823
-0.0129204
-0.0119397
-0.0108922
-0.00979156
-0.008654
-0.00749783
-0.00634334
-0.00521235
-0.00412771
-0.00311265
-0.00219009
-0.00138178
-0.000707521
-0.000184309
0.000174436
0.000359511
0.000366417
0.000195616
-0.000147462
-0.000652672
-0.00130565
-0.0020886
-0.00298176
-0.0039639
-0.00500674
-0.00608358
-0.00726343
-0.00860914
-0.00573875
-0.00664133
-0.007346
-0.0079163
-0.00842912
-0.00889207
-0.00931182
-0.00969947
-0.0100653
-0.0104183
-0.0107662
-0.0111155
-0.0114717
-0.0118391
-0.0122207
-0.0126187
-0.0130343
-0.0134675
-0.0139177
-0.0143835
-0.0148623
-0.0153513
-0.0158467
-0.016344
-0.0168382
-0.0173236
-0.0177939
-0.0182423
-0.0186618
-0.0190447
-0.0193831
-0.0196688
-0.0198936
-0.0200494
-0.0201281
-0.0201221
-0.0200242
-0.019828
-0.0195281
-0.0191203
-0.0186018
-0.0179717
-0.0172309
-0.0163825
-0.0154322
-0.0143882
-0.0132615
-0.0120661
-0.0108185
-0.00953807
-0.00824661
-0.0069679
-0.00572729
-0.00455096
-0.00346517
-0.00249535
-0.00166512
-0.000995324
-0.000503071
-0.000200906
-9.61487e-05
-0.000190483
-0.000479835
-0.00095457
-0.00159997
-0.00239714
-0.00332455
-0.00435877
-0.00546839
-0.00662363
-0.0078995
-0.00936398
-0.00700931
-0.00791093
-0.00861591
-0.00918787
-0.00970376
-0.0101714
-0.0105977
-0.0109941
-0.011371
-0.0117377
-0.012102
-0.0124708
-0.0128496
-0.0132428
-0.0136536
-0.0140843
-0.0145361
-0.015009
-0.0155025
-0.016015
-0.0165441
-0.0170867
-0.0176389
-0.0181962
-0.0187531
-0.0193037
-0.0198415
-0.0203593
-0.0208493
-0.0213034
-0.021713
-0.0220693
-0.0223631
-0.0225853
-0.0227269
-0.0227789
-0.0227331
-0.0225818
-0.0223181
-0.0219366
-0.021433
-0.020805
-0.0200523
-0.0191768
-0.0181831
-0.0170787
-0.0158742
-0.0145833
-0.013223
-0.0118133
-0.0103775
-0.00894111
-0.00753211
-0.00617971
-0.00491374
-0.00376362
-0.00275723
-0.0019198
-0.00127273
-0.00083256
-0.000610081
-0.000609741
-0.000829357
-0.00126022
-0.00188756
-0.00269146
-0.00364866
-0.00473334
-0.00591068
-0.00714749
-0.00852519
-0.0101172
-0.00837316
-0.00927097
-0.00997424
-0.0105464
-0.0110642
-0.0115356
-0.0119678
-0.0123724
-0.0127601
-0.0131402
-0.0135209
-0.0139091
-0.0143107
-0.0147301
-0.0151706
-0.0156347
-0.0161234
-0.0166372
-0.0171753
-0.0177361
-0.0183174
-0.0189159
-0.0195276
-0.0201477
-0.0207707
-0.0213905
-0.022
-0.0225917
-0.0231575
-0.0236885
-0.0241756
-0.024609
-0.0249788
-0.0252748
-0.025487
-0.0256053
-0.02562
-0.0255222
-0.0253035
-0.0249569
-0.0244766
-0.0238589
-0.0231017
-0.0222058
-0.0211745
-0.0200142
-0.0187346
-0.0173493
-0.015875
-0.0143326
-0.0127463
-0.0111435
-0.00955455
-0.0080118
-0.00654881
-0.00519928
-0.00399577
-0.00296845
-0.00214366
-0.00154264
-0.00118042
-0.00106491
-0.00119649
-0.0015679
-0.00216469
-0.00296615
-0.0039473
-0.00507983
-0.00632517
-0.00764639
-0.00913169
-0.0108602
-0.00982869
-0.01072
-0.0114196
-0.0119907
-0.0125092
-0.0129835
-0.0134208
-0.013833
-0.0142308
-0.0146239
-0.0150207
-0.0154282
-0.0158523
-0.0162978
-0.0167682
-0.0172658
-0.017792
-0.0183473
-0.0189308
-0.0195413
-0.0201762
-0.0208324
-0.0215057
-0.0221913
-0.0228834
-0.0235757
-0.0242609
-0.024931
-0.0255773
-0.0261906
-0.0267609
-0.0272778
-0.0277304
-0.0281077
-0.0283984
-0.0285911
-0.0286751
-0.0286396
-0.028475
-0.0281725
-0.0277248
-0.0271263
-0.0263733
-0.025465
-0.0244031
-0.0231928
-0.0218428
-0.0203657
-0.0187782
-0.0171013
-0.01536
-0.0135835
-0.0118044
-0.0100579
-0.00838159
-0.0068136
-0.00539162
-0.00415124
-0.00312444
-0.00233794
-0.00181181
-0.00155832
-0.00158115
-0.00187518
-0.00242676
-0.0032147
-0.0042124
-0.00538897
-0.00670179
-0.0081098
-0.00970841
-0.0115826
-0.0113738
-0.0122561
-0.0129504
-0.0135189
-0.0140372
-0.0145134
-0.014955
-0.0153739
-0.0157812
-0.0161867
-0.0165988
-0.0170249
-0.0174711
-0.0179422
-0.018442
-0.0189729
-0.0195366
-0.0201334
-0.0207629
-0.0214236
-0.0221131
-0.0228282
-0.0235648
-0.0243179
-0.0250817
-0.0258494
-0.0266135
-0.0273658
-0.0280971
-0.0287976
-0.0294566
-0.030063
-0.030605
-0.0310707
-0.0314474
-0.0317229
-0.0318846
-0.0319206
-0.0318194
-0.0315707
-0.0311653
-0.0305957
-0.0298565
-0.0289449
-0.0278609
-0.0266081
-0.0251937
-0.0236294
-0.0219312
-0.0201201
-0.0182215
-0.0162659
-0.0142878
-0.0123257
-0.0104207
-0.00861575
-0.00695392
-0.00547679
-0.00422259
-0.00322439
-0.00250821
-0.0020916
-0.00198249
-0.00217872
-0.00266808
-0.0034293
-0.00443439
-0.00564982
-0.00702865
-0.00852527
-0.0102427
-0.0122721
-0.0130059
-0.0138771
-0.0145643
-0.0151292
-0.0156461
-0.0161232
-0.0165682
-0.0169929
-0.0174087
-0.0178255
-0.0182519
-0.0186956
-0.0191628
-0.0196585
-0.0201868
-0.0207504
-0.0213508
-0.0219888
-0.0226639
-0.0233748
-0.0241192
-0.024894
-0.0256948
-0.0265168
-0.0273539
-0.0281994
-0.0290453
-0.029883
-0.030703
-0.031495
-0.0322476
-0.0329489
-0.0335865
-0.0341471
-0.0346172
-0.0349832
-0.0352311
-0.0353474
-0.0353192
-0.0351341
-0.034781
-0.0342506
-0.0335355
-0.0326306
-0.0315341
-0.0302476
-0.0287767
-0.0271317
-0.0253275
-0.0233844
-0.0213283
-0.0191902
-0.0170067
-0.0148187
-0.0126713
-0.0106119
-0.00868939
-0.00695169
-0.00544404
-0.00420661
-0.00327241
-0.00266533
-0.00239862
-0.00247402
-0.00288161
-0.00360064
-0.00460197
-0.00584951
-0.00729174
-0.00887809
-0.0107196
-0.0129137
-0.014722
-0.0155801
-0.0162591
-0.0168192
-0.0173337
-0.0178107
-0.018258
-0.0186874
-0.0191105
-0.0195372
-0.0199765
-0.0204361
-0.0209227
-0.0214415
-0.0219968
-0.0225914
-0.0232272
-0.0239052
-0.024625
-0.0253854
-0.0261843
-0.0270185
-0.0278839
-0.0287755
-0.029687
-0.0306117
-0.0315413
-0.032467
-0.0333788
-0.0342658
-0.0351162
-0.0359173
-0.0366557
-0.0373174
-0.0378875
-0.0383512
-0.0386933
-0.0388986
-0.0389524
-0.0388406
-0.0385501
-0.0380694
-0.037389
-0.0365017
-0.0354033
-0.0340933
-0.0325753
-0.0308576
-0.028954
-0.0268836
-0.0246721
-0.0223508
-0.0199576
-0.0175359
-0.0151341
-0.0128044
-0.0106014
-0.00857977
-0.00679234
-0.00528728
-0.00410557
-0.00327862
-0.00282619
-0.00275512
-0.00305874
-0.00371757
-0.00470183
-0.00597297
-0.00747468
-0.00915102
-0.0111214
-0.0134899
-0.0165187
-0.0173623
-0.0180319
-0.0185864
-0.0190976
-0.0195735
-0.0200218
-0.0204546
-0.0208832
-0.021318
-0.0217682
-0.0222417
-0.0227454
-0.023285
-0.0238649
-0.0244883
-0.0251575
-0.0258734
-0.0266361
-0.0274445
-0.0282967
-0.0291894
-0.0301188
-0.0310797
-0.032066
-0.0330705
-0.034085
-0.0351003
-0.036106
-0.0370908
-0.0380423
-0.0389471
-0.0397909
-0.0405587
-0.0412348
-0.0418029
-0.0422464
-0.0425486
-0.0426931
-0.0426639
-0.0424459
-0.0420255
-0.0413907
-0.0405321
-0.0394431
-0.0381207
-0.0365661
-0.0347857
-0.0327912
-0.0306004
-0.028238
-0.0257353
-0.0231309
-0.0204701
-0.0178045
-0.0151907
-0.012689
-0.0103611
-0.00826797
-0.00646644
-0.00500657
-0.00392854
-0.00325998
-0.00301415
-0.00318887
-0.00376686
-0.00471835
-0.00600261
-0.00755837
-0.00932398
-0.0114277
-0.01398
-0.0183922
-0.0192205
-0.0198799
-0.0204282
-0.0209353
-0.021409
-0.021857
-0.0222913
-0.0227235
-0.0231641
-0.0236225
-0.024107
-0.024625
-0.0251822
-0.0257836
-0.0264328
-0.0271322
-0.0278833
-0.0286862
-0.0295401
-0.0304433
-0.0313928
-0.0323847
-0.0334138
-0.034474
-0.0355582
-0.0366578
-0.0377634
-0.0388643
-0.0399486
-0.0410035
-0.0420149
-0.0429677
-0.0438459
-0.0446328
-0.0453109
-0.0458622
-0.0462685
-0.0465115
-0.0465736
-0.0464375
-0.0460875
-0.0455091
-0.0446904
-0.0436224
-0.0422993
-0.0407199
-0.0388879
-0.0368127
-0.0345104
-0.0320039
-0.0293242
-0.02651
-0.0236077
-0.0206717
-0.0177626
-0.0149462
-0.0122914
-0.00986739
-0.00774068
-0.00597135
-0.00460958
-0.00369239
-0.00324098
-0.00325906
-0.00373279
-0.00463323
-0.00591794
-0.00752065
-0.00937363
-0.0116143
-0.01436
-0.0203386
-0.0211512
-0.0218003
-0.0223418
-0.022844
-0.0233144
-0.0237605
-0.0241944
-0.0246277
-0.0250712
-0.0255345
-0.0260265
-0.0265548
-0.0271257
-0.0277446
-0.0284155
-0.0291412
-0.0299235
-0.0307629
-0.031659
-0.0326101
-0.0336135
-0.0346653
-0.0357606
-0.0368932
-0.0380557
-0.0392396
-0.0404351
-0.0416314
-0.042816
-0.0439755
-0.0450953
-0.0461595
-0.0471512
-0.0480527
-0.0488453
-0.0495096
-0.050026
-0.0503745
-0.0505356
-0.05049
-0.0502197
-0.0497079
-0.0489402
-0.0479046
-0.0465929
-0.0450008
-0.0431293
-0.0409851
-0.0385817
-0.0359405
-0.0330907
-0.0300707
-0.0269277
-0.0237178
-0.0205051
-0.0173607
-0.0143604
-0.0115821
-0.00910233
-0.00699207
-0.00531293
-0.00411283
-0.00342261
-0.00325355
-0.00359672
-0.00442512
-0.00569522
-0.00733587
-0.00927298
-0.0116536
-0.0146017
-0.0223537
-0.0231512
-0.0237901
-0.0243248
-0.0248214
-0.0252873
-0.0257298
-0.0261608
-0.0265921
-0.0270348
-0.0274991
-0.027994
-0.0285278
-0.0291075
-0.0297387
-0.0304262
-0.0311731
-0.0319818
-0.032853
-0.0337868
-0.0347816
-0.0358351
-0.0369434
-0.0381017
-0.0393039
-0.0405425
-0.0418088
-0.043093
-0.0443836
-0.045668
-0.0469323
-0.0481612
-0.049338
-0.0504452
-0.0514638
-0.052374
-0.0531554
-0.0537866
-0.0542462
-0.0545128
-0.0545651
-0.0543828
-0.053947
-0.0532404
-0.0522484
-0.0509598
-0.0493673
-0.0474688
-0.0452681
-0.0427758
-0.0400107
-0.0370002
-0.0337813
-0.0304011
-0.026917
-0.0233958
-0.0199133
-0.0165519
-0.013398
-0.0105385
-0.00805635
-0.00602572
-0.00450703
-0.00354263
-0.00315327
-0.00333665
-0.00406911
-0.00530696
-0.00697446
-0.00899094
-0.0115136
-0.014673
-0.0244335
-0.0252171
-0.0258466
-0.0263746
-0.0268653
-0.0273254
-0.0277621
-0.0281874
-0.0286131
-0.0290507
-0.0295108
-0.0300032
-0.0305367
-0.031119
-0.0317564
-0.0324541
-0.0332162
-0.0340451
-0.0349424
-0.0359082
-0.0369416
-0.0380402
-0.0392005
-0.0404177
-0.0416857
-0.0429971
-0.044343
-0.0457132
-0.0470963
-0.048479
-0.049847
-0.0511844
-0.0524739
-0.053697
-0.0548338
-0.0558636
-0.0567645
-0.0575139
-0.0580887
-0.0584658
-0.058622
-0.0585349
-0.0581829
-0.0575465
-0.0566082
-0.0553538
-0.0537728
-0.0518599
-0.0496155
-0.0470471
-0.0441704
-0.0410102
-0.0376017
-0.033991
-0.0302356
-0.0264045
-0.0225771
-0.018842
-0.0152939
-0.0120302
-0.00914633
-0.00673018
-0.00485633
-0.00358055
-0.00293519
-0.00292663
-0.00353629
-0.00472151
-0.00640245
-0.00849185
-0.0111576
-0.0145366
-0.026574
-0.027346
-0.0279676
-0.0284895
-0.0289739
-0.0294269
-0.0298555
-0.0302715
-0.0306871
-0.0311142
-0.0315642
-0.0320474
-0.0325736
-0.0331511
-0.0337872
-0.0344878
-0.0352575
-0.0360995
-0.0370159
-0.0380071
-0.0390727
-0.0402105
-0.0414172
-0.0426882
-0.0440173
-0.0453971
-0.0468187
-0.0482716
-0.049744
-0.0512224
-0.0526919
-0.054136
-0.0555369
-0.0568751
-0.0581301
-0.0592798
-0.0603012
-0.0611705
-0.0618631
-0.0623541
-0.0626185
-0.0626318
-0.0623702
-0.0618116
-0.0609356
-0.0597252
-0.0581666
-0.0562511
-0.0539757
-0.0513442
-0.0483689
-0.0450715
-0.0414845
-0.0376522
-0.0336315
-0.0294922
-0.0253168
-0.021199
-0.0172412
-0.0135515
-0.0102378
-0.00740286
-0.00513686
-0.00351106
-0.00257173
-0.00233622
-0.00279314
-0.00390241
-0.0055809
-0.00773487
-0.0105434
-0.0141499
-0.0287713
-0.0295353
-0.0301513
-0.0306681
-0.031146
-0.0315904
-0.032008
-0.0324106
-0.0328109
-0.0332212
-0.0336537
-0.0341199
-0.0346304
-0.0351945
-0.0358205
-0.0365152
-0.0372838
-0.0381305
-0.0390578
-0.0400667
-0.041157
-0.0423271
-0.0435737
-0.0448923
-0.0462769
-0.0477199
-0.0492122
-0.0507433
-0.0523009
-0.0538713
-0.055439
-0.056987
-0.0584968
-0.0599481
-0.0613195
-0.0625881
-0.0637296
-0.0647189
-0.0655302
-0.0661367
-0.0665118
-0.066629
-0.0664623
-0.065987
-0.0651803
-0.064022
-0.0624952
-0.0605878
-0.0582929
-0.0556109
-0.05255
-0.0491283
-0.0453751
-0.041332
-0.0370543
-0.0326118
-0.0280886
-0.0235826
-0.0192034
-0.0150686
-0.0112994
-0.00801369
-0.00531875
-0.00330332
-0.00203001
-0.00152981
-0.00180095
-0.00280787
-0.00446531
-0.00667346
-0.00962335
-0.0134645
-0.0310223
-0.0317831
-0.0323968
-0.03291
-0.0333813
-0.0338155
-0.0342188
-0.0346031
-0.0349816
-0.0353675
-0.035774
-0.0362138
-0.0366987
-0.0372393
-0.037845
-0.0385235
-0.0392812
-0.0401228
-0.0410517
-0.0420694
-0.0431762
-0.0443706
-0.0456496
-0.0470089
-0.0484424
-0.0499424
-0.0514999
-0.0531038
-0.0547417
-0.0563994
-0.058061
-0.0597089
-0.0613239
-0.0628851
-0.0643701
-0.0657549
-0.0670145
-0.0681224
-0.0690513
-0.0697731
-0.0702595
-0.0704819
-0.0704125
-0.0700242
-0.0692914
-0.0681912
-0.0667036
-0.0648129
-0.0625087
-0.0597873
-0.0566529
-0.0531197
-0.049213
-0.0449709
-0.0404464
-0.0357079
-0.0308402
-0.025944
-0.0211349
-0.0165396
-0.0122918
-0.00852523
-0.00536529
-0.00292009
-0.00127112
-0.000465896
-0.000515081
-0.00139007
-0.003005
-0.00525462
-0.00834284
-0.0124251
-0.0333244
-0.0340887
-0.0347042
-0.0352158
-0.0356807
-0.0361027
-0.0364877
-0.0368477
-0.0371968
-0.0375493
-0.0379197
-0.0383222
-0.03877
-0.0392754
-0.0398489
-0.0404996
-0.041235
-0.0420608
-0.0429809
-0.0439975
-0.0451113
-0.0463212
-0.0476245
-0.0490167
-0.0504918
-0.0520421
-0.0536582
-0.0553289
-0.0570414
-0.058781
-0.0605313
-0.0622742
-0.0639898
-0.0656564
-0.0672508
-0.0687482
-0.0701223
-0.0713456
-0.0723895
-0.0732246
-0.0738207
-0.0741478
-0.0741758
-0.0738755
-0.0732189
-0.0721803
-0.0707367
-0.0688691
-0.0665633
-0.0638116
-0.0606143
-0.056981
-0.0529327
-0.0485036
-0.0437432
-0.0387177
-0.033511
-0.0282256
-0.0229815
-0.0179135
-0.0131672
-0.00889195
-0.00523213
-0.00231696
-0.000249333
0.000903666
0.0011157
0.000405567
-0.00114227
-0.00341824
-0.00664015
-0.0109692
-0.035676
-0.0364522
-0.0370752
-0.0375878
-0.0380465
-0.038454
-0.0388157
-0.0391445
-0.039455
-0.0397633
-0.0400856
-0.0404379
-0.0408355
-0.0412921
-0.0418201
-0.04243
-0.0431305
-0.0439282
-0.044828
-0.0458328
-0.0469435
-0.0481594
-0.0494779
-0.0508947
-0.0524037
-0.0539968
-0.0556646
-0.0573954
-0.0591761
-0.0609916
-0.0628248
-0.064657
-0.0664676
-0.0682343
-0.0699329
-0.0715378
-0.0730217
-0.0743558
-0.0755105
-0.0764549
-0.0771574
-0.0775861
-0.0777094
-0.0774957
-0.076915
-0.0759387
-0.0745411
-0.0726998
-0.0703972
-0.0676218
-0.0643694
-0.0606452
-0.0564657
-0.0518605
-0.046875
-0.0415718
-0.0360332
-0.0303618
-0.0246805
-0.0191307
-0.0138689
-0.00905959
-0.00486661
-0.0014416
0.00108871
0.00263447
0.00315009
0.00264121
0.0011883
-0.00109618
-0.00444542
-0.00902615
-0.0380767
-0.0388758
-0.0395132
-0.0400301
-0.0404829
-0.0408729
-0.0412055
-0.0414942
-0.0417553
-0.0420067
-0.0422669
-0.0425542
-0.0428861
-0.0432787
-0.0437461
-0.0443006
-0.0449522
-0.0457087
-0.0465758
-0.047557
-0.0486538
-0.0498656
-0.05119
-0.0526226
-0.0541572
-0.0557855
-0.0574976
-0.0592816
-0.0611238
-0.0630085
-0.0649182
-0.0668334
-0.0687329
-0.0705935
-0.0723903
-0.0740966
-0.0756842
-0.0771233
-0.078383
-0.079431
-0.0802345
-0.08076
-0.0809739
-0.080843
-0.0803349
-0.0794187
-0.0780659
-0.076251
-0.0739532
-0.071157
-0.0678542
-0.0640454
-0.0597423
-0.0549697
-0.0497681
-0.0441961
-0.0383329
-0.0322797
-0.0261608
-0.0201227
-0.0143311
-0.00896486
-0.00420712
-0.000232996
0.0028048
0.00479039
0.00565509
0.00538747
0.00406089
0.0017886
-0.00167974
-0.00651633
-0.0405281
-0.0413637
-0.0420242
-0.0425494
-0.0429962
-0.043365
-0.0436611
-0.0438992
-0.0440977
-0.0442771
-0.0444588
-0.0446639
-0.0449128
-0.045224
-0.0456141
-0.0460971
-0.0466846
-0.0473856
-0.0482067
-0.049152
-0.0502235
-0.0514208
-0.0527414
-0.0541809
-0.0557326
-0.0573882
-0.0591372
-0.0609672
-0.0628639
-0.0648112
-0.0667907
-0.0687823
-0.070764
-0.0727118
-0.0745999
-0.0764007
-0.078085
-0.079622
-0.0809795
-0.0821241
-0.0830215
-0.0836367
-0.0839346
-0.0838801
-0.0834386
-0.0825772
-0.0812646
-0.0794728
-0.0771774
-0.0743596
-0.071007
-0.0671159
-0.0626931
-0.0577585
-0.0523473
-0.0465133
-0.0403315
-0.0339006
-0.0273445
-0.020813
-0.0144793
-0.00853528
-0.00318276
0.00137915
0.0049699
0.00744446
0.00870694
0.00872445
0.00755941
0.00532318
0.00174597
-0.00335002
-0.0430339
-0.0439231
-0.0446172
-0.0451553
-0.045596
-0.0459387
-0.0461889
-0.0463634
-0.0464835
-0.046573
-0.0466569
-0.04676
-0.046906
-0.0471166
-0.0474107
-0.0478046
-0.0483116
-0.0489419
-0.0497031
-0.0505999
-0.0516345
-0.0528067
-0.0541138
-0.0555511
-0.0571117
-0.0587868
-0.0605653
-0.0624342
-0.0643786
-0.0663816
-0.0684241
-0.0704852
-0.0725422
-0.07457
-0.0765421
-0.0784299
-0.0802031
-0.0818299
-0.083277
-0.0845096
-0.0854923
-0.0861885
-0.0865616
-0.0865746
-0.0861912
-0.0853762
-0.0840962
-0.0823202
-0.0800211
-0.0771765
-0.0737704
-0.0697947
-0.0652517
-0.0601559
-0.0545375
-0.0484448
-0.0419478
-0.0351415
-0.0281479
-0.021118
-0.0142309
-0.00768947
-0.0017132
0.00347484
0.00766487
0.0106798
0.0123922
0.0127428
0.0117788
0.00960599
0.0059322
0.000573733
-0.045601
-0.046565
-0.0473055
-0.0478616
-0.0482953
-0.0486051
-0.0487977
-0.0488926
-0.0489151
-0.0488933
-0.048857
-0.0488354
-0.0488561
-0.0489444
-0.0491222
-0.0494081
-0.0498172
-0.050361
-0.051048
-0.0518833
-0.0528693
-0.0540058
-0.0552899
-0.0567164
-0.058278
-0.0599651
-0.061766
-0.0636671
-0.0656525
-0.0677045
-0.0698033
-0.0719272
-0.0740523
-0.0761529
-0.0782014
-0.0801681
-0.0820219
-0.0837297
-0.0852571
-0.0865682
-0.0876261
-0.0883929
-0.0888304
-0.0889
-0.0885636
-0.087784
-0.0865255
-0.0847546
-0.0824416
-0.0795607
-0.0760926
-0.0720251
-0.0673559
-0.0620948
-0.0562664
-0.0499134
-0.0431004
-0.0359174
-0.0284834
-0.0209488
-0.0134962
-0.00633775
0.000291144
0.00614403
0.010981
0.0145902
0.0168086
0.0175452
0.0168264
0.0147483
0.0109925
0.00536857
-0.0482404
-0.0493051
-0.0501075
-0.0506872
-0.0511118
-0.0513797
-0.0514994
-0.0514947
-0.0513962
-0.0512379
-0.0510551
-0.0508827
-0.0507529
-0.0506951
-0.0507345
-0.0508921
-0.051185
-0.051626
-0.0522242
-0.0529851
-0.0539113
-0.055002
-0.0562541
-0.0576617
-0.0592168
-0.060909
-0.0627259
-0.0646527
-0.0666729
-0.0687678
-0.0709166
-0.0730965
-0.0752829
-0.0774489
-0.079566
-0.0816034
-0.0835289
-0.0853084
-0.0869062
-0.0882852
-0.0894071
-0.0902329
-0.0907225
-0.0908359
-0.0905332
-0.0897753
-0.0885243
-0.0867445
-0.0844034
-0.0814725
-0.077929
-0.0737572
-0.0689504
-0.0635137
-0.0574663
-0.0508455
-0.0437099
-0.0361439
-0.0282623
-0.0202131
-0.0121804
-0.00438342
0.00292843
0.00948648
0.0150204
0.0192814
0.0220666
0.0232475
0.0228236
0.0208762
0.0170552
0.0111627
-0.0509683
-0.0521661
-0.0530486
-0.0536573
-0.0540689
-0.0542823
-0.0543094
-0.0541801
-0.0539321
-0.053607
-0.0532473
-0.0528942
-0.0525858
-0.0523557
-0.0522328
-0.0522409
-0.0523987
-0.0527203
-0.0532154
-0.0538895
-0.054745
-0.0557806
-0.0569924
-0.0583739
-0.0599159
-0.0616072
-0.0634342
-0.0653812
-0.0674306
-0.0695626
-0.0717554
-0.0739851
-0.0762261
-0.0784504
-0.0806283
-0.0827281
-0.0847164
-0.0865578
-0.0882155
-0.0896512
-0.0908252
-0.091697
-0.0922251
-0.092368
-0.0920838
-0.0913316
-0.0900715
-0.0882656
-0.0858789
-0.0828801
-0.0792434
-0.0749495
-0.0699878
-0.064359
-0.0580772
-0.051174
-0.0437021
-0.03574
-0.027397
-0.0188176
-0.0101855
-0.00172449
0.00630419
0.0136112
0.0198961
0.0248715
0.0282903
0.0299807
0.0299084
0.0281329
0.0242664
0.0181009
-0.0538084
-0.055179
-0.0561631
-0.056806
-0.0571974
-0.0573388
-0.0572474
-0.056962
-0.0565298
-0.0560019
-0.0554296
-0.0548619
-0.0543432
-0.0539123
-0.0536018
-0.0534382
-0.0534419
-0.0536278
-0.0540059
-0.0545815
-0.0553564
-0.0563285
-0.057493
-0.0588421
-0.0603655
-0.0620508
-0.0638831
-0.0658456
-0.0679194
-0.0700835
-0.0723149
-0.0745887
-0.0768778
-0.0791535
-0.0813847
-0.0835386
-0.0855805
-0.087474
-0.0891809
-0.0906616
-0.0918751
-0.0927793
-0.0933313
-0.0934879
-0.0932055
-0.0924413
-0.0911535
-0.0893017
-0.0868487
-0.0837606
-0.0800086
-0.07557
-0.0704308
-0.064587
-0.0580483
-0.0508407
-0.0430109
-0.0346313
-0.0258051
-0.0166721
-0.00741368
0.00174368
0.0105294
0.0186354
0.0257317
0.0314912
0.0356188
0.0378929
0.0382373
0.036682
0.0327925
0.0263482
-0.0567943
-0.0583868
-0.0594974
-0.0601779
-0.0605372
-0.0605821
-0.0603384
-0.0598569
-0.0591976
-0.0584238
-0.0575974
-0.0567765
-0.0560128
-0.0553503
-0.0548257
-0.0544677
-0.0542983
-0.0543327
-0.0545808
-0.0550475
-0.0557332
-0.0566349
-0.0577462
-0.059058
-0.0605586
-0.062234
-0.0640679
-0.0660421
-0.0681363
-0.0703283
-0.0725936
-0.0749062
-0.0772378
-0.0795582
-0.0818354
-0.0840352
-0.0861218
-0.0880574
-0.0898026
-0.0913163
-0.0925563
-0.0934788
-0.0940395
-0.0941933
-0.093895
-0.0930998
-0.0917637
-0.0898445
-0.0873022
-0.0841005
-0.0802075
-0.0755976
-0.070253
-0.0641658
-0.0573409
-0.0497991
-0.0415815
-0.0327538
-0.0234128
-0.0136926
-0.00377113
0.00612483
0.0157175
0.0246821
0.0326606
0.0392846
0.0442077
0.0471516
0.0479894
0.0467113
0.0428254
0.0360931
-0.0599731
-0.0618482
-0.0631138
-0.0638321
-0.0641401
-0.0640541
-0.0636131
-0.0628846
-0.0619456
-0.0608743
-0.0597457
-0.0586281
-0.057581
-0.0566541
-0.0558877
-0.0553126
-0.0549516
-0.0548199
-0.0549265
-0.0552751
-0.0558648
-0.0566907
-0.0577447
-0.059016
-0.0604909
-0.0621539
-0.0639869
-0.0659702
-0.0680818
-0.0702982
-0.0725935
-0.0749403
-0.077309
-0.0796681
-0.0819843
-0.0842221
-0.0863445
-0.0883124
-0.0900849
-0.0916197
-0.0928729
-0.0937994
-0.0943531
-0.0944872
-0.0941547
-0.0933087
-0.0919032
-0.0898936
-0.0872375
-0.0838958
-0.0798338
-0.0750226
-0.0694409
-0.0630767
-0.0559305
-0.0480178
-0.0393737
-0.0300577
-0.0201595
-0.00980697
0.000827089
0.0115171
0.0219804
0.0318777
0.0408236
0.0484084
0.0542302
0.0579466
0.0593699
0.0584386
0.0545876
0.0475538
-0.0634109
-0.0656439
-0.0670962
-0.0678465
-0.0680726
-0.0678072
-0.067109
-0.0660687
-0.064785
-0.0633547
-0.061868
-0.0604046
-0.0590323
-0.0578064
-0.0567701
-0.0559556
-0.0553856
-0.0550747
-0.0550302
-0.0552538
-0.0557426
-0.0564894
-0.0574839
-0.058713
-0.0601611
-0.0618105
-0.0636414
-0.0656322
-0.0677594
-0.0699976
-0.0723197
-0.0746967
-0.0770976
-0.0794898
-0.0818383
-0.0841067
-0.0862563
-0.0882467
-0.0900359
-0.0915799
-0.0928333
-0.0937495
-0.0942807
-0.0943782
-0.0939931
-0.0930765
-0.09158
-0.0894567
-0.0866615
-0.0831526
-0.0788922
-0.073848
-0.0679948
-0.0613167
-0.0538092
-0.0454827
-0.0363662
-0.0265122
-0.0160034
-0.0049601
0.00645084
0.018007
0.0294227
0.0403464
0.0503664
0.0590306
0.0658778
0.0704933
0.0726164
0.0721187
0.0683413
0.0609858
-0.0672001
-0.0698847
-0.0715573
-0.0723233
-0.0724201
-0.0719067
-0.0708714
-0.0694361
-0.0677274
-0.0658646
-0.0639552
-0.0620914
-0.060349
-0.058788
-0.0574537
-0.0563786
-0.0555843
-0.0550832
-0.0548803
-0.0549745
-0.0553598
-0.0560265
-0.0569614
-0.0581487
-0.0595706
-0.0612069
-0.0630358
-0.0650337
-0.0671754
-0.0694338
-0.0717802
-0.074184
-0.0766129
-0.0790328
-0.0814076
-0.0836991
-0.0858677
-0.0878715
-0.0896668
-0.0912085
-0.0924495
-0.0933416
-0.0938351
-0.0938796
-0.0934242
-0.0924176
-0.0908093
-0.0885497
-0.0855909
-0.0818879
-0.0773998
-0.0720904
-0.0659306
-0.0588998
-0.0509884
-0.042201
-0.0325598
-0.0221102
-0.0109266
0.000878963
0.0131474
0.0256612
0.038134
0.0502036
0.0614336
0.071328
0.0793611
0.0850362
0.0880053
0.0880537
0.0843998
0.0766932
-0.0714711
-0.0747239
-0.0766501
-0.0773975
-0.0772912
-0.076433
-0.0749533
-0.0730163
-0.0707833
-0.0684006
-0.0659945
-0.0636697
-0.0615093
-0.0595765
-0.0579172
-0.0565623
-0.0555308
-0.0548316
-0.0544661
-0.0544294
-0.0547117
-0.0552998
-0.0561772
-0.0573253
-0.0587232
-0.0603484
-0.0621768
-0.0641827
-0.0663389
-0.0686166
-0.0709855
-0.0734134
-0.0758666
-0.0783095
-0.0807046
-0.0830126
-0.0851923
-0.0872005
-0.0889922
-0.0905206
-0.0917372
-0.092592
-0.0930338
-0.09301
-0.0924676
-0.0913533
-0.0896139
-0.0871969
-0.0840516
-0.0801297
-0.0753864
-0.0697814
-0.063281
-0.0558594
-0.0475011
-0.038204
-0.0279827
-0.016874
-0.0049428
0.00770913
0.0209323
0.0345167
0.0481781
0.0615462
0.0741607
0.0854801
0.0949079
0.101853
0.105861
0.106607
0.103145
0.0950458
-0.076409
-0.0803754
-0.0825824
-0.0832466
-0.0828239
-0.0814829
-0.0794147
-0.0768388
-0.0739595
-0.0709532
-0.0679661
-0.0651142
-0.0624859
-0.0601452
-0.0581359
-0.0564852
-0.0552073
-0.054306
-0.0537774
-0.0536118
-0.0537947
-0.0543087
-0.0551335
-0.0562469
-0.0576251
-0.0592429
-0.0610736
-0.0630895
-0.0652611
-0.0675581
-0.0699483
-0.0723982
-0.0748724
-0.0773341
-0.0797443
-0.0820625
-0.0842461
-0.0862505
-0.0880294
-0.0895346
-0.0907158
-0.0915217
-0.0918989
-0.0917932
-0.0911494
-0.0899117
-0.0880243
-0.085432
-0.0820806
-0.0779183
-0.0728959
-0.0669688
-0.0600976
-0.0522505
-0.0434052
-0.0335514
-0.0226946
-0.0108611
0.00189619
0.0154882
0.0297785
0.0445684
0.0595798
0.0744382
0.0886613
0.10166
0.112759
0.121257
0.126569
0.128225
0.125054
0.116505
-0.0822804
-0.0871414
-0.0896385
-0.0901035
-0.0891902
-0.0871701
-0.0843193
-0.0809285
-0.077253
-0.0735015
-0.0698387
-0.0663892
-0.0632426
-0.0604601
-0.0580797
-0.0561219
-0.0545934
-0.0534907
-0.0528033
-0.052515
-0.0526059
-0.0530535
-0.0538333
-0.0549192
-0.056284
-0.0578997
-0.059737
-0.0617658
-0.0639549
-0.0662719
-0.0686831
-0.0711534
-0.0736461
-0.0761229
-0.0785437
-0.0808666
-0.0830476
-0.085041
-0.0867991
-0.0882722
-0.0894087
-0.0901555
-0.0904577
-0.0902589
-0.0895019
-0.0881285
-0.0860802
-0.0832987
-0.0797265
-0.0753075
-0.0699882
-0.0637184
-0.0564528
-0.0481524
-0.0387863
-0.0283347
-0.0167917
-0.00417022
0.00949187
0.0241226
0.0396035
0.0557534
0.0723069
0.0888917
0.105008
0.120019
0.133161
0.143598
0.150586
0.15346
0.150735
0.141663
-0.0894769
-0.0954542
-0.0982093
-0.0982723
-0.0966004
-0.0936211
-0.0897266
-0.0852964
-0.0806424
-0.0760049
-0.0715626
-0.0674425
-0.0637295
-0.0604762
-0.05771
-0.0554405
-0.053664
-0.0523672
-0.0515309
-0.0511313
-0.051142
-0.0515348
-0.0522802
-0.0533483
-0.0547083
-0.0563289
-0.0581786
-0.0602247
-0.0624343
-0.064773
-0.0672057
-0.0696957
-0.0722051
-0.0746942
-0.0771218
-0.0794447
-0.0816179
-0.0835944
-0.0853252
-0.0867593
-0.0878439
-0.0885241
-0.0887434
-0.0884437
-0.0875656
-0.0860485
-0.0838313
-0.0808525
-0.0770509
-0.0723663
-0.06674
-0.060116
-0.052442
-0.0436705
-0.0337608
-0.0226811
-0.0104115
0.00305203
0.0176912
0.0334568
0.050256
0.0679337
0.0862483
0.104841
0.123205
0.140659
0.156341
0.169259
0.178459
0.183014
0.180992
0.171314
-0.0985887
-0.105943
-0.108834
-0.108144
-0.105301
-0.100963
-0.0956756
-0.089922
-0.0840716
-0.0783894
-0.0730581
-0.0681966
-0.063876
-0.060132
-0.0569754
-0.0543997
-0.0523869
-0.0509116
-0.0499436
-0.0494503
-0.0493978
-0.0497516
-0.0504772
-0.0515401
-0.0529061
-0.0545409
-0.0564103
-0.0584796
-0.0607138
-0.063077
-0.0655326
-0.0680427
-0.0705679
-0.0730678
-0.0754997
-0.0778196
-0.0799813
-0.0819368
-0.083636
-0.0850267
-0.0860548
-0.0866642
-0.0867967
-0.0863925
-0.0853902
-0.0837271
-0.0813393
-0.0781621
-0.0741308
-0.0691806
-0.0632476
-0.0562692
-0.0481853
-0.038939
-0.0284779
-0.016756
-0.00373626
0.0106064
0.0262791
0.0432631
0.0615008
0.0808764
0.101188
0.122111
0.143148
0.163592
0.182481
0.198634
0.210833
0.217789
0.216914
0.206568
-0.110537
-0.119538
-0.122255
-0.120209
-0.115559
-0.109296
-0.102153
-0.0947239
-0.0874244
-0.0805267
-0.074199
-0.0685361
-0.0635812
-0.0593428
-0.0558066
-0.0529446
-0.0507201
-0.0490926
-0.0480194
-0.0474577
-0.0473653
-0.0477012
-0.0484255
-0.0494993
-0.050885
-0.0525453
-0.0544437
-0.0565436
-0.0588081
-0.0612
-0.0636814
-0.0662131
-0.0687551
-0.0712655
-0.073701
-0.0760167
-0.0781656
-0.0800986
-0.0817648
-0.083111
-0.084082
-0.0846204
-0.0846669
-0.08416
-0.0830366
-0.0812318
-0.0786793
-0.0753115
-0.0710597
-0.065855
-0.0596277
-0.0523087
-0.0438292
-0.0341218
-0.0231212
-0.010765
0.00300443
0.0182376
0.0349736
0.053233
0.0730059
0.0942335
0.116777
0.140374
0.164577
0.188681
0.211647
0.23209
0.248453
0.258949
0.260021
0.249059
-0.126822
-0.137645
-0.139485
-0.135046
-0.127619
-0.118637
-0.10904
-0.0995124
-0.0904863
-0.082205
-0.0747919
-0.0682925
-0.0627038
-0.0579931
-0.0541118
-0.0510035
-0.0486092
-0.0468701
-0.0457296
-0.045134
-0.0450325
-0.0453775
-0.0461237
-0.0472284
-0.0486505
-0.0503505
-0.0522895
-0.0544293
-0.0567317
-0.0591583
-0.06167
-0.0642271
-0.0667884
-0.0693116
-0.0717526
-0.0740657
-0.0762033
-0.0781158
-0.0797513
-0.0810561
-0.081974
-0.0824468
-0.0824138
-0.0818126
-0.0805783
-0.0786443
-0.075942
-0.072401
-0.0679494
-0.0625135
-0.0560187
-0.0483886
-0.039546
-0.0294122
-0.0179078
-0.00495225
0.00953537
0.0256353
0.0434249
0.0629737
0.0843343
0.107525
0.132502
0.159108
0.187001
0.215548
0.243695
0.269875
0.29213
0.307989
0.312484
0.301336
-0.150031
-0.162415
-0.161859
-0.153265
-0.141598
-0.128811
-0.116013
-0.103915
-0.0928891
-0.0830908
-0.07455
-0.0672285
-0.0610524
-0.055932
-0.051774
-0.0484875
-0.0459872
-0.0441948
-0.043039
-0.0424549
-0.0423836
-0.0427711
-0.0435679
-0.0447276
-0.0462066
-0.0479631
-0.0499569
-0.0521484
-0.0544986
-0.0569682
-0.0595174
-0.062106
-0.0646922
-0.0672333
-0.0696848
-0.0720007
-0.0741327
-0.0760309
-0.0776432
-0.078915
-0.0797896
-0.0802083
-0.0801095
-0.0794299
-0.0781033
-0.0760616
-0.0732344
-0.0695489
-0.06493
-0.0593003
-0.0525798
-0.0446858
-0.0355324
-0.0250298
-0.0130842
0.000404172
0.015541
0.0324395
0.0512206
0.0720117
0.094942
0.120131
0.147664
0.177547
0.209626
0.243453
0.278091
0.311934
0.342602
0.36677
0.37748
0.367637
-0.184893
-0.197164
-0.190983
-0.175276
-0.157236
-0.139238
-0.122385
-0.107257
-0.0940343
-0.0826816
-0.0730672
-0.0650241
-0.0583798
-0.0529712
-0.0486513
-0.0452904
-0.0427758
-0.0410093
-0.0399057
-0.0393904
-0.0393976
-0.0398686
-0.0407501
-0.0419934
-0.0435532
-0.0453866
-0.0474524
-0.0497105
-0.0521212
-0.0546451
-0.0572422
-0.0598718
-0.0624922
-0.0650604
-0.0675319
-0.0698604
-0.0719977
-0.0738936
-0.0754958
-0.0767495
-0.0775978
-0.0779815
-0.0778386
-0.0771051
-0.0757141
-0.0735964
-0.07068
-0.0668904
-0.0621498
-0.0563777
-0.0494894
-0.0413965
-0.0320053
-0.0212157
-0.00891982
0.00500028
0.0206754
0.0382526
0.0578988
0.0798049
0.104188
0.131289
0.161361
0.194636
0.231254
0.271123
0.313671
0.357507
0.400152
0.437345
0.459602
0.455295
-0.240276
-0.246861
-0.228432
-0.20084
-0.17349
-0.148617
-0.126894
-0.108447
-0.0930356
-0.0802879
-0.0698221
-0.0612928
-0.054403
-0.048905
-0.0445948
-0.0413048
-0.0388971
-0.0372571
-0.036289
-0.0359113
-0.0360539
-0.0366552
-0.0376606
-0.0390204
-0.0406888
-0.0426228
-0.0447811
-0.0471238
-0.0496115
-0.0522047
-0.0548637
-0.0575482
-0.0602166
-0.0628261
-0.0653324
-0.0676893
-0.0698488
-0.0717609
-0.0733732
-0.0746312
-0.0754779
-0.075854
-0.0756975
-0.074944
-0.0735263
-0.0713744
-0.0684156
-0.0645738
-0.0597698
-0.0539202
-0.0469371
-0.0387272
-0.0291905
-0.0182182
-0.00569052
0.0085267
0.0245868
0.042668
0.0629817
0.085782
0.111377
0.140142
0.172527
0.209049
0.250261
0.296637
0.348333
0.404769
0.464028
0.521414
0.564969
0.576614
-0.333017
-0.318367
-0.27515
-0.228628
-0.18825
-0.154801
-0.127717
-0.10608
-0.0888731
-0.0751994
-0.0643361
-0.055721
-0.0489227
-0.0436113
-0.0395336
-0.0364929
-0.0343348
-0.0329356
-0.0321946
-0.0320285
-0.0323665
-0.0331476
-0.0343177
-0.0358283
-0.0376346
-0.0396945
-0.0419678
-0.0444155
-0.046999
-0.0496796
-0.0524183
-0.0551754
-0.0579098
-0.0605794
-0.0631403
-0.0655467
-0.0677512
-0.069704
-0.0713532
-0.0726446
-0.0735214
-0.0739247
-0.0737926
-0.0730607
-0.0716619
-0.0695261
-0.0665801
-0.0627472
-0.057947
-0.0520947
-0.0451003
-0.0368672
-0.0272909
-0.0162566
-0.0036357
0.0107181
0.0269754
0.0453393
0.0660576
0.0894387
0.115874
0.145867
0.180071
0.21933
0.264712
0.317494
0.379052
0.450533
0.53189
0.619395
0.700967
0.751886
-0.50162
-0.419637
-0.327911
-0.253701
-0.196853
-0.154038
-0.122173
-0.0983899
-0.0804455
-0.0667594
-0.0562361
-0.0481106
-0.0418447
-0.0370557
-0.0334659
-0.03087
-0.0291117
-0.02807
-0.0276478
-0.0277662
-0.0283585
-0.0293675
-0.0307426
-0.0324382
-0.0344121
-0.0366246
-0.0390373
-0.0416129
-0.0443142
-0.0471038
-0.0499441
-0.052796
-0.0556196
-0.0583736
-0.0610147
-0.0634981
-0.0657768
-0.0678017
-0.0695216
-0.0708827
-0.0718289
-0.0723017
-0.0722396
-0.0715787
-0.0702523
-0.0681904
-0.06532
-0.0615646
-0.0568433
-0.0510711
-0.044157
-0.0360032
-0.0265032
-0.0155391
-0.00297832
0.0113319
0.0275713
0.0459571
0.0667581
0.0903166
0.11708
0.147645
0.18283
0.223776
0.272087
0.330014
0.400681
0.48819
0.596496
0.726651
0.877361
1.02573
-0.850636
-0.553004
-0.361294
-0.253403
-0.183281
-0.135612
-0.103275
-0.0808418
-0.0647459
-0.0528918
-0.0440127
-0.0373023
-0.0322321
-0.0284475
-0.0257025
-0.02382
-0.0226684
-0.0221463
-0.022173
-0.022682
-0.0236172
-0.0249296
-0.0265754
-0.0285144
-0.0307089
-0.0331228
-0.035721
-0.0384687
-0.041331
-0.0442726
-0.0472573
-0.0502478
-0.0532054
-0.0560899
-0.0588593
-0.0614698
-0.0638753
-0.0660277
-0.0678765
-0.0693688
-0.0704494
-0.0710603
-0.0711411
-0.0706283
-0.0694561
-0.0675552
-0.0648533
-0.0612746
-0.0567393
-0.0511628
-0.0444552
-0.0365197
-0.027251
-0.0165324
-0.00423296
0.00979802
0.0257379
0.0438007
0.0642525
0.087433
0.11379
0.143931
0.178714
0.219384
0.267826
0.326986
0.401672
0.499737
0.632385
0.816581
1.09968
1.50768
-1.48534
-0.683433
-0.324178
-0.193722
-0.128196
-0.0889156
-0.0651252
-0.0500075
-0.03965
-0.0321664
-0.0266111
-0.0224515
-0.019366
-0.0171499
-0.0156645
-0.0148097
-0.0145092
-0.0147018
-0.0153367
-0.0163696
-0.0177614
-0.0194762
-0.0214805
-0.0237423
-0.0262303
-0.0289139
-0.0317624
-0.0347447
-0.037829
-0.0409827
-0.044172
-0.0473617
-0.0505149
-0.0535931
-0.0565558
-0.0593606
-0.0619626
-0.064315
-0.0663684
-0.068071
-0.0693686
-0.0702043
-0.0705185
-0.0702494
-0.0693315
-0.067697
-0.0652749
-0.0619909
-0.0577667
-0.0525199
-0.0461632
-0.038603
-0.0297383
-0.0194581
-0.00763904
0.00585905
0.0211989
0.0385741
0.058221
0.0804365
0.105605
0.134243
0.167066
0.205122
0.250026
0.304458
0.373328
0.466403
0.603474
0.832753
1.31078
2.23472
)
;

boundaryField
{
    movingWall
    {
        type            zeroGradient;
    }
    fixedWalls
    {
        type            zeroGradient;
    }
    frontAndBack
    {
        type            empty;
    }
}


// ************************************************************************* //
