/*--------------------------------*- C++ -*----------------------------------*\
  =========                 |
  \\      /  F ield         | OpenFOAM: The Open Source CFD Toolbox
   \\    /   O peration     | Website:  https://openfoam.org
    \\  /    A nd           | Version:  dev
     \\/     M anipulation  |
\*---------------------------------------------------------------------------*/
FoamFile
{
    format      ascii;
    class       volScalarField;
    location    "38.7";
    object      Uy;
}
// * * * * * * * * * * * * * * * * * * * * * * * * * * * * * * * * * * * * * //

dimensions      [0 1 -1 0 0 0 0];

internalField   nonuniform List<scalar> 
5184
(
-1.27038e-05
-2.08892e-05
-1.72509e-05
-8.19917e-06
2.6678e-06
1.36185e-05
2.38484e-05
3.30528e-05
4.11122e-05
4.80323e-05
5.38745e-05
5.87238e-05
6.26725e-05
6.58121e-05
6.82273e-05
6.99935e-05
7.1175e-05
7.18242e-05
7.19821e-05
7.16781e-05
7.09318e-05
6.97535e-05
6.81461e-05
6.61066e-05
6.36278e-05
6.07001e-05
5.73127e-05
5.34563e-05
4.91235e-05
4.43116e-05
3.90228e-05
3.32665e-05
2.706e-05
2.04291e-05
1.34097e-05
6.04734e-06
-1.60169e-06
-9.47096e-06
-1.74839e-05
-2.55547e-05
-3.35888e-05
-4.14847e-05
-4.91351e-05
-5.6429e-05
-6.32538e-05
-6.94975e-05
-7.50513e-05
-7.98123e-05
-8.36858e-05
-8.6588e-05
-8.84484e-05
-8.92118e-05
-8.884e-05
-8.73131e-05
-8.46307e-05
-8.08124e-05
-7.58975e-05
-6.9945e-05
-6.30323e-05
-5.52555e-05
-4.67286e-05
-3.75847e-05
-2.7979e-05
-1.8094e-05
-8.15515e-06
1.54309e-06
1.05764e-05
1.83077e-05
2.37246e-05
2.51352e-05
1.98534e-05
6.24439e-06
-4.58851e-05
-6.57229e-05
-4.05738e-05
7.62445e-06
6.56799e-05
0.000126005
0.00018432
0.000238379
0.00028704
0.00032986
0.000366799
0.000398048
0.000423917
0.000444775
0.000460997
0.000472943
0.000480935
0.00048525
0.00048611
0.000483687
0.000478101
0.000469431
0.000457714
0.00044296
0.000425155
0.000404278
0.000380304
0.000353215
0.000323012
0.000289723
0.000253407
0.000214167
0.000172153
0.000127569
8.06736e-05
3.17866e-05
-1.87132e-05
-7.03874e-05
-0.000122741
-0.000175226
-0.000227248
-0.000278176
-0.000327346
-0.000374082
-0.000417696
-0.000457516
-0.000492887
-0.000523195
-0.000547878
-0.000566443
-0.000578476
-0.000583657
-0.000581772
-0.000572717
-0.000556508
-0.000533284
-0.000503308
-0.000466971
-0.000424788
-0.000377399
-0.000325572
-0.000270213
-0.000212383
-0.000153336
-9.45813e-05
-3.7998e-05
1.39523e-05
5.79639e-05
8.94438e-05
0.000101895
8.65454e-05
3.64963e-05
-8.13287e-05
-9.50697e-05
-1.91659e-05
0.000105919
0.00025467
0.000410638
0.000563507
0.00070714
0.000838086
0.000954635
0.00105619
0.00114286
0.00121513
0.00127375
0.00131954
0.00135331
0.00137584
0.00138781
0.00138976
0.00138216
0.00136532
0.00133948
0.00130475
0.0012612
0.00120884
0.00114767
0.00107767
0.000998849
0.000911281
0.000815103
0.000710545
0.000597953
0.0004778
0.000350702
0.000217426
7.88938e-05
-6.38129e-05
-0.000209458
-0.000356659
-0.000503896
-0.000649535
-0.00079184
-0.000929011
-0.0010592
-0.00118056
-0.00129128
-0.00138958
-0.00147384
-0.00154255
-0.00159438
-0.00162826
-0.00164333
-0.00163903
-0.00161511
-0.00157164
-0.00150901
-0.00142798
-0.00132965
-0.00121546
-0.00108723
-0.000947117
-0.000797702
-0.000641991
-0.000483516
-0.000326477
-0.000175964
-3.82957e-05
7.85091e-05
0.000164151
0.000205464
0.000186336
9.04156e-05
-9.77786e-05
-7.31995e-05
8.47488e-05
0.000318368
0.000590152
0.000874469
0.00115428
0.00141881
0.00166156
0.00187901
0.00206961
0.00223308
0.00237001
0.00248142
0.00256859
0.00263284
0.00267547
0.00269761
0.00270026
0.0026842
0.00265003
0.00259817
0.0025289
0.00244237
0.00233867
0.00221783
0.00207992
0.00192504
0.00175339
0.00156534
0.0013614
0.00114231
0.000909048
0.000662848
0.000405228
0.00013799
-0.000136778
-0.000416703
-0.00069915
-0.00098124
-0.00125989
-0.00153183
-0.00179369
-0.00204203
-0.0022734
-0.00248441
-0.00267181
-0.00283256
-0.00296387
-0.00306332
-0.00312889
-0.00315905
-0.00315275
-0.00310957
-0.00302964
-0.00291375
-0.00276334
-0.0025805
-0.002368
-0.00212929
-0.00186852
-0.00159059
-0.00130121
-0.00100707
-0.00071597
-0.000437198
-0.000181897
3.63193e-05
0.00020073
0.000290939
0.00028265
0.000147324
-8.44508e-05
2.08433e-05
0.000295436
0.000668079
0.00109096
0.00153014
0.00196219
0.00237162
0.00274871
0.00308782
0.00338617
0.00364295
0.0038586
0.00403439
0.00417196
0.00427314
0.00433971
0.00437333
0.00437542
0.00434715
0.00428943
0.00420293
0.00408809
0.00394522
0.0037745
0.0035761
0.0033502
0.00309707
0.00281716
0.00251113
0.00217993
0.00182483
0.00144748
0.00104994
0.000634691
0.000204646
-0.000236829
-0.000685945
-0.00113851
-0.00158997
-0.00203546
-0.00246985
-0.00288784
-0.00328407
-0.00365314
-0.00398977
-0.00428891
-0.00454582
-0.0047562
-0.00491627
-0.00502292
-0.00507375
-0.00506719
-0.00500257
-0.00488014
-0.00470116
-0.00446792
-0.00418372
-0.00385295
-0.00348109
-0.0030747
-0.00264151
-0.00219054
-0.0017322
-0.00127853
-0.000843588
-0.000443872
-9.89431e-05
0.000167856
0.000328788
0.000351113
0.000194198
-3.75666e-05
0.000197335
0.000626939
0.00117048
0.00177199
0.0023906
0.00299723
0.0035721
0.00410234
0.00458018
0.00500155
0.00536495
0.00567063
0.00591995
0.0061149
0.00625774
0.00635074
0.00639605
0.00639553
0.00635076
0.00626295
0.00613305
0.00596172
0.00574945
0.00549657
0.00520341
0.00487035
0.00449792
0.00408689
0.00363834
0.00315377
0.00263513
0.0020849
0.00150614
0.000902484
0.000278196
-0.000361859
-0.00101223
-0.0016669
-0.00231937
-0.0029627
-0.00358963
-0.00419265
-0.00476415
-0.00529652
-0.00578233
-0.00621444
-0.00658618
-0.00689148
-0.00712505
-0.0072825
-0.00736045
-0.00735671
-0.00727031
-0.00710165
-0.00685252
-0.00652615
-0.00612726
-0.00566211
-0.00513847
-0.00456567
-0.00395472
-0.00331831
-0.00267105
-0.00202966
-0.00141336
-0.000844263
-0.000348078
4.52205e-05
0.000300682
0.000377489
0.000224594
4.40705e-05
0.000461287
0.00108718
0.00183497
0.00264279
0.00346436
0.00426605
0.0050244
0.00572379
0.00635453
0.0069113
0.00739193
0.00779644
0.00812627
0.00838366
0.0085713
0.00869191
0.00874811
0.00874218
0.0086761
0.00855142
0.00836937
0.00813084
0.00783652
0.00748696
0.0070827
0.00662439
0.00611286
0.00554931
0.00493534
0.00427312
0.0035654
0.00281566
0.00202809
0.00120769
0.000360225
-0.000507722
-0.00138882
-0.00227502
-0.00315762
-0.00402741
-0.00487471
-0.00568956
-0.00646187
-0.00718157
-0.00783883
-0.0084242
-0.00892886
-0.00934479
-0.00966497
-0.00988358
-0.00999615
-0.00999976
-0.00989311
-0.0096767
-0.00935288
-0.00892593
-0.00840211
-0.00778971
-0.00709902
-0.00634245
-0.00553452
-0.00469196
-0.00383389
-0.002982
-0.0021609
-0.00139851
-0.000726706
-0.000181977
0.00019386
0.000352673
0.00023508
0.000160457
0.00081457
0.00167995
0.00266658
0.00370874
0.00475637
0.00577242
0.0067306
0.0076131
0.00840865
0.00911091
0.00971716
0.0102272
0.0106426
0.0109659
0.0112
0.0113483
0.0114137
0.0113989
0.0113063
0.0111378
0.010895
0.0105788
0.0101903
0.00973032
0.00919956
0.00859901
0.00792992
0.00719395
0.00639334
0.005531
0.00461064
0.00363682
0.00261504
0.00155178
0.00045449
-0.00066837
-0.00180741
-0.00295235
-0.00409213
-0.00521501
-0.00630872
-0.00736063
-0.00835796
-0.00928796
-0.0101382
-0.0108967
-0.0115522
-0.0120947
-0.0125152
-0.0128062
-0.0129622
-0.0129792
-0.0128557
-0.0125921
-0.0121914
-0.011659
-0.0110026
-0.0102328
-0.00936259
-0.00840752
-0.00738592
-0.00631877
-0.00522994
-0.00414627
-0.00309792
-0.0021187
-0.00124657
-0.000524364
-2.90238e-07
0.000271094
0.000223948
0.000310957
0.0012571
0.00240621
0.00366716
0.00497216
0.00626886
0.00751798
0.00869131
0.00976951
0.0107402
0.0115963
0.0123349
0.0129556
0.0134601
0.0138512
0.0141325
0.0143075
0.0143796
0.0143521
0.0142276
0.0140084
0.0136961
0.0132924
0.0127982
0.0122147
0.011543
0.0107844
0.00994061
0.00901379
0.00800691
0.00692374
0.00576898
0.00454842
0.00326897
0.0019387
0.000566902
-0.00083597
-0.00225832
-0.00368748
-0.00510985
-0.00651101
-0.00787592
-0.0091891
-0.0104349
-0.0115976
-0.0126621
-0.0136136
-0.0144384
-0.015124
-0.0156594
-0.0160354
-0.0162449
-0.0162831
-0.016148
-0.0158398
-0.0153622
-0.0147216
-0.0139273
-0.0129922
-0.0119319
-0.0107656
-0.00951537
-0.00820665
-0.0068682
-0.00553217
-0.00423437
-0.00301448
-0.00191653
-0.00098941
-0.000287294
0.00012964
0.000190547
0.000494667
0.00178763
0.00326509
0.00483634
0.00643305
0.00800189
0.0095025
0.0109057
0.0121912
0.0133463
0.0143635
0.0152397
0.0159749
0.0165709
0.017031
0.0173591
0.0175591
0.0176351
0.0175906
0.0174286
0.0171517
0.0167619
0.016261
0.0156503
0.0149313
0.0141052
0.0131739
0.0121395
0.0110049
0.00977367
0.00845056
0.00704137
0.00555317
0.00399435
0.00237469
0.000705397
-0.00100096
-0.00273045
-0.00446792
-0.00619708
-0.0079007
-0.00956081
-0.0111589
-0.0126763
-0.0140942
-0.0153944
-0.0165594
-0.0175725
-0.0184188
-0.019085
-0.0195598
-0.0198348
-0.0199038
-0.0197641
-0.019416
-0.0188635
-0.0181138
-0.0171782
-0.0160715
-0.0148125
-0.0134235
-0.0119308
-0.0103643
-0.00875784
-0.00714894
-0.00557911
-0.00409397
-0.00274351
-0.0015825
-0.000670696
-7.3304e-05
0.000134795
0.000710555
0.00240426
0.00425449
0.00617215
0.00808959
0.00995368
0.0117241
0.0133714
0.0148755
0.0162234
0.017408
0.0184264
0.019279
0.019968
0.0204973
0.0208712
0.0210943
0.0211709
0.021105
0.0209
0.0205587
0.0200836
0.0194766
0.0187393
0.0178734
0.0168807
0.0157633
0.0145239
0.0131659
0.0116938
0.0101133
0.00843128
0.00665618
0.00479793
0.00286809
0.00087983
-0.00115207
-0.00321129
-0.00528007
-0.00733933
-0.00936891
-0.0113478
-0.0132542
-0.0150664
-0.0167623
-0.0183204
-0.01972
-0.0209418
-0.0219677
-0.0227821
-0.0233715
-0.0237255
-0.0238368
-0.0237017
-0.0233202
-0.0226965
-0.0218389
-0.0207602
-0.0194773
-0.0180119
-0.0163898
-0.0146415
-0.0128014
-0.0109085
-0.00900577
-0.00714059
-0.00536449
-0.00373339
-0.00230783
-0.00115294
-0.000338578
5.68593e-05
0.00095754
0.00310469
0.00537153
0.00767149
0.00993864
0.0121211
0.0141794
0.0160849
0.0178182
0.019367
0.0207248
0.0218894
0.0228617
0.0236448
0.024243
0.0246615
0.0249051
0.024979
0.0248873
0.0246339
0.024222
0.0236543
0.0229329
0.0220598
0.021037
0.0198664
0.0185508
0.0170932
0.0154978
0.0137699
0.0119161
0.00994443
0.00786476
0.00568857
0.0034292
0.00110186
-0.00127644
-0.00368691
-0.00610911
-0.00852114
-0.0108998
-0.0132208
-0.0154592
-0.0175897
-0.0195869
-0.021426
-0.0230829
-0.0245349
-0.025761
-0.0267428
-0.0274643
-0.0279131
-0.0280803
-0.0279609
-0.0275546
-0.0268656
-0.0259029
-0.0246807
-0.0232183
-0.0215399
-0.0196751
-0.0176582
-0.0155287
-0.0133305
-0.0111123
-0.00892733
-0.00683313
-0.00489164
-0.00316913
-0.00173604
-0.000666746
-4.30426e-05
0.00123453
0.00388638
0.00661278
0.00933046
0.011976
0.0144997
0.0168639
0.0190416
0.0210147
0.0227721
0.0243085
0.0256227
0.0267167
0.0275945
0.0282612
0.0287227
0.0289845
0.0290522
0.0289306
0.0286239
0.0281356
0.0274687
0.0266255
0.0256083
0.0244194
0.023061
0.0215363
0.0198489
0.0180036
0.0160064
0.013865
0.0115885
0.00918813
0.00667695
0.00407012
0.00138485
-0.00135959
-0.00414191
-0.00693898
-0.00972595
-0.0124765
-0.0151631
-0.0177574
-0.0202305
-0.0225535
-0.0246978
-0.0266358
-0.0283413
-0.0297901
-0.0309605
-0.031834
-0.0323956
-0.0326344
-0.0325442
-0.0321237
-0.0313771
-0.0303139
-0.0289495
-0.0273053
-0.0254083
-0.0232915
-0.0209934
-0.0185582
-0.0160353
-0.0134789
-0.0109484
-0.00850739
-0.00622394
-0.00417022
-0.00242205
-0.00105845
-0.000164777
0.00154044
0.00474662
0.00797444
0.0111445
0.0141967
0.0170843
0.0197723
0.0222359
0.024459
0.0264326
0.0281528
0.02962
0.0308375
0.0318105
0.0325452
0.0330481
0.0333258
0.0333843
0.033229
0.0328644
0.0322946
0.0315225
0.030551
0.0293826
0.0280196
0.0264648
0.0247216
0.0227942
0.020688
0.0184097
0.0159679
0.0133729
0.0106372
0.00777547
0.00480456
0.0017437
-0.00138558
-0.00455953
-0.00775229
-0.010936
-0.0140813
-0.0171572
-0.0201318
-0.0229726
-0.0256467
-0.0281219
-0.0303666
-0.0323509
-0.0340469
-0.0354296
-0.0364771
-0.0371718
-0.0375005
-0.0374553
-0.0370336
-0.0362392
-0.0350819
-0.0335782
-0.0317512
-0.0296307
-0.0272531
-0.0246611
-0.0219037
-0.0190357
-0.0161173
-0.0132139
-0.0103955
-0.00773663
-0.00531546
-0.00321349
-0.00151468
-0.000308382
0.00187415
0.00568256
0.00945236
0.0131086
0.0165951
0.0198689
0.0228981
0.0256611
0.0281446
0.0303417
0.0322509
0.0338744
0.0352172
0.0362859
0.037088
0.037631
0.0379225
0.037969
0.0377767
0.0373505
0.0366946
0.0358125
0.0347072
0.0333814
0.0318377
0.0300792
0.0281096
0.0259335
0.0235569
0.0209872
0.0182339
0.0153084
0.0122244
0.00899792
0.00564766
0.00219475
-0.00133708
-0.00492164
-0.00853035
-0.0121325
-0.0156952
-0.0191844
-0.0225644
-0.0257987
-0.0288507
-0.0316839
-0.0342628
-0.0365532
-0.0385233
-0.0401442
-0.0413905
-0.0422414
-0.042681
-0.042699
-0.0422916
-0.0414614
-0.0402184
-0.0385798
-0.0365704
-0.0342224
-0.0315756
-0.028677
-0.0255803
-0.0223459
-0.0190402
-0.015735
-0.0125069
-0.00943701
-0.00661005
-0.00411356
-0.00203693
-0.000474122
0.00223453
0.00669124
0.0110421
0.0152172
0.0191649
0.0228465
0.0262342
0.02931
0.0320638
0.0344918
0.0365951
0.0383783
0.0398483
0.0410134
0.0418826
0.0424647
0.0427682
0.0428006
0.0425685
0.0420774
0.0413319
0.0403359
0.0390923
0.0376043
0.0358746
0.0339065
0.031704
0.0292721
0.0266173
0.0237477
0.0206735
0.017407
0.0139631
0.0103593
0.00661578
0.00275558
-0.00119548
-0.00520881
-0.00925318
-0.0132949
-0.017298
-0.0212247
-0.0250357
-0.0286906
-0.0321484
-0.0353686
-0.0383109
-0.040937
-0.0432105
-0.0450982
-0.0465709
-0.0476039
-0.0481781
-0.0482807
-0.0479055
-0.0470542
-0.0457361
-0.0439689
-0.0417787
-0.0392002
-0.0362764
-0.0330583
-0.0296048
-0.025982
-0.0222624
-0.0185246
-0.0148524
-0.0113337
-0.00806033
-0.0051264
-0.00262734
-0.000662535
0.00262044
0.00776955
0.0127391
0.0174645
0.0218994
0.0260098
0.0297727
0.0331743
0.0362084
0.0388747
0.0411773
0.0431235
0.0447226
0.0459851
0.0469214
0.047542
0.0478564
0.0478729
0.047599
0.0470407
0.046203
0.04509
0.043705
0.0420511
0.0401314
0.0379493
0.0355091
0.032816
0.0298769
0.0267005
0.0232976
0.0196814
0.0158678
0.0118755
0.00772627
0.0034448
-0.000941068
-0.00540045
-0.00989954
-0.0144017
-0.0188679
-0.0232567
-0.027525
-0.0316283
-0.0355214
-0.0391589
-0.0424961
-0.0454897
-0.0480984
-0.0502845
-0.0520141
-0.0532583
-0.0539941
-0.0542054
-0.0538836
-0.0530283
-0.0516482
-0.0497607
-0.0473932
-0.0445824
-0.0413742
-0.0378242
-0.0339959
-0.0299615
-0.0258001
-0.0215973
-0.0174443
-0.0134368
-0.00967392
-0.00625718
-0.00328879
-0.000874452
0.00303067
0.00891423
0.0145383
0.0198442
0.0247911
0.0293506
0.033505
0.0372451
0.0405692
0.043481
0.0459882
0.048101
0.0498316
0.0511926
0.0521965
0.0528554
0.0531799
0.0531796
0.0528626
0.0522356
0.051304
0.0500722
0.0485436
0.0467217
0.0446095
0.0422106
0.0395293
0.0365713
0.0333435
0.0298552
0.0261176
0.0221447
0.0179532
0.013563
0.00899713
0.00428182
-0.000553215
-0.00547493
-0.010447
-0.0154301
-0.0203819
-0.0252575
-0.0300099
-0.0345904
-0.0389493
-0.0430363
-0.0468017
-0.0501969
-0.0531755
-0.0556944
-0.0577145
-0.0592021
-0.0601298
-0.0604775
-0.0602333
-0.0593945
-0.0579681
-0.0559712
-0.0534317
-0.0503881
-0.0468895
-0.0429951
-0.0387739
-0.034304
-0.0296715
-0.0249694
-0.020297
-0.015758
-0.0114599
-0.00751227
-0.00402495
-0.00111102
0.00346395
0.0101218
0.0164345
0.0223495
0.0278323
0.0328604
0.0374218
0.0415129
0.0451366
0.0483011
0.051018
0.0533012
0.0551657
0.0566268
0.0576991
0.0583965
0.0587312
0.0587138
0.0583533
0.057657
0.0566308
0.0552794
0.0536066
0.0516156
0.0493098
0.0466928
0.0437689
0.0405438
0.0370248
0.0332213
0.0291449
0.0248102
0.0202345
0.0154387
0.0104468
0.00528657
-1.06322e-05
-0.0054098
-0.0108723
-0.016356
-0.0218156
-0.0272027
-0.0324663
-0.0375535
-0.0424098
-0.04698
-0.0512088
-0.0550422
-0.0584279
-0.0613169
-0.0636645
-0.0654314
-0.0665848
-0.0671002
-0.0669615
-0.0661629
-0.0647092
-0.0626164
-0.0599126
-0.0566377
-0.0528434
-0.0485931
-0.0439608
-0.0390309
-0.0338967
-0.0286593
-0.0234264
-0.0183107
-0.0134289
-0.00889925
-0.00484034
-0.0013737
0.00391895
0.0113888
0.0184221
0.0249733
0.0310146
0.0365299
0.0415133
0.0459671
0.0498997
0.053324
0.056256
0.0587134
0.0607146
0.0622777
0.0634198
0.0641566
0.0645019
0.0644678
0.0640641
0.0632989
0.0621785
0.060708
0.0588913
0.0567319
0.0542329
0.051398
0.0482315
0.0447391
0.0409281
0.0368079
0.0323905
0.0276907
0.0227264
0.0175191
0.0120937
0.00647919
0.000708351
-0.00518201
-0.0111511
-0.0171543
-0.0231433
-0.0290662
-0.0348683
-0.0404922
-0.0458785
-0.0509667
-0.0556961
-0.0600063
-0.063839
-0.0671386
-0.069854
-0.0719395
-0.0733565
-0.0740746
-0.0740733
-0.0733424
-0.0718839
-0.0697121
-0.0668545
-0.0633519
-0.0592585
-0.0546415
-0.0495801
-0.0441652
-0.0384977
-0.0326871
-0.0268505
-0.0211104
-0.0155931
-0.010427
-0.00574034
-0.00166431
0.00439427
0.0127111
0.0204952
0.0277082
0.0343291
0.0403491
0.0457688
0.0505968
0.0548472
0.0585383
0.0616907
0.0643264
0.0664672
0.0681345
0.069348
0.0701256
0.0704829
0.0704331
0.0699874
0.0691545
0.0679414
0.0663533
0.0643945
0.0620683
0.059378
0.0563271
0.0529198
0.0491615
0.0450595
0.0406232
0.0358645
0.0307984
0.0254431
0.0198203
0.0139559
0.00787961
0.00162545
-0.00476825
-0.0112588
-0.0177991
-0.0243381
-0.0308207
-0.0371882
-0.0433788
-0.0493283
-0.0549707
-0.0602391
-0.065067
-0.069389
-0.0731426
-0.0762695
-0.0787168
-0.0804391
-0.0813995
-0.0815715
-0.0809402
-0.0795035
-0.0772731
-0.0742754
-0.0705516
-0.0661578
-0.0611646
-0.0556568
-0.0497317
-0.0434983
-0.0370752
-0.0305895
-0.024174
-0.0179663
-0.0121057
-0.00673122
-0.00198499
0.00488841
0.0140849
0.0226477
0.030546
0.0377665
0.0443076
0.0501771
0.0553901
0.059967
0.0639316
0.0673097
0.0701277
0.0724115
0.0741856
0.0754726
0.0762928
0.0766637
0.0766002
0.0761144
0.0752159
0.0739124
0.0722094
0.0701113
0.0676216
0.0647433
0.0614798
0.057835
0.0538141
0.0494241
0.0446741
0.0395759
0.0341443
0.0283975
0.0223576
0.0160507
0.00950721
0.00276201
-0.00414527
-0.0111703
-0.0182639
-0.0253723
-0.0324374
-0.0393966
-0.0461839
-0.05273
-0.0589633
-0.0648106
-0.0701986
-0.0750547
-0.0793086
-0.0828941
-0.0857502
-0.0878237
-0.0890702
-0.0894563
-0.0889609
-0.0875771
-0.085313
-0.0821928
-0.0782573
-0.0735643
-0.0681876
-0.062217
-0.0557568
-0.0489242
-0.0418477
-0.034665
-0.0275207
-0.0205642
-0.0139469
-0.00782015
-0.00233821
0.00539979
0.0155058
0.0248729
0.0334785
0.0413169
0.0483944
0.0547261
0.0603344
0.065246
0.0694907
0.0730998
0.0761043
0.0785343
0.0804179
0.0817809
0.0826461
0.083033
0.0829581
0.0824348
0.0814738
0.0800832
0.078269
0.0760357
0.0733868
0.0703252
0.0668539
0.0629766
0.0586981
0.0540248
0.0489655
0.0435316
0.0377375
0.0316012
0.0251447
0.0183942
0.0113803
0.0041386
-0.00329032
-0.0108608
-0.0185219
-0.0262175
-0.0338864
-0.0414626
-0.0488758
-0.0560517
-0.0629129
-0.0693799
-0.075372
-0.0808089
-0.085612
-0.0897063
-0.0930221
-0.0954971
-0.0970783
-0.097724
-0.0974061
-0.0961112
-0.0938429
-0.0906223
-0.0864888
-0.081501
-0.0757357
-0.0692875
-0.0622678
-0.0548025
-0.0470304
-0.0391009
-0.0311711
-0.0234036
-0.0159635
-0.00901519
-0.00272681
0.00592673
0.0169692
0.0271639
0.0364966
0.0449697
0.0525976
0.0594034
0.0654164
0.0706705
0.0752016
0.0790467
0.0822418
0.0848215
0.0868178
0.0882595
0.0891722
0.0895778
0.0894945
0.0889371
0.0879172
0.0864437
0.0845228
0.0821595
0.0793569
0.076118
0.0724453
0.0683421
0.0638125
0.0588626
0.0535004
0.0477366
0.0415852
0.0350636
0.0281934
0.0210005
0.0135156
0.00577449
-0.00218165
-0.0103061
-0.0185466
-0.0268449
-0.0351372
-0.0433541
-0.0514212
-0.0592592
-0.0667851
-0.0739127
-0.0805538
-0.0866199
-0.0920236
-0.0966801
-0.10051
-0.103441
-0.10541
-0.106367
-0.106273
-0.105109
-0.102871
-0.0995775
-0.0952643
-0.0899901
-0.0838342
-0.0768959
-0.0692934
-0.0611618
-0.052651
-0.0439227
-0.0351479
-0.0265036
-0.0181696
-0.0103253
-0.00315395
0.00646749
0.0184705
0.0295136
0.0395911
0.0487141
0.0569052
0.0641955
0.0706222
0.0762259
0.0810494
0.0851354
0.0885252
0.091258
0.09337
0.0948934
0.0958567
0.0962841
0.0961958
0.0956081
0.0945336
0.0929819
0.0909599
0.0884725
0.085523
0.0821138
0.0782474
0.0739262
0.069154
0.0639358
0.0582789
0.0521932
0.0456918
0.0387915
0.0315129
0.0238816
0.0159278
0.00768714
-0.000798973
-0.00948326
-0.0183123
-0.0272262
-0.0361589
-0.0450379
-0.0537851
-0.0623163
-0.0705427
-0.0783716
-0.085707
-0.0924519
-0.0985092
-0.103784
-0.108186
-0.111632
-0.114048
-0.115371
-0.115554
-0.114569
-0.112403
-0.109069
-0.1046
-0.0990522
-0.0925076
-0.0850694
-0.0768625
-0.0680317
-0.0587383
-0.0491576
-0.0394752
-0.0298842
-0.0205807
-0.0117604
-0.00362314
0.00702019
0.0200046
0.0319142
0.0427523
0.0525386
0.0613043
0.0690888
0.075937
0.0818971
0.0870184
0.0913498
0.0949382
0.0978276
0.100058
0.101666
0.102683
0.103136
0.103047
0.102433
0.101308
0.099684
0.0975669
0.0949623
0.0918733
0.0883023
0.0842509
0.0797212
0.074716
0.0692396
0.0632981
0.0569006
0.0500589
0.0427887
0.0351098
0.0270467
0.0186289
0.00989161
0.0008759
-0.00837075
-0.0177942
-0.0273336
-0.0369207
-0.0464806
-0.0559314
-0.0651847
-0.074146
-0.0827158
-0.0907906
-0.0982642
-0.10503
-0.110981
-0.116017
-0.12004
-0.122965
-0.124717
-0.125237
-0.124484
-0.122439
-0.119103
-0.114508
-0.108706
-0.101779
-0.0938348
-0.0850046
-0.0754427
-0.0653226
-0.0548341
-0.0441789
-0.0335674
-0.0232135
-0.0133311
-0.00413824
0.00758293
0.0215664
0.034358
0.0459701
0.0564314
0.0657817
0.0740688
0.0813457
0.087668
0.0930921
0.0976731
0.101464
0.104513
0.106865
0.108561
0.109635
0.110116
0.110029
0.109394
0.108225
0.106534
0.104328
0.101614
0.0983938
0.0946699
0.0904435
0.0857159
0.080489
0.0747659
0.0685518
0.0618544
0.0546841
0.0470555
0.0389869
0.0305015
0.0216278
0.0124
0.00285849
-0.00694954
-0.0169698
-0.0271407
-0.0373927
-0.0476487
-0.0578236
-0.0678248
-0.0775528
-0.0869015
-0.0957595
-0.104012
-0.11154
-0.118229
-0.123961
-0.128629
-0.132131
-0.13438
-0.135302
-0.134843
-0.132972
-0.129683
-0.124997
-0.118966
-0.11167
-0.103218
-0.0937484
-0.0834253
-0.0724349
-0.0609821
-0.0492862
-0.0375764
-0.0260862
-0.0150491
-0.00470345
0.00815371
0.0231505
0.0368369
0.0492342
0.0603803
0.0703236
0.0791206
0.0868323
0.0935221
0.0992533
0.104088
0.108084
0.111295
0.113773
0.115559
0.116693
0.117206
0.117125
0.116473
0.115264
0.113512
0.111226
0.108409
0.105067
0.1012
0.0968098
0.0918959
0.0864596
0.0805029
0.0740298
0.0670463
0.0595615
0.0515882
0.0431431
0.0342479
0.0249296
0.0152208
0.00516101
-0.00520351
-0.0158189
-0.0266232
-0.0375464
-0.0485094
-0.0594248
-0.0701964
-0.0807196
-0.0908822
-0.100565
-0.109644
-0.117991
-0.125477
-0.131973
-0.137355
-0.141507
-0.144325
-0.14572
-0.145624
-0.143991
-0.140803
-0.136073
-0.129845
-0.122198
-0.113242
-0.103122
-0.0920102
-0.0801067
-0.0676325
-0.0548256
-0.0419357
-0.0292178
-0.0169269
-0.00532331
0.00873048
0.0247516
0.0393425
0.0525341
0.0643727
0.074916
0.0842289
0.0923805
0.0994421
0.105484
0.110575
0.114779
0.118156
0.12076
0.122639
0.123836
0.124384
0.124314
0.123649
0.122406
0.1206
0.118238
0.115329
0.111873
0.107874
0.103331
0.098243
0.0926108
0.086435
0.0797178
0.0724638
0.0646805
0.0563786
0.047573
0.0382834
0.0285349
0.0183585
0.00779177
-0.00312016
-0.0143244
-0.0257595
-0.0373552
-0.0490316
-0.0606991
-0.0722587
-0.0836014
-0.0946094
-0.105156
-0.115109
-0.124328
-0.132671
-0.139997
-0.146166
-0.151044
-0.15451
-0.156457
-0.1568
-0.155475
-0.152452
-0.147731
-0.141348
-0.133377
-0.123928
-0.113151
-0.101227
-0.0883696
-0.0748167
-0.0608266
-0.0466711
-0.0326286
-0.0189778
-0.0060027
0.00931117
0.026364
0.0418666
0.0558589
0.0683961
0.0795447
0.0893781
0.0979737
0.10541
0.111766
0.117115
0.12153
0.125074
0.127807
0.129781
0.131042
0.131629
0.131572
0.130898
0.129626
0.127771
0.125343
0.122348
0.118789
0.114668
0.109984
0.104735
0.0989217
0.092542
0.0855973
0.0780901
0.0700261
0.0614139
0.0522663
0.0426007
0.0324399
0.0218126
0.0107545
-0.000691268
-0.0124734
-0.0245315
-0.0367959
-0.0491863
-0.0616121
-0.073972
-0.0861534
-0.0980332
-0.109478
-0.120347
-0.130489
-0.13975
-0.147974
-0.155003
-0.160687
-0.164884
-0.167468
-0.168333
-0.167398
-0.164613
-0.159964
-0.153476
-0.145217
-0.135294
-0.12386
-0.111104
-0.0972548
-0.0825666
-0.0673195
-0.0518093
-0.0363399
-0.0212158
-0.00674685
0.0098937
0.0279823
0.0444007
0.0591979
0.0724378
0.0841953
0.0945525
0.103595
0.111409
0.11808
0.12369
0.128315
0.132027
0.134891
0.136961
0.138289
0.138916
0.138875
0.138196
0.1369
0.135002
0.132514
0.129441
0.125788
0.121556
0.116743
0.111348
0.105367
0.0988
0.0916451
0.0839034
0.0755783
0.0666763
0.0572076
0.0471872
0.0366352
0.0255778
0.014048
0.00208648
-0.0102575
-0.0229254
-0.0358486
-0.0489478
-0.0621319
-0.0752979
-0.0883309
-0.101103
-0.113476
-0.125299
-0.136412
-0.146648
-0.155835
-0.163799
-0.170371
-0.175386
-0.178698
-0.180176
-0.179719
-0.177255
-0.172753
-0.166222
-0.15772
-0.147351
-0.135268
-0.121669
-0.106792
-0.0909137
-0.074335
-0.057378
-0.040374
-0.0236558
-0.00756132
0.010476
0.029601
0.0469366
0.0625404
0.0764849
0.0888535
0.0997362
0.109227
0.117419
0.124407
0.130277
0.135115
0.138995
0.141988
0.144156
0.145551
0.146219
0.146197
0.145516
0.144199
0.142264
0.139721
0.136579
0.132841
0.128508
0.123579
0.11805
0.111918
0.10518
0.0978337
0.0898773
0.0813123
0.0721427
0.0623763
0.052025
0.0411061
0.0296428
0.0176652
0.0052109
-0.00767359
-0.0209323
-0.0344986
-0.0482945
-0.0622297
-0.0762009
-0.0900912
-0.10377
-0.117093
-0.129902
-0.142029
-0.153293
-0.163507
-0.17248
-0.180022
-0.185947
-0.190081
-0.192272
-0.19239
-0.190341
-0.18607
-0.17957
-0.170883
-0.160107
-0.147392
-0.132942
-0.11701
-0.099889
-0.0819042
-0.0634053
-0.044754
-0.0263133
-0.00845198
0.011056
0.0312146
0.049466
0.065876
0.0805252
0.093505
0.104914
0.114852
0.123424
0.130727
0.136857
0.141905
0.145953
0.149076
0.15134
0.152802
0.153512
0.15351
0.152829
0.151494
0.149525
0.146934
0.143729
0.139915
0.135491
0.130457
0.124809
0.118541
0.11165
0.104131
0.0959807
0.0871982
0.077785
0.0677461
0.0570904
0.045832
0.0339908
0.0215933
0.00867385
-0.00472455
-0.0185491
-0.032736
-0.0472098
-0.0618817
-0.076649
-0.0913944
-0.105985
-0.120273
-0.134094
-0.14727
-0.159609
-0.17091
-0.180964
-0.189559
-0.196485
-0.201543
-0.204551
-0.205351
-0.20382
-0.199878
-0.193494
-0.184693
-0.173559
-0.160241
-0.144946
-0.127935
-0.109522
-0.0900575
-0.06992
-0.0495036
-0.0292047
-0.00942505
0.0116319
0.0328181
0.0519811
0.0691946
0.0845465
0.0981361
0.110069
0.120455
0.129403
0.13702
0.143409
0.148666
0.152879
0.156129
0.158487
0.160015
0.160766
0.160783
0.160103
0.158753
0.156753
0.154118
0.150857
0.146974
0.14247
0.137343
0.131588
0.1252
0.118173
0.1105
0.102177
0.093201
0.0835696
0.0732853
0.0623541
0.0507864
0.0385985
0.0258132
0.0124608
-0.00141956
-0.015779
-0.0305576
-0.0456829
-0.061069
-0.0766151
-0.0922046
-0.107704
-0.122962
-0.137811
-0.152064
-0.165519
-0.177961
-0.189163
-0.198891
-0.206911
-0.212995
-0.216931
-0.218527
-0.21763
-0.214126
-0.207958
-0.199126
-0.187701
-0.17382
-0.157692
-0.139589
-0.119841
-0.098825
-0.0769507
-0.0546471
-0.0323467
-0.010487
0.0122017
0.0344066
0.0544747
0.0724866
0.0885375
0.102734
0.115188
0.126018
0.13534
0.143268
0.149912
0.155373
0.159748
0.163122
0.165571
0.167162
0.167951
0.167987
0.167306
0.165941
0.163913
0.161237
0.157925
0.15398
0.149404
0.144194
0.138346
0.131853
0.124707
0.116901
0.108427
0.0992812
0.0894581
0.0789572
0.0677812
0.0559369
0.0434368
0.0302994
0.0165507
0.0022254
-0.0126322
-0.0279667
-0.0437098
-0.0597795
-0.0760781
-0.0924911
-0.108886
-0.12511
-0.140993
-0.156341
-0.170944
-0.184573
-0.196984
-0.207922
-0.217127
-0.224342
-0.229319
-0.231834
-0.231694
-0.22875
-0.222911
-0.214149
-0.202512
-0.188124
-0.171191
-0.151991
-0.130871
-0.108235
-0.0845257
-0.0602091
-0.0357565
-0.0116447
0.0127639
0.0359758
0.0569401
0.0757435
0.0924875
0.107285
0.120257
0.131526
0.141217
0.149451
0.156344
0.162005
0.166536
0.170028
0.172563
0.174212
0.175036
0.175087
0.174405
0.173023
0.170967
0.168253
0.164893
0.160892
0.156252
0.15097
0.14504
0.138456
0.131208
0.123288
0.114686
0.105395
0.0954073
0.0847198
0.0733314
0.0612455
0.0484703
0.0350199
0.0209158
0.00618741
-0.00912591
-0.0249739
-0.0412937
-0.058008
-0.0750237
-0.0922299
-0.109496
-0.126671
-0.143582
-0.160033
-0.175804
-0.190657
-0.20433
-0.216548
-0.227026
-0.235474
-0.241611
-0.245172
-0.245923
-0.243674
-0.238292
-0.229716
-0.217963
-0.20314
-0.185442
-0.165153
-0.142634
-0.118315
-0.092673
-0.0662141
-0.039452
-0.0129053
0.0133169
0.0375218
0.0593712
0.0789573
0.0963871
0.11178
0.125262
0.136964
0.147018
0.15555
0.162686
0.168539
0.173219
0.176822
0.179436
0.181136
0.181989
0.18205
0.181362
0.179962
0.177877
0.175125
0.17172
0.167667
0.162969
0.157624
0.151624
0.144962
0.137629
0.129614
0.120905
0.111494
0.10137
0.0905263
0.0789594
0.0666686
0.0536578
0.0399367
0.0255215
0.0104365
-0.00528465
-0.0215977
-0.0384458
-0.0557577
-0.0734458
-0.0914044
-0.109507
-0.127606
-0.145528
-0.163075
-0.180024
-0.196125
-0.211103
-0.224663
-0.236495
-0.246277
-0.253691
-0.258429
-0.260213
-0.258804
-0.254023
-0.245764
-0.234011
-0.218842
-0.200439
-0.179082
-0.155148
-0.129089
-0.101419
-0.0726868
-0.0434511
-0.0142759
0.0138596
0.0390415
0.0617634
0.0821217
0.100228
0.116207
0.130192
0.142319
0.152726
0.161549
0.168917
0.174953
0.179772
0.183477
0.18616
0.187904
0.188778
0.188841
0.188142
0.186719
0.184602
0.181812
0.178362
0.174261
0.16951
0.164108
0.158048
0.151322
0.143919
0.135827
0.127034
0.117527
0.107294
0.0963261
0.0846155
0.0721578
0.0589529
0.0450057
0.0303272
0.014936
-0.0011404
-0.0178643
-0.0351855
-0.0530398
-0.0713467
-0.0900069
-0.1089
-0.127883
-0.146786
-0.165411
-0.183531
-0.200891
-0.217204
-0.232157
-0.245415
-0.256626
-0.265432
-0.271482
-0.274446
-0.274033
-0.27001
-0.26222
-0.2506
-0.235195
-0.216162
-0.193778
-0.168424
-0.140578
-0.110789
-0.0796513
-0.0477719
-0.0157643
0.0143911
0.0405325
0.0641129
0.0852315
0.104004
0.120559
0.135036
0.147578
0.158328
0.167429
0.175018
0.181225
0.186171
0.189965
0.192707
0.194483
0.195368
0.195425
0.194707
0.193255
0.191101
0.188269
0.184774
0.180625
0.175826
0.170374
0.164263
0.157484
0.150026
0.141875
0.133017
0.123439
0.113126
0.102065
0.0902458
0.0776605
0.0643044
0.0501777
0.0352862
0.0196426
0.00326779
-0.0138074
-0.0315403
-0.0498747
-0.068738
-0.0880391
-0.107666
-0.12748
-0.147319
-0.166988
-0.18626
-0.204875
-0.222538
-0.238921
-0.253666
-0.266391
-0.2767
-0.284195
-0.288491
-0.289239
-0.286144
-0.27899
-0.267658
-0.252147
-0.232585
-0.20923
-0.182469
-0.152799
-0.120806
-0.0871307
-0.0524327
-0.0173781
0.0149109
0.0419937
0.0664177
0.0882838
0.10771
0.12483
0.139787
0.15273
0.16381
0.173176
0.180972
0.187335
0.192393
0.196262
0.199048
0.200842
0.201725
0.201765
0.201017
0.199527
0.197331
0.194452
0.19091
0.186713
0.181867
0.17637
0.170215
0.163394
0.155894
0.147701
0.1388
0.129174
0.118808
0.107686
0.0957936
0.0831202
0.0696567
0.0553987
0.0403466
0.024507
0.00789416
-0.0094684
-0.0275462
-0.0462915
-0.0656409
-0.0855128
-0.105804
-0.126386
-0.147103
-0.167766
-0.188153
-0.208003
-0.227015
-0.244848
-0.261127
-0.27544
-0.287353
-0.296421
-0.302203
-0.304284
-0.3023
-0.295966
-0.285097
-0.269635
-0.249665
-0.225419
-0.197282
-0.165765
-0.131491
-0.0951475
-0.0574514
-0.0191252
0.015419
0.0434249
0.0686774
0.0912773
0.111345
0.129016
0.144439
0.157768
0.169162
0.178775
0.18676
0.193262
0.198414
0.20234
0.205153
0.206949
0.207815
0.207824
0.207034
0.205496
0.203248
0.200316
0.196722
0.192476
0.187584
0.182044
0.175852
0.168998
0.161469
0.15325
0.144324
0.134674
0.124282
0.113129
0.1012
0.0884777
0.0749512
0.0606109
0.0454518
0.0294747
0.0126869
-0.00489557
-0.0232467
-0.0423281
-0.0620862
-0.08245
-0.103327
-0.1246
-0.146123
-0.167717
-0.189166
-0.210211
-0.230551
-0.249838
-0.267679
-0.283638
-0.297246
-0.308008
-0.315425
-0.319015
-0.318336
-0.313023
-0.302813
-0.287578
-0.267345
-0.242314
-0.212851
-0.179482
-0.14286
-0.103722
-0.0628458
-0.0210137
0.0159159
0.0448275
0.0708937
0.0942137
0.114908
0.133116
0.148988
0.162687
0.174374
0.184215
0.192369
0.198987
0.204212
0.208175
0.210993
0.212773
0.213604
0.213564
0.212718
0.211119
0.208808
0.205815
0.202162
0.197863
0.192924
0.187345
0.18112
0.174241
0.166694
0.158464
0.149532
0.13988
0.129488
0.118335
0.106403
0.093672
0.0801268
0.0657533
0.0505417
0.0344867
0.017589
-0.000143336
-0.0186928
-0.0380305
-0.0581139
-0.0788832
-0.100258
-0.122135
-0.144379
-0.166824
-0.189263
-0.211446
-0.233074
-0.253796
-0.273208
-0.290854
-0.30623
-0.318796
-0.327994
-0.333268
-0.334094
-0.330017
-0.320682
-0.305876
-0.285557
-0.25987
-0.229159
-0.193951
-0.154926
-0.112874
-0.0686331
-0.0230517
0.0164027
0.0462045
0.0730709
0.0970975
0.118404
0.137131
0.153435
0.167482
0.179441
0.189486
0.197783
0.204492
0.209765
0.213739
0.216541
0.21828
0.219055
0.218948
0.218029
0.216353
0.213966
0.210902
0.207183
0.202826
0.197838
0.192219
0.185966
0.179069
0.171514
0.163286
0.154366
0.144733
0.134366
0.123243
0.111342
0.0986409
0.0851206
0.070763
0.0555534
0.0394806
0.0225389
0.00472856
-0.0139416
-0.0334526
-0.0537728
-0.0748549
-0.0966321
-0.119014
-0.141882
-0.165083
-0.188426
-0.21167
-0.234524
-0.256642
-0.277611
-0.29696
-0.314158
-0.328623
-0.339735
-0.346866
-0.349401
-0.346785
-0.338561
-0.324413
-0.30421
-0.278029
-0.246174
-0.209162
-0.167699
-0.12262
-0.0748298
-0.0252474
0.0168814
0.0475609
0.075216
0.0999364
0.12184
0.141069
0.157783
0.172154
0.184359
0.194579
0.20299
0.209762
0.215052
0.219009
0.221765
0.223439
0.224133
0.223937
0.222924
0.221155
0.218678
0.21553
0.211736
0.207314
0.202273
0.196615
0.190336
0.183427
0.175874
0.167661
0.158768
0.149175
0.138857
0.127792
0.115955
0.103322
0.0898693
0.075576
0.0604222
0.0443916
0.0274719
0.00965605
-0.00905573
-0.0286544
-0.0491198
-0.070417
-0.0924936
-0.115275
-0.138658
-0.162508
-0.18665
-0.210859
-0.234858
-0.258305
-0.280793
-0.30184
-0.320891
-0.337326
-0.350472
-0.359622
-0.36407
-0.363151
-0.35629
-0.343053
-0.323199
-0.296718
-0.263854
-0.225102
-0.181181
-0.132974
-0.0814517
-0.0276088
0.0173546
0.048904
0.0773393
0.102742
0.125228
0.144939
0.162039
0.176706
0.189127
0.199489
0.207981
0.214779
0.220053
0.22396
0.226639
0.228217
0.228803
0.228492
0.227364
0.225482
0.222898
0.219652
0.215772
0.211278
0.20618
0.200481
0.194177
0.18726
0.179717
0.171531
0.162682
0.153147
0.142902
0.131922
0.120181
0.107652
0.0943097
0.0801277
0.0650827
0.0491533
0.032321
0.0145719
-0.00410221
-0.023702
-0.0442185
-0.0656297
-0.087898
-0.110965
-0.134746
-0.159125
-0.183946
-0.209007
-0.234045
-0.258736
-0.282677
-0.305385
-0.326293
-0.344748
-0.360025
-0.371344
-0.377903
-0.378921
-0.37369
-0.361641
-0.3424
-0.315846
-0.282142
-0.241743
-0.19537
-0.143947
-0.0885136
-0.0301443
0.0178261
0.0502438
0.0794552
0.105532
0.128585
0.148757
0.166216
0.181147
0.193746
0.204213
0.212744
0.21953
0.224748
0.228565
0.231131
0.23258
0.233027
0.232574
0.231305
0.229288
0.226579
0.223221
0.219243
0.214668
0.209507
0.203765
0.197437
0.190518
0.182992
0.174844
0.166052
0.156594
0.146444
0.135576
0.123962
0.111573
0.0983797
0.0843546
0.0694696
0.0536988
0.037018
0.0194068
0.000848959
-0.0186655
-0.0391383
-0.0605607
-0.0829094
-0.106143
-0.130196
-0.154974
-0.180343
-0.206123
-0.232077
-0.257898
-0.283199
-0.307506
-0.330243
-0.350736
-0.368216
-0.381834
-0.390692
-0.393885
-0.390563
-0.38
-0.361667
-0.335305
-0.300968
-0.259049
-0.210256
-0.155547
-0.0960292
-0.032862
0.0183009
0.0515934
0.0815826
0.108327
0.131932
0.152542
0.170328
0.185487
0.198223
0.208749
0.217274
0.224
0.229117
0.232802
0.235214
0.236495
0.236769
0.236142
0.234705
0.23253
0.229676
0.226188
0.222101
0.217435
0.212205
0.206416
0.200066
0.193147
0.185646
0.177546
0.168826
0.159462
0.149428
0.138697
0.127239
0.115023
0.102019
0.0881941
0.0735186
0.0579617
0.0414946
0.0240904
0.00572585
-0.0136179
-0.0339531
-0.0552832
-0.0775997
-0.100878
-0.125073
-0.150111
-0.175884
-0.202237
-0.228962
-0.255776
-0.282318
-0.308127
-0.332634
-0.355151
-0.374875
-0.390896
-0.40222
-0.407821
-0.406692
-0.397932
-0.380834
-0.354966
-0.320245
-0.276973
-0.225824
-0.167779
-0.104011
-0.0357701
0.0187855
0.0529698
0.0837456
0.111155
0.135299
0.15632
0.174399
0.189741
0.202566
0.213098
0.221563
0.228175
0.233139
0.236642
0.238854
0.239925
0.239988
0.239155
0.23752
0.235161
0.232141
0.228507
0.224295
0.21953
0.214225
0.208386
0.202014
0.195099
0.187629
0.179587
0.170952
0.161699
0.151802
0.141232
0.129957
0.117947
0.105168
0.0915857
0.0771668
0.061877
0.045683
0.0285526
0.0104558
-0.00863422
-0.0287395
-0.0498752
-0.0720467
-0.0952463
-0.119448
-0.144602
-0.170625
-0.197393
-0.224726
-0.252376
-0.280011
-0.307196
-0.333376
-0.357866
-0.379839
-0.398333
-0.41227
-0.420496
-0.421845
-0.415222
-0.399712
-0.37468
-0.339869
-0.295453
-0.242049
-0.180643
-0.112471
-0.038877
0.0192882
0.0543945
0.0859748
0.114052
0.13872
0.160125
0.178455
0.19393
0.206786
0.217264
0.225605
0.232043
0.236794
0.240059
0.242019
0.242834
0.242644
0.241567
0.239703
0.237134
0.233925
0.230128
0.225778
0.220902
0.215516
0.209626
0.203231
0.196324
0.188892
0.180918
0.172381
0.163256
0.153514
0.143128
0.132064
0.120291
0.107771
0.0944714
0.0803538
0.0653815
0.0495173
0.0327243
0.0149666
-0.00378978
-0.0235757
-0.044417
-0.0663324
-0.0893301
-0.113403
-0.138525
-0.164638
-0.19165
-0.219416
-0.247723
-0.276278
-0.304679
-0.332401
-0.358771
-0.382956
-0.403957
-0.42062
-0.431669
-0.435773
-0.431631
-0.41809
-0.394277
-0.359715
-0.314415
-0.258897
-0.194135
-0.12142
-0.0421913
0.0198192
0.0558945
0.0883084
0.117061
0.14224
0.163996
0.18253
0.198078
0.210896
0.221248
0.229395
0.235586
0.240056
0.243021
0.244672
0.24518
0.244691
0.243332
0.241206
0.238399
0.23498
0.231
0.226499
0.221504
0.21603
0.210086
0.20367
0.196775
0.189388
0.181493
0.173066
0.164084
0.154518
0.144338
0.13351
0.122002
0.109776
0.0967956
0.0830215
0.0684144
0.0529335
0.0365381
0.0191873
0.000840835
-0.0185399
-0.0389904
-0.0605415
-0.0832161
-0.107026
-0.131965
-0.158005
-0.185084
-0.213093
-0.241861
-0.271138
-0.300567
-0.329662
-0.357779
-0.384095
-0.407591
-0.427052
-0.441093
-0.448216
-0.4469
-0.435732
-0.41356
-0.379641
-0.333769
-0.276328
-0.208249
-0.130868
-0.045722
0.0203918
0.0575034
0.0907933
0.120236
0.145912
0.167981
0.186661
0.202211
0.214913
0.225055
0.232922
0.238786
0.2429
0.245494
0.246773
0.246918
0.246083
0.244399
0.241977
0.238904
0.235251
0.231072
0.226407
0.221283
0.215718
0.209718
0.203283
0.196405
0.189071
0.181264
0.172962
0.164139
0.154766
0.144814
0.134247
0.123032
0.111131
0.0985057
0.0851151
0.0709177
0.0558706
0.0399295
0.0230494
0.00518491
-0.0137092
-0.0336768
-0.0547594
-0.0769932
-0.100407
-0.125016
-0.150817
-0.17778
-0.205834
-0.234852
-0.264633
-0.294872
-0.325135
-0.354822
-0.38314
-0.409068
-0.431353
-0.448515
-0.458896
-0.46075
-0.452379
-0.432308
-0.399478
-0.353406
-0.294287
-0.222973
-0.140824
-0.0494789
0.0210222
0.0592628
0.0934871
0.12364
0.149798
0.172135
0.190892
0.20636
0.218851
0.228685
0.236176
0.24162
0.245291
0.247436
0.248275
0.247996
0.246763
0.244714
0.241959
0.238592
0.234683
0.230288
0.225448
0.220189
0.214529
0.208473
0.202022
0.195167
0.187896
0.180189
0.172024
0.163376
0.154216
0.144512
0.134231
0.123336
0.11179
0.0995524
0.0865826
0.072837
0.0582707
0.0428369
0.0264874
0.00917264
-0.00915802
-0.0285555
-0.0490703
-0.0707503
-0.0936392
-0.117772
-0.14317
-0.169833
-0.197728
-0.226774
-0.256823
-0.287629
-0.318821
-0.349859
-0.379997
-0.408242
-0.433322
-0.453686
-0.467531
-0.472883
-0.467743
-0.450273
-0.419034
-0.373202
-0.312714
-0.238293
-0.151299
-0.053473
0.0217309
0.0612242
0.0964604
0.127351
0.153974
0.176522
0.195273
0.210555
0.222723
0.232134
0.239137
0.244055
0.247188
0.248799
0.249122
0.248356
0.246673
0.244212
0.241091
0.237402
0.233217
0.228592
0.223567
0.218168
0.212411
0.206303
0.199841
0.193017
0.185817
0.178223
0.170211
0.161755
0.152826
0.143392
0.133418
0.122869
0.111706
0.0998892
0.0873756
0.0741212
0.0600798
0.0452029
0.0294399
0.0127381
-0.00495716
-0.0237025
-0.0435556
-0.0645744
-0.0868154
-0.110331
-0.135164
-0.161344
-0.188874
-0.217719
-0.247786
-0.278894
-0.310744
-0.342872
-0.374599
-0.404983
-0.432767
-0.456356
-0.473823
-0.48298
-0.481508
-0.467172
-0.438088
-0.393007
-0.331532
-0.254188
-0.162305
-0.0577171
0.0225437
0.0634515
0.0997989
0.131462
0.158525
0.181215
0.199855
0.214828
0.226538
0.235392
0.241776
0.24605
0.248537
0.24952
0.249248
0.247929
0.24574
0.242825
0.239303
0.235267
0.230788
0.225921
0.220704
0.215163
0.209312
0.203155
0.19669
0.189908
0.182792
0.175324
0.16748
0.159234
0.150555
0.141412
0.13177
0.121592
0.11084
0.0994734
0.0874495
0.0747235
0.0612483
0.0469746
0.0318503
0.0158205
-0.00117227
-0.0191887
-0.0382922
-0.0585484
-0.0800245
-0.102787
-0.1269
-0.152417
-0.179377
-0.207789
-0.237614
-0.268742
-0.300952
-0.333869
-0.366903
-0.399188
-0.429516
-0.456283
-0.477475
-0.490703
-0.49333
-0.482688
-0.456383
-0.412649
-0.350651
-0.270639
-0.173857
-0.0622268
0.023493
0.0660238
0.103607
0.136081
0.16355
0.18629
0.20469
0.219201
0.230294
0.238432
0.244051
0.247546
0.249269
0.249524
0.248572
0.246631
0.243881
0.240471
0.236517
0.232111
0.227324
0.222207
0.216797
0.211115
0.205175
0.198978
0.192521
0.185793
0.178776
0.171451
0.163793
0.155775
0.147367
0.138536
0.129248
0.119467
0.109153
0.0982664
0.0867642
0.0746017
0.0617319
0.0481048
0.0336678
0.0183651
0.00213738
-0.0150787
-0.0333503
-0.052749
-0.0733501
-0.095232
-0.118475
-0.143156
-0.169344
-0.19709
-0.226411
-0.257264
-0.289514
-0.322883
-0.356891
-0.390777
-0.423414
-0.453236
-0.47818
-0.495694
-0.50283
-0.496464
-0.473624
-0.431923
-0.369968
-0.287621
-0.185975
-0.0670219
0.0246199
0.0690393
0.10801
0.141337
0.169161
0.191831
0.209826
0.223688
0.233972
0.24121
0.245894
0.248461
0.249292
0.248712
0.246994
0.244362
0.241001
0.237056
0.232644
0.227852
0.222747
0.217378
0.211776
0.205961
0.199942
0.193718
0.187284
0.180626
0.173726
0.166562
0.15911
0.151342
0.143226
0.134731
0.125821
0.116461
0.106612
0.0962344
0.085285
0.0737199
0.0614924
0.0485529
0.0348491
0.0203249
0.00492048
-0.0114287
-0.028792
-0.0472447
-0.0668679
-0.087749
-0.109981
-0.13366
-0.158882
-0.185735
-0.214287
-0.244564
-0.276516
-0.309973
-0.344578
-0.379699
-0.414333
-0.446997
-0.475634
-0.497576
-0.509594
-0.508094
-0.489465
-0.450585
-0.389355
-0.305106
-0.198684
-0.0721278
0.0259768
0.0726204
0.113162
0.14738
0.175478
0.197917
0.215298
0.228282
0.237528
0.243653
0.24721
0.248685
0.248487
0.246962
0.244391
0.241004
0.236984
0.232472
0.227581
0.222394
0.21697
0.211353
0.20557
0.199634
0.193552
0.18732
0.180928
0.174361
0.1676
0.16062
0.153397
0.145901
0.138102
0.129967
0.121461
0.112548
0.103192
0.0933508
0.0829847
0.0720497
0.0605001
0.0482873
0.0353598
0.0216623
0.0071356
-0.00828476
-0.0246689
-0.0420937
-0.0606437
-0.080412
-0.101501
-0.124022
-0.148093
-0.173834
-0.201359
-0.230757
-0.262064
-0.29522
-0.330003
-0.365936
-0.402174
-0.43737
-0.469537
-0.495957
-0.513169
-0.517117
-0.503502
-0.468343
-0.408658
-0.323065
-0.212025
-0.0775788
0.0276314
0.07692
0.119247
0.154378
0.182629
0.204618
0.221117
0.232941
0.240877
0.245642
0.247861
0.248065
0.246697
0.244117
0.240612
0.236411
0.231693
0.226593
0.221215
0.215632
0.209898
0.204047
0.1981
0.192067
0.185946
0.17973
0.173406
0.166957
0.160361
0.153592
0.146624
0.139427
0.131971
0.124222
0.116146
0.107709
0.0988723
0.0895979
0.0798455
0.0695729
0.0587358
0.0472871
0.0351769
0.0223517
0.00875351
-0.00568065
-0.0210201
-0.0373415
-0.0547305
-0.0732833
-0.0931081
-0.114326
-0.137073
-0.161494
-0.187742
-0.215964
-0.246277
-0.278728
-0.313238
-0.349503
-0.386871
-0.424184
-0.4596
-0.490431
-0.51306
-0.523008
-0.515255
-0.484837
-0.427685
-0.34146
-0.22605
-0.0834213
0.0296716
0.0821304
0.126484
0.162521
0.190737
0.211982
0.227255
0.237572
0.243878
0.247003
0.24765
0.2464
0.243719
0.23998
0.235469
0.23041
0.22497
0.219274
0.213413
0.20745
0.201427
0.19537
0.18929
0.183189
0.177062
0.170896
0.164674
0.158376
0.151977
0.14545
0.138769
0.131902
0.124818
0.117485
0.109869
0.101936
0.093649
0.084971
0.0758631
0.0662851
0.0561943
0.045546
0.0342923
0.0223821
0.0097599
-0.00363491
-0.0178694
-0.0330185
-0.0491668
-0.0664107
-0.0848607
-0.104644
-0.125907
-0.148815
-0.173552
-0.200312
-0.229286
-0.260624
-0.294387
-0.330456
-0.368401
-0.407307
-0.445553
-0.480584
-0.508729
-0.525164
-0.524148
-0.499621
-0.446189
-0.360248
-0.240833
-0.0897203
0.0322135
0.0884944
0.135136
0.172014
0.199908
0.220005
0.233614
0.242003
0.246305
0.247479
0.246309
0.243418
0.239293
0.234306
0.228738
0.222796
0.216632
0.210354
0.204036
0.197726
0.191453
0.18523
0.179061
0.172938
0.166849
0.160776
0.154699
0.148592
0.14243
0.136184
0.129825
0.123323
0.116646
0.109762
0.102638
0.0952399
0.0875334
0.0794828
0.071051
0.0621996
0.0528886
0.0430756
0.0327157
0.0217608
0.0101587
-0.00214807
-0.015223
-0.0291378
-0.0439739
-0.0598257
-0.0768026
-0.0950336
-0.11467
-0.13589
-0.1589
-0.183932
-0.211235
-0.241054
-0.273584
-0.308893
-0.346793
-0.386656
-0.427164
-0.466009
-0.499602
-0.522897
-0.529484
-0.512126
-0.463841
-0.379361
-0.256477
-0.0965672
0.0354135
0.0963204
0.145507
0.183056
0.210198
0.228601
0.239988
0.245943
0.247817
0.246707
0.243472
0.238769
0.233091
0.226798
0.220151
0.213334
0.206475
0.199657
0.192934
0.186334
0.179871
0.173545
0.167347
0.161262
0.155269
0.149345
0.143465
0.1376
0.131722
0.125802
0.119808
0.113711
0.107479
0.10108
0.0944825
0.0876537
0.0805607
0.0731697
0.0654458
0.0573533
0.0488546
0.0399107
0.0304799
0.0205176
0.00997548
-0.00119946
-0.0130665
-0.0256925
-0.0391545
-0.0535421
-0.0689612
-0.0855381
-0.103425
-0.122804
-0.143894
-0.166953
-0.192278
-0.22019
-0.251004
-0.284965
-0.322137
-0.362215
-0.404255
-0.44632
-0.485072
-0.515422
-0.530417
-0.521614
-0.480183
-0.398695
-0.273121
-0.104095
0.0394871
0.106002
0.157945
0.195818
0.221566
0.237539
0.246006
0.248934
0.247917
0.244185
0.238659
0.23201
0.224714
0.217104
0.209406
0.201768
0.194283
0.187006
0.179964
0.173162
0.166597
0.160252
0.154107
0.148136
0.142312
0.136606
0.130987
0.125424
0.119887
0.114344
0.108765
0.103118
0.0973731
0.0914994
0.0854661
0.0792424
0.072797
0.0660985
0.0591147
0.0518124
0.0441575
0.0361142
0.0276445
0.0187082
0.00926137
-0.000744157
-0.0113623
-0.0226542
-0.0346908
-0.0475553
-0.0613471
-0.0761865
-0.0922205
-0.10963
-0.128637
-0.149513
-0.172584
-0.198228
-0.22686
-0.258884
-0.294604
-0.334055
-0.376731
-0.421186
-0.464526
-0.501862
-0.525917
-0.527119
-0.494563
-0.418061
-0.290947
-0.112499
0.0447405
0.118043
0.172818
0.210378
0.233786
0.246355
0.251051
0.250285
0.2459
0.23924
0.231255
0.222594
0.213692
0.204828
0.196175
0.187832
0.179849
0.172242
0.165008
0.15813
0.15158
0.145328
0.139339
0.13358
0.128015
0.122608
0.117326
0.112135
0.107003
0.101897
0.0967856
0.0916394
0.0864282
0.0811224
0.075693
0.0701112
0.0643481
0.0583747
0.0521618
0.0456794
0.0388968
0.031782
0.0243013
0.0164189
0.00809582
-0.000710571
-0.0100482
-0.0199717
-0.0305446
-0.0418422
-0.0539554
-0.0669951
-0.0810993
-0.0964403
-0.113235
-0.131754
-0.152338
-0.175397
-0.201416
-0.230931
-0.264459
-0.302368
-0.344623
-0.390378
-0.437387
-0.481261
-0.514743
-0.527362
-0.506024
-0.437118
-0.31018
-0.122076
0.0516251
0.133082
0.190464
0.22661
0.246315
0.25422
0.254148
0.24899
0.240809
0.231008
0.220508
0.209892
0.199511
0.189562
0.180143
0.171292
0.163006
0.155258
0.148011
0.14122
0.134838
0.128818
0.123114
0.117682
0.112481
0.107469
0.102611
0.09787
0.0932129
0.0886074
0.0840229
0.07943
0.0748001
0.0701056
0.0653197
0.0604158
0.0553678
0.0501497
0.0447353
0.0390984
0.0332118
0.0270478
0.020577
0.0137684
0.00658859
-0.000999474
-0.00903713
-0.0175718
-0.0266588
-0.0363644
-0.0467688
-0.0579716
-0.0700975
-0.0833051
-0.097797
-0.113833
-0.131747
-0.151961
-0.174996
-0.201474
-0.232086
-0.267496
-0.308138
-0.353836
-0.403182
-0.452633
-0.49543
-0.520658
-0.513147
-0.455221
-0.331061
-0.133288
0.0608349
0.151912
0.211064
0.243966
0.258059
0.259746
0.253832
0.243654
0.231401
0.218436
0.205565
0.193234
0.181664
0.17094
0.161066
0.152003
0.143689
0.136054
0.129023
0.122527
0.116499
0.110877
0.105606
0.100633
0.0959124
0.0914007
0.0870589
0.0828507
0.0787427
0.0747035
0.0707038
0.0667159
0.0627134
0.0586711
0.0545646
0.0503705
0.0460656
0.0416273
0.0370329
0.0322597
0.0272849
0.0220848
0.0166348
0.0109089
0.00487907
-0.00148549
-0.00821942
-0.0153625
-0.0229614
-0.0310722
-0.0397637
-0.0491216
-0.0592549
-0.0703035
-0.0824491
-0.0959296
-0.111056
-0.128235
-0.147992
-0.170986
-0.198018
-0.22998
-0.267728
-0.311764
-0.36166
-0.41507
-0.466329
-0.504819
-0.51381
-0.471165
-0.353764
-0.146867
0.0734748
0.175433
0.234343
0.261088
0.267028
0.260742
0.24801
0.232448
0.216179
0.20036
0.185563
0.172018
0.159768
0.148754
0.138871
0.13
0.122018
0.114811
0.108275
0.102316
0.0968532
0.0918138
0.0871349
0.082761
0.0786428
0.0747368
0.0710039
0.067409
0.0639201
0.060508
0.0571458
0.0538084
0.0504722
0.0471151
0.0437161
0.0402547
0.0367115
0.0330672
0.0293032
0.0254007
0.0213409
0.0171046
0.0126718
0.00802177
0.0031319
-0.00202252
-0.00746926
-0.0132403
-0.0193735
-0.0259145
-0.0329195
-0.0404596
-0.0486255
-0.0575354
-0.0673445
-0.0782592
-0.0905549
-0.1046
-0.120886
-0.14006
-0.162956
-0.190602
-0.224167
-0.26476
-0.312971
-0.367935
-0.425737
-0.477112
-0.504891
-0.482724
-0.378127
-0.163951
0.0913199
0.204415
0.258948
0.275163
0.269864
0.253969
0.233914
0.213201
0.193557
0.175709
0.159853
0.145928
0.133756
0.123123
0.113814
0.105635
0.0984104
0.0919931
0.0862564
0.0810935
0.0764143
0.0721424
0.0682131
0.0645708
0.0611678
0.0579627
0.0549193
0.0520053
0.0491923
0.0464544
0.0437683
0.0411124
0.0384671
0.0358136
0.0331347
0.0304138
0.0276351
0.0247834
0.0218437
0.0188014
0.0156419
0.0123503
0.00891142
0.00530931
0.00152681
-0.00245485
-0.00665682
-0.0111035
-0.0158239
-0.0208533
-0.0262353
-0.0320256
-0.0382958
-0.0451402
-0.052684
-0.0610954
-0.0706028
-0.0815181
-0.0942681
-0.109436
-0.127812
-0.150439
-0.178645
-0.213974
-0.25792
-0.311202
-0.372243
-0.434416
-0.482007
-0.485944
-0.403029
-0.186192
0.117233
0.23872
0.281155
0.280904
0.261343
0.23509
0.208351
0.183802
0.162319
0.143949
0.128399
0.115271
0.104169
0.0947372
0.0866756
0.0797357
0.0737152
0.0684502
0.0638078
0.0596802
0.0559794
0.0526331
0.0495816
0.0467748
0.0441706
0.0417332
0.0394318
0.0372394
0.0351326
0.0330904
0.031094
0.0291266
0.0271726
0.0252177
0.0232486
0.0212528
0.0192184
0.0171341
0.0149891
0.0127725
0.0104739
0.00808254
0.0055877
0.00297802
0.000241378
-0.00263545
-0.00566745
-0.00887195
-0.0122696
-0.0158857
-0.0197519
-0.0239086
-0.0284085
-0.0333213
-0.0387404
-0.0447929
-0.0516533
-0.0595637
-0.068863
-0.0800276
-0.0937286
-0.110906
-0.132851
-0.161278
-0.198276
-0.245961
-0.305348
-0.373707
-0.439409
-0.47416
-0.425182
-0.215877
0.156131
0.275088
0.291983
0.268806
0.233906
0.199026
0.168431
0.14302
0.122383
0.105741
0.0923073
0.081402
0.0724757
0.0650984
0.058938
0.0537393
0.0493057
0.0454852
0.0421595
0.0392355
0.0366394
0.0343123
0.0322062
0.0302821
0.0285074
0.0268551
0.0253021
0.0238287
0.0224177
0.0210542
0.0197249
0.0184179
0.0171223
0.0158284
0.014527
0.0132098
0.0118688
0.0104964
0.00908565
0.00762942
0.00612094
0.0045534
0.00291989
0.00121323
-0.000574233
-0.00245087
-0.00442618
-0.00651121
-0.0087192
-0.0110665
-0.0135735
-0.0162669
-0.0191814
-0.0223632
-0.0258748
-0.0298019
-0.0342634
-0.0394262
-0.0455281
-0.0529109
-0.0620715
-0.0737376
-0.0889766
-0.109342
-0.137031
-0.174952
-0.226329
-0.292941
-0.370146
-0.436582
-0.436772
-0.256244
0.213989
0.300598
0.272375
0.223956
0.178792
0.141949
0.113582
0.0922023
0.0761062
0.0638881
0.0544973
0.0471736
0.0413734
0.0367085
0.0329001
0.0297463
0.0270991
0.0248484
0.0229115
0.021225
0.0197402
0.0184187
0.0172301
0.0161498
0.0151579
0.0142378
0.0133757
0.0125599
0.0117803
0.0110281
0.0102957
0.00957623
0.00886356
0.00815217
0.00743698
0.00671331
0.00597681
0.00522338
0.00444914
0.00365036
0.00282341
0.00196469
0.00107058
0.000137283
-0.000839165
-0.00186318
-0.00293977
-0.00407476
-0.00527523
-0.00654997
-0.00791014
-0.00937021
-0.0109493
-0.0126731
-0.0145763
-0.016707
-0.0191323
-0.0219471
-0.0252884
-0.0293563
-0.034449
-0.0410182
-0.0497611
-0.0617699
-0.0787734
-0.103491
-0.140014
-0.193639
-0.268269
-0.357424
-0.419018
-0.305816
0.266009
0.275955
0.198596
0.138936
0.0984643
0.0710661
0.0526642
0.0402607
0.0317401
0.0257331
0.021381
0.0181426
0.015671
0.0137403
0.0122
0.0109476
0.00991151
0.00904097
0.00829885
0.00765765
0.00709659
0.00659968
0.00615442
0.00575089
0.00538109
0.00503849
0.00471765
0.004414
0.00412365
0.00384325
0.00356986
0.00330088
0.00303402
0.0027672
0.00249851
0.00222624
0.00194879
0.00166466
0.00137244
0.0010708
0.000758452
0.000434101
9.64601e-05
-0.000255722
-0.00062392
-0.00100972
-0.00141489
-0.00184157
-0.00229236
-0.00277053
-0.00328028
-0.00382715
-0.00441845
-0.00506408
-0.00577754
-0.00657751
-0.00749023
-0.00855303
-0.0098201
-0.0113716
-0.0133289
-0.0158808
-0.0193307
-0.0241842
-0.0313194
-0.0423284
-0.0601787
-0.0903349
-0.141897
-0.2255
-0.331008
-0.319485
0.142935
0.125432
0.0767435
0.0457847
0.0280219
0.0176529
0.0115782
0.00799233
0.00581832
0.00444647
0.00354127
0.00291663
0.00246706
0.00213106
0.00187163
0.00166571
0.00149833
0.00135946
0.00124215
0.0011414
0.00105359
0.000975962
0.000906419
0.000843314
0.000785335
0.00073142
0.000680691
0.000632414
0.000585966
0.000540812
0.000496484
0.000452572
0.000408713
0.000364579
0.000319875
0.000274333
0.000227708
0.000179772
0.000130313
7.91316e-05
2.60346e-05
-2.9173e-05
-8.66936e-05
-0.000146634
-0.000209286
-0.000274889
-0.000343717
-0.000416111
-0.000492505
-0.000573455
-0.000659696
-0.0007522
-0.000852282
-0.000961726
-0.00108298
-0.00121946
-0.00137595
-0.0015593
-0.0017795
-0.00205142
-0.00239794
-0.00285547
-0.0034847
-0.00439274
-0.00578224
-0.00806641
-0.0121427
-0.0200323
-0.0362275
-0.069559
-0.12766
-0.152141
)
;

boundaryField
{
    movingWall
    {
        type            calculated;
        value           uniform 0;
    }
    fixedWalls
    {
        type            calculated;
        value           uniform 0;
    }
    frontAndBack
    {
        type            empty;
    }
}


// ************************************************************************* //
