/*--------------------------------*- C++ -*----------------------------------*\
  =========                 |
  \\      /  F ield         | OpenFOAM: The Open Source CFD Toolbox
   \\    /   O peration     | Website:  https://openfoam.org
    \\  /    A nd           | Version:  dev
     \\/     M anipulation  |
\*---------------------------------------------------------------------------*/
FoamFile
{
    format      ascii;
    class       volScalarField;
    location    "20.25";
    object      p;
}
// * * * * * * * * * * * * * * * * * * * * * * * * * * * * * * * * * * * * * //

dimensions      [0 2 -2 0 0 0 0];

internalField   nonuniform List<scalar> 
5184
(
-3.33251e-07
-1.31644e-05
-9.92358e-05
-0.000251999
-0.0004512
-0.000679596
-0.000922948
-0.00116934
-0.00140962
-0.00163665
-0.00184502
-0.00203071
-0.00219079
-0.00232316
-0.00242634
-0.00249935
-0.0025415
-0.00255237
-0.00253166
-0.00247923
-0.00239499
-0.00227891
-0.00213106
-0.00195157
-0.00174068
-0.00149878
-0.0012264
-0.000924292
-0.000593456
-0.000235159
0.000149013
0.000557136
0.000986918
0.00143569
0.00190039
0.00237758
0.00286344
0.00335381
0.00384423
0.00432996
0.00480605
0.00526745
0.00570903
0.00612572
0.00651257
0.00686487
0.00717827
0.00744883
0.0076732
0.00784864
0.00797313
0.00804548
0.00806534
0.00803326
0.00795074
0.00782023
0.0076451
0.00742968
0.00717916
0.00689959
0.00659782
0.00628147
0.00595882
0.00563882
0.00533103
0.00504551
0.00479276
0.00458339
0.00442738
0.00433315
0.00430621
0.00433344
1.19595e-05
-7.10637e-07
-7.52987e-05
-0.00020295
-0.000368035
-0.000558076
-0.000762155
-0.000970692
-0.00117577
-0.001371
-0.00155135
-0.0017129
-0.00185269
-0.0019685
-0.00205869
-0.00212205
-0.00215774
-0.00216515
-0.00214386
-0.00209358
-0.00201414
-0.00190545
-0.00176752
-0.00160046
-0.0014045
-0.00118
-0.000927497
-0.00064772
-0.000341627
-1.04371e-05
0.000344344
0.000720898
0.00111708
0.00153039
0.00195801
0.00239673
0.00284307
0.00329319
0.00374301
0.00418821
0.00462429
0.00504666
0.00545069
0.00583178
0.0061855
0.00650762
0.00679425
0.00704189
0.00724758
0.00740893
0.00752422
0.00759245
0.00761344
0.00758779
0.00751698
0.00740333
0.00725003
0.00706107
0.00684126
0.00659613
0.00633192
0.00605552
0.00577434
0.0054963
0.00522971
0.00498312
0.00476521
0.00458435
0.00444782
0.00436157
0.00433301
0.00436056
9.83294e-05
7.36179e-05
-1.66564e-06
-0.000119095
-0.000266642
-0.000434672
-0.000614488
-0.00079827
-0.000979323
-0.00115209
-0.00131208
-0.00145569
-0.00158011
-0.0016832
-0.0017633
-0.00181916
-0.00184988
-0.00185475
-0.00183329
-0.00178514
-0.00171005
-0.00160788
-0.0014786
-0.00132228
-0.00113911
-0.000929403
-0.000693663
-0.000432566
-0.000147011
0.000161859
0.000492633
0.000843606
0.00121277
0.0015978
0.00199604
0.00240454
0.00282001
0.00323892
0.00365746
0.00407161
0.00447722
0.00487002
0.00524571
0.00560007
0.00592899
0.00622857
0.00649524
0.00672579
0.00691753
0.00706828
0.00717651
0.00724138
0.00726276
0.00724129
0.00717843
0.00707639
0.00693819
0.00676759
0.00656908
0.0063478
0.00610951
0.00586051
0.00560754
0.00535772
0.00511841
0.00489706
0.00470114
0.00453771
0.00441279
0.00433162
0.00430381
0.00433439
0.000253201
0.000201826
0.000114096
-4.73243e-06
-0.000146999
-0.000304933
-0.000471418
-0.000640092
-0.00080542
-0.000962716
-0.00110811
-0.00123847
-0.00135129
-0.00144462
-0.00151693
-0.00156703
-0.00159403
-0.00159723
-0.00157611
-0.00153029
-0.00145947
-0.00136348
-0.00124222
-0.00109572
-0.000924112
-0.000727656
-0.000506781
-0.000262091
5.60011e-06
0.000295244
0.000605539
0.000934905
0.00128147
0.00164307
0.00201722
0.00240115
0.00279178
0.00318577
0.00357956
0.00396935
0.00435123
0.00472116
0.0050751
0.00540905
0.00571913
0.00600166
0.00625326
0.00647093
0.0066521
0.00679477
0.00689749
0.00695949
0.00698069
0.00696173
0.00690403
0.0068097
0.00668163
0.00652338
0.0063392
0.00613392
0.00591291
0.00568202
0.00544744
0.00521566
0.00499333
0.00478712
0.00460363
0.00444914
0.00432908
0.00424849
0.00421744
0.00424261
0.000457715
0.000369179
0.000260687
0.000133134
-1.10396e-05
-0.000165675
-0.000325007
-0.000484038
-0.000638363
-0.000784183
-0.000918321
-0.00103817
-0.00114161
-0.00122697
-0.00129291
-0.00133839
-0.00136259
-0.00136484
-0.00134464
-0.00130158
-0.00123537
-0.00114576
-0.00103263
-0.000895923
-0.000735716
-0.000552198
-0.000345706
-0.000116752
0.000133953
0.000405477
0.000696641
0.001006
0.00133184
0.00167213
0.00202457
0.00238656
0.0027552
0.00312735
0.00349961
0.0038684
0.00422998
0.00458052
0.00491614
0.00523301
0.00552743
0.00579585
0.00603505
0.00624212
0.00641461
0.00655058
0.00664865
0.00670809
0.00672881
0.00671145
0.00665735
0.00656856
0.00644782
0.00629854
0.00612473
0.00593098
0.00572231
0.00550418
0.00528232
0.00506268
0.00485132
0.00465426
0.00447739
0.00432634
0.00420607
0.00412134
0.00408093
0.00409068
0.000695726
0.000563813
0.000428788
0.000286919
0.000135189
-2.16329e-05
-0.000178944
-0.000333006
-0.000480484
-0.000618457
-0.000744452
-0.000856424
-0.000952701
-0.00103194
-0.00109305
-0.00113517
-0.00115759
-0.00115973
-0.00114112
-0.00110136
-0.00104013
-0.000957172
-0.000852292
-0.00072538
-0.000576425
-0.000405528
-0.000212927
9.76752e-07
0.000235592
0.000490115
0.000763504
0.00105446
0.00136141
0.0016825
0.00201558
0.0023582
0.00270764
0.00306092
0.00341479
0.00376584
0.00411046
0.00444495
0.00476558
0.00506862
0.00535046
0.00560767
0.00583707
0.00603583
0.00620154
0.00633228
0.00642668
0.00648401
0.00650415
0.0064877
0.00643593
0.00635081
0.00623496
0.00609164
0.00592468
0.00573842
0.00553763
0.00532743
0.00511317
0.00490035
0.00469453
0.00450119
0.00432565
0.00417296
0.00404768
0.00395422
0.00389903
0.00388588
0.000953455
0.000774861
0.000609502
0.000449156
0.000285454
0.000122001
-3.75837e-05
-0.0001907
-0.000335015
-0.000468444
-0.000589216
-0.000695859
-0.000787166
-0.000862159
-0.000920037
-0.000960138
-0.000981909
-0.000984874
-0.000968617
-0.000932766
-0.000876988
-0.00080099
-0.00070453
-0.000587425
-0.000449574
-0.000290978
-0.000111762
8.77975e-05
0.000307242
0.000545908
0.0008029
0.00107707
0.00136701
0.001671
0.00198705
0.00231288
0.0026459
0.00298326
0.00332186
0.00365839
0.00398935
0.00431114
0.00462008
0.00491253
0.00518492
0.00543383
0.00565611
0.00584892
0.00600985
0.00613695
0.00622883
0.00628468
0.00630436
0.00628839
0.00623796
0.00615495
0.00604187
0.00590185
0.00573856
0.00555616
0.00535918
0.00515248
0.00494111
0.0047302
0.00452492
0.00433031
0.00415122
0.00399221
0.00385753
0.0037512
0.00367691
0.00363584
0.00121879
0.000992187
0.000794238
0.000612564
0.000433688
0.000260252
9.50433e-05
-6.0367e-05
-0.000204572
-0.000336275
-0.00045438
-0.000557987
-0.00064636
-0.000718899
-0.000775106
-0.00081455
-0.000836846
-0.000841635
-0.000828572
-0.000797317
-0.000747535
-0.000678903
-0.00059112
-0.000483927
-0.000357128
-0.00021061
-4.43748e-05
0.000141437
0.00034651
0.000570333
0.000812165
0.00107102
0.00134563
0.00163445
0.00193563
0.00224702
0.00256618
0.00289036
0.00321658
0.0035416
0.003862
0.00417422
0.00447463
0.00475958
0.00502549
0.00526894
0.00548672
0.00567596
0.00583417
0.00595933
0.00604997
0.00610522
0.00612482
0.00610922
0.00605951
0.00597746
0.00586548
0.00572659
0.00556432
0.00538266
0.005186
0.00497896
0.00476636
0.00455307
0.00434393
0.00414366
0.00395672
0.00378727
0.00363934
0.00351664
0.0034199
0.0033477
0.00148148
0.00120665
0.000974945
0.000770115
0.000573849
0.000387982
0.000214599
5.43399e-05
-9.22386e-05
-0.000224578
-0.000342228
-0.000444838
-0.000532137
-0.000603908
-0.000659958
-0.000700094
-0.000724108
-0.000731768
-0.000722804
-0.000696913
-0.000653759
-0.000592985
-0.000514232
-0.000417157
-0.000301458
-0.000166905
-1.33619e-05
0.000159175
0.000350546
0.000560397
0.000788153
0.00103299
0.0012938
0.00156918
0.00185745
0.00215657
0.00246423
0.00277777
0.0030943
0.00341063
0.00372339
0.00402902
0.00432389
0.00460432
0.00486667
0.00510746
0.00532338
0.00551147
0.00566911
0.00579419
0.00588509
0.00594082
0.00596103
0.00594601
0.00589677
0.00581495
0.00570286
0.0055634
0.00539999
0.00521651
0.00501719
0.00480652
0.00458913
0.00436971
0.00415286
0.00394305
0.00374448
0.00356101
0.0033965
0.0032545
0.0031328
0.00302748
0.00173255
0.00140999
0.00114414
0.000915093
0.000699975
0.000499948
0.000316488
0.000149395
-1.55904e-06
-0.000136505
-0.000255598
-0.000359017
-0.000446939
-0.000519519
-0.000576867
-0.000619025
-0.000645966
-0.000657581
-0.000653678
-0.000633988
-0.000598174
-0.000545842
-0.000476566
-0.000389915
-0.000285475
-0.000162884
-2.18645e-05
0.000137744
0.000315946
0.000512556
0.00072717
0.000959127
0.00120749
0.00147102
0.00174815
0.00203699
0.00233532
0.0026406
0.00294996
0.00326028
0.00356817
0.00387009
0.00416234
0.00444117
0.00470287
0.00494381
0.00516057
0.00535003
0.00550942
0.00563645
0.00572935
0.00578695
0.00580875
0.00579491
0.00574626
0.00566435
0.00555137
0.00541009
0.00524386
0.00505645
0.00485199
0.00463487
0.00440962
0.00418078
0.00395283
0.00373008
0.00351655
0.00331589
0.00313195
0.00296818
0.00281962
0.00267994
0.00196408
0.00159474
0.00129486
0.0010411
0.000806257
0.000590906
0.000395998
0.00022056
6.36392e-05
-7.55361e-05
-0.000197694
-0.000303513
-0.000393595
-0.000468455
-0.000528492
-0.000573979
-0.000605059
-0.000621744
-0.000623915
-0.000611332
-0.00058365
-0.000540435
-0.000481186
-0.000405375
-0.000312468
-0.000201964
-7.34316e-05
7.34549e-05
0.000238873
0.000422817
0.000625059
0.000845115
0.00108221
0.00133527
0.00160287
0.00188325
0.00217427
0.00247347
0.00277805
0.00308489
0.0033906
0.00369159
0.00398408
0.00426423
0.00452819
0.00477216
0.00499257
0.00518607
0.00534971
0.00548097
0.00557788
0.00563906
0.00566379
0.00565207
0.00560457
0.00552267
0.00540844
0.00526456
0.00509427
0.00490128
0.00468965
0.00446372
0.00422795
0.00398683
0.00374481
0.0035061
0.00327464
0.00305401
0.00284813
0.0026605
0.00248353
0.00230869
0.00216894
0.00175403
0.0014206
0.00114206
0.000887055
0.000655665
0.000448362
0.000263459
9.93271e-05
-4.54062e-05
-0.000172005
-0.000281619
-0.000375254
-0.000453763
-0.000517819
-0.000567913
-0.000604347
-0.000627245
-0.000636552
-0.000632051
-0.000613378
-0.000580049
-0.000531486
-0.00046705
-0.000386079
-0.000287926
-0.000171992
-3.77783e-05
0.000115078
0.000286756
0.000477218
0.000686162
0.000912993
0.00115679
0.00141627
0.0016898
0.00197535
0.00227053
0.00257256
0.00287834
0.00318445
0.00348723
0.00378281
0.00406721
0.00433639
0.00458638
0.00481337
0.00501378
0.0051844
0.00532244
0.00542568
0.00549247
0.00552187
0.00551363
0.00546823
0.00538688
0.00527152
0.00512469
0.00494956
0.00474978
0.00452938
0.00429267
0.00404414
0.00378829
0.00352955
0.00327221
0.00302019
0.00277708
0.00254701
0.00233364
0.00212694
0.00191626
0.00234059
0.00188148
0.00151525
0.00121215
0.000936908
0.000689112
0.000468807
0.000273635
0.000101332
-5.00385e-05
-0.000182246
-0.000296883
-0.000395336
-0.000478771
-0.000548121
-0.000604074
-0.000647083
-0.000677366
-0.000694922
-0.000699545
-0.000690846
-0.000668279
-0.000631175
-0.00057878
-0.000510293
-0.000424906
-0.000321848
-0.000200432
-6.01016e-05
9.95222e-05
0.000278597
0.000477017
0.000694368
0.000929898
0.00118248
0.00145061
0.00173235
0.00202537
0.00232696
0.00263398
0.002943
0.00325025
0.00355174
0.00384333
0.00412079
0.00437991
0.0046166
0.004827
0.00500759
0.00515528
0.00526751
0.00534235
0.00537855
0.00537558
0.0053337
0.00525392
0.00513798
0.00498832
0.00480802
0.00460068
0.00437033
0.0041213
0.00385813
0.00358541
0.00330766
0.00302928
0.0027543
0.00248643
0.0022301
0.00198926
0.00175155
0.00150431
0.00247297
0.00197115
0.00157303
0.00124585
0.000950538
0.000686239
0.000452591
0.000246598
6.53953e-05
-9.34894e-05
-0.000232301
-0.000353049
-0.000457474
-0.000547038
-0.000622909
-0.000685959
-0.00073677
-0.000775644
-0.000802619
-0.000817486
-0.000819818
-0.000808998
-0.000784257
-0.000744712
-0.000689413
-0.00061738
-0.000527657
-0.000419359
-0.000291722
-0.000144156
2.3707e-05
0.000211965
0.000420402
0.000648445
0.00089513
0.00115908
0.00143848
0.00173106
0.00203414
0.0023446
0.00265893
0.00297328
0.00328353
0.00358532
0.0038742
0.00414569
0.00439541
0.00461914
0.004813
0.00497355
0.00509784
0.00518358
0.00522917
0.00523375
0.0051973
0.00512057
0.00500511
0.00485322
0.00466788
0.00445266
0.00421159
0.00394907
0.00366975
0.00337834
0.00307956
0.00277798
0.00247785
0.00218307
0.00189851
0.00162851
0.00135845
0.00107375
0.00256036
0.00201742
0.00158848
0.00123787
0.00092285
0.000642159
0.000395032
0.000177865
-1.27845e-05
-0.000179897
-0.000326169
-0.000454001
-0.000565468
-0.000662302
-0.00074589
-0.000817266
-0.000877124
-0.000925834
-0.000963458
-0.000989772
-0.0010043
-0.00100633
-0.000994999
-0.000969271
-0.000928037
-0.000870135
-0.000794411
-0.000699767
-0.000585219
-0.000449951
-0.000293371
-0.000115159
8.46771e-05
0.000305761
0.000547306
0.000808081
0.00108639
0.00138005
0.00168642
0.00200237
0.00232435
0.00264839
0.00297021
0.00328527
0.00358884
0.00387613
0.00414241
0.00438309
0.00459387
0.00477087
0.00491071
0.00501067
0.00506873
0.00508365
0.00505506
0.00498341
0.00487002
0.00471701
0.00452725
0.00430428
0.00405216
0.00377538
0.00347872
0.00316712
0.00284553
0.0025188
0.00219147
0.00186775
0.00155303
0.00125213
0.000948259
0.000624905
0.00259736
0.00201498
0.0015564
0.00118313
0.000848932
0.000552118
0.000291537
6.29948e-05
-0.000137506
-0.000313432
-0.000467912
-0.000603716
-0.000723227
-0.000828433
-0.000920913
-0.00100185
-0.00107202
-0.00113187
-0.00118144
-0.0012205
-0.00124849
-0.00126463
-0.0012679
-0.00125713
-0.00123103
-0.00118824
-0.0011274
-0.00104719
-0.00094638
-0.000823914
-0.00067896
-0.000510958
-0.000319687
-0.000105309
0.000131584
0.000389929
0.000668164
0.000964213
0.00127547
0.00159882
0.00193066
0.00226693
0.00260317
0.00293461
0.00325624
0.00356294
0.00384958
0.00411113
0.00434283
0.00454029
0.00469965
0.00481766
0.00489182
0.00492043
0.00490271
0.00483875
0.00472958
0.00457712
0.00438409
0.00415399
0.00389092
0.0035995
0.00328468
0.00295167
0.00260573
0.00225208
0.00189562
0.00154098
0.00119414
0.000860536
0.000521174
0.00015762
0.00257883
0.00195879
0.00147184
0.0010768
0.000724063
0.000411518
0.00013763
-0.000102373
-0.000313022
-0.000498257
-0.000661612
-0.000806211
-0.000934727
-0.00104938
-0.00115192
-0.00124366
-0.00132547
-0.0013978
-0.00146071
-0.00151391
-0.00155677
-0.0015884
-0.00160764
-0.00161315
-0.00160347
-0.00157701
-0.0015322
-0.00146745
-0.00138131
-0.00127244
-0.00113976
-0.00098244
-0.000800012
-0.000592398
-0.000359973
-0.000103605
0.000175302
0.000474789
0.000792327
0.00112482
0.00146862
0.00181956
0.00217303
0.00252401
0.0028672
0.0031971
0.00350813
0.00379481
0.00405182
0.00427422
0.00445756
0.00459801
0.00469249
0.00473878
0.00473557
0.00468255
0.00458039
0.00443073
0.00423616
0.00400008
0.00372665
0.00342062
0.00308719
0.00273185
0.00236026
0.00197807
0.00159064
0.0012031
0.00082214
0.000453884
7.71101e-05
-0.000328591
0.00249989
0.00184404
0.00133009
0.000914264
0.000543722
0.000215931
-7.10271e-05
-0.000322489
-0.000543508
-0.000738475
-0.00091132
-0.0010655
-0.00120395
-0.00132911
-0.0014429
-0.00154673
-0.00164152
-0.00172776
-0.00180549
-0.00187434
-0.00193361
-0.00198228
-0.00201904
-0.00204237
-0.00205061
-0.00204195
-0.00201456
-0.00196662
-0.00189637
-0.00180223
-0.0016828
-0.00153698
-0.00136402
-0.00116358
-0.000935776
-0.000681264
-0.000401255
-9.75598e-05
0.000227391
0.000570544
0.00092823
0.0012962
0.00166967
0.00204338
0.00241172
0.00276877
0.0031085
0.00342488
0.00371201
0.00396431
0.00417664
0.00434452
0.0044642
0.0045328
0.00454846
0.00451032
0.00441864
0.00427473
0.00408096
0.00384065
0.00355798
0.00323784
0.00288571
0.00250743
0.00210911
0.00169692
0.00127678
0.000854367
0.000437195
3.21755e-05
-0.000384217
-0.000834452
0.00235588
0.00166619
0.0011267
0.000691139
0.000303601
-3.88766e-05
-0.000338602
-0.000601461
-0.000833016
-0.0010381
-0.00122101
-0.00138552
-0.00153484
-0.00167158
-0.00179782
-0.00191505
-0.00202426
-0.00212591
-0.00222003
-0.00230617
-0.00238354
-0.00245097
-0.00250699
-0.0025499
-0.00257781
-0.00258868
-0.00258042
-0.00255092
-0.00249815
-0.00242019
-0.00231536
-0.00218224
-0.00201977
-0.00182729
-0.00160466
-0.00135226
-0.00107108
-0.000762741
-0.000429545
-7.44693e-05
0.000298824
0.000686014
0.00108217
0.00148179
0.00187892
0.00226725
0.00264022
0.00299122
0.00331369
0.00360133
0.00384827
0.00404921
0.00419966
0.00429598
0.00433561
0.00431708
0.00424012
0.00410564
0.00391572
0.00367356
0.00338334
0.00305012
0.00267963
0.00227815
0.00185229
0.0014088
0.000954245
0.000494977
3.94089e-05
-0.00040467
-0.000863197
-0.00136081
0.0021424
0.00142094
0.000857445
0.000403283
-3.78677e-07
-0.000356929
-0.000669068
-0.000943221
-0.00118544
-0.00140099
-0.00159453
-0.00177013
-0.00193124
-0.00208066
-0.00222058
-0.00235259
-0.00247769
-0.00259636
-0.00270855
-0.00281377
-0.00291107
-0.00299916
-0.0030764
-0.00314088
-0.00319047
-0.00322289
-0.00323576
-0.00322669
-0.00319332
-0.00313341
-0.00304493
-0.00292612
-0.00277557
-0.00259229
-0.00237581
-0.0021262
-0.00184419
-0.00153116
-0.00118925
-0.000821306
-0.000430955
-2.2555e-05
0.000398826
0.000827469
0.00125709
0.00168093
0.00209191
0.00248276
0.00284622
0.00317517
0.0034629
0.00370324
0.00389077
0.00402102
0.00409057
0.00409723
0.00404009
0.00391955
0.00373733
0.00349644
0.00320103
0.00285629
0.00246828
0.00204371
0.00158977
0.00111387
0.000623297
0.000125163
-0.000371101
-0.000856731
-0.00136023
-0.00190856
0.0018553
0.00110426
0.000518387
4.68118e-05
-0.000372047
-0.000742013
-0.00106618
-0.00135149
-0.0016045
-0.00183085
-0.00203558
-0.00222303
-0.00239687
-0.00256009
-0.00271497
-0.00286318
-0.00300574
-0.00314311
-0.00327519
-0.00340138
-0.00352063
-0.00363148
-0.0037321
-0.00382037
-0.00389393
-0.00395021
-0.00398656
-0.00400025
-0.00398859
-0.00394899
-0.00387904
-0.00377661
-0.00363988
-0.00346751
-0.00325863
-0.00301298
-0.00273094
-0.00241364
-0.00206296
-0.00168159
-0.00127306
-0.000841736
-0.00039278
6.78828e-05
0.000533643
0.000997308
0.00145123
0.00188746
0.00229795
0.0026747
0.00301005
0.00329681
0.00352856
0.00369979
0.00380614
0.00384451
0.00381322
0.00371206
0.00354227
0.00330659
0.00300909
0.00265508
0.00225092
0.00180382
0.00132157
0.000812358
0.000284256
-0.000254761
-0.000794129
-0.00132401
-0.00187565
-0.0024785
0.00149071
0.000712399
0.000105862
-0.000381876
-0.000814963
-0.00119765
-0.00153343
-0.00182976
-0.00209365
-0.00233115
-0.00254762
-0.00274769
-0.00293524
-0.0031134
-0.00328457
-0.00345047
-0.00361213
-0.00376999
-0.00392387
-0.00407309
-0.00421646
-0.00435234
-0.00447873
-0.00459328
-0.00469336
-0.00477614
-0.00483864
-0.0048778
-0.00489057
-0.00487397
-0.00482519
-0.00474167
-0.00462119
-0.00446194
-0.00426265
-0.00402265
-0.00374193
-0.00342127
-0.00306225
-0.00266735
-0.00223994
-0.00178433
-0.00130574
-0.000810253
-0.000304794
0.000203009
0.000704931
0.00119231
0.00165624
0.00208777
0.00247817
0.00281913
0.00310305
0.00332325
0.00347425
0.00355188
0.00355353
0.00347821
0.00332657
0.00310097
0.00280532
0.00244503
0.00202674
0.00155816
0.00104778
0.000504595
-6.2417e-05
-0.000644326
-0.00122931
-0.00180633
-0.00240962
-0.00307129
0.00104507
0.000241929
-0.000383482
-0.000886081
-0.00133239
-0.00172708
-0.00207404
-0.00238123
-0.0026561
-0.00290509
-0.00313388
-0.00334736
-0.0035496
-0.00374389
-0.00393273
-0.00411786
-0.00430034
-0.00448056
-0.00465829
-0.00483272
-0.00500254
-0.00516593
-0.00532069
-0.00546424
-0.00559368
-0.00570589
-0.00579756
-0.00586528
-0.0059056
-0.00591514
-0.00589065
-0.0058291
-0.00572779
-0.00558445
-0.00539732
-0.00516523
-0.00488776
-0.00456523
-0.00419889
-0.00379089
-0.00334439
-0.00286358
-0.00235365
-0.00182083
-0.00127231
-0.000716135
-0.00016111
0.000383357
0.00090746
0.00140121
0.0018547
0.00225836
0.00260326
0.00288139
0.00308593
0.00321148
0.00325429
0.00321241
0.00308575
0.00287615
0.00258728
0.00222454
0.00179486
0.00130646
0.000768563
0.000191062
-0.000416073
-0.00104285
-0.00167604
-0.00230329
-0.00296206
-0.00368736
0.000515168
-0.000310251
-0.000952667
-0.00146877
-0.00192725
-0.00233321
-0.0026909
-0.00300879
-0.00329474
-0.00355557
-0.00379727
-0.00402496
-0.00424291
-0.00445455
-0.00466246
-0.00486843
-0.00507352
-0.00527807
-0.00548178
-0.00568374
-0.00588248
-0.00607603
-0.00626197
-0.00643748
-0.00659939
-0.00674428
-0.00686848
-0.00696822
-0.00703964
-0.00707891
-0.0070823
-0.00704629
-0.00696767
-0.0068436
-0.00667179
-0.00645053
-0.00617886
-0.00585663
-0.0054846
-0.00506455
-0.00459934
-0.00409293
-0.00355046
-0.0029782
-0.00238355
-0.00177495
-0.00116177
-0.000554191
3.70503e-05
0.000600847
0.00112601
0.00160159
0.00201715
0.00236315
0.00263123
0.00281453
0.00290796
0.00290838
0.00281478
0.00262828
0.00235219
0.00199183
0.00155434
0.00104848
0.000484219
-0.000127565
-0.000775813
-0.00144935
-0.0021334
-0.00281416
-0.00353256
-0.00432677
-0.000101853
-0.000946878
-0.00160435
-0.00213257
-0.00260215
-0.0030186
-0.00338658
-0.00371499
-0.00401213
-0.00428515
-0.00454033
-0.00478305
-0.00501775
-0.00524798
-0.0054764
-0.00570486
-0.00593439
-0.00616531
-0.00639723
-0.00662913
-0.00685942
-0.00708593
-0.00730605
-0.0075167
-0.00771445
-0.00789554
-0.00805597
-0.00819157
-0.00829803
-0.00837107
-0.00840644
-0.00840008
-0.0083482
-0.00824739
-0.00809471
-0.00788785
-0.00762525
-0.00730615
-0.00693079
-0.00650045
-0.00601758
-0.00548584
-0.0049102
-0.00429689
-0.00365347
-0.00298871
-0.00231252
-0.00163583
-0.000970352
-0.000328374
0.000277551
0.00083492
0.00133165
0.00175645
0.00209921
0.00235136
0.00250618
0.00255912
0.00250799
0.00235302
0.00209695
0.0017449
0.00130418
0.000784018
0.000195197
-0.000450373
-0.00114043
-0.0018625
-0.00260009
-0.00333777
-0.00412027
-0.00498917
-0.00080844
-0.00167029
-0.00234082
-0.00287971
-0.00335929
-0.00378546
-0.00416325
-0.00450201
-0.00481043
-0.00509599
-0.00536525
-0.0056238
-0.00587628
-0.00612635
-0.00637675
-0.00662936
-0.00688521
-0.00714457
-0.007407
-0.00767136
-0.00793591
-0.00819833
-0.00845578
-0.00870495
-0.00894212
-0.00916321
-0.00936387
-0.00953949
-0.00968534
-0.00979662
-0.00986854
-0.00989647
-0.00987598
-0.00980299
-0.00967392
-0.00948574
-0.00923618
-0.00892383
-0.00854826
-0.00811016
-0.00761146
-0.00705541
-0.00644667
-0.00579136
-0.00509709
-0.00437288
-0.00362914
-0.00287752
-0.00213072
-0.00140224
-0.000706106
-5.64797e-05
0.000532716
0.00104824
0.00147796
0.00181131
0.00203969
0.00215684
0.00215908
0.00204551
0.00181809
0.00148157
0.00104331
0.000512964
-9.78607e-05
-0.000776153
-0.00150835
-0.00228054
-0.00307432
-0.00387246
-0.00472382
-0.00567365
-0.00160661
-0.00248242
-0.00316393
-0.00371203
-0.00420047
-0.00463557
-0.0050227
-0.00537163
-0.0056914
-0.00598983
-0.00627374
-0.00654894
-0.00682022
-0.00709136
-0.00736519
-0.0076436
-0.00792765
-0.00821757
-0.00851282
-0.0088122
-0.0091138
-0.00941516
-0.00971322
-0.0100044
-0.0102848
-0.0105499
-0.0107951
-0.0110152
-0.0112051
-0.0113595
-0.011473
-0.0115404
-0.0115564
-0.0115165
-0.0114162
-0.0112516
-0.0110199
-0.0107187
-0.0103468
-0.00990436
-0.00939251
-0.00881399
-0.00817307
-0.00747559
-0.0067291
-0.00594278
-0.00512744
-0.00429542
-0.00346037
-0.00263705
-0.001841
-0.00108819
-0.000394546
0.000224517
0.000754596
0.00118283
0.0014984
0.00169297
0.00176108
0.00170038
0.00151177
0.00119943
0.000770594
0.000235294
-0.000394079
-0.00110335
-0.00187755
-0.00270117
-0.00355372
-0.00441594
-0.0053412
-0.00637867
-0.00249791
-0.00338474
-0.00407512
-0.00463092
-0.0051271
-0.00557031
-0.00596629
-0.00632517
-0.00665636
-0.00696797
-0.00726707
-0.00755967
-0.00785072
-0.00814413
-0.00844279
-0.00874865
-0.00906275
-0.00938529
-0.00971569
-0.0100526
-0.0103941
-0.0107375
-0.0110795
-0.0114164
-0.0117439
-0.0120572
-0.0123513
-0.0126207
-0.0128597
-0.0130624
-0.013223
-0.0133353
-0.0133937
-0.0133926
-0.0133267
-0.0131915
-0.0129831
-0.0126982
-0.012335
-0.0118924
-0.011371
-0.0107728
-0.0101015
-0.00936264
-0.00856341
-0.00771309
-0.00682279
-0.00590543
-0.00497557
-0.00404923
-0.00314353
-0.00227631
-0.00146567
-0.00072943
-8.4536e-05
0.000453531
0.000871366
0.0011582
0.00130637
0.00131173
0.00117379
0.000895863
0.000484883
-4.88878e-05
-0.000692303
-0.00142999
-0.00224547
-0.0031215
-0.00403524
-0.00496523
-0.00596964
-0.00710191
-0.0034834
-0.00437827
-0.00507537
-0.00563737
-0.00614013
-0.00659063
-0.00699494
-0.00736354
-0.00770617
-0.00803121
-0.00834598
-0.00865668
-0.00896842
-0.00928521
-0.00961003
-0.00994487
-0.0102908
-0.010648
-0.0110158
-0.0113928
-0.011777
-0.0121654
-0.0125548
-0.0129411
-0.0133196
-0.0136855
-0.0140331
-0.0143567
-0.01465
-0.0149066
-0.0151199
-0.0152833
-0.0153901
-0.0154341
-0.0154091
-0.0153096
-0.0151307
-0.0148682
-0.0145192
-0.0140818
-0.0135554
-0.0129414
-0.0122427
-0.0114641
-0.0106127
-0.00969744
-0.00872968
-0.00772278
-0.00669215
-0.00565501
-0.00463006
-0.0036371
-0.00269656
-0.00182884
-0.00105373
-0.000389674
0.000146954
0.000542514
0.000786724
0.000873157
0.000799575
0.000568072
0.000185003
-0.00033931
-0.000991046
-0.00175362
-0.00260896
-0.00353791
-0.00451505
-0.00551645
-0.0066055
-0.00784016
-0.00456364
-0.00546353
-0.00616522
-0.0067319
-0.00724006
-0.00769701
-0.0081091
-0.00848716
-0.00884119
-0.00917985
-0.00951068
-0.00984007
-0.0101733
-0.0105145
-0.0108666
-0.0112319
-0.0116113
-0.012005
-0.0124123
-0.0128319
-0.0132614
-0.013698
-0.014138
-0.0145772
-0.0150109
-0.0154336
-0.0158395
-0.0162223
-0.0165752
-0.0168914
-0.0171635
-0.0173842
-0.0175461
-0.017642
-0.0176648
-0.0176079
-0.0174655
-0.0172322
-0.016904
-0.0164778
-0.0159521
-0.0153272
-0.014605
-0.0137897
-0.0128877
-0.0119077
-0.0108611
-0.00976142
-0.00862489
-0.0074698
-0.00631643
-0.00518657
-0.00410307
-0.00308913
-0.00216764
-0.00136034
-0.000687019
-0.000164646
0.00019337
0.000377838
0.000384265
0.000213116
-0.000130177
-0.000635473
-0.00128841
-0.00207122
-0.00296413
-0.00394595
-0.0049884
-0.00606479
-0.0072441
-0.00858916
-0.00573865
-0.00664057
-0.0073447
-0.00791456
-0.00842697
-0.0088895
-0.0093088
-0.00969597
-0.0100613
-0.0104137
-0.0107608
-0.0111094
-0.0114647
-0.0118311
-0.0122117
-0.0126085
-0.0130229
-0.0134548
-0.0139036
-0.0143679
-0.0148453
-0.0153328
-0.0158267
-0.0163224
-0.0168151
-0.0172989
-0.0177677
-0.0182147
-0.0186328
-0.0190144
-0.0193515
-0.019636
-0.0198598
-0.0200147
-0.0200926
-0.0200859
-0.0199875
-0.0197909
-0.0194908
-0.019083
-0.0185646
-0.0179347
-0.0171943
-0.0163464
-0.0153968
-0.0143536
-0.0132278
-0.0120334
-0.0107869
-0.00950764
-0.00821739
-0.00693992
-0.00570055
-0.00452546
-0.00344087
-0.00247219
-0.00164303
-0.000974207
-0.000482814
-0.000181381
-7.7221e-05
-0.000172011
-0.000461675
-0.00093658
-0.00158202
-0.00237909
-0.0033063
-0.00434023
-0.00544947
-0.00660426
-0.00787959
-0.00934341
-0.00700791
-0.00790892
-0.00861342
-0.00918497
-0.00970046
-0.0101677
-0.0105936
-0.0109894
-0.0113658
-0.0117319
-0.0120955
-0.0124634
-0.0128413
-0.0132335
-0.0136433
-0.0140728
-0.0145232
-0.0149948
-0.0154869
-0.0159978
-0.0165254
-0.0170664
-0.0176171
-0.0181727
-0.0187279
-0.019277
-0.0198132
-0.0203294
-0.020818
-0.0212707
-0.0216791
-0.0220341
-0.0223268
-0.0225481
-0.0226888
-0.0227401
-0.0226938
-0.022542
-0.0222782
-0.0218966
-0.0213931
-0.0207653
-0.020013
-0.019138
-0.018145
-0.0170415
-0.0158379
-0.0145481
-0.0131889
-0.0117805
-0.0103459
-0.00891089
-0.00750325
-0.0061522
-0.00488755
-0.0037387
-0.00273351
-0.00189718
-0.00125111
-0.0008118
-0.000590043
-0.000590273
-0.000810306
-0.00124143
-0.00186888
-0.00267275
-0.0036298
-0.00471423
-0.0058912
-0.00712758
-0.00850473
-0.010096
-0.00837038
-0.00926765
-0.00997048
-0.0105423
-0.0110597
-0.0115307
-0.0119625
-0.0123666
-0.0127537
-0.0131332
-0.0135131
-0.0139006
-0.0143012
-0.0147195
-0.0151589
-0.0156217
-0.0161091
-0.0166214
-0.017158
-0.0177174
-0.018297
-0.0188939
-0.0195039
-0.0201223
-0.0207436
-0.0213617
-0.0219696
-0.0225598
-0.023124
-0.0236536
-0.0241393
-0.0245714
-0.02494
-0.0252351
-0.0254464
-0.0255639
-0.0255781
-0.0254798
-0.0252609
-0.0249142
-0.024434
-0.0238165
-0.0230598
-0.0221644
-0.0211338
-0.0199743
-0.0186958
-0.0173115
-0.0158385
-0.0142974
-0.0127124
-0.0111111
-0.00952356
-0.00798226
-0.00652071
-0.00517256
-0.00397039
-0.00294431
-0.00212065
-0.00152063
-0.00115925
-0.00104443
-0.00117653
-0.00154831
-0.0021453
-0.0029468
-0.00392785
-0.00506016
-0.00630517
-0.00762597
-0.00911073
-0.0108385
-0.00982448
-0.0107153
-0.0114146
-0.0119852
-0.0125035
-0.0129774
-0.0134143
-0.013826
-0.0142233
-0.0146157
-0.0150117
-0.0154183
-0.0158415
-0.0162859
-0.0167551
-0.0172514
-0.0177763
-0.01833
-0.0189121
-0.0195209
-0.0201542
-0.0208086
-0.0214802
-0.022164
-0.0228544
-0.023545
-0.0242285
-0.0248969
-0.0255417
-0.0261534
-0.0267223
-0.0272379
-0.0276894
-0.0280656
-0.0283553
-0.0285473
-0.0286307
-0.0285948
-0.0284299
-0.0281274
-0.0276797
-0.0270814
-0.0263289
-0.0254211
-0.02436
-0.0231505
-0.0218015
-0.0203255
-0.0187393
-0.0170637
-0.0153239
-0.0135489
-0.0117713
-0.0100264
-0.0083516
-0.00678512
-0.00536458
-0.00412557
-0.00310002
-0.00231465
-0.00178951
-0.00153683
-0.0015603
-0.0018548
-0.00240667
-0.00319473
-0.0041924
-0.00536879
-0.00668132
-0.00808893
-0.00968701
-0.0115605
-0.0113681
-0.0122501
-0.012944
-0.0135122
-0.0140302
-0.014506
-0.0149472
-0.0153657
-0.0157724
-0.0161772
-0.0165885
-0.0170138
-0.0174589
-0.017929
-0.0184275
-0.0189572
-0.0195194
-0.0201147
-0.0207426
-0.0214016
-0.0220894
-0.0228028
-0.0235376
-0.0242889
-0.0250508
-0.0258167
-0.0265791
-0.0273297
-0.0280594
-0.0287583
-0.0294158
-0.0300209
-0.0305617
-0.0310263
-0.0314021
-0.0316768
-0.0318379
-0.0318734
-0.031772
-0.0315232
-0.0311179
-0.0305485
-0.0298097
-0.0288987
-0.0278154
-0.0265635
-0.0251502
-0.023587
-0.0218902
-0.0200804
-0.0181833
-0.0162292
-0.0142527
-0.0122922
-0.0103889
-0.00858554
-0.00692527
-0.00544961
-0.0041968
-0.00319985
-0.00248478
-0.00206911
-0.00196077
-0.00215757
-0.00264731
-0.00340875
-0.00441387
-0.00562918
-0.00700775
-0.008504
-0.0102209
-0.0122496
-0.0129987
-0.0138696
-0.0145566
-0.0151212
-0.0156378
-0.0161146
-0.0165591
-0.0169834
-0.0173987
-0.0178148
-0.0182404
-0.0186832
-0.0191494
-0.019644
-0.020171
-0.0207332
-0.0213322
-0.0219686
-0.0226421
-0.0233513
-0.0240939
-0.0248668
-0.0256659
-0.026486
-0.0273213
-0.0281649
-0.029009
-0.029845
-0.0306633
-0.0314537
-0.0322048
-0.0329048
-0.0335411
-0.0341006
-0.0345698
-0.0349349
-0.0351822
-0.0352981
-0.0352696
-0.0350844
-0.0347314
-0.0342013
-0.0334866
-0.0325823
-0.0314865
-0.0302009
-0.0287311
-0.0270873
-0.0252844
-0.0233427
-0.0212881
-0.0191517
-0.0169698
-0.0147835
-0.0126377
-0.0105801
-0.00865919
-0.00692308
-0.00541691
-0.00418086
-0.00324789
-0.00264188
-0.00237605
-0.00245214
-0.00286022
-0.00357953
-0.00458098
-0.00582847
-0.00727048
-0.00885649
-0.0106975
-0.0128909
-0.0147133
-0.0155712
-0.0162499
-0.0168099
-0.0173241
-0.0178009
-0.0182477
-0.0186767
-0.0190992
-0.0195252
-0.0199637
-0.0204225
-0.020908
-0.0214257
-0.0219797
-0.0225729
-0.0232072
-0.0238836
-0.0246017
-0.0253604
-0.0261575
-0.0269899
-0.0278534
-0.028743
-0.0296527
-0.0305755
-0.0315033
-0.0324272
-0.0333373
-0.0342227
-0.0350716
-0.0358713
-0.0366085
-0.037269
-0.0378382
-0.0383011
-0.0386425
-0.0388474
-0.0389009
-0.038789
-0.0384986
-0.0380182
-0.0373382
-0.0364515
-0.0353539
-0.0340448
-0.0325279
-0.0308114
-0.0289091
-0.0268402
-0.0246302
-0.0223105
-0.019919
-0.017499
-0.015099
-0.012771
-0.0105697
-0.00854981
-0.00676398
-0.00526039
-0.00408003
-0.00325425
-0.00280282
-0.00273255
-0.00303676
-0.00369598
-0.00468044
-0.00595159
-0.00745314
-0.00912919
-0.0110991
-0.0134669
-0.0165084
-0.0173519
-0.0180213
-0.0185758
-0.0190867
-0.0195624
-0.0200103
-0.0204426
-0.0208707
-0.0213049
-0.0217542
-0.0222268
-0.0227295
-0.0232679
-0.0238465
-0.0244686
-0.0251362
-0.0258505
-0.0266115
-0.0274181
-0.0282684
-0.0291593
-0.0300868
-0.0310457
-0.0320301
-0.0330327
-0.0340454
-0.0350589
-0.0360629
-0.0370461
-0.037996
-0.0388994
-0.0397419
-0.0405087
-0.0411838
-0.0417511
-0.042194
-0.0424958
-0.04264
-0.0426107
-0.0423929
-0.0419727
-0.0413384
-0.0404804
-0.0393922
-0.0380707
-0.0365173
-0.0347381
-0.0327449
-0.0305556
-0.0281946
-0.0256936
-0.0230909
-0.0204319
-0.017768
-0.015156
-0.0126561
-0.01033
-0.00823847
-0.00643851
-0.00498009
-0.00390333
-0.00323589
-0.00299097
-0.00316638
-0.00374486
-0.00469662
-0.00598097
-0.00753664
-0.00930199
-0.0114052
-0.0139569
-0.0183804
-0.0192086
-0.019868
-0.0204162
-0.0209231
-0.0213966
-0.0218442
-0.0222781
-0.0227098
-0.0231498
-0.0236074
-0.024091
-0.0246079
-0.025164
-0.0257641
-0.0264118
-0.0271097
-0.0278591
-0.0286603
-0.0295125
-0.0304138
-0.0313614
-0.0323513
-0.0333785
-0.0344368
-0.035519
-0.0366167
-0.0377205
-0.0388197
-0.0399024
-0.0409557
-0.0419657
-0.0429172
-0.0437944
-0.0445804
-0.0452577
-0.0458084
-0.0462142
-0.0464571
-0.0465191
-0.0463832
-0.0460334
-0.0454556
-0.0446376
-0.0435703
-0.0422482
-0.0406699
-0.0388391
-0.0367653
-0.0344644
-0.0319595
-0.0292814
-0.0264688
-0.0235684
-0.0206341
-0.0177268
-0.0149122
-0.0122592
-0.00983692
-0.00771185
-0.00594404
-0.00458365
-0.00366767
-0.00321726
-0.00323614
-0.00371045
-0.00461126
-0.00589613
-0.00749881
-0.00935158
-0.0115919
-0.0143369
-0.0203252
-0.0211379
-0.021787
-0.0223285
-0.0228306
-0.0233008
-0.0237466
-0.0241801
-0.0246129
-0.0250557
-0.0255183
-0.0260093
-0.0265366
-0.0271063
-0.0277239
-0.0283934
-0.0291175
-0.0298982
-0.0307359
-0.0316302
-0.0325794
-0.0335809
-0.0346308
-0.0357241
-0.0368547
-0.0380152
-0.0391973
-0.040391
-0.0415855
-0.0427685
-0.0439265
-0.0450449
-0.0461078
-0.0470985
-0.0479991
-0.0487909
-0.0494547
-0.0499707
-0.0503191
-0.0504801
-0.0504348
-0.0501648
-0.0496535
-0.0488865
-0.0478518
-0.0465411
-0.0449501
-0.0430798
-0.0409369
-0.038535
-0.0358953
-0.0330472
-0.0300288
-0.0268875
-0.0236794
-0.0204685
-0.0173259
-0.0143274
-0.0115509
-0.00907276
-0.00696409
-0.0052864
-0.00408759
-0.00339847
-0.0032303
-0.00357414
-0.00440299
-0.00567333
-0.00731403
-0.00925099
-0.0116313
-0.0145788
-0.0223389
-0.0231365
-0.0237755
-0.0243102
-0.0248068
-0.0252725
-0.0257147
-0.0261453
-0.0265762
-0.0270183
-0.0274818
-0.0279758
-0.0285086
-0.0290871
-0.0297171
-0.0304031
-0.0311485
-0.0319555
-0.032825
-0.0337569
-0.0347499
-0.0358014
-0.0369078
-0.0380642
-0.0392643
-0.040501
-0.0417655
-0.0430478
-0.0443367
-0.0456195
-0.0468823
-0.0481098
-0.0492855
-0.0503916
-0.0514093
-0.0523189
-0.0530997
-0.0537306
-0.0541901
-0.0544567
-0.0545093
-0.0543274
-0.0538922
-0.0531863
-0.0521952
-0.0509076
-0.0493163
-0.047419
-0.0452196
-0.0427288
-0.0399651
-0.0369562
-0.033739
-0.0303605
-0.0268781
-0.0233587
-0.019878
-0.0165183
-0.0133662
-0.0105084
-0.00802788
-0.00599875
-0.00448142
-0.00351819
-0.00312981
-0.00331394
-0.00404694
-0.00528512
-0.00695273
-0.00896913
-0.0114915
-0.0146504
-0.0244173
-0.0252011
-0.0258308
-0.0263588
-0.0268495
-0.0273095
-0.027746
-0.0281709
-0.0285962
-0.0290331
-0.0294925
-0.029984
-0.0305165
-0.0310976
-0.0317338
-0.0324301
-0.0331906
-0.0340179
-0.0349135
-0.0358775
-0.036909
-0.0380057
-0.039164
-0.0403793
-0.0416453
-0.0429548
-0.0442988
-0.0456673
-0.0470486
-0.0484298
-0.0497963
-0.0511323
-0.0524207
-0.0536428
-0.0547788
-0.055808
-0.0567084
-0.0574575
-0.0580323
-0.0584095
-0.058566
-0.0584794
-0.0581281
-0.0574925
-0.0565551
-0.0553017
-0.0537219
-0.0518102
-0.0495671
-0.0470002
-0.0441249
-0.0409663
-0.0375594
-0.0339503
-0.0301966
-0.0263672
-0.0225416
-0.0188082
-0.0152618
-0.0119998
-0.0091176
-0.00670297
-0.00483051
-0.00355596
-0.00291165
-0.00290393
-0.00351421
-0.00469983
-0.00638096
-0.00847036
-0.0111358
-0.0145144
-0.0265563
-0.0273286
-0.0279506
-0.0284726
-0.028957
-0.0294099
-0.0298383
-0.030254
-0.0306692
-0.0310958
-0.031545
-0.0320274
-0.0325526
-0.033129
-0.0337639
-0.0344631
-0.0352312
-0.0360716
-0.0369863
-0.0379757
-0.0390394
-0.0401753
-0.0413801
-0.0426491
-0.0439763
-0.0453542
-0.0467739
-0.0482251
-0.0496958
-0.0511726
-0.0526407
-0.0540835
-0.0554833
-0.0568206
-0.0580747
-0.0592239
-0.060245
-0.0611141
-0.0618067
-0.0622979
-0.0625627
-0.0625766
-0.0623157
-0.0617579
-0.0608829
-0.0596736
-0.0581162
-0.056202
-0.0539279
-0.0512978
-0.048324
-0.0450281
-0.0414427
-0.0376119
-0.0335928
-0.0294552
-0.0252815
-0.0211653
-0.0172093
-0.0135211
-0.0102091
-0.00737563
-0.00511104
-0.00348651
-0.00254827
-0.00231368
-0.00277129
-0.00388104
-0.0055598
-0.00771384
-0.0105223
-0.0141284
-0.0287524
-0.0295167
-0.0301331
-0.0306501
-0.031128
-0.0315724
-0.0319899
-0.0323923
-0.0327921
-0.0332019
-0.0336338
-0.0340992
-0.0346087
-0.0351718
-0.0357965
-0.0364898
-0.037257
-0.0381021
-0.0390276
-0.0400348
-0.0411233
-0.0422914
-0.0435361
-0.0448528
-0.0462355
-0.0476766
-0.0491671
-0.0506965
-0.0522524
-0.0538213
-0.0553876
-0.0569344
-0.0584431
-0.0598935
-0.0612642
-0.0625323
-0.0636735
-0.0646628
-0.0654741
-0.0660809
-0.0664565
-0.0665744
-0.0664084
-0.0659341
-0.0651285
-0.0639713
-0.0624458
-0.0605396
-0.0582462
-0.0555655
-0.0525061
-0.0490859
-0.0453342
-0.0412926
-0.0370165
-0.0325755
-0.0280539
-0.0235495
-0.0191718
-0.0150386
-0.011271
-0.0079867
-0.00529316
-0.003279
-0.00200682
-0.00150758
-0.00177948
-0.00278696
-0.00444475
-0.00665304
-0.00960286
-0.0134437
-0.0310021
-0.0317635
-0.0323776
-0.0328909
-0.0333624
-0.0337966
-0.0341998
-0.0345839
-0.0349621
-0.0353475
-0.0357534
-0.0361925
-0.0366765
-0.037216
-0.0378205
-0.0384977
-0.0392539
-0.040094
-0.0410212
-0.0420372
-0.0431422
-0.0443347
-0.0456118
-0.0469692
-0.0484008
-0.049899
-0.0514546
-0.0530568
-0.0546931
-0.0563494
-0.0580096
-0.0596564
-0.0612703
-0.0628307
-0.0643151
-0.0656995
-0.0669589
-0.0680668
-0.0689959
-0.0697181
-0.0702051
-0.0704283
-0.0703597
-0.0699724
-0.0692408
-0.0681418
-0.0666555
-0.0647662
-0.0624634
-0.0597434
-0.0566105
-0.0530787
-0.0491734
-0.0449328
-0.0404098
-0.0356727
-0.0308065
-0.0259118
-0.0211041
-0.0165103
-0.012264
-0.00849878
-0.00534018
-0.00289623
-0.0012484
-0.000444163
-0.00049416
-0.00136978
-0.00298512
-0.00523497
-0.00832319
-0.0124052
-0.0333031
-0.034068
-0.034684
-0.0351959
-0.035661
-0.0360831
-0.036468
-0.0368279
-0.0371767
-0.0375288
-0.0378986
-0.0383003
-0.0387473
-0.0392517
-0.0398241
-0.0404735
-0.0412076
-0.0420318
-0.0429503
-0.0439652
-0.0450772
-0.0462853
-0.0475867
-0.048977
-0.0504502
-0.0519987
-0.053613
-0.0552821
-0.056993
-0.0587311
-0.0604802
-0.062222
-0.0639366
-0.0656025
-0.0671963
-0.0686934
-0.0700674
-0.0712909
-0.0723351
-0.0731707
-0.0737675
-0.0740954
-0.0741244
-0.0738252
-0.0731699
-0.0721326
-0.0706904
-0.0688241
-0.0665198
-0.0637696
-0.0605737
-0.0569418
-0.0528949
-0.0484673
-0.0437083
-0.038684
-0.0334787
-0.0281947
-0.0229519
-0.0178853
-0.0131403
-0.00886632
-0.00520778
-0.00229381
-0.000227298
0.000924706
0.00113589
0.000425081
-0.00112325
-0.00339952
-0.00662152
-0.0109504
-0.0356536
-0.0364306
-0.0370541
-0.0375671
-0.0380261
-0.0384337
-0.0387954
-0.039124
-0.0394344
-0.0397423
-0.0400641
-0.0404158
-0.0408125
-0.0412682
-0.0417951
-0.0424038
-0.043103
-0.0438993
-0.0447975
-0.0458006
-0.0469095
-0.0481236
-0.0494403
-0.0508552
-0.0523623
-0.0539537
-0.0556197
-0.057349
-0.0591281
-0.0609422
-0.0627741
-0.0646053
-0.0664151
-0.0681811
-0.0698793
-0.0714839
-0.0729678
-0.0743022
-0.0754573
-0.0764022
-0.0771055
-0.0775353
-0.0776596
-0.0774472
-0.0768678
-0.0758929
-0.0744967
-0.0726569
-0.0703559
-0.0675819
-0.064331
-0.0606083
-0.0564301
-0.0518263
-0.0468421
-0.0415402
-0.0360028
-0.0303326
-0.0246525
-0.0191039
-0.0138433
-0.00903513
-0.0048433
-0.00141943
0.00110982
0.0026546
0.00316937
0.00265976
0.0012063
-0.00107856
-0.00442798
-0.0090087
-0.0380534
-0.0388534
-0.0394913
-0.0400087
-0.0404618
-0.040852
-0.0411846
-0.0414733
-0.0417343
-0.0419854
-0.0422451
-0.0425319
-0.0428631
-0.0432548
-0.0437212
-0.0442746
-0.0449249
-0.04568
-0.0465455
-0.0475251
-0.0486202
-0.0498302
-0.0511528
-0.0525836
-0.0541163
-0.0557428
-0.0574532
-0.0592357
-0.0610764
-0.0629597
-0.0648682
-0.0667825
-0.0686812
-0.0705412
-0.0723376
-0.0740438
-0.0756315
-0.0770709
-0.0783311
-0.0793799
-0.0801843
-0.0807109
-0.080926
-0.0807965
-0.0802898
-0.0793751
-0.0780238
-0.0762105
-0.0739143
-0.0711196
-0.0678183
-0.064011
-0.0597092
-0.054938
-0.0497376
-0.0441669
-0.0383048
-0.0322526
-0.0261348
-0.0200977
-0.0143071
-0.00894189
-0.00418517
-0.000212068
0.00282474
0.00480939
0.00567324
0.00540488
0.00407769
0.00180495
-0.00166365
-0.00650035
-0.040504
-0.0413406
-0.0420017
-0.0425274
-0.0429746
-0.0433437
-0.0436398
-0.043878
-0.0440764
-0.0442556
-0.0444369
-0.0446415
-0.0448898
-0.0452003
-0.0455894
-0.0460713
-0.0466576
-0.0473572
-0.0481768
-0.0491206
-0.0501904
-0.051386
-0.0527048
-0.0541425
-0.0556924
-0.0573463
-0.0590936
-0.060922
-0.0628173
-0.0647633
-0.0667416
-0.0687323
-0.0707133
-0.0726606
-0.0745484
-0.0763492
-0.0780336
-0.079571
-0.0809292
-0.0820746
-0.0829731
-0.0835895
-0.0838888
-0.0838357
-0.0833958
-0.0825359
-0.0812251
-0.0794349
-0.0771412
-0.0743249
-0.0709739
-0.0670843
-0.0626629
-0.0577296
-0.0523196
-0.0464867
-0.040306
-0.033876
-0.0273208
-0.0207902
-0.0144573
-0.00851415
-0.00316249
0.00139854
0.00498841
0.00746211
0.00872377
0.00874053
0.00757485
0.00533811
0.00176054
-0.00333567
-0.0430092
-0.0438994
-0.0445942
-0.0451329
-0.045574
-0.045917
-0.0461674
-0.046342
-0.0464621
-0.0465515
-0.0466351
-0.0467378
-0.0468833
-0.0470932
-0.0473865
-0.0477794
-0.0482852
-0.0489142
-0.049674
-0.0505693
-0.0516022
-0.0527726
-0.054078
-0.0555135
-0.0570724
-0.0587458
-0.0605226
-0.06239
-0.064333
-0.0663347
-0.0683761
-0.0704364
-0.0724926
-0.07452
-0.0764919
-0.0783798
-0.0801533
-0.0817806
-0.0832284
-0.084462
-0.0854458
-0.0861433
-0.0865178
-0.0865324
-0.0861507
-0.0853375
-0.0840592
-0.082285
-0.0799877
-0.0771448
-0.0737402
-0.0697661
-0.0652245
-0.0601301
-0.0545129
-0.0484212
-0.0419252
-0.0351197
-0.0281268
-0.0210977
-0.0142112
-0.00767049
-0.00169491
0.00349241
0.00768169
0.0106958
0.0124075
0.0127574
0.0117927
0.00961933
0.0059451
0.000586298
-0.0455759
-0.0465409
-0.0472822
-0.0478389
-0.0482731
-0.0485832
-0.0487761
-0.0488712
-0.0488937
-0.0488719
-0.0488354
-0.0488135
-0.0488339
-0.0489216
-0.0490986
-0.0493836
-0.0497915
-0.0503341
-0.0510197
-0.0518535
-0.0528379
-0.0539727
-0.0552551
-0.0566799
-0.0582397
-0.0599251
-0.0617244
-0.0636239
-0.065608
-0.0676588
-0.0697565
-0.0718796
-0.0740041
-0.0761043
-0.0781526
-0.0801195
-0.0819736
-0.083682
-0.0852102
-0.0865224
-0.0875815
-0.0883498
-0.0887888
-0.0888602
-0.0885256
-0.0877479
-0.0864912
-0.0847223
-0.082411
-0.079532
-0.0760656
-0.0719997
-0.067332
-0.0620722
-0.056245
-0.049893
-0.0430809
-0.0358987
-0.0284653
-0.0209313
-0.0134792
-0.00632124
0.000307157
0.00615951
0.0109959
0.0146045
0.0168222
0.0175581
0.0168386
0.0147599
0.0110035
0.00537921
-0.0482149
-0.0492808
-0.050084
-0.0506643
-0.0510894
-0.0513577
-0.0514778
-0.0514733
-0.051375
-0.0512168
-0.051034
-0.0508614
-0.0507313
-0.050673
-0.0507117
-0.0508685
-0.0511603
-0.0516001
-0.052197
-0.0529565
-0.053881
-0.0549701
-0.0562205
-0.0576264
-0.0591798
-0.0608703
-0.0626855
-0.0646109
-0.0666297
-0.0687233
-0.0708711
-0.0730502
-0.075236
-0.0774017
-0.0795187
-0.0815563
-0.0834823
-0.0852624
-0.0868611
-0.0882413
-0.0893646
-0.0901918
-0.0906832
-0.0907984
-0.0904977
-0.0897417
-0.0884927
-0.0867149
-0.0843758
-0.0814468
-0.0779051
-0.073735
-0.0689298
-0.0634944
-0.0574483
-0.0508285
-0.0436937
-0.0361285
-0.0282473
-0.0201986
-0.0121663
-0.00436963
0.0029419
0.0094996
0.0150331
0.0192937
0.0220782
0.0232585
0.022834
0.0208859
0.0170644
0.0111712
-0.0509427
-0.0521417
-0.053025
-0.0536345
-0.0540466
-0.0542604
-0.054288
-0.054159
-0.0539114
-0.0535864
-0.0532268
-0.0528736
-0.0525649
-0.0523344
-0.052211
-0.0522183
-0.0523752
-0.0526957
-0.0531895
-0.0538622
-0.0547161
-0.05575
-0.0569602
-0.0583399
-0.0598802
-0.0615698
-0.0633952
-0.0653407
-0.0673888
-0.0695196
-0.0717113
-0.0739403
-0.0761807
-0.0784047
-0.0805825
-0.0826826
-0.0846714
-0.0865135
-0.0881723
-0.0896092
-0.0907847
-0.0916581
-0.092188
-0.0923327
-0.0920506
-0.0913005
-0.0900426
-0.0882388
-0.0858542
-0.0828574
-0.0792226
-0.0749305
-0.0699705
-0.0643431
-0.0580625
-0.0511604
-0.0436894
-0.035728
-0.0273854
-0.0188064
-0.0101745
-0.00171365
0.00631488
0.0136217
0.0199064
0.0248814
0.0282998
0.0299897
0.0299168
0.0281406
0.0242734
0.0181073
-0.0537829
-0.0551547
-0.0561397
-0.0567833
-0.0571753
-0.0573172
-0.0572264
-0.0569414
-0.0565096
-0.0559819
-0.0554098
-0.0548422
-0.0543234
-0.0538922
-0.0535813
-0.053417
-0.0534198
-0.0536046
-0.0539814
-0.0545557
-0.055329
-0.0562995
-0.0574623
-0.0588096
-0.0603313
-0.0620149
-0.0638456
-0.0658066
-0.067879
-0.0700419
-0.0722723
-0.0745453
-0.076834
-0.0791093
-0.0813405
-0.0834947
-0.0855372
-0.0874315
-0.0891394
-0.0906214
-0.0918364
-0.0927424
-0.0932963
-0.0934549
-0.0931747
-0.0924127
-0.0911271
-0.0892776
-0.0868268
-0.0837409
-0.0799908
-0.0755542
-0.0704166
-0.0645744
-0.058037
-0.0508305
-0.0430016
-0.0346227
-0.0257969
-0.0166642
-0.00740593
0.0017514
0.0105371
0.0186431
0.0257395
0.0314987
0.0356261
0.0378997
0.0382436
0.0366876
0.0327975
0.0263524
-0.056769
-0.0583628
-0.0594743
-0.0601555
-0.0605155
-0.060561
-0.0603179
-0.0598369
-0.0591781
-0.0584047
-0.0575787
-0.056758
-0.0559942
-0.0553316
-0.0548065
-0.054448
-0.0542777
-0.0543111
-0.054558
-0.0550233
-0.0557074
-0.0566075
-0.0577171
-0.0590272
-0.060526
-0.0621997
-0.064032
-0.0660046
-0.0680975
-0.0702882
-0.0725526
-0.0748644
-0.0771954
-0.0795156
-0.0817928
-0.083993
-0.0860801
-0.0880166
-0.0897629
-0.091278
-0.0925195
-0.0934438
-0.0940065
-0.0941624
-0.0938664
-0.0930735
-0.0917398
-0.0898229
-0.087283
-0.0840835
-0.0801926
-0.0755847
-0.0702419
-0.0641564
-0.0573329
-0.0497923
-0.0415756
-0.0327486
-0.023408
-0.0136881
-0.00376671
0.00612933
0.0157221
0.024687
0.0326655
0.0392896
0.0442126
0.0471562
0.0479935
0.0467148
0.0428281
0.036095
-0.0599483
-0.0618247
-0.0630912
-0.0638103
-0.0641189
-0.0640335
-0.0635932
-0.0628654
-0.061927
-0.0608563
-0.0597281
-0.0586108
-0.0575638
-0.0566369
-0.0558702
-0.0552945
-0.0549327
-0.0548
-0.0549055
-0.0552527
-0.0558408
-0.0566651
-0.0577174
-0.0589868
-0.06046
-0.0621212
-0.0639526
-0.0659343
-0.0680445
-0.0702597
-0.072554
-0.0749
-0.0772682
-0.079627
-0.0819432
-0.0841814
-0.0863044
-0.0882732
-0.0900469
-0.0915831
-0.0928379
-0.0937663
-0.094322
-0.0944584
-0.0941282
-0.0932846
-0.0918816
-0.0898744
-0.0872207
-0.0838813
-0.0798216
-0.0750125
-0.0694327
-0.0630703
-0.0559256
-0.0480142
-0.0393711
-0.0300558
-0.0201582
-0.00980584
0.000828184
0.0115184
0.0219819
0.0318795
0.0408257
0.0484107
0.0542325
0.0579488
0.0593718
0.0584399
0.0545881
0.0475534
-0.0633868
-0.0656211
-0.0670743
-0.0678253
-0.0680522
-0.0677874
-0.06709
-0.0660505
-0.0647675
-0.0633379
-0.0618518
-0.0603888
-0.0590168
-0.0577909
-0.0567543
-0.0559394
-0.0553687
-0.0550567
-0.055011
-0.0552333
-0.0557205
-0.0564656
-0.0574583
-0.0586856
-0.0601319
-0.0617795
-0.0636088
-0.065598
-0.0677237
-0.0699607
-0.0722817
-0.0746579
-0.0770583
-0.0794502
-0.0817988
-0.0840675
-0.0862177
-0.0882091
-0.0899994
-0.0915449
-0.0928
-0.0937181
-0.0942514
-0.0943512
-0.0939685
-0.0930543
-0.0915604
-0.0894396
-0.086647
-0.0831406
-0.0788825
-0.0738405
-0.0679894
-0.0613131
-0.0538072
-0.0454821
-0.0363666
-0.0265134
-0.0160052
-0.00496221
0.00644869
0.018005
0.0294211
0.0403451
0.0503656
0.0590302
0.0658776
0.0704931
0.0726159
0.0721177
0.0683395
0.0609831
-0.067177
-0.0698628
-0.0715363
-0.072303
-0.0724005
-0.071888
-0.0708535
-0.0694191
-0.0677112
-0.0658493
-0.0639406
-0.0620773
-0.0603353
-0.0587744
-0.0574399
-0.0563644
-0.0555693
-0.0550673
-0.0548632
-0.054956
-0.0553397
-0.0560047
-0.0569377
-0.0581232
-0.0595432
-0.0611776
-0.0630048
-0.0650011
-0.0671413
-0.0693984
-0.0717437
-0.0741467
-0.0765751
-0.0789947
-0.0813695
-0.0836614
-0.0858306
-0.0878353
-0.0896318
-0.091175
-0.0924177
-0.0933117
-0.0938074
-0.0938543
-0.0934013
-0.0923973
-0.0907916
-0.0885346
-0.0855784
-0.081878
-0.0773923
-0.0720852
-0.0659276
-0.0588987
-0.050989
-0.042203
-0.0325631
-0.0221144
-0.0109315
0.000873805
0.0131422
0.0256561
0.0381293
0.0501994
0.0614299
0.0713248
0.0793583
0.0850336
0.0880025
0.0880504
0.0843958
0.0766882
-0.0714491
-0.0747031
-0.0766302
-0.0773783
-0.0772728
-0.0764154
-0.0749367
-0.0730007
-0.0707687
-0.068387
-0.0659817
-0.0636576
-0.0614976
-0.059565
-0.0579055
-0.0565503
-0.055518
-0.0548179
-0.0544512
-0.054413
-0.0546937
-0.05528
-0.0561555
-0.0573017
-0.0586976
-0.0603209
-0.0621475
-0.0641517
-0.0663064
-0.0685828
-0.0709505
-0.0733776
-0.0758302
-0.0782728
-0.0806679
-0.0829763
-0.0851566
-0.0871657
-0.0889586
-0.0904885
-0.0917069
-0.0925637
-0.0930076
-0.0929862
-0.0924463
-0.0913346
-0.0895978
-0.0871835
-0.0840409
-0.0801217
-0.0753808
-0.0697783
-0.0632801
-0.0558605
-0.047504
-0.0382085
-0.0279885
-0.0168808
-0.00495033
0.00770118
0.0209242
0.0345088
0.0481705
0.0615391
0.0741542
0.0854743
0.0949025
0.101848
0.105856
0.106602
0.103139
0.0950386
-0.0763884
-0.0803559
-0.0825637
-0.0832287
-0.0828068
-0.0814667
-0.0793995
-0.0768248
-0.0739466
-0.0709414
-0.0679553
-0.0651042
-0.0624764
-0.0601359
-0.0581265
-0.0564755
-0.0551968
-0.0542945
-0.0537647
-0.0535975
-0.0537787
-0.0542909
-0.0551137
-0.0562251
-0.0576014
-0.0592172
-0.061046
-0.0630601
-0.0652302
-0.0675258
-0.0699149
-0.0723638
-0.0748374
-0.0772988
-0.079709
-0.0820275
-0.0842117
-0.086217
-0.0879972
-0.0895037
-0.0906868
-0.0914946
-0.091874
-0.0917707
-0.0911294
-0.0898944
-0.0880097
-0.0854201
-0.0820715
-0.0779118
-0.0728921
-0.0669674
-0.0600985
-0.0522536
-0.0434101
-0.033558
-0.0227026
-0.0108701
0.0018863
0.0154778
0.0297678
0.0445578
0.0595695
0.0744284
0.0886522
0.101652
0.112752
0.121249
0.126562
0.128217
0.125045
0.116495
-0.0822615
-0.0871235
-0.0896213
-0.090087
-0.0891746
-0.0871555
-0.0843058
-0.0809163
-0.077242
-0.0734918
-0.0698301
-0.0663814
-0.0632353
-0.0604531
-0.0580727
-0.0561144
-0.0545851
-0.0534815
-0.0527927
-0.0525028
-0.052592
-0.0530377
-0.0538154
-0.0548992
-0.056262
-0.0578757
-0.059711
-0.061738
-0.0639255
-0.0662411
-0.0686511
-0.0711205
-0.0736125
-0.076089
-0.0785097
-0.0808328
-0.0830144
-0.0850087
-0.086768
-0.0882426
-0.0893809
-0.0901296
-0.090434
-0.0902376
-0.0894831
-0.0881124
-0.0860668
-0.0832881
-0.0797186
-0.0753024
-0.0699857
-0.0637184
-0.0564552
-0.048157
-0.0387929
-0.028343
-0.0168015
-0.0041812
0.00947998
0.0241101
0.0395907
0.0557405
0.0722942
0.0888794
0.104996
0.120008
0.13315
0.143588
0.150577
0.15345
0.150725
0.141652
-0.0894599
-0.0954379
-0.0981937
-0.0982574
-0.0965864
-0.0936081
-0.089715
-0.0852861
-0.0806335
-0.0759973
-0.0715562
-0.067437
-0.0637246
-0.0604715
-0.0577053
-0.0554354
-0.053658
-0.0523601
-0.0515224
-0.0511212
-0.05113
-0.0515208
-0.0522642
-0.0533302
-0.054688
-0.0563066
-0.0581542
-0.0601985
-0.0624064
-0.0647436
-0.067175
-0.0696641
-0.0721727
-0.0746615
-0.077089
-0.0794121
-0.0815859
-0.0835633
-0.0852952
-0.0867308
-0.0878171
-0.0884993
-0.0887208
-0.0884235
-0.0875479
-0.0860334
-0.083819
-0.0808429
-0.0770441
-0.0723623
-0.0667386
-0.0601172
-0.0524456
-0.0436763
-0.0337686
-0.0226908
-0.0104227
0.00303953
0.0176777
0.0334426
0.0502414
0.0679189
0.0862336
0.104827
0.123191
0.140646
0.156329
0.169247
0.178448
0.183003
0.18098
0.171301
-0.0985737
-0.105928
-0.10882
-0.108131
-0.105289
-0.100952
-0.0956659
-0.0899137
-0.0840648
-0.078384
-0.0730539
-0.0681934
-0.0638734
-0.0601297
-0.056973
-0.0543968
-0.0523832
-0.0509066
-0.0499372
-0.0494422
-0.0493878
-0.0497396
-0.050463
-0.0515237
-0.0528875
-0.0545202
-0.0563875
-0.0584549
-0.0606873
-0.063049
-0.0655033
-0.0680123
-0.0705369
-0.0730362
-0.075468
-0.0777881
-0.0799503
-0.0819067
-0.083607
-0.0849992
-0.086029
-0.0866403
-0.0867749
-0.0863731
-0.0853734
-0.0837129
-0.0813278
-0.0781534
-0.0741249
-0.0691774
-0.0632471
-0.0562713
-0.0481898
-0.0389457
-0.0284867
-0.0167667
-0.00374851
0.0105928
0.0262644
0.0432476
0.0614847
0.0808601
0.101172
0.122094
0.143133
0.163577
0.182466
0.19862
0.21082
0.217776
0.216901
0.206554
-0.110524
-0.119526
-0.122243
-0.120197
-0.115549
-0.109287
-0.102145
-0.0947177
-0.0874198
-0.0805235
-0.0741971
-0.0685352
-0.0635809
-0.0593426
-0.0558063
-0.0529437
-0.0507184
-0.0490896
-0.0480149
-0.0474514
-0.0473571
-0.0476908
-0.0484129
-0.0494845
-0.0508679
-0.0525261
-0.0544224
-0.0565202
-0.058783
-0.0611733
-0.0636533
-0.066184
-0.0687252
-0.0712351
-0.0736705
-0.0759863
-0.0781356
-0.0800694
-0.0817367
-0.0830843
-0.084057
-0.0845973
-0.0846459
-0.0841413
-0.0830204
-0.0812182
-0.0786684
-0.0753033
-0.0710544
-0.0658523
-0.0596277
-0.0523113
-0.0438342
-0.0341292
-0.0231306
-0.0107763
0.0029915
0.0182233
0.0349582
0.0532166
0.0729889
0.0942161
0.116759
0.140356
0.164559
0.188664
0.211631
0.232075
0.248438
0.258934
0.260006
0.249043
-0.126811
-0.137634
-0.139475
-0.135036
-0.127611
-0.11863
-0.109034
-0.0995081
-0.0904836
-0.0822038
-0.074792
-0.0682936
-0.0627054
-0.0579949
-0.0541134
-0.0510046
-0.0486093
-0.0468689
-0.0457268
-0.0451294
-0.0450259
-0.0453687
-0.0461126
-0.047215
-0.0486349
-0.0503326
-0.0522695
-0.0544072
-0.0567078
-0.0591328
-0.0616432
-0.0641991
-0.0667596
-0.0692823
-0.0717231
-0.0740363
-0.0761743
-0.0780875
-0.0797241
-0.0810303
-0.0819498
-0.0824243
-0.0823935
-0.0817945
-0.0805627
-0.0786312
-0.0759316
-0.0723933
-0.0679443
-0.0625112
-0.056019
-0.0483915
-0.0395513
-0.0294198
-0.0179175
-0.00496383
0.00952213
0.0256206
0.043409
0.0629569
0.0843168
0.107507
0.132484
0.15909
0.186983
0.215531
0.243678
0.269859
0.292114
0.307972
0.312468
0.301319
-0.150022
-0.162406
-0.161851
-0.153257
-0.141591
-0.128805
-0.116009
-0.103912
-0.0928882
-0.0830914
-0.0745519
-0.0672313
-0.0610557
-0.0559355
-0.0517772
-0.0484901
-0.0459888
-0.0441951
-0.0430377
-0.0424517
-0.0423783
-0.0427637
-0.0435582
-0.0447156
-0.0461922
-0.0479465
-0.0499381
-0.0521276
-0.0544759
-0.0569438
-0.0594917
-0.0620791
-0.0646645
-0.067205
-0.0696563
-0.0719721
-0.0741046
-0.0760035
-0.0776167
-0.0788897
-0.079766
-0.0801864
-0.0800897
-0.0794122
-0.078088
-0.0760488
-0.0732242
-0.0695413
-0.0649251
-0.059298
-0.0525802
-0.0446887
-0.0355377
-0.0250374
-0.0130938
0.000392591
0.0155277
0.0324248
0.0512047
0.0719948
0.0949242
0.120113
0.147645
0.177528
0.209607
0.243434
0.278073
0.311916
0.342584
0.366752
0.377463
0.367619
-0.184886
-0.197156
-0.190975
-0.175269
-0.15723
-0.139233
-0.122382
-0.107256
-0.0940348
-0.0826835
-0.0730704
-0.0650283
-0.0583845
-0.0529761
-0.0486558
-0.0452943
-0.0427786
-0.0410108
-0.0399056
-0.0393885
-0.0393936
-0.0398623
-0.0407415
-0.0419825
-0.04354
-0.0453712
-0.0474348
-0.0496908
-0.0520997
-0.0546218
-0.0572175
-0.0598459
-0.0624654
-0.065033
-0.0675042
-0.0698327
-0.0719703
-0.0738668
-0.0754699
-0.0767248
-0.0775746
-0.07796
-0.0778191
-0.0770877
-0.075699
-0.0735837
-0.0706699
-0.0668828
-0.0621449
-0.0563753
-0.0494897
-0.0413993
-0.0320104
-0.0212231
-0.00892927
0.00498894
0.0206624
0.0382381
0.057883
0.0797881
0.10417
0.131271
0.161342
0.194617
0.231235
0.271104
0.313652
0.357488
0.400133
0.437327
0.459584
0.455277
-0.24027
-0.246855
-0.228425
-0.200834
-0.173485
-0.148613
-0.126892
-0.108447
-0.093037
-0.0802907
-0.0698263
-0.0612979
-0.0544086
-0.0489108
-0.0446003
-0.0413097
-0.0389009
-0.0372596
-0.0362899
-0.0359104
-0.0360508
-0.03665
-0.0376531
-0.0390106
-0.0406767
-0.0426083
-0.0447645
-0.0471051
-0.0495908
-0.0521823
-0.0548399
-0.0575232
-0.0601906
-0.0627995
-0.0653054
-0.0676622
-0.069822
-0.0717346
-0.0733478
-0.0746069
-0.075455
-0.0758327
-0.0756781
-0.0749266
-0.0735112
-0.0713616
-0.0684053
-0.0645661
-0.0597646
-0.0539176
-0.046937
-0.0387296
-0.0291952
-0.0182251
-0.00569956
0.00851576
0.0245741
0.0426539
0.0629663
0.0857655
0.11136
0.140124
0.172508
0.20903
0.250242
0.296618
0.348314
0.40475
0.464009
0.521395
0.56495
0.576594
-0.333011
-0.31836
-0.275143
-0.228622
-0.188245
-0.154798
-0.127716
-0.10608
-0.0888748
-0.0752027
-0.0643408
-0.0557266
-0.0489289
-0.0436177
-0.0395397
-0.0364985
-0.0343394
-0.0329388
-0.0321963
-0.0320284
-0.0323644
-0.0331433
-0.0343111
-0.0358194
-0.0376233
-0.039681
-0.0419521
-0.0443977
-0.0469792
-0.0496581
-0.0523953
-0.0551511
-0.0578845
-0.0605534
-0.0631138
-0.0655202
-0.0677248
-0.0696781
-0.0713281
-0.0726205
-0.0734987
-0.0739035
-0.0737731
-0.0730433
-0.0716466
-0.0695131
-0.0665695
-0.0627391
-0.0579415
-0.0520917
-0.0450998
-0.0368691
-0.0272952
-0.016263
-0.00364424
0.0107077
0.0269632
0.0453257
0.0660427
0.0894227
0.115857
0.145849
0.180053
0.219311
0.264693
0.317475
0.379033
0.450513
0.53187
0.619376
0.700948
0.751866
-0.501614
-0.41963
-0.327904
-0.253694
-0.196847
-0.154034
-0.122171
-0.0983899
-0.0804474
-0.0667629
-0.0562409
-0.0481165
-0.0418513
-0.0370624
-0.0334725
-0.030876
-0.0291169
-0.0280739
-0.0276502
-0.0277668
-0.0283571
-0.0293639
-0.0307368
-0.0324301
-0.0344017
-0.0366119
-0.0390223
-0.0415958
-0.0442951
-0.047083
-0.0499216
-0.0527722
-0.0555948
-0.058348
-0.0609886
-0.0634718
-0.0657506
-0.0677759
-0.0694965
-0.0708586
-0.0718061
-0.0722803
-0.07222
-0.071561
-0.0702367
-0.0681771
-0.0653091
-0.061556
-0.0568373
-0.0510676
-0.044156
-0.0360046
-0.0265069
-0.015545
-0.00298633
0.011322
0.0275597
0.0459439
0.0667435
0.0903009
0.117063
0.147627
0.182812
0.223758
0.272068
0.329995
0.400662
0.48817
0.596477
0.726632
0.877342
1.02571
-0.850629
-0.552997
-0.361287
-0.253397
-0.183275
-0.135608
-0.103273
-0.0808416
-0.0647477
-0.0528953
-0.0440177
-0.0373084
-0.032239
-0.0284548
-0.0257096
-0.0238267
-0.0226743
-0.022151
-0.0221762
-0.0226835
-0.0236167
-0.024927
-0.0265705
-0.0285071
-0.0306992
-0.0331108
-0.0357067
-0.0384523
-0.0413126
-0.0442523
-0.0472353
-0.0502244
-0.0531809
-0.0560645
-0.0588334
-0.0614436
-0.0638491
-0.0660018
-0.0678512
-0.0693445
-0.0704262
-0.0710386
-0.071121
-0.0706101
-0.0694399
-0.0675412
-0.0648417
-0.0612655
-0.0567326
-0.0511587
-0.0444536
-0.0365205
-0.0272541
-0.0165378
-0.00424046
0.00978855
0.0257266
0.0437879
0.0642383
0.0874175
0.113773
0.143914
0.178696
0.219366
0.267807
0.326967
0.401653
0.499718
0.632366
0.816561
1.09966
1.50766
-1.48534
-0.683425
-0.32417
-0.193715
-0.12819
-0.088911
-0.0651226
-0.0500071
-0.0396516
-0.0321699
-0.0266163
-0.0224581
-0.0193735
-0.0171579
-0.0156725
-0.0148174
-0.0145161
-0.0147077
-0.015341
-0.0163722
-0.017762
-0.0194747
-0.0214767
-0.023736
-0.0262216
-0.0289028
-0.0317488
-0.0347288
-0.037811
-0.0409627
-0.0441503
-0.0473384
-0.0504904
-0.0535676
-0.0565297
-0.059334
-0.061936
-0.0642886
-0.0663425
-0.068046
-0.0693447
-0.0701818
-0.0704976
-0.0702303
-0.0693145
-0.0676822
-0.0652625
-0.0619809
-0.0577592
-0.052515
-0.0461609
-0.0386032
-0.0297408
-0.019463
-0.00764612
0.00584993
0.0211879
0.0385615
0.0582069
0.0804212
0.105589
0.134225
0.167048
0.205104
0.250007
0.304439
0.373308
0.466383
0.603455
0.832734
1.31076
2.2347
)
;

boundaryField
{
    movingWall
    {
        type            zeroGradient;
    }
    fixedWalls
    {
        type            zeroGradient;
    }
    frontAndBack
    {
        type            empty;
    }
}


// ************************************************************************* //
