/*--------------------------------*- C++ -*----------------------------------*\
  =========                 |
  \\      /  F ield         | OpenFOAM: The Open Source CFD Toolbox
   \\    /   O peration     | Website:  https://openfoam.org
    \\  /    A nd           | Version:  dev
     \\/     M anipulation  |
\*---------------------------------------------------------------------------*/
FoamFile
{
    format      ascii;
    class       volScalarField;
    location    "20.25";
    object      Ux;
}
// * * * * * * * * * * * * * * * * * * * * * * * * * * * * * * * * * * * * * //

dimensions      [0 1 -1 0 0 0 0];

internalField   nonuniform List<scalar> 
5184
(
1.25633e-05
4.54918e-05
8.04002e-05
9.59055e-05
8.2005e-05
3.62812e-05
-4.07228e-05
-0.000146991
-0.000279738
-0.000435911
-0.000612391
-0.000806147
-0.00101431
-0.00123423
-0.00146343
-0.00169968
-0.00194088
-0.00218514
-0.00243067
-0.00267579
-0.00291889
-0.00315842
-0.00339284
-0.00362064
-0.00384028
-0.00405024
-0.00424895
-0.00443485
-0.00460636
-0.00476191
-0.00489992
-0.00501889
-0.00511736
-0.00519394
-0.00524738
-0.00527657
-0.00528056
-0.00525863
-0.00521028
-0.00513527
-0.00503368
-0.00490586
-0.00475254
-0.00457475
-0.00437391
-0.00415176
-0.0039104
-0.00365225
-0.00338003
-0.00309674
-0.00280562
-0.00251009
-0.00221371
-0.00192014
-0.00163304
-0.00135605
-0.0010927
-0.000846372
-0.000620199
-0.000417031
-0.000239366
-8.92793e-05
3.16399e-05
0.000122377
0.000182598
0.000212803
0.000214575
0.000190958
0.000146974
9.07044e-05
3.66005e-05
6.22563e-06
2.09682e-05
6.57953e-05
9.4733e-05
7.26915e-05
-1.91139e-05
-0.000187492
-0.00043302
-0.000752481
-0.00114034
-0.00158982
-0.00209358
-0.00264418
-0.00323432
-0.00385701
-0.00450565
-0.00517406
-0.00585644
-0.00654735
-0.00724166
-0.00793449
-0.00862115
-0.00929709
-0.00995784
-0.010599
-0.0112161
-0.0118048
-0.0123607
-0.0128794
-0.0133565
-0.0137877
-0.0141686
-0.0144953
-0.0147639
-0.0149706
-0.0151124
-0.0151862
-0.0151898
-0.0151213
-0.0149797
-0.0147646
-0.0144763
-0.0141161
-0.0136862
-0.0131894
-0.0126299
-0.0120123
-0.0113426
-0.0106272
-0.0098736
-0.00908985
-0.00828463
-0.00746712
-0.00664684
-0.00583352
-0.00503693
-0.00426672
-0.00353227
-0.0028425
-0.00220567
-0.00162925
-0.00111973
-0.000682387
-0.000321147
-3.8294e-05
0.000165801
0.000293053
0.000348201
0.0003395
0.000279423
0.000185801
8.62705e-05
1.9662e-05
1.76713e-05
4.13741e-05
1.95787e-05
-8.40718e-05
-0.000290305
-0.000607839
-0.00103792
-0.00157674
-0.00221714
-0.00294993
-0.00376484
-0.00465118
-0.00559823
-0.00659555
-0.00763308
-0.00870128
-0.00979107
-0.0108939
-0.0120014
-0.013106
-0.0142
-0.0152759
-0.0163267
-0.0173452
-0.0183242
-0.0192569
-0.020136
-0.0209548
-0.0217063
-0.0223838
-0.0229807
-0.0234908
-0.023908
-0.024227
-0.0244428
-0.0245512
-0.0245489
-0.0244334
-0.0242031
-0.0238576
-0.0233979
-0.0228261
-0.0221456
-0.0213613
-0.0204793
-0.0195074
-0.0184544
-0.0173306
-0.0161473
-0.0149168
-0.0136527
-0.0123687
-0.0110795
-0.00979993
-0.0085448
-0.00732881
-0.0061662
-0.00507048
-0.0040542
-0.00312862
-0.00230346
-0.00158661
-0.000983828
-0.000498331
-0.000130444
0.000122896
0.000268768
0.000318997
0.000290693
0.000207055
0.000102307
2.4947e-05
8.84404e-06
-7.00408e-06
-0.000107567
-0.000322289
-0.000669369
-0.00115718
-0.00178647
-0.00255246
-0.0034466
-0.00445788
-0.00557383
-0.00678126
-0.00806676
-0.0094171
-0.0108194
-0.0122612
-0.0137307
-0.0152164
-0.0167074
-0.0181932
-0.0196636
-0.0211086
-0.0225185
-0.0238836
-0.0251944
-0.0264414
-0.0276154
-0.028707
-0.0297071
-0.030607
-0.0313979
-0.0320718
-0.032621
-0.0330384
-0.033318
-0.0334544
-0.0334434
-0.033282
-0.0329684
-0.0325026
-0.0318859
-0.0311212
-0.0302132
-0.0291686
-0.0279955
-0.0267039
-0.0253056
-0.0238137
-0.0222432
-0.0206102
-0.0189317
-0.017226
-0.0155118
-0.0138082
-0.0121345
-0.0105095
-0.00895161
-0.00747824
-0.0061055
-0.00484789
-0.00371789
-0.0027256
-0.00187836
-0.0011803
-0.000631892
-0.000229449
3.54886e-05
0.00017679
0.000214153
0.000173712
9.28636e-05
2.39927e-05
-2.12754e-06
-6.72707e-05
-0.000263994
-0.000609457
-0.00111612
-0.00179019
-0.00263063
-0.0036311
-0.00478146
-0.006069
-0.00747939
-0.0089974
-0.0106074
-0.012294
-0.0140417
-0.0158359
-0.0176621
-0.0195065
-0.0213558
-0.0231971
-0.0250177
-0.0268054
-0.028548
-0.0302338
-0.0318508
-0.0333876
-0.0348325
-0.0361744
-0.0374021
-0.0385049
-0.0394724
-0.040295
-0.0409634
-0.0414694
-0.0418058
-0.0419662
-0.041946
-0.0417418
-0.0413516
-0.0407756
-0.0400156
-0.0390755
-0.037961
-0.0366801
-0.0352428
-0.0336613
-0.0319496
-0.0301236
-0.0282011
-0.0262013
-0.0241448
-0.0220532
-0.0199488
-0.0178545
-0.0157932
-0.0137874
-0.011859
-0.0100288
-0.00831612
-0.00673816
-0.00530991
-0.00404349
-0.00294777
-0.00202789
-0.0012848
-0.000714749
-0.000308771
-5.21182e-05
7.60545e-05
0.000103217
6.73407e-05
1.96302e-05
-1.36938e-05
-0.000132768
-0.000435561
-0.000924024
-0.00160277
-0.00247434
-0.0035349
-0.00477573
-0.00618477
-0.0077475
-0.00944781
-0.0112686
-0.0131925
-0.0152019
-0.0172797
-0.0194088
-0.0215728
-0.0237559
-0.0259425
-0.0281175
-0.0302663
-0.0323745
-0.0344278
-0.0364124
-0.0383145
-0.0401205
-0.041817
-0.0433908
-0.0448293
-0.0461198
-0.0472507
-0.0482107
-0.0489895
-0.0495776
-0.0499668
-0.0501502
-0.0501226
-0.0498801
-0.0494211
-0.0487455
-0.0478558
-0.0467565
-0.0454544
-0.0439587
-0.042281
-0.040435
-0.0384369
-0.036305
-0.0340595
-0.0317222
-0.0293166
-0.0268673
-0.0243999
-0.0219404
-0.0195149
-0.0171491
-0.0148681
-0.0126957
-0.010654
-0.00876273
-0.00703931
-0.00549777
-0.00414859
-0.00299814
-0.0020482
-0.00129552
-0.000731333
-0.000340942
-0.000103421
8.82575e-06
3.23472e-05
1.35882e-05
-2.51754e-05
-0.000199881
-0.000613627
-0.00125193
-0.00211031
-0.00318661
-0.00447327
-0.00595856
-0.00762802
-0.00946509
-0.0114518
-0.0135694
-0.0157986
-0.0181203
-0.0205154
-0.0229652
-0.0254515
-0.0279564
-0.0304627
-0.0329535
-0.035412
-0.0378222
-0.0401679
-0.0424335
-0.0446032
-0.0466619
-0.0485944
-0.0503859
-0.0520222
-0.0534892
-0.0547739
-0.0558638
-0.0567473
-0.0574141
-0.0578552
-0.0580631
-0.0580319
-0.0577576
-0.0572384
-0.0564745
-0.0554686
-0.0542258
-0.0527537
-0.0510625
-0.0491651
-0.0470768
-0.0448154
-0.042401
-0.039856
-0.0372047
-0.034473
-0.0316881
-0.0288783
-0.0260725
-0.0232997
-0.0205885
-0.0179669
-0.0154614
-0.0130968
-0.0108955
-0.0088769
-0.00705725
-0.00544876
-0.00405925
-0.00289175
-0.00194398
-0.00120802
-0.000669937
-0.000309569
-0.000100114
-7.83742e-06
6.83223e-06
-3.63163e-05
-0.000266731
-0.000793081
-0.00158425
-0.00262607
-0.003911
-0.00542708
-0.00715902
-0.00908952
-0.0111997
-0.0134697
-0.0158789
-0.0184064
-0.0210315
-0.0237334
-0.0264921
-0.0292876
-0.0321005
-0.0349119
-0.0377033
-0.0404564
-0.0431533
-0.0457764
-0.0483083
-0.0507319
-0.0530302
-0.0551867
-0.0571851
-0.0590098
-0.0606455
-0.0620779
-0.0632932
-0.0642791
-0.0650243
-0.0655191
-0.0657551
-0.0657262
-0.0654281
-0.0648586
-0.0640183
-0.0629098
-0.0615387
-0.0599132
-0.0580444
-0.0559461
-0.0536347
-0.0511296
-0.0484525
-0.0456275
-0.0426809
-0.0396409
-0.036537
-0.0334001
-0.0302614
-0.0271528
-0.0241055
-0.0211503
-0.0183164
-0.0156311
-0.0131194
-0.0108031
-0.00870053
-0.00682591
-0.00518886
-0.003794
-0.00264048
-0.00172176
-0.00102528
-0.000532259
-0.000217371
-5.05488e-05
-1.07e-07
-4.70225e-05
-0.00033234
-0.000970933
-0.00191538
-0.00314167
-0.00463648
-0.00638299
-0.00836194
-0.0105528
-0.0129343
-0.0154842
-0.0181802
-0.0209998
-0.0239205
-0.0269205
-0.0299779
-0.0330717
-0.0361809
-0.0392852
-0.0423647
-0.0453998
-0.048371
-0.0512594
-0.0540461
-0.0567126
-0.0592406
-0.0616123
-0.06381
-0.0658169
-0.0676166
-0.0691935
-0.0705331
-0.0716218
-0.0724477
-0.0730002
-0.0732705
-0.0732517
-0.0729393
-0.0723308
-0.0714266
-0.0702296
-0.0687453
-0.0669826
-0.0649528
-0.0626706
-0.0601534
-0.0574217
-0.0544985
-0.0514095
-0.0481827
-0.0448481
-0.0414376
-0.0379841
-0.0345214
-0.0310839
-0.0277055
-0.0244195
-0.0212579
-0.0182507
-0.0154253
-0.0128063
-0.0104143
-0.00826572
-0.00637235
-0.00474074
-0.00337195
-0.00226122
-0.00139786
-0.000764928
-0.000339046
-9.42302e-05
-6.95978e-06
-5.72828e-05
-0.000396231
-0.00114545
-0.0022418
-0.00365155
-0.0053554
-0.00733144
-0.00955612
-0.0120055
-0.0146555
-0.0174816
-0.0204596
-0.0235653
-0.0267749
-0.0300649
-0.0334125
-0.036795
-0.0401906
-0.0435777
-0.046935
-0.0502416
-0.0534771
-0.0566211
-0.0596537
-0.0625549
-0.0653055
-0.0678863
-0.0702785
-0.0724643
-0.074426
-0.0761472
-0.0776123
-0.078807
-0.0797184
-0.0803351
-0.0806476
-0.0806487
-0.0803331
-0.0796981
-0.0787437
-0.0774726
-0.0758905
-0.0740062
-0.0718315
-0.0693815
-0.0666742
-0.063731
-0.0605761
-0.0572363
-0.0537413
-0.0501228
-0.0464144
-0.0426514
-0.0388699
-0.0351066
-0.0313982
-0.0277807
-0.0242888
-0.0209553
-0.0178105
-0.0148816
-0.0121919
-0.00976043
-0.00760137
-0.00572365
-0.00413057
-0.00281957
-0.00178219
-0.00100371
-0.000462928
-0.000138066
-1.36107e-05
-6.71152e-05
-0.000458178
-0.00131564
-0.00256132
-0.00415201
-0.00606245
-0.00826552
-0.0107332
-0.013438
-0.0163529
-0.0194509
-0.0227059
-0.0260919
-0.0295837
-0.0331566
-0.0367864
-0.0404496
-0.0441231
-0.0477841
-0.0514105
-0.0549804
-0.0584721
-0.0618642
-0.0651358
-0.068266
-0.0712343
-0.0740205
-0.076605
-0.0789686
-0.081093
-0.0829607
-0.0845551
-0.0858612
-0.086865
-0.0875545
-0.0879194
-0.0879517
-0.0876456
-0.0869978
-0.0860078
-0.084678
-0.0830138
-0.0810238
-0.07872
-0.0761176
-0.073235
-0.0700943
-0.0667203
-0.0631411
-0.0593876
-0.0554931
-0.051493
-0.0474246
-0.0433264
-0.0392375
-0.0351972
-0.0312444
-0.0274167
-0.02375
-0.0202776
-0.0170295
-0.0140323
-0.0113076
-0.00887271
-0.00673909
-0.00491269
-0.00339352
-0.00217564
-0.00124677
-0.000588009
-0.000181732
-2.00336e-05
-7.65439e-05
-0.000518079
-0.0014809
-0.00287248
-0.00464051
-0.00675384
-0.00918013
-0.0118869
-0.0148429
-0.018018
-0.021383
-0.0249094
-0.0285698
-0.0323375
-0.0361864
-0.0400913
-0.0440277
-0.0479715
-0.051899
-0.0557873
-0.0596134
-0.0633548
-0.0669894
-0.0704952
-0.0738503
-0.0770334
-0.0800235
-0.0828
-0.0853428
-0.0876327
-0.0896511
-0.0913809
-0.0928057
-0.093911
-0.0946838
-0.095113
-0.0951897
-0.0949073
-0.0942618
-0.0932519
-0.0918796
-0.0901496
-0.0880703
-0.0856533
-0.0829137
-0.0798702
-0.076545
-0.0729637
-0.0691552
-0.0651513
-0.060987
-0.0566993
-0.0523274
-0.0479122
-0.0434952
-0.0391187
-0.0348245
-0.0306532
-0.0266439
-0.0228334
-0.0192551
-0.0159387
-0.0129093
-0.0101873
-0.00778717
-0.00571797
-0.00398251
-0.00257766
-0.00149372
-0.000714134
-0.000225229
-2.6255e-05
-8.55903e-05
-0.000575883
-0.00164087
-0.00317433
-0.00511523
-0.00742674
-0.0100714
-0.0130121
-0.0162141
-0.019644
-0.0232702
-0.0270622
-0.0309907
-0.0350276
-0.0391458
-0.0433191
-0.0475217
-0.051729
-0.0559164
-0.0600602
-0.0641368
-0.0681229
-0.0719956
-0.075732
-0.0793098
-0.0827067
-0.0859008
-0.0888709
-0.0915959
-0.0940558
-0.0962313
-0.098104
-0.099657
-0.100875
-0.101743
-0.10225
-0.102386
-0.102143
-0.101516
-0.100503
-0.0991056
-0.0973271
-0.0951754
-0.0926616
-0.0898004
-0.0866103
-0.0831136
-0.0793362
-0.0753076
-0.0710608
-0.0666316
-0.0620589
-0.057384
-0.0526498
-0.0479006
-0.0431815
-0.0385374
-0.0340125
-0.0296495
-0.0254886
-0.021567
-0.0179181
-0.0145709
-0.0115491
-0.00887097
-0.00654862
-0.00458811
-0.00298933
-0.00174529
-0.000841753
-0.000268779
-3.23335e-05
-9.42698e-05
-0.000631555
-0.00179525
-0.00346612
-0.00557479
-0.00807894
-0.0109361
-0.0141049
-0.0175466
-0.0212251
-0.0251061
-0.0291569
-0.0333469
-0.0376463
-0.042027
-0.0464617
-0.0509241
-0.0553884
-0.0598298
-0.0642236
-0.0685457
-0.0727722
-0.0768797
-0.0808446
-0.0846439
-0.0882547
-0.0916544
-0.094821
-0.0977329
-0.100369
-0.102709
-0.104734
-0.106426
-0.107769
-0.108746
-0.109346
-0.109557
-0.109371
-0.10878
-0.107783
-0.106378
-0.10457
-0.102364
-0.0997701
-0.0968035
-0.0934816
-0.0898267
-0.0858646
-0.0816252
-0.0771422
-0.0724527
-0.0675971
-0.0626185
-0.0575621
-0.0524751
-0.0474056
-0.0424018
-0.0375117
-0.0327817
-0.0282563
-0.0239767
-0.0199804
-0.0163007
-0.0129651
-0.00999588
-0.00740884
-0.00521349
-0.00341293
-0.002003
-0.000971743
-0.000312752
-3.83469e-05
-0.00010259
-0.000685052
-0.0019438
-0.00374722
-0.00601799
-0.00870856
-0.0117716
-0.0151615
-0.0188361
-0.022756
-0.0268845
-0.0311871
-0.0356312
-0.0401861
-0.0448222
-0.0495116
-0.054227
-0.0589422
-0.0636317
-0.0682704
-0.0728336
-0.0772971
-0.0816367
-0.0858287
-0.0898493
-0.0936751
-0.0972831
-0.10065
-0.103755
-0.106574
-0.109088
-0.111276
-0.113119
-0.1146
-0.115702
-0.116411
-0.116715
-0.116603
-0.116069
-0.115106
-0.113715
-0.111895
-0.109654
-0.106999
-0.103944
-0.100506
-0.0967068
-0.0925719
-0.0881314
-0.0834195
-0.0784743
-0.0733376
-0.0680542
-0.062672
-0.0572408
-0.051812
-0.0464375
-0.0411691
-0.0360576
-0.0311519
-0.0264978
-0.0221376
-0.0181089
-0.0144439
-0.0111691
-0.00830436
-0.00586304
-0.00385164
-0.00226896
-0.00110529
-0.000357621
-4.43855e-05
-0.000110553
-0.000736314
-0.00208627
-0.00401704
-0.00644375
-0.00931388
-0.0125755
-0.0161789
-0.0200784
-0.0242318
-0.0285999
-0.0331463
-0.0378369
-0.0426394
-0.0475236
-0.0524604
-0.0574222
-0.0623821
-0.067314
-0.0721926
-0.0769929
-0.0816901
-0.0862598
-0.0906778
-0.0949201
-0.0989628
-0.102782
-0.106355
-0.109658
-0.112669
-0.115367
-0.117729
-0.119737
-0.121371
-0.122613
-0.123449
-0.123864
-0.123847
-0.123388
-0.122482
-0.121124
-0.119315
-0.117058
-0.114362
-0.111237
-0.1077
-0.103772
-0.0994771
-0.0948462
-0.0899134
-0.0847177
-0.079302
-0.0737132
-0.0680014
-0.0622194
-0.0564219
-0.0506647
-0.0450041
-0.0394954
-0.0341923
-0.0291458
-0.0244033
-0.0200075
-0.0159957
-0.0123991
-0.00924203
-0.00654202
-0.00430927
-0.00254567
-0.00124378
-0.000403929
-5.05472e-05
-0.00011815
-0.00078526
-0.00222238
-0.00427494
-0.00685097
-0.00989322
-0.0133454
-0.017154
-0.0212698
-0.0256479
-0.030247
-0.0350285
-0.039957
-0.044999
-0.0501233
-0.0553001
-0.0605011
-0.0656991
-0.0708677
-0.0759811
-0.0810142
-0.085942
-0.0907397
-0.0953831
-0.0998476
-0.104109
-0.108143
-0.111927
-0.115436
-0.118647
-0.121539
-0.124088
-0.126273
-0.128076
-0.129476
-0.130457
-0.131003
-0.131101
-0.13074
-0.129911
-0.128609
-0.126833
-0.124583
-0.121866
-0.118692
-0.115074
-0.111034
-0.106594
-0.101785
-0.0966406
-0.0912008
-0.0855095
-0.0796153
-0.0735707
-0.0674315
-0.0612559
-0.0551039
-0.0490364
-0.0431137
-0.037395
-0.0319369
-0.0267923
-0.0220097
-0.0176319
-0.0136954
-0.0102296
-0.00725639
-0.00479013
-0.00283595
-0.00138877
-0.000452264
-5.69342e-05
-0.00012537
-0.000831785
-0.0023518
-0.00452027
-0.00723852
-0.0104449
-0.014079
-0.0180835
-0.0224063
-0.0269997
-0.0318202
-0.0368275
-0.0419847
-0.0472573
-0.0526131
-0.0580217
-0.0634544
-0.0688835
-0.0742825
-0.0796254
-0.0848869
-0.0900418
-0.0950654
-0.099933
-0.10462
-0.109103
-0.113355
-0.117355
-0.121077
-0.124497
-0.127593
-0.13034
-0.132718
-0.134705
-0.13628
-0.137425
-0.138123
-0.138358
-0.138116
-0.137389
-0.136167
-0.134447
-0.132227
-0.129513
-0.12631
-0.122633
-0.118499
-0.113931
-0.108958
-0.103613
-0.0979376
-0.0919756
-0.0857775
-0.079398
-0.072896
-0.0663335
-0.0597747
-0.0532855
-0.0469317
-0.0407783
-0.034888
-0.02932
-0.0241292
-0.0193645
-0.0150682
-0.0112752
-0.00801257
-0.00529886
-0.00314283
-0.00154191
-0.000503247
-6.36513e-05
-0.000132195
-0.000875766
-0.00247416
-0.0047523
-0.00760521
-0.0109671
-0.0147738
-0.0189645
-0.0234841
-0.0282826
-0.0333142
-0.0385371
-0.043913
-0.0494065
-0.0549845
-0.0606161
-0.0662722
-0.0719249
-0.0775475
-0.0831138
-0.0885986
-0.0939767
-0.0992234
-0.104314
-0.109224
-0.113928
-0.118403
-0.122623
-0.126564
-0.130202
-0.133512
-0.136471
-0.139055
-0.141242
-0.14301
-0.144338
-0.145208
-0.145602
-0.145504
-0.144901
-0.143784
-0.142145
-0.139982
-0.137294
-0.134088
-0.130374
-0.126167
-0.12149
-0.116369
-0.110838
-0.104937
-0.0987116
-0.092213
-0.0854984
-0.0786295
-0.0716722
-0.0646953
-0.0577698
-0.0509676
-0.0443598
-0.038016
-0.0320023
-0.0263803
-0.021206
-0.0165281
-0.0123877
-0.00881727
-0.00584031
-0.00346947
-0.0017049
-0.00055752
-7.08052e-05
-0.000138604
-0.000917059
-0.00258906
-0.00497025
-0.00794981
-0.0114582
-0.0154275
-0.0197939
-0.0244994
-0.0294918
-0.0347234
-0.0401509
-0.0457348
-0.0514386
-0.0572286
-0.0630736
-0.068944
-0.0748119
-0.0806503
-0.0864334
-0.0921357
-0.0977323
-0.103198
-0.10851
-0.113641
-0.118569
-0.123267
-0.127712
-0.131878
-0.135741
-0.139276
-0.142457
-0.145261
-0.147663
-0.149641
-0.151172
-0.152235
-0.15281
-0.152879
-0.152427
-0.15144
-0.14991
-0.147829
-0.145195
-0.142011
-0.138285
-0.13403
-0.129265
-0.124016
-0.118316
-0.112203
-0.105724
-0.0989306
-0.0918829
-0.0846451
-0.0772869
-0.0698818
-0.0625064
-0.0552387
-0.0481568
-0.0413376
-0.0348546
-0.0287773
-0.0231691
-0.018086
-0.0135759
-0.00967742
-0.00641949
-0.00381913
-0.00187953
-0.000615738
-7.85034e-05
-0.00014457
-0.000955507
-0.00269606
-0.0051733
-0.008271
-0.0119161
-0.0160375
-0.0205683
-0.0254481
-0.0306226
-0.0360423
-0.0416625
-0.0474426
-0.0533452
-0.0593363
-0.0653841
-0.0714588
-0.0775324
-0.083578
-0.0895699
-0.0954829
-0.101292
-0.106973
-0.112502
-0.117853
-0.123003
-0.127927
-0.132599
-0.136995
-0.14109
-0.144857
-0.148271
-0.151307
-0.15394
-0.156144
-0.157897
-0.159173
-0.159952
-0.160212
-0.159936
-0.159107
-0.157712
-0.155742
-0.153191
-0.150058
-0.146348
-0.142071
-0.137243
-0.131889
-0.126039
-0.119731
-0.113012
-0.105934
-0.0985579
-0.0909519
-0.0831889
-0.0753476
-0.0675099
-0.0597607
-0.0521853
-0.0448684
-0.0378922
-0.0313342
-0.0252663
-0.0197527
-0.0148488
-0.0106
-0.00704149
-0.00419511
-0.00206759
-0.000678564
-8.68544e-05
-0.000150066
-0.000990939
-0.00279472
-0.00536059
-0.00856744
-0.012339
-0.0166012
-0.0212846
-0.0263263
-0.0316701
-0.0372651
-0.0430653
-0.0490289
-0.0551181
-0.0612981
-0.067537
-0.0738048
-0.0800736
-0.0863166
-0.0925083
-0.0986238
-0.104639
-0.110528
-0.116269
-0.121837
-0.127208
-0.132356
-0.137257
-0.141886
-0.146217
-0.150224
-0.15388
-0.15716
-0.160036
-0.162483
-0.164474
-0.165984
-0.166989
-0.167464
-0.16739
-0.166746
-0.165515
-0.163686
-0.161247
-0.158196
-0.154532
-0.150263
-0.145401
-0.139968
-0.133993
-0.127511
-0.120568
-0.113219
-0.105524
-0.0975538
-0.0893856
-0.0811023
-0.0727922
-0.0645467
-0.0564593
-0.0486231
-0.0411291
-0.0340644
-0.0275099
-0.0215389
-0.0162152
-0.0115921
-0.0077114
-0.00460076
-0.00227087
-0.000746668
-9.59672e-05
-0.000155062
-0.00102318
-0.00288456
-0.00553127
-0.0088378
-0.012725
-0.0171162
-0.0219395
-0.02713
-0.0326297
-0.0383863
-0.0443527
-0.0504862
-0.0567485
-0.0631043
-0.0695214
-0.0759701
-0.0824222
-0.0888514
-0.0952325
-0.101541
-0.107752
-0.113843
-0.11979
-0.125569
-0.131156
-0.136527
-0.141656
-0.146519
-0.151089
-0.155341
-0.159246
-0.162779
-0.165911
-0.168613
-0.17086
-0.172622
-0.173874
-0.174588
-0.174741
-0.174309
-0.173273
-0.171615
-0.169321
-0.166384
-0.1628
-0.158571
-0.153707
-0.148226
-0.142153
-0.135523
-0.128379
-0.120775
-0.112775
-0.104449
-0.0958787
-0.0871514
-0.0783614
-0.0696074
-0.0609909
-0.0526144
-0.0445785
-0.0369805
-0.0299116
-0.0234549
-0.0176839
-0.0126605
-0.00843431
-0.00503939
-0.00249119
-0.00082072
-0.000105951
-0.000159529
-0.00105206
-0.00296512
-0.00568448
-0.00908073
-0.0130722
-0.01758
-0.0225298
-0.0278552
-0.0334966
-0.0394003
-0.0455182
-0.0518071
-0.0582279
-0.0647451
-0.0713265
-0.0779422
-0.0845645
-0.0911672
-0.0977255
-0.104215
-0.110613
-0.116896
-0.12304
-0.129023
-0.13482
-0.140409
-0.145763
-0.150859
-0.155669
-0.160168
-0.164327
-0.168119
-0.171515
-0.174486
-0.177002
-0.179034
-0.180552
-0.181527
-0.181932
-0.181741
-0.180928
-0.179473
-0.177358
-0.17457
-0.171101
-0.166949
-0.162118
-0.156623
-0.150485
-0.143737
-0.136419
-0.128585
-0.120297
-0.111629
-0.102664
-0.0934952
-0.0842214
-0.0749493
-0.0657891
-0.0568527
-0.0482516
-0.0400939
-0.0324822
-0.0255106
-0.0192633
-0.0138119
-0.00921518
-0.00551431
-0.00273035
-0.000901392
-0.000116917
-0.000163437
-0.00107741
-0.00303595
-0.0058194
-0.00929498
-0.0133789
-0.0179901
-0.0230526
-0.0284983
-0.0342662
-0.0403016
-0.0465555
-0.0529841
-0.0595477
-0.0662109
-0.0729411
-0.0797088
-0.0864864
-0.0932483
-0.0999699
-0.106628
-0.113199
-0.119662
-0.125993
-0.132169
-0.138169
-0.143968
-0.149542
-0.154866
-0.159914
-0.164659
-0.169074
-0.17313
-0.176798
-0.180046
-0.182844
-0.18516
-0.186962
-0.188219
-0.1889
-0.188975
-0.188415
-0.187196
-0.185294
-0.182691
-0.179375
-0.175338
-0.17058
-0.16511
-0.158946
-0.152115
-0.144656
-0.13662
-0.128069
-0.119078
-0.109732
-0.100128
-0.0903709
-0.0805751
-0.0708594
-0.061346
-0.0521576
-0.0434145
-0.0352314
-0.0277151
-0.0209613
-0.015053
-0.0100589
-0.00602876
-0.00299015
-0.000989358
-0.000128977
-0.000166759
-0.00109907
-0.00309666
-0.00593528
-0.00947937
-0.0136434
-0.0183444
-0.0235051
-0.0290558
-0.0349343
-0.0410852
-0.0474586
-0.0540101
-0.0606999
-0.0674921
-0.0743545
-0.0812576
-0.0881742
-0.0950791
-0.101948
-0.108759
-0.11549
-0.122118
-0.128622
-0.13498
-0.14117
-0.14717
-0.152954
-0.158499
-0.16378
-0.168768
-0.173438
-0.177758
-0.1817
-0.185231
-0.18832
-0.190932
-0.193034
-0.194591
-0.19557
-0.195937
-0.195659
-0.194707
-0.193053
-0.190674
-0.187551
-0.183671
-0.179028
-0.173626
-0.167478
-0.160605
-0.153044
-0.144841
-0.136058
-0.12677
-0.117062
-0.107036
-0.0968027
-0.0864823
-0.0762033
-0.0660988
-0.0563033
-0.0469502
-0.0381679
-0.0300765
-0.0227853
-0.0163899
-0.0109702
-0.00658592
-0.00327235
-0.00108529
-0.000142244
-0.000169471
-0.00111691
-0.00314687
-0.00603147
-0.00963289
-0.0138641
-0.018641
-0.0238847
-0.0295244
-0.0354972
-0.0417465
-0.0482219
-0.0548786
-0.0616766
-0.0685799
-0.0755563
-0.0825766
-0.0896141
-0.096644
-0.103643
-0.110589
-0.117462
-0.124239
-0.1309
-0.137425
-0.143791
-0.149978
-0.15596
-0.161716
-0.16722
-0.172444
-0.177363
-0.181945
-0.186161
-0.189978
-0.193362
-0.196279
-0.198692
-0.200566
-0.201862
-0.202544
-0.202575
-0.201922
-0.200551
-0.198433
-0.195545
-0.191866
-0.187385
-0.182099
-0.176013
-0.169146
-0.161527
-0.1532
-0.144224
-0.13467
-0.124629
-0.114201
-0.103503
-0.0926625
-0.0818175
-0.0711117
-0.0606924
-0.0507069
-0.0412984
-0.0326021
-0.0247421
-0.0178282
-0.0119535
-0.00718888
-0.00357869
-0.00118985
-0.000156833
-0.000171553
-0.00113081
-0.00318629
-0.00610742
-0.00975472
-0.0140401
-0.0188783
-0.0241894
-0.0299017
-0.0359514
-0.0422813
-0.0488405
-0.0555837
-0.0624708
-0.0694658
-0.0765367
-0.0836545
-0.090793
-0.097928
-0.105037
-0.112099
-0.119094
-0.126001
-0.132801
-0.139473
-0.145998
-0.152355
-0.15852
-0.164472
-0.170186
-0.175635
-0.180793
-0.18563
-0.190115
-0.194215
-0.197897
-0.201123
-0.203857
-0.206058
-0.207688
-0.208706
-0.209072
-0.208747
-0.207693
-0.205876
-0.203264
-0.199833
-0.195562
-0.190442
-0.184472
-0.177663
-0.170038
-0.161636
-0.152512
-0.142735
-0.132393
-0.121591
-0.110449
-0.0991011
-0.0876933
-0.0763811
-0.0653252
-0.0546877
-0.0446279
-0.0352976
-0.0268376
-0.0193734
-0.0130131
-0.00784059
-0.00391087
-0.00130371
-0.000172861
-0.00017299
-0.00114069
-0.00321473
-0.00616278
-0.00984428
-0.0141704
-0.0190551
-0.0244176
-0.0301856
-0.0362944
-0.0426864
-0.0493102
-0.0561204
-0.0630764
-0.0701426
-0.0772869
-0.0844809
-0.0916988
-0.0989171
-0.106114
-0.11327
-0.120365
-0.127379
-0.134296
-0.141095
-0.147758
-0.154264
-0.160593
-0.166722
-0.172629
-0.178287
-0.183671
-0.18875
-0.193496
-0.197874
-0.201849
-0.205385
-0.208442
-0.21098
-0.212956
-0.214328
-0.215051
-0.215081
-0.214377
-0.212898
-0.210606
-0.207468
-0.20346
-0.198561
-0.192763
-0.18607
-0.178497
-0.170077
-0.160858
-0.150907
-0.140309
-0.12917
-0.117612
-0.105776
-0.0938156
-0.0818981
-0.0701978
-0.0588926
-0.0481591
-0.0381674
-0.0290764
-0.02103
-0.0141528
-0.00854386
-0.00427054
-0.00142753
-0.000190448
-0.000173773
-0.00114651
-0.00323209
-0.00619737
-0.00990129
-0.0142546
-0.0191708
-0.0245685
-0.0303748
-0.0365245
-0.0429595
-0.0496281
-0.0564845
-0.0634883
-0.0706038
-0.0777992
-0.0850465
-0.0923204
-0.0995983
-0.106859
-0.114084
-0.121254
-0.128352
-0.13536
-0.142261
-0.149037
-0.155669
-0.162137
-0.168422
-0.1745
-0.180347
-0.185938
-0.191244
-0.196236
-0.200879
-0.20514
-0.208981
-0.212361
-0.215238
-0.217569
-0.219308
-0.220406
-0.220817
-0.220493
-0.219387
-0.217457
-0.214662
-0.210967
-0.206346
-0.200782
-0.194267
-0.186811
-0.178437
-0.169185
-0.159119
-0.148318
-0.136888
-0.124953
-0.112657
-0.100163
-0.0876481
-0.0753018
-0.0633181
-0.051892
-0.0412137
-0.0314624
-0.0228018
-0.0153761
-0.00930131
-0.0046593
-0.00156196
-0.000209716
-0.000173902
-0.00114829
-0.00323841
-0.00621124
-0.00992581
-0.0142928
-0.0192254
-0.0246419
-0.0304688
-0.0366408
-0.0430992
-0.0497921
-0.0566735
-0.0637029
-0.0708447
-0.0780676
-0.0853437
-0.0926485
-0.0999601
-0.107258
-0.114525
-0.121744
-0.128897
-0.135969
-0.142943
-0.149804
-0.156534
-0.163116
-0.169528
-0.175752
-0.181764
-0.187538
-0.19305
-0.198268
-0.20316
-0.207693
-0.211828
-0.215525
-0.21874
-0.221429
-0.223542
-0.22503
-0.225842
-0.225925
-0.225227
-0.223698
-0.221292
-0.217965
-0.213681
-0.208413
-0.202146
-0.194876
-0.186618
-0.177405
-0.16729
-0.15635
-0.144686
-0.132421
-0.119704
-0.106705
-0.0936102
-0.0806237
-0.0679566
-0.0558238
-0.0444369
-0.0339975
-0.024692
-0.016686
-0.0101153
-0.00507863
-0.00170762
-0.000230789
-0.000173385
-0.00114608
-0.00323385
-0.00620474
-0.00991835
-0.0142856
-0.0192196
-0.0246384
-0.0304684
-0.0366438
-0.0431057
-0.0498018
-0.0566861
-0.0637181
-0.0708623
-0.0780875
-0.0853666
-0.0926756
-0.0999933
-0.107301
-0.114581
-0.121817
-0.128995
-0.1361
-0.143117
-0.150032
-0.156828
-0.163491
-0.170001
-0.17634
-0.182486
-0.188417
-0.194106
-0.199526
-0.204646
-0.209431
-0.213844
-0.217846
-0.221392
-0.224435
-0.226927
-0.228814
-0.230041
-0.230554
-0.230293
-0.229205
-0.227232
-0.224325
-0.220438
-0.215533
-0.209583
-0.202575
-0.194512
-0.185415
-0.17533
-0.164324
-0.152492
-0.139958
-0.12687
-0.113404
-0.0997563
-0.0861439
-0.072796
-0.059948
-0.0478347
-0.0366825
-0.0267025
-0.0180849
-0.0109881
-0.00552994
-0.00186514
-0.000253792
-0.000172243
-0.00114002
-0.00321877
-0.0061785
-0.00987986
-0.0142342
-0.0191548
-0.0245598
-0.0303753
-0.0365352
-0.0429804
-0.0496584
-0.056523
-0.0635338
-0.0706553
-0.0778569
-0.0851116
-0.0923964
-0.0996907
-0.106977
-0.114238
-0.121461
-0.12863
-0.135734
-0.14276
-0.149693
-0.156521
-0.16323
-0.169802
-0.176222
-0.182469
-0.188522
-0.194358
-0.199951
-0.205269
-0.210281
-0.214951
-0.219239
-0.223101
-0.226491
-0.229358
-0.231646
-0.2333
-0.23426
-0.234463
-0.233847
-0.23235
-0.229914
-0.226482
-0.222007
-0.216449
-0.209783
-0.201997
-0.193103
-0.183132
-0.172144
-0.160225
-0.147493
-0.134096
-0.120213
-0.106051
-0.0918369
-0.0778191
-0.0642544
-0.0514022
-0.0395158
-0.0288341
-0.0195746
-0.0119212
-0.00601453
-0.00203512
-0.000278856
-0.000170505
-0.00113029
-0.00319371
-0.0061335
-0.00981183
-0.0141407
-0.0190337
-0.024409
-0.0301926
-0.0363183
-0.0427265
-0.0493648
-0.0561867
-0.0631518
-0.0702249
-0.0773756
-0.0845775
-0.0918081
-0.099048
-0.10628
-0.11349
-0.120664
-0.127789
-0.134856
-0.141852
-0.148767
-0.155588
-0.162303
-0.168899
-0.17536
-0.18167
-0.187808
-0.193754
-0.199483
-0.204968
-0.210176
-0.215075
-0.219625
-0.223783
-0.227504
-0.230735
-0.233422
-0.235506
-0.236924
-0.237609
-0.237495
-0.236513
-0.234595
-0.231676
-0.227696
-0.222605
-0.216362
-0.208943
-0.200344
-0.190583
-0.179705
-0.167788
-0.154942
-0.141312
-0.127077
-0.112449
-0.0976696
-0.083003
-0.0687283
-0.0551312
-0.042494
-0.0310862
-0.021156
-0.0129163
-0.0065335
-0.00221812
-0.000306108
-0.000168215
-0.00111718
-0.00315941
-0.00607112
-0.00971634
-0.0140078
-0.0188597
-0.0241901
-0.029925
-0.0359979
-0.0423492
-0.048926
-0.055682
-0.0625765
-0.0695747
-0.0766463
-0.0837658
-0.0909111
-0.0980639
-0.105208
-0.11233
-0.119419
-0.126463
-0.133453
-0.14038
-0.147234
-0.154007
-0.160687
-0.167263
-0.173723
-0.180053
-0.186234
-0.192249
-0.198074
-0.203686
-0.209054
-0.214147
-0.218929
-0.223357
-0.227386
-0.230966
-0.234041
-0.236551
-0.238431
-0.239612
-0.240022
-0.239587
-0.23823
-0.235877
-0.232457
-0.227907
-0.222171
-0.215211
-0.207004
-0.197554
-0.186891
-0.175078
-0.162214
-0.148438
-0.133928
-0.118898
-0.103602
-0.0883187
-0.0733504
-0.0590101
-0.0456111
-0.0334566
-0.0228291
-0.0139741
-0.00708782
-0.00241467
-0.000335681
-0.000165432
-0.00110105
-0.00311688
-0.00599319
-0.00959614
-0.0138394
-0.0186374
-0.0239085
-0.0295786
-0.035581
-0.0418556
-0.0483494
-0.055016
-0.0618148
-0.0687109
-0.0756747
-0.082681
-0.0897087
-0.0967403
-0.103761
-0.110759
-0.117723
-0.124645
-0.131517
-0.138332
-0.145083
-0.151762
-0.158362
-0.164873
-0.171286
-0.177588
-0.183766
-0.189804
-0.195681
-0.201376
-0.206862
-0.212111
-0.217086
-0.221751
-0.22606
-0.229964
-0.233409
-0.236334
-0.238673
-0.240356
-0.241305
-0.241442
-0.240682
-0.238944
-0.236145
-0.232207
-0.227062
-0.220653
-0.212942
-0.203911
-0.193574
-0.181976
-0.169204
-0.155384
-0.140689
-0.125337
-0.109585
-0.0937307
-0.0780961
-0.0630231
-0.0488584
-0.0359415
-0.0245929
-0.0150952
-0.00767823
-0.00262523
-0.000367704
-0.000162229
-0.00108236
-0.00306735
-0.00590198
-0.00945471
-0.01364
-0.0183728
-0.0235714
-0.0291616
-0.0350762
-0.041255
-0.0476447
-0.0541986
-0.0608762
-0.0676429
-0.0744694
-0.0813311
-0.0882078
-0.0950829
-0.101943
-0.108777
-0.115577
-0.122335
-0.129046
-0.135704
-0.142305
-0.148844
-0.155315
-0.161712
-0.168028
-0.174255
-0.180379
-0.18639
-0.19227
-0.198
-0.203557
-0.208916
-0.214043
-0.218904
-0.223457
-0.227655
-0.231444
-0.234766
-0.237553
-0.239734
-0.241229
-0.241955
-0.241823
-0.240741
-0.238616
-0.235359
-0.230886
-0.225121
-0.218008
-0.209509
-0.199617
-0.188356
-0.175796
-0.162048
-0.147275
-0.131693
-0.115564
-0.0991962
-0.0829351
-0.0671506
-0.0522242
-0.038535
-0.0264454
-0.0162794
-0.00830524
-0.00285024
-0.000402309
-0.000158698
-0.00106169
-0.00301237
-0.00580034
-0.00929634
-0.0134156
-0.0180732
-0.0231875
-0.0286839
-0.0344947
-0.0405594
-0.0468243
-0.0532425
-0.0597736
-0.0663831
-0.0730423
-0.0797273
-0.0864187
-0.093101
-0.0997621
-0.106393
-0.112986
-0.119537
-0.126041
-0.132496
-0.138899
-0.145248
-0.151541
-0.157773
-0.16394
-0.170038
-0.176056
-0.181987
-0.187816
-0.193529
-0.199107
-0.204525
-0.209757
-0.214769
-0.219524
-0.223977
-0.228078
-0.231769
-0.234984
-0.237651
-0.23969
-0.241014
-0.241529
-0.241136
-0.239734
-0.237219
-0.233493
-0.228464
-0.222053
-0.214201
-0.204877
-0.194083
-0.181865
-0.168317
-0.153588
-0.137885
-0.121471
-0.104665
-0.0878313
-0.0713681
-0.0556935
-0.041229
-0.028383
-0.0175257
-0.00896909
-0.00309006
-0.000439622
-0.000154949
-0.00103971
-0.0029538
-0.00569167
-0.00912624
-0.0131732
-0.0177476
-0.0227675
-0.0281577
-0.03385
-0.0397832
-0.0459033
-0.0521633
-0.0585227
-0.0649474
-0.0714091
-0.0778846
-0.0843557
-0.090808
-0.0972309
-0.103617
-0.10996
-0.116259
-0.12251
-0.128714
-0.13487
-0.140978
-0.14704
-0.153054
-0.159019
-0.164932
-0.170789
-0.176584
-0.182308
-0.187948
-0.19349
-0.198914
-0.204198
-0.209311
-0.21422
-0.218884
-0.223256
-0.22728
-0.230895
-0.234028
-0.236599
-0.238519
-0.239692
-0.240012
-0.239369
-0.23765
-0.234741
-0.230532
-0.224923
-0.217834
-0.209205
-0.199014
-0.187279
-0.174072
-0.159522
-0.143822
-0.127234
-0.11008
-0.0927421
-0.0756463
-0.0592478
-0.0440132
-0.030401
-0.0188327
-0.00966972
-0.00334497
-0.000479772
-0.000151114
-0.00101726
-0.00289387
-0.00558007
-0.0089506
-0.0129212
-0.0174066
-0.022324
-0.0275975
-0.033158
-0.0389437
-0.0449001
-0.0509799
-0.0571428
-0.0633549
-0.0695886
-0.0758216
-0.0820368
-0.0882213
-0.0943659
-0.100465
-0.106515
-0.112515
-0.118465
-0.124368
-0.130226
-0.136043
-0.14182
-0.147561
-0.153268
-0.158941
-0.16458
-0.170181
-0.175741
-0.181251
-0.186699
-0.192072
-0.19735
-0.202509
-0.207518
-0.212343
-0.216939
-0.221255
-0.225232
-0.228801
-0.231882
-0.234387
-0.236216
-0.237261
-0.237406
-0.236525
-0.234492
-0.231181
-0.226471
-0.220256
-0.21245
-0.203002
-0.191898
-0.179183
-0.16496
-0.149406
-0.132769
-0.115375
-0.0976184
-0.0799508
-0.0628649
-0.0468748
-0.032493
-0.0201981
-0.0104067
-0.00361518
-0.000522882
-0.00014735
-0.000995303
-0.00283522
-0.00547037
-0.00877674
-0.0126696
-0.0170626
-0.021872
-0.0270204
-0.0324378
-0.0380614
-0.0438361
-0.0497146
-0.0556565
-0.0616284
-0.0676036
-0.0735607
-0.079484
-0.0853621
-0.0911875
-0.0969565
-0.102668
-0.108323
-0.113924
-0.119477
-0.124985
-0.130456
-0.135896
-0.141309
-0.146701
-0.152077
-0.157439
-0.162788
-0.168124
-0.173443
-0.178738
-0.183999
-0.189212
-0.194357
-0.19941
-0.204339
-0.209106
-0.213664
-0.217959
-0.221924
-0.225483
-0.22855
-0.231024
-0.232795
-0.233741
-0.23373
-0.232623
-0.230278
-0.226554
-0.22132
-0.214462
-0.205897
-0.195578
-0.183514
-0.169781
-0.154526
-0.137985
-0.120477
-0.102405
-0.0842418
-0.0665187
-0.0497982
-0.0346511
-0.0216186
-0.0111795
-0.00390082
-0.000569073
-0.000143841
-0.000974997
-0.00278094
-0.00536824
-0.00861325
-0.0124299
-0.0167303
-0.0214287
-0.0264462
-0.0317111
-0.0371597
-0.0427362
-0.048393
-0.05409
-0.0597945
-0.0654804
-0.0711281
-0.076723
-0.0822556
-0.0877205
-0.093116
-0.0984432
-0.103706
-0.108909
-0.114061
-0.119169
-0.124241
-0.129288
-0.134318
-0.139339
-0.14436
-0.149386
-0.154424
-0.159476
-0.164543
-0.169623
-0.174711
-0.179796
-0.184866
-0.1899
-0.194874
-0.199753
-0.204498
-0.209058
-0.213372
-0.217368
-0.220963
-0.224058
-0.226543
-0.228292
-0.229168
-0.229022
-0.227698
-0.225037
-0.220883
-0.215093
-0.207549
-0.19817
-0.186925
-0.173852
-0.159069
-0.142784
-0.125306
-0.107038
-0.0884742
-0.0701789
-0.0527651
-0.0368658
-0.0230902
-0.0119868
-0.00420194
-0.000618467
-0.000140805
-0.000957688
-0.00273469
-0.00528032
-0.00847015
-0.0122158
-0.0164266
-0.0210144
-0.0258977
-0.0310031
-0.0362656
-0.0416287
-0.0470444
-0.0524731
-0.0578829
-0.063249
-0.0685532
-0.0737829
-0.0789306
-0.0839932
-0.0889712
-0.0938684
-0.0986911
-0.103448
-0.108148
-0.112802
-0.117424
-0.122024
-0.126615
-0.131209
-0.135817
-0.14045
-0.145117
-0.149824
-0.154578
-0.159381
-0.164232
-0.169127
-0.174058
-0.17901
-0.183965
-0.188894
-0.193764
-0.19853
-0.203138
-0.207521
-0.2116
-0.21528
-0.218453
-0.220993
-0.222759
-0.223596
-0.223335
-0.2218
-0.218812
-0.214202
-0.207814
-0.199528
-0.189272
-0.17704
-0.16291
-0.147059
-0.129772
-0.11145
-0.0925973
-0.0738111
-0.0557547
-0.0391258
-0.0246083
-0.0128275
-0.00451853
-0.000671185
-0.000138496
-0.000944963
-0.00270072
-0.0052144
-0.00835914
-0.0120429
-0.0161711
-0.020652
-0.0254011
-0.0303426
-0.0354098
-0.0405455
-0.0457016
-0.0508391
-0.0559272
-0.0609427
-0.0658691
-0.0706963
-0.0754191
-0.0800369
-0.0845531
-0.0889741
-0.093309
-0.0975691
-0.101767
-0.105917
-0.110035
-0.114134
-0.118232
-0.122343
-0.126483
-0.130664
-0.134902
-0.139205
-0.143586
-0.148049
-0.152601
-0.157242
-0.161969
-0.166774
-0.171643
-0.176556
-0.181486
-0.186394
-0.191234
-0.195945
-0.200454
-0.204673
-0.208497
-0.211801
-0.214445
-0.216269
-0.217096
-0.216735
-0.214988
-0.211655
-0.206549
-0.199506
-0.19041
-0.179205
-0.165922
-0.150695
-0.133782
-0.115564
-0.0965549
-0.077377
-0.0587429
-0.0414183
-0.026167
-0.0136997
-0.0048505
-0.000727352
-0.000137217
-0.000938694
-0.00268405
-0.00517955
-0.00829383
-0.0119294
-0.0159863
-0.020368
-0.0249861
-0.0297617
-0.0346265
-0.0395223
-0.0444011
-0.0492248
-0.053964
-0.0585976
-0.0631117
-0.0674984
-0.0717556
-0.0758858
-0.0798952
-0.0837934
-0.0875927
-0.0913073
-0.0949532
-0.0985478
-0.102109
-0.105656
-0.109206
-0.11278
-0.116395
-0.12007
-0.12382
-0.127662
-0.131609
-0.135673
-0.139863
-0.144186
-0.148644
-0.153235
-0.157952
-0.162782
-0.167702
-0.172685
-0.177689
-0.182662
-0.18754
-0.19224
-0.196664
-0.200693
-0.204188
-0.206988
-0.208911
-0.209755
-0.209303
-0.207333
-0.203621
-0.197965
-0.190196
-0.180206
-0.167971
-0.153575
-0.137232
-0.1193
-0.100285
-0.0808338
-0.0617033
-0.0437288
-0.02776
-0.0146017
-0.00519778
-0.000787108
-0.000137329
-0.000941099
-0.00269061
-0.00518646
-0.00829008
-0.0118964
-0.0158982
-0.0201927
-0.0246864
-0.029297
-0.0339541
-0.0385985
-0.0431828
-0.0476701
-0.052033
-0.0562529
-0.0603189
-0.0642264
-0.0679766
-0.0715754
-0.0750326
-0.0783611
-0.0815765
-0.0846965
-0.0877404
-0.0907288
-0.0936828
-0.0966245
-0.099576
-0.102559
-0.105597
-0.108709
-0.111917
-0.11524
-0.118696
-0.122301
-0.12607
-0.130013
-0.134138
-0.13845
-0.142947
-0.147623
-0.152464
-0.157449
-0.162545
-0.16771
-0.172887
-0.178002
-0.182966
-0.187666
-0.191969
-0.195717
-0.198725
-0.200786
-0.201669
-0.201128
-0.198909
-0.194769
-0.188489
-0.179903
-0.168923
-0.155574
-0.140015
-0.122567
-0.103722
-0.0841349
-0.0646064
-0.0460414
-0.0293803
-0.0155313
-0.00556028
-0.000850608
-0.000139267
-0.000954821
-0.0027274
-0.00524769
-0.00836644
-0.0119683
-0.0159365
-0.0201602
-0.0245399
-0.028989
-0.0334346
-0.0378172
-0.0420899
-0.0462177
-0.0501759
-0.0539492
-0.0575302
-0.0609185
-0.0641191
-0.0671418
-0.0700004
-0.0727117
-0.0752948
-0.0777712
-0.0801636
-0.0824957
-0.0847924
-0.0870786
-0.0893799
-0.0917216
-0.0941289
-0.0966267
-0.0992389
-0.101989
-0.104898
-0.107987
-0.111275
-0.114778
-0.118508
-0.122475
-0.126686
-0.13114
-0.13583
-0.140744
-0.145858
-0.151138
-0.156538
-0.161994
-0.167427
-0.172733
-0.177789
-0.18244
-0.186506
-0.189776
-0.192011
-0.192947
-0.192302
-0.189795
-0.185155
-0.178155
-0.16864
-0.156563
-0.142018
-0.125274
-0.106792
-0.0872294
-0.0674204
-0.0483388
-0.0310206
-0.0164866
-0.00593803
-0.000918043
-0.000143556
-0.000983037
-0.00280278
-0.00537808
-0.00854464
-0.0121734
-0.0161355
-0.0203098
-0.0245892
-0.0288826
-0.0331145
-0.0372249
-0.0411684
-0.0449124
-0.048436
-0.0517279
-0.0547854
-0.0576126
-0.0602192
-0.0626197
-0.0648323
-0.066878
-0.06878
-0.0705636
-0.072255
-0.0738815
-0.0754713
-0.0770527
-0.0786543
-0.0803046
-0.0820321
-0.0838648
-0.08583
-0.0879546
-0.090264
-0.0927828
-0.0955336
-0.0985371
-0.101812
-0.105372
-0.109231
-0.113394
-0.117862
-0.122631
-0.127687
-0.133004
-0.138547
-0.144265
-0.150087
-0.155925
-0.161663
-0.167158
-0.172236
-0.176689
-0.180273
-0.182712
-0.183703
-0.182925
-0.180063
-0.174825
-0.166983
-0.15641
-0.143121
-0.127319
-0.109418
-0.0900624
-0.0701109
-0.0506026
-0.0326732
-0.0174657
-0.0063312
-0.000989657
-0.000150846
-0.0010296
-0.00292678
-0.00559529
-0.00885024
-0.0125448
-0.0165343
-0.0206853
-0.0248819
-0.0290272
-0.0330434
-0.0368708
-0.040466
-0.0438001
-0.0468567
-0.0496299
-0.0521225
-0.0543442
-0.0563102
-0.0580404
-0.0595579
-0.0608884
-0.0620596
-0.0631006
-0.0640417
-0.0649137
-0.065748
-0.0665761
-0.0674299
-0.0683408
-0.0693403
-0.0704595
-0.071729
-0.0731786
-0.0748374
-0.0767335
-0.0788935
-0.0813425
-0.0841034
-0.0871966
-0.0906394
-0.0944451
-0.0986221
-0.103173
-0.108093
-0.113367
-0.118971
-0.124866
-0.130993
-0.137279
-0.14362
-0.149886
-0.155915
-0.161505
-0.166414
-0.170361
-0.173024
-0.174055
-0.17309
-0.169778
-0.163813
-0.154979
-0.143201
-0.128597
-0.111518
-0.0925749
-0.0726408
-0.0528136
-0.0343306
-0.0184671
-0.00674028
-0.00106577
-0.00016194
-0.00109921
-0.00311153
-0.0059204
-0.00931338
-0.0131206
-0.0171781
-0.0213368
-0.0254705
-0.0294764
-0.0332747
-0.0368063
-0.0400314
-0.0429259
-0.0454796
-0.0476929
-0.0495756
-0.0511439
-0.0524197
-0.0534287
-0.0541997
-0.0547637
-0.055153
-0.055401
-0.055542
-0.0556105
-0.055641
-0.0556685
-0.0557275
-0.0558525
-0.0560777
-0.0564371
-0.0569641
-0.0576915
-0.0586515
-0.0598755
-0.0613938
-0.0632354
-0.0654274
-0.0679953
-0.0709616
-0.0743459
-0.0781634
-0.0824245
-0.0871333
-0.0922854
-0.097867
-0.103851
-0.110196
-0.116838
-0.123694
-0.130648
-0.137551
-0.144215
-0.150406
-0.155843
-0.160195
-0.163089
-0.164122
-0.162884
-0.15899
-0.152131
-0.142127
-0.128995
-0.113
-0.0947031
-0.0749708
-0.0549518
-0.0359857
-0.0194902
-0.00716623
-0.00114683
-0.000177849
-0.00119768
-0.00337177
-0.00637876
-0.00996974
-0.0139457
-0.0181181
-0.0223198
-0.0264127
-0.0302878
-0.0338635
-0.0370833
-0.039912
-0.0423323
-0.0443416
-0.0459487
-0.0471713
-0.0480338
-0.0485654
-0.0487988
-0.048769
-0.0485126
-0.048067
-0.0474704
-0.0467608
-0.0459764
-0.0451552
-0.0443349
-0.0435531
-0.0428469
-0.0422531
-0.0418082
-0.041548
-0.0415083
-0.0417239
-0.0422291
-0.0430576
-0.0442417
-0.0458128
-0.0478006
-0.0502327
-0.0531343
-0.0565273
-0.0604297
-0.0648538
-0.0698055
-0.0752819
-0.0812692
-0.0877392
-0.0946463
-0.101922
-0.10947
-0.11716
-0.124821
-0.132231
-0.139118
-0.14515
-0.149938
-0.153048
-0.154014
-0.152374
-0.147722
-0.139763
-0.128392
-0.11377
-0.0963782
-0.0770588
-0.0569968
-0.0376324
-0.0205356
-0.00761069
-0.00123345
-0.00019986
-0.00133223
-0.00372561
-0.00700093
-0.0108616
-0.0150718
-0.019413
-0.0236966
-0.027771
-0.0315213
-0.0348657
-0.0377515
-0.0401507
-0.0420549
-0.0434711
-0.0444184
-0.0449242
-0.0450222
-0.0447503
-0.0441488
-0.0432598
-0.042126
-0.0407902
-0.0392952
-0.0376831
-0.0359958
-0.0342745
-0.0325598
-0.0308918
-0.02931
-0.0278537
-0.0265615
-0.0254716
-0.0246219
-0.0240498
-0.0237922
-0.0238855
-0.0243654
-0.0252666
-0.0266228
-0.0284665
-0.0308279
-0.0337351
-0.0372131
-0.0412825
-0.0459586
-0.0512497
-0.0571545
-0.0636598
-0.0707364
-0.0783344
-0.0863779
-0.0947577
-0.103323
-0.111875
-0.120153
-0.127833
-0.134523
-0.139762
-0.14304
-0.143823
-0.141603
-0.135962
-0.126659
-0.113721
-0.0975245
-0.078859
-0.0589278
-0.039266
-0.0216054
-0.00807633
-0.00132647
-0.000229629
-0.00151195
-0.00419536
-0.00782397
-0.0120394
-0.0165592
-0.0211289
-0.0255348
-0.0296112
-0.0332377
-0.0363343
-0.0388551
-0.0407818
-0.0421177
-0.0428821
-0.0431065
-0.0428299
-0.042097
-0.0409552
-0.0394537
-0.0376421
-0.0355696
-0.0332847
-0.0308349
-0.0282666
-0.0256251
-0.0229546
-0.0202985
-0.0176992
-0.0151984
-0.0128372
-0.0106563
-0.00869579
-0.00699549
-0.00559486
-0.00453306
-0.0038489
-0.00358079
-0.00376668
-0.00444386
-0.00564874
-0.00741658
-0.00978102
-0.0127735
-0.0164225
-0.0207523
-0.0257818
-0.0315223
-0.0379749
-0.0451274
-0.0529493
-0.0613861
-0.0703526
-0.0797234
-0.089323
-0.0989149
-0.108191
-0.116763
-0.124159
-0.129834
-0.133188
-0.133616
-0.130569
-0.123653
-0.112735
-0.0980578
-0.0803216
-0.0607235
-0.0408839
-0.0227045
-0.00856726
-0.00142711
-0.000269313
-0.00174835
-0.00480877
-0.00889298
-0.0135626
-0.0184775
-0.0233398
-0.0279075
-0.0320003
-0.0354946
-0.0383153
-0.0404266
-0.0418237
-0.0425252
-0.0425659
-0.0419918
-0.0408561
-0.0392156
-0.037129
-0.0346549
-0.0318509
-0.0287732
-0.0254762
-0.022012
-0.0184312
-0.0147825
-0.0111128
-0.00746791
-0.00389227
-0.000429432
0.00287784
0.0059874
0.00885752
0.0114468
0.0137142
0.0156186
0.0171193
0.0181753
0.0187461
0.0187914
0.0182708
0.017145
0.0153751
0.0129237
0.00975511
0.00583659
0.00113922
-0.00436028
-0.0106773
-0.017816
-0.0257655
-0.034494
-0.0439415
-0.0540107
-0.0645558
-0.0753691
-0.0861676
-0.0965792
-0.106134
-0.114263
-0.120315
-0.123591
-0.123411
-0.119213
-0.110682
-0.097882
-0.0813899
-0.0623617
-0.0424859
-0.0238409
-0.00908959
-0.00153709
-0.000321757
-0.00205618
-0.00560054
-0.010263
-0.0155021
-0.0209063
-0.0261266
-0.0308899
-0.0350026
-0.038341
-0.0408395
-0.0424777
-0.0432692
-0.0432516
-0.0424791
-0.0410153
-0.0389295
-0.0362926
-0.0331754
-0.0296468
-0.0257731
-0.0216176
-0.0172404
-0.0126985
-0.00804622
-0.00333528
0.0013848
0.00606629
0.010663
0.0151301
0.0194234
0.0234998
0.0273162
0.0308302
0.0339994
0.0367812
0.0391333
0.0410129
0.0423771
0.0431828
0.0433866
0.0429451
0.0418151
0.0399535
0.0373183
0.0338687
0.0295666
0.0243774
0.0182722
0.0112306
0.00324443
-0.00567723
-0.0155009
-0.0261593
-0.0375398
-0.0494699
-0.0617001
-0.0738861
-0.0855734
-0.096187
-0.105037
-0.111342
-0.114296
-0.113159
-0.107405
-0.0968837
-0.0819976
-0.0638179
-0.0440753
-0.0250275
-0.00965234
-0.00165883
-0.000390768
-0.00245454
-0.00661437
-0.0120011
-0.0179412
-0.0239351
-0.0295751
-0.0345553
-0.038672
-0.0418073
-0.0439117
-0.0449867
-0.0450703
-0.0442248
-0.0425274
-0.0400627
-0.0369183
-0.033181
-0.0289347
-0.0242593
-0.0192299
-0.0139169
-0.00838611
-0.00269904
0.00308662
0.00891649
0.014739
0.0205048
0.0261667
0.0316786
0.0369959
0.0420743
0.0468705
0.0513411
0.0554428
0.0591322
0.0623655
0.0650985
0.0672865
0.068884
0.0698451
0.0701228
0.06967
0.0684387
0.0663809
0.063449
0.0595959
0.0547768
0.0489502
0.0420805
0.0341409
0.0251182
0.0150193
0.00388018
-0.00822256
-0.021156
-0.0347122
-0.0485861
-0.062353
-0.0754501
-0.0871674
-0.096662
-0.103005
-0.105278
-0.10272
-0.0949252
-0.0820631
-0.0650629
-0.0456584
-0.0262831
-0.0102686
-0.00179584
-0.000481526
-0.00296844
-0.00790566
-0.0141897
-0.0209772
-0.0276624
-0.0337712
-0.0389667
-0.0430409
-0.0458909
-0.0474925
-0.0478781
-0.0471177
-0.045304
-0.042542
-0.0389408
-0.0346085
-0.0296492
-0.0241607
-0.0182342
-0.0119536
-0.00539631
0.00136675
0.00827011
0.0152532
0.0222596
0.0292362
0.0361329
0.0429016
0.049496
0.0558712
0.0619828
0.067787
0.0732404
0.0782991
0.0829193
0.0870564
0.0906649
0.0936989
0.096111
0.097853
0.0988752
0.0991268
0.0985557
0.0971087
0.0947317
0.0913701
0.0869695
0.0814769
0.0748425
0.0670222
0.0579814
0.0477011
0.0361856
0.0234741
0.00965607
-0.00510839
-0.0205639
-0.0363311
-0.0518784
-0.0664997
-0.0793114
-0.0892823
-0.0953162
-0.0964017
-0.0918327
-0.081481
-0.0660586
-0.0472452
-0.0276348
-0.0109571
-0.00195322
-0.00060123
-0.00363112
-0.00954521
-0.0169289
-0.0247218
-0.0321913
-0.0387926
-0.0441626
-0.0481011
-0.0505329
-0.0514727
-0.0509946
-0.0492097
-0.0462483
-0.042248
-0.0373455
-0.0316718
-0.0253489
-0.0184894
-0.0111953
-0.00355905
0.00433587
0.012414
0.0206067
0.0288516
0.0370907
0.0452706
0.0533407
0.0612532
0.068962
0.0764225
0.0835908
0.0904234
0.096877
0.102908
0.108473
0.113526
0.118021
0.121912
0.12515
0.127684
0.129463
0.130434
0.13054
0.129723
0.127925
0.125083
0.121136
0.116019
0.10967
0.102029
0.0930412
0.0826634
0.0708688
0.0576589
0.0430777
0.0272321
0.0103189
-0.00734241
-0.025272
-0.0427942
-0.0590137
-0.0728234
-0.0829643
-0.088166
-0.0873808
-0.0801084
-0.06675
-0.048847
-0.0291203
-0.0117453
-0.00213851
-0.000760138
-0.00448759
-0.0116242
-0.0203406
-0.0292997
-0.0376218
-0.0446918
-0.0501337
-0.0537735
-0.0555835
-0.0556338
-0.054055
-0.0510096
-0.0466729
-0.0412203
-0.0348188
-0.0276235
-0.0197753
-0.0114004
-0.0026113
0.00649228
0.0158219
0.0252988
0.0348526
0.0444199
0.0539429
0.0633683
0.0726464
0.0817304
0.0905752
0.0991373
0.107374
0.115243
0.122701
0.129706
0.136214
0.14218
0.147559
0.152302
0.156361
0.159684
0.162217
0.163904
0.164687
0.164505
0.163292
0.160983
0.157506
0.15279
0.146761
0.139344
0.130467
0.120064
0.108079
0.0944755
0.0792525
0.0624605
0.0442302
0.0248082
0.00460167
-0.0157725
-0.0354432
-0.0532637
-0.0678408
-0.0776498
-0.0812685
-0.0777446
-0.0670515
-0.0504727
-0.030791
-0.0126728
-0.00236311
-0.000973355
-0.00560004
-0.0142612
-0.024571
-0.0348427
-0.0440332
-0.0514682
-0.0567841
-0.0598617
-0.0607481
-0.0595917
-0.0565956
-0.051986
-0.0459905
-0.0388264
-0.0306931
-0.0217701
-0.0122158
-0.00216913
0.00824904
0.0189336
0.0297931
0.0407474
0.0517261
0.0626666
0.0735125
0.0842121
0.094718
0.104985
0.114971
0.124633
0.133932
0.142825
0.151273
0.159234
0.166665
0.173522
0.17976
0.18533
0.190185
0.194271
0.197533
0.199915
0.201356
0.20179
0.201151
0.199365
0.196359
0.192051
0.186358
0.179195
0.170471
0.160102
0.148003
0.134105
0.11836
0.100763
0.0813726
0.0603517
0.0380155
0.0148918
-0.00821298
-0.0301606
-0.0494683
-0.0643819
-0.0730865
-0.0740987
-0.0668234
-0.0521196
-0.0327147
-0.013798
-0.0026448
-0.001264
-0.00705668
-0.0176112
-0.0297915
-0.0414755
-0.0514523
-0.0590192
-0.063868
-0.0659785
-0.0655089
-0.0627133
-0.057887
-0.0513311
-0.0433322
-0.0341516
-0.0240213
-0.0131429
-0.00169025
0.0101885
0.0223673
0.0347387
0.0472111
0.059706
0.0721553
0.0844992
0.0966848
0.108664
0.120392
0.131829
0.142934
0.153668
0.163995
0.173875
0.18327
0.192141
0.200447
0.208144
0.215189
0.221536
0.227134
0.231931
0.235874
0.238903
0.240955
0.241966
0.241864
0.240573
0.238015
0.234102
0.228744
0.221844
0.213301
0.20301
0.190865
0.176765
0.160618
0.142364
0.121988
0.0995607
0.0752893
0.0495827
0.0231377
-0.00297457
-0.0272462
-0.0477445
-0.06227
-0.0687406
-0.0658326
-0.0537535
-0.0349773
-0.0152079
-0.00301221
-0.00166909
-0.00898611
-0.0218777
-0.036193
-0.049283
-0.0597927
-0.0670552
-0.0708885
-0.0714334
-0.0690065
-0.0639999
-0.05682
-0.0478527
-0.0374467
-0.0259063
-0.013492
-0.000423158
0.0131169
0.0269759
0.0410276
0.0551671
0.0693071
0.0833739
0.0973052
0.111047
0.124552
0.137778
0.150685
0.163239
0.175402
0.187143
0.198425
0.209216
0.219478
0.229177
0.238272
0.246725
0.254491
0.261527
0.267783
0.273209
0.277751
0.281348
0.28394
0.285458
0.285831
0.284981
0.282825
0.279273
0.274228
0.267586
0.259235
0.249056
0.236924
0.222708
0.20628
0.187526
0.166359
0.142755
0.116797
0.0887512
0.0591574
0.0289518
-0.000417728
-0.0269248
-0.0480341
-0.0610277
-0.0636861
-0.0552697
-0.0376788
-0.0170333
-0.00351308
-0.00225065
-0.0115812
-0.0273251
-0.0439629
-0.0582412
-0.0687435
-0.0749567
-0.0769341
-0.0750614
-0.0698704
-0.0619237
-0.0517542
-0.0398365
-0.0265776
-0.0123175
0.00266385
0.018139
0.0339243
0.0498718
0.0658627
0.0818011
0.0976094
0.113224
0.128592
0.143669
0.158416
0.172799
0.186787
0.200349
0.213458
0.226084
0.238199
0.249773
0.260774
0.271169
0.280924
0.290001
0.29836
0.305957
0.312747
0.31868
0.323703
0.327757
0.330781
0.332708
0.333466
0.332975
0.331153
0.327906
0.323134
0.316728
0.308569
0.298526
0.286459
0.272215
0.255634
0.236552
0.214815
0.190304
0.162975
0.132926
0.100497
0.0664172
0.0319684
-0.000854136
-0.029286
-0.0499949
-0.0597201
-0.0564148
-0.0409134
-0.019471
-0.00422937
-0.00311707
-0.0151375
-0.0342843
-0.0532193
-0.0680745
-0.0775641
-0.0815306
-0.0804197
-0.0749669
-0.0659773
-0.0542092
-0.0403255
-0.0248803
-0.00832369
0.00898562
0.0267657
0.0447967
0.0629087
0.0809701
0.0988799
0.11656
0.133949
0.150999
0.167672
0.183937
0.199766
0.215137
0.230028
0.244417
0.258285
0.271608
0.284366
0.296532
0.308082
0.318986
0.329214
0.338732
0.347503
0.355487
0.36264
0.368915
0.374261
0.378623
0.381939
0.384144
0.385167
0.384931
0.383351
0.380335
0.375781
0.369578
0.361602
0.351717
0.33977
0.325593
0.308998
0.289782
0.267732
0.242638
0.214329
0.182722
0.147925
0.110385
0.0710999
0.0318646
-0.0045095
-0.0341953
-0.0528195
-0.0566369
-0.0447084
-0.0228106
-0.00530398
-0.00446318
-0.0201105
-0.0431225
-0.0638416
-0.0779601
-0.0847086
-0.0846023
-0.0786854
-0.0681529
-0.0541258
-0.0375582
-0.0192207
0.000284298
0.0204968
0.0410712
0.0617508
0.0823472
0.102723
0.12278
0.142446
0.161671
0.180419
0.198664
0.216388
0.233576
0.250217
0.266301
0.281818
0.296757
0.311107
0.324854
0.337982
0.350475
0.362311
0.373468
0.383918
0.393633
0.40258
0.410722
0.41802
0.424429
0.4299
0.434382
0.437816
0.44014
0.441285
0.441175
0.439729
0.436856
0.432456
0.426418
0.418619
0.408918
0.397158
0.383159
0.366717
0.347596
0.325536
0.300249
0.271442
0.238856
0.202344
0.16201
0.118443
0.0730387
0.0283806
-0.0114749
-0.0411287
-0.0548042
-0.0488666
-0.0274484
-0.00698369
-0.00664099
-0.0271811
-0.0540942
-0.0750574
-0.0859285
-0.0871477
-0.080348
-0.0673934
-0.0500123
-0.0296283
-0.00733775
0.0160477
0.0399434
0.0639377
0.0877462
0.111177
0.134103
0.156445
0.178153
0.1992
0.219576
0.239275
0.2583
0.276658
0.294354
0.311394
0.327784
0.343528
0.358625
0.373074
0.386871
0.400008
0.412474
0.424255
0.435333
0.445688
0.455294
0.464124
0.472144
0.47932
0.485611
0.490972
0.495355
0.498706
0.500965
0.502069
0.501946
0.500518
0.497698
0.493391
0.48749
0.479873
0.470403
0.458922
0.445247
0.429163
0.410418
0.388715
0.363706
0.334998
0.302166
0.26481
0.222659
0.175787
0.12497
0.0722096
0.0213342
-0.0215994
-0.0486905
-0.052589
-0.0338214
-0.0096712
-0.0102537
-0.0372382
-0.0668234
-0.0844578
-0.0876629
-0.0791792
-0.0622507
-0.03969
-0.0137006
0.0141241
0.0426929
0.0712858
0.0994453
0.126893
0.153469
0.179094
0.203737
0.227398
0.250097
0.271863
0.29273
0.312734
0.331907
0.350283
0.367889
0.384751
0.400889
0.41632
0.431057
0.445107
0.458474
0.471159
0.483158
0.494462
0.505059
0.514934
0.524066
0.532433
0.540007
0.546755
0.552643
0.557631
0.561675
0.564725
0.566728
0.567625
0.56735
0.565832
0.56299
0.558735
0.552967
0.545573
0.53642
0.525357
0.512206
0.496751
0.478734
0.457841
0.433687
0.405806
0.373642
0.336569
0.293945
0.245275
0.190527
0.13072
0.0687985
0.0106834
-0.0340597
-0.0536126
-0.0420293
-0.0139092
-0.0161373
-0.0508514
-0.078689
-0.0857224
-0.0741991
-0.0504768
-0.0196309
0.0147935
0.0504625
0.0859489
0.120441
0.153515
0.184988
0.214813
0.243024
0.269697
0.294923
0.318801
0.341427
0.362892
0.383279
0.40266
0.421101
0.438658
0.455382
0.471311
0.486482
0.500923
0.514654
0.527693
0.540051
0.551735
0.562745
0.57308
0.582732
0.59169
0.59994
0.607461
0.614232
0.620226
0.625411
0.629754
0.633216
0.635755
0.637321
0.637865
0.637326
0.635643
0.632742
0.628546
0.622963
0.61589
0.607209
0.596779
0.584433
0.569969
0.553136
0.533622
0.511033
0.484868
0.45449
0.41911
0.377777
0.329449
0.273201
0.208718
0.137284
0.0634053
-0.0031135
-0.0463502
-0.0505332
-0.0199787
-0.02462
-0.0658499
-0.0802517
-0.0636517
-0.0278746
0.0166977
0.0639996
0.110704
0.155138
0.196614
0.234978
0.270337
0.30292
0.332993
0.36082
0.386648
0.410697
0.433158
0.454198
0.47396
0.492565
0.510115
0.5267
0.542393
0.557256
0.571341
0.584691
0.597341
0.609319
0.620645
0.631337
0.641403
0.65085
0.659679
0.667887
0.675466
0.682405
0.688689
0.694301
0.699219
0.703416
0.706866
0.709534
0.711387
0.712383
0.712478
0.711625
0.709769
0.706851
0.702801
0.697545
0.690994
0.683045
0.673577
0.662443
0.649463
0.634412
0.617001
0.596858
0.573494
0.54626
0.514294
0.476466
0.431327
0.377148
0.312162
0.23533
0.148145
0.0578779
-0.0183939
-0.0528653
-0.0262209
-0.0312986
-0.0687267
-0.0436717
0.0154764
0.083685
0.150389
0.211704
0.266454
0.314771
0.357333
0.394946
0.428374
0.458283
0.48523
0.509674
0.531989
0.552479
0.571391
0.588927
0.605253
0.620505
0.634795
0.648216
0.660845
0.672745
0.683969
0.69456
0.704552
0.713972
0.722844
0.731182
0.738997
0.746297
0.753083
0.759356
0.765109
0.770337
0.775026
0.779165
0.782735
0.785718
0.788091
0.789829
0.790905
0.791288
0.790943
0.789832
0.787915
0.785144
0.781467
0.776823
0.771145
0.764352
0.756346
0.74701
0.736199
0.723727
0.709356
0.692769
0.673542
0.651094
0.624621
0.592998
0.554645
0.507385
0.44832
0.374026
0.281702
0.172056
0.0556971
-0.0301859
-0.0232112
-0.000660334
0.000353243
0.104334
0.217908
0.312104
0.388132
0.449787
0.500019
0.541358
0.575878
0.605153
0.630346
0.652322
0.671723
0.689036
0.704629
0.718788
0.731734
0.743643
0.754652
0.764875
0.7744
0.783302
0.79164
0.799464
0.806812
0.813717
0.820206
0.826298
0.832009
0.837352
0.842334
0.846961
0.851235
0.855155
0.858718
0.861919
0.86475
0.867203
0.869266
0.870925
0.872167
0.872975
0.873329
0.87321
0.872596
0.871461
0.869777
0.867515
0.86464
0.861112
0.856886
0.851908
0.846114
0.839424
0.83174
0.822934
0.81284
0.801238
0.787825
0.772179
0.753699
0.73151
0.70431
0.670123
0.625909
0.567062
0.487049
0.376958
0.228427
0.0726434
0.0309694
0.292184
0.379306
0.530608
0.644332
0.714299
0.76002
0.792314
0.816132
0.834339
0.848762
0.860549
0.87043
0.878885
0.886245
0.892742
0.898544
0.903776
0.908533
0.912887
0.916895
0.920602
0.924044
0.927249
0.930241
0.933038
0.935655
0.938104
0.940395
0.942536
0.944531
0.946386
0.948103
0.949683
0.951127
0.952433
0.953602
0.954629
0.955512
0.956248
0.956831
0.957256
0.957517
0.957609
0.957523
0.957252
0.956788
0.95612
0.955239
0.954133
0.952789
0.951192
0.949325
0.947167
0.944693
0.941872
0.938666
0.935024
0.930881
0.926147
0.920702
0.914371
0.906909
0.897943
0.886902
0.872863
0.854247
0.828214
0.789432
0.726146
0.611349
0.435852
0.317985
)
;

boundaryField
{
    movingWall
    {
        type            calculated;
        value           uniform 1;
    }
    fixedWalls
    {
        type            calculated;
        value           uniform 0;
    }
    frontAndBack
    {
        type            empty;
    }
}


// ************************************************************************* //
