/*--------------------------------*- C++ -*----------------------------------*\
  =========                 |
  \\      /  F ield         | OpenFOAM: The Open Source CFD Toolbox
   \\    /   O peration     | Website:  https://openfoam.org
    \\  /    A nd           | Version:  dev
     \\/     M anipulation  |
\*---------------------------------------------------------------------------*/
FoamFile
{
    format      ascii;
    class       volScalarField;
    location    "31.5";
    object      Ux;
}
// * * * * * * * * * * * * * * * * * * * * * * * * * * * * * * * * * * * * * //

dimensions      [0 1 -1 0 0 0 0];

internalField   nonuniform List<scalar> 
5184
(
1.23004e-05
4.51282e-05
8.03106e-05
9.59788e-05
8.2154e-05
3.64602e-05
-4.05534e-05
-0.000146867
-0.000279689
-0.000435963
-0.000612566
-0.000806466
-0.0010148
-0.00123489
-0.00146428
-0.00170073
-0.00194214
-0.00218662
-0.00243237
-0.00267771
-0.00292104
-0.00316079
-0.00339544
-0.00362346
-0.00384332
-0.00405349
-0.0042524
-0.00443849
-0.00461017
-0.00476587
-0.00490403
-0.00502313
-0.00512169
-0.00519835
-0.00525185
-0.00528106
-0.00528506
-0.0052631
-0.00521468
-0.00513959
-0.00503788
-0.00490992
-0.00475643
-0.00457845
-0.00437739
-0.004155
-0.00391338
-0.00365496
-0.00338246
-0.00309888
-0.00280747
-0.00251165
-0.00221499
-0.00192114
-0.00163378
-0.00135655
-0.00109299
-0.000846464
-0.000620121
-0.000416814
-0.00023904
-8.88751e-05
3.20902e-05
0.000122842
0.000183049
0.000213214
0.000214923
0.000191227
0.000147153
9.07959e-05
3.66247e-05
6.2255e-06
2.08322e-05
6.55998e-05
9.47032e-05
7.2808e-05
-1.89243e-05
-0.000187307
-0.000432924
-0.000752556
-0.00114066
-0.00159045
-0.00209459
-0.00264562
-0.00323624
-0.00385945
-0.00450866
-0.00517765
-0.00586064
-0.00655218
-0.00724712
-0.0079406
-0.00862791
-0.0093045
-0.00996588
-0.0106077
-0.0112254
-0.0118147
-0.0123712
-0.0128904
-0.0133679
-0.0137995
-0.0141809
-0.0145079
-0.0147767
-0.0149837
-0.0151256
-0.0151994
-0.015203
-0.0151344
-0.0149927
-0.0147773
-0.0144887
-0.0141281
-0.0136976
-0.0132003
-0.0126402
-0.012022
-0.0113515
-0.0106354
-0.00988098
-0.00909643
-0.0082904
-0.00747209
-0.00665102
-0.00583694
-0.00503962
-0.00426874
-0.00353367
-0.00284333
-0.00220601
-0.00162918
-0.00111932
-0.00068173
-0.000320321
-3.73786e-05
0.00016673
0.000293927
0.000348964
0.00034011
0.000279856
0.000186052
8.63646e-05
1.96769e-05
1.76307e-05
4.13204e-05
1.95929e-05
-8.4001e-05
-0.000290247
-0.000607894
-0.0010382
-0.00157736
-0.0022182
-0.00295154
-0.00376709
-0.00465416
-0.00560201
-0.00660019
-0.00763864
-0.00870779
-0.00979858
-0.0109024
-0.012011
-0.0131166
-0.0142116
-0.0152886
-0.0163404
-0.0173599
-0.0183399
-0.0192735
-0.0201536
-0.0209732
-0.0217254
-0.0224036
-0.0230011
-0.0235116
-0.0239293
-0.0242485
-0.0244646
-0.0245731
-0.0245707
-0.024455
-0.0242244
-0.0238785
-0.0234182
-0.0228457
-0.0221645
-0.0213792
-0.0204963
-0.0195234
-0.0184693
-0.0173442
-0.0161597
-0.014928
-0.0136625
-0.0123773
-0.0110869
-0.0098061
-0.00854981
-0.00733274
-0.00616913
-0.00507251
-0.00405543
-0.00312916
-0.00230343
-0.00158615
-0.000983043
-0.000497346
-0.000129372
0.000123951
0.000269717
0.000319776
0.000291262
0.0002074
0.000102452
2.49754e-05
8.83735e-06
-7.01437e-06
-0.000107582
-0.000322357
-0.000669583
-0.00115767
-0.00178735
-0.00255388
-0.0034487
-0.00446079
-0.00557766
-0.00678611
-0.00807274
-0.00942429
-0.0108278
-0.012271
-0.0137418
-0.0152289
-0.0167214
-0.0182086
-0.0196804
-0.0211268
-0.0225381
-0.0239045
-0.0252166
-0.0264649
-0.0276401
-0.0287328
-0.0297339
-0.0306346
-0.0314263
-0.0321009
-0.0326506
-0.0330684
-0.0333482
-0.0334847
-0.0334735
-0.0333118
-0.0329979
-0.0325315
-0.031914
-0.0311484
-0.0302394
-0.0291936
-0.0280191
-0.0267262
-0.0253263
-0.0238329
-0.0222608
-0.020626
-0.0189458
-0.0172384
-0.0155226
-0.0138174
-0.0121421
-0.0105157
-0.00895644
-0.00748183
-0.00610799
-0.00484942
-0.00371862
-0.00272568
-0.00187795
-0.00117955
-0.000630947
-0.000228441
3.64415e-05
0.000177599
0.000214759
0.00017409
9.30293e-05
2.40276e-05
-2.12563e-06
-6.72911e-05
-0.000264102
-0.000609747
-0.00111672
-0.00179124
-0.00263231
-0.00363355
-0.00478484
-0.00607347
-0.00748508
-0.00900442
-0.0106159
-0.012304
-0.0140534
-0.0158492
-0.0176771
-0.0195233
-0.0213744
-0.0232175
-0.0250399
-0.0268293
-0.0285737
-0.0302611
-0.0318798
-0.033418
-0.0348644
-0.0362076
-0.0374365
-0.0385404
-0.0395089
-0.0403322
-0.0410012
-0.0415077
-0.0418442
-0.0420048
-0.0419844
-0.0417798
-0.0413891
-0.0408123
-0.0400514
-0.0391101
-0.0379943
-0.0367119
-0.035273
-0.0336898
-0.0319762
-0.0301483
-0.0282238
-0.0262219
-0.0241633
-0.0220696
-0.0199632
-0.0178669
-0.0158037
-0.0137961
-0.011866
-0.0100343
-0.00832018
-0.006741
-0.0053117
-0.00404441
-0.00294801
-0.00202762
-0.0012842
-0.000713976
-0.000307963
-5.13903e-05
7.66211e-05
0.000103579
6.75037e-05
1.96657e-05
-1.36949e-05
-0.00013283
-0.000435811
-0.000924605
-0.00160384
-0.00247609
-0.0035375
-0.00477937
-0.00618962
-0.00775373
-0.00945556
-0.0112781
-0.0132037
-0.015215
-0.0172947
-0.0194259
-0.021592
-0.0237772
-0.0259659
-0.0281431
-0.030294
-0.0324042
-0.0344596
-0.0364462
-0.0383502
-0.0401579
-0.0418561
-0.0434315
-0.0448713
-0.0461632
-0.0472951
-0.048256
-0.0490354
-0.0496239
-0.0500134
-0.0501969
-0.050169
-0.0499261
-0.0494664
-0.0487899
-0.0478991
-0.0467984
-0.0454948
-0.0439974
-0.0423177
-0.0404697
-0.0384695
-0.0363353
-0.0340874
-0.0317477
-0.0293396
-0.0268879
-0.0244182
-0.0219563
-0.0195285
-0.0171606
-0.0148776
-0.0127033
-0.0106598
-0.00876712
-0.00704239
-0.00549976
-0.00414969
-0.00299855
-0.00204812
-0.00129513
-0.000730791
-0.000340385
-0.000102955
9.13734e-06
3.24915e-05
1.36204e-05
-2.51852e-05
-0.000200005
-0.000614054
-0.00125285
-0.00211193
-0.00318914
-0.00447691
-0.00596352
-0.00763449
-0.00947324
-0.0114618
-0.0135814
-0.0158128
-0.0181367
-0.0205341
-0.0229862
-0.0254749
-0.0279824
-0.0304912
-0.0329844
-0.0354454
-0.0378579
-0.040206
-0.0424737
-0.0446457
-0.0467063
-0.0486407
-0.050434
-0.0520718
-0.0535403
-0.0548261
-0.0559169
-0.0568012
-0.0574685
-0.0579098
-0.0581177
-0.0580862
-0.0578114
-0.0572913
-0.0565264
-0.0555192
-0.0542748
-0.052801
-0.0511079
-0.0492083
-0.0471177
-0.0448538
-0.0424368
-0.0398892
-0.0372351
-0.0345006
-0.031713
-0.0289004
-0.026092
-0.0233166
-0.0206029
-0.017979
-0.0154713
-0.0131047
-0.0109016
-0.00888148
-0.0070605
-0.00545089
-0.0040605
-0.00289232
-0.00194408
-0.00120783
-0.000669623
-0.000309251
-9.98796e-05
-7.72195e-06
6.85938e-06
-3.63384e-05
-0.000266929
-0.00079371
-0.00158555
-0.00262829
-0.00391438
-0.00543184
-0.00716539
-0.00909771
-0.0112099
-0.0134821
-0.0158936
-0.0184236
-0.0210512
-0.0237558
-0.0265172
-0.0293155
-0.0321312
-0.0349454
-0.0377396
-0.0404954
-0.043195
-0.0458207
-0.0483551
-0.050781
-0.0530816
-0.0552402
-0.0572405
-0.0590669
-0.0607041
-0.0621377
-0.0633541
-0.0643408
-0.0650865
-0.0655815
-0.0658175
-0.0657882
-0.0654895
-0.0649191
-0.0640776
-0.0629676
-0.0615948
-0.0599674
-0.0580964
-0.0559956
-0.0536817
-0.0511738
-0.0484939
-0.0456659
-0.0427163
-0.0396732
-0.0365663
-0.0334262
-0.0302846
-0.027173
-0.024123
-0.0211652
-0.0183288
-0.0156412
-0.0131275
-0.0108093
-0.00870518
-0.00682921
-0.00519106
-0.00379532
-0.00264116
-0.001722
-0.00102526
-0.000532123
-0.000217232
-5.04687e-05
-8.59339e-08
-4.7058e-05
-0.000332619
-0.000971779
-0.00191709
-0.00314453
-0.00464075
-0.00638894
-0.0083698
-0.0105628
-0.0129466
-0.0154991
-0.0181977
-0.0210201
-0.0239438
-0.0269467
-0.0300072
-0.033104
-0.0362164
-0.0393238
-0.0424064
-0.0454445
-0.0484186
-0.0513099
-0.0540993
-0.0567684
-0.0592989
-0.0616728
-0.0638726
-0.0658814
-0.0676827
-0.0692609
-0.0706016
-0.0716911
-0.0725175
-0.0730702
-0.0733404
-0.0733213
-0.0730081
-0.0723987
-0.0714931
-0.0702945
-0.0688084
-0.0670434
-0.0650113
-0.0627265
-0.0602065
-0.0574718
-0.0545454
-0.0514532
-0.0482231
-0.0448852
-0.0414713
-0.0380144
-0.0345485
-0.0311077
-0.0277262
-0.0244373
-0.0212729
-0.0182631
-0.0154355
-0.0128143
-0.0104205
-0.00827029
-0.00637559
-0.0047429
-0.00337327
-0.00226193
-0.00139816
-0.000764998
-0.000339015
-9.41899e-05
-6.94526e-06
-5.7332e-05
-0.000396593
-0.00114653
-0.00224393
-0.00365507
-0.0053606
-0.00733861
-0.00956551
-0.0120174
-0.01467
-0.017499
-0.02048
-0.0235889
-0.0268017
-0.030095
-0.0334459
-0.0368319
-0.0402309
-0.0436214
-0.046982
-0.0502919
-0.0535306
-0.0566778
-0.0597132
-0.0626173
-0.0653705
-0.0679537
-0.0703482
-0.0725358
-0.0744993
-0.0762219
-0.0776882
-0.0788837
-0.0797956
-0.0804125
-0.0807249
-0.0807255
-0.0804091
-0.079773
-0.0788172
-0.0775444
-0.0759603
-0.0740736
-0.0718964
-0.0694435
-0.0667333
-0.0637869
-0.0606286
-0.0572853
-0.0537867
-0.0501646
-0.0464526
-0.0426859
-0.0389008
-0.035134
-0.0314223
-0.0278015
-0.0243065
-0.0209702
-0.0178228
-0.0148915
-0.0121997
-0.00976635
-0.00760572
-0.00572671
-0.00413258
-0.00282079
-0.00178285
-0.00100401
-0.000463014
-0.000138068
-1.36029e-05
-6.71782e-05
-0.000458625
-0.00131694
-0.00256388
-0.00415619
-0.00606859
-0.00827392
-0.0107442
-0.0134518
-0.0163696
-0.0194708
-0.0227291
-0.0261186
-0.029614
-0.0331905
-0.0368241
-0.040491
-0.0441681
-0.0478328
-0.0514628
-0.0550362
-0.0585314
-0.0619268
-0.0652016
-0.0683348
-0.0713058
-0.0740946
-0.0766814
-0.0790471
-0.0811733
-0.0830424
-0.0846381
-0.085945
-0.0869493
-0.087639
-0.0880038
-0.0880356
-0.0877287
-0.0870797
-0.0860881
-0.0847565
-0.0830901
-0.0810977
-0.0787911
-0.0761857
-0.0733
-0.0701558
-0.0667783
-0.0631954
-0.0594381
-0.0555396
-0.0515356
-0.0474633
-0.0433612
-0.0392685
-0.0352246
-0.0312683
-0.0274372
-0.0237674
-0.020292
-0.0170413
-0.0140417
-0.011315
-0.00887823
-0.00674308
-0.00491543
-0.00339528
-0.00217667
-0.00124729
-0.000588216
-0.000181777
-2.00325e-05
-7.66205e-05
-0.00051861
-0.00148244
-0.00287547
-0.00464536
-0.00676091
-0.00918976
-0.0118994
-0.0148585
-0.0180369
-0.0214054
-0.0249355
-0.0285997
-0.0323712
-0.0362241
-0.040133
-0.0440734
-0.0480211
-0.0519526
-0.0558447
-0.0596746
-0.0634197
-0.0670578
-0.0705669
-0.0739252
-0.0771113
-0.0801041
-0.082883
-0.0854279
-0.0877196
-0.0897397
-0.0914706
-0.0928963
-0.0940022
-0.0947752
-0.0952042
-0.0952803
-0.094997
-0.0943502
-0.0933388
-0.0919645
-0.0902323
-0.0881504
-0.0857305
-0.0829878
-0.0799409
-0.0766121
-0.0730271
-0.0692146
-0.0652067
-0.0610382
-0.0567464
-0.0523703
-0.047951
-0.04353
-0.0391495
-0.0348514
-0.0306765
-0.0266638
-0.0228501
-0.0192689
-0.0159498
-0.0129181
-0.010194
-0.00779212
-0.00572146
-0.00398482
-0.00257907
-0.00149448
-0.000714465
-0.000225318
-2.62605e-05
-8.56806e-05
-0.000576498
-0.00164263
-0.00317775
-0.00512074
-0.00743474
-0.0100822
-0.0130261
-0.0162315
-0.0196651
-0.0232951
-0.027091
-0.0310236
-0.0350648
-0.0391872
-0.0433647
-0.0475716
-0.0517831
-0.0559747
-0.0601226
-0.0642032
-0.0681931
-0.0720695
-0.0758094
-0.0793905
-0.0827905
-0.0859874
-0.08896
-0.0916873
-0.0941491
-0.0963262
-0.0982002
-0.0997541
-0.100972
-0.101841
-0.102348
-0.102483
-0.102239
-0.101611
-0.100596
-0.0991967
-0.0974159
-0.0952615
-0.0927446
-0.0898802
-0.0866866
-0.0831861
-0.0794048
-0.0753721
-0.071121
-0.0666875
-0.0621105
-0.0574311
-0.0526925
-0.047939
-0.0432157
-0.0385675
-0.0340387
-0.029672
-0.0255076
-0.0215828
-0.017931
-0.0145812
-0.0115571
-0.0088769
-0.00655286
-0.00459099
-0.00299113
-0.00174629
-0.000842208
-0.000268911
-3.23454e-05
-9.43733e-05
-0.000632251
-0.00179723
-0.00346995
-0.00558094
-0.00808784
-0.0109481
-0.0141203
-0.0175658
-0.0212482
-0.0251333
-0.0291885
-0.0333828
-0.0376867
-0.0420719
-0.0465111
-0.050978
-0.0554468
-0.0598926
-0.0642907
-0.0686169
-0.0728475
-0.0769588
-0.0809274
-0.0847301
-0.0883441
-0.0917468
-0.094916
-0.0978301
-0.100468
-0.10281
-0.104836
-0.106529
-0.107872
-0.10885
-0.10945
-0.10966
-0.109473
-0.108881
-0.107882
-0.106475
-0.104664
-0.102455
-0.0998588
-0.0968888
-0.0935633
-0.0899045
-0.0859383
-0.0816946
-0.0772072
-0.0725132
-0.067653
-0.0626697
-0.0576088
-0.0525172
-0.0474432
-0.0424351
-0.0375408
-0.0328068
-0.0282776
-0.0239945
-0.0199951
-0.0163124
-0.0129743
-0.0100028
-0.00741386
-0.00521694
-0.00341513
-0.00200425
-0.000972323
-0.000312927
-3.83652e-05
-0.000102707
-0.000685826
-0.00194599
-0.00375144
-0.00602476
-0.00871832
-0.0117848
-0.0151784
-0.0188569
-0.0227811
-0.026914
-0.0312211
-0.0356699
-0.0402295
-0.0448704
-0.0495645
-0.0542847
-0.0590046
-0.0636987
-0.0683418
-0.0729094
-0.0773771
-0.0817207
-0.0859165
-0.0899406
-0.0937697
-0.0973807
-0.100751
-0.103857
-0.106679
-0.109194
-0.111384
-0.113228
-0.114709
-0.115812
-0.116521
-0.116824
-0.116711
-0.116175
-0.115211
-0.113817
-0.111995
-0.109751
-0.107093
-0.104034
-0.100593
-0.0967896
-0.0926505
-0.0882056
-0.0834891
-0.0785392
-0.0733977
-0.0681095
-0.0627225
-0.0572865
-0.0518529
-0.0464738
-0.041201
-0.0360853
-0.0311755
-0.0265177
-0.022154
-0.0181221
-0.0144543
-0.011177
-0.00831015
-0.00586705
-0.00385422
-0.00227045
-0.00110599
-0.00035784
-4.44103e-05
-0.000110681
-0.000737162
-0.00208867
-0.00402163
-0.00645109
-0.00932444
-0.0125897
-0.0161971
-0.0201008
-0.0242587
-0.0286315
-0.0331827
-0.0378782
-0.0426857
-0.0475749
-0.0525167
-0.0574834
-0.0624481
-0.0673849
-0.0722681
-0.0770729
-0.0817744
-0.0863482
-0.0907701
-0.095016
-0.0990621
-0.102885
-0.10646
-0.109766
-0.112779
-0.115478
-0.117842
-0.11985
-0.121485
-0.122728
-0.123563
-0.123978
-0.12396
-0.1235
-0.122591
-0.121231
-0.11942
-0.11716
-0.114461
-0.111332
-0.107792
-0.103859
-0.0995603
-0.0949249
-0.0899874
-0.0847868
-0.0793662
-0.0737724
-0.0680556
-0.0622686
-0.0564661
-0.0507041
-0.0450388
-0.0395255
-0.0342181
-0.0291676
-0.0244214
-0.0200222
-0.0160073
-0.012408
-0.00924859
-0.0065466
-0.00431225
-0.0025474
-0.00124461
-0.000404191
-5.05783e-05
-0.000118289
-0.000786176
-0.00222496
-0.00427988
-0.00685884
-0.00990452
-0.0133606
-0.0171733
-0.0212936
-0.0256765
-0.0302805
-0.0350671
-0.0400007
-0.0450479
-0.0501773
-0.0553593
-0.0605654
-0.0657685
-0.070942
-0.0760602
-0.0810979
-0.0860301
-0.0908321
-0.0954794
-0.0999476
-0.104213
-0.10825
-0.112036
-0.115548
-0.118761
-0.121654
-0.124205
-0.126392
-0.128195
-0.129595
-0.130576
-0.131121
-0.131218
-0.130856
-0.130025
-0.128721
-0.126942
-0.12469
-0.121969
-0.118791
-0.11517
-0.111126
-0.106682
-0.101868
-0.0967188
-0.091274
-0.0855776
-0.0796783
-0.0736285
-0.067484
-0.0613033
-0.0551463
-0.0490738
-0.0431464
-0.0374232
-0.0319607
-0.0268121
-0.0220258
-0.0176447
-0.0137053
-0.0102369
-0.00726154
-0.00479349
-0.00283792
-0.00138972
-0.000452569
-5.69714e-05
-0.000125519
-0.000832763
-0.00235454
-0.00452552
-0.00724687
-0.0104569
-0.014095
-0.018104
-0.0224314
-0.0270298
-0.0318554
-0.036868
-0.0420305
-0.0473085
-0.0526696
-0.0580836
-0.0635215
-0.0689558
-0.0743599
-0.0797077
-0.0849738
-0.0901333
-0.0951612
-0.100033
-0.104724
-0.10921
-0.113466
-0.117468
-0.121192
-0.124615
-0.127712
-0.130461
-0.13284
-0.134828
-0.136403
-0.137548
-0.138245
-0.138479
-0.138236
-0.137507
-0.136283
-0.13456
-0.132338
-0.12962
-0.126414
-0.122733
-0.118595
-0.114023
-0.109045
-0.103695
-0.0980146
-0.0920474
-0.085844
-0.0794592
-0.0729518
-0.0663839
-0.0598199
-0.0533256
-0.0469668
-0.0408086
-0.0349137
-0.0293416
-0.0241468
-0.0193785
-0.015079
-0.0112833
-0.00801827
-0.0053026
-0.00314504
-0.00154298
-0.000503594
-6.36946e-05
-0.000132354
-0.000876799
-0.00247705
-0.00475781
-0.00761398
-0.0109797
-0.0147906
-0.0189859
-0.0235104
-0.028314
-0.0333509
-0.0385792
-0.0439607
-0.0494596
-0.0550431
-0.0606802
-0.0663417
-0.0719997
-0.0776274
-0.0831987
-0.0886883
-0.094071
-0.099322
-0.104417
-0.10933
-0.114038
-0.118516
-0.122739
-0.126683
-0.130323
-0.133635
-0.136595
-0.13918
-0.141368
-0.143136
-0.144464
-0.145333
-0.145726
-0.145627
-0.145022
-0.143903
-0.142262
-0.140096
-0.137405
-0.134195
-0.130477
-0.126267
-0.121585
-0.116459
-0.110924
-0.105018
-0.0987868
-0.0922828
-0.0855628
-0.0786884
-0.0717256
-0.0647432
-0.0578124
-0.051005
-0.0443922
-0.0380436
-0.0320254
-0.0263994
-0.0212212
-0.0165399
-0.0123965
-0.00882352
-0.00584443
-0.00347191
-0.0017061
-0.000557909
-7.08545e-05
-0.00013877
-0.000918138
-0.00259207
-0.00497599
-0.00795893
-0.0114712
-0.0154449
-0.019816
-0.0245266
-0.0295243
-0.0347613
-0.0401944
-0.0457839
-0.0514933
-0.057289
-0.0631396
-0.0690155
-0.0748887
-0.0807323
-0.0865204
-0.0922275
-0.0978287
-0.103299
-0.108615
-0.11375
-0.118681
-0.123383
-0.127831
-0.131999
-0.135864
-0.1394
-0.142583
-0.145388
-0.147791
-0.149769
-0.1513
-0.152363
-0.152937
-0.153005
-0.152551
-0.151562
-0.150029
-0.147945
-0.145309
-0.142121
-0.138392
-0.134132
-0.129363
-0.12411
-0.118404
-0.112286
-0.105802
-0.0990034
-0.0919502
-0.0847068
-0.0773429
-0.0699323
-0.0625514
-0.0552783
-0.0481913
-0.041367
-0.0348794
-0.0287977
-0.0231855
-0.0180988
-0.0135855
-0.00968422
-0.00642399
-0.0038218
-0.00188085
-0.000616169
-7.85588e-05
-0.000144742
-0.000956623
-0.00269918
-0.00517923
-0.00828041
-0.0119295
-0.0160554
-0.0205911
-0.0254761
-0.0306559
-0.0360812
-0.0417071
-0.0474928
-0.0534013
-0.059398
-0.0654514
-0.0715316
-0.0776106
-0.0836615
-0.0896585
-0.0955763
-0.10139
-0.107076
-0.112608
-0.117964
-0.123117
-0.128044
-0.132719
-0.137118
-0.141214
-0.144983
-0.148399
-0.151436
-0.154069
-0.156274
-0.158026
-0.159302
-0.16008
-0.160339
-0.160062
-0.159231
-0.157833
-0.15586
-0.153306
-0.15017
-0.146456
-0.142175
-0.137344
-0.131985
-0.12613
-0.119817
-0.113092
-0.106009
-0.0986277
-0.0910161
-0.0832475
-0.0754004
-0.0675571
-0.0598024
-0.0522216
-0.0448996
-0.0379185
-0.0313559
-0.0252838
-0.0197664
-0.014859
-0.0106074
-0.00704636
-0.00419802
-0.00206902
-0.000679037
-8.6916e-05
-0.000150242
-0.000992083
-0.00279791
-0.00536666
-0.00857706
-0.0123527
-0.0166195
-0.0213078
-0.0263548
-0.0317041
-0.0373047
-0.0431106
-0.04908
-0.0551749
-0.0613607
-0.0676052
-0.0738786
-0.0801528
-0.0864011
-0.0925978
-0.0987181
-0.104737
-0.110632
-0.116377
-0.121948
-0.127322
-0.132474
-0.137378
-0.142009
-0.146342
-0.150351
-0.154008
-0.157289
-0.160166
-0.162613
-0.164604
-0.166114
-0.167118
-0.167592
-0.167516
-0.16687
-0.165638
-0.163805
-0.161364
-0.15831
-0.154642
-0.150369
-0.145504
-0.140066
-0.134086
-0.127599
-0.120651
-0.113296
-0.105596
-0.0976203
-0.0894463
-0.0811573
-0.0728414
-0.0645904
-0.0564975
-0.0486559
-0.0411569
-0.0340874
-0.0275285
-0.0215535
-0.0162262
-0.0115999
-0.00771664
-0.00460389
-0.00227242
-0.000747182
-9.60349e-05
-0.000155242
-0.00102434
-0.00288779
-0.00553742
-0.00884754
-0.0127389
-0.0171348
-0.021963
-0.0271588
-0.032664
-0.0384263
-0.0443984
-0.0505378
-0.0568058
-0.0631673
-0.0695901
-0.0760442
-0.0825018
-0.0889362
-0.0953222
-0.101635
-0.107851
-0.113947
-0.119898
-0.12568
-0.131271
-0.136644
-0.141777
-0.146642
-0.151214
-0.155467
-0.159374
-0.162908
-0.16604
-0.168743
-0.17099
-0.172752
-0.174002
-0.174716
-0.174867
-0.174434
-0.173395
-0.171735
-0.169439
-0.166499
-0.162911
-0.158678
-0.15381
-0.148325
-0.142247
-0.135612
-0.128464
-0.120855
-0.112849
-0.104517
-0.0959413
-0.0872083
-0.0784124
-0.0696527
-0.0610307
-0.0526487
-0.0446076
-0.0370047
-0.0299312
-0.0234703
-0.0176955
-0.0126688
-0.0084399
-0.00504275
-0.00249286
-0.000821275
-0.000106025
-0.00015971
-0.00105323
-0.00296837
-0.00569066
-0.00909051
-0.0130862
-0.0175986
-0.0225534
-0.0278841
-0.033531
-0.0394403
-0.045564
-0.0518586
-0.0582851
-0.0648081
-0.0713951
-0.0780162
-0.0846438
-0.0912517
-0.0978148
-0.104309
-0.110712
-0.116998
-0.123147
-0.129133
-0.134934
-0.140525
-0.145882
-0.15098
-0.155792
-0.160293
-0.164453
-0.168247
-0.171643
-0.174615
-0.177131
-0.179162
-0.180679
-0.181654
-0.182057
-0.181864
-0.181049
-0.179592
-0.177475
-0.174684
-0.171212
-0.167056
-0.162222
-0.156722
-0.15058
-0.143827
-0.136505
-0.128666
-0.120372
-0.111699
-0.102729
-0.0935535
-0.084274
-0.0749961
-0.0658303
-0.0568884
-0.0482819
-0.0401192
-0.0325027
-0.0255268
-0.0192755
-0.0138208
-0.00922112
-0.00551788
-0.00273214
-0.000901989
-0.000116998
-0.000163617
-0.00107857
-0.00303919
-0.00582556
-0.00930471
-0.0133928
-0.0180086
-0.0230761
-0.028527
-0.0343004
-0.0403414
-0.046601
-0.0530352
-0.0596045
-0.0662733
-0.0730091
-0.0797821
-0.086565
-0.0933318
-0.100058
-0.106721
-0.113297
-0.119763
-0.126098
-0.132278
-0.138281
-0.144082
-0.149659
-0.154985
-0.160035
-0.164782
-0.169198
-0.173255
-0.176923
-0.180172
-0.182969
-0.185285
-0.187087
-0.188343
-0.189023
-0.189096
-0.188535
-0.187313
-0.185409
-0.182804
-0.179485
-0.175444
-0.170683
-0.165209
-0.159041
-0.152205
-0.144742
-0.136701
-0.128145
-0.119148
-0.109797
-0.100187
-0.0904247
-0.0806232
-0.0709018
-0.0613828
-0.0521891
-0.0434408
-0.0352529
-0.027732
-0.0209742
-0.0150623
-0.0100652
-0.00603255
-0.00299205
-0.000989996
-0.000129064
-0.000166937
-0.00110022
-0.00309985
-0.00594135
-0.00948897
-0.013657
-0.0183627
-0.0235282
-0.0290841
-0.034968
-0.0411244
-0.0475034
-0.0540604
-0.0607558
-0.0675535
-0.0744213
-0.0813296
-0.0882513
-0.095161
-0.102035
-0.10885
-0.115585
-0.122217
-0.128725
-0.135086
-0.141279
-0.147281
-0.153068
-0.158615
-0.163898
-0.168888
-0.173558
-0.17788
-0.181822
-0.185354
-0.188442
-0.191054
-0.193155
-0.194712
-0.195689
-0.196055
-0.195775
-0.194821
-0.193165
-0.190784
-0.187658
-0.183775
-0.179129
-0.173724
-0.167571
-0.160695
-0.153129
-0.144922
-0.136134
-0.126841
-0.117128
-0.107096
-0.0968573
-0.0865312
-0.0762466
-0.0661365
-0.0563357
-0.0469774
-0.0381901
-0.0300941
-0.0227988
-0.0163996
-0.0109768
-0.00658992
-0.00327436
-0.00108597
-0.000142337
-0.000169645
-0.00111803
-0.00314998
-0.00603739
-0.00964227
-0.0138775
-0.0186588
-0.0239073
-0.0295521
-0.0355301
-0.0417847
-0.0482656
-0.0549277
-0.0617311
-0.0686397
-0.0756214
-0.0826467
-0.0896891
-0.0967237
-0.103727
-0.110678
-0.117554
-0.124335
-0.131
-0.137528
-0.143897
-0.150086
-0.156071
-0.161828
-0.167333
-0.172559
-0.177479
-0.182062
-0.186278
-0.190095
-0.193479
-0.196396
-0.198809
-0.200681
-0.201977
-0.202657
-0.202688
-0.202032
-0.20066
-0.19854
-0.195649
-0.191967
-0.187484
-0.182194
-0.176105
-0.169234
-0.161611
-0.15328
-0.144299
-0.134741
-0.124694
-0.114261
-0.103558
-0.092712
-0.0818615
-0.0711502
-0.0607255
-0.0507348
-0.0413213
-0.0326203
-0.0247561
-0.0178384
-0.0119604
-0.00719307
-0.0035808
-0.00119057
-0.000156933
-0.000171721
-0.00113189
-0.0031893
-0.00611314
-0.00976378
-0.014053
-0.0188955
-0.0242112
-0.0299285
-0.0359832
-0.0423183
-0.0488827
-0.0556312
-0.0625235
-0.0695236
-0.0765995
-0.0837222
-0.0908653
-0.0980049
-0.105118
-0.112184
-0.119183
-0.126093
-0.132896
-0.139572
-0.146099
-0.152458
-0.158626
-0.164579
-0.170294
-0.175745
-0.180903
-0.185741
-0.190226
-0.194327
-0.198009
-0.201235
-0.203967
-0.206168
-0.207797
-0.208814
-0.209179
-0.208852
-0.207797
-0.205978
-0.203364
-0.19993
-0.195657
-0.190534
-0.184561
-0.177749
-0.17012
-0.161715
-0.152586
-0.142804
-0.132458
-0.121651
-0.110504
-0.0991508
-0.0877376
-0.07642
-0.0653588
-0.0547161
-0.0446513
-0.0353164
-0.026852
-0.0193839
-0.0130202
-0.00784496
-0.00391308
-0.00130447
-0.000172968
-0.00017315
-0.00114172
-0.00321761
-0.00616824
-0.00985293
-0.0141828
-0.0190716
-0.0244385
-0.0302112
-0.0363248
-0.0427218
-0.0493506
-0.0561658
-0.0631268
-0.0701978
-0.0773469
-0.0845455
-0.0917678
-0.0989904
-0.106192
-0.113351
-0.120449
-0.127467
-0.134386
-0.141188
-0.147853
-0.154362
-0.160692
-0.166823
-0.172731
-0.17839
-0.183775
-0.188855
-0.193601
-0.197978
-0.201954
-0.205489
-0.208546
-0.211083
-0.213058
-0.214429
-0.215151
-0.21518
-0.214475
-0.212993
-0.2107
-0.207561
-0.20355
-0.198648
-0.192848
-0.186152
-0.178576
-0.170152
-0.16093
-0.150975
-0.140373
-0.129229
-0.117667
-0.105825
-0.0938599
-0.0819372
-0.0702317
-0.0589214
-0.0481829
-0.0381865
-0.0290912
-0.0210408
-0.0141602
-0.0085484
-0.00427285
-0.00142832
-0.000190561
-0.000173923
-0.00114748
-0.0032348
-0.00620251
-0.00990944
-0.0142663
-0.0191863
-0.0245882
-0.0303989
-0.0365532
-0.0429929
-0.0496663
-0.0565274
-0.063536
-0.070656
-0.0778559
-0.0851075
-0.0923856
-0.0996674
-0.106932
-0.11416
-0.121333
-0.128434
-0.135445
-0.142348
-0.149126
-0.15576
-0.16223
-0.168516
-0.174595
-0.180443
-0.186035
-0.191341
-0.196333
-0.200976
-0.205237
-0.209077
-0.212456
-0.215334
-0.217664
-0.219401
-0.220498
-0.220908
-0.220583
-0.219476
-0.217544
-0.214747
-0.211051
-0.206428
-0.200862
-0.194345
-0.186886
-0.178509
-0.169254
-0.159184
-0.14838
-0.136946
-0.125006
-0.112705
-0.100206
-0.087687
-0.0753357
-0.063347
-0.0519161
-0.0412331
-0.0314774
-0.0228129
-0.0153837
-0.00930599
-0.00466169
-0.00156278
-0.000209835
-0.00017404
-0.00114919
-0.00324091
-0.00621601
-0.00993339
-0.0143036
-0.0192398
-0.0246602
-0.0304914
-0.0366676
-0.0431304
-0.0498277
-0.0567136
-0.0637474
-0.0708935
-0.0781205
-0.0854006
-0.0927093
-0.100024
-0.107326
-0.114596
-0.121817
-0.128973
-0.136047
-0.143024
-0.149887
-0.156618
-0.163201
-0.169615
-0.175839
-0.181851
-0.187627
-0.193138
-0.198356
-0.203248
-0.20778
-0.211915
-0.215611
-0.218826
-0.221514
-0.223626
-0.225114
-0.225924
-0.226006
-0.225307
-0.223778
-0.22137
-0.218042
-0.213756
-0.208487
-0.202218
-0.194946
-0.186686
-0.17747
-0.167352
-0.156409
-0.144741
-0.132473
-0.119752
-0.106747
-0.0936485
-0.0806572
-0.0679854
-0.0558479
-0.0444564
-0.0340127
-0.0247033
-0.0166938
-0.0101201
-0.0050811
-0.00170848
-0.000230914
-0.00017351
-0.0011469
-0.00323613
-0.00620909
-0.00992527
-0.0142955
-0.0192328
-0.0246552
-0.0304891
-0.0366684
-0.0431343
-0.0498346
-0.056723
-0.063759
-0.0709071
-0.0781362
-0.0854189
-0.0927314
-0.100052
-0.107363
-0.114645
-0.121884
-0.129065
-0.136172
-0.14319
-0.150107
-0.156905
-0.163568
-0.170079
-0.176418
-0.182565
-0.188496
-0.194185
-0.199605
-0.204724
-0.209508
-0.213921
-0.217922
-0.221467
-0.22451
-0.227001
-0.228887
-0.230114
-0.230626
-0.230365
-0.229275
-0.227302
-0.224394
-0.220505
-0.215599
-0.209649
-0.202639
-0.194574
-0.185476
-0.175388
-0.164379
-0.152545
-0.140007
-0.126916
-0.113445
-0.0997935
-0.0861768
-0.0728244
-0.0599719
-0.0478542
-0.0366977
-0.0267138
-0.0180928
-0.0109929
-0.00553247
-0.00186603
-0.000253923
-0.000172353
-0.00114074
-0.0032208
-0.00618237
-0.00988604
-0.0142431
-0.0191667
-0.0245749
-0.0303939
-0.0365574
-0.0430062
-0.0496879
-0.0565563
-0.0635707
-0.0706958
-0.0779007
-0.0851588
-0.0924466
-0.0997438
-0.107032
-0.114296
-0.121521
-0.128693
-0.135798
-0.142825
-0.14976
-0.156589
-0.163298
-0.169871
-0.17629
-0.182538
-0.188591
-0.194427
-0.200018
-0.205336
-0.210348
-0.215017
-0.219304
-0.223166
-0.226555
-0.229421
-0.231709
-0.233362
-0.234321
-0.234523
-0.233907
-0.23241
-0.229974
-0.226541
-0.222065
-0.216507
-0.209839
-0.202053
-0.193158
-0.183185
-0.172195
-0.160273
-0.147539
-0.134139
-0.120253
-0.106086
-0.0918687
-0.0778468
-0.0642778
-0.0514215
-0.039531
-0.0288454
-0.0195825
-0.0119262
-0.0060171
-0.00203603
-0.000278991
-0.000170599
-0.00113091
-0.00319546
-0.00613686
-0.00981719
-0.0141484
-0.0190441
-0.0244222
-0.0302089
-0.0363377
-0.0427493
-0.0493908
-0.056216
-0.0631844
-0.0702606
-0.0774143
-0.0846191
-0.0918524
-0.0990947
-0.106329
-0.113541
-0.120716
-0.127844
-0.134912
-0.141909
-0.148824
-0.155646
-0.162361
-0.168957
-0.175419
-0.181728
-0.187866
-0.193811
-0.19954
-0.205023
-0.210231
-0.215129
-0.219678
-0.223836
-0.227556
-0.230786
-0.233473
-0.235556
-0.236973
-0.237659
-0.237545
-0.236562
-0.234644
-0.231725
-0.227746
-0.222654
-0.216411
-0.208992
-0.200392
-0.19063
-0.179751
-0.167833
-0.154985
-0.141352
-0.127114
-0.112483
-0.0977
-0.0830296
-0.068751
-0.05515
-0.0425089
-0.0310974
-0.0211638
-0.0129213
-0.0065361
-0.00221905
-0.000306248
-0.000168292
-0.0011177
-0.00316087
-0.00607392
-0.00972083
-0.0140143
-0.0188684
-0.0242013
-0.0299388
-0.0360145
-0.0423686
-0.0489483
-0.055707
-0.0626044
-0.0696052
-0.0766794
-0.0838013
-0.0909489
-0.0981037
-0.10525
-0.112374
-0.119463
-0.126509
-0.1335
-0.140427
-0.147282
-0.154055
-0.160735
-0.167311
-0.173771
-0.1801
-0.18628
-0.192294
-0.198119
-0.203729
-0.209097
-0.214189
-0.218969
-0.223397
-0.227425
-0.231004
-0.234079
-0.236588
-0.238468
-0.23965
-0.24006
-0.239625
-0.238268
-0.235915
-0.232496
-0.227946
-0.222211
-0.215251
-0.207045
-0.197594
-0.186931
-0.175117
-0.162252
-0.148474
-0.133961
-0.11893
-0.10363
-0.0883439
-0.0733722
-0.0590282
-0.0456256
-0.0334676
-0.0228369
-0.0139791
-0.00709042
-0.0024156
-0.000335825
-0.00016549
-0.00110145
-0.00311801
-0.00599539
-0.0095997
-0.0138446
-0.0186444
-0.0239175
-0.0295899
-0.0355944
-0.0418714
-0.0483676
-0.0550366
-0.0618376
-0.068736
-0.0757019
-0.0827102
-0.0897397
-0.0967729
-0.103795
-0.110794
-0.117759
-0.124682
-0.131555
-0.13837
-0.14512
-0.151799
-0.158399
-0.16491
-0.171322
-0.177623
-0.183801
-0.189837
-0.195713
-0.201407
-0.206892
-0.212139
-0.217114
-0.221777
-0.226086
-0.229989
-0.233434
-0.236359
-0.238698
-0.240381
-0.24133
-0.241467
-0.240709
-0.238971
-0.236173
-0.232236
-0.227093
-0.220685
-0.212974
-0.203944
-0.193607
-0.182009
-0.169236
-0.155416
-0.14072
-0.125365
-0.109612
-0.0937541
-0.0781166
-0.0630404
-0.0488723
-0.0359522
-0.0246005
-0.0151001
-0.00768081
-0.00262616
-0.000367851
-0.000162268
-0.00108264
-0.00306815
-0.00590356
-0.00945729
-0.0136438
-0.018378
-0.0235782
-0.0291701
-0.0350864
-0.0412671
-0.0476587
-0.0542144
-0.0608938
-0.0676623
-0.0744903
-0.0813536
-0.0882316
-0.0951078
-0.101969
-0.108804
-0.115604
-0.122363
-0.129074
-0.135732
-0.142332
-0.14887
-0.155341
-0.161737
-0.168053
-0.174278
-0.180401
-0.18641
-0.192289
-0.198018
-0.203574
-0.208931
-0.214058
-0.218918
-0.22347
-0.227667
-0.231456
-0.234777
-0.237564
-0.239745
-0.241241
-0.241968
-0.241837
-0.240756
-0.238633
-0.235378
-0.230906
-0.225143
-0.218031
-0.209534
-0.199642
-0.188383
-0.175822
-0.162074
-0.147301
-0.131718
-0.115587
-0.0992175
-0.082954
-0.0671667
-0.0522374
-0.0385452
-0.0264527
-0.0162841
-0.00830778
-0.00285117
-0.000402457
-0.000158717
-0.00106183
-0.00301282
-0.00580126
-0.0092979
-0.013418
-0.0180765
-0.0231919
-0.0286895
-0.0345015
-0.0405675
-0.0468338
-0.0532533
-0.0597857
-0.0663965
-0.0730568
-0.0797428
-0.086435
-0.093118
-0.0997797
-0.106411
-0.113004
-0.119555
-0.126059
-0.132513
-0.138916
-0.145264
-0.151555
-0.157786
-0.163953
-0.170048
-0.176066
-0.181995
-0.187823
-0.193534
-0.19911
-0.204527
-0.209758
-0.214769
-0.219523
-0.223976
-0.228076
-0.231766
-0.234982
-0.237649
-0.239689
-0.241014
-0.24153
-0.241139
-0.239739
-0.237226
-0.233502
-0.228475
-0.222066
-0.214216
-0.204894
-0.194102
-0.181885
-0.168338
-0.15361
-0.137906
-0.121491
-0.104684
-0.0878482
-0.0713828
-0.0557057
-0.0412386
-0.02839
-0.0175303
-0.00897155
-0.00309097
-0.000439771
-0.000154947
-0.00103973
-0.00295389
-0.00569192
-0.00912674
-0.0131741
-0.017749
-0.0227694
-0.0281603
-0.0338533
-0.0397873
-0.0459082
-0.052169
-0.0585291
-0.0649545
-0.0714168
-0.0778929
-0.0843643
-0.0908169
-0.0972398
-0.103626
-0.109969
-0.116267
-0.122517
-0.12872
-0.134875
-0.140983
-0.147043
-0.153055
-0.159019
-0.16493
-0.170786
-0.176579
-0.182301
-0.18794
-0.19348
-0.198903
-0.204185
-0.209297
-0.214205
-0.218868
-0.22324
-0.227264
-0.230879
-0.234013
-0.236584
-0.238506
-0.23968
-0.240002
-0.239362
-0.237645
-0.234738
-0.230532
-0.224927
-0.21784
-0.209214
-0.199025
-0.187293
-0.174087
-0.159538
-0.143839
-0.12725
-0.110096
-0.0927568
-0.0756593
-0.0592589
-0.044022
-0.0304075
-0.018837
-0.00967206
-0.00334585
-0.000479919
-0.000151092
-0.00101714
-0.0028936
-0.00557963
-0.00895002
-0.0129205
-0.0174059
-0.0223234
-0.027597
-0.0331577
-0.0389436
-0.0449003
-0.0509803
-0.0571434
-0.0633557
-0.0695894
-0.0758225
-0.0820376
-0.0882217
-0.0943659
-0.100464
-0.106513
-0.112513
-0.118462
-0.124364
-0.130221
-0.136035
-0.141811
-0.147551
-0.153256
-0.158927
-0.164564
-0.170164
-0.175721
-0.181229
-0.186676
-0.192047
-0.197324
-0.202481
-0.20749
-0.212314
-0.216909
-0.221226
-0.225203
-0.228772
-0.231854
-0.23436
-0.236192
-0.237239
-0.237386
-0.236508
-0.234479
-0.231171
-0.226464
-0.220252
-0.21245
-0.203004
-0.191904
-0.179191
-0.164971
-0.149417
-0.132781
-0.115388
-0.0976305
-0.0799619
-0.0628746
-0.0468827
-0.0324989
-0.020202
-0.0104089
-0.00361602
-0.000523025
-0.000147307
-0.000995053
-0.00283457
-0.00546923
-0.00877506
-0.0126674
-0.0170599
-0.0218688
-0.0270167
-0.0324337
-0.038057
-0.0438314
-0.0497096
-0.0556511
-0.0616227
-0.0675974
-0.0735541
-0.0794768
-0.0853541
-0.0911787
-0.0969466
-0.102657
-0.10831
-0.113911
-0.119461
-0.124969
-0.130438
-0.135875
-0.141287
-0.146677
-0.152051
-0.157411
-0.162758
-0.168092
-0.173409
-0.178702
-0.183961
-0.189173
-0.194317
-0.199368
-0.204297
-0.209063
-0.213622
-0.217917
-0.221882
-0.225443
-0.228511
-0.230987
-0.232761
-0.233709
-0.233701
-0.232598
-0.230256
-0.226536
-0.221306
-0.214453
-0.205891
-0.195576
-0.183516
-0.169785
-0.154533
-0.137993
-0.120486
-0.102414
-0.0842507
-0.0665267
-0.0498049
-0.0346563
-0.0216222
-0.0111815
-0.00390161
-0.000569212
-0.000143777
-0.000974612
-0.00277992
-0.00536639
-0.00861046
-0.0124261
-0.0167255
-0.0214229
-0.0264394
-0.0317033
-0.037151
-0.0427266
-0.0483825
-0.0540786
-0.0597822
-0.0654672
-0.0711138
-0.0767076
-0.0822391
-0.0877027
-0.0930968
-0.0984225
-0.103683
-0.108885
-0.114035
-0.119141
-0.124211
-0.129256
-0.134284
-0.139303
-0.144321
-0.149346
-0.154381
-0.159431
-0.164496
-0.169574
-0.17466
-0.179744
-0.184813
-0.189846
-0.194819
-0.199698
-0.204443
-0.209003
-0.213318
-0.217316
-0.220912
-0.224009
-0.226496
-0.228248
-0.229127
-0.228985
-0.227666
-0.225009
-0.220859
-0.215074
-0.207535
-0.19816
-0.186919
-0.17385
-0.15907
-0.142787
-0.125311
-0.107044
-0.0884807
-0.0701851
-0.0527707
-0.0368702
-0.0230934
-0.0119886
-0.00420266
-0.000618599
-0.000140719
-0.000957168
-0.00273329
-0.00527777
-0.00846625
-0.0122104
-0.0164197
-0.0210059
-0.0258877
-0.0309916
-0.0362526
-0.0416142
-0.0470284
-0.0524557
-0.057864
-0.0632287
-0.0685314
-0.0737595
-0.0789055
-0.0839664
-0.0889426
-0.093838
-0.0986587
-0.103413
-0.108111
-0.112764
-0.117383
-0.12198
-0.126569
-0.131161
-0.135767
-0.140398
-0.145062
-0.149768
-0.15452
-0.159321
-0.16417
-0.169064
-0.173993
-0.178944
-0.183898
-0.188827
-0.193697
-0.198464
-0.203072
-0.207457
-0.211537
-0.21522
-0.218395
-0.220938
-0.222708
-0.223548
-0.223292
-0.221761
-0.218779
-0.214173
-0.20779
-0.19951
-0.189258
-0.177031
-0.162905
-0.147057
-0.129773
-0.111453
-0.0926011
-0.0738154
-0.0557588
-0.0391293
-0.0246109
-0.012829
-0.00451917
-0.000671307
-0.000138389
-0.00094431
-0.00269895
-0.00521114
-0.00835414
-0.012036
-0.0161622
-0.0206409
-0.0253879
-0.0303273
-0.0353925
-0.0405261
-0.0456802
-0.0508157
-0.0559018
-0.0609153
-0.0658397
-0.0706649
-0.0753856
-0.0800013
-0.0845152
-0.088934
-0.0932666
-0.0975244
-0.10172
-0.105868
-0.109983
-0.11408
-0.118175
-0.122284
-0.126421
-0.130601
-0.134836
-0.139137
-0.143516
-0.147978
-0.152528
-0.157167
-0.161893
-0.166697
-0.171565
-0.176479
-0.181408
-0.186317
-0.191158
-0.19587
-0.200381
-0.204602
-0.208428
-0.211736
-0.214384
-0.216212
-0.217043
-0.216687
-0.214945
-0.211618
-0.206517
-0.19948
-0.190389
-0.179189
-0.165911
-0.150688
-0.133778
-0.115563
-0.0965559
-0.0773792
-0.0587455
-0.0414208
-0.026169
-0.013701
-0.00485105
-0.000727464
-0.00013709
-0.000937909
-0.00268192
-0.00517561
-0.00828774
-0.0119209
-0.0159753
-0.0203544
-0.0249698
-0.0297428
-0.0346049
-0.0394981
-0.0443743
-0.0491954
-0.0539321
-0.0585633
-0.0630748
-0.067459
-0.0717137
-0.0758414
-0.0798482
-0.0837439
-0.0875406
-0.0912526
-0.0948959
-0.0984879
-0.102047
-0.105591
-0.109139
-0.11271
-0.116323
-0.119995
-0.123743
-0.127583
-0.131528
-0.13559
-0.139779
-0.144101
-0.148558
-0.153149
-0.157865
-0.162694
-0.167615
-0.172598
-0.177603
-0.182578
-0.187457
-0.19216
-0.196586
-0.200619
-0.204117
-0.206921
-0.208848
-0.209697
-0.209252
-0.207287
-0.203581
-0.197931
-0.190168
-0.180184
-0.167954
-0.153563
-0.137224
-0.119295
-0.100283
-0.0808337
-0.0617043
-0.0437302
-0.0277613
-0.0146026
-0.00519823
-0.000787205
-0.000137182
-0.000940186
-0.00268813
-0.00518185
-0.00828293
-0.0118864
-0.0158852
-0.0201765
-0.024667
-0.0292745
-0.0339283
-0.0385696
-0.0431507
-0.0476349
-0.0519947
-0.0562117
-0.0602746
-0.0641792
-0.0679266
-0.0715225
-0.0749767
-0.0783024
-0.0815149
-0.0846322
-0.0876733
-0.0906589
-0.0936103
-0.0965494
-0.0994984
-0.102479
-0.105514
-0.108624
-0.11183
-0.115151
-0.118606
-0.122209
-0.125976
-0.129918
-0.134043
-0.138354
-0.142851
-0.147527
-0.152369
-0.157354
-0.162451
-0.167617
-0.172796
-0.177913
-0.182879
-0.187583
-0.19189
-0.195642
-0.198655
-0.200721
-0.201609
-0.201074
-0.198862
-0.194728
-0.188454
-0.179874
-0.1689
-0.155556
-0.140002
-0.122559
-0.103717
-0.0841324
-0.0646057
-0.0460417
-0.029381
-0.0155319
-0.00556061
-0.000850689
-0.0001391
-0.000953783
-0.00272457
-0.00524242
-0.00835826
-0.0119568
-0.0159216
-0.0201417
-0.0245176
-0.0289629
-0.0334048
-0.0377837
-0.0420527
-0.0461768
-0.0501315
-0.0539013
-0.0574789
-0.0608638
-0.0640611
-0.0670806
-0.069936
-0.0726441
-0.0752242
-0.0776976
-0.0800871
-0.0824164
-0.0847103
-0.0869939
-0.0892927
-0.091632
-0.0940371
-0.0965327
-0.099143
-0.101891
-0.104799
-0.107887
-0.111174
-0.114675
-0.118405
-0.122372
-0.126582
-0.131036
-0.135727
-0.140642
-0.145757
-0.151039
-0.15644
-0.161899
-0.167334
-0.172644
-0.177702
-0.182358
-0.186428
-0.189703
-0.191944
-0.192885
-0.192248
-0.189746
-0.185113
-0.17812
-0.168611
-0.15654
-0.142001
-0.125262
-0.106784
-0.0872244
-0.0674179
-0.0483378
-0.0310205
-0.0164868
-0.00593823
-0.000918107
-0.000143371
-0.00098188
-0.00279962
-0.00537218
-0.00853547
-0.0121606
-0.0161187
-0.0202888
-0.024564
-0.0288531
-0.0330807
-0.0371869
-0.0411262
-0.0448661
-0.0483856
-0.0516736
-0.0547273
-0.0575506
-0.0601536
-0.0625506
-0.0647597
-0.066802
-0.0687008
-0.0704812
-0.0721695
-0.0737932
-0.0753803
-0.076959
-0.0785581
-0.0802062
-0.0819316
-0.0837623
-0.0857258
-0.0878488
-0.090157
-0.0926746
-0.0954245
-0.0984273
-0.101701
-0.105262
-0.10912
-0.113284
-0.117753
-0.122523
-0.12758
-0.132898
-0.138443
-0.144163
-0.149988
-0.155829
-0.161571
-0.16707
-0.172153
-0.17661
-0.1802
-0.182645
-0.183641
-0.182871
-0.180015
-0.174784
-0.166949
-0.156382
-0.1431
-0.127303
-0.109407
-0.090055
-0.0701065
-0.0506004
-0.0326723
-0.0174655
-0.00633126
-0.000989701
-0.000150643
-0.00102833
-0.00292331
-0.00558879
-0.00884013
-0.0125306
-0.0165158
-0.0206622
-0.024854
-0.0289945
-0.0330059
-0.0368286
-0.040419
-0.0437485
-0.0468007
-0.0495695
-0.0520578
-0.0542754
-0.0562374
-0.0579638
-0.0594775
-0.0608044
-0.0619722
-0.0630099
-0.0639479
-0.064817
-0.0656485
-0.0664741
-0.0673255
-0.0682343
-0.0692319
-0.0703494
-0.0716173
-0.0730656
-0.0747234
-0.0766186
-0.078778
-0.0812266
-0.0839874
-0.0870807
-0.0905238
-0.09433
-0.0985079
-0.10306
-0.107981
-0.113257
-0.118863
-0.12476
-0.13089
-0.137179
-0.143523
-0.149794
-0.155827
-0.161421
-0.166336
-0.170288
-0.172958
-0.173995
-0.173037
-0.169732
-0.163774
-0.154947
-0.143176
-0.128577
-0.111503
-0.092565
-0.0726346
-0.0528101
-0.0343289
-0.0184665
-0.00674019
-0.0010658
-0.00016172
-0.00109783
-0.00310776
-0.00591335
-0.00930239
-0.0131052
-0.0171578
-0.0213115
-0.02544
-0.0294407
-0.0332337
-0.0367601
-0.03998
-0.0428695
-0.0454182
-0.0476268
-0.0495048
-0.0510686
-0.0523401
-0.053345
-0.054112
-0.0546722
-0.055058
-0.0553027
-0.0554405
-0.0555061
-0.0555339
-0.0555589
-0.0556157
-0.0557387
-0.0559622
-0.0563201
-0.0568458
-0.0575722
-0.0585314
-0.0597549
-0.061273
-0.0631144
-0.0653067
-0.0678749
-0.0708419
-0.074227
-0.0780456
-0.0823081
-0.0870183
-0.0921723
-0.0977559
-0.103742
-0.11009
-0.116735
-0.123594
-0.130552
-0.13746
-0.144128
-0.150324
-0.155766
-0.160124
-0.163025
-0.164065
-0.162833
-0.158947
-0.152095
-0.142098
-0.128972
-0.112983
-0.0946909
-0.0749628
-0.054947
-0.0359832
-0.0194892
-0.00716598
-0.00114683
-0.000177613
-0.0011962
-0.00336773
-0.0063712
-0.00995795
-0.0139291
-0.0180963
-0.0222927
-0.0263799
-0.0302493
-0.0338193
-0.0370334
-0.0398565
-0.0422714
-0.0442753
-0.0458773
-0.0470949
-0.0479526
-0.0484795
-0.0487085
-0.0486746
-0.0484143
-0.0479651
-0.047365
-0.0466523
-0.045865
-0.0450411
-0.0442185
-0.0434347
-0.0427267
-0.0421314
-0.0416852
-0.0414241
-0.0413836
-0.0415987
-0.0421038
-0.0429323
-0.0441167
-0.0456883
-0.0476768
-0.0501099
-0.0530126
-0.056407
-0.0603109
-0.0647368
-0.0696905
-0.0751691
-0.0811588
-0.0876315
-0.0945416
-0.101821
-0.109372
-0.117067
-0.124731
-0.132146
-0.139039
-0.145076
-0.149871
-0.152987
-0.153959
-0.152327
-0.147682
-0.13973
-0.128366
-0.11375
-0.0963637
-0.077049
-0.0569907
-0.0376291
-0.0205341
-0.00761029
-0.00123342
-0.00019961
-0.00133066
-0.00372132
-0.00699291
-0.0108491
-0.0150542
-0.0193899
-0.0236677
-0.0277361
-0.0314803
-0.0348186
-0.0376984
-0.0400916
-0.0419899
-0.0434004
-0.0443422
-0.0448427
-0.0449356
-0.0446588
-0.0440528
-0.0431594
-0.0420216
-0.040682
-0.0391835
-0.0375683
-0.0358781
-0.0341543
-0.0324374
-0.0307675
-0.0291842
-0.0277266
-0.0264334
-0.0253429
-0.0244928
-0.0239206
-0.0236632
-0.0237569
-0.0242373
-0.0251394
-0.0264968
-0.0283417
-0.0307045
-0.0336134
-0.0370932
-0.0411645
-0.0458428
-0.0511362
-0.0570436
-0.0635516
-0.0706311
-0.0782323
-0.0862793
-0.0946629
-0.103233
-0.111789
-0.120072
-0.127758
-0.134453
-0.139698
-0.142983
-0.143773
-0.14156
-0.135927
-0.12663
-0.113698
-0.097508
-0.0788476
-0.0589205
-0.0392619
-0.0216035
-0.00807577
-0.00132642
-0.000229366
-0.0015103
-0.00419086
-0.00781556
-0.0120263
-0.0165407
-0.0211047
-0.0255045
-0.0295745
-0.0331946
-0.0362848
-0.0387992
-0.0407195
-0.0420492
-0.0428076
-0.0430261
-0.0427439
-0.0420056
-0.0408588
-0.0393525
-0.0375365
-0.0354598
-0.0331711
-0.0307178
-0.0281464
-0.0255021
-0.0228292
-0.020171
-0.01757
-0.0150679
-0.0127057
-0.0105241
-0.00856321
-0.00686285
-0.00546245
-0.00440115
-0.00371775
-0.00345066
-0.00363777
-0.00431637
-0.00552287
-0.00729249
-0.00965887
-0.0126534
-0.0163046
-0.0206368
-0.0256687
-0.0314119
-0.0378673
-0.0450228
-0.0528478
-0.061288
-0.0702581
-0.0796328
-0.0892367
-0.0988333
-0.108114
-0.116692
-0.124094
-0.129775
-0.133136
-0.133571
-0.130531
-0.123622
-0.112711
-0.0980395
-0.0803086
-0.0607151
-0.040879
-0.0227022
-0.00856654
-0.00142703
-0.000269039
-0.00174664
-0.0048041
-0.00888426
-0.013549
-0.0184584
-0.0233147
-0.027876
-0.0319622
-0.0354499
-0.0382637
-0.0403683
-0.0417588
-0.0424538
-0.0424881
-0.0419079
-0.0407664
-0.0391203
-0.0370285
-0.0345494
-0.0317408
-0.0286589
-0.025358
-0.0218904
-0.0183065
-0.0146551
-0.0109831
-0.00733633
-0.00375917
-0.000295194
0.00301285
0.00612281
0.008993
0.0115821
0.0138489
0.0157524
0.017252
0.0183067
0.0188759
0.0189194
0.0183969
0.0172689
0.0154968
0.013043
0.009872
0.00595092
0.00125089
-0.00425137
-0.0105712
-0.0177129
-0.0256656
-0.0343974
-0.0438484
-0.0539213
-0.0644704
-0.0752881
-0.0860913
-0.096508
-0.106068
-0.114204
-0.120262
-0.123544
-0.123371
-0.119181
-0.110656
-0.0978621
-0.0813756
-0.0623523
-0.0424804
-0.0238382
-0.00908873
-0.00153698
-0.000321474
-0.00205443
-0.00559576
-0.010254
-0.0154882
-0.0208867
-0.0261008
-0.0308576
-0.0349635
-0.038295
-0.0407865
-0.0424177
-0.0432022
-0.043178
-0.0423988
-0.0409288
-0.0388368
-0.0361942
-0.0330716
-0.0295379
-0.0256596
-0.0214998
-0.0171187
-0.0125734
-0.00791805
-0.00320451
0.00151774
0.00620099
0.0107991
0.0152671
0.0195609
0.0236374
0.0274536
0.0309671
0.0341354
0.0369161
0.0392667
0.0411446
0.0425069
0.0433105
0.043512
0.0430681
0.0419356
0.0400714
0.0374334
0.0339811
0.0296761
0.024484
0.0183758
0.0113312
0.00334191
-0.00558299
-0.01541
-0.026072
-0.0374563
-0.0493905
-0.061625
-0.0738158
-0.0855082
-0.0961274
-0.104983
-0.111295
-0.114255
-0.113125
-0.107377
-0.0968626
-0.0819823
-0.0638075
-0.0440691
-0.0250244
-0.00965133
-0.00165869
-0.000390479
-0.00245276
-0.00660953
-0.0119921
-0.0179271
-0.0239153
-0.029549
-0.0345226
-0.0386323
-0.0417606
-0.0438578
-0.0449256
-0.0450022
-0.0441498
-0.0424455
-0.0399744
-0.0368238
-0.0330806
-0.0288287
-0.0241481
-0.019114
-0.0137967
-0.00826203
-0.00257152
0.00321712
0.0090495
0.0148741
0.0206415
0.0263046
0.0318172
0.0371348
0.0422132
0.0470089
0.0514787
0.0555792
0.0592671
0.0624987
0.0652298
0.0674156
0.0690107
0.0699692
0.0702442
0.0697886
0.0685544
0.0664937
0.0635587
0.0597026
0.0548804
0.0490508
0.0421779
0.0342351
0.0252092
0.0151071
0.00396449
-0.00814184
-0.0210791
-0.0346393
-0.0485176
-0.0622893
-0.0753914
-0.0871142
-0.0966147
-0.102964
-0.105244
-0.102692
-0.0949032
-0.082047
-0.0650519
-0.0456517
-0.0262797
-0.0102674
-0.00179568
-0.000481237
-0.00296666
-0.00790084
-0.0141807
-0.0209631
-0.0276426
-0.0337453
-0.038934
-0.0430013
-0.0458441
-0.0474385
-0.0478168
-0.0470492
-0.0452285
-0.0424596
-0.0388518
-0.0345131
-0.0295478
-0.0240537
-0.0181219
-0.0118366
-0.00527496
0.00149198
0.00839875
0.0153848
0.0223936
0.0293722
0.0362704
0.0430401
0.0496352
0.0560105
0.0621218
0.0679254
0.0733777
0.0784351
0.0830536
0.0871886
0.090795
0.0938265
0.096236
0.0979751
0.0989943
0.0992429
0.0986687
0.0972185
0.0948383
0.0914734
0.0870696
0.0815738
0.0749362
0.0671126
0.0580686
0.047785
0.0362662
0.0235512
0.00972968
-0.00503855
-0.0204981
-0.0362696
-0.0518215
-0.0664479
-0.079265
-0.0892416
-0.0952816
-0.0963732
-0.0918103
-0.0814643
-0.0660471
-0.0472381
-0.0276311
-0.0109559
-0.00195304
-0.000600946
-0.00362939
-0.00954051
-0.0169202
-0.0247081
-0.032172
-0.0387671
-0.0441305
-0.0480621
-0.0504868
-0.0514193
-0.050934
-0.0491418
-0.0461733
-0.0421661
-0.0372569
-0.0315768
-0.0252479
-0.0183827
-0.0110833
-0.00344228
0.004457
0.012539
0.0207351
0.0289829
0.0372244
0.0454062
0.0534777
0.0613912
0.0691005
0.076561
0.0837289
0.0905607
0.0970131
0.103043
0.108605
0.113656
0.118149
0.122037
0.125272
0.127804
0.12958
0.130547
0.130649
0.12983
0.128028
0.125183
0.121232
0.116111
0.109759
0.102115
0.093124
0.0827429
0.0709451
0.0577319
0.0431473
0.0272982
0.0103813
-0.00728392
-0.0252178
-0.0427444
-0.0589689
-0.0727838
-0.0829303
-0.0881377
-0.0873583
-0.0800915
-0.0667382
-0.0488396
-0.0291165
-0.0117439
-0.00213831
-0.000759867
-0.00448594
-0.0116198
-0.0203322
-0.0292866
-0.0376034
-0.0446673
-0.0501029
-0.0537359
-0.0555389
-0.0555821
-0.053996
-0.0509434
-0.0465997
-0.0411401
-0.034732
-0.0275303
-0.019676
-0.0112955
-0.00250109
0.00660732
0.0159413
0.0254221
0.0349793
0.0445495
0.0540748
0.0635021
0.0727816
0.0818665
0.0907118
0.0992739
0.10751
0.115378
0.122835
0.129838
0.136344
0.142308
0.147684
0.152425
0.156481
0.1598
0.16233
0.164014
0.164793
0.164607
0.163391
0.161078
0.157598
0.152878
0.146845
0.139425
0.130545
0.120139
0.10815
0.0945438
0.0793176
0.0625223
0.0442886
0.024863
0.00465268
-0.0157256
-0.0354007
-0.0532259
-0.067808
-0.0776223
-0.0812464
-0.0777278
-0.0670396
-0.0504652
-0.0307871
-0.0126714
-0.0023629
-0.000973106
-0.00559853
-0.0142571
-0.0245633
-0.0348306
-0.044016
-0.0514454
-0.0567551
-0.0598263
-0.0607059
-0.0595425
-0.0565394
-0.0519227
-0.0459203
-0.0387494
-0.0306095
-0.0216801
-0.0121198
-0.00206748
0.00835594
0.0190453
0.0299092
0.0408674
0.0518495
0.062793
0.0736412
0.0843428
0.09485
0.105118
0.115104
0.124766
0.134064
0.142957
0.151404
0.159363
0.166792
0.173646
0.179881
0.185449
0.1903
0.194383
0.197642
0.200021
0.201457
0.201888
0.201245
0.199456
0.196446
0.192134
0.186438
0.179271
0.170544
0.160171
0.148069
0.134168
0.11842
0.10082
0.0814263
0.0604022
0.0380626
0.0149353
-0.0081733
-0.0301251
-0.0494372
-0.0643556
-0.0730651
-0.0740823
-0.0668116
-0.0521121
-0.0327107
-0.0137965
-0.00264458
-0.00126379
-0.00705536
-0.0176076
-0.0297846
-0.0414647
-0.0514368
-0.0589985
-0.0638416
-0.065946
-0.06547
-0.0626677
-0.0578347
-0.051272
-0.0432663
-0.0340791
-0.0239423
-0.0130577
-0.00159911
0.0102853
0.0224692
0.0348454
0.0473223
0.0598211
0.0722738
0.0846207
0.0968087
0.10879
0.12052
0.131957
0.143062
0.153797
0.164123
0.174003
0.183397
0.192266
0.200569
0.208264
0.215307
0.22165
0.227245
0.232039
0.235978
0.239003
0.241052
0.242059
0.241953
0.240659
0.238096
0.23418
0.228818
0.221915
0.213368
0.203074
0.190926
0.176822
0.160673
0.142415
0.122036
0.0996064
0.075332
0.0496223
0.023174
-0.00294194
-0.0272175
-0.0477199
-0.0622498
-0.0687249
-0.0658213
-0.0537462
-0.0349733
-0.0152064
-0.00301198
-0.00166892
-0.00898505
-0.0218747
-0.0361873
-0.0492738
-0.0597795
-0.0670373
-0.0708654
-0.0714047
-0.0689719
-0.063959
-0.0567727
-0.047799
-0.0373865
-0.0258397
-0.0134191
-0.000344251
0.0132016
0.0270661
0.041123
0.0552673
0.0694117
0.0834825
0.0974173
0.111162
0.12467
0.137897
0.150807
0.163361
0.175526
0.187266
0.198548
0.209338
0.219599
0.229296
0.23839
0.24684
0.254604
0.261636
0.26789
0.273312
0.27785
0.281444
0.284032
0.285546
0.285915
0.285061
0.282901
0.279345
0.274296
0.267651
0.259296
0.249114
0.236978
0.222759
0.206329
0.187572
0.166402
0.142795
0.116835
0.0887864
0.0591897
0.0289811
-0.000391732
-0.0269024
-0.0480155
-0.0610131
-0.0636754
-0.0552627
-0.037675
-0.0170318
-0.00351284
-0.00225054
-0.0115805
-0.0273229
-0.0439586
-0.0582341
-0.068733
-0.0749421
-0.0769149
-0.0750373
-0.0698408
-0.0618885
-0.0517131
-0.0397894
-0.0265243
-0.0122582
0.00272918
0.0182102
0.0340011
0.0499541
0.0659501
0.0818933
0.097706
0.113325
0.128696
0.143776
0.158526
0.172911
0.186901
0.200464
0.213574
0.2262
0.238315
0.249888
0.260888
0.271283
0.281036
0.29011
0.298466
0.306061
0.312848
0.318777
0.323796
0.327847
0.330867
0.33279
0.333544
0.33305
0.331223
0.327972
0.323196
0.316787
0.308624
0.298578
0.286508
0.272261
0.255677
0.236592
0.214853
0.19034
0.163008
0.132956
0.100525
0.0664428
0.0319913
-0.000834219
-0.0292693
-0.0499816
-0.0597102
-0.0564083
-0.0409098
-0.0194696
-0.00422913
-0.00311703
-0.0151372
-0.034283
-0.0532165
-0.0680697
-0.0775566
-0.0815198
-0.0804051
-0.074948
-0.0659536
-0.0541805
-0.0402914
-0.0248407
-0.00827843
0.00903659
0.0268223
0.044859
0.0629764
0.0810432
0.098958
0.116642
0.134036
0.15109
0.167767
0.184035
0.199867
0.215241
0.230133
0.244524
0.258393
0.271717
0.284474
0.29664
0.308189
0.319092
0.329318
0.338834
0.347603
0.355584
0.362734
0.369006
0.374349
0.378706
0.382019
0.38422
0.385239
0.384999
0.383415
0.380395
0.375837
0.36963
0.361651
0.351763
0.339813
0.325633
0.309035
0.289816
0.267764
0.242668
0.214356
0.182747
0.147949
0.110407
0.0711193
0.0318817
-0.00449495
-0.0341836
-0.0528107
-0.056631
-0.0447051
-0.0228093
-0.00530375
-0.00446322
-0.0201105
-0.0431222
-0.0638406
-0.0779577
-0.0847043
-0.0845956
-0.0786756
-0.0681396
-0.0541085
-0.0375365
-0.0191943
0.000315701
0.0205334
0.0411131
0.061798
0.0823997
0.102781
0.122843
0.142514
0.161743
0.180496
0.198745
0.216473
0.233664
0.250308
0.266395
0.281914
0.296854
0.311205
0.324953
0.338082
0.350574
0.36241
0.373565
0.384014
0.393728
0.402672
0.410812
0.418107
0.424512
0.42998
0.434459
0.437889
0.440209
0.44135
0.441237
0.439787
0.43691
0.432506
0.426465
0.418662
0.408957
0.397194
0.383193
0.366747
0.347625
0.325562
0.300273
0.271464
0.238877
0.202363
0.162028
0.118459
0.0730528
0.0283928
-0.0114649
-0.0411211
-0.054799
-0.0488636
-0.0274472
-0.00698348
-0.00664112
-0.0271815
-0.0540949
-0.0750581
-0.0859286
-0.0871467
-0.0803453
-0.0673885
-0.0500047
-0.0296174
-0.00732319
0.0160663
0.0399664
0.0639653
0.0877786
0.111214
0.134146
0.156492
0.178205
0.199258
0.219637
0.239341
0.258371
0.276732
0.294431
0.311475
0.327868
0.343613
0.358712
0.373162
0.38696
0.400097
0.412563
0.424344
0.435421
0.445775
0.455379
0.464207
0.472225
0.479398
0.485686
0.491044
0.495423
0.498771
0.501027
0.502126
0.502
0.500568
0.497744
0.493434
0.487529
0.479908
0.470435
0.458952
0.445274
0.429188
0.410441
0.388735
0.363724
0.335015
0.302182
0.264825
0.222672
0.175799
0.124981
0.0722193
0.0213422
-0.0215931
-0.0486861
-0.0525865
-0.0338203
-0.00967101
-0.0102539
-0.0372389
-0.0668249
-0.0844599
-0.0876651
-0.079181
-0.0622517
-0.0396896
-0.0136982
0.014129
0.0427007
0.0712971
0.0994602
0.126912
0.153492
0.179122
0.203769
0.227435
0.250139
0.27191
0.292781
0.312789
0.331966
0.350346
0.367955
0.38482
0.400961
0.416395
0.431133
0.445184
0.458553
0.471238
0.483237
0.494541
0.505137
0.515011
0.524142
0.532507
0.540078
0.546824
0.552709
0.557694
0.561734
0.564781
0.566781
0.567674
0.567396
0.565874
0.563028
0.55877
0.552999
0.545601
0.536446
0.525381
0.512226
0.496769
0.478751
0.457856
0.433701
0.405818
0.373653
0.336579
0.293955
0.245284
0.190536
0.130727
0.0688047
0.0106883
-0.0340562
-0.0536105
-0.0420284
-0.013909
-0.0161376
-0.0508524
-0.0786911
-0.0857255
-0.0742029
-0.0504808
-0.0196348
0.0147903
0.0504605
0.0859487
0.120443
0.15352
0.184996
0.214824
0.24304
0.269716
0.294946
0.318829
0.341459
0.362929
0.383319
0.402704
0.421149
0.43871
0.455437
0.47137
0.486543
0.500986
0.514719
0.527759
0.540118
0.551802
0.562813
0.573147
0.582799
0.591756
0.600004
0.607524
0.614293
0.620284
0.625467
0.629807
0.633266
0.635801
0.637365
0.637905
0.637363
0.635676
0.632773
0.628573
0.622987
0.615912
0.607228
0.596796
0.584448
0.569981
0.553147
0.533632
0.511042
0.484875
0.454497
0.419116
0.377783
0.329455
0.273206
0.208723
0.137288
0.0634089
-0.00311084
-0.0463486
-0.0505325
-0.0199785
-0.0246203
-0.0658509
-0.080254
-0.0636552
-0.0278791
0.0166924
0.0639939
0.110698
0.155133
0.196611
0.234975
0.270337
0.302923
0.332998
0.360829
0.38666
0.410712
0.433177
0.454222
0.473987
0.492595
0.51015
0.526738
0.542434
0.5573
0.571388
0.58474
0.597392
0.609371
0.620699
0.631391
0.641458
0.650906
0.659734
0.667941
0.675519
0.682457
0.68874
0.69435
0.699265
0.70346
0.706907
0.709573
0.711423
0.712416
0.712509
0.711653
0.709794
0.706873
0.702821
0.697562
0.691009
0.683058
0.673588
0.662452
0.649471
0.634418
0.617006
0.596863
0.573498
0.546263
0.514298
0.476469
0.43133
0.377151
0.312165
0.235332
0.148148
0.0578797
-0.0183927
-0.0528648
-0.0262208
-0.0312988
-0.0687275
-0.0436737
0.0154732
0.0836806
0.150383
0.211698
0.266447
0.314765
0.357327
0.394942
0.428371
0.458282
0.485231
0.509678
0.531996
0.552489
0.571404
0.588943
0.605273
0.620527
0.63482
0.648244
0.660876
0.672778
0.684004
0.694597
0.70459
0.714012
0.722884
0.731223
0.739039
0.746338
0.753125
0.759396
0.765149
0.770375
0.775063
0.7792
0.782769
0.78575
0.788121
0.789857
0.790931
0.791311
0.790963
0.789851
0.787931
0.785158
0.781479
0.776834
0.771154
0.764358
0.756351
0.747014
0.736202
0.723729
0.709357
0.69277
0.673543
0.651095
0.624622
0.592998
0.554647
0.507386
0.448322
0.374027
0.281703
0.172057
0.0556978
-0.0301856
-0.0232111
-0.000660392
0.000352801
0.104333
0.217906
0.3121
0.388127
0.449782
0.500013
0.541352
0.575873
0.605148
0.630342
0.652319
0.671722
0.689037
0.704633
0.718793
0.731742
0.743652
0.754664
0.764889
0.774416
0.78332
0.79166
0.799485
0.806834
0.813741
0.82023
0.826323
0.832035
0.837378
0.842361
0.846988
0.851261
0.85518
0.858743
0.861943
0.864773
0.867224
0.869286
0.870944
0.872185
0.872991
0.873344
0.873223
0.872607
0.87147
0.869785
0.867522
0.864645
0.861116
0.856889
0.85191
0.846115
0.839425
0.83174
0.822933
0.81284
0.801237
0.787824
0.772178
0.753698
0.73151
0.70431
0.670123
0.62591
0.567062
0.48705
0.376958
0.228427
0.0726436
0.0309695
0.292184
0.379306
0.530607
0.644331
0.714297
0.760018
0.792312
0.816129
0.834336
0.848759
0.860547
0.870428
0.878884
0.886244
0.892742
0.898544
0.903778
0.908535
0.912891
0.9169
0.920608
0.92405
0.927256
0.930248
0.933046
0.935663
0.938113
0.940404
0.942545
0.944541
0.946396
0.948113
0.949692
0.951136
0.952442
0.95361
0.954637
0.95552
0.956255
0.956837
0.957262
0.957523
0.957614
0.957527
0.957256
0.956791
0.956123
0.955241
0.954135
0.95279
0.951193
0.949325
0.947166
0.944692
0.941871
0.938665
0.935023
0.93088
0.926146
0.920701
0.914371
0.906908
0.897942
0.886902
0.872863
0.854247
0.828214
0.789432
0.726146
0.611349
0.435853
0.317985
)
;

boundaryField
{
    movingWall
    {
        type            calculated;
        value           uniform 1;
    }
    fixedWalls
    {
        type            calculated;
        value           uniform 0;
    }
    frontAndBack
    {
        type            empty;
    }
}


// ************************************************************************* //
