/*--------------------------------*- C++ -*----------------------------------*\
  =========                 |
  \\      /  F ield         | OpenFOAM: The Open Source CFD Toolbox
   \\    /   O peration     | Website:  https://openfoam.org
    \\  /    A nd           | Version:  dev
     \\/     M anipulation  |
\*---------------------------------------------------------------------------*/
FoamFile
{
    format      ascii;
    class       volScalarField;
    location    "18";
    object      Ux;
}
// * * * * * * * * * * * * * * * * * * * * * * * * * * * * * * * * * * * * * //

dimensions      [0 1 -1 0 0 0 0];

internalField   nonuniform List<scalar> 
5184
(
1.24372e-05
4.52641e-05
8.02462e-05
9.57732e-05
8.18625e-05
3.61293e-05
-4.08759e-05
-0.000147136
-0.000279867
-0.000436012
-0.000612454
-0.000806165
-0.00101428
-0.00123414
-0.00146329
-0.00169947
-0.00194061
-0.00218481
-0.00243027
-0.00267532
-0.00291835
-0.00315781
-0.00339216
-0.00361989
-0.00383947
-0.00404936
-0.00424801
-0.00443385
-0.00460531
-0.0047608
-0.00489877
-0.0050177
-0.00511613
-0.00519268
-0.00524611
-0.00527529
-0.00527928
-0.00525735
-0.00520902
-0.00513403
-0.00503247
-0.0049047
-0.00475142
-0.0045737
-0.00437292
-0.00415084
-0.00390955
-0.00365148
-0.00337934
-0.00309614
-0.0028051
-0.00250966
-0.00221337
-0.00191987
-0.00163285
-0.00135593
-0.00109265
-0.000846383
-0.00062026
-0.000417134
-0.000239499
-8.94345e-05
3.14729e-05
0.000122208
0.000182436
0.000212658
0.000214453
0.000190865
0.000146912
9.06739e-05
3.65937e-05
6.22654e-06
2.0913e-05
6.56563e-05
9.45799e-05
7.25077e-05
-1.93257e-05
-0.000187716
-0.00043323
-0.000752653
-0.00114045
-0.00158984
-0.00209349
-0.00264397
-0.00323396
-0.0038565
-0.00450498
-0.00517321
-0.0058554
-0.00654612
-0.00724024
-0.00793287
-0.00861933
-0.00929507
-0.00995562
-0.0105966
-0.0112135
-0.011802
-0.0123578
-0.0128763
-0.0133532
-0.0137843
-0.0141651
-0.0144917
-0.0147602
-0.0149669
-0.0151085
-0.0151823
-0.0151859
-0.0151175
-0.0149759
-0.0147609
-0.0144727
-0.0141127
-0.0136828
-0.0131863
-0.0126269
-0.0120095
-0.01134
-0.0106249
-0.00987148
-0.00908797
-0.00828299
-0.00746572
-0.00664568
-0.00583258
-0.00503621
-0.00426621
-0.00353195
-0.00284234
-0.00220565
-0.00162936
-0.00111993
-0.000682667
-0.000321473
-3.86402e-05
0.000165458
0.000292737
0.00034793
0.000339287
0.000279274
0.000185715
8.62384e-05
1.9657e-05
1.76511e-05
4.12959e-05
1.9446e-05
-8.42464e-05
-0.000290498
-0.000608023
-0.00103806
-0.0015768
-0.00221707
-0.0029497
-0.00376443
-0.00465056
-0.00559737
-0.00659443
-0.00763168
-0.00869959
-0.00978908
-0.0108916
-0.0119988
-0.0131031
-0.0141967
-0.0152724
-0.0163228
-0.017341
-0.0183197
-0.0192521
-0.020131
-0.0209495
-0.0217008
-0.0223781
-0.0229748
-0.0234846
-0.0239017
-0.0242206
-0.0244364
-0.0245448
-0.0245425
-0.024427
-0.0241968
-0.0238515
-0.0233919
-0.0228203
-0.02214
-0.021356
-0.0204743
-0.0195027
-0.0184501
-0.0173266
-0.0161436
-0.0149136
-0.0136498
-0.0123662
-0.0110774
-0.00979819
-0.0085434
-0.00732774
-0.00616543
-0.00506999
-0.00405395
-0.00312857
-0.00230358
-0.00158686
-0.000984168
-0.000498723
-0.000130852
0.000122505
0.000268423
0.000318719
0.000290493
0.000206934
0.000102256
2.49371e-05
8.82864e-06
-7.06349e-06
-0.000107675
-0.000322422
-0.000669492
-0.00115726
-0.00178644
-0.00255229
-0.00344624
-0.00445728
-0.00557296
-0.00678007
-0.00806524
-0.00941522
-0.0108171
-0.0122585
-0.0137276
-0.0152129
-0.0167034
-0.0181888
-0.0196587
-0.0211033
-0.0225128
-0.0238774
-0.0251878
-0.0264345
-0.0276081
-0.0286994
-0.0296992
-0.0305988
-0.0313895
-0.0320631
-0.0326121
-0.0330295
-0.033309
-0.0334454
-0.0334344
-0.033273
-0.0329596
-0.032494
-0.0318775
-0.031113
-0.0302054
-0.0291611
-0.0279884
-0.0266973
-0.0252994
-0.023808
-0.022238
-0.0206055
-0.0189275
-0.0172223
-0.0155086
-0.0138055
-0.0121323
-0.0105077
-0.00895026
-0.00747727
-0.00610486
-0.00484754
-0.00371778
-0.00272569
-0.00187859
-0.00118063
-0.000632269
-0.000229833
3.51342e-05
0.000176495
0.000213936
0.000173578
9.2805e-05
2.39805e-05
-2.14049e-06
-6.7314e-05
-0.000264059
-0.000609514
-0.00111613
-0.00179008
-0.00263036
-0.00363061
-0.00478069
-0.00606791
-0.00747793
-0.00899552
-0.0106051
-0.0122912
-0.0140384
-0.015832
-0.0176577
-0.0195016
-0.0213504
-0.0231911
-0.0250111
-0.0267983
-0.0285404
-0.0302256
-0.0318421
-0.0333784
-0.0348229
-0.0361644
-0.0373917
-0.0384941
-0.0394614
-0.0402837
-0.0409519
-0.0414578
-0.0417941
-0.0419546
-0.0419344
-0.0417302
-0.0413403
-0.0407645
-0.0400048
-0.0390649
-0.0379508
-0.0366704
-0.0352336
-0.0336526
-0.0319415
-0.0301161
-0.0281942
-0.0261951
-0.0241392
-0.0220482
-0.0199444
-0.0178508
-0.01579
-0.0137848
-0.0118569
-0.0100272
-0.00831496
-0.00673738
-0.00530946
-0.0040433
-0.00294779
-0.00202806
-0.00128506
-0.000715057
-0.000309079
-5.23888e-05
7.58483e-05
0.000103087
6.72829e-05
1.96179e-05
-1.37047e-05
-0.000132791
-0.000435567
-0.000923972
-0.0016026
-0.00247399
-0.0035343
-0.00477483
-0.0061835
-0.0077458
-0.00944563
-0.0112659
-0.0131892
-0.0151981
-0.0172752
-0.0194036
-0.021567
-0.0237494
-0.0259354
-0.0281097
-0.0302579
-0.0323654
-0.0344181
-0.0364021
-0.0383036
-0.040109
-0.0418049
-0.0433783
-0.0448163
-0.0461065
-0.047237
-0.0481968
-0.0489753
-0.0495632
-0.0499524
-0.0501358
-0.0501083
-0.0498659
-0.0494071
-0.0487318
-0.0478425
-0.0467436
-0.0454419
-0.0439467
-0.0422696
-0.0404242
-0.0384269
-0.0362956
-0.0340508
-0.0317142
-0.0293094
-0.0268609
-0.0243943
-0.0219355
-0.0195107
-0.0171456
-0.0148652
-0.0126934
-0.0106521
-0.0087614
-0.00703839
-0.0054972
-0.0041483
-0.00299807
-0.00204829
-0.0012957
-0.000731548
-0.000341153
-0.000103593
8.7128e-06
3.2296e-05
1.3577e-05
-2.51832e-05
-0.000199879
-0.000613562
-0.00125174
-0.00210993
-0.00318597
-0.00447229
-0.00595718
-0.00762616
-0.00946269
-0.0114488
-0.0135658
-0.0157943
-0.0181153
-0.0205096
-0.0229587
-0.0254442
-0.0279483
-0.0304539
-0.0329438
-0.0354016
-0.037811
-0.040156
-0.0424208
-0.0445899
-0.0466479
-0.0485798
-0.0503708
-0.0520066
-0.0534732
-0.0547575
-0.055847
-0.0567303
-0.057397
-0.0578381
-0.0580459
-0.0580148
-0.0577407
-0.0572217
-0.0564581
-0.0554526
-0.0542103
-0.0527387
-0.0510482
-0.0491514
-0.0470638
-0.0448032
-0.0423896
-0.0398455
-0.037195
-0.0344641
-0.0316801
-0.0288712
-0.0260663
-0.0232943
-0.0205839
-0.017963
-0.0154582
-0.0130942
-0.0108935
-0.00887542
-0.00705622
-0.00544808
-0.00405887
-0.00289159
-0.00194397
-0.0012081
-0.000670059
-0.000309688
-0.0001002
-7.87878e-06
6.82281e-06
-3.63186e-05
-0.000266698
-0.000792934
-0.00158391
-0.00262546
-0.00391004
-0.00542567
-0.00715709
-0.009087
-0.0111965
-0.0134658
-0.0158742
-0.0184009
-0.0210252
-0.0237263
-0.026484
-0.0292786
-0.0320906
-0.0349012
-0.0376916
-0.0404438
-0.0431399
-0.0457622
-0.0482933
-0.0507161
-0.0530137
-0.0551695
-0.0571673
-0.0589915
-0.0606267
-0.0620586
-0.0632737
-0.0642593
-0.0650044
-0.065499
-0.0657351
-0.0657063
-0.0654084
-0.0648392
-0.0639992
-0.0628912
-0.0615206
-0.0598958
-0.0580277
-0.0559301
-0.0536195
-0.0511152
-0.048439
-0.045615
-0.0426694
-0.0396303
-0.0365275
-0.0333914
-0.0302538
-0.027146
-0.0240997
-0.0211454
-0.0183122
-0.0156277
-0.0131167
-0.010801
-0.00869895
-0.00682478
-0.00518811
-0.00379354
-0.00264025
-0.00172168
-0.00102529
-0.000532308
-0.000217422
-5.05778e-05
-1.14682e-07
-4.70181e-05
-0.000332273
-0.000970695
-0.00191487
-0.00314081
-0.00463515
-0.00638111
-0.00835942
-0.0105496
-0.0129303
-0.0154794
-0.0181745
-0.0209931
-0.0239129
-0.0269118
-0.0299683
-0.033061
-0.0361692
-0.0392725
-0.042351
-0.045385
-0.0483553
-0.0512428
-0.0540286
-0.0566942
-0.0592215
-0.0615924
-0.0637895
-0.0657958
-0.067595
-0.0691715
-0.0705107
-0.0715992
-0.0724249
-0.0729773
-0.0732476
-0.073229
-0.0729168
-0.0723086
-0.0714049
-0.0702083
-0.0687247
-0.0669626
-0.0649335
-0.0626522
-0.0601359
-0.0574051
-0.0544829
-0.0513949
-0.0481692
-0.0448357
-0.0414263
-0.0379739
-0.0345123
-0.0310758
-0.0276984
-0.0244134
-0.0212527
-0.0182463
-0.0154218
-0.0128035
-0.0104121
-0.00826408
-0.00637118
-0.00473995
-0.00337146
-0.00226095
-0.00139773
-0.000764896
-0.000339054
-9.42446e-05
-6.96553e-06
-5.72717e-05
-0.000396127
-0.00114512
-0.00224112
-0.00365041
-0.00535369
-0.00732906
-0.00955298
-0.0120015
-0.0146506
-0.0174758
-0.0204527
-0.0235574
-0.0267658
-0.0300547
-0.0334011
-0.0367826
-0.040177
-0.0435629
-0.0469191
-0.0502247
-0.0534591
-0.0566021
-0.0596337
-0.062534
-0.0652837
-0.0678637
-0.0702553
-0.0724404
-0.0744015
-0.0761223
-0.077587
-0.0787815
-0.0796926
-0.0803093
-0.0806219
-0.0806231
-0.0803077
-0.0796731
-0.0787191
-0.0774486
-0.0758672
-0.0739836
-0.0718097
-0.0693606
-0.0666543
-0.0637122
-0.0605583
-0.0572197
-0.0537258
-0.0501085
-0.0464013
-0.0426395
-0.0388592
-0.0350971
-0.0313898
-0.0277734
-0.0242825
-0.02095
-0.0178061
-0.014878
-0.0121891
-0.00975823
-0.00759974
-0.0057225
-0.00412979
-0.00281909
-0.00178193
-0.00100359
-0.000462888
-0.000138064
-1.36139e-05
-6.70973e-05
-0.000458035
-0.00131521
-0.00256045
-0.00415058
-0.00606034
-0.00826261
-0.0107294
-0.0134333
-0.016347
-0.019444
-0.0226978
-0.0260826
-0.0295732
-0.0331448
-0.0367734
-0.0404353
-0.0441075
-0.0477673
-0.0513925
-0.0549612
-0.0584517
-0.0618428
-0.0651133
-0.0682425
-0.0712099
-0.0739952
-0.0765789
-0.0789419
-0.0810657
-0.0829329
-0.084527
-0.0858327
-0.0868364
-0.0875258
-0.0878908
-0.0879233
-0.0876174
-0.08697
-0.0859805
-0.0846513
-0.0829878
-0.0809986
-0.0786957
-0.0760942
-0.0732127
-0.0700731
-0.0667003
-0.0631223
-0.05937
-0.0554768
-0.051478
-0.0474109
-0.043314
-0.0392264
-0.0351874
-0.0312358
-0.0274093
-0.0237436
-0.0202722
-0.0170251
-0.0140287
-0.0113049
-0.00887059
-0.00673754
-0.00491161
-0.00339281
-0.00217521
-0.00124654
-0.000587918
-0.000181711
-2.00338e-05
-7.65193e-05
-0.000517898
-0.00148037
-0.00287143
-0.00463879
-0.00675132
-0.00917669
-0.0118824
-0.0148373
-0.0180113
-0.021375
-0.0249001
-0.0285592
-0.0323255
-0.036173
-0.0400766
-0.0440116
-0.047954
-0.0518802
-0.0557671
-0.0595919
-0.0633321
-0.0669655
-0.0704702
-0.0738242
-0.0770064
-0.0799956
-0.0827713
-0.0853134
-0.0876026
-0.0896206
-0.0913499
-0.0927744
-0.0938795
-0.0946523
-0.0950815
-0.0951584
-0.0948763
-0.0942312
-0.0932219
-0.0918502
-0.0901209
-0.0880425
-0.0856264
-0.0828878
-0.0798454
-0.0765214
-0.0729414
-0.0691341
-0.0651317
-0.0609687
-0.0566824
-0.0523119
-0.0478981
-0.0434826
-0.0391075
-0.0348145
-0.0306445
-0.0266365
-0.0228271
-0.0192498
-0.0159344
-0.0129059
-0.0101846
-0.00778521
-0.00571656
-0.00398157
-0.00257707
-0.00149339
-0.000713991
-0.000225189
-2.62521e-05
-8.55591e-05
-0.000575664
-0.00164023
-0.00317309
-0.00511322
-0.00742382
-0.0100674
-0.013007
-0.0162077
-0.0196364
-0.0232612
-0.0270517
-0.0309787
-0.0350142
-0.0391309
-0.0433026
-0.0475038
-0.0517095
-0.0558956
-0.060038
-0.0641132
-0.0680979
-0.0719693
-0.0757046
-0.0792812
-0.0826771
-0.0858703
-0.0888395
-0.0915638
-0.094023
-0.0961979
-0.0980703
-0.0996229
-0.10084
-0.101709
-0.102216
-0.102352
-0.102109
-0.101483
-0.10047
-0.0990735
-0.0972958
-0.095145
-0.0926321
-0.089772
-0.0865831
-0.0830876
-0.0793116
-0.0752844
-0.071039
-0.0666113
-0.0620401
-0.0573667
-0.052634
-0.0478863
-0.0431687
-0.0385261
-0.0340026
-0.0296409
-0.0254812
-0.0215608
-0.0179131
-0.0145669
-0.011546
-0.00886858
-0.00654688
-0.00458692
-0.00298857
-0.00174486
-0.000841556
-0.00026872
-3.23276e-05
-9.42323e-05
-0.000631299
-0.00179451
-0.00346469
-0.0055725
-0.00807563
-0.0109316
-0.0140991
-0.0175395
-0.0212165
-0.025096
-0.0291453
-0.0333336
-0.0376315
-0.0420106
-0.0464436
-0.0509044
-0.0553672
-0.059807
-0.0641993
-0.0685199
-0.0727451
-0.0768512
-0.0808148
-0.0846129
-0.0882226
-0.0916214
-0.0947871
-0.0976982
-0.100334
-0.102673
-0.104698
-0.10639
-0.107732
-0.108709
-0.109309
-0.10952
-0.109334
-0.108744
-0.107748
-0.106344
-0.104536
-0.102331
-0.0997382
-0.0967727
-0.0934521
-0.0897984
-0.0858377
-0.0815998
-0.0771183
-0.0724304
-0.0675764
-0.0625993
-0.0575446
-0.0524592
-0.0473913
-0.0423891
-0.0375005
-0.032772
-0.0282479
-0.0239696
-0.0199746
-0.016296
-0.0129614
-0.00999305
-0.00740677
-0.00521206
-0.00341201
-0.00200247
-0.000971491
-0.000312674
-3.83385e-05
-0.000102547
-0.000684759
-0.00194297
-0.00374562
-0.00601543
-0.00870486
-0.0117666
-0.0151552
-0.0188282
-0.0227465
-0.0268734
-0.0311743
-0.0356167
-0.0401698
-0.0448043
-0.0494919
-0.0542056
-0.0589192
-0.063607
-0.0682441
-0.0728058
-0.0772678
-0.0816061
-0.0857967
-0.0898161
-0.0936408
-0.0972477
-0.100614
-0.103718
-0.106536
-0.10905
-0.111237
-0.11308
-0.114561
-0.115663
-0.116372
-0.116676
-0.116564
-0.11603
-0.115068
-0.113677
-0.111859
-0.109618
-0.106965
-0.103911
-0.100474
-0.0966762
-0.0925428
-0.0881039
-0.0833935
-0.07845
-0.0733149
-0.0680333
-0.0626528
-0.0572233
-0.0517962
-0.0464234
-0.0411566
-0.0360468
-0.0311426
-0.0264899
-0.022131
-0.0181035
-0.0144396
-0.0111658
-0.00830195
-0.00586135
-0.00385054
-0.00226832
-0.00110498
-0.000357524
-4.43745e-05
-0.000110504
-0.000735988
-0.00208535
-0.00401527
-0.00644092
-0.00930982
-0.0125701
-0.016172
-0.0200698
-0.0242215
-0.0285879
-0.0331325
-0.0378212
-0.0426219
-0.0475043
-0.0524393
-0.0573993
-0.0623574
-0.0672876
-0.0721646
-0.0769632
-0.0816589
-0.0862271
-0.0906438
-0.0948848
-0.0989263
-0.102745
-0.106316
-0.109619
-0.112629
-0.115326
-0.117688
-0.119695
-0.121329
-0.122572
-0.123407
-0.123823
-0.123806
-0.123348
-0.122442
-0.121084
-0.119276
-0.117021
-0.114325
-0.111201
-0.107666
-0.103739
-0.0994459
-0.0948165
-0.0898854
-0.0846914
-0.0792775
-0.0736905
-0.0679805
-0.0622003
-0.0564046
-0.0506493
-0.0449904
-0.0394834
-0.0341819
-0.029137
-0.0243959
-0.0200015
-0.0159909
-0.0123954
-0.00923929
-0.00654009
-0.00430801
-0.00254493
-0.00124342
-0.000403813
-5.05333e-05
-0.000118097
-0.000784903
-0.00222137
-0.00427302
-0.0068479
-0.00988882
-0.0133395
-0.0171464
-0.0212605
-0.0256369
-0.0302341
-0.0350137
-0.0399403
-0.0449804
-0.0501027
-0.0552776
-0.0604767
-0.0656729
-0.0708397
-0.0759514
-0.0809828
-0.085909
-0.0907053
-0.0953472
-0.0998104
-0.104071
-0.108104
-0.111886
-0.115395
-0.118605
-0.121496
-0.124044
-0.12623
-0.128032
-0.129432
-0.130413
-0.130959
-0.131058
-0.130697
-0.129869
-0.128568
-0.126792
-0.124543
-0.121827
-0.118654
-0.115038
-0.110999
-0.106561
-0.101753
-0.0966107
-0.0911726
-0.0854832
-0.0795909
-0.0735482
-0.0674109
-0.0612372
-0.0550871
-0.0490215
-0.0431006
-0.0373837
-0.0319272
-0.0267842
-0.022003
-0.0176265
-0.0136912
-0.0102265
-0.00725421
-0.0047887
-0.00283511
-0.00138836
-0.00045213
-5.69175e-05
-0.000125313
-0.000831401
-0.00235071
-0.0045182
-0.00723523
-0.0104402
-0.0140727
-0.0180755
-0.0223964
-0.026988
-0.0318065
-0.0368118
-0.041967
-0.0472376
-0.0525913
-0.057998
-0.0634287
-0.068856
-0.0742531
-0.0795942
-0.084854
-0.0900072
-0.0950293
-0.0998955
-0.104581
-0.109062
-0.113314
-0.117313
-0.121033
-0.124453
-0.127548
-0.130295
-0.132673
-0.134659
-0.136235
-0.13738
-0.138077
-0.138312
-0.138072
-0.137344
-0.136123
-0.134404
-0.132186
-0.129472
-0.126271
-0.122595
-0.118462
-0.113896
-0.108924
-0.103582
-0.0979077
-0.0919476
-0.0857514
-0.079374
-0.072874
-0.0663134
-0.0597566
-0.0532694
-0.0469175
-0.040766
-0.0348774
-0.0293112
-0.0241219
-0.0193586
-0.0150636
-0.0112718
-0.00801015
-0.00529726
-0.00314188
-0.00154144
-0.000503095
-6.36321e-05
-0.000132134
-0.000875358
-0.002473
-0.0047501
-0.00760173
-0.0109622
-0.0147672
-0.0189561
-0.0234738
-0.0282702
-0.0332998
-0.0385207
-0.0438945
-0.0493858
-0.0549617
-0.0605913
-0.0662454
-0.0718962
-0.0775168
-0.0830814
-0.0885644
-0.0939409
-0.099186
-0.104275
-0.109184
-0.113887
-0.11836
-0.122579
-0.12652
-0.130156
-0.133466
-0.136424
-0.139008
-0.141195
-0.142962
-0.144291
-0.145161
-0.145555
-0.145457
-0.144855
-0.143739
-0.142101
-0.139938
-0.137252
-0.134047
-0.130334
-0.126129
-0.121453
-0.116334
-0.110805
-0.104906
-0.0986821
-0.0921855
-0.0854729
-0.0786061
-0.0716508
-0.064676
-0.0577526
-0.0509524
-0.0443466
-0.0380046
-0.0319927
-0.0263724
-0.0211996
-0.0165232
-0.012384
-0.00881462
-0.00583855
-0.00346842
-0.00170439
-0.000557351
-7.07837e-05
-0.000138538
-0.000916629
-0.00258785
-0.00496795
-0.00794617
-0.011453
-0.0154206
-0.019785
-0.0244886
-0.0294789
-0.0347084
-0.0401338
-0.0457155
-0.0514171
-0.0572051
-0.063048
-0.0689163
-0.0747822
-0.0806187
-0.0863999
-0.0921004
-0.0976953
-0.10316
-0.10847
-0.1136
-0.118526
-0.123224
-0.127667
-0.131833
-0.135695
-0.139228
-0.142409
-0.145213
-0.147615
-0.149593
-0.151124
-0.152186
-0.152762
-0.152831
-0.15238
-0.151394
-0.149864
-0.147784
-0.145151
-0.141969
-0.138244
-0.13399
-0.129227
-0.12398
-0.118281
-0.11217
-0.105693
-0.0989017
-0.0918561
-0.0846204
-0.0772643
-0.0698614
-0.0624881
-0.0552225
-0.0481427
-0.0413254
-0.0348444
-0.0287689
-0.0231622
-0.0180807
-0.0135719
-0.00967455
-0.00641758
-0.00381798
-0.00187897
-0.000615552
-7.84796e-05
-0.000144501
-0.000955058
-0.00269481
-0.00517091
-0.00826722
-0.0119107
-0.0160303
-0.0205592
-0.025437
-0.0306093
-0.0360268
-0.0416449
-0.0474227
-0.0533232
-0.0593122
-0.0653578
-0.0714304
-0.0775019
-0.0835456
-0.0895357
-0.0954468
-0.101254
-0.106934
-0.112461
-0.117811
-0.12296
-0.127882
-0.132553
-0.136949
-0.141042
-0.144808
-0.148222
-0.151258
-0.15389
-0.156095
-0.157847
-0.159124
-0.159903
-0.160163
-0.159888
-0.159059
-0.157665
-0.155696
-0.153146
-0.150014
-0.146305
-0.14203
-0.137204
-0.131851
-0.126003
-0.119697
-0.112979
-0.105903
-0.0985298
-0.090926
-0.0831653
-0.0753261
-0.0674907
-0.0597436
-0.0521704
-0.0448556
-0.0378813
-0.0313252
-0.025259
-0.019747
-0.0148445
-0.0105969
-0.00703943
-0.00419388
-0.00206698
-0.000678362
-8.68283e-05
-0.000149994
-0.000990476
-0.00279343
-0.00535814
-0.00856357
-0.0123335
-0.0165939
-0.0212752
-0.0263149
-0.0316566
-0.0372494
-0.0430473
-0.0490087
-0.0550956
-0.0612735
-0.0675102
-0.0737759
-0.0800426
-0.0862837
-0.0924735
-0.0985872
-0.1046
-0.110489
-0.116228
-0.121795
-0.127164
-0.132311
-0.137211
-0.141839
-0.146169
-0.150175
-0.153831
-0.15711
-0.159986
-0.162433
-0.164424
-0.165934
-0.166939
-0.167415
-0.167341
-0.166697
-0.165468
-0.163639
-0.161202
-0.158152
-0.154489
-0.150221
-0.145361
-0.13993
-0.133956
-0.127476
-0.120535
-0.113188
-0.105495
-0.097527
-0.089361
-0.08108
-0.0727721
-0.0645289
-0.0564437
-0.0486096
-0.0411177
-0.0340549
-0.0275022
-0.0215328
-0.0162106
-0.0115888
-0.00770921
-0.00459944
-0.00227021
-0.00074645
-9.59389e-05
-0.000154989
-0.00102271
-0.00288324
-0.00552878
-0.00883386
-0.0127194
-0.0171088
-0.02193
-0.0271184
-0.032616
-0.0383704
-0.0443345
-0.0504658
-0.0567258
-0.0630794
-0.0694944
-0.0759409
-0.082391
-0.0888183
-0.0951974
-0.101504
-0.107714
-0.113803
-0.119749
-0.125526
-0.131112
-0.136482
-0.14161
-0.146472
-0.151041
-0.155292
-0.159197
-0.162729
-0.16586
-0.168563
-0.17081
-0.172572
-0.173824
-0.174538
-0.174692
-0.17426
-0.173225
-0.171568
-0.169275
-0.166339
-0.162756
-0.158529
-0.153666
-0.148187
-0.142115
-0.135487
-0.128345
-0.120744
-0.112745
-0.104422
-0.0958534
-0.0871283
-0.0783406
-0.0695888
-0.0609746
-0.0526002
-0.0445665
-0.0369705
-0.0299035
-0.0234486
-0.017679
-0.012657
-0.00843197
-0.00503799
-0.00249049
-0.000820486
-0.000105921
-0.000159456
-0.00105159
-0.00296379
-0.00568197
-0.00907677
-0.0130666
-0.0175725
-0.0225203
-0.0278436
-0.0334828
-0.0393843
-0.0454999
-0.0517866
-0.0582051
-0.0647202
-0.0712994
-0.077913
-0.0845333
-0.091134
-0.0976904
-0.104178
-0.110575
-0.116856
-0.122998
-0.12898
-0.134776
-0.140363
-0.145717
-0.150811
-0.155621
-0.160119
-0.164278
-0.16807
-0.171465
-0.174436
-0.176952
-0.178984
-0.180502
-0.181478
-0.181883
-0.181692
-0.18088
-0.179426
-0.177312
-0.174525
-0.171057
-0.166906
-0.162077
-0.156583
-0.150447
-0.143701
-0.136385
-0.128553
-0.120267
-0.111601
-0.102638
-0.0934714
-0.0842
-0.0749302
-0.0657722
-0.0568381
-0.0482391
-0.0400835
-0.0324737
-0.0255039
-0.0192582
-0.0138083
-0.00921273
-0.00551283
-0.00272961
-0.000901145
-0.000116885
-0.000163365
-0.00107694
-0.00303463
-0.0058169
-0.00929103
-0.0133733
-0.0179826
-0.0230432
-0.0284867
-0.0342525
-0.0402857
-0.0465374
-0.0529637
-0.0595251
-0.0661861
-0.0729142
-0.0796798
-0.0864555
-0.0932154
-0.0999352
-0.106591
-0.113161
-0.119622
-0.125952
-0.132127
-0.138125
-0.143923
-0.149496
-0.154819
-0.159866
-0.164611
-0.169026
-0.173082
-0.176749
-0.179997
-0.182794
-0.18511
-0.186913
-0.18817
-0.188851
-0.188927
-0.188368
-0.187149
-0.185248
-0.182647
-0.179332
-0.175296
-0.170539
-0.165071
-0.158908
-0.152078
-0.144621
-0.136587
-0.128038
-0.119049
-0.109706
-0.100104
-0.090349
-0.0805555
-0.0708421
-0.0613309
-0.0521448
-0.0434037
-0.0352226
-0.0277081
-0.020956
-0.0150492
-0.0100563
-0.0060272
-0.00298937
-0.000989097
-0.000128942
-0.000166688
-0.0010986
-0.00309535
-0.00593281
-0.00947547
-0.0136378
-0.0183371
-0.0234957
-0.0290443
-0.0349208
-0.0410695
-0.0474407
-0.05399
-0.0606776
-0.0674677
-0.074328
-0.0812291
-0.0881437
-0.0950467
-0.101914
-0.108723
-0.115452
-0.122079
-0.128582
-0.134939
-0.141128
-0.147126
-0.152909
-0.158454
-0.163733
-0.168722
-0.17339
-0.177711
-0.181652
-0.185183
-0.188272
-0.190884
-0.192986
-0.194543
-0.195522
-0.19589
-0.195613
-0.194661
-0.193008
-0.19063
-0.187508
-0.183629
-0.178988
-0.173587
-0.16744
-0.160569
-0.153009
-0.144808
-0.136028
-0.126741
-0.117036
-0.107012
-0.0967805
-0.0864624
-0.0761857
-0.0660834
-0.0562902
-0.0469392
-0.0381588
-0.0300693
-0.0227799
-0.0163859
-0.0109675
-0.0065843
-0.00327153
-0.00108501
-0.000142207
-0.000169401
-0.00111645
-0.00314559
-0.00602905
-0.00962908
-0.0138587
-0.0186338
-0.0238756
-0.0295133
-0.0354839
-0.0417311
-0.0482044
-0.054859
-0.0616548
-0.0685561
-0.0755305
-0.0825488
-0.0895844
-0.0966125
-0.10361
-0.110555
-0.117425
-0.124201
-0.130861
-0.137385
-0.14375
-0.149935
-0.155917
-0.161672
-0.167175
-0.172399
-0.177317
-0.181899
-0.186114
-0.189931
-0.193315
-0.196232
-0.198646
-0.200519
-0.201816
-0.202498
-0.20253
-0.201878
-0.200507
-0.198391
-0.195503
-0.191825
-0.187345
-0.18206
-0.175976
-0.16911
-0.161493
-0.153168
-0.144193
-0.134642
-0.124602
-0.114176
-0.10348
-0.0926425
-0.0817997
-0.0710961
-0.060679
-0.0506957
-0.0412891
-0.0325947
-0.0247365
-0.0178241
-0.0119507
-0.00718719
-0.00357784
-0.00118957
-0.000156794
-0.000171485
-0.00113037
-0.00318506
-0.00610509
-0.00975104
-0.0140349
-0.0188714
-0.0241806
-0.029891
-0.0359386
-0.0422664
-0.0488236
-0.0555648
-0.0624498
-0.0694428
-0.0765117
-0.0836276
-0.0907643
-0.0978976
-0.105005
-0.112066
-0.119059
-0.125964
-0.132763
-0.139434
-0.145958
-0.152314
-0.158479
-0.16443
-0.170143
-0.175592
-0.180749
-0.185586
-0.190071
-0.194171
-0.197852
-0.201079
-0.203812
-0.206014
-0.207644
-0.208663
-0.209029
-0.208705
-0.207651
-0.205835
-0.203224
-0.199793
-0.195524
-0.190405
-0.184436
-0.177628
-0.170005
-0.161605
-0.152482
-0.142707
-0.132367
-0.121567
-0.110427
-0.0990811
-0.0876754
-0.0763654
-0.0653117
-0.0546763
-0.0446185
-0.0352901
-0.0268318
-0.0193692
-0.0130102
-0.00783885
-0.00390999
-0.00130342
-0.00017282
-0.000172925
-0.00114027
-0.00321356
-0.00616055
-0.00984077
-0.0141654
-0.0190485
-0.0244092
-0.0301753
-0.0362822
-0.0426722
-0.049294
-0.0561022
-0.0630563
-0.0701205
-0.077263
-0.0844552
-0.0916714
-0.0988881
-0.106084
-0.113238
-0.120331
-0.127345
-0.13426
-0.141058
-0.14772
-0.154225
-0.160553
-0.166682
-0.172588
-0.178246
-0.183629
-0.188709
-0.193454
-0.197832
-0.201807
-0.205343
-0.2084
-0.210938
-0.212915
-0.214287
-0.21501
-0.215041
-0.214338
-0.212859
-0.210568
-0.207431
-0.203423
-0.198525
-0.192729
-0.186037
-0.178465
-0.170046
-0.160829
-0.150879
-0.140284
-0.129146
-0.117591
-0.105756
-0.0937979
-0.0818825
-0.0701843
-0.0588811
-0.0481496
-0.0381598
-0.0290706
-0.0210257
-0.0141499
-0.00854207
-0.00426964
-0.00142722
-0.000190405
-0.000173712
-0.00114612
-0.00323099
-0.00619527
-0.00989797
-0.0142499
-0.0191645
-0.0245605
-0.030365
-0.0365129
-0.042946
-0.0496128
-0.0564673
-0.0634693
-0.070583
-0.0777766
-0.0850222
-0.0922945
-0.0995709
-0.10683
-0.114054
-0.121222
-0.128319
-0.135326
-0.142226
-0.149001
-0.155632
-0.1621
-0.168384
-0.174462
-0.180309
-0.1859
-0.191206
-0.196197
-0.20084
-0.205101
-0.208942
-0.212322
-0.2152
-0.217531
-0.21927
-0.220369
-0.22078
-0.220456
-0.219351
-0.217421
-0.214627
-0.210933
-0.206313
-0.200749
-0.194236
-0.186781
-0.178408
-0.169158
-0.159092
-0.148294
-0.136865
-0.124932
-0.112637
-0.100145
-0.0876327
-0.0752884
-0.0633066
-0.0518825
-0.0412061
-0.0314565
-0.0227975
-0.0153731
-0.00929949
-0.00465836
-0.00156164
-0.000209671
-0.000173845
-0.00114793
-0.00323738
-0.0062093
-0.00992274
-0.0142884
-0.0192195
-0.0246344
-0.0304598
-0.03663
-0.0430867
-0.0497778
-0.0566575
-0.0636852
-0.0708253
-0.0780465
-0.0853211
-0.0926244
-0.0999346
-0.107232
-0.114497
-0.121714
-0.128866
-0.135937
-0.142911
-0.149771
-0.156501
-0.163082
-0.169494
-0.175717
-0.181728
-0.187503
-0.193014
-0.198232
-0.203125
-0.207657
-0.211793
-0.21549
-0.218705
-0.221394
-0.223508
-0.224996
-0.225808
-0.225891
-0.225194
-0.223666
-0.22126
-0.217934
-0.21365
-0.208383
-0.202117
-0.194848
-0.186591
-0.177379
-0.167265
-0.156327
-0.144664
-0.132401
-0.119686
-0.106688
-0.0935951
-0.0806105
-0.0679453
-0.0558144
-0.0444293
-0.0339916
-0.0246876
-0.016683
-0.0101135
-0.00507768
-0.00170729
-0.000230742
-0.000173334
-0.00114575
-0.00323292
-0.00620297
-0.00991555
-0.0142816
-0.0192142
-0.0246316
-0.0304601
-0.0366339
-0.0430942
-0.0497887
-0.0566714
-0.0637018
-0.0708444
-0.0780682
-0.0853459
-0.0926535
-0.0999699
-0.107276
-0.114555
-0.12179
-0.128967
-0.136071
-0.143088
-0.150002
-0.156798
-0.16346
-0.16997
-0.176308
-0.182455
-0.188385
-0.194075
-0.199495
-0.204614
-0.209399
-0.213813
-0.217815
-0.221361
-0.224405
-0.226896
-0.228783
-0.230012
-0.230524
-0.230264
-0.229176
-0.227204
-0.224297
-0.22041
-0.215506
-0.209557
-0.20255
-0.194487
-0.185391
-0.175307
-0.164302
-0.152472
-0.139939
-0.126853
-0.113388
-0.0997417
-0.0861312
-0.072785
-0.0599388
-0.0478272
-0.0366766
-0.0266981
-0.0180819
-0.0109862
-0.00552898
-0.00186481
-0.000253744
-0.000172198
-0.00113972
-0.00321794
-0.00617692
-0.00987736
-0.0142306
-0.01915
-0.0245537
-0.0303678
-0.0365263
-0.04297
-0.0496465
-0.0565097
-0.0635191
-0.0706392
-0.0778394
-0.0850929
-0.0923764
-0.0996696
-0.106955
-0.114215
-0.121437
-0.128606
-0.135709
-0.142734
-0.149667
-0.156495
-0.163202
-0.169775
-0.176194
-0.182441
-0.188495
-0.194331
-0.199923
-0.205242
-0.210254
-0.214924
-0.219212
-0.223075
-0.226465
-0.229332
-0.231621
-0.233275
-0.234234
-0.234438
-0.233822
-0.232326
-0.22989
-0.226459
-0.221983
-0.216426
-0.20976
-0.201975
-0.193082
-0.183112
-0.172124
-0.160206
-0.147475
-0.134079
-0.120198
-0.106037
-0.0918246
-0.0778084
-0.0642454
-0.0513949
-0.03951
-0.0288297
-0.0195716
-0.0119194
-0.00601355
-0.00203478
-0.000278805
-0.000170466
-0.00113004
-0.00319299
-0.00613213
-0.00980965
-0.0141376
-0.0190295
-0.0244037
-0.0301861
-0.0363104
-0.0427174
-0.0493544
-0.056175
-0.0631389
-0.0702107
-0.0773602
-0.084561
-0.0917906
-0.0990295
-0.106261
-0.11347
-0.120643
-0.127768
-0.134834
-0.14183
-0.148744
-0.155565
-0.16228
-0.168875
-0.175337
-0.181646
-0.187785
-0.193731
-0.19946
-0.204945
-0.210154
-0.215052
-0.219603
-0.223761
-0.227482
-0.230714
-0.233401
-0.235485
-0.236903
-0.237589
-0.237475
-0.236493
-0.234575
-0.231656
-0.227677
-0.222585
-0.216343
-0.208924
-0.200325
-0.190564
-0.179688
-0.167771
-0.154926
-0.141297
-0.127063
-0.112436
-0.0976581
-0.0829929
-0.0687197
-0.0551241
-0.0424884
-0.0310819
-0.021153
-0.0129144
-0.00653252
-0.00221778
-0.000306057
-0.000168184
-0.00111697
-0.00315882
-0.00606999
-0.00971452
-0.0140052
-0.0188561
-0.0241855
-0.0299195
-0.0359913
-0.0423414
-0.0489172
-0.055672
-0.0625654
-0.0695625
-0.0766332
-0.0837517
-0.0908961
-0.0980481
-0.105192
-0.112313
-0.119401
-0.126445
-0.133434
-0.140361
-0.147215
-0.153987
-0.160667
-0.167244
-0.173704
-0.180033
-0.186215
-0.19223
-0.198056
-0.203668
-0.209036
-0.21413
-0.218912
-0.22334
-0.227369
-0.230949
-0.234025
-0.236535
-0.238415
-0.239597
-0.240007
-0.239571
-0.238214
-0.235861
-0.232442
-0.227891
-0.222156
-0.215195
-0.206989
-0.197539
-0.186876
-0.175063
-0.1622
-0.148425
-0.133915
-0.118887
-0.103591
-0.0883093
-0.0733423
-0.0590033
-0.0456057
-0.0334525
-0.0228262
-0.0139723
-0.00708685
-0.00241432
-0.000335628
-0.000165408
-0.00110089
-0.00311641
-0.00599229
-0.00959469
-0.0138373
-0.0186345
-0.0239049
-0.0295742
-0.0355756
-0.0418492
-0.0483422
-0.0550078
-0.0618057
-0.0687009
-0.0756639
-0.0826695
-0.0896965
-0.0967274
-0.103748
-0.110745
-0.117709
-0.12463
-0.131502
-0.138317
-0.145068
-0.151747
-0.158346
-0.164858
-0.171271
-0.177574
-0.183752
-0.18979
-0.195667
-0.201363
-0.20685
-0.212098
-0.217074
-0.221739
-0.226048
-0.229953
-0.233398
-0.236323
-0.238663
-0.240346
-0.241295
-0.241431
-0.240672
-0.238933
-0.236134
-0.232196
-0.227051
-0.220641
-0.212929
-0.203899
-0.193561
-0.181964
-0.169192
-0.155372
-0.140678
-0.125326
-0.109576
-0.093722
-0.0780885
-0.0630168
-0.0488533
-0.0359376
-0.0245901
-0.0150934
-0.00767728
-0.00262489
-0.000367651
-0.000162213
-0.00108225
-0.00306702
-0.00590134
-0.00945366
-0.0136385
-0.0183707
-0.0235687
-0.0291582
-0.0350721
-0.0412502
-0.0476392
-0.0541923
-0.0608692
-0.0676353
-0.0744611
-0.0813222
-0.0881984
-0.095073
-0.101933
-0.108767
-0.115566
-0.122324
-0.129035
-0.135693
-0.142294
-0.148833
-0.155304
-0.161702
-0.168018
-0.174245
-0.18037
-0.186381
-0.192261
-0.197992
-0.20355
-0.208909
-0.214037
-0.218898
-0.223451
-0.22765
-0.231439
-0.234761
-0.237548
-0.239729
-0.241224
-0.24195
-0.241817
-0.240735
-0.23861
-0.235353
-0.230878
-0.225114
-0.218
-0.209501
-0.199607
-0.188347
-0.175786
-0.162038
-0.147266
-0.131684
-0.115555
-0.0991884
-0.0829283
-0.0671448
-0.0522194
-0.0385313
-0.0264427
-0.0162776
-0.00830432
-0.00284991
-0.000402255
-0.00015869
-0.00106162
-0.00301218
-0.00579996
-0.00929571
-0.0134147
-0.0180719
-0.0231858
-0.0286817
-0.034492
-0.0405562
-0.0468205
-0.0532382
-0.0597688
-0.0663779
-0.0730366
-0.0797212
-0.0864123
-0.0930943
-0.0997552
-0.106386
-0.112979
-0.11953
-0.126034
-0.132489
-0.138893
-0.145242
-0.151535
-0.157767
-0.163935
-0.170033
-0.176052
-0.181983
-0.187813
-0.193527
-0.199105
-0.204523
-0.209756
-0.214769
-0.219524
-0.223978
-0.228079
-0.231769
-0.234984
-0.237652
-0.239691
-0.241014
-0.241529
-0.241136
-0.239733
-0.237217
-0.23349
-0.22846
-0.222048
-0.214196
-0.204871
-0.194077
-0.181858
-0.16831
-0.153581
-0.137877
-0.121464
-0.104659
-0.0878253
-0.0713629
-0.0556891
-0.0412256
-0.0283805
-0.0175241
-0.0089682
-0.00308973
-0.000439569
-0.000154949
-0.0010397
-0.00295375
-0.00569156
-0.00912603
-0.0131728
-0.0177471
-0.0227668
-0.0281567
-0.0338487
-0.0397816
-0.0459014
-0.0521611
-0.0585202
-0.0649446
-0.071406
-0.0778814
-0.0843523
-0.0908045
-0.0972274
-0.103613
-0.109957
-0.116256
-0.122507
-0.128711
-0.134867
-0.140976
-0.147038
-0.153053
-0.159018
-0.164932
-0.17079
-0.176585
-0.18231
-0.187951
-0.193493
-0.198918
-0.204202
-0.209316
-0.214225
-0.218889
-0.223262
-0.227287
-0.230901
-0.234034
-0.236605
-0.238525
-0.239697
-0.240016
-0.239373
-0.237653
-0.234743
-0.230532
-0.224923
-0.217832
-0.209203
-0.199011
-0.187275
-0.174068
-0.159517
-0.143817
-0.127228
-0.110075
-0.0927371
-0.0756418
-0.059244
-0.0440102
-0.0303987
-0.0188312
-0.00966888
-0.00334465
-0.00047972
-0.000151123
-0.0010173
-0.00289397
-0.00558024
-0.00895082
-0.0129215
-0.0174069
-0.0223243
-0.0275977
-0.0331582
-0.0389438
-0.0449001
-0.0509798
-0.0571426
-0.0633547
-0.0695883
-0.0758214
-0.0820366
-0.0882211
-0.0943658
-0.100465
-0.106515
-0.112515
-0.118466
-0.12437
-0.130228
-0.136045
-0.141823
-0.147565
-0.153272
-0.158946
-0.164586
-0.170188
-0.175748
-0.181258
-0.186708
-0.192081
-0.19736
-0.202519
-0.207529
-0.212354
-0.21695
-0.221267
-0.225244
-0.228812
-0.231893
-0.234397
-0.236226
-0.237271
-0.237414
-0.236533
-0.234499
-0.231186
-0.226475
-0.220259
-0.212452
-0.203002
-0.191898
-0.179181
-0.164958
-0.149402
-0.132765
-0.115371
-0.0976145
-0.0799471
-0.0628617
-0.0468721
-0.032491
-0.0201967
-0.010406
-0.00361488
-0.000522831
-0.000147367
-0.000995401
-0.00283547
-0.00547082
-0.0087774
-0.0126705
-0.0170637
-0.0218733
-0.0270219
-0.0324394
-0.0380631
-0.043838
-0.0497166
-0.0556586
-0.0616308
-0.0676061
-0.0735635
-0.079487
-0.0853653
-0.091191
-0.0969603
-0.102672
-0.108327
-0.113929
-0.119482
-0.124992
-0.130464
-0.135904
-0.141317
-0.146711
-0.152087
-0.15745
-0.1628
-0.168137
-0.173456
-0.178752
-0.184014
-0.189227
-0.194373
-0.199426
-0.204355
-0.209123
-0.213681
-0.217976
-0.221941
-0.2255
-0.228566
-0.231039
-0.23281
-0.233755
-0.233742
-0.232634
-0.230287
-0.226562
-0.221327
-0.214468
-0.2059
-0.19558
-0.183515
-0.16978
-0.154525
-0.137983
-0.120475
-0.102402
-0.084239
-0.0665161
-0.0497959
-0.0346494
-0.0216173
-0.0111788
-0.00390054
-0.000569024
-0.000143867
-0.000975148
-0.00278134
-0.00536897
-0.00861435
-0.0124314
-0.0167322
-0.0214311
-0.0264489
-0.0317142
-0.0371631
-0.0427401
-0.0483972
-0.0540945
-0.0597994
-0.0654857
-0.0711338
-0.0767291
-0.0822622
-0.0877276
-0.0931236
-0.0984514
-0.103715
-0.108919
-0.114071
-0.119179
-0.124253
-0.1293
-0.134331
-0.139353
-0.144375
-0.149402
-0.154441
-0.159493
-0.164561
-0.169642
-0.17473
-0.179816
-0.184887
-0.189922
-0.194895
-0.199775
-0.20452
-0.20908
-0.213394
-0.21739
-0.220984
-0.224078
-0.226562
-0.22831
-0.229185
-0.229038
-0.227712
-0.22505
-0.220894
-0.215102
-0.207557
-0.198176
-0.186929
-0.173855
-0.15907
-0.142784
-0.125305
-0.107037
-0.0884724
-0.070177
-0.0527634
-0.0368644
-0.0230892
-0.0119862
-0.00420169
-0.000618421
-0.000140838
-0.000957893
-0.00273523
-0.00528133
-0.00847169
-0.0122179
-0.0164294
-0.0210177
-0.0259017
-0.0310077
-0.0362708
-0.0416344
-0.0470507
-0.05248
-0.0578904
-0.0632571
-0.0685619
-0.0737922
-0.0789406
-0.0840038
-0.0889825
-0.0938805
-0.0987039
-0.103461
-0.108162
-0.112818
-0.11744
-0.122041
-0.126633
-0.131227
-0.135837
-0.14047
-0.145138
-0.149847
-0.154601
-0.159405
-0.164257
-0.169152
-0.174083
-0.179036
-0.183991
-0.188921
-0.193791
-0.198557
-0.203164
-0.207547
-0.211625
-0.215305
-0.218477
-0.221016
-0.222781
-0.223616
-0.223353
-0.221816
-0.218827
-0.214214
-0.207824
-0.199537
-0.189279
-0.177045
-0.162913
-0.147061
-0.129773
-0.11145
-0.0925965
-0.0738101
-0.0557535
-0.0391248
-0.0246074
-0.0128269
-0.00451831
-0.000671142
-0.000138538
-0.00094522
-0.00270141
-0.00521568
-0.00836112
-0.0120456
-0.0161747
-0.0206564
-0.0254063
-0.0303486
-0.0354167
-0.0405532
-0.0457101
-0.0508484
-0.0559373
-0.0609535
-0.0658808
-0.0707088
-0.0754324
-0.080051
-0.0845681
-0.0889899
-0.0933257
-0.0975867
-0.101786
-0.105937
-0.110055
-0.114156
-0.118254
-0.122366
-0.126507
-0.130689
-0.134927
-0.139232
-0.143613
-0.148078
-0.15263
-0.157272
-0.161999
-0.166804
-0.171674
-0.176587
-0.181517
-0.186425
-0.191265
-0.195975
-0.200484
-0.204702
-0.208525
-0.211828
-0.214471
-0.216293
-0.217119
-0.216756
-0.215007
-0.211671
-0.206563
-0.199518
-0.19042
-0.179213
-0.165928
-0.150699
-0.133784
-0.115566
-0.0965553
-0.0773768
-0.0587424
-0.0414177
-0.0261664
-0.0136993
-0.00485032
-0.000727315
-0.000137267
-0.000939003
-0.00268489
-0.0051811
-0.00829623
-0.0119327
-0.0159907
-0.0203734
-0.0249925
-0.0297692
-0.0346351
-0.0395319
-0.0444117
-0.0492364
-0.0539766
-0.0586112
-0.0631262
-0.067514
-0.0717722
-0.0759033
-0.0799137
-0.0838129
-0.0876132
-0.0913288
-0.0949757
-0.0985713
-0.102133
-0.105681
-0.109233
-0.112808
-0.116424
-0.120099
-0.12385
-0.127692
-0.13164
-0.135705
-0.139896
-0.14422
-0.148678
-0.15327
-0.157987
-0.162817
-0.167737
-0.17272
-0.177723
-0.182697
-0.187574
-0.192273
-0.196696
-0.200724
-0.204217
-0.207016
-0.208937
-0.209779
-0.209326
-0.207353
-0.203639
-0.19798
-0.190209
-0.180217
-0.16798
-0.153581
-0.137236
-0.119302
-0.100287
-0.0808345
-0.0617034
-0.0437286
-0.0277597
-0.0146014
-0.00519764
-0.000787076
-0.000137387
-0.000941457
-0.00269158
-0.00518828
-0.00829289
-0.0119003
-0.0159033
-0.020199
-0.024694
-0.0293059
-0.0339642
-0.0386099
-0.0431955
-0.047684
-0.0520481
-0.0562692
-0.0603363
-0.064245
-0.0679963
-0.0715963
-0.0750545
-0.0783841
-0.0816006
-0.0847218
-0.0877668
-0.0907561
-0.0937112
-0.096654
-0.0996065
-0.102591
-0.105629
-0.108742
-0.111951
-0.115275
-0.118731
-0.122337
-0.126106
-0.13005
-0.134176
-0.138488
-0.142985
-0.147661
-0.152503
-0.157487
-0.162583
-0.167748
-0.172924
-0.178038
-0.183001
-0.1877
-0.192002
-0.195748
-0.198754
-0.200813
-0.201694
-0.20115
-0.19893
-0.194787
-0.188505
-0.179916
-0.168934
-0.155582
-0.140021
-0.122572
-0.103725
-0.0841365
-0.0646072
-0.0460416
-0.0293803
-0.0155312
-0.0055602
-0.000850582
-0.000139332
-0.000955227
-0.00272851
-0.00524976
-0.00836965
-0.0119728
-0.0159424
-0.0201676
-0.0245487
-0.0289993
-0.0334464
-0.0378305
-0.0421046
-0.0462338
-0.0501933
-0.053968
-0.0575504
-0.06094
-0.0641419
-0.0671659
-0.0700257
-0.0727381
-0.0753225
-0.0778001
-0.0801935
-0.0825268
-0.0848245
-0.0871118
-0.0894141
-0.0917567
-0.094165
-0.0966635
-0.0992765
-0.102027
-0.104937
-0.108027
-0.111315
-0.114818
-0.118549
-0.122517
-0.126727
-0.131181
-0.135872
-0.140785
-0.145899
-0.151179
-0.156578
-0.162033
-0.167465
-0.17277
-0.177824
-0.182474
-0.186538
-0.189806
-0.192039
-0.192972
-0.192326
-0.189815
-0.185173
-0.17817
-0.168653
-0.156573
-0.142026
-0.12528
-0.106796
-0.0872319
-0.0674219
-0.0483395
-0.0310209
-0.0164866
-0.00593799
-0.000918024
-0.000143629
-0.00098349
-0.00280402
-0.00538039
-0.00854823
-0.0121785
-0.0161421
-0.020318
-0.0245991
-0.0288942
-0.0331277
-0.0372398
-0.0411849
-0.0449306
-0.0484557
-0.0517492
-0.0548082
-0.0576368
-0.0602449
-0.0626468
-0.0648607
-0.0669077
-0.068811
-0.0705958
-0.0722884
-0.0739161
-0.075507
-0.0770894
-0.0786919
-0.0803432
-0.0820715
-0.083905
-0.085871
-0.0879962
-0.0903062
-0.0928255
-0.0955767
-0.0985805
-0.101855
-0.105416
-0.109275
-0.113438
-0.117906
-0.122675
-0.12773
-0.133047
-0.138589
-0.144306
-0.150127
-0.155964
-0.1617
-0.167194
-0.172271
-0.176721
-0.180303
-0.18274
-0.183728
-0.182948
-0.180083
-0.174842
-0.166998
-0.156422
-0.143131
-0.127326
-0.109424
-0.0900659
-0.0701131
-0.0506039
-0.0326738
-0.0174659
-0.00633122
-0.000989646
-0.000150925
-0.00103009
-0.00292814
-0.00559782
-0.00885419
-0.0125503
-0.0165416
-0.0206944
-0.0248928
-0.02904
-0.0330581
-0.0368873
-0.0404843
-0.0438202
-0.0468786
-0.0496535
-0.0521478
-0.054371
-0.0563387
-0.0580704
-0.0595893
-0.0609212
-0.0620937
-0.063136
-0.0640783
-0.0649514
-0.0657868
-0.066616
-0.0674706
-0.0683824
-0.0693828
-0.0705027
-0.0717728
-0.073223
-0.0748823
-0.0767788
-0.0789391
-0.0813883
-0.0841493
-0.0872426
-0.0906853
-0.0944909
-0.0986677
-0.103218
-0.108138
-0.113412
-0.119015
-0.124908
-0.131035
-0.137319
-0.143659
-0.149924
-0.155951
-0.161539
-0.166446
-0.170391
-0.173052
-0.17408
-0.173112
-0.169797
-0.163829
-0.154992
-0.143212
-0.128606
-0.111524
-0.0925793
-0.0726437
-0.0528153
-0.0343315
-0.0184675
-0.00674036
-0.00106577
-0.000162025
-0.00109975
-0.003113
-0.00592315
-0.00931766
-0.0131267
-0.0171859
-0.0213466
-0.0254824
-0.0294904
-0.0332906
-0.0368244
-0.0400514
-0.0429479
-0.0455035
-0.0477187
-0.0496032
-0.0511732
-0.0524507
-0.0534613
-0.0542338
-0.0547992
-0.0551899
-0.0554393
-0.0555815
-0.0556511
-0.0556828
-0.0557112
-0.0557711
-0.0558969
-0.0561229
-0.0564829
-0.0570104
-0.0577383
-0.0586987
-0.059923
-0.0614415
-0.0632831
-0.0654752
-0.068043
-0.0710092
-0.0743931
-0.0782103
-0.082471
-0.0871792
-0.0923308
-0.0979115
-0.103895
-0.110238
-0.11688
-0.123734
-0.130687
-0.137589
-0.144251
-0.15044
-0.155874
-0.160223
-0.163115
-0.164146
-0.162905
-0.159008
-0.152146
-0.14214
-0.129005
-0.113008
-0.0947084
-0.0749744
-0.054954
-0.0359869
-0.0194908
-0.00716636
-0.00114684
-0.00017794
-0.00119825
-0.00337335
-0.0063817
-0.00997432
-0.0139521
-0.0181265
-0.0223304
-0.0264255
-0.0303027
-0.0338807
-0.0371027
-0.0399335
-0.042356
-0.0443673
-0.0459764
-0.047201
-0.0480653
-0.0485987
-0.0488337
-0.0488055
-0.0485507
-0.0481066
-0.0475112
-0.0468029
-0.0460196
-0.0451994
-0.0443801
-0.0435992
-0.0428937
-0.0423006
-0.0418561
-0.0415965
-0.0415571
-0.0417729
-0.0422783
-0.0431068
-0.0442909
-0.0458619
-0.0478495
-0.0502813
-0.0531825
-0.0565751
-0.0604769
-0.0649004
-0.0698514
-0.075327
-0.0813133
-0.0877824
-0.0946884
-0.101963
-0.10951
-0.117198
-0.124857
-0.132265
-0.13915
-0.14518
-0.149966
-0.153073
-0.154036
-0.152394
-0.147738
-0.139776
-0.128403
-0.113778
-0.0963843
-0.077063
-0.0569995
-0.0376339
-0.0205363
-0.00761089
-0.00123346
-0.000199956
-0.00133284
-0.00372727
-0.00700404
-0.0108665
-0.0150786
-0.0194219
-0.0237078
-0.0277845
-0.0315372
-0.0348839
-0.0377721
-0.0401736
-0.0420801
-0.0434985
-0.0444479
-0.0449557
-0.0450557
-0.0447856
-0.0441859
-0.0432986
-0.0421664
-0.040832
-0.0393383
-0.0377274
-0.0360413
-0.0343209
-0.0326071
-0.0309399
-0.0293588
-0.0279031
-0.0266113
-0.0255218
-0.0246723
-0.0241003
-0.0238427
-0.0239359
-0.0244156
-0.0253166
-0.0266725
-0.0285157
-0.0308766
-0.0337833
-0.0372606
-0.0413293
-0.0460046
-0.0512948
-0.0571987
-0.063703
-0.0707784
-0.0783752
-0.0864173
-0.0947956
-0.10336
-0.111909
-0.120185
-0.127864
-0.134551
-0.139787
-0.143063
-0.143843
-0.14162
-0.135977
-0.126671
-0.11373
-0.0975313
-0.0788638
-0.0589309
-0.0392678
-0.0216063
-0.00807659
-0.0013265
-0.000229731
-0.00151258
-0.0041971
-0.00782723
-0.0120445
-0.0165663
-0.0211383
-0.0255466
-0.0296254
-0.0332544
-0.0363535
-0.0388768
-0.0408059
-0.0421441
-0.0429109
-0.0431375
-0.0428631
-0.0421321
-0.0409923
-0.0394927
-0.0376828
-0.0356119
-0.0333284
-0.0308799
-0.0283128
-0.0256724
-0.0230029
-0.0203476
-0.017749
-0.0152488
-0.0128881
-0.0107075
-0.00874719
-0.00704699
-0.00564635
-0.00458443
-0.00390006
-0.00363165
-0.00381715
-0.00449385
-0.00569818
-0.00746539
-0.00982914
-0.0128209
-0.016469
-0.0207979
-0.0258265
-0.031566
-0.0380176
-0.0451689
-0.0529895
-0.0614251
-0.0703901
-0.0797593
-0.0893572
-0.0989474
-0.108221
-0.116791
-0.124185
-0.129857
-0.133209
-0.133634
-0.130584
-0.123665
-0.112745
-0.0980653
-0.0803269
-0.060727
-0.0408859
-0.0227055
-0.00856757
-0.00142715
-0.000269418
-0.00174901
-0.00481057
-0.00889635
-0.0135679
-0.0184849
-0.0233495
-0.0279197
-0.032015
-0.0355119
-0.0383352
-0.040449
-0.0418487
-0.0425527
-0.0425958
-0.042024
-0.0408905
-0.0392522
-0.0371676
-0.0346953
-0.0318931
-0.028817
-0.0255214
-0.0220586
-0.018479
-0.0148313
-0.0111625
-0.00751839
-0.00394337
-0.00048102
0.0028259
0.00593523
0.00880526
0.0113946
0.0136621
0.0155668
0.0170678
0.0181242
0.0186956
0.0187414
0.0182216
0.0170965
0.0153274
0.0128769
0.00970922
0.00579168
0.00109532
-0.00440312
-0.010719
-0.0178566
-0.0258049
-0.0345321
-0.0439782
-0.0540459
-0.0645894
-0.075401
-0.0861976
-0.0966072
-0.10616
-0.114287
-0.120336
-0.123609
-0.123427
-0.119226
-0.110692
-0.0978899
-0.0813956
-0.0623655
-0.0424882
-0.0238421
-0.00908996
-0.00153713
-0.000321865
-0.00205686
-0.00560239
-0.0102664
-0.0155075
-0.0209138
-0.0261365
-0.0309024
-0.0350176
-0.0383587
-0.0408599
-0.0425008
-0.0432948
-0.0432799
-0.0425098
-0.0410484
-0.0389649
-0.0363302
-0.033215
-0.0296883
-0.0258164
-0.0216625
-0.0172867
-0.0127462
-0.00809506
-0.00338512
0.0013341
0.0060149
0.0106111
0.0150778
0.0193709
0.023447
0.0272635
0.0307776
0.0339471
0.0367293
0.0390819
0.040962
0.0423269
0.0431333
0.0433379
0.0428973
0.0417682
0.0399076
0.0372734
0.0338249
0.0295239
0.0243357
0.0182317
0.0111913
0.00320638
-0.00571401
-0.0155363
-0.0261933
-0.0375724
-0.0495009
-0.0617293
-0.0739135
-0.0855987
-0.0962102
-0.105057
-0.111361
-0.114312
-0.113173
-0.107415
-0.096892
-0.0820037
-0.063822
-0.0440777
-0.0250287
-0.00965276
-0.00165888
-0.000390877
-0.00245523
-0.00661623
-0.0120046
-0.0179466
-0.0239427
-0.0295851
-0.0345679
-0.0386872
-0.0418252
-0.0439323
-0.0450101
-0.0450964
-0.0442535
-0.0425586
-0.0400964
-0.0369543
-0.0332192
-0.028975
-0.0243015
-0.0192738
-0.0139625
-0.00843315
-0.00274736
0.00303717
0.00886608
0.0146878
0.020453
0.0261144
0.031626
0.036943
0.0420215
0.0468178
0.0512886
0.0553907
0.0590806
0.0623145
0.0650482
0.067237
0.0688354
0.0697973
0.0700761
0.0696242
0.068394
0.0663374
0.0634066
0.0595546
0.0547367
0.0489114
0.0420428
0.0341044
0.025083
0.0149854
0.00384765
-0.00825369
-0.0211857
-0.0347403
-0.0486124
-0.0623776
-0.0754726
-0.0871878
-0.0966802
-0.103021
-0.105292
-0.102731
-0.0949337
-0.0820694
-0.0650672
-0.0456611
-0.0262844
-0.010269
-0.0017959
-0.000481636
-0.00296912
-0.0079075
-0.0141931
-0.0209825
-0.0276699
-0.0337812
-0.0389792
-0.0430561
-0.0459088
-0.0475132
-0.0479015
-0.0471438
-0.0453328
-0.0425733
-0.0389746
-0.0346447
-0.0296875
-0.0242011
-0.0182765
-0.0119978
-0.00544207
0.00131954
0.00822164
0.0152036
0.0222091
0.029185
0.036081
0.0428494
0.0494436
0.0558186
0.0619302
0.0677347
0.0731884
0.0782476
0.0828684
0.0870061
0.0906155
0.0936504
0.0960635
0.0978064
0.0988297
0.0990825
0.0985126
0.0970668
0.094691
0.0913306
0.0869312
0.0814399
0.0748067
0.0669876
0.0579481
0.0476691
0.0361549
0.0234447
0.00962805
-0.00513496
-0.0205889
-0.0363545
-0.0519
-0.0665194
-0.079329
-0.0892977
-0.0953294
-0.0964126
-0.0918413
-0.0814874
-0.0660631
-0.047248
-0.0276362
-0.0109576
-0.00195329
-0.000601337
-0.00363178
-0.00954701
-0.0169323
-0.024727
-0.0321987
-0.0388023
-0.0441749
-0.048116
-0.0505505
-0.051493
-0.0510176
-0.0492354
-0.0462767
-0.0422789
-0.037379
-0.0317076
-0.025387
-0.0185295
-0.0112373
-0.00360287
0.00429046
0.0123671
0.0205587
0.0288024
0.0370407
0.0452198
0.0532894
0.0612016
0.0689102
0.0763706
0.083539
0.0903719
0.096826
0.102858
0.108423
0.113476
0.117973
0.121865
0.125103
0.127639
0.12942
0.130391
0.130498
0.129683
0.127886
0.125046
0.121099
0.115984
0.109636
0.101996
0.09301
0.0826334
0.0708401
0.0576314
0.0430515
0.0272073
0.0102955
-0.00736435
-0.0252924
-0.0428128
-0.0590306
-0.0728382
-0.0829771
-0.0881766
-0.0873893
-0.0801148
-0.0667545
-0.0488498
-0.0291218
-0.0117458
-0.00213858
-0.00076024
-0.00448822
-0.0116259
-0.0203438
-0.0293047
-0.0376289
-0.0447011
-0.0501455
-0.0537878
-0.0556004
-0.0556535
-0.0540773
-0.0510346
-0.0467006
-0.0412504
-0.0348514
-0.0276585
-0.0198125
-0.0114397
-0.00265247
0.00644936
0.0157774
0.0252529
0.0348055
0.0443717
0.0538938
0.0633185
0.0725962
0.0816798
0.0905245
0.0990866
0.107323
0.115192
0.122651
0.129657
0.136166
0.142133
0.147512
0.152257
0.156317
0.15964
0.162175
0.163863
0.164648
0.164467
0.163256
0.160947
0.157472
0.152757
0.146729
0.139314
0.130439
0.120037
0.108052
0.0944502
0.0792285
0.0624377
0.0442087
0.024788
0.00458282
-0.0157899
-0.035459
-0.0532777
-0.0678529
-0.07766
-0.0812768
-0.0777509
-0.0670559
-0.0504755
-0.0307925
-0.0126733
-0.00236319
-0.000973449
-0.00560062
-0.0142628
-0.0245739
-0.0348474
-0.0440398
-0.051477
-0.0567951
-0.0598752
-0.0607642
-0.0596103
-0.0566168
-0.0520098
-0.0460169
-0.0388553
-0.0307245
-0.0218037
-0.0122516
-0.00220695
0.00820933
0.0188922
0.0297501
0.040703
0.0516805
0.06262
0.073465
0.084164
0.0946693
0.104936
0.114922
0.124584
0.133883
0.142777
0.151225
0.159187
0.166618
0.173476
0.179715
0.185287
0.190142
0.194229
0.197493
0.199876
0.201318
0.201754
0.201116
0.199332
0.196327
0.19202
0.186329
0.179167
0.170445
0.160076
0.147979
0.134082
0.118339
0.100742
0.0813531
0.0603333
0.0379983
0.014876
-0.00822743
-0.0301735
-0.0494796
-0.0643915
-0.0730943
-0.0741048
-0.0668277
-0.0521223
-0.0327162
-0.0137985
-0.00264489
-0.00126408
-0.00705718
-0.0176126
-0.0297941
-0.0414797
-0.0514582
-0.059027
-0.063878
-0.0659908
-0.0655236
-0.0627305
-0.0579067
-0.0513533
-0.0433568
-0.0341787
-0.0240507
-0.0131746
-0.00172405
0.0101527
0.0223296
0.0346993
0.0471702
0.0596638
0.0721118
0.0844547
0.0966394
0.108618
0.120346
0.131782
0.142887
0.153621
0.163948
0.173829
0.183224
0.192096
0.200402
0.2081
0.215147
0.221494
0.227093
0.231892
0.235836
0.238866
0.24092
0.241932
0.241831
0.240543
0.237985
0.234074
0.228717
0.221819
0.213277
0.202987
0.190844
0.176744
0.160599
0.142345
0.12197
0.0995443
0.075274
0.0495685
0.0231247
-0.00298628
-0.0272565
-0.0477533
-0.0622773
-0.0687463
-0.0658367
-0.0537562
-0.0349787
-0.0152084
-0.0030123
-0.00166915
-0.00898652
-0.0218788
-0.0361952
-0.0492865
-0.0597977
-0.067062
-0.0708973
-0.0714443
-0.0690196
-0.0640153
-0.0568377
-0.0478728
-0.0374691
-0.0259311
-0.013519
-0.000452348
0.0130856
0.0269427
0.0409925
0.0551304
0.0692688
0.0833343
0.0972643
0.111005
0.124509
0.137734
0.150641
0.163194
0.175358
0.187098
0.198381
0.209172
0.219435
0.229134
0.23823
0.246683
0.254451
0.261488
0.267745
0.273173
0.277715
0.281314
0.283907
0.285427
0.285801
0.284952
0.282798
0.279247
0.274203
0.267563
0.259213
0.249036
0.236904
0.222689
0.206263
0.18751
0.166344
0.14274
0.116784
0.0887388
0.059146
0.0289415
-0.00042692
-0.0269327
-0.0480407
-0.061033
-0.0636899
-0.0552723
-0.0376801
-0.0170338
-0.00351316
-0.0022507
-0.0115815
-0.0273259
-0.0439646
-0.058244
-0.0687476
-0.0749622
-0.0769413
-0.0750706
-0.0698815
-0.0619369
-0.0517696
-0.0398542
-0.0265974
-0.0123395
0.00263972
0.0181128
0.0338961
0.0498417
0.0658308
0.0817676
0.0975743
0.113188
0.128554
0.14363
0.158376
0.172759
0.186746
0.200308
0.213416
0.226042
0.238157
0.249731
0.260733
0.271129
0.280885
0.289963
0.298322
0.305921
0.312712
0.318646
0.32367
0.327725
0.330751
0.332679
0.333438
0.332949
0.331128
0.327883
0.323112
0.316707
0.30855
0.298508
0.286443
0.2722
0.255619
0.236538
0.214802
0.190292
0.162964
0.132915
0.100487
0.0664083
0.0319605
-0.00086108
-0.0292919
-0.0499996
-0.0597236
-0.0564172
-0.0409147
-0.0194715
-0.00422945
-0.00311708
-0.0151377
-0.0342848
-0.0532204
-0.0680763
-0.077567
-0.0815347
-0.0804253
-0.0749741
-0.0659862
-0.05422
-0.0403383
-0.024895
-0.00834049
0.00896678
0.0267448
0.0447739
0.0628839
0.0809436
0.0988516
0.11653
0.133917
0.150966
0.167638
0.183901
0.19973
0.2151
0.22999
0.244379
0.258247
0.27157
0.284327
0.296494
0.308044
0.318949
0.329178
0.338696
0.347468
0.355453
0.362607
0.368884
0.374231
0.378594
0.381911
0.384118
0.385143
0.384908
0.383329
0.380314
0.375762
0.36956
0.361585
0.351701
0.339756
0.32558
0.308986
0.28977
0.267721
0.242628
0.214319
0.182713
0.147917
0.110378
0.0710932
0.0318588
-0.0045145
-0.0341994
-0.0528226
-0.056639
-0.0447096
-0.0228111
-0.00530406
-0.00446317
-0.0201105
-0.0431226
-0.0638421
-0.0779611
-0.0847103
-0.084605
-0.0786892
-0.0681581
-0.0541324
-0.0375664
-0.0192306
0.000272584
0.0204833
0.0410558
0.0617335
0.082328
0.102702
0.122757
0.142421
0.161645
0.180391
0.198635
0.216358
0.233545
0.250185
0.266268
0.281784
0.296723
0.311072
0.324819
0.337948
0.35044
0.362277
0.373434
0.383885
0.393601
0.402549
0.410692
0.41799
0.4244
0.429873
0.434356
0.437792
0.440117
0.441263
0.441155
0.43971
0.436838
0.43244
0.426403
0.418605
0.408905
0.397146
0.383149
0.366707
0.347587
0.325527
0.300241
0.271435
0.238849
0.202337
0.162004
0.118438
0.0730339
0.0283765
-0.0114783
-0.0411313
-0.054806
-0.0488676
-0.0274488
-0.00698377
-0.00664095
-0.0271809
-0.054094
-0.0750573
-0.0859286
-0.0871483
-0.0803492
-0.0673954
-0.0500153
-0.0296325
-0.00734332
0.0160406
0.0399348
0.0639274
0.0877342
0.111163
0.134088
0.156427
0.178134
0.19918
0.219553
0.239251
0.258275
0.276632
0.294327
0.311366
0.327755
0.343498
0.358594
0.373043
0.38684
0.399977
0.412443
0.424224
0.435303
0.445658
0.455265
0.464095
0.472117
0.479294
0.485586
0.490948
0.495332
0.498684
0.500945
0.50205
0.501928
0.500501
0.497683
0.493377
0.487477
0.479861
0.470392
0.458913
0.445238
0.429156
0.410411
0.388708
0.3637
0.334992
0.302161
0.264805
0.222655
0.175783
0.124966
0.0722064
0.0213315
-0.0216015
-0.048692
-0.0525899
-0.0338217
-0.00967127
-0.0102536
-0.0372379
-0.0668228
-0.0844571
-0.0876621
-0.0791786
-0.0622505
-0.0396904
-0.0137017
0.0141221
0.0426898
0.0712815
0.0994396
0.126885
0.15346
0.179084
0.203725
0.227385
0.250082
0.271847
0.292712
0.312714
0.331886
0.35026
0.367866
0.384727
0.400864
0.416295
0.43103
0.44508
0.458447
0.471132
0.483131
0.494435
0.505032
0.514908
0.524041
0.532409
0.539983
0.546732
0.552622
0.557611
0.561655
0.564707
0.566711
0.567609
0.567336
0.565818
0.562978
0.558724
0.552958
0.545564
0.536412
0.52535
0.512199
0.496745
0.478729
0.457837
0.433683
0.405802
0.373639
0.336565
0.293942
0.245272
0.190525
0.130717
0.0687965
0.0106818
-0.0340609
-0.0536133
-0.0420295
-0.0139093
-0.0161372
-0.050851
-0.0786882
-0.0857214
-0.0741978
-0.0504754
-0.0196296
0.0147945
0.050463
0.0859488
0.12044
0.153513
0.184985
0.214809
0.243019
0.26969
0.294914
0.318791
0.341416
0.362879
0.383264
0.402644
0.421084
0.43864
0.455362
0.471291
0.486461
0.500901
0.514632
0.527671
0.540028
0.551712
0.562722
0.573057
0.58271
0.591668
0.599918
0.607441
0.614212
0.620207
0.625393
0.629737
0.6332
0.63574
0.637308
0.637852
0.637315
0.635632
0.632733
0.628538
0.622955
0.615884
0.607203
0.596774
0.584429
0.569965
0.553133
0.533619
0.511031
0.484866
0.454489
0.419108
0.377775
0.329448
0.273199
0.208717
0.137282
0.0634042
-0.00311438
-0.0463508
-0.0505334
-0.0199787
-0.0246199
-0.0658495
-0.0802509
-0.0636505
-0.0278729
0.0166996
0.0640016
0.110706
0.15514
0.196616
0.234978
0.270337
0.302919
0.332991
0.360817
0.386644
0.410691
0.433151
0.45419
0.47395
0.492554
0.510103
0.526687
0.542379
0.557241
0.571325
0.584674
0.597324
0.609301
0.620627
0.631318
0.641385
0.650832
0.659661
0.667869
0.675448
0.682388
0.688673
0.694285
0.699203
0.703402
0.706852
0.709522
0.711375
0.712372
0.712469
0.711617
0.709762
0.706844
0.702796
0.69754
0.69099
0.683042
0.673574
0.662441
0.649462
0.63441
0.617
0.596857
0.573493
0.546259
0.514294
0.476465
0.431326
0.377147
0.312161
0.235329
0.148145
0.0578773
-0.0183943
-0.0528655
-0.026221
-0.0312985
-0.0687264
-0.043671
0.0154776
0.0836866
0.150391
0.211706
0.266456
0.314773
0.357335
0.394948
0.428375
0.458283
0.485229
0.509673
0.531987
0.552475
0.571386
0.588922
0.605247
0.620498
0.634787
0.648207
0.660835
0.672734
0.683957
0.694547
0.704539
0.713959
0.72283
0.731168
0.738983
0.746283
0.75307
0.759342
0.765096
0.770324
0.775014
0.779153
0.782724
0.785708
0.788082
0.789821
0.790897
0.791281
0.790937
0.789827
0.78791
0.78514
0.781463
0.776821
0.771143
0.76435
0.756344
0.747009
0.736198
0.723727
0.709356
0.692769
0.673542
0.651094
0.624621
0.592997
0.554645
0.507385
0.44832
0.374025
0.281701
0.172055
0.0556968
-0.030186
-0.0232112
-0.000660312
0.000353409
0.104335
0.217909
0.312105
0.388133
0.449789
0.500021
0.54136
0.57588
0.605154
0.630347
0.652322
0.671723
0.689035
0.704628
0.718786
0.731732
0.743639
0.754648
0.76487
0.774395
0.783296
0.791634
0.799456
0.806804
0.813709
0.820197
0.826289
0.832
0.837343
0.842326
0.846953
0.851227
0.855147
0.85871
0.861911
0.864743
0.867196
0.869259
0.870919
0.872162
0.87297
0.873325
0.873207
0.872593
0.871458
0.869775
0.867513
0.864638
0.861111
0.856885
0.851908
0.846114
0.839424
0.83174
0.822934
0.812841
0.801238
0.787825
0.772179
0.753699
0.73151
0.70431
0.670123
0.625909
0.567062
0.487049
0.376957
0.228427
0.0726433
0.0309694
0.292184
0.379306
0.530608
0.644332
0.714299
0.76002
0.792315
0.816133
0.83434
0.848763
0.86055
0.870431
0.878886
0.886245
0.892741
0.898543
0.903775
0.908532
0.912886
0.916894
0.920601
0.924042
0.927247
0.930238
0.933035
0.935652
0.938101
0.940392
0.942533
0.944528
0.946383
0.9481
0.94968
0.951124
0.952431
0.953599
0.954626
0.95551
0.956246
0.956829
0.957254
0.957516
0.957608
0.957522
0.957252
0.956787
0.95612
0.955239
0.954133
0.952789
0.951192
0.949325
0.947167
0.944693
0.941872
0.938666
0.935024
0.930881
0.926148
0.920702
0.914372
0.906909
0.897943
0.886902
0.872863
0.854247
0.828214
0.789432
0.726146
0.611349
0.435852
0.317985
)
;

boundaryField
{
    movingWall
    {
        type            calculated;
        value           uniform 1;
    }
    fixedWalls
    {
        type            calculated;
        value           uniform 0;
    }
    frontAndBack
    {
        type            empty;
    }
}


// ************************************************************************* //
