/*--------------------------------*- C++ -*----------------------------------*\
  =========                 |
  \\      /  F ield         | OpenFOAM: The Open Source CFD Toolbox
   \\    /   O peration     | Website:  https://openfoam.org
    \\  /    A nd           | Version:  dev
     \\/     M anipulation  |
\*---------------------------------------------------------------------------*/
FoamFile
{
    format      ascii;
    class       volScalarField;
    location    "33.75";
    object      p;
}
// * * * * * * * * * * * * * * * * * * * * * * * * * * * * * * * * * * * * * //

dimensions      [0 2 -2 0 0 0 0];

internalField   nonuniform List<scalar> 
5184
(
1.31941e-06
-1.03314e-05
-9.62252e-05
-0.000249112
-0.000448534
-0.000677218
-0.000920931
-0.0011677
-0.00140838
-0.00163581
-0.00184458
-0.00203067
-0.00219114
-0.00232388
-0.00242744
-0.0025008
-0.0025433
-0.0025545
-0.00253412
-0.00248199
-0.00239802
-0.0022822
-0.00213457
-0.00195527
-0.00174455
-0.00150277
-0.00123049
-0.00092845
-0.000597648
-0.000239354
0.00014485
0.000553037
0.000982914
0.00143181
0.00189666
0.00237402
0.00286007
0.00335064
0.00384126
0.00432719
0.00480348
0.00526506
0.00570681
0.00612365
0.00651061
0.00686299
0.00717643
0.00744699
0.0076713
0.00784663
0.00797097
0.0080431
0.0080627
0.00803031
0.00794745
0.00781654
0.007641
0.00742512
0.00717413
0.00689409
0.00659184
0.00627502
0.00595192
0.00563151
0.00532334
0.0050375
0.00478449
0.00457492
0.00441877
0.0043245
0.00429759
0.00432489
1.47519e-05
2.26744e-06
-7.23264e-05
-0.000200093
-0.000365361
-0.000555656
-0.000760045
-0.000968918
-0.00117435
-0.00136994
-0.00155065
-0.00171257
-0.00185273
-0.00196889
-0.00205942
-0.00212313
-0.00215915
-0.00216689
-0.00214591
-0.00209593
-0.00201677
-0.00190833
-0.00177063
-0.00160378
-0.00140799
-0.00118364
-0.000931257
-0.000651571
-0.00034554
-1.4384e-05
0.000340393
0.000716975
0.00111321
0.00152661
0.00195433
0.00239318
0.00283966
0.00328993
0.0037399
0.00418525
0.00462148
0.00504399
0.00544815
0.00582935
0.00618315
0.00650532
0.00679196
0.00703958
0.0072452
0.00740643
0.00752156
0.00758959
0.00761033
0.00758439
0.00751325
0.00739925
0.00724556
0.00705619
0.00683595
0.00659039
0.00632576
0.00604893
0.00576735
0.00548895
0.00522203
0.00497515
0.004757
0.00457595
0.0044393
0.00435299
0.00432443
0.00435206
0.000101423
7.67107e-05
1.3754e-06
-0.00011617
-0.000263894
-0.00043216
-0.000612257
-0.000796345
-0.000977721
-0.00115082
-0.00131115
-0.0014551
-0.00157986
-0.00168329
-0.00176372
-0.00181991
-0.00185095
-0.00185615
-0.001835
-0.00178715
-0.00171234
-0.00161044
-0.0014814
-0.00132529
-0.00114231
-0.000932767
-0.000697165
-0.000436182
-0.000150715
0.000158095
0.000488835
0.000839805
0.00120899
0.00159407
0.00199238
0.00240097
0.00281654
0.00323556
0.00365421
0.00406848
0.0044742
0.00486711
0.0052429
0.00559734
0.00592631
0.00622592
0.00649258
0.0067231
0.00691476
0.00706539
0.00717346
0.00723813
0.00725926
0.00723753
0.00717435
0.00707198
0.00693341
0.00676243
0.00656353
0.00634185
0.00610316
0.00585377
0.00560044
0.00535029
0.00511068
0.00488905
0.00469291
0.0045293
0.00440427
0.00432304
0.00429524
0.00432589
0.000256478
0.000205082
0.000117282
-1.6767e-06
-0.000144126
-0.000302288
-0.000469036
-0.000637997
-0.000803628
-0.000961238
-0.00110695
-0.00123764
-0.00135078
-0.00144444
-0.00151706
-0.00156749
-0.00159481
-0.00159833
-0.00157753
-0.00153201
-0.00146148
-0.00136576
-0.00124475
-0.00109848
-0.000927073
-0.000730798
-0.00051008
-0.000265526
2.05252e-06
0.00029161
0.000601845
0.00093118
0.00127774
0.00163936
0.00201355
0.00239753
0.00278823
0.0031823
0.00357617
0.00396605
0.00434802
0.00471803
0.00507205
0.00540606
0.00571617
0.00599871
0.0062503
0.00646792
0.00664901
0.00679155
0.00689411
0.00695591
0.00697687
0.00695765
0.00689965
0.006805
0.00667658
0.00651797
0.00633342
0.00612776
0.00590638
0.00567512
0.00544021
0.00520812
0.0049855
0.00477904
0.00459533
0.00444067
0.00432049
0.00423985
0.0042088
0.00423406
0.000461248
0.000372659
0.000264067
0.000136363
-8.00218e-06
-0.000162863
-0.000322448
-0.000481754
-0.000636367
-0.000782488
-0.000916931
-0.00103708
-0.00114084
-0.00122651
-0.00129278
-0.00133858
-0.00136309
-0.00136566
-0.00134578
-0.00130304
-0.00123711
-0.00114778
-0.00103491
-0.000898453
-0.000738469
-0.000555152
-0.00034884
-0.000120046
0.000130523
0.000401935
0.000693015
0.00100232
0.00132812
0.00166841
0.00202086
0.00238287
0.00275156
0.00312375
0.00349607
0.00386493
0.00422657
0.00457717
0.00491285
0.00522977
0.0055242
0.00579263
0.00603179
0.00623881
0.00641121
0.00654705
0.00664497
0.0067042
0.0067247
0.00670708
0.00665268
0.00656358
0.00644251
0.00629288
0.00611873
0.00592461
0.00571558
0.0054971
0.00527492
0.00505499
0.00484336
0.00464605
0.00446897
0.00431775
0.00419736
0.00411257
0.00407217
0.004082
0.000699569
0.000567556
0.000432397
0.000290357
0.000138426
-1.86239e-05
-0.000176185
-0.000330514
-0.000478273
-0.000616536
-0.000742826
-0.000855096
-0.000951678
-0.00103122
-0.00109265
-0.00113509
-0.00115783
-0.00116029
-0.001142
-0.00110256
-0.00104164
-0.000958973
-0.000854369
-0.000727718
-0.000579006
-0.000408332
-0.000215936
-2.21604e-06
0.000232238
0.000486625
0.000759904
0.00105078
0.00135767
0.00167873
0.00201179
0.00235441
0.00270387
0.00305717
0.00341108
0.00376217
0.00410683
0.00444137
0.00476204
0.00506511
0.00534697
0.00560417
0.00583354
0.00603224
0.00619785
0.00632846
0.0064227
0.00647983
0.00649974
0.00648304
0.00643099
0.00634556
0.00622939
0.00608574
0.00591843
0.00573183
0.00553069
0.00532015
0.00510557
0.00489247
0.00468639
0.00449281
0.00431707
0.00416421
0.00403882
0.00394528
0.00389009
0.00387701
0.000957654
0.000778902
0.000613371
0.000452834
0.000288917
0.00012523
-3.46057e-05
-0.000187987
-0.00033258
-0.000466293
-0.000587353
-0.000694287
-0.000785894
-0.000861192
-0.000919383
-0.000959806
-0.000981905
-0.000985203
-0.000969277
-0.000933752
-0.00087829
-0.000802599
-0.000706432
-0.000589608
-0.000452022
-0.000293674
-0.000114688
8.46613e-05
0.000303919
0.000542422
0.00079928
0.00107334
0.00136319
0.00166713
0.00198314
0.00230894
0.00264195
0.00297932
0.00331794
0.00365449
0.00398548
0.0043073
0.00461628
0.00490875
0.00518115
0.00543004
0.00565228
0.00584503
0.00600586
0.00613283
0.00622455
0.00628021
0.00629967
0.00628345
0.00623275
0.00614944
0.00603605
0.0058957
0.00573208
0.00554933
0.00535201
0.00514498
0.00493329
0.00472211
0.00451656
0.00432172
0.00414242
0.00398326
0.00384845
0.00374205
0.00366773
0.00362672
0.00122338
0.000996558
0.000798397
0.000616507
0.0004374
0.000263719
9.82525e-05
-5.74263e-05
-0.000201907
-0.000333891
-0.000452281
-0.000556178
-0.000644848
-0.000717694
-0.000774218
-0.000813989
-0.000836621
-0.000841752
-0.000829031
-0.000798115
-0.000748665
-0.000680356
-0.000592887
-0.000485998
-0.000359488
-0.000213245
-4.72671e-05
0.000138307
0.000343166
0.0005668
0.000808471
0.00106719
0.00134169
0.00163043
0.00193154
0.00224289
0.00256202
0.00288619
0.00321241
0.00353744
0.00385786
0.0041701
0.00447053
0.0047555
0.00502141
0.00526484
0.00548259
0.00567176
0.00582988
0.00595491
0.0060454
0.00610045
0.00611984
0.00610399
0.00605401
0.00597167
0.00585939
0.00572018
0.00555757
0.00537558
0.00517858
0.00497121
0.0047583
0.00454473
0.00433533
0.00413482
0.00394767
0.00377806
0.00363
0.00350721
0.00341043
0.00333825
0.00148648
0.00121137
0.000979417
0.000774341
0.000577821
0.000391695
0.000218045
5.75122e-05
-8.93446e-05
-0.000221966
-0.000339901
-0.000442802
-0.000530402
-0.000602485
-0.000658858
-0.00069933
-0.000723691
-0.000731705
-0.000723098
-0.000697561
-0.000654757
-0.000594327
-0.000515911
-0.000419165
-0.000303784
-0.000169534
-1.6277e-05
0.000155993
0.000347122
0.000556758
0.000784326
0.001029
0.00128967
0.00156495
0.00185313
0.00215219
0.0024598
0.00277332
0.00308983
0.00340616
0.00371893
0.00402458
0.00431946
0.0045999
0.00486226
0.00510302
0.00531891
0.00550694
0.00566449
0.00578945
0.0058802
0.00593576
0.00595575
0.0059405
0.00589098
0.00580888
0.00569649
0.00555671
0.00539297
0.00520916
0.00500951
0.00479851
0.00458081
0.00436109
0.00414398
0.00393393
0.00373514
0.00355149
0.00338685
0.00324474
0.00312298
0.00301765
0.00173799
0.00141509
0.00114894
0.000919608
0.000704213
0.000503908
0.000320169
0.000152795
1.55706e-06
-0.000133675
-0.000253057
-0.000356772
-0.000445002
-0.000517903
-0.000575584
-0.000618091
-0.000645392
-0.000657376
-0.000653847
-0.000634531
-0.000599088
-0.000547123
-0.000478212
-0.000391918
-0.000287826
-0.00016557
-2.48672e-05
0.000134445
0.000312375
0.000508742
0.00072314
0.000954911
0.00120312
0.00146651
0.00174353
0.00203229
0.00233056
0.00263579
0.00294513
0.00325543
0.00356333
0.00386526
0.00415752
0.00443637
0.00469807
0.00493899
0.00515573
0.00534513
0.00550444
0.00563136
0.00572412
0.00578156
0.00580316
0.00578908
0.00574017
0.00565798
0.0055447
0.00540311
0.00523656
0.00504881
0.00484402
0.00462658
0.00440101
0.00417187
0.00394364
0.00372065
0.00350689
0.00330604
0.00312194
0.00295805
0.0028094
0.00266969
0.00196995
0.00160021
0.00129998
0.0010459
0.000810753
0.000595105
0.000399904
0.000224174
6.69617e-05
-7.25072e-05
-0.000194961
-0.000301084
-0.000391485
-0.000466678
-0.000527062
-0.000572913
-0.000604371
-0.000621443
-0.000624008
-0.000611822
-0.000584536
-0.000541716
-0.000482861
-0.00040744
-0.000314913
-0.000204777
-7.65944e-05
6.99641e-05
0.00023508
0.000418751
0.000620749
0.000840591
0.00107751
0.00133041
0.00159788
0.00187815
0.00216909
0.00246824
0.00277278
0.0030796
0.00338532
0.00368631
0.00397882
0.00425899
0.00452295
0.00476692
0.00498731
0.00518077
0.00534434
0.0054755
0.00557228
0.00563331
0.00565785
0.00564591
0.00559815
0.00551598
0.00540145
0.00525727
0.00508666
0.00489334
0.00468138
0.00445511
0.00421902
0.00397761
0.00373529
0.00349632
0.00326463
0.00304378
0.00283773
0.00264994
0.00247288
0.00229796
0.00217524
0.00175985
0.00142602
0.00114713
0.000891795
0.000660087
0.000452475
0.000267267
0.000102833
-4.22042e-05
-0.00016911
-0.00027904
-0.000373007
-0.000451864
-0.000516285
-0.00056676
-0.000603593
-0.0006269
-0.000636625
-0.000632546
-0.000614299
-0.000581397
-0.000533261
-0.00046925
-0.000388696
-0.000290945
-0.000175396
-4.15434e-05
0.000110978
0.000282352
0.000472539
0.00068124
0.000907859
0.00115147
0.0014108
0.00168421
0.00196967
0.00226478
0.00256677
0.00287253
0.00317864
0.00348143
0.00377703
0.00406144
0.00433064
0.00458064
0.00480762
0.00500801
0.00517857
0.00531654
0.00541967
0.00548632
0.00551555
0.00550709
0.00546145
0.00537984
0.00526418
0.00511705
0.00494161
0.00474151
0.00452078
0.00428374
0.00403489
0.00377872
0.00351969
0.00326206
0.00300979
0.00276645
0.00253618
0.00232264
0.00211581
0.00190502
0.00234729
0.00188763
0.00152095
0.00121747
0.000941868
0.000693733
0.000473102
0.000277609
0.000104991
-4.66964e-05
-0.000179224
-0.000294192
-0.000392993
-0.000476794
-0.000546529
-0.000602886
-0.000646316
-0.000677035
-0.000695037
-0.000700113
-0.000691872
-0.000669767
-0.000633128
-0.000581197
-0.000513166
-0.000428219
-0.000325582
-0.000204563
-6.4602e-05
9.46831e-05
0.000273451
0.000471597
0.000688707
0.00092403
0.00117644
0.00144443
0.00172606
0.00201901
0.00232055
0.00262755
0.00293656
0.00324383
0.00354535
0.00383697
0.00411445
0.00437359
0.00461029
0.00482069
0.00500125
0.00514888
0.00526103
0.00533575
0.0053718
0.00536864
0.00532654
0.00524649
0.00513027
0.00498032
0.00479971
0.00459205
0.00436137
0.00411202
0.00384852
0.00357547
0.00329742
0.00301874
0.00274349
0.00247537
0.00221881
0.00197778
0.0017399
0.00149252
0.00248002
0.00197759
0.00157898
0.00125138
0.000955683
0.000691024
0.00045703
0.000250701
6.91669e-05
-9.00489e-05
-0.000229197
-0.000350292
-0.000455084
-0.000545036
-0.000621315
-0.000684794
-0.000736053
-0.000775392
-0.000802844
-0.000818199
-0.000821027
-0.00081071
-0.000786475
-0.000747436
-0.000692634
-0.000621083
-0.00053182
-0.000423957
-0.000296727
-0.000149536
1.79848e-05
0.000205935
0.0004141
0.000641907
0.000888396
0.00115219
0.00143146
0.00172397
0.002027
0.00233744
0.00265177
0.00296614
0.00327641
0.00357825
0.00386718
0.00413871
0.00438846
0.0046122
0.00480607
0.00496659
0.00509082
0.00517647
0.00522193
0.00522635
0.00518969
0.00511272
0.00499699
0.00484482
0.00465918
0.00444364
0.00420225
0.00393941
0.00365975
0.00336801
0.00306891
0.00276702
0.0024666
0.00217155
0.00188675
0.00161652
0.00134627
0.00106138
0.00256772
0.00202411
0.00159463
0.00124356
0.000928134
0.00064706
0.000399569
0.000182048
-8.94861e-06
-0.000176409
-0.000323034
-0.000451233
-0.000563088
-0.000660334
-0.000744356
-0.000816189
-0.000876526
-0.000925734
-0.000963872
-0.000990713
-0.00100578
-0.00100836
-0.000997577
-0.0009724
-0.000931708
-0.000874332
-0.000799111
-0.000704943
-0.000590842
-0.000455989
-0.00029979
-0.000121923
7.76081e-05
0.000298428
0.000539751
0.000800349
0.00107852
0.0013721
0.00167841
0.00199434
0.00231632
0.0026404
0.00296227
0.00327738
0.00358102
0.00386838
0.00413472
0.00437545
0.00458626
0.00476326
0.00490308
0.00500298
0.00506094
0.00507573
0.00504696
0.00497509
0.00486146
0.00470818
0.00451813
0.00429485
0.0040424
0.0037653
0.0034683
0.00315636
0.00283444
0.00250739
0.00217975
0.00185574
0.00154075
0.00123961
0.000935504
0.00061192
0.00260497
0.00202186
0.00156269
0.00118893
0.000854299
0.00055708
0.000296116
6.72029e-05
-0.000133662
-0.000309955
-0.000464807
-0.000601
-0.000720923
-0.000826565
-0.000919508
-0.00100093
-0.00107162
-0.001132
-0.00118213
-0.00122176
-0.00125034
-0.00126707
-0.00127094
-0.00126077
-0.00123526
-0.00119305
-0.00113276
-0.00105306
-0.000952746
-0.000830739
-0.000686207
-0.000518589
-0.00032766
-0.000113577
0.000123068
0.000381216
0.000659304
0.000955253
0.00126646
0.00158979
0.00192165
0.00225795
0.00259426
0.00292578
0.0032475
0.0035543
0.00384103
0.00410267
0.00433444
0.00453195
0.00469132
0.00480931
0.0048834
0.00491192
0.00489405
0.00482992
0.00472053
0.00456781
0.00437451
0.00414411
0.00388073
0.00358897
0.00327382
0.00294047
0.00259419
0.0022402
0.00188341
0.00152846
0.00118132
0.000847446
0.000507821
0.000144
0.00258661
0.00196578
0.0014782
0.00108265
0.000729448
0.000416477
0.000142187
-9.82043e-05
-0.000309237
-0.000494856
-0.000658605
-0.000803615
-0.000932568
-0.00104768
-0.00115072
-0.00124299
-0.00132535
-0.00139825
-0.00146176
-0.00151558
-0.00155908
-0.00159136
-0.00161125
-0.00161742
-0.00160837
-0.00158254
-0.00153833
-0.00147416
-0.00138855
-0.00128019
-0.00114798
-0.000991085
-0.000809036
-0.000601751
-0.0003696
-0.000113451
0.000165294
0.000464673
0.000782153
0.00111463
0.00145845
0.00180946
0.00216301
0.0025141
0.00285741
0.00318744
0.00349862
0.00378542
0.00404254
0.00426503
0.00444843
0.00458891
0.00468337
0.0047296
0.00472629
0.00467313
0.00457078
0.0044209
0.00422608
0.00398972
0.00371598
0.00340963
0.00307585
0.00272016
0.00234822
0.00196568
0.00157791
0.00119004
0.000808759
0.000440204
6.31353e-05
-0.000342871
0.00250775
0.00185106
0.00133645
0.000920081
0.000549053
0.000220816
-6.65625e-05
-0.000318431
-0.000539851
-0.000735223
-0.000908483
-0.00106309
-0.00120201
-0.00132767
-0.00144199
-0.00154638
-0.00164177
-0.00172863
-0.00180701
-0.00187654
-0.0019365
-0.00198587
-0.00202334
-0.00204738
-0.00205631
-0.00204834
-0.0020216
-0.00197429
-0.00190464
-0.00181105
-0.00169213
-0.00154679
-0.00137425
-0.00117417
-0.000946673
-0.000692403
-0.000412573
-0.000108996
0.000215895
0.000559038
0.000916761
0.00128481
0.00165838
0.00203224
0.00240073
0.00275796
0.00309787
0.00341443
0.00370172
0.00395416
0.00416661
0.00433457
0.00445428
0.00452288
0.00453848
0.00450025
0.00440842
0.00426433
0.00407033
0.00382976
0.00354679
0.00322634
0.00287387
0.00249524
0.00209656
0.00168401
0.0012635
0.00084074
0.00042323
1.78845e-05
-0.000398836
-0.000849414
0.00236373
0.00167315
0.00113297
0.000696842
0.000308798
-3.41434e-05
-0.000334306
-0.000597589
-0.000829564
-0.00103507
-0.00121842
-0.0013834
-0.00153321
-0.00167048
-0.00179729
-0.00191512
-0.00202497
-0.0021273
-0.00222212
-0.002309
-0.00238712
-0.00245531
-0.0025121
-0.00255579
-0.00258445
-0.00259606
-0.00258851
-0.0025597
-0.00250758
-0.00243024
-0.00232598
-0.00219338
-0.00203137
-0.00183929
-0.001617
-0.00136486
-0.00108388
-0.000775667
-0.000442536
-8.7466e-05
0.000285876
0.000673163
0.00106945
0.00146924
0.00186658
0.00225512
0.00262834
0.00297957
0.00330226
0.0035901
0.00383721
0.00403829
0.00418883
0.00428521
0.00432484
0.00430627
0.00422922
0.00409459
0.00390449
0.0036621
0.00337161
0.00303807
0.00266725
0.00226542
0.00183919
0.00139534
0.000940405
0.000480767
2.48378e-05
-0.000419592
-0.000878479
-0.00137648
0.00215013
0.00142775
0.000863531
0.000408783
4.59938e-06
-0.00035243
-0.000665021
-0.000939615
-0.00118228
-0.00139827
-0.00159228
-0.00176837
-0.00193
-0.00207999
-0.00222052
-0.00235318
-0.00247898
-0.00259838
-0.00271133
-0.00281734
-0.00291546
-0.00300438
-0.00308245
-0.00314776
-0.00319818
-0.0032314
-0.00324505
-0.00323673
-0.00320407
-0.00314484
-0.00305699
-0.00293875
-0.00278871
-0.00260587
-0.00238975
-0.00214044
-0.00185864
-0.00154576
-0.00120391
-0.000835973
-0.000445562
-3.70439e-05
0.000384505
0.00081336
0.00124322
0.00166734
0.0020786
0.00246975
0.00283349
0.00316272
0.00345069
0.00369123
0.00387893
0.0040093
0.00407892
0.0040856
0.00402843
0.00390779
0.00372543
0.00348434
0.00318869
0.00284367
0.00245534
0.00203042
0.00157611
0.00109983
0.00060887
0.000110349
-0.000386298
-0.000872305
-0.00137619
-0.00192494
0.0018628
0.00111081
0.000524196
5.20198e-05
-0.000367376
-0.000737834
-0.00106246
-0.00134824
-0.0016017
-0.00182852
-0.00203374
-0.00222171
-0.00239612
-0.00255994
-0.00271548
-0.00286439
-0.0030077
-0.00314586
-0.00327877
-0.00340582
-0.00352595
-0.00363769
-0.00373922
-0.00382839
-0.00390284
-0.00396
-0.00399719
-0.0040117
-0.00400083
-0.00396197
-0.00389271
-0.0037909
-0.00365473
-0.00348284
-0.00327437
-0.00302903
-0.00274724
-0.00243009
-0.00207948
-0.00169811
-0.00128951
-0.000858049
-0.000408893
5.20235e-05
0.00051808
0.000982072
0.00143634
0.00187293
0.00228378
0.00266088
0.00299654
0.00328359
0.00351558
0.00368701
0.0037935
0.00383197
0.00380072
0.00369952
0.00352964
0.0032938
0.00299609
0.00264183
0.00223737
0.00178993
0.00130732
0.00079772
0.000269221
-0.000270199
-0.000809972
-0.00134025
-0.00189231
-0.00249562
0.00149787
0.000718589
0.000111295
-0.000377055
-0.000810689
-0.00119388
-0.00153014
-0.00182694
-0.0020913
-0.0023293
-0.00254629
-0.00274691
-0.00293506
-0.00311387
-0.00328575
-0.0034524
-0.00361488
-0.00377359
-0.00392836
-0.00407851
-0.00422282
-0.00435968
-0.00448704
-0.00460257
-0.00470361
-0.00478734
-0.00485077
-0.00489082
-0.00490444
-0.00488865
-0.00484062
-0.00475779
-0.00463792
-0.0044792
-0.00428035
-0.0040407
-0.00376024
-0.00343975
-0.00308082
-0.00268592
-0.00225843
-0.00180266
-0.00132383
-0.000828051
-0.000322243
0.000185949
0.000688287
0.0011761
0.00164046
0.00207242
0.00246322
0.00280456
0.00308881
0.0033093
0.00346052
0.00353833
0.00354009
0.0034648
0.00331313
0.00308743
0.00279163
0.00243111
0.00201255
0.00154364
0.0010329
0.000489334
-7.80822e-05
-0.000660409
-0.00124582
-0.00182326
-0.002427
-0.00308917
0.00105178
0.000247652
-0.000378526
-0.000881744
-0.0013286
-0.00172381
-0.00207125
-0.00237893
-0.00265429
-0.0029038
-0.00313314
-0.00334721
-0.0035501
-0.00374509
-0.00393468
-0.00412063
-0.00430398
-0.00448512
-0.00466381
-0.00483923
-0.00501007
-0.00517451
-0.00533032
-0.00547492
-0.00560541
-0.00571865
-0.00581133
-0.00588002
-0.00592127
-0.00593169
-0.00590801
-0.00584721
-0.00574657
-0.00560381
-0.00541716
-0.00518546
-0.00490827
-0.00458594
-0.00421969
-0.00381169
-0.0033651
-0.0028841
-0.00237391
-0.00184076
-0.00129184
-0.000735206
-0.000179694
0.000365282
0.000889901
0.00138416
0.00183815
0.00224228
0.00258762
0.00286613
0.00307099
0.00319681
0.00323981
0.00319805
0.00307144
0.0028618
0.00257282
0.0022099
0.00177998
0.00129128
0.000753036
0.000175153
-0.00043239
-0.00105959
-0.00169323
-0.00232093
-0.00298017
-0.003706
0.0005213
-0.000305108
-0.000948293
-0.00146502
-0.00192406
-0.00233053
-0.00268872
-0.0030071
-0.00329357
-0.00355494
-0.00379721
-0.00402553
-0.00424417
-0.00445656
-0.00466528
-0.00487213
-0.00507815
-0.00528369
-0.00548843
-0.00569145
-0.00589129
-0.00608597
-0.00627304
-0.00644969
-0.00661273
-0.00675873
-0.00688403
-0.00698482
-0.00705725
-0.00709748
-0.00710176
-0.00706656
-0.00698866
-0.00686522
-0.00669394
-0.00647311
-0.00620175
-0.00587973
-0.00550781
-0.00508777
-0.00462245
-0.00411584
-0.00357308
-0.00300044
-0.00240533
-0.00179622
-0.00118248
-0.000574309
1.7538e-05
0.000581942
0.00110771
0.00158386
0.00199996
0.00234645
0.00261497
0.00279864
0.00289236
0.00289299
0.0027995
0.00261304
0.00233691
0.00197641
0.00153873
0.00103259
0.00046801
-0.000144148
-0.000792804
-0.00146678
-0.00215129
-0.00283251
-0.00355141
-0.00434619
-9.64198e-05
-0.000942428
-0.00160067
-0.0021295
-0.00259964
-0.00301661
-0.0033851
-0.00371402
-0.00401168
-0.00428527
-0.00454107
-0.00478445
-0.00501988
-0.00525091
-0.0054802
-0.00570959
-0.00594012
-0.0061721
-0.00640512
-0.00663817
-0.00686963
-0.00709735
-0.00731869
-0.00753056
-0.00772953
-0.00791183
-0.00807344
-0.00821017
-0.00831773
-0.0083918
-0.00842814
-0.00842266
-0.00837157
-0.00827143
-0.00811933
-0.00791294
-0.00765069
-0.00733183
-0.00695659
-0.00652625
-0.00604327
-0.00551131
-0.00493534
-0.00432162
-0.00367769
-0.00301235
-0.00233554
-0.00165817
-0.000991993
-0.000349306
0.000257324
0.000815383
0.00131277
0.00173819
0.0020815
0.00233412
0.00248934
0.00254259
0.00249167
0.00233682
0.00208077
0.00172866
0.00128779
0.000767397
0.000178275
-0.000467653
-0.00115812
-0.00188063
-0.00261868
-0.00335684
-0.00413987
-0.00500937
-0.000803831
-0.00166665
-0.00233793
-0.00287743
-0.00335756
-0.00378426
-0.00416257
-0.00450185
-0.00481081
-0.00509696
-0.00536686
-0.00562613
-0.00587938
-0.0061303
-0.00638163
-0.00663523
-0.00689215
-0.00715264
-0.00741624
-0.00768182
-0.00794763
-0.00821134
-0.00847009
-0.00872058
-0.00895906
-0.00918145
-0.00938337
-0.00956022
-0.00970725
-0.00981964
-0.00989261
-0.00992149
-0.00990184
-0.00982961
-0.00970116
-0.00951349
-0.00926433
-0.00895224
-0.0085768
-0.00813871
-0.00763989
-0.0070836
-0.00647451
-0.00581875
-0.00512392
-0.00439908
-0.00365464
-0.00290226
-0.00215466
-0.00142537
-0.000728412
-7.79768e-05
0.000512
0.00102826
0.00145865
0.00179261
0.00202151
0.00213907
0.00214163
0.00202827
0.00180096
0.00146445
0.00102609
0.000495568
-0.000115523
-0.000794151
-0.00152674
-0.00229937
-0.00309362
-0.00389225
-0.00474417
-0.00569463
-0.00160295
-0.00247971
-0.00316195
-0.00371064
-0.00419964
-0.00463526
-0.00502291
-0.00537237
-0.0056927
-0.00599175
-0.00627633
-0.00655228
-0.00682438
-0.00709642
-0.00737123
-0.00765071
-0.00793589
-0.008227
-0.00852351
-0.00882418
-0.00912713
-0.00942986
-0.00972932
-0.0100219
-0.0103037
-0.0105702
-0.0108167
-0.0110382
-0.0112294
-0.011385
-0.0114996
-0.0115679
-0.0115849
-0.0115458
-0.0114461
-0.0112822
-0.0110508
-0.0107499
-0.0103783
-0.00993579
-0.00942382
-0.00884506
-0.00820375
-0.00750578
-0.00675868
-0.00597167
-0.00515556
-0.0043227
-0.00348676
-0.00266252
-0.00186554
-0.0011118
-0.00041724
0.000202693
0.000733581
0.00116255
0.00147876
0.00167387
0.00174241
0.00168202
0.00149362
0.00118137
0.000752514
0.000217087
-0.000412509
-0.00112208
-0.00189666
-0.00272071
-0.00357373
-0.00443647
-0.00536229
-0.00640043
-0.00249532
-0.00338307
-0.00407416
-0.00463054
-0.00512726
-0.00557098
-0.00596748
-0.00632691
-0.00665868
-0.00697093
-0.00727073
-0.00756411
-0.00785603
-0.00815039
-0.00845009
-0.00875707
-0.00907237
-0.00939618
-0.00972791
-0.0100662
-0.0104092
-0.010754
-0.0110975
-0.0114359
-0.0117649
-0.0120797
-0.0123752
-0.012646
-0.0128864
-0.0130904
-0.0132521
-0.0133656
-0.0134249
-0.0134247
-0.0133596
-0.013225
-0.013017
-0.0127325
-0.0123694
-0.0119268
-0.0114053
-0.0108069
-0.0101352
-0.00939576
-0.00859589
-0.00774482
-0.00685368
-0.0059354
-0.00500456
-0.0040772
-0.00317044
-0.00230216
-0.00149048
-0.000753228
-0.000107386
0.000431552
0.000850165
0.00113767
0.0012864
0.00129219
0.00115456
0.000876814
0.000465893
-6.79384e-05
-0.000711524
-0.00144948
-0.00226531
-0.00314175
-0.00405597
-0.00498647
-0.00599147
-0.00712444
-0.00348201
-0.00437775
-0.00507553
-0.00563809
-0.00614137
-0.00659238
-0.00699721
-0.00736636
-0.00770959
-0.00803529
-0.00835079
-0.0086623
-0.00897495
-0.00929275
-0.00961866
-0.00995469
-0.0103019
-0.0106604
-0.0110296
-0.0114081
-0.0117938
-0.0121838
-0.0125748
-0.0129626
-0.0133428
-0.0137102
-0.0140594
-0.0143845
-0.0146792
-0.0149371
-0.0151517
-0.0153162
-0.0154242
-0.0154691
-0.0154449
-0.0153461
-0.0151676
-0.0149055
-0.0145567
-0.0141193
-0.0135928
-0.0129786
-0.0122794
-0.0115003
-0.0106482
-0.00973211
-0.00876344
-0.00775555
-0.00672385
-0.00568558
-0.00465945
-0.00366532
-0.00272359
-0.00185473
-0.00107853
-0.000413457
0.000124092
0.000520463
0.000765363
0.000852357
0.0007792
0.000547985
0.000165065
-0.000359231
-0.00101108
-0.00177387
-0.00262952
-0.00355887
-0.00453649
-0.0055384
-0.00662805
-0.00786344
-0.00456356
-0.00546427
-0.0061666
-0.00673381
-0.00724248
-0.00769992
-0.00811253
-0.00849114
-0.00884578
-0.00918512
-0.00951671
-0.00984696
-0.0101811
-0.0105233
-0.0108767
-0.0112432
-0.0116239
-0.012019
-0.0124279
-0.012849
-0.0132801
-0.0137183
-0.01416
-0.0146009
-0.0150362
-0.0154606
-0.0158681
-0.0162525
-0.016607
-0.0169246
-0.017198
-0.01742
-0.017583
-0.0176799
-0.0177035
-0.0176474
-0.0175055
-0.0172726
-0.0169446
-0.0165184
-0.0159927
-0.0153675
-0.0146449
-0.013829
-0.0129262
-0.0119454
-0.0108978
-0.00979707
-0.00865938
-0.00750306
-0.00634841
-0.00521725
-0.00413243
-0.00311721
-0.00219448
-0.00138602
-0.000711631
-0.000188299
0.000170549
0.000355714
0.000362693
0.000191947
-0.000151094
-0.000656288
-0.00130927
-0.00209224
-0.00298543
-0.00396762
-0.00501052
-0.00608743
-0.00726736
-0.00861316
-0.00573997
-0.00664265
-0.00734739
-0.00791775
-0.00843064
-0.00889365
-0.00931346
-0.00970118
-0.0100671
-0.0104202
-0.0107681
-0.0111176
-0.0114739
-0.0118414
-0.0122232
-0.0126213
-0.0130371
-0.0134705
-0.0139209
-0.0143868
-0.0148659
-0.0153551
-0.0158507
-0.0163482
-0.0168426
-0.0173282
-0.0177987
-0.0182474
-0.0186671
-0.0190502
-0.0193887
-0.0196746
-0.0198996
-0.0200555
-0.0201343
-0.0201284
-0.0200306
-0.0198344
-0.0195345
-0.0191268
-0.0186083
-0.0179782
-0.0172373
-0.0163888
-0.0154384
-0.0143943
-0.0132675
-0.012072
-0.0108242
-0.00954365
-0.00825201
-0.00697312
-0.00573232
-0.0045558
-0.00346983
-0.00249985
-0.00166946
-0.000999532
-0.000507157
-0.000204884
-0.000100035
-0.000194297
-0.000483599
-0.000958305
-0.0016037
-0.00240088
-0.00332832
-0.00436258
-0.00547226
-0.00662756
-0.00790351
-0.0093681
-0.00701074
-0.00791244
-0.00861748
-0.0091895
-0.00970544
-0.0101731
-0.0105995
-0.010996
-0.011373
-0.0117397
-0.0121041
-0.012473
-0.0128519
-0.0132453
-0.0136563
-0.0140872
-0.0145391
-0.0150122
-0.0155059
-0.0160186
-0.0165479
-0.0170908
-0.0176432
-0.0182006
-0.0187578
-0.0193087
-0.0198467
-0.0203647
-0.0208549
-0.0213092
-0.0217191
-0.0220755
-0.0223695
-0.0225918
-0.0227335
-0.0227856
-0.0227399
-0.0225886
-0.022325
-0.0219435
-0.0214399
-0.0208119
-0.0200591
-0.0191835
-0.0181897
-0.0170853
-0.0158806
-0.0145896
-0.0132291
-0.0118192
-0.0103832
-0.00894665
-0.00753744
-0.00618485
-0.00491869
-0.00376838
-0.00276182
-0.00192423
-0.00127702
-0.000836722
-0.000614133
-0.000613703
-0.000833253
-0.00126408
-0.0018914
-0.0026953
-0.00365252
-0.00473725
-0.00591464
-0.00715151
-0.00852929
-0.0101214
-0.00837479
-0.00927267
-0.009976
-0.0105482
-0.0110661
-0.0115375
-0.0119698
-0.0123744
-0.0127622
-0.0131424
-0.0135232
-0.0139116
-0.0143132
-0.0147327
-0.0151735
-0.0156377
-0.0161266
-0.0166406
-0.0171789
-0.01774
-0.0183215
-0.0189202
-0.0195321
-0.0201524
-0.0207757
-0.0213957
-0.0220055
-0.0225975
-0.0231635
-0.0236947
-0.0241819
-0.0246155
-0.0249855
-0.0252817
-0.025494
-0.0256124
-0.0256272
-0.0255294
-0.0253107
-0.0249641
-0.0244839
-0.0238661
-0.0231089
-0.0222129
-0.0211815
-0.0200211
-0.0187414
-0.0173559
-0.0158815
-0.0143389
-0.0127523
-0.0111493
-0.00956019
-0.00801723
-0.00655403
-0.00520429
-0.0040006
-0.00297311
-0.00214815
-0.00154699
-0.00118463
-0.00106902
-0.00120051
-0.00157187
-0.00216864
-0.00297009
-0.00395125
-0.00508382
-0.00632921
-0.00765049
-0.00913588
-0.0108644
-0.00983053
-0.0107219
-0.0114216
-0.0119926
-0.0125113
-0.0129856
-0.013423
-0.0138352
-0.0142331
-0.0146263
-0.0150232
-0.0154308
-0.015855
-0.0163007
-0.0167712
-0.017269
-0.0177954
-0.0183509
-0.0189347
-0.0195454
-0.0201805
-0.0208369
-0.0215105
-0.0221963
-0.0228887
-0.0235813
-0.0242667
-0.024937
-0.0255836
-0.0261971
-0.0267676
-0.0272847
-0.0277375
-0.0281149
-0.0284057
-0.0285986
-0.0286826
-0.0286472
-0.0284826
-0.0281802
-0.0277325
-0.0271339
-0.0263809
-0.0254725
-0.0244105
-0.0232001
-0.0218499
-0.0203726
-0.018785
-0.0171079
-0.0153664
-0.0135897
-0.0118103
-0.0100636
-0.00838708
-0.00681888
-0.00539669
-0.00415611
-0.00312913
-0.00234246
-0.00181619
-0.00156257
-0.0015853
-0.00187927
-0.00243081
-0.00321873
-0.00421644
-0.00539304
-0.00670591
-0.00811398
-0.00971267
-0.011587
-0.0113759
-0.0122583
-0.0129525
-0.0135211
-0.0140394
-0.0145156
-0.0149573
-0.0153763
-0.0157837
-0.0161892
-0.0166014
-0.0170276
-0.017474
-0.0179452
-0.0184452
-0.0189764
-0.0195402
-0.0201373
-0.020767
-0.0214279
-0.0221177
-0.0228331
-0.0235699
-0.0243232
-0.0250872
-0.0258552
-0.0266196
-0.0273722
-0.0281037
-0.0288044
-0.0294636
-0.0300702
-0.0306124
-0.0310782
-0.0314551
-0.0317306
-0.0318924
-0.0319285
-0.0318274
-0.0315787
-0.0311733
-0.0306037
-0.0298644
-0.0289527
-0.0278686
-0.0266157
-0.0252012
-0.0236367
-0.0219383
-0.020127
-0.0182282
-0.0162723
-0.014294
-0.0123316
-0.0104264
-0.00862128
-0.00695923
-0.00548187
-0.00422748
-0.00322909
-0.00251275
-0.002096
-0.00198678
-0.00218292
-0.00267222
-0.00343343
-0.00443851
-0.00565396
-0.00703283
-0.00852951
-0.010247
-0.0122765
-0.0130082
-0.0138794
-0.0145667
-0.0151316
-0.0156485
-0.0161257
-0.0165707
-0.0169955
-0.0174114
-0.0178282
-0.0182548
-0.0186985
-0.0191659
-0.0196618
-0.0201903
-0.020754
-0.0213546
-0.0219928
-0.0226682
-0.0233793
-0.024124
-0.024899
-0.0257002
-0.0265224
-0.0273598
-0.0282055
-0.0290516
-0.0298896
-0.0307099
-0.0315021
-0.0322549
-0.0329565
-0.0335942
-0.034155
-0.0346252
-0.0349913
-0.0352393
-0.0353557
-0.0353274
-0.0351424
-0.0347893
-0.0342589
-0.0335437
-0.0326387
-0.0315421
-0.0302555
-0.0287845
-0.0271393
-0.0253349
-0.0233916
-0.0213352
-0.019197
-0.0170132
-0.014825
-0.0126773
-0.0106177
-0.00869491
-0.00695699
-0.00544911
-0.00421148
-0.00327711
-0.00266987
-0.00240303
-0.00247834
-0.00288586
-0.00360484
-0.00460617
-0.00585373
-0.00729599
-0.00888239
-0.010724
-0.0129182
-0.0147245
-0.0155827
-0.0162616
-0.0168218
-0.0173363
-0.0178134
-0.0182607
-0.0186902
-0.0191133
-0.0195401
-0.0199795
-0.0204393
-0.020926
-0.021445
-0.0220004
-0.0225952
-0.0232313
-0.0239094
-0.0246295
-0.0253902
-0.0261893
-0.0270238
-0.0278895
-0.0287813
-0.0296932
-0.030618
-0.031548
-0.0324739
-0.033386
-0.0342732
-0.0351238
-0.0359251
-0.0366637
-0.0373255
-0.0378958
-0.0383596
-0.0387018
-0.0389071
-0.038961
-0.0388491
-0.0385587
-0.038078
-0.0373975
-0.0365101
-0.0354116
-0.0341014
-0.0325833
-0.0308655
-0.0289616
-0.0268911
-0.0246793
-0.0223578
-0.0199643
-0.0175424
-0.0151403
-0.0128104
-0.0106071
-0.00858525
-0.0067976
-0.00529232
-0.00411042
-0.00328329
-0.00283072
-0.00275953
-0.00306308
-0.00372186
-0.0047061
-0.00597725
-0.00747898
-0.00915537
-0.0111259
-0.0134944
-0.0165214
-0.0173651
-0.0180347
-0.0185892
-0.0191004
-0.0195764
-0.0200247
-0.0204575
-0.0208862
-0.0213211
-0.0217714
-0.022245
-0.0227489
-0.0232886
-0.0238687
-0.0244923
-0.0251617
-0.0258779
-0.0266408
-0.0274495
-0.0283019
-0.0291949
-0.0301246
-0.0310858
-0.0320723
-0.0330771
-0.0340919
-0.0351075
-0.0361134
-0.0370985
-0.0380502
-0.0389551
-0.0397991
-0.0405671
-0.0412434
-0.0418115
-0.0422551
-0.0425574
-0.0427019
-0.0426727
-0.0424547
-0.0420343
-0.0413995
-0.0405407
-0.0394516
-0.0381291
-0.0365744
-0.0347938
-0.0327991
-0.0306081
-0.0282454
-0.0257425
-0.0231378
-0.0204768
-0.0178109
-0.0151969
-0.0126949
-0.0103668
-0.00827339
-0.00647163
-0.00501156
-0.00393333
-0.00326462
-0.00301867
-0.00319329
-0.00377122
-0.00472267
-0.00600693
-0.00756271
-0.00932836
-0.0114321
-0.0139846
-0.0183952
-0.0192235
-0.0198829
-0.0204312
-0.0209383
-0.021412
-0.02186
-0.0222944
-0.0227267
-0.0231674
-0.0236259
-0.0241105
-0.0246286
-0.025186
-0.0257876
-0.026437
-0.0271366
-0.0278879
-0.0286911
-0.0295453
-0.0304488
-0.0313985
-0.0323907
-0.0334201
-0.0344806
-0.035565
-0.0366649
-0.0377708
-0.0388719
-0.0399565
-0.0410116
-0.0420231
-0.0429761
-0.0438545
-0.0446416
-0.0453197
-0.0458711
-0.0462774
-0.0465206
-0.0465826
-0.0464466
-0.0460964
-0.045518
-0.0446993
-0.0436311
-0.0423079
-0.0407283
-0.0388961
-0.0368208
-0.0345182
-0.0320115
-0.0293316
-0.0265171
-0.0236146
-0.0206783
-0.0177689
-0.0149522
-0.0122972
-0.00987295
-0.00774601
-0.00597645
-0.00461449
-0.00369713
-0.00324558
-0.00326355
-0.0037372
-0.0046376
-0.00592229
-0.00752501
-0.00937802
-0.0116188
-0.0143645
-0.0203418
-0.0211544
-0.0218035
-0.022345
-0.0228472
-0.0233176
-0.0237638
-0.0241977
-0.0246311
-0.0250746
-0.0255381
-0.0260302
-0.0265586
-0.0271297
-0.0277488
-0.0284198
-0.0291457
-0.0299283
-0.030768
-0.0316643
-0.0326157
-0.0336194
-0.0346715
-0.0357671
-0.0368999
-0.0380627
-0.0392469
-0.0404427
-0.0416392
-0.042824
-0.0439837
-0.0451037
-0.0461681
-0.04716
-0.0480616
-0.0488543
-0.0495187
-0.0500351
-0.0503837
-0.0505448
-0.0504992
-0.0502288
-0.0497169
-0.0489491
-0.0479135
-0.0466016
-0.0450094
-0.0431376
-0.0409932
-0.0385897
-0.0359482
-0.0330982
-0.030078
-0.0269347
-0.0237245
-0.0205115
-0.0173669
-0.0143664
-0.0115878
-0.00910776
-0.00699728
-0.00531793
-0.00411765
-0.00342728
-0.0032581
-0.00360118
-0.00442951
-0.00569958
-0.00734024
-0.00927736
-0.0116581
-0.0146062
-0.0223572
-0.0231546
-0.0237935
-0.0243282
-0.0248248
-0.0252907
-0.0257332
-0.0261642
-0.0265957
-0.0270385
-0.0275028
-0.0279978
-0.0285318
-0.0291116
-0.0297431
-0.0304307
-0.0311779
-0.0319867
-0.0328582
-0.0337923
-0.0347874
-0.0358411
-0.0369498
-0.0381083
-0.0393108
-0.0405497
-0.0418163
-0.0431007
-0.0443916
-0.0456763
-0.0469408
-0.0481698
-0.0493468
-0.0504541
-0.0514728
-0.0523832
-0.0531646
-0.0537958
-0.0542555
-0.054522
-0.0545743
-0.054392
-0.0539561
-0.0532494
-0.0522573
-0.0509686
-0.0493759
-0.0474772
-0.0452763
-0.0427838
-0.0400185
-0.0370077
-0.0337886
-0.0304082
-0.0269238
-0.0234024
-0.0199196
-0.0165579
-0.0134037
-0.010544
-0.00806163
-0.00603079
-0.00451191
-0.00354735
-0.00315786
-0.00334113
-0.00407352
-0.00531133
-0.00697881
-0.00899531
-0.011518
-0.0146775
-0.0244372
-0.0252207
-0.0258502
-0.0263782
-0.0268689
-0.027329
-0.0277657
-0.028191
-0.0286168
-0.0290544
-0.0295146
-0.0300071
-0.0305408
-0.0311232
-0.0317608
-0.0324588
-0.033221
-0.0340502
-0.0349477
-0.0359138
-0.0369475
-0.0380463
-0.0392069
-0.0404244
-0.0416927
-0.0430044
-0.0443506
-0.0457211
-0.0471044
-0.0484874
-0.0498556
-0.0511931
-0.0524828
-0.053706
-0.054843
-0.0558729
-0.0567738
-0.0575232
-0.0580981
-0.0584752
-0.0586313
-0.0585441
-0.0581921
-0.0575556
-0.0566172
-0.0553625
-0.0537814
-0.0518683
-0.0496237
-0.0470551
-0.0441782
-0.0410178
-0.037609
-0.0339981
-0.0302424
-0.026411
-0.0225834
-0.018848
-0.0152997
-0.0120357
-0.00915166
-0.00673529
-0.00486124
-0.00358529
-0.00293979
-0.00293112
-0.00354069
-0.00472585
-0.00640677
-0.00849617
-0.0111619
-0.014541
-0.0265779
-0.0273498
-0.0279714
-0.0284932
-0.0289776
-0.0294306
-0.0298592
-0.0302752
-0.0306909
-0.0311181
-0.0315681
-0.0320515
-0.0325778
-0.0331555
-0.0337918
-0.0344926
-0.0352625
-0.0361047
-0.0370213
-0.0380128
-0.0390787
-0.0402167
-0.0414238
-0.042695
-0.0440244
-0.0454045
-0.0468264
-0.0482795
-0.0497522
-0.0512308
-0.0527005
-0.0541448
-0.0555458
-0.0568842
-0.0581393
-0.059289
-0.0603105
-0.0611799
-0.0618725
-0.0623635
-0.0626278
-0.062641
-0.0623794
-0.0618206
-0.0609445
-0.0597339
-0.0581752
-0.0562595
-0.0539838
-0.0513521
-0.0483766
-0.045079
-0.0414918
-0.0376592
-0.0336382
-0.0294987
-0.0253231
-0.021205
-0.017247
-0.013557
-0.0102431
-0.00740798
-0.00514178
-0.00351581
-0.00257632
-0.00234069
-0.00279751
-0.00390671
-0.00558517
-0.00773914
-0.0105477
-0.0141543
-0.0287754
-0.0295393
-0.0301553
-0.030672
-0.0311499
-0.0315943
-0.0320119
-0.0324145
-0.0328148
-0.0332252
-0.0336578
-0.0341241
-0.0346347
-0.035199
-0.0358252
-0.03652
-0.0372889
-0.0381358
-0.0390633
-0.0400725
-0.0411631
-0.0423334
-0.0435803
-0.0448992
-0.0462841
-0.0477273
-0.04922
-0.0507513
-0.0523092
-0.0538798
-0.0554477
-0.0569959
-0.0585058
-0.0599572
-0.0613287
-0.0625973
-0.0637389
-0.0647283
-0.0655395
-0.066146
-0.0665211
-0.0666381
-0.0664713
-0.0659959
-0.0651891
-0.0640306
-0.0625036
-0.060596
-0.0583009
-0.0556187
-0.0525576
-0.0491357
-0.0453823
-0.0413389
-0.037061
-0.0326183
-0.0280948
-0.0235886
-0.0192091
-0.0150741
-0.0113047
-0.00801878
-0.00532364
-0.00330803
-0.00203456
-0.00153424
-0.00180526
-0.00281211
-0.00446951
-0.00667764
-0.00962755
-0.0134687
-0.0310266
-0.0317873
-0.0324009
-0.032914
-0.0333853
-0.0338195
-0.0342228
-0.0346071
-0.0349856
-0.0353716
-0.0357782
-0.0362181
-0.0367031
-0.0372439
-0.0378497
-0.0385284
-0.0392863
-0.0401282
-0.0410573
-0.0420753
-0.0431823
-0.0443769
-0.0456562
-0.0470158
-0.0484496
-0.0499499
-0.0515076
-0.0531118
-0.05475
-0.0564079
-0.0580697
-0.0597177
-0.0613329
-0.0628942
-0.0643792
-0.0657642
-0.0670238
-0.0681317
-0.0690605
-0.0697823
-0.0702686
-0.070491
-0.0704214
-0.0700329
-0.0693
-0.0681996
-0.0667119
-0.064821
-0.0625165
-0.0597949
-0.0566604
-0.0531269
-0.0492199
-0.0449777
-0.0404529
-0.0357142
-0.0308462
-0.0259499
-0.0211405
-0.016545
-0.012297
-0.00853025
-0.00537011
-0.00292473
-0.00127561
-0.000470248
-0.00051932
-0.00139423
-0.0030091
-0.0052587
-0.00834692
-0.0124292
-0.0333288
-0.034093
-0.0347085
-0.03522
-0.0356849
-0.0361069
-0.0364918
-0.0368519
-0.037201
-0.0375535
-0.037924
-0.0383265
-0.0387745
-0.03928
-0.0398536
-0.0405046
-0.0412402
-0.0420661
-0.0429864
-0.0440033
-0.0451174
-0.0463276
-0.0476311
-0.0490236
-0.050499
-0.0520496
-0.0536659
-0.0553369
-0.0570496
-0.0587894
-0.0605399
-0.062283
-0.0639987
-0.0656654
-0.0672599
-0.0687573
-0.0701315
-0.0713548
-0.0723987
-0.0732337
-0.0738297
-0.0741567
-0.0741845
-0.0738841
-0.0732273
-0.0721886
-0.0707448
-0.0688769
-0.0665709
-0.063819
-0.0606215
-0.0569879
-0.0529394
-0.0485101
-0.0437495
-0.0387237
-0.0335169
-0.0282313
-0.022987
-0.0179188
-0.0131723
-0.00889684
-0.00523685
-0.00232151
-0.00025372
0.000899418
0.00111157
0.000401527
-0.00114625
-0.00342218
-0.00664408
-0.0109731
-0.0356805
-0.0364566
-0.0370796
-0.0375921
-0.0380508
-0.0384582
-0.03882
-0.0391487
-0.0394593
-0.0397676
-0.04009
-0.0404424
-0.04084
-0.0412967
-0.0418249
-0.042435
-0.0431356
-0.0439336
-0.0448336
-0.0458386
-0.0469496
-0.0481657
-0.0494845
-0.0509016
-0.0524108
-0.0540042
-0.0556722
-0.0574034
-0.0591843
-0.0609999
-0.0628333
-0.0646657
-0.0664764
-0.0682432
-0.0699419
-0.0715469
-0.0730307
-0.0743649
-0.0755195
-0.0764638
-0.0771662
-0.0775948
-0.0777179
-0.0775041
-0.0769231
-0.0759467
-0.0745488
-0.0727073
-0.0704045
-0.0676289
-0.0643763
-0.0606519
-0.0564721
-0.0518667
-0.046881
-0.0415776
-0.0360389
-0.0303673
-0.0246857
-0.0191358
-0.0138738
-0.00906432
-0.00487117
-0.001446
0.00108446
0.00263036
0.0031461
0.00263731
0.00118448
-0.00109996
-0.00444918
-0.00902991
-0.0380814
-0.0388804
-0.0395177
-0.0400345
-0.0404872
-0.0408772
-0.0412098
-0.0414985
-0.0417596
-0.042011
-0.0422712
-0.0425586
-0.0428906
-0.0432833
-0.0437509
-0.0443056
-0.0449573
-0.045714
-0.0465813
-0.0475628
-0.0486598
-0.0498719
-0.0511966
-0.0526294
-0.0541642
-0.0557928
-0.0575051
-0.0592894
-0.0611318
-0.0630167
-0.0649266
-0.066842
-0.0687416
-0.0706023
-0.0723992
-0.0741055
-0.0756931
-0.0771322
-0.0783918
-0.0794397
-0.0802431
-0.0807685
-0.0809822
-0.0808511
-0.0803428
-0.0794264
-0.0780733
-0.0762582
-0.0739602
-0.0711637
-0.0678607
-0.0640517
-0.0597483
-0.0549755
-0.0497737
-0.0442016
-0.0383382
-0.0322849
-0.0261658
-0.0201275
-0.0143358
-0.00896937
-0.00421148
-0.000237213
0.00280072
0.00478644
0.00565127
0.00538374
0.00405725
0.00178501
-0.00168329
-0.00651988
-0.0405329
-0.0413684
-0.0420287
-0.0425539
-0.0430007
-0.0433694
-0.0436654
-0.0439035
-0.0441021
-0.0442815
-0.0444631
-0.0446683
-0.0449173
-0.0452286
-0.0456188
-0.046102
-0.0466896
-0.0473908
-0.0482121
-0.0491577
-0.0502295
-0.051427
-0.0527479
-0.0541876
-0.0557396
-0.0573954
-0.0591446
-0.0609749
-0.0628719
-0.0648193
-0.066799
-0.0687907
-0.0707725
-0.0727204
-0.0746086
-0.0764094
-0.0780937
-0.0796307
-0.0809881
-0.0821326
-0.0830298
-0.0836449
-0.0839426
-0.0838879
-0.0834462
-0.0825845
-0.0812717
-0.0794796
-0.077184
-0.0743659
-0.0710131
-0.0671218
-0.0626988
-0.0577639
-0.0523525
-0.0465184
-0.0403365
-0.0339054
-0.0273492
-0.0208175
-0.0144837
-0.00853953
-0.00318688
0.00137516
0.00496604
0.00744072
0.00870332
0.00872092
0.00755597
0.00531981
0.00174264
-0.00335332
-0.0430388
-0.0439278
-0.0446218
-0.0451598
-0.0456005
-0.0459431
-0.0461933
-0.0463678
-0.0464879
-0.0465773
-0.0466612
-0.0467644
-0.0469105
-0.0471212
-0.0474154
-0.0478094
-0.0483166
-0.0489471
-0.0497085
-0.0506055
-0.0516403
-0.0528127
-0.0541201
-0.0555577
-0.0571186
-0.0587939
-0.0605726
-0.0624418
-0.0643864
-0.0663896
-0.0684322
-0.0704935
-0.0725506
-0.0745785
-0.0765506
-0.0784384
-0.0802116
-0.0818384
-0.0832853
-0.0845179
-0.0855004
-0.0861964
-0.0865693
-0.086582
-0.0861984
-0.0853832
-0.0841029
-0.0823267
-0.0800273
-0.0771824
-0.073776
-0.0698002
-0.0652569
-0.060161
-0.0545424
-0.0484495
-0.0419524
-0.0351459
-0.0281522
-0.0211222
-0.0142349
-0.00769341
-0.00171703
0.00347112
0.00766125
0.0106763
0.0123888
0.0127395
0.0117756
0.00960285
0.00592912
0.000570696
-0.045606
-0.0465697
-0.0473102
-0.0478662
-0.0482998
-0.0486096
-0.0488021
-0.048897
-0.0489194
-0.0488976
-0.0488613
-0.0488397
-0.0488606
-0.0489489
-0.0491268
-0.0494128
-0.049822
-0.050366
-0.0510532
-0.0518887
-0.052875
-0.0540117
-0.055296
-0.0567228
-0.0582847
-0.059972
-0.0617732
-0.0636744
-0.0656601
-0.0677123
-0.0698113
-0.0719353
-0.0740605
-0.0761612
-0.0782097
-0.0801764
-0.0820302
-0.0837379
-0.0852652
-0.0865762
-0.0876339
-0.0884005
-0.0888378
-0.0889072
-0.0885705
-0.0877906
-0.0865318
-0.0847607
-0.0824474
-0.0795662
-0.0760978
-0.0720301
-0.0673607
-0.0620994
-0.0562708
-0.0499176
-0.0431044
-0.0359214
-0.0284873
-0.0209526
-0.0134999
-0.00634134
0.000287638
0.00614061
0.0109777
0.014587
0.0168054
0.0175422
0.0168234
0.0147454
0.0109897
0.00536582
-0.0482453
-0.0493099
-0.0501122
-0.0506917
-0.0511163
-0.0513841
-0.0515038
-0.051499
-0.0514005
-0.0512422
-0.0510594
-0.050887
-0.0507573
-0.0506995
-0.050739
-0.0508967
-0.0511897
-0.0516308
-0.0522292
-0.0529904
-0.0539167
-0.0550077
-0.05626
-0.0576679
-0.0592233
-0.0609158
-0.0627329
-0.0646599
-0.0666804
-0.0687754
-0.0709243
-0.0731044
-0.0752909
-0.077457
-0.0795741
-0.0816115
-0.083537
-0.0853164
-0.0869141
-0.0882929
-0.0894147
-0.0902402
-0.0907296
-0.0908427
-0.0905398
-0.0897815
-0.0885302
-0.0867502
-0.0844087
-0.0814776
-0.0779338
-0.0737617
-0.0689547
-0.0635178
-0.0574703
-0.0508492
-0.0437135
-0.0361474
-0.0282657
-0.0202164
-0.0121836
-0.00438662
0.00292529
0.0094834
0.0150174
0.0192785
0.0220637
0.0232447
0.022821
0.0208736
0.0170527
0.0111602
-0.0509732
-0.0521709
-0.0530532
-0.0536619
-0.0540734
-0.0542867
-0.0543137
-0.0541844
-0.0539364
-0.0536113
-0.0532515
-0.0528984
-0.05259
-0.0523599
-0.0522371
-0.0522453
-0.0524033
-0.052725
-0.0532202
-0.0538946
-0.0547502
-0.0557861
-0.0569982
-0.0583799
-0.0599222
-0.0616137
-0.063441
-0.0653883
-0.0674379
-0.06957
-0.071763
-0.0739928
-0.0762339
-0.0784582
-0.0806362
-0.082736
-0.0847242
-0.0865655
-0.0882231
-0.0896586
-0.0908325
-0.091704
-0.0922319
-0.0923744
-0.09209
-0.0913375
-0.0900771
-0.0882709
-0.0858838
-0.0828848
-0.0792477
-0.0749536
-0.0699917
-0.0643626
-0.0580806
-0.0511772
-0.0437052
-0.035743
-0.0273999
-0.0188205
-0.0101883
-0.00172726
0.00630144
0.0136085
0.0198934
0.0248689
0.0282877
0.0299782
0.029906
0.0281306
0.0242642
0.0180988
-0.0538134
-0.0551837
-0.0561677
-0.0568105
-0.0572018
-0.0573431
-0.0572517
-0.0569662
-0.056534
-0.056006
-0.0554336
-0.0548659
-0.0543472
-0.0539163
-0.053606
-0.0534425
-0.0534463
-0.0536323
-0.0540105
-0.0545864
-0.0553615
-0.0563338
-0.0574986
-0.0588479
-0.0603716
-0.0620571
-0.0638897
-0.0658524
-0.0679264
-0.0700907
-0.0723222
-0.0745961
-0.0768854
-0.0791611
-0.0813923
-0.0835462
-0.0855881
-0.0874815
-0.0891882
-0.0906688
-0.091882
-0.092786
-0.0933378
-0.093494
-0.0932114
-0.0924469
-0.0911586
-0.0893066
-0.0868533
-0.0837649
-0.0800125
-0.0755737
-0.0704341
-0.0645902
-0.0580512
-0.0508434
-0.0430135
-0.0346338
-0.0258075
-0.0166744
-0.00741602
0.00174136
0.0105271
0.0186331
0.0257295
0.0314889
0.0356166
0.0378907
0.0382353
0.03668
0.0327906
0.0263464
-0.0567992
-0.0583915
-0.059502
-0.0601824
-0.0605416
-0.0605864
-0.0603426
-0.059861
-0.0592017
-0.0584278
-0.0576013
-0.0567804
-0.0560166
-0.0553542
-0.0548296
-0.0544718
-0.0543024
-0.054337
-0.0545853
-0.0550521
-0.055738
-0.0566399
-0.0577515
-0.0590636
-0.0605645
-0.0622401
-0.0640743
-0.0660487
-0.0681431
-0.0703352
-0.0726007
-0.0749135
-0.0772452
-0.0795657
-0.0818428
-0.0840427
-0.0861292
-0.0880647
-0.0898097
-0.0913233
-0.092563
-0.0934852
-0.0940456
-0.0941991
-0.0939005
-0.093105
-0.0917686
-0.089849
-0.0873064
-0.0841043
-0.080211
-0.0756008
-0.0702559
-0.0641685
-0.0573434
-0.0498014
-0.0415836
-0.0327558
-0.0234147
-0.0136945
-0.00377299
0.00612297
0.0157156
0.0246803
0.0326587
0.0392827
0.0442058
0.0471498
0.0479876
0.0467097
0.0428238
0.0360917
-0.0599779
-0.0618529
-0.0631183
-0.0638365
-0.0641444
-0.0640583
-0.0636172
-0.0628886
-0.0619496
-0.0608782
-0.0597495
-0.0586318
-0.0575846
-0.0566578
-0.0558914
-0.0553164
-0.0549554
-0.0548238
-0.0549306
-0.0552795
-0.0558693
-0.0566955
-0.0577498
-0.0590213
-0.0604965
-0.0621597
-0.063993
-0.0659765
-0.0680884
-0.0703049
-0.0726004
-0.0749473
-0.0773161
-0.0796753
-0.0819915
-0.0842293
-0.0863517
-0.0883194
-0.0900918
-0.0916264
-0.0928794
-0.0938056
-0.094359
-0.0944928
-0.0941599
-0.0933136
-0.0919078
-0.0898977
-0.0872413
-0.0838992
-0.0798369
-0.0750254
-0.0694434
-0.063079
-0.0559325
-0.0480196
-0.0393754
-0.0300592
-0.020161
-0.00980837
0.000825705
0.0115157
0.021979
0.0318762
0.0408221
0.0484069
0.0542287
0.0579451
0.0593685
0.0584373
0.0545863
0.0475527
-0.0634156
-0.0656485
-0.0671006
-0.0678508
-0.0680768
-0.0678113
-0.067113
-0.0660726
-0.0647888
-0.0633584
-0.0618715
-0.0604081
-0.0590358
-0.0578098
-0.0567735
-0.0559591
-0.0553892
-0.0550784
-0.055034
-0.0552579
-0.0557468
-0.0564939
-0.0574887
-0.058718
-0.0601664
-0.0618161
-0.0636473
-0.0656383
-0.0677657
-0.0700041
-0.0723264
-0.0747035
-0.0771046
-0.0794967
-0.0818453
-0.0841136
-0.0862632
-0.0882535
-0.0900425
-0.0915863
-0.0928395
-0.0937554
-0.0942863
-0.0943835
-0.093998
-0.0930811
-0.0915842
-0.0894605
-0.086665
-0.0831557
-0.078895
-0.0738504
-0.0679969
-0.0613185
-0.0538108
-0.0454841
-0.0363674
-0.0265132
-0.0160043
-0.00496103
0.00644993
0.0180061
0.0294218
0.0403453
0.0503653
0.0590295
0.0658767
0.0704922
0.0726153
0.0721177
0.0683404
0.0609851
-0.0672047
-0.0698891
-0.0715616
-0.0723275
-0.0724241
-0.0719107
-0.0708752
-0.0694398
-0.0677309
-0.065868
-0.0639585
-0.0620946
-0.0603522
-0.0587911
-0.0574568
-0.0563818
-0.0555875
-0.0550866
-0.0548838
-0.0549782
-0.0553638
-0.0560307
-0.0569659
-0.0581535
-0.0595756
-0.0612122
-0.0630414
-0.0650396
-0.0671815
-0.0694401
-0.0717866
-0.0741906
-0.0766197
-0.0790396
-0.0814143
-0.0837059
-0.0858744
-0.087878
-0.0896732
-0.0912147
-0.0924555
-0.0933472
-0.0938405
-0.0938847
-0.0934288
-0.0924219
-0.0908133
-0.0885532
-0.085594
-0.0818907
-0.0774022
-0.0720925
-0.0659324
-0.0589012
-0.0509896
-0.0422019
-0.0325606
-0.0221109
-0.0109272
0.000878479
0.0131469
0.0256607
0.0381335
0.050203
0.0614329
0.0713273
0.0793603
0.0850355
0.0880046
0.088053
0.0843992
0.0766928
-0.0714755
-0.0747281
-0.0766542
-0.0774015
-0.0772951
-0.0764368
-0.0749569
-0.0730198
-0.0707867
-0.0684038
-0.0659976
-0.0636727
-0.0615122
-0.0595793
-0.05792
-0.0565652
-0.0555337
-0.0548347
-0.0544694
-0.0544328
-0.0547154
-0.0553037
-0.0561814
-0.0573298
-0.058728
-0.0603535
-0.0621821
-0.0641883
-0.0663447
-0.0686227
-0.0709917
-0.0734198
-0.0758731
-0.078316
-0.0807112
-0.0830192
-0.0851988
-0.0872069
-0.0889984
-0.0905266
-0.091743
-0.0925975
-0.0930389
-0.0930148
-0.0924721
-0.0913574
-0.0896175
-0.0872002
-0.0840545
-0.0801322
-0.0753885
-0.0697832
-0.0632824
-0.0558605
-0.047502
-0.0382046
-0.0279832
-0.0168743
-0.00494294
0.00770906
0.0209323
0.0345167
0.048178
0.0615461
0.0741605
0.0854798
0.0949075
0.101852
0.105861
0.106607
0.103145
0.0950457
-0.0764132
-0.0803795
-0.0825863
-0.0832504
-0.0828276
-0.0814865
-0.0794181
-0.076842
-0.0739626
-0.0709561
-0.0679689
-0.0651169
-0.0624884
-0.0601477
-0.0581384
-0.0564878
-0.0552099
-0.0543088
-0.0537804
-0.0536149
-0.0537981
-0.0543123
-0.0551374
-0.0562511
-0.0576296
-0.0592477
-0.0610787
-0.0630948
-0.0652667
-0.0675639
-0.0699543
-0.0724043
-0.0748787
-0.0773404
-0.0797507
-0.0820689
-0.0842524
-0.0862567
-0.0880355
-0.0895404
-0.0907214
-0.0915269
-0.0919038
-0.0917978
-0.0911536
-0.0899155
-0.0880277
-0.085435
-0.0820833
-0.0779205
-0.0728978
-0.0669703
-0.0600987
-0.0522514
-0.0434058
-0.0335517
-0.0226947
-0.010861
0.00189641
0.0154885
0.0297788
0.0445687
0.0595801
0.0744385
0.0886615
0.10166
0.112759
0.121257
0.126569
0.128224
0.125054
0.116505
-0.0822843
-0.0871452
-0.0896422
-0.0901071
-0.0891937
-0.0871735
-0.0843224
-0.0809315
-0.0772558
-0.0735041
-0.0698412
-0.0663915
-0.0632448
-0.0604622
-0.0580819
-0.0561241
-0.0545956
-0.0534932
-0.0528059
-0.0525178
-0.052609
-0.0530569
-0.0538369
-0.0549231
-0.0562883
-0.0579042
-0.0597418
-0.0617709
-0.0639603
-0.0662775
-0.0686889
-0.0711594
-0.0736522
-0.0761291
-0.0785499
-0.0808728
-0.0830537
-0.085047
-0.0868049
-0.0882778
-0.0894141
-0.0901606
-0.0904624
-0.0902633
-0.0895059
-0.0881321
-0.0860835
-0.0833016
-0.0797289
-0.0753095
-0.0699898
-0.0637197
-0.0564537
-0.048153
-0.0387866
-0.0283348
-0.0167915
-0.00416984
0.00949239
0.0241232
0.0396042
0.0557541
0.0723075
0.0888923
0.105009
0.12002
0.133161
0.143598
0.150587
0.15346
0.150735
0.141664
-0.0894806
-0.0954577
-0.0982128
-0.0982757
-0.0966036
-0.0936241
-0.0897295
-0.0852991
-0.0806449
-0.0760072
-0.0715648
-0.0674445
-0.0637314
-0.060478
-0.0577118
-0.0554424
-0.0536659
-0.0523693
-0.0515331
-0.0511338
-0.0511448
-0.0515378
-0.0522836
-0.053352
-0.0547122
-0.0563332
-0.0581832
-0.0602296
-0.0624394
-0.0647784
-0.0672113
-0.0697015
-0.072211
-0.0747002
-0.0771278
-0.0794507
-0.0816239
-0.0836003
-0.0853309
-0.0867648
-0.0878491
-0.0885291
-0.088748
-0.088448
-0.0875695
-0.086052
-0.0838344
-0.0808552
-0.0770532
-0.0723682
-0.0667415
-0.0601171
-0.0524427
-0.0436708
-0.0337609
-0.0226809
-0.010411
0.00305264
0.0176919
0.0334577
0.050257
0.0679347
0.0862493
0.104842
0.123206
0.14066
0.156342
0.169259
0.17846
0.183015
0.180993
0.171315
-0.0985921
-0.105946
-0.108837
-0.108147
-0.105304
-0.100966
-0.0956782
-0.0899244
-0.0840738
-0.0783914
-0.0730598
-0.0681983
-0.0638775
-0.0601335
-0.0569769
-0.0544012
-0.0523886
-0.0509133
-0.0499455
-0.0494525
-0.0494003
-0.0497544
-0.0504803
-0.0515436
-0.0529099
-0.054545
-0.0564147
-0.0584843
-0.0607187
-0.0630822
-0.065538
-0.0680482
-0.0705737
-0.0730736
-0.0755055
-0.0778254
-0.0799871
-0.0819425
-0.0836415
-0.0850321
-0.0860599
-0.086669
-0.0868012
-0.0863966
-0.085394
-0.0837305
-0.0813422
-0.0781647
-0.074133
-0.0691824
-0.0632489
-0.0562702
-0.0481859
-0.0389392
-0.0284778
-0.0167557
-0.00373567
0.0106072
0.0262801
0.0432642
0.0615019
0.0808776
0.101189
0.122112
0.14315
0.163593
0.182482
0.198635
0.210834
0.21779
0.216915
0.206569
-0.11054
-0.119541
-0.122258
-0.120211
-0.115562
-0.109299
-0.102156
-0.094726
-0.0874263
-0.0805283
-0.0742005
-0.0685374
-0.0635824
-0.0593439
-0.0558077
-0.0529457
-0.0507215
-0.0490941
-0.0480211
-0.0474596
-0.0473675
-0.0477037
-0.0484283
-0.0495025
-0.0508885
-0.0525492
-0.0544479
-0.0565481
-0.0588128
-0.061205
-0.0636866
-0.0662185
-0.0687606
-0.0712711
-0.0737067
-0.0760224
-0.0781712
-0.0801041
-0.0817702
-0.0831162
-0.084087
-0.0846251
-0.0846712
-0.084164
-0.0830403
-0.0812351
-0.0786822
-0.0753139
-0.0710618
-0.0658566
-0.059629
-0.0523095
-0.0438297
-0.034122
-0.0231211
-0.0107646
0.00300513
0.0182386
0.0349747
0.0532342
0.0730072
0.0942348
0.116778
0.140375
0.164578
0.188682
0.211648
0.232091
0.248454
0.25895
0.260022
0.24906
-0.126824
-0.137648
-0.139488
-0.135049
-0.127622
-0.11864
-0.109042
-0.0995143
-0.0904879
-0.0822063
-0.074793
-0.0682935
-0.0627047
-0.0579939
-0.0541126
-0.0510044
-0.0486102
-0.0468713
-0.0457311
-0.0451357
-0.0450345
-0.0453798
-0.0461263
-0.0472314
-0.0486539
-0.0503542
-0.0522935
-0.0544336
-0.0567362
-0.0591631
-0.0616751
-0.0642323
-0.0667938
-0.0693171
-0.0717581
-0.0740713
-0.0762088
-0.0781212
-0.0797566
-0.0810612
-0.0819789
-0.0824514
-0.0824181
-0.0818166
-0.0805819
-0.0786475
-0.0759448
-0.0724034
-0.0679513
-0.0625151
-0.0560199
-0.0483894
-0.0395464
-0.0294123
-0.0179076
-0.00495174
0.00953614
0.0256363
0.0434261
0.062975
0.0843357
0.107527
0.132504
0.15911
0.187003
0.21555
0.243696
0.269877
0.292131
0.30799
0.312486
0.301337
-0.150033
-0.162417
-0.161862
-0.153267
-0.1416
-0.128813
-0.116015
-0.103916
-0.0928905
-0.0830919
-0.0745509
-0.0672293
-0.061053
-0.0559326
-0.0517746
-0.0484881
-0.045988
-0.0441958
-0.0430402
-0.0424564
-0.0423853
-0.0427732
-0.0435704
-0.0447304
-0.0462097
-0.0479666
-0.0499607
-0.0521525
-0.054503
-0.0569728
-0.0595223
-0.062111
-0.0646974
-0.0672386
-0.0696902
-0.0720061
-0.0741381
-0.0760363
-0.0776483
-0.07892
-0.0797944
-0.0802128
-0.0801138
-0.0794337
-0.0781068
-0.0760648
-0.0732372
-0.0695512
-0.0649319
-0.0593018
-0.0525809
-0.0446866
-0.0355328
-0.0250299
-0.0130839
0.0004047
0.0155418
0.0324405
0.0512218
0.0720131
0.0949434
0.120132
0.147666
0.177549
0.209627
0.243455
0.278092
0.311936
0.342603
0.366771
0.377481
0.367638
-0.184896
-0.197166
-0.190985
-0.175279
-0.157238
-0.13924
-0.122387
-0.107258
-0.0940355
-0.0826825
-0.0730678
-0.0650247
-0.0583803
-0.0529716
-0.0486517
-0.0452909
-0.0427764
-0.0410101
-0.0399067
-0.0393917
-0.0393992
-0.0398705
-0.0407523
-0.041996
-0.0435562
-0.0453899
-0.0474561
-0.0497144
-0.0521255
-0.0546496
-0.0572469
-0.0598767
-0.0624973
-0.0650656
-0.0675372
-0.0698657
-0.072003
-0.0738988
-0.0755009
-0.0767544
-0.0776026
-0.0779859
-0.0778428
-0.0771089
-0.0757176
-0.0735995
-0.0706828
-0.0668927
-0.0621518
-0.0563792
-0.0494906
-0.0413973
-0.0320057
-0.0212158
-0.00891959
0.00500079
0.0206762
0.0382535
0.0578999
0.0798062
0.104189
0.131291
0.161363
0.194638
0.231256
0.271125
0.313672
0.357508
0.400153
0.437347
0.459603
0.455297
-0.240278
-0.246864
-0.228434
-0.200843
-0.173492
-0.148618
-0.126896
-0.108448
-0.0930367
-0.0802886
-0.0698227
-0.0612932
-0.0544033
-0.0489053
-0.0445951
-0.0413052
-0.0388976
-0.0372578
-0.0362899
-0.0359125
-0.0360553
-0.036657
-0.0376627
-0.0390228
-0.0406916
-0.0426259
-0.0447846
-0.0471276
-0.0496156
-0.052209
-0.0548683
-0.057553
-0.0602216
-0.0628312
-0.0653375
-0.0676945
-0.069854
-0.071766
-0.0733782
-0.074636
-0.0754826
-0.0758584
-0.0757016
-0.0749478
-0.0735298
-0.0713775
-0.0684183
-0.0645762
-0.0597718
-0.0539217
-0.0469382
-0.038728
-0.0291909
-0.0182183
-0.00569033
0.00852716
0.0245875
0.0426689
0.0629828
0.0857833
0.111379
0.140144
0.172528
0.209051
0.250263
0.296639
0.348335
0.404771
0.46403
0.521415
0.564971
0.576615
-0.333019
-0.318369
-0.275152
-0.22863
-0.188252
-0.154803
-0.127719
-0.106081
-0.088874
-0.0752001
-0.0643366
-0.0557213
-0.0489229
-0.0436115
-0.0395338
-0.0364932
-0.0343352
-0.0329361
-0.0321954
-0.0320295
-0.0323678
-0.0331492
-0.0343197
-0.0358306
-0.0376373
-0.0396975
-0.0419712
-0.0444192
-0.047003
-0.0496839
-0.0524228
-0.0551801
-0.0579147
-0.0605844
-0.0631454
-0.0655519
-0.0677564
-0.0697091
-0.0713582
-0.0726494
-0.0735261
-0.0739291
-0.0737967
-0.0730645
-0.0716654
-0.0695292
-0.0665828
-0.0627496
-0.057949
-0.0520964
-0.0451015
-0.0368681
-0.0272914
-0.0162568
-0.00363558
0.0107185
0.026976
0.0453402
0.0660587
0.08944
0.115875
0.145868
0.180072
0.219332
0.264713
0.317496
0.379054
0.450534
0.531891
0.619397
0.700969
0.751888
-0.501622
-0.419639
-0.327913
-0.253703
-0.196855
-0.15404
-0.122174
-0.0983911
-0.0804465
-0.06676
-0.0562365
-0.0481108
-0.0418449
-0.0370558
-0.0334661
-0.0308701
-0.029112
-0.0280704
-0.0276485
-0.0277671
-0.0283597
-0.029369
-0.0307444
-0.0324404
-0.0344147
-0.0366275
-0.0390406
-0.0416165
-0.044318
-0.047108
-0.0499485
-0.0528006
-0.0556244
-0.0583785
-0.0610197
-0.0635032
-0.0657819
-0.0678068
-0.0695266
-0.0708875
-0.0718336
-0.0723061
-0.0722438
-0.0715826
-0.0702558
-0.0681936
-0.0653229
-0.061567
-0.0568454
-0.0510728
-0.0441583
-0.0360041
-0.0265038
-0.0155394
-0.00297827
0.0113322
0.0275719
0.0459579
0.0667591
0.0903178
0.117081
0.147646
0.182832
0.223778
0.272089
0.330016
0.400683
0.488191
0.596498
0.726653
0.877363
1.02573
-0.850638
-0.553006
-0.361296
-0.253406
-0.183283
-0.135614
-0.103277
-0.080843
-0.0647469
-0.0528924
-0.0440131
-0.0373025
-0.0322322
-0.0284476
-0.0257025
-0.0238201
-0.0226686
-0.0221467
-0.0221735
-0.0226828
-0.0236183
-0.024931
-0.0265771
-0.0285164
-0.0307113
-0.0331256
-0.0357241
-0.0384722
-0.0413348
-0.0442767
-0.0472617
-0.0502523
-0.0532101
-0.0560948
-0.0588644
-0.0614749
-0.0638804
-0.0660328
-0.0678815
-0.0693737
-0.0704541
-0.0710648
-0.0711454
-0.0706322
-0.0694597
-0.0675584
-0.0648562
-0.0612772
-0.0567415
-0.0511646
-0.0444566
-0.0365208
-0.0272516
-0.0165327
-0.00423298
0.00979828
0.0257384
0.0438015
0.0642535
0.0874342
0.113791
0.143933
0.178716
0.219386
0.267827
0.326988
0.401674
0.499739
0.632387
0.816583
1.09968
1.50768
-1.48534
-0.683435
-0.32418
-0.193725
-0.128198
-0.0889175
-0.0651268
-0.0500088
-0.039651
-0.032167
-0.0266114
-0.0224517
-0.019366
-0.0171498
-0.0156644
-0.0148096
-0.0145092
-0.014702
-0.015337
-0.0163702
-0.0177623
-0.0194775
-0.0214821
-0.0237442
-0.0262326
-0.0289166
-0.0317654
-0.0347481
-0.0378327
-0.0409867
-0.0441763
-0.0473662
-0.0505197
-0.053598
-0.0565609
-0.0593657
-0.0619678
-0.0643202
-0.0663735
-0.068076
-0.0693734
-0.0702089
-0.0705228
-0.0702534
-0.0693352
-0.0677004
-0.065278
-0.0619935
-0.057769
-0.0525218
-0.0461647
-0.0386042
-0.029739
-0.0194585
-0.00763913
0.00585926
0.0211994
0.0385749
0.058222
0.0804377
0.105607
0.134244
0.167068
0.205124
0.250028
0.30446
0.373329
0.466404
0.603476
0.832755
1.31079
2.23472
)
;

boundaryField
{
    movingWall
    {
        type            zeroGradient;
    }
    fixedWalls
    {
        type            zeroGradient;
    }
    frontAndBack
    {
        type            empty;
    }
}


// ************************************************************************* //
