/*--------------------------------*- C++ -*----------------------------------*\
  =========                 |
  \\      /  F ield         | OpenFOAM: The Open Source CFD Toolbox
   \\    /   O peration     | Website:  https://openfoam.org
    \\  /    A nd           | Version:  dev
     \\/     M anipulation  |
\*---------------------------------------------------------------------------*/
FoamFile
{
    format      ascii;
    class       volScalarField;
    location    "31.95";
    object      Ux;
}
// * * * * * * * * * * * * * * * * * * * * * * * * * * * * * * * * * * * * * //

dimensions      [0 1 -1 0 0 0 0];

internalField   nonuniform List<scalar> 
5184
(
1.22878e-05
4.5109e-05
8.0302e-05
9.59772e-05
8.21556e-05
3.64631e-05
-4.05506e-05
-0.000146866
-0.00027969
-0.000435967
-0.000612573
-0.000806477
-0.00101481
-0.00123491
-0.00146431
-0.00170075
-0.00194218
-0.00218666
-0.00243241
-0.00267776
-0.00292109
-0.00316085
-0.0033955
-0.00362353
-0.00384339
-0.00405356
-0.00425248
-0.00443857
-0.00461026
-0.00476597
-0.00490413
-0.00502322
-0.00512179
-0.00519845
-0.00525195
-0.00528117
-0.00528516
-0.0052632
-0.00521478
-0.00513969
-0.00503797
-0.00491001
-0.00475651
-0.00457853
-0.00437746
-0.00415507
-0.00391345
-0.00365502
-0.00338251
-0.00309893
-0.00280751
-0.00251168
-0.00221502
-0.00192116
-0.0016338
-0.00135656
-0.001093
-0.000846465
-0.000620119
-0.000416809
-0.000239032
-8.88657e-05
3.21005e-05
0.000122853
0.000183059
0.000213222
0.000214929
0.000191231
0.000147158
9.08049e-05
3.6636e-05
6.23023e-06
2.08248e-05
6.55863e-05
9.46951e-05
7.28054e-05
-1.8924e-05
-0.000187307
-0.000432926
-0.000752562
-0.00114067
-0.00159047
-0.00209462
-0.00264566
-0.00323629
-0.00385952
-0.00450874
-0.00517775
-0.00586075
-0.0065523
-0.00724726
-0.00794075
-0.00862808
-0.00930468
-0.00996608
-0.0106079
-0.0112256
-0.0118149
-0.0123714
-0.0128906
-0.0133682
-0.0137998
-0.0141812
-0.0145082
-0.014777
-0.014984
-0.0151259
-0.0151997
-0.0152033
-0.0151347
-0.014993
-0.0147776
-0.014489
-0.0141284
-0.0136979
-0.0132006
-0.0126404
-0.0120222
-0.0113517
-0.0106355
-0.00988114
-0.00909657
-0.00829052
-0.00747219
-0.00665111
-0.00583701
-0.00503967
-0.00426878
-0.00353369
-0.00284334
-0.00220601
-0.00162917
-0.00111931
-0.000681713
-0.000320301
-3.73577e-05
0.000166751
0.000293947
0.00034898
0.000340121
0.000279861
0.000186056
8.63763e-05
1.96837e-05
1.76276e-05
4.1314e-05
1.95876e-05
-8.40044e-05
-0.000290251
-0.000607901
-0.00103822
-0.00157738
-0.00221823
-0.00295158
-0.00376716
-0.00465424
-0.00560211
-0.00660031
-0.00763878
-0.00870795
-0.00979876
-0.0109026
-0.0120112
-0.0131169
-0.0142119
-0.0152889
-0.0163408
-0.0173603
-0.0183403
-0.0192739
-0.020154
-0.0209736
-0.0217259
-0.0224041
-0.0230016
-0.0235121
-0.0239298
-0.024249
-0.024465
-0.0245736
-0.0245712
-0.0244555
-0.0242248
-0.023879
-0.0234187
-0.0228462
-0.0221649
-0.0213796
-0.0204967
-0.0195237
-0.0184696
-0.0173445
-0.0161599
-0.0149282
-0.0136627
-0.0123775
-0.0110871
-0.00980622
-0.00854991
-0.00733281
-0.00616918
-0.00507255
-0.00405545
-0.00312916
-0.00230343
-0.00158613
-0.000983022
-0.000497322
-0.000129346
0.000123976
0.00026974
0.000319794
0.000291273
0.000207403
0.000102454
2.49779e-05
8.83601e-06
-7.01767e-06
-0.000107586
-0.000322363
-0.000669593
-0.00115768
-0.00178738
-0.00255392
-0.00344876
-0.00446087
-0.00557776
-0.00678624
-0.00807289
-0.00942447
-0.0108281
-0.0122712
-0.0137421
-0.0152292
-0.0167217
-0.018209
-0.0196808
-0.0211273
-0.0225385
-0.023905
-0.0252172
-0.0264655
-0.0276407
-0.0287334
-0.0297345
-0.0306353
-0.031427
-0.0321015
-0.0326512
-0.0330691
-0.0333489
-0.0334853
-0.0334742
-0.0333125
-0.0329986
-0.0325321
-0.0319146
-0.031149
-0.03024
-0.0291941
-0.0280197
-0.0267266
-0.0253267
-0.0238333
-0.0222611
-0.0206263
-0.0189461
-0.0172387
-0.0155228
-0.0138176
-0.0121423
-0.0105158
-0.00895653
-0.0074819
-0.00610804
-0.00484945
-0.00371863
-0.00272568
-0.00187794
-0.00117953
-0.000630924
-0.000228419
3.64624e-05
0.000177619
0.000214776
0.000174097
9.30286e-05
2.40273e-05
-2.12612e-06
-6.72932e-05
-0.000264107
-0.000609758
-0.00111674
-0.00179127
-0.00263235
-0.00363361
-0.00478493
-0.00607358
-0.00748522
-0.0090046
-0.0106161
-0.0123042
-0.0140536
-0.0158495
-0.0176775
-0.0195237
-0.0213749
-0.023218
-0.0250404
-0.0268299
-0.0285743
-0.0302617
-0.0318804
-0.0334187
-0.0348652
-0.0362084
-0.0374373
-0.0385412
-0.0395097
-0.040333
-0.0410021
-0.0415085
-0.0418451
-0.0420056
-0.0419853
-0.0417806
-0.0413899
-0.0408132
-0.0400522
-0.0391108
-0.037995
-0.0367126
-0.0352737
-0.0336904
-0.0319768
-0.0301488
-0.0282243
-0.0262224
-0.0241637
-0.02207
-0.0199635
-0.0178672
-0.0158039
-0.0137963
-0.0118662
-0.0100344
-0.00832026
-0.00674105
-0.00531173
-0.00404443
-0.002948
-0.00202761
-0.00128418
-0.000713957
-0.000307945
-5.13735e-05
7.66369e-05
0.000103588
6.75043e-05
1.96651e-05
-1.36952e-05
-0.000132833
-0.000435819
-0.000924622
-0.00160387
-0.00247613
-0.00353757
-0.00477947
-0.00618974
-0.00775389
-0.00945576
-0.0112783
-0.013204
-0.0152154
-0.0172951
-0.0194263
-0.0215925
-0.0237777
-0.0259665
-0.0281437
-0.0302947
-0.0324049
-0.0344604
-0.036447
-0.038351
-0.0401588
-0.041857
-0.0434324
-0.0448723
-0.0461641
-0.0472961
-0.048257
-0.0490364
-0.049625
-0.0500144
-0.0501979
-0.05017
-0.0499271
-0.0494674
-0.0487909
-0.0479
-0.0467994
-0.0454957
-0.0439982
-0.0423185
-0.0404705
-0.0384702
-0.0363359
-0.034088
-0.0317482
-0.0293401
-0.0268884
-0.0244185
-0.0219566
-0.0195288
-0.0171608
-0.0148778
-0.0127035
-0.01066
-0.00876721
-0.00704245
-0.00549979
-0.00414971
-0.00299856
-0.00204812
-0.00129512
-0.000730776
-0.000340372
-0.000102943
9.14497e-06
3.24936e-05
1.36207e-05
-2.51856e-05
-0.000200009
-0.000614066
-0.00125288
-0.00211197
-0.0031892
-0.004477
-0.00596364
-0.00763464
-0.00947344
-0.0114621
-0.0135817
-0.0158131
-0.0181371
-0.0205345
-0.0229867
-0.0254755
-0.027983
-0.0304918
-0.0329851
-0.0354461
-0.0378587
-0.0402068
-0.0424747
-0.0446466
-0.0467074
-0.0486418
-0.0504351
-0.052073
-0.0535414
-0.0548273
-0.0559181
-0.0568024
-0.0574697
-0.0579111
-0.0581189
-0.0580874
-0.0578126
-0.0572925
-0.0565275
-0.0555203
-0.0542759
-0.052802
-0.0511089
-0.0492092
-0.0471185
-0.0448546
-0.0424376
-0.0398899
-0.0372358
-0.0345012
-0.0317135
-0.0289009
-0.0260924
-0.0233169
-0.0206032
-0.0179792
-0.0154715
-0.0131049
-0.0109017
-0.00888157
-0.00706056
-0.00545093
-0.00406052
-0.00289233
-0.00194408
-0.00120782
-0.000669612
-0.000309242
-9.98742e-05
-7.71935e-06
6.86027e-06
-3.63391e-05
-0.000266934
-0.000793726
-0.00158558
-0.00262835
-0.00391447
-0.00543196
-0.00716555
-0.00909791
-0.0112102
-0.0134824
-0.015894
-0.018424
-0.0210517
-0.0237564
-0.0265178
-0.0293161
-0.0321319
-0.0349462
-0.0377404
-0.0404963
-0.0431959
-0.0458217
-0.0483562
-0.0507821
-0.0530828
-0.0552414
-0.0572418
-0.0590682
-0.0607055
-0.0621391
-0.0633555
-0.0643422
-0.0650879
-0.0655829
-0.0658189
-0.0657896
-0.0654908
-0.0649205
-0.0640789
-0.0629689
-0.061596
-0.0599686
-0.0580975
-0.0559967
-0.0536827
-0.0511748
-0.0484947
-0.0456667
-0.0427171
-0.0396739
-0.0365669
-0.0334268
-0.0302851
-0.0271735
-0.0241234
-0.0211655
-0.018329
-0.0156414
-0.0131276
-0.0108095
-0.00870527
-0.00682927
-0.0051911
-0.00379534
-0.00264117
-0.001722
-0.00102526
-0.000532118
-0.000217228
-5.04662e-05
-8.49174e-08
-4.7059e-05
-0.000332626
-0.000971801
-0.00191713
-0.0031446
-0.00464086
-0.00638908
-0.00836999
-0.0105631
-0.0129469
-0.0154994
-0.0181982
-0.0210206
-0.0239443
-0.0269473
-0.0300079
-0.0331048
-0.0362172
-0.0393247
-0.0424074
-0.0454455
-0.0484197
-0.051311
-0.0541005
-0.0567697
-0.0593002
-0.0616742
-0.0638741
-0.0658828
-0.0676841
-0.0692624
-0.0706031
-0.0716927
-0.0725191
-0.0730718
-0.073342
-0.0733228
-0.0730096
-0.0724001
-0.0714946
-0.0702959
-0.0688097
-0.0670448
-0.0650125
-0.0627277
-0.0602076
-0.0574728
-0.0545464
-0.0514541
-0.0482239
-0.044886
-0.041472
-0.038015
-0.034549
-0.0311082
-0.0277266
-0.0244376
-0.0212732
-0.0182634
-0.0154357
-0.0128145
-0.0104206
-0.00827038
-0.00637565
-0.00474294
-0.0033733
-0.00226195
-0.00139817
-0.000764997
-0.000339013
-9.41877e-05
-6.94441e-06
-5.73333e-05
-0.000396602
-0.00114655
-0.00224399
-0.00365515
-0.00536072
-0.00733878
-0.00956573
-0.0120177
-0.0146704
-0.0174994
-0.0204805
-0.0235894
-0.0268023
-0.0300957
-0.0334467
-0.0368328
-0.0402319
-0.0436224
-0.0469831
-0.0502931
-0.0535319
-0.056679
-0.0597146
-0.0626187
-0.065372
-0.0679552
-0.0703497
-0.0725374
-0.0745009
-0.0762236
-0.0776899
-0.0788854
-0.0797973
-0.0804142
-0.0807266
-0.0807272
-0.0804108
-0.0797747
-0.0788188
-0.0775459
-0.0759618
-0.0740751
-0.0718978
-0.0694449
-0.0667346
-0.0637881
-0.0606297
-0.0572864
-0.0537877
-0.0501654
-0.0464534
-0.0426866
-0.0389015
-0.0351346
-0.0314228
-0.0278019
-0.0243069
-0.0209705
-0.017823
-0.0148917
-0.0121998
-0.00976647
-0.00760581
-0.00572677
-0.00413262
-0.00282082
-0.00178287
-0.00100401
-0.000463014
-0.000138067
-1.36023e-05
-6.71797e-05
-0.000458635
-0.00131697
-0.00256394
-0.00415629
-0.00606873
-0.00827411
-0.0107444
-0.0134521
-0.01637
-0.0194713
-0.0227296
-0.0261192
-0.0296147
-0.0331913
-0.0368249
-0.0404919
-0.0441691
-0.0478339
-0.051464
-0.0550375
-0.0585327
-0.0619283
-0.0652031
-0.0683363
-0.0713074
-0.0740962
-0.0766831
-0.0790488
-0.0811751
-0.0830443
-0.0846399
-0.0859468
-0.0869512
-0.0876408
-0.0880056
-0.0880374
-0.0877305
-0.0870814
-0.0860899
-0.0847582
-0.0830917
-0.0810993
-0.0787927
-0.0761872
-0.0733014
-0.0701571
-0.0667795
-0.0631965
-0.0594391
-0.0555406
-0.0515365
-0.0474641
-0.0433619
-0.0392691
-0.0352251
-0.0312687
-0.0274377
-0.0237677
-0.0202923
-0.0170416
-0.0140419
-0.0113151
-0.00887833
-0.00674316
-0.00491548
-0.00339531
-0.00217669
-0.0012473
-0.000588219
-0.000181777
-2.00322e-05
-7.66222e-05
-0.000518622
-0.00148247
-0.00287554
-0.00464547
-0.00676108
-0.00918998
-0.0118996
-0.0148588
-0.0180373
-0.0214059
-0.0249361
-0.0286004
-0.032372
-0.0362249
-0.040134
-0.0440744
-0.0480222
-0.0519538
-0.055846
-0.059676
-0.0634212
-0.0670593
-0.0705685
-0.0739268
-0.077113
-0.0801058
-0.0828848
-0.0854298
-0.0877216
-0.0897416
-0.0914726
-0.0928983
-0.0940042
-0.0947771
-0.0952062
-0.0952823
-0.094999
-0.0943522
-0.0933407
-0.0919663
-0.090234
-0.0881521
-0.0857321
-0.0829893
-0.0799424
-0.0766135
-0.0730284
-0.0692158
-0.0652079
-0.0610393
-0.0567473
-0.0523712
-0.0479518
-0.0435307
-0.0391502
-0.034852
-0.030677
-0.0266642
-0.0228505
-0.0192692
-0.01595
-0.0129183
-0.0101941
-0.00779222
-0.00572152
-0.00398487
-0.0025791
-0.00149449
-0.000714471
-0.000225319
-2.62606e-05
-8.56824e-05
-0.000576512
-0.00164267
-0.00317782
-0.00512087
-0.00743492
-0.0100825
-0.0130264
-0.0162319
-0.0196656
-0.0232957
-0.0270917
-0.0310244
-0.0350656
-0.0391881
-0.0433657
-0.0475727
-0.0517843
-0.055976
-0.060124
-0.0642047
-0.0681947
-0.0720711
-0.0758112
-0.0793923
-0.0827923
-0.0859894
-0.088962
-0.0916893
-0.0941512
-0.0963283
-0.0982023
-0.0997562
-0.100974
-0.101843
-0.10235
-0.102485
-0.102241
-0.101613
-0.100598
-0.0991986
-0.0974178
-0.0952633
-0.0927464
-0.0898818
-0.0866882
-0.0831877
-0.0794062
-0.0753735
-0.0711223
-0.0666887
-0.0621115
-0.0574321
-0.0526934
-0.0479398
-0.0432164
-0.0385681
-0.0340393
-0.0296724
-0.025508
-0.0215831
-0.0179313
-0.0145814
-0.0115572
-0.00887702
-0.00655295
-0.00459105
-0.00299117
-0.00174631
-0.000842218
-0.000268914
-3.23459e-05
-9.43754e-05
-0.000632267
-0.00179727
-0.00347003
-0.00558108
-0.00808804
-0.0109484
-0.0141207
-0.0175662
-0.0212487
-0.0251339
-0.0291892
-0.0333836
-0.0376876
-0.0420729
-0.0465122
-0.0509792
-0.0554481
-0.0598939
-0.0642921
-0.0686185
-0.0728492
-0.0769605
-0.0809292
-0.084732
-0.088346
-0.0917488
-0.0949181
-0.0978323
-0.10047
-0.102812
-0.104839
-0.106532
-0.107875
-0.108852
-0.109452
-0.109662
-0.109475
-0.108883
-0.107884
-0.106477
-0.104666
-0.102457
-0.0998607
-0.0968906
-0.093565
-0.0899061
-0.0859398
-0.0816961
-0.0772086
-0.0725145
-0.0676542
-0.0626708
-0.0576097
-0.0525181
-0.047444
-0.0424358
-0.0375414
-0.0328073
-0.028278
-0.0239948
-0.0199954
-0.0163126
-0.0129745
-0.0100029
-0.00741396
-0.00521701
-0.00341517
-0.00200428
-0.000972337
-0.000312932
-3.8366e-05
-0.000102709
-0.000685844
-0.00194604
-0.00375154
-0.00602491
-0.00871854
-0.0117851
-0.0151788
-0.0188574
-0.0227816
-0.0269146
-0.0312219
-0.0356708
-0.0402305
-0.0448715
-0.0495657
-0.0542859
-0.059006
-0.0637001
-0.0683434
-0.0729111
-0.0773788
-0.0817226
-0.0859184
-0.0899426
-0.0937718
-0.0973828
-0.100753
-0.10386
-0.106681
-0.109197
-0.111386
-0.11323
-0.114712
-0.115814
-0.116523
-0.116826
-0.116713
-0.116177
-0.115213
-0.113819
-0.111997
-0.109753
-0.107095
-0.104036
-0.100595
-0.0967913
-0.0926521
-0.0882071
-0.0834906
-0.0785406
-0.0733989
-0.0681107
-0.0627235
-0.0572874
-0.0518538
-0.0464746
-0.0412016
-0.0360858
-0.031176
-0.0265181
-0.0221543
-0.0181223
-0.0144545
-0.0111771
-0.00831026
-0.00586713
-0.00385428
-0.00227048
-0.00110601
-0.000357846
-4.44113e-05
-0.000110683
-0.000737181
-0.00208872
-0.00402173
-0.00645125
-0.00932467
-0.01259
-0.0161975
-0.0201013
-0.0242593
-0.0286322
-0.0331835
-0.0378791
-0.0426867
-0.047576
-0.0525179
-0.0574847
-0.0624496
-0.0673864
-0.0722698
-0.0770746
-0.0817762
-0.0863501
-0.0907721
-0.0950181
-0.0990642
-0.102887
-0.106462
-0.109768
-0.112781
-0.11548
-0.117844
-0.119853
-0.121487
-0.12273
-0.123566
-0.12398
-0.123962
-0.123502
-0.122594
-0.121234
-0.119422
-0.117162
-0.114463
-0.111334
-0.107794
-0.103861
-0.099562
-0.0949265
-0.0899889
-0.0847883
-0.0793675
-0.0737736
-0.0680567
-0.0622696
-0.056467
-0.0507049
-0.0450395
-0.0395261
-0.0342187
-0.0291681
-0.0244218
-0.0200225
-0.0160076
-0.0124082
-0.00924872
-0.00654669
-0.00431231
-0.00254744
-0.00124463
-0.000404198
-5.05793e-05
-0.000118292
-0.000786196
-0.00222502
-0.00427999
-0.00685901
-0.00990477
-0.0133609
-0.0171737
-0.0212941
-0.0256771
-0.0302812
-0.0350679
-0.0400016
-0.0450489
-0.0501785
-0.0553606
-0.0605668
-0.06577
-0.0709436
-0.0760619
-0.0810997
-0.086032
-0.0908341
-0.0954815
-0.0999498
-0.104215
-0.108252
-0.112039
-0.11555
-0.118764
-0.121657
-0.124207
-0.126394
-0.128197
-0.129598
-0.130578
-0.131124
-0.131221
-0.130858
-0.130028
-0.128724
-0.126945
-0.124692
-0.121972
-0.118794
-0.115172
-0.111127
-0.106683
-0.10187
-0.0967204
-0.0912755
-0.085579
-0.0796796
-0.0736297
-0.0674851
-0.0613043
-0.0551472
-0.0490746
-0.0431471
-0.0374237
-0.0319612
-0.0268125
-0.0220262
-0.017645
-0.0137055
-0.010237
-0.00726164
-0.00479356
-0.00283796
-0.00138974
-0.000452576
-5.69724e-05
-0.000125522
-0.000832785
-0.0023546
-0.00452563
-0.00724705
-0.0104571
-0.0140954
-0.0181044
-0.022432
-0.0270305
-0.0318562
-0.0368689
-0.0420315
-0.0473096
-0.0526708
-0.0580849
-0.063523
-0.0689574
-0.0743616
-0.0797095
-0.0849757
-0.0901352
-0.0951632
-0.100035
-0.104726
-0.109212
-0.113468
-0.11747
-0.121195
-0.124617
-0.127715
-0.130464
-0.132843
-0.13483
-0.136406
-0.137551
-0.138248
-0.138481
-0.138239
-0.137509
-0.136285
-0.134562
-0.13234
-0.129622
-0.126416
-0.122735
-0.118597
-0.114024
-0.109046
-0.103697
-0.0980161
-0.0920489
-0.0858454
-0.0794605
-0.072953
-0.066385
-0.0598209
-0.0533264
-0.0469675
-0.0408092
-0.0349143
-0.029342
-0.0241472
-0.0193788
-0.0150793
-0.0112835
-0.00801839
-0.00530268
-0.00314508
-0.001543
-0.000503602
-6.36956e-05
-0.000132357
-0.000876822
-0.00247711
-0.00475793
-0.00761417
-0.01098
-0.014791
-0.0189864
-0.023511
-0.0283147
-0.0333517
-0.0385801
-0.0439617
-0.0494608
-0.0550444
-0.0606816
-0.0663432
-0.0720013
-0.0776291
-0.0832005
-0.0886902
-0.094073
-0.0993241
-0.104419
-0.109333
-0.114041
-0.118519
-0.122742
-0.126685
-0.130325
-0.133637
-0.136597
-0.139183
-0.14137
-0.143138
-0.144467
-0.145336
-0.145728
-0.145629
-0.145025
-0.143906
-0.142264
-0.140098
-0.137407
-0.134198
-0.130479
-0.126269
-0.121587
-0.116461
-0.110926
-0.105019
-0.0987883
-0.0922843
-0.0855641
-0.0786896
-0.0717267
-0.0647442
-0.0578133
-0.0510058
-0.0443929
-0.0380442
-0.0320259
-0.0263997
-0.0212215
-0.0165402
-0.0123967
-0.00882365
-0.00584452
-0.00347196
-0.00170613
-0.000557918
-7.08556e-05
-0.000138773
-0.000918162
-0.00259214
-0.00497612
-0.00795913
-0.0114715
-0.0154453
-0.0198165
-0.0245272
-0.029525
-0.0347621
-0.0401953
-0.0457849
-0.0514945
-0.0572903
-0.063141
-0.069017
-0.0748903
-0.0807341
-0.0865222
-0.0922295
-0.0978308
-0.103301
-0.108617
-0.113752
-0.118684
-0.123385
-0.127833
-0.132002
-0.135867
-0.139403
-0.142586
-0.145391
-0.147794
-0.149772
-0.151303
-0.152365
-0.152939
-0.153007
-0.152553
-0.151565
-0.150032
-0.147948
-0.145311
-0.142124
-0.138394
-0.134135
-0.129365
-0.124112
-0.118406
-0.112288
-0.105803
-0.0990049
-0.0919516
-0.0847081
-0.0773441
-0.0699333
-0.0625523
-0.0552792
-0.048192
-0.0413676
-0.0348799
-0.0287981
-0.0231858
-0.018099
-0.0135857
-0.00968436
-0.00642409
-0.00382186
-0.00188088
-0.000616179
-7.85601e-05
-0.000144746
-0.000956647
-0.00269925
-0.00517935
-0.00828061
-0.0119298
-0.0160558
-0.0205916
-0.0254767
-0.0306566
-0.036082
-0.041708
-0.0474939
-0.0534024
-0.0593993
-0.0654528
-0.0715332
-0.0776123
-0.0836633
-0.0896604
-0.0955783
-0.101392
-0.107078
-0.11261
-0.117966
-0.123119
-0.128046
-0.132722
-0.13712
-0.141217
-0.144985
-0.148401
-0.151439
-0.154072
-0.156277
-0.158029
-0.159305
-0.160083
-0.160342
-0.160064
-0.159233
-0.157836
-0.155863
-0.153309
-0.150172
-0.146459
-0.142177
-0.137346
-0.131987
-0.126132
-0.119819
-0.113094
-0.106011
-0.0986292
-0.0910174
-0.0832487
-0.0754015
-0.0675581
-0.0598032
-0.0522224
-0.0449003
-0.037919
-0.0313564
-0.0252842
-0.0197667
-0.0148593
-0.0106075
-0.00704646
-0.00419808
-0.00206905
-0.000679048
-8.69175e-05
-0.000150246
-0.000992107
-0.00279798
-0.00536679
-0.00857726
-0.012353
-0.0166199
-0.0213083
-0.0263554
-0.0317048
-0.0373055
-0.0431115
-0.0490811
-0.0551761
-0.061362
-0.0676066
-0.0738801
-0.0801544
-0.0864028
-0.0925997
-0.0987201
-0.10474
-0.110634
-0.116379
-0.121951
-0.127325
-0.132476
-0.13738
-0.142012
-0.146345
-0.150353
-0.154011
-0.157292
-0.160169
-0.162616
-0.164607
-0.166117
-0.16712
-0.167595
-0.167519
-0.166873
-0.16564
-0.163808
-0.161367
-0.158312
-0.154645
-0.150371
-0.145506
-0.140068
-0.134088
-0.127601
-0.120653
-0.113298
-0.105597
-0.0976216
-0.0894475
-0.0811584
-0.0728425
-0.0645913
-0.0564983
-0.0486566
-0.0411575
-0.0340879
-0.0275289
-0.0215538
-0.0162264
-0.0116001
-0.00771675
-0.00460396
-0.00227245
-0.000747193
-9.60365e-05
-0.000155245
-0.00102437
-0.00288786
-0.00553755
-0.00884774
-0.0127392
-0.0171351
-0.0219635
-0.0271594
-0.0326647
-0.0384271
-0.0443994
-0.0505388
-0.056807
-0.0631686
-0.0695915
-0.0760458
-0.0825034
-0.088938
-0.0953241
-0.101637
-0.107853
-0.113949
-0.1199
-0.125683
-0.131273
-0.136647
-0.141779
-0.146644
-0.151217
-0.15547
-0.159377
-0.16291
-0.166043
-0.168746
-0.170992
-0.172754
-0.174005
-0.174718
-0.17487
-0.174436
-0.173398
-0.171737
-0.169441
-0.166501
-0.162913
-0.15868
-0.153813
-0.148327
-0.142249
-0.135614
-0.128465
-0.120856
-0.11285
-0.104519
-0.0959426
-0.0872094
-0.0784135
-0.0696537
-0.0610315
-0.0526494
-0.0446082
-0.0370052
-0.0299316
-0.0234707
-0.0176958
-0.012669
-0.00844002
-0.00504282
-0.00249289
-0.000821288
-0.000106027
-0.000159713
-0.00105325
-0.00296844
-0.00569079
-0.00909072
-0.0130865
-0.017599
-0.0225539
-0.0278847
-0.0335317
-0.0394411
-0.0455649
-0.0518597
-0.0582863
-0.0648094
-0.0713965
-0.0780178
-0.0846455
-0.0912534
-0.0978167
-0.104311
-0.110714
-0.117
-0.123149
-0.129135
-0.134936
-0.140527
-0.145885
-0.150982
-0.155795
-0.160295
-0.164456
-0.168249
-0.171646
-0.174617
-0.177133
-0.179165
-0.180682
-0.181656
-0.18206
-0.181867
-0.181052
-0.179595
-0.177478
-0.174687
-0.171214
-0.167058
-0.162224
-0.156725
-0.150582
-0.143829
-0.136507
-0.128667
-0.120374
-0.1117
-0.10273
-0.0935547
-0.0842751
-0.0749971
-0.0658311
-0.0568891
-0.0482826
-0.0401197
-0.0325031
-0.0255272
-0.0192758
-0.013821
-0.00922125
-0.00551796
-0.00273218
-0.000902003
-0.000117
-0.000163621
-0.0010786
-0.00303926
-0.00582568
-0.00930491
-0.0133931
-0.018009
-0.0230766
-0.0285276
-0.0343011
-0.0403422
-0.0466019
-0.0530363
-0.0596057
-0.0662746
-0.0730105
-0.0797836
-0.0865666
-0.0933336
-0.10006
-0.106723
-0.113299
-0.119765
-0.1261
-0.13228
-0.138283
-0.144085
-0.149661
-0.154987
-0.160037
-0.164785
-0.169201
-0.173258
-0.176926
-0.180174
-0.182972
-0.185288
-0.187089
-0.188346
-0.189025
-0.189098
-0.188537
-0.187316
-0.185411
-0.182806
-0.179487
-0.175447
-0.170685
-0.165211
-0.159043
-0.152207
-0.144743
-0.136702
-0.128147
-0.11915
-0.109798
-0.100188
-0.0904258
-0.0806242
-0.0709027
-0.0613836
-0.0521897
-0.0434413
-0.0352533
-0.0277324
-0.0209744
-0.0150625
-0.0100653
-0.00603263
-0.00299209
-0.000990011
-0.000129066
-0.000166941
-0.00110024
-0.00309992
-0.00594147
-0.00948917
-0.0136573
-0.018363
-0.0235287
-0.0290846
-0.0349687
-0.0411252
-0.0475043
-0.0540615
-0.0607569
-0.0675548
-0.0744227
-0.0813311
-0.0882529
-0.0951627
-0.102037
-0.108852
-0.115587
-0.122219
-0.128727
-0.135088
-0.141282
-0.147284
-0.15307
-0.158618
-0.1639
-0.16889
-0.173561
-0.177882
-0.181825
-0.185356
-0.188445
-0.191056
-0.193158
-0.194714
-0.195692
-0.196057
-0.195778
-0.194824
-0.193168
-0.190786
-0.18766
-0.183777
-0.179132
-0.173726
-0.167573
-0.160697
-0.153131
-0.144924
-0.136136
-0.126842
-0.117129
-0.107098
-0.0968584
-0.0865323
-0.0762476
-0.0661373
-0.0563364
-0.046978
-0.0381905
-0.0300945
-0.0227991
-0.0163998
-0.0109769
-0.00659
-0.0032744
-0.00108598
-0.000142339
-0.000169649
-0.00111805
-0.00315005
-0.00603751
-0.00964246
-0.0138778
-0.0186592
-0.0239077
-0.0295526
-0.0355307
-0.0417855
-0.0482665
-0.0549287
-0.0617322
-0.068641
-0.0756227
-0.0826482
-0.0896906
-0.0967253
-0.103729
-0.11068
-0.117556
-0.124337
-0.131002
-0.13753
-0.143899
-0.150088
-0.156073
-0.161831
-0.167336
-0.172562
-0.177481
-0.182064
-0.18628
-0.190098
-0.193482
-0.196398
-0.198811
-0.200684
-0.201979
-0.20266
-0.20269
-0.202035
-0.200662
-0.198542
-0.195651
-0.191969
-0.187486
-0.182196
-0.176107
-0.169236
-0.161613
-0.153282
-0.144301
-0.134742
-0.124695
-0.114262
-0.103559
-0.0927131
-0.0818625
-0.071151
-0.0607262
-0.0507354
-0.0413217
-0.0326207
-0.0247564
-0.0178386
-0.0119605
-0.00719316
-0.00358085
-0.00119059
-0.000156935
-0.000171724
-0.00113191
-0.00318936
-0.00611326
-0.00976396
-0.0140533
-0.0188959
-0.0242117
-0.029929
-0.0359838
-0.042319
-0.0488836
-0.0556322
-0.0625246
-0.0695248
-0.0766008
-0.0837235
-0.0908668
-0.0980064
-0.10512
-0.112186
-0.119184
-0.126095
-0.132898
-0.139574
-0.146101
-0.15246
-0.158628
-0.164581
-0.170296
-0.175747
-0.180906
-0.185743
-0.190229
-0.194329
-0.198011
-0.201237
-0.20397
-0.20617
-0.207799
-0.208816
-0.209181
-0.208855
-0.207799
-0.20598
-0.203366
-0.199932
-0.195659
-0.190536
-0.184563
-0.17775
-0.170122
-0.161716
-0.152587
-0.142806
-0.13246
-0.121653
-0.110505
-0.0991518
-0.0877386
-0.0764209
-0.0653595
-0.0547167
-0.0446518
-0.0353168
-0.0268523
-0.0193841
-0.0130204
-0.00784505
-0.00391313
-0.00130449
-0.00017297
-0.000173152
-0.00114174
-0.00321766
-0.00616835
-0.0098531
-0.014183
-0.0190719
-0.0244389
-0.0302117
-0.0363254
-0.0427225
-0.0493514
-0.0561667
-0.0631278
-0.0701989
-0.0773481
-0.0845468
-0.0917692
-0.0989919
-0.106193
-0.113353
-0.120451
-0.127469
-0.134388
-0.14119
-0.147855
-0.154364
-0.160694
-0.166825
-0.172733
-0.178393
-0.183777
-0.188857
-0.193603
-0.197981
-0.201956
-0.205491
-0.208548
-0.211085
-0.213061
-0.214431
-0.215153
-0.215182
-0.214477
-0.212995
-0.210702
-0.207562
-0.203551
-0.19865
-0.19285
-0.186154
-0.178578
-0.170154
-0.160931
-0.150976
-0.140374
-0.129231
-0.117668
-0.105826
-0.0938608
-0.081938
-0.0702324
-0.058922
-0.0481834
-0.0381869
-0.0290915
-0.021041
-0.0141603
-0.00854849
-0.0042729
-0.00142834
-0.000190564
-0.000173925
-0.0011475
-0.00323485
-0.00620261
-0.0099096
-0.0142665
-0.0191867
-0.0245886
-0.0303994
-0.0365538
-0.0429936
-0.049667
-0.0565283
-0.0635369
-0.0706571
-0.0778571
-0.0851088
-0.0923869
-0.0996688
-0.106933
-0.114162
-0.121335
-0.128436
-0.135447
-0.14235
-0.149128
-0.155762
-0.162232
-0.168518
-0.174597
-0.180445
-0.186037
-0.191343
-0.196335
-0.200978
-0.205239
-0.209079
-0.212458
-0.215335
-0.217666
-0.219403
-0.2205
-0.22091
-0.220585
-0.219478
-0.217546
-0.214749
-0.211053
-0.20643
-0.200863
-0.194347
-0.186888
-0.17851
-0.169256
-0.159185
-0.148381
-0.136947
-0.125007
-0.112706
-0.100207
-0.0876878
-0.0753364
-0.0633476
-0.0519166
-0.0412335
-0.0314777
-0.0228131
-0.0153838
-0.00930609
-0.00466174
-0.0015628
-0.000209838
-0.000174042
-0.00114921
-0.00324096
-0.00621611
-0.00993354
-0.0143039
-0.0192401
-0.0246606
-0.0304918
-0.0366681
-0.043131
-0.0498284
-0.0567144
-0.0637483
-0.0708945
-0.0781215
-0.0854018
-0.0927105
-0.100026
-0.107328
-0.114598
-0.121819
-0.128975
-0.136049
-0.143026
-0.149888
-0.15662
-0.163203
-0.169617
-0.175841
-0.181853
-0.187628
-0.19314
-0.198357
-0.20325
-0.207782
-0.211917
-0.215613
-0.218828
-0.221516
-0.223628
-0.225115
-0.225926
-0.226008
-0.225309
-0.223779
-0.221372
-0.218043
-0.213758
-0.208489
-0.202219
-0.194947
-0.186687
-0.177471
-0.167354
-0.156411
-0.144743
-0.132474
-0.119753
-0.106748
-0.0936493
-0.0806579
-0.067986
-0.0558484
-0.0444568
-0.0340131
-0.0247035
-0.0166939
-0.0101202
-0.00508115
-0.0017085
-0.000230917
-0.000173513
-0.00114691
-0.00323617
-0.00620917
-0.0099254
-0.0142957
-0.019233
-0.0246555
-0.0304895
-0.0366689
-0.0431349
-0.0498352
-0.0567237
-0.0637598
-0.070908
-0.0781371
-0.0854199
-0.0927325
-0.100053
-0.107364
-0.114647
-0.121886
-0.129066
-0.136173
-0.143192
-0.150108
-0.156906
-0.163569
-0.17008
-0.17642
-0.182566
-0.188497
-0.194187
-0.199606
-0.204726
-0.20951
-0.213923
-0.217924
-0.221469
-0.224512
-0.227002
-0.228889
-0.230116
-0.230627
-0.230366
-0.229276
-0.227303
-0.224395
-0.220507
-0.215601
-0.20965
-0.202641
-0.194576
-0.185477
-0.175389
-0.16438
-0.152546
-0.140008
-0.126917
-0.113446
-0.0997943
-0.0861775
-0.072825
-0.0599724
-0.0478546
-0.036698
-0.0267141
-0.018093
-0.010993
-0.00553253
-0.00186605
-0.000253926
-0.000172355
-0.00114076
-0.00322084
-0.00618245
-0.00988616
-0.0142432
-0.0191669
-0.0245752
-0.0303942
-0.0365578
-0.0430067
-0.0496885
-0.0565569
-0.0635714
-0.0706966
-0.0779016
-0.0851597
-0.0924476
-0.0997449
-0.107034
-0.114298
-0.121522
-0.128694
-0.1358
-0.142826
-0.149761
-0.15659
-0.163299
-0.169872
-0.176292
-0.182539
-0.188592
-0.194428
-0.20002
-0.205338
-0.210349
-0.215019
-0.219306
-0.223167
-0.226556
-0.229422
-0.23171
-0.233364
-0.234322
-0.234525
-0.233908
-0.232412
-0.229975
-0.226543
-0.222067
-0.216508
-0.209841
-0.202054
-0.193159
-0.183186
-0.172196
-0.160274
-0.14754
-0.13414
-0.120254
-0.106087
-0.0918694
-0.0778473
-0.0642783
-0.0514219
-0.0395313
-0.0288457
-0.0195827
-0.0119263
-0.00601715
-0.00203605
-0.000278995
-0.000170601
-0.00113093
-0.00319549
-0.00613692
-0.0098173
-0.0141486
-0.0190443
-0.0244225
-0.0302092
-0.0363381
-0.0427497
-0.0493913
-0.0562166
-0.063185
-0.0702613
-0.077415
-0.0846199
-0.0918532
-0.0990956
-0.10633
-0.113542
-0.120717
-0.127845
-0.134913
-0.14191
-0.148825
-0.155647
-0.162363
-0.168959
-0.17542
-0.181729
-0.187867
-0.193813
-0.199541
-0.205024
-0.210232
-0.21513
-0.219679
-0.223837
-0.227557
-0.230787
-0.233474
-0.235557
-0.236975
-0.23766
-0.237546
-0.236563
-0.234645
-0.231726
-0.227747
-0.222655
-0.216412
-0.208993
-0.200393
-0.190631
-0.179752
-0.167834
-0.154986
-0.141353
-0.127114
-0.112483
-0.0977007
-0.0830302
-0.0687515
-0.0551504
-0.0425093
-0.0310976
-0.021164
-0.0129214
-0.00653615
-0.00221907
-0.000306252
-0.000168293
-0.0011177
-0.0031609
-0.00607398
-0.00972091
-0.0140145
-0.0188686
-0.0242015
-0.0299391
-0.0360148
-0.042369
-0.0489487
-0.0557075
-0.0626049
-0.0696058
-0.0766801
-0.083802
-0.0909497
-0.0981045
-0.105251
-0.112375
-0.119464
-0.12651
-0.133501
-0.140428
-0.147283
-0.154055
-0.160736
-0.167312
-0.173772
-0.1801
-0.186281
-0.192295
-0.19812
-0.20373
-0.209098
-0.21419
-0.21897
-0.223398
-0.227426
-0.231005
-0.23408
-0.236589
-0.238469
-0.239651
-0.240061
-0.239625
-0.238269
-0.235916
-0.232497
-0.227947
-0.222212
-0.215252
-0.207046
-0.197595
-0.186932
-0.175118
-0.162253
-0.148475
-0.133962
-0.11893
-0.103631
-0.0883445
-0.0733726
-0.0590286
-0.0456259
-0.0334679
-0.022837
-0.0139792
-0.00709048
-0.00241562
-0.000335828
-0.000165491
-0.00110146
-0.00311803
-0.00599543
-0.00959976
-0.0138446
-0.0186445
-0.0239177
-0.0295901
-0.0355947
-0.0418717
-0.048368
-0.0550369
-0.0618381
-0.0687365
-0.0757024
-0.0827107
-0.0897403
-0.0967735
-0.103796
-0.110794
-0.11776
-0.124683
-0.131555
-0.13837
-0.145121
-0.1518
-0.158399
-0.16491
-0.171322
-0.177624
-0.183801
-0.189838
-0.195714
-0.201407
-0.206893
-0.21214
-0.217115
-0.221778
-0.226086
-0.22999
-0.233434
-0.236359
-0.238699
-0.240381
-0.241331
-0.241468
-0.240709
-0.238972
-0.236174
-0.232237
-0.227093
-0.220685
-0.212974
-0.203944
-0.193607
-0.18201
-0.169237
-0.155416
-0.14072
-0.125366
-0.109612
-0.0937546
-0.078117
-0.0630407
-0.0488726
-0.0359524
-0.0246007
-0.0151002
-0.00768087
-0.00262619
-0.000367854
-0.000162269
-0.00108264
-0.00306816
-0.00590359
-0.00945733
-0.0136439
-0.0183781
-0.0235783
-0.0291702
-0.0350866
-0.0412673
-0.0476589
-0.0542147
-0.0608941
-0.0676626
-0.0744907
-0.081354
-0.088232
-0.0951083
-0.101969
-0.108804
-0.115605
-0.122363
-0.129074
-0.135732
-0.142333
-0.148871
-0.155341
-0.161738
-0.168053
-0.174278
-0.180402
-0.186411
-0.192289
-0.198018
-0.203574
-0.208931
-0.214058
-0.218918
-0.22347
-0.227667
-0.231456
-0.234777
-0.237565
-0.239746
-0.241242
-0.241968
-0.241837
-0.240756
-0.238633
-0.235378
-0.230906
-0.225143
-0.218032
-0.209534
-0.199643
-0.188383
-0.175823
-0.162075
-0.147302
-0.131718
-0.115587
-0.0992179
-0.0829544
-0.0671671
-0.0522377
-0.0385454
-0.0264529
-0.0162842
-0.00830783
-0.00285119
-0.00040246
-0.000158717
-0.00106184
-0.00301283
-0.00580128
-0.00929792
-0.013418
-0.0180766
-0.023192
-0.0286895
-0.0345016
-0.0405677
-0.0468339
-0.0532535
-0.0597859
-0.0663967
-0.0730571
-0.0797431
-0.0864353
-0.0931183
-0.09978
-0.106411
-0.113004
-0.119555
-0.126059
-0.132513
-0.138916
-0.145264
-0.151556
-0.157787
-0.163953
-0.170048
-0.176066
-0.181995
-0.187823
-0.193534
-0.19911
-0.204527
-0.209758
-0.214769
-0.219523
-0.223976
-0.228076
-0.231766
-0.234982
-0.237649
-0.239689
-0.241014
-0.241531
-0.241139
-0.239739
-0.237226
-0.233502
-0.228475
-0.222066
-0.214217
-0.204894
-0.194103
-0.181886
-0.168339
-0.15361
-0.137906
-0.121492
-0.104684
-0.0878486
-0.0713831
-0.055706
-0.0412388
-0.0283901
-0.0175304
-0.0089716
-0.00309099
-0.000439774
-0.000154947
-0.00103973
-0.00295389
-0.00569192
-0.00912674
-0.0131741
-0.017749
-0.0227694
-0.0281603
-0.0338533
-0.0397873
-0.0459082
-0.052169
-0.0585292
-0.0649546
-0.0714169
-0.077893
-0.0843644
-0.090817
-0.09724
-0.103626
-0.109969
-0.116267
-0.122517
-0.12872
-0.134875
-0.140983
-0.147043
-0.153055
-0.159019
-0.16493
-0.170786
-0.176579
-0.182301
-0.18794
-0.19348
-0.198903
-0.204185
-0.209297
-0.214205
-0.218868
-0.223239
-0.227264
-0.230879
-0.234012
-0.236584
-0.238506
-0.23968
-0.240002
-0.239362
-0.237645
-0.234739
-0.230532
-0.224927
-0.21784
-0.209214
-0.199025
-0.187293
-0.174087
-0.159538
-0.143839
-0.127251
-0.110096
-0.0927571
-0.0756596
-0.0592591
-0.0440222
-0.0304076
-0.0188371
-0.00967212
-0.00334587
-0.000479922
-0.000151091
-0.00101714
-0.00289359
-0.00557962
-0.00895
-0.0129205
-0.0174059
-0.0223234
-0.027597
-0.0331576
-0.0389436
-0.0449002
-0.0509803
-0.0571433
-0.0633556
-0.0695894
-0.0758225
-0.0820375
-0.0882217
-0.0943659
-0.100464
-0.106513
-0.112512
-0.118462
-0.124364
-0.13022
-0.136035
-0.141811
-0.14755
-0.153255
-0.158927
-0.164563
-0.170163
-0.175721
-0.181229
-0.186675
-0.192047
-0.197323
-0.202481
-0.207489
-0.212313
-0.216909
-0.221225
-0.225202
-0.228771
-0.231854
-0.23436
-0.236191
-0.237239
-0.237386
-0.236508
-0.234478
-0.23117
-0.226464
-0.220252
-0.21245
-0.203005
-0.191904
-0.179192
-0.164971
-0.149418
-0.132782
-0.115388
-0.0976308
-0.0799621
-0.0628748
-0.0468828
-0.032499
-0.0202021
-0.010409
-0.00361604
-0.000523029
-0.000147305
-0.000995047
-0.00283456
-0.0054692
-0.00877501
-0.0126673
-0.0170598
-0.0218687
-0.0270166
-0.0324336
-0.0380569
-0.0438313
-0.0497094
-0.055651
-0.0616226
-0.0675973
-0.0735539
-0.0794765
-0.0853538
-0.0911784
-0.0969464
-0.102657
-0.10831
-0.11391
-0.119461
-0.124968
-0.130437
-0.135875
-0.141286
-0.146676
-0.15205
-0.15741
-0.162757
-0.168091
-0.173408
-0.178701
-0.183961
-0.189172
-0.194316
-0.199368
-0.204296
-0.209063
-0.213621
-0.217916
-0.221881
-0.225442
-0.22851
-0.230986
-0.23276
-0.233709
-0.233701
-0.232597
-0.230256
-0.226536
-0.221306
-0.214453
-0.205891
-0.195576
-0.183516
-0.169785
-0.154533
-0.137994
-0.120486
-0.102414
-0.0842509
-0.0665269
-0.0498051
-0.0346565
-0.0216222
-0.0111815
-0.00390162
-0.000569215
-0.000143775
-0.000974603
-0.0027799
-0.00536635
-0.00861039
-0.012426
-0.0167254
-0.0214228
-0.0264392
-0.0317031
-0.0371508
-0.0427264
-0.0483823
-0.0540783
-0.0597819
-0.0654669
-0.0711135
-0.0767073
-0.0822387
-0.0877023
-0.0930963
-0.098422
-0.103683
-0.108885
-0.114034
-0.11914
-0.124211
-0.129255
-0.134283
-0.139302
-0.14432
-0.149345
-0.15438
-0.15943
-0.164495
-0.169573
-0.174659
-0.179743
-0.184812
-0.189845
-0.194818
-0.199697
-0.204442
-0.209002
-0.213317
-0.217315
-0.220911
-0.224008
-0.226495
-0.228247
-0.229127
-0.228985
-0.227665
-0.225008
-0.220859
-0.215074
-0.207535
-0.19816
-0.186919
-0.17385
-0.15907
-0.142788
-0.125311
-0.107044
-0.0884808
-0.0701853
-0.0527708
-0.0368703
-0.0230934
-0.0119887
-0.00420268
-0.000618602
-0.000140717
-0.000957156
-0.00273326
-0.00527771
-0.00846616
-0.0122103
-0.0164196
-0.0210057
-0.0258875
-0.0309913
-0.0362523
-0.0416138
-0.0470281
-0.0524553
-0.0578636
-0.0632282
-0.0685309
-0.0737589
-0.078905
-0.0839658
-0.088942
-0.0938373
-0.0986579
-0.103412
-0.10811
-0.112763
-0.117382
-0.121979
-0.126568
-0.13116
-0.135766
-0.140396
-0.145061
-0.149766
-0.154518
-0.159319
-0.164169
-0.169062
-0.173992
-0.178943
-0.183897
-0.188826
-0.193696
-0.198462
-0.203071
-0.207455
-0.211536
-0.215218
-0.218394
-0.220937
-0.222707
-0.223547
-0.223291
-0.221761
-0.218778
-0.214173
-0.20779
-0.199509
-0.189258
-0.177031
-0.162905
-0.147057
-0.129773
-0.111453
-0.0926012
-0.0738155
-0.0557589
-0.0391294
-0.0246109
-0.0128291
-0.00451918
-0.00067131
-0.000138387
-0.000944295
-0.00269891
-0.00521107
-0.00835403
-0.0120358
-0.016162
-0.0206407
-0.0253876
-0.030327
-0.0353921
-0.0405256
-0.0456797
-0.0508152
-0.0559012
-0.0609146
-0.0658391
-0.0706642
-0.0753848
-0.0800005
-0.0845144
-0.0889331
-0.0932657
-0.0975234
-0.101719
-0.105867
-0.109982
-0.114079
-0.118174
-0.122283
-0.12642
-0.130599
-0.134834
-0.139136
-0.143514
-0.147976
-0.152526
-0.157166
-0.161891
-0.166695
-0.171564
-0.176477
-0.181407
-0.186316
-0.191156
-0.195869
-0.20038
-0.204601
-0.208427
-0.211735
-0.214383
-0.216211
-0.217042
-0.216686
-0.214944
-0.211617
-0.206516
-0.199479
-0.190389
-0.179189
-0.16591
-0.150688
-0.133778
-0.115563
-0.0965559
-0.0773792
-0.0587456
-0.0414209
-0.026169
-0.013701
-0.00485107
-0.000727466
-0.000137087
-0.000937892
-0.00268188
-0.00517553
-0.00828761
-0.0119207
-0.0159751
-0.0203541
-0.0249694
-0.0297424
-0.0346044
-0.0394975
-0.0443737
-0.0491948
-0.0539314
-0.0585625
-0.063074
-0.0674581
-0.0717128
-0.0758404
-0.0798472
-0.0837428
-0.0875394
-0.0912514
-0.0948947
-0.0984866
-0.102045
-0.105589
-0.109137
-0.112709
-0.116322
-0.119994
-0.123742
-0.127581
-0.131526
-0.135589
-0.139778
-0.144099
-0.148556
-0.153147
-0.157863
-0.162692
-0.167613
-0.172596
-0.177601
-0.182576
-0.187456
-0.192158
-0.196585
-0.200617
-0.204116
-0.20692
-0.208847
-0.209696
-0.209251
-0.207286
-0.20358
-0.19793
-0.190167
-0.180183
-0.167954
-0.153563
-0.137223
-0.119295
-0.100283
-0.0808337
-0.0617043
-0.0437303
-0.0277614
-0.0146026
-0.00519824
-0.000787208
-0.000137179
-0.000940166
-0.00268807
-0.00518175
-0.00828277
-0.0118862
-0.0158849
-0.0201762
-0.0246666
-0.029274
-0.0339277
-0.0385689
-0.04315
-0.0476341
-0.0519939
-0.0562108
-0.0602737
-0.0641782
-0.0679255
-0.0715213
-0.0749755
-0.0783011
-0.0815136
-0.0846308
-0.0876719
-0.0906574
-0.0936088
-0.0965478
-0.0994968
-0.102478
-0.105513
-0.108623
-0.111828
-0.115149
-0.118604
-0.122207
-0.125975
-0.129916
-0.134041
-0.138352
-0.142849
-0.147525
-0.152367
-0.157352
-0.162449
-0.167616
-0.172794
-0.177911
-0.182878
-0.187581
-0.191888
-0.19564
-0.198653
-0.200719
-0.201608
-0.201073
-0.198861
-0.194727
-0.188453
-0.179873
-0.1689
-0.155556
-0.140002
-0.122559
-0.103717
-0.0841324
-0.0646057
-0.0460417
-0.029381
-0.0155319
-0.00556062
-0.000850691
-0.000139097
-0.000953761
-0.00272451
-0.00524231
-0.00835808
-0.0119566
-0.0159213
-0.0201413
-0.0245171
-0.0289623
-0.0334041
-0.0377829
-0.0420519
-0.0461759
-0.0501305
-0.0539002
-0.0574778
-0.0608626
-0.0640598
-0.0670793
-0.0699346
-0.0726427
-0.0752227
-0.0776961
-0.0800854
-0.0824147
-0.0847085
-0.0869921
-0.0892908
-0.0916301
-0.0940352
-0.0965308
-0.099141
-0.101889
-0.104797
-0.107885
-0.111171
-0.114673
-0.118402
-0.12237
-0.12658
-0.131034
-0.135725
-0.140639
-0.145755
-0.151036
-0.156438
-0.161897
-0.167332
-0.172642
-0.177701
-0.182356
-0.186427
-0.189702
-0.191942
-0.192884
-0.192247
-0.189745
-0.185112
-0.178119
-0.168611
-0.15654
-0.142
-0.125261
-0.106784
-0.0872244
-0.0674179
-0.0483378
-0.0310205
-0.0164868
-0.00593823
-0.000918108
-0.000143368
-0.000981855
-0.00279955
-0.00537206
-0.00853528
-0.0121603
-0.0161183
-0.0202884
-0.0245635
-0.0288525
-0.03308
-0.0371861
-0.0411253
-0.0448651
-0.0483845
-0.0516725
-0.054726
-0.0575493
-0.0601522
-0.0625491
-0.0647581
-0.0668004
-0.0686991
-0.0704794
-0.0721677
-0.0737914
-0.0753783
-0.0769571
-0.0785561
-0.0802041
-0.0819295
-0.0837602
-0.0857237
-0.0878466
-0.0901547
-0.0926723
-0.0954222
-0.098425
-0.101699
-0.10526
-0.109118
-0.113281
-0.117751
-0.122521
-0.127577
-0.132896
-0.138441
-0.144161
-0.149986
-0.155827
-0.161569
-0.167068
-0.172151
-0.176609
-0.180198
-0.182643
-0.18364
-0.18287
-0.180014
-0.174783
-0.166948
-0.156382
-0.143099
-0.127303
-0.109407
-0.0900549
-0.0701064
-0.0506004
-0.0326723
-0.0174655
-0.00633126
-0.000989702
-0.000150639
-0.0010283
-0.00292323
-0.00558866
-0.00883991
-0.0125303
-0.0165154
-0.0206617
-0.0248534
-0.0289938
-0.0330051
-0.0368277
-0.0404181
-0.0437474
-0.0467995
-0.0495682
-0.0520565
-0.0542739
-0.0562359
-0.0579621
-0.0594758
-0.0608026
-0.0619703
-0.063008
-0.0639459
-0.0648149
-0.0656464
-0.066472
-0.0673233
-0.0682321
-0.0692296
-0.0703471
-0.071615
-0.0730632
-0.074721
-0.0766162
-0.0787756
-0.0812242
-0.083985
-0.0870783
-0.0905214
-0.0943277
-0.0985056
-0.103058
-0.107979
-0.113255
-0.118861
-0.124758
-0.130888
-0.137177
-0.143521
-0.149792
-0.155825
-0.16142
-0.166334
-0.170287
-0.172957
-0.173994
-0.173036
-0.169731
-0.163773
-0.154946
-0.143175
-0.128577
-0.111503
-0.0925648
-0.0726345
-0.05281
-0.0343289
-0.0184665
-0.00674019
-0.0010658
-0.000161715
-0.0010978
-0.00310768
-0.0059132
-0.00930216
-0.0131049
-0.0171574
-0.021311
-0.0254394
-0.02944
-0.0332328
-0.0367592
-0.039979
-0.0428683
-0.0454169
-0.0476254
-0.0495033
-0.051067
-0.0523384
-0.0533432
-0.0541102
-0.0546703
-0.0550559
-0.0553006
-0.0554384
-0.0555039
-0.0555317
-0.0555566
-0.0556133
-0.0557363
-0.0559598
-0.0563176
-0.0568433
-0.0575697
-0.0585289
-0.0597524
-0.0612704
-0.0631119
-0.0653042
-0.0678724
-0.0708394
-0.0742245
-0.0780431
-0.0823056
-0.0870159
-0.09217
-0.0977536
-0.10374
-0.110087
-0.116733
-0.123592
-0.13055
-0.137458
-0.144126
-0.150323
-0.155765
-0.160123
-0.163023
-0.164064
-0.162832
-0.158946
-0.152094
-0.142097
-0.128972
-0.112983
-0.0946907
-0.0749626
-0.0549469
-0.0359831
-0.0194892
-0.00716598
-0.00114683
-0.000177608
-0.00119617
-0.00336764
-0.00637104
-0.0099577
-0.0139288
-0.0180959
-0.0222921
-0.0263793
-0.0302485
-0.0338184
-0.0370324
-0.0398554
-0.0422701
-0.0442739
-0.0458758
-0.0470933
-0.0479508
-0.0484777
-0.0487066
-0.0486726
-0.0484122
-0.0479629
-0.0473628
-0.04665
-0.0458626
-0.0450387
-0.0442161
-0.0434322
-0.0427242
-0.0421288
-0.0416826
-0.0414215
-0.041381
-0.0415961
-0.0421012
-0.0429297
-0.0441141
-0.0456857
-0.0476742
-0.0501073
-0.0530101
-0.0564045
-0.0603084
-0.0647344
-0.0696881
-0.0751668
-0.0811565
-0.0876293
-0.0945394
-0.101819
-0.10937
-0.117065
-0.124729
-0.132145
-0.139037
-0.145075
-0.149869
-0.152986
-0.153958
-0.152327
-0.147681
-0.139729
-0.128366
-0.113749
-0.0963634
-0.0770488
-0.0569906
-0.037629
-0.0205341
-0.00761028
-0.00123342
-0.000199605
-0.00133063
-0.00372123
-0.00699274
-0.0108489
-0.0150538
-0.0193894
-0.0236671
-0.0277354
-0.0314795
-0.0348176
-0.0376973
-0.0400904
-0.0419885
-0.043399
-0.0443406
-0.0448409
-0.0449338
-0.0446569
-0.0440507
-0.0431573
-0.0420194
-0.0406798
-0.0391812
-0.0375659
-0.0358757
-0.0341518
-0.0324348
-0.0307649
-0.0291816
-0.027724
-0.0264308
-0.0253402
-0.0244901
-0.0239179
-0.0236605
-0.0237542
-0.0242347
-0.0251368
-0.0264941
-0.028339
-0.030702
-0.0336109
-0.0370907
-0.0411621
-0.0458404
-0.0511339
-0.0570413
-0.0635494
-0.0706289
-0.0782302
-0.0862773
-0.0946609
-0.103231
-0.111787
-0.12007
-0.127756
-0.134451
-0.139697
-0.142982
-0.143772
-0.141559
-0.135926
-0.12663
-0.113698
-0.0975076
-0.0788473
-0.0589204
-0.0392618
-0.0216035
-0.00807576
-0.00132642
-0.000229361
-0.00151027
-0.00419077
-0.00781538
-0.012026
-0.0165404
-0.0211042
-0.0255039
-0.0295738
-0.0331937
-0.0362837
-0.038798
-0.0407182
-0.0420477
-0.042806
-0.0430244
-0.0427421
-0.0420037
-0.0408567
-0.0393504
-0.0375342
-0.0354575
-0.0331687
-0.0307153
-0.0281438
-0.0254995
-0.0228266
-0.0201683
-0.0175673
-0.0150651
-0.0127029
-0.0105213
-0.00856043
-0.00686007
-0.00545968
-0.00439839
-0.00371501
-0.00344793
-0.00363507
-0.0043137
-0.00552023
-0.00728989
-0.0096563
-0.0126509
-0.0163021
-0.0206343
-0.0256664
-0.0314095
-0.0378651
-0.0450206
-0.0528456
-0.0612859
-0.0702561
-0.0796309
-0.0892349
-0.0988316
-0.108113
-0.11669
-0.124093
-0.129774
-0.133135
-0.13357
-0.13053
-0.123621
-0.112711
-0.0980391
-0.0803083
-0.0607149
-0.0408789
-0.0227021
-0.00856652
-0.00142703
-0.000269033
-0.0017466
-0.00480401
-0.00888408
-0.0135487
-0.018458
-0.0233142
-0.0278754
-0.0319614
-0.0354489
-0.0382627
-0.0403671
-0.0417574
-0.0424523
-0.0424865
-0.0419062
-0.0407645
-0.0391183
-0.0370263
-0.0345472
-0.0317385
-0.0286565
-0.0253555
-0.0218878
-0.0183039
-0.0146524
-0.0109804
-0.00733356
-0.00375638
-0.000292376
0.00301568
0.00612565
0.00899585
0.0115849
0.0138517
0.0157553
0.0172547
0.0183094
0.0188786
0.018922
0.0183995
0.0172715
0.0154994
0.0130455
0.00987446
0.00595333
0.00125324
-0.00424907
-0.010569
-0.0177107
-0.0256635
-0.0343953
-0.0438464
-0.0539194
-0.0644686
-0.0752864
-0.0860897
-0.0965065
-0.106067
-0.114203
-0.120261
-0.123543
-0.12337
-0.11918
-0.110655
-0.0978617
-0.0813753
-0.0623521
-0.0424802
-0.0238382
-0.00908871
-0.00153698
-0.000321468
-0.00205439
-0.00559566
-0.0102538
-0.0154879
-0.0208863
-0.0261003
-0.0308569
-0.0349626
-0.038294
-0.0407854
-0.0424164
-0.0432008
-0.0431764
-0.0423972
-0.0409269
-0.0388349
-0.0361921
-0.0330694
-0.0295356
-0.0256572
-0.0214973
-0.0171161
-0.0125707
-0.00791537
-0.00320176
0.00152053
0.00620381
0.0108019
0.0152699
0.0195638
0.0236403
0.0274565
0.03097
0.0341382
0.0369189
0.0392695
0.0411474
0.0425097
0.0433132
0.0435147
0.0430707
0.0419381
0.0400738
0.0374359
0.0339835
0.0296784
0.0244862
0.018378
0.0113333
0.00334397
-0.00558099
-0.0154081
-0.0260701
-0.0374546
-0.0493888
-0.0616234
-0.0738143
-0.0855068
-0.0961262
-0.104982
-0.111294
-0.114255
-0.113125
-0.107377
-0.0968622
-0.0819819
-0.0638073
-0.0440689
-0.0250244
-0.00965131
-0.00165869
-0.000390473
-0.00245273
-0.00660943
-0.0119919
-0.0179268
-0.0239149
-0.0295484
-0.0345219
-0.0386315
-0.0417596
-0.0438567
-0.0449244
-0.0450007
-0.0441482
-0.0424438
-0.0399725
-0.0368218
-0.0330784
-0.0288265
-0.0241458
-0.0191116
-0.0137942
-0.00825943
-0.00256885
0.00321986
0.0090523
0.0148769
0.0206444
0.0263075
0.0318202
0.0371377
0.0422161
0.0470118
0.0514816
0.0555821
0.05927
0.0625015
0.0652325
0.0674183
0.0690134
0.0699718
0.0702468
0.0697911
0.0685568
0.0664961
0.063561
0.0597049
0.0548826
0.0490529
0.04218
0.0342371
0.0252112
0.0151089
0.00396629
-0.00814012
-0.0210775
-0.0346378
-0.0485161
-0.0622879
-0.0753902
-0.0871131
-0.0966137
-0.102963
-0.105243
-0.102691
-0.0949027
-0.0820466
-0.0650516
-0.0456516
-0.0262796
-0.0102674
-0.00179568
-0.000481231
-0.00296663
-0.00790074
-0.0141805
-0.0209629
-0.0276422
-0.0337447
-0.0389333
-0.0430005
-0.0458431
-0.0474374
-0.0478156
-0.0470478
-0.0452269
-0.0424579
-0.0388499
-0.0345111
-0.0295457
-0.0240515
-0.0181196
-0.0118342
-0.00527242
0.0014946
0.00840144
0.0153875
0.0223964
0.029375
0.0362733
0.043043
0.0496381
0.0560134
0.0621247
0.0679283
0.0733806
0.078438
0.0830564
0.0871914
0.0907977
0.0938292
0.0962386
0.0979777
0.0989969
0.0992454
0.0986711
0.0972208
0.0948405
0.0914756
0.0870717
0.0815758
0.0749382
0.0671145
0.0580705
0.0477868
0.0362679
0.0235529
0.00973126
-0.00503705
-0.0204967
-0.0362683
-0.0518203
-0.0664467
-0.079264
-0.0892407
-0.0952808
-0.0963726
-0.0918098
-0.0814639
-0.0660469
-0.047238
-0.0276311
-0.0109558
-0.00195303
-0.00060094
-0.00362935
-0.00954041
-0.01692
-0.0247078
-0.0321716
-0.0387666
-0.0441299
-0.0480613
-0.0504859
-0.0514182
-0.0509327
-0.0491404
-0.0461717
-0.0421644
-0.0372551
-0.0315748
-0.0252458
-0.0183805
-0.011081
-0.00343984
0.00445953
0.0125416
0.0207378
0.0289856
0.0372272
0.045409
0.0534806
0.0613941
0.0691034
0.0765639
0.0837318
0.0905636
0.097016
0.103046
0.108608
0.113659
0.118152
0.12204
0.125275
0.127806
0.129582
0.130549
0.130652
0.129832
0.12803
0.125185
0.121234
0.116113
0.109761
0.102117
0.0931258
0.0827446
0.0709467
0.0577334
0.0431488
0.0272996
0.0103826
-0.00728265
-0.0252166
-0.0427434
-0.0589679
-0.0727829
-0.0829295
-0.0881371
-0.0873578
-0.0800911
-0.066738
-0.0488394
-0.0291164
-0.0117439
-0.0021383
-0.000759862
-0.0044859
-0.0116197
-0.0203321
-0.0292863
-0.037603
-0.0446668
-0.0501022
-0.0537351
-0.0555379
-0.055581
-0.0539948
-0.0509421
-0.0465982
-0.0411384
-0.0347302
-0.0275284
-0.019674
-0.0112933
-0.00249879
0.00660973
0.0159438
0.0254246
0.0349819
0.0445522
0.0540776
0.0635049
0.0727845
0.0818694
0.0907146
0.0992767
0.107513
0.115381
0.122838
0.129841
0.136347
0.142311
0.147687
0.152427
0.156483
0.159802
0.162332
0.164016
0.164796
0.164609
0.163393
0.16108
0.1576
0.15288
0.146847
0.139427
0.130547
0.120141
0.108152
0.0945453
0.079319
0.0625236
0.0442898
0.0248642
0.00465379
-0.0157245
-0.0353997
-0.053225
-0.0678073
-0.0776217
-0.0812459
-0.0777274
-0.0670393
-0.050465
-0.030787
-0.0126713
-0.00236289
-0.000973101
-0.0055985
-0.014257
-0.0245631
-0.0348304
-0.0440157
-0.0514449
-0.0567545
-0.0598255
-0.060705
-0.0595415
-0.0565382
-0.0519214
-0.0459189
-0.0387478
-0.0306078
-0.0216783
-0.0121178
-0.00206536
0.00835818
0.0190477
0.0299116
0.0408699
0.0518521
0.0627956
0.0736439
0.0843455
0.0948528
0.105121
0.115107
0.124769
0.134067
0.14296
0.151407
0.159366
0.166795
0.173649
0.179884
0.185452
0.190303
0.194385
0.197645
0.200023
0.201459
0.20189
0.201247
0.199458
0.196448
0.192136
0.18644
0.179272
0.170546
0.160173
0.148071
0.134169
0.118422
0.100821
0.0814275
0.0604033
0.0380636
0.0149363
-0.00817244
-0.0301243
-0.0494365
-0.064355
-0.0730647
-0.0740819
-0.0668114
-0.0521119
-0.0327106
-0.0137965
-0.00264457
-0.00126378
-0.00705533
-0.0176075
-0.0297845
-0.0414645
-0.0514365
-0.0589981
-0.0638411
-0.0659453
-0.0654691
-0.0626668
-0.0578336
-0.0512707
-0.0432649
-0.0340776
-0.0239407
-0.013056
-0.00159721
0.0102873
0.0224714
0.0348477
0.0473246
0.0598235
0.0722763
0.0846233
0.0968113
0.108792
0.120522
0.13196
0.143065
0.1538
0.164126
0.174005
0.183399
0.192268
0.200572
0.208267
0.21531
0.221653
0.227247
0.232042
0.235981
0.239006
0.241055
0.242061
0.241955
0.240661
0.238098
0.234182
0.22882
0.221916
0.21337
0.203076
0.190927
0.176823
0.160674
0.142417
0.122037
0.0996074
0.0753329
0.0496232
0.0231747
-0.00294122
-0.0272168
-0.0477194
-0.0622494
-0.0687246
-0.065821
-0.053746
-0.0349732
-0.0152064
-0.00301197
-0.00166892
-0.00898502
-0.0218746
-0.0361872
-0.0492737
-0.0597792
-0.0670369
-0.070865
-0.0714041
-0.0689711
-0.0639582
-0.0567717
-0.0477979
-0.0373853
-0.0258384
-0.0134176
-0.000342615
0.0132034
0.027068
0.041125
0.0552694
0.0694139
0.0834848
0.0974196
0.111164
0.124672
0.1379
0.150809
0.163364
0.175528
0.187269
0.198551
0.20934
0.219602
0.229299
0.238392
0.246842
0.254606
0.261639
0.267892
0.273315
0.277852
0.281446
0.284034
0.285548
0.285917
0.285063
0.282903
0.279347
0.274298
0.267652
0.259298
0.249116
0.23698
0.222761
0.20633
0.187573
0.166403
0.142796
0.116836
0.0887872
0.0591904
0.0289817
-0.000391162
-0.0269019
-0.0480151
-0.0610128
-0.0636752
-0.0552626
-0.0376749
-0.0170318
-0.00351283
-0.00225054
-0.0115805
-0.0273229
-0.0439586
-0.058234
-0.0687328
-0.0749418
-0.0769146
-0.0750368
-0.0698402
-0.0618877
-0.0517122
-0.0397884
-0.0265232
-0.012257
0.00273053
0.0182117
0.0340027
0.0499558
0.0659519
0.0818952
0.097708
0.113327
0.128698
0.143778
0.158528
0.172914
0.186903
0.200467
0.213576
0.226203
0.238317
0.249891
0.260891
0.271285
0.281038
0.290113
0.298469
0.306063
0.31285
0.31878
0.323798
0.327849
0.330869
0.332792
0.333546
0.333051
0.331225
0.327974
0.323198
0.316788
0.308625
0.29858
0.286509
0.272262
0.255678
0.236593
0.214853
0.19034
0.163009
0.132957
0.100526
0.0664433
0.0319918
-0.000833781
-0.029269
-0.0499813
-0.05971
-0.0564082
-0.0409097
-0.0194696
-0.00422913
-0.00311703
-0.0151372
-0.034283
-0.0532165
-0.0680696
-0.0775565
-0.0815196
-0.0804049
-0.0749476
-0.0659532
-0.0541799
-0.0402907
-0.0248399
-0.0082775
0.00903764
0.0268235
0.0448603
0.0629778
0.0810447
0.0989596
0.116644
0.134038
0.151092
0.167769
0.184037
0.199869
0.215243
0.230136
0.244526
0.258395
0.271719
0.284476
0.296643
0.308191
0.319094
0.329321
0.338836
0.347605
0.355586
0.362736
0.369008
0.37435
0.378708
0.38202
0.384222
0.385241
0.385001
0.383417
0.380396
0.375838
0.369631
0.361652
0.351764
0.339814
0.325633
0.309036
0.289817
0.267764
0.242669
0.214357
0.182748
0.147949
0.110408
0.0711198
0.0318821
-0.00449463
-0.0341833
-0.0528105
-0.0566309
-0.044705
-0.0228093
-0.00530375
-0.00446323
-0.0201105
-0.0431222
-0.0638405
-0.0779577
-0.0847043
-0.0845955
-0.0786754
-0.0681394
-0.0541082
-0.037536
-0.0191938
0.00031634
0.0205342
0.0411139
0.061799
0.0824008
0.102782
0.122844
0.142515
0.161745
0.180497
0.198747
0.216475
0.233666
0.25031
0.266397
0.281916
0.296857
0.311207
0.324955
0.338084
0.350576
0.362412
0.373567
0.384016
0.39373
0.402674
0.410814
0.418108
0.424514
0.429982
0.43446
0.437891
0.440211
0.441351
0.441238
0.439788
0.436911
0.432507
0.426466
0.418663
0.408958
0.397195
0.383194
0.366748
0.347625
0.325562
0.300273
0.271465
0.238877
0.202363
0.162028
0.11846
0.0730531
0.028393
-0.0114647
-0.041121
-0.0547989
-0.0488635
-0.0274472
-0.00698348
-0.00664112
-0.0271815
-0.0540949
-0.0750581
-0.0859286
-0.0871467
-0.0803453
-0.0673884
-0.0500045
-0.0296172
-0.0073229
0.0160667
0.0399669
0.0639659
0.0877793
0.111215
0.134146
0.156493
0.178206
0.199259
0.219639
0.239342
0.258372
0.276734
0.294433
0.311477
0.327869
0.343615
0.358714
0.373164
0.386962
0.400099
0.412565
0.424346
0.435423
0.445777
0.455381
0.464209
0.472227
0.4794
0.485688
0.491046
0.495425
0.498772
0.501028
0.502128
0.502001
0.500569
0.497745
0.493435
0.48753
0.479909
0.470436
0.458952
0.445275
0.429188
0.410441
0.388736
0.363725
0.335015
0.302183
0.264825
0.222673
0.175799
0.124981
0.0722195
0.0213424
-0.021593
-0.048686
-0.0525864
-0.0338203
-0.00967101
-0.0102539
-0.037239
-0.0668249
-0.08446
-0.0876651
-0.0791811
-0.0622518
-0.0396896
-0.0136982
0.0141291
0.0427008
0.0712973
0.0994605
0.126912
0.153493
0.179122
0.20377
0.227436
0.25014
0.271911
0.292782
0.31279
0.331967
0.350347
0.367957
0.384822
0.400963
0.416396
0.431135
0.445186
0.458555
0.47124
0.483239
0.494542
0.505139
0.515012
0.524143
0.532508
0.540079
0.546825
0.552711
0.557695
0.561736
0.564782
0.566782
0.567675
0.567397
0.565875
0.563029
0.558771
0.553
0.545602
0.536446
0.525381
0.512227
0.49677
0.478751
0.457856
0.433701
0.405818
0.373654
0.336579
0.293955
0.245284
0.190536
0.130727
0.0688049
0.0106884
-0.0340561
-0.0536104
-0.0420284
-0.013909
-0.0161376
-0.0508524
-0.0786911
-0.0857256
-0.074203
-0.0504809
-0.0196348
0.0147902
0.0504604
0.0859487
0.120443
0.15352
0.184996
0.214825
0.24304
0.269716
0.294947
0.318829
0.34146
0.362929
0.38332
0.402705
0.42115
0.438711
0.455438
0.471371
0.486544
0.500987
0.51472
0.527761
0.54012
0.551804
0.562814
0.573149
0.5828
0.591757
0.600005
0.607525
0.614294
0.620285
0.625468
0.629808
0.633267
0.635802
0.637366
0.637906
0.637364
0.635677
0.632774
0.628574
0.622988
0.615912
0.607228
0.596796
0.584448
0.569982
0.553147
0.533632
0.511042
0.484876
0.454498
0.419116
0.377783
0.329455
0.273206
0.208723
0.137288
0.063409
-0.00311078
-0.0463486
-0.0505325
-0.0199785
-0.0246203
-0.065851
-0.080254
-0.0636553
-0.0278792
0.0166922
0.0639938
0.110698
0.155133
0.19661
0.234975
0.270337
0.302923
0.332999
0.360829
0.38666
0.410713
0.433178
0.454222
0.473988
0.492596
0.510151
0.526739
0.542435
0.557301
0.571389
0.584741
0.597393
0.609372
0.6207
0.631392
0.641459
0.650907
0.659736
0.667942
0.67552
0.682458
0.688741
0.694351
0.699266
0.703461
0.706908
0.709574
0.711424
0.712417
0.71251
0.711654
0.709795
0.706873
0.702821
0.697563
0.691009
0.683058
0.673588
0.662452
0.649471
0.634418
0.617006
0.596863
0.573498
0.546263
0.514298
0.476469
0.43133
0.377151
0.312165
0.235332
0.148148
0.0578798
-0.0183927
-0.0528648
-0.0262208
-0.0312988
-0.0687275
-0.0436737
0.0154732
0.0836805
0.150383
0.211698
0.266447
0.314765
0.357327
0.394942
0.428371
0.458282
0.485231
0.509678
0.531996
0.552489
0.571404
0.588944
0.605273
0.620528
0.634821
0.648245
0.660876
0.672779
0.684005
0.694597
0.704591
0.714013
0.722885
0.731224
0.739039
0.746339
0.753125
0.759397
0.76515
0.770376
0.775064
0.779201
0.782769
0.78575
0.788121
0.789858
0.790931
0.791311
0.790964
0.789851
0.787932
0.785158
0.781479
0.776834
0.771154
0.764358
0.756351
0.747014
0.736202
0.723729
0.709357
0.69277
0.673543
0.651095
0.624622
0.592998
0.554647
0.507386
0.448322
0.374027
0.281703
0.172057
0.0556978
-0.0301856
-0.0232111
-0.0006604
0.000352784
0.104333
0.217906
0.3121
0.388127
0.449782
0.500013
0.541352
0.575873
0.605148
0.630342
0.652319
0.671722
0.689037
0.704633
0.718794
0.731742
0.743652
0.754664
0.764889
0.774416
0.78332
0.79166
0.799485
0.806835
0.813741
0.820231
0.826324
0.832036
0.837379
0.842361
0.846988
0.851262
0.855181
0.858743
0.861943
0.864773
0.867225
0.869286
0.870945
0.872185
0.872991
0.873344
0.873224
0.872607
0.87147
0.869786
0.867522
0.864645
0.861116
0.856889
0.85191
0.846115
0.839425
0.83174
0.822933
0.81284
0.801237
0.787824
0.772178
0.753698
0.73151
0.70431
0.670123
0.62591
0.567062
0.48705
0.376958
0.228427
0.0726436
0.0309695
0.292184
0.379306
0.530607
0.644331
0.714297
0.760018
0.792312
0.816129
0.834336
0.848759
0.860547
0.870428
0.878884
0.886244
0.892742
0.898544
0.903778
0.908535
0.912891
0.9169
0.920608
0.92405
0.927256
0.930249
0.933046
0.935663
0.938113
0.940405
0.942545
0.944541
0.946396
0.948113
0.949693
0.951136
0.952443
0.95361
0.954637
0.95552
0.956255
0.956837
0.957262
0.957523
0.957614
0.957528
0.957256
0.956791
0.956123
0.955241
0.954135
0.95279
0.951193
0.949325
0.947166
0.944692
0.941871
0.938665
0.935023
0.93088
0.926146
0.920701
0.914371
0.906908
0.897942
0.886902
0.872863
0.854247
0.828214
0.789432
0.726146
0.611349
0.435853
0.317985
)
;

boundaryField
{
    movingWall
    {
        type            calculated;
        value           uniform 1;
    }
    fixedWalls
    {
        type            calculated;
        value           uniform 0;
    }
    frontAndBack
    {
        type            empty;
    }
}


// ************************************************************************* //
