/*--------------------------------*- C++ -*----------------------------------*\
  =========                 |
  \\      /  F ield         | OpenFOAM: The Open Source CFD Toolbox
   \\    /   O peration     | Website:  https://openfoam.org
    \\  /    A nd           | Version:  dev
     \\/     M anipulation  |
\*---------------------------------------------------------------------------*/
FoamFile
{
    format      ascii;
    class       volScalarField;
    location    "35.1";
    object      Uy;
}
// * * * * * * * * * * * * * * * * * * * * * * * * * * * * * * * * * * * * * //

dimensions      [0 1 -1 0 0 0 0];

internalField   nonuniform List<scalar> 
5184
(
-1.27003e-05
-2.08854e-05
-1.7248e-05
-8.19702e-06
2.66873e-06
1.36182e-05
2.38471e-05
3.30505e-05
4.1109e-05
4.80281e-05
5.38696e-05
5.87183e-05
6.26667e-05
6.58059e-05
6.82208e-05
6.99867e-05
7.11679e-05
7.18171e-05
7.19749e-05
7.1671e-05
7.09246e-05
6.97463e-05
6.8139e-05
6.60997e-05
6.36212e-05
6.06938e-05
5.73068e-05
5.34508e-05
4.91185e-05
4.43071e-05
3.90189e-05
3.32633e-05
2.70575e-05
2.04274e-05
1.34088e-05
6.04732e-06
-1.60086e-06
-9.46926e-06
-1.74813e-05
-2.55511e-05
-3.35843e-05
-4.14792e-05
-4.91288e-05
-5.6422e-05
-6.32462e-05
-6.94894e-05
-7.50428e-05
-7.98034e-05
-8.36766e-05
-8.65788e-05
-8.84393e-05
-8.9203e-05
-8.88314e-05
-8.7305e-05
-8.46233e-05
-8.08058e-05
-7.58918e-05
-6.99401e-05
-6.30283e-05
-5.52523e-05
-4.67265e-05
-3.75837e-05
-2.79791e-05
-1.80952e-05
-8.15709e-06
1.54038e-06
1.05732e-05
1.83043e-05
2.37207e-05
2.51302e-05
1.9848e-05
6.24247e-06
-4.58765e-05
-6.57114e-05
-4.05641e-05
7.62994e-06
6.56796e-05
0.000125999
0.000184308
0.00023836
0.000287015
0.00032983
0.000366765
0.00039801
0.000423876
0.000444731
0.000460951
0.000472896
0.000480887
0.0004852
0.00048606
0.000483637
0.000478052
0.000469382
0.000457666
0.000442913
0.000425111
0.000404236
0.000380264
0.000353179
0.00032298
0.000289694
0.000253382
0.000214147
0.000172139
0.00012756
8.06701e-05
3.1789e-05
-1.87049e-05
-7.03731e-05
-0.000122721
-0.0001752
-0.000227216
-0.000278138
-0.000327304
-0.000374035
-0.000417646
-0.000457461
-0.00049283
-0.000523136
-0.000547818
-0.000566382
-0.000578416
-0.000583599
-0.000581716
-0.000572663
-0.000556458
-0.000533238
-0.000503267
-0.000466936
-0.000424759
-0.000377375
-0.000325554
-0.000270202
-0.000212379
-0.000153337
-9.45877e-05
-3.80092e-05
1.39377e-05
5.79477e-05
8.94273e-05
0.000101878
8.65308e-05
3.64893e-05
-8.13177e-05
-9.50511e-05
-1.91502e-05
0.000105924
0.00025466
0.000410612
0.000563464
0.000707081
0.00083801
0.000954546
0.00105609
0.00114274
0.00121501
0.00127362
0.0013194
0.00135317
0.0013757
0.00138766
0.00138962
0.00138202
0.00136518
0.00133934
0.00130461
0.00126107
0.00120872
0.00114755
0.00107756
0.000998747
0.00091119
0.000815023
0.000710478
0.0005979
0.000477762
0.00035068
0.000217419
7.89039e-05
-6.37859e-05
-0.000209414
-0.000356598
-0.000503819
-0.000649442
-0.000791733
-0.000928889
-0.00105907
-0.00118042
-0.00129112
-0.00138942
-0.00147367
-0.00154237
-0.00159421
-0.00162809
-0.00164316
-0.00163887
-0.00161496
-0.00157149
-0.00150888
-0.00142786
-0.00132955
-0.00121537
-0.00108715
-0.000947062
-0.000797664
-0.00064197
-0.00048351
-0.000326486
-0.000175986
-3.83277e-05
7.84705e-05
0.000164112
0.00020543
0.000186312
9.04038e-05
-9.77642e-05
-7.31762e-05
8.47633e-05
0.000318362
0.000590119
0.000874406
0.00115419
0.00141868
0.00166141
0.00187883
0.0020694
0.00223286
0.00236977
0.00248117
0.00256832
0.00263257
0.00267519
0.00269733
0.00269998
0.00268392
0.00264975
0.0025979
0.00252864
0.00244212
0.00233843
0.0022176
0.00207971
0.00192484
0.00175322
0.00156519
0.00136128
0.00114221
0.000908979
0.000662809
0.000405221
0.000138014
-0.000136721
-0.000416614
-0.000699029
-0.000981088
-0.0012597
-0.00153162
-0.00179345
-0.00204177
-0.00227312
-0.00248411
-0.0026715
-0.00283223
-0.00296354
-0.00306299
-0.00312857
-0.00315872
-0.00315244
-0.00310927
-0.00302936
-0.00291349
-0.00276311
-0.00258029
-0.00236783
-0.00212914
-0.00186841
-0.00159051
-0.00130116
-0.00100705
-0.000715977
-0.000437227
-0.000181945
3.62586e-05
0.000200664
0.000290879
0.000282607
0.000147305
-8.44342e-05
2.08643e-05
0.000295438
0.000668049
0.00109088
0.00153002
0.00196202
0.00237141
0.00274845
0.00308752
0.00338583
0.00364258
0.00385821
0.00403397
0.00417153
0.00427269
0.00433926
0.00437287
0.00437496
0.00434669
0.00428898
0.00420249
0.00408766
0.00394481
0.00377411
0.00357573
0.00334986
0.00309676
0.00281688
0.00251089
0.00217973
0.00182468
0.00144738
0.00104989
0.000634685
0.000204691
-0.000236732
-0.000685796
-0.00113831
-0.00158972
-0.00203516
-0.0024695
-0.00288746
-0.00328365
-0.00365268
-0.00398929
-0.00428841
-0.00454531
-0.00475567
-0.00491574
-0.00502239
-0.00507323
-0.00506669
-0.00500208
-0.00487969
-0.00470074
-0.00446753
-0.00418338
-0.00385266
-0.00348085
-0.0030745
-0.00264137
-0.00219045
-0.00173215
-0.00127852
-0.000843619
-0.000443931
-9.90218e-05
0.000167767
0.000328703
0.000351049
0.00019417
-3.75509e-05
0.000197345
0.000626917
0.00117041
0.00177185
0.00239039
0.00299696
0.00357176
0.00410194
0.00457972
0.00500104
0.0053644
0.00567005
0.00591934
0.00611426
0.00625708
0.00635007
0.00639538
0.00639486
0.00635008
0.00626229
0.00613241
0.0059611
0.00574885
0.005496
0.00520288
0.00486986
0.00449748
0.0040865
0.00363801
0.00315349
0.00263492
0.00208476
0.00150607
0.000902484
0.000278271
-0.00036171
-0.001012
-0.0016666
-0.002319
-0.00296227
-0.00358913
-0.00419209
-0.00476354
-0.00529586
-0.00578163
-0.00621371
-0.00658542
-0.00689071
-0.00712428
-0.00728173
-0.0073597
-0.00735597
-0.00726961
-0.00710099
-0.00685191
-0.00652559
-0.00612676
-0.00566168
-0.0051381
-0.00456538
-0.00395449
-0.00331816
-0.00267096
-0.00202963
-0.00141338
-0.000844327
-0.000348171
4.51125e-05
0.000300576
0.000377406
0.000224558
4.40813e-05
0.000461276
0.00108712
0.00183484
0.00264256
0.00346405
0.00426565
0.00502391
0.00572322
0.00635388
0.00691059
0.00739116
0.00779563
0.00812541
0.00838277
0.00857039
0.00869099
0.00874718
0.00874125
0.00867518
0.00855052
0.00836849
0.00812999
0.0078357
0.00748619
0.00708198
0.00662372
0.00611226
0.00554878
0.00493489
0.00427275
0.00356513
0.00281548
0.002028
0.0012077
0.000360336
-0.00050751
-0.00138851
-0.0022746
-0.00315712
-0.00402681
-0.00487402
-0.0056888
-0.00646104
-0.00718068
-0.00783788
-0.00842321
-0.00892784
-0.00934375
-0.00966392
-0.00988253
-0.00999513
-0.00999876
-0.00989215
-0.00967579
-0.00935203
-0.00892516
-0.00840142
-0.0077891
-0.00709851
-0.00634203
-0.00553419
-0.00469172
-0.00383374
-0.00298193
-0.00216089
-0.00139857
-0.000726805
-0.000182098
0.000193736
0.000352574
0.000235036
0.000160458
0.000814526
0.00167983
0.00266636
0.0037084
0.00475592
0.00577185
0.00672992
0.00761232
0.00840778
0.00910996
0.00971614
0.0102261
0.0106415
0.0109647
0.0111988
0.0113471
0.0114124
0.0113977
0.0113051
0.0111367
0.0108938
0.0105777
0.0101893
0.00972932
0.00919863
0.00859816
0.00792915
0.00719328
0.00639277
0.00553054
0.0046103
0.0036366
0.00261494
0.0015518
0.000454645
-0.000668085
-0.001807
-0.00295181
-0.00409147
-0.00521423
-0.00630783
-0.00735964
-0.00835688
-0.0092868
-0.0101369
-0.0108954
-0.0115509
-0.0120933
-0.0125138
-0.0128049
-0.0129608
-0.0129779
-0.0128544
-0.0125909
-0.0121903
-0.011658
-0.0110017
-0.010232
-0.00936189
-0.00840694
-0.00738545
-0.00631843
-0.0052297
-0.00414614
-0.00309788
-0.00211873
-0.00124667
-0.000524491
-4.24584e-07
0.000270983
0.000223898
0.000310943
0.00125701
0.00240601
0.00366683
0.00497169
0.00626825
0.00751723
0.00869042
0.00976849
0.0107391
0.0115951
0.0123336
0.0129542
0.0134586
0.0138497
0.014131
0.0143059
0.0143781
0.0143506
0.0142261
0.0140069
0.0136947
0.013291
0.0127969
0.0122135
0.0115419
0.0107834
0.00993966
0.00901297
0.00800621
0.00692317
0.00576856
0.00454815
0.00326885
0.00193875
0.000567108
-0.000835603
-0.00225779
-0.0036868
-0.00510901
-0.00651003
-0.0078748
-0.00918786
-0.0104335
-0.0115962
-0.0126606
-0.013612
-0.0144367
-0.0151223
-0.0156577
-0.0160337
-0.0162432
-0.0162815
-0.0161464
-0.0158384
-0.0153609
-0.0147203
-0.0139262
-0.0129911
-0.011931
-0.0107649
-0.00951475
-0.00820618
-0.00686786
-0.00553196
-0.00423427
-0.00301448
-0.0019166
-0.000989531
-0.00028743
0.000129524
0.000190493
0.000494634
0.00178748
0.00326479
0.00483588
0.00643242
0.00800108
0.00950152
0.0109045
0.01219
0.0133449
0.014362
0.0152381
0.0159732
0.0165691
0.0170292
0.0173572
0.0175572
0.0176332
0.0175887
0.0174268
0.0171499
0.0167602
0.0162593
0.0156487
0.0149297
0.0141038
0.0131726
0.0121384
0.0110039
0.00977283
0.00844989
0.00704088
0.00555286
0.00399422
0.00237476
0.00070566
-0.0010005
-0.0027298
-0.00446708
-0.00619606
-0.00789951
-0.00955945
-0.0111574
-0.0126746
-0.0140924
-0.0153926
-0.0165574
-0.0175705
-0.0184168
-0.0190829
-0.0195578
-0.0198327
-0.0199018
-0.0197622
-0.0194142
-0.0188618
-0.0181122
-0.0171768
-0.0160702
-0.0148114
-0.0134225
-0.01193
-0.0103637
-0.00875737
-0.00714863
-0.00557894
-0.00409392
-0.00274355
-0.0015826
-0.000670826
-7.3421e-05
0.000134738
0.000710497
0.00240404
0.00425408
0.00617154
0.00808877
0.00995265
0.0117228
0.01337
0.0148739
0.0162216
0.0174061
0.0184244
0.0192769
0.0199659
0.0204951
0.020869
0.021092
0.0211686
0.0211027
0.0208977
0.0205565
0.0200815
0.0194745
0.0187374
0.0178716
0.0168791
0.0157618
0.0145225
0.0131647
0.0116928
0.0101125
0.00843071
0.00665583
0.0047978
0.00286819
0.000880156
-0.00115152
-0.00321051
-0.00527907
-0.00733812
-0.00936749
-0.0113462
-0.0132525
-0.0150644
-0.0167602
-0.0183182
-0.0197177
-0.0209394
-0.0219653
-0.0227796
-0.023369
-0.0237231
-0.0238344
-0.0236994
-0.023318
-0.0226945
-0.021837
-0.0207584
-0.0194757
-0.0180105
-0.0163886
-0.0146405
-0.0128006
-0.0109078
-0.00900533
-0.00714032
-0.00536436
-0.00373338
-0.0023079
-0.00115306
-0.000338689
5.68033e-05
0.000957454
0.00310439
0.00537099
0.00767071
0.0099376
0.0121198
0.0141778
0.0160832
0.0178163
0.0193649
0.0207225
0.021887
0.0228592
0.0236422
0.0242404
0.0246588
0.0249025
0.0249763
0.0248846
0.0246313
0.0242195
0.0236518
0.0229305
0.0220576
0.0210349
0.0198645
0.018549
0.0170916
0.0154964
0.0137687
0.0119152
0.00994378
0.00786436
0.00568843
0.00342933
0.00110225
-0.00127578
-0.00368599
-0.00610794
-0.00851971
-0.0108981
-0.0132189
-0.0154571
-0.0175874
-0.0195845
-0.0214235
-0.0230802
-0.0245321
-0.0257582
-0.0267399
-0.0274615
-0.0279103
-0.0280775
-0.0279582
-0.027552
-0.0268631
-0.0259006
-0.0246786
-0.0232164
-0.0215382
-0.0196736
-0.017657
-0.0155276
-0.0133297
-0.0111117
-0.00892694
-0.00683292
-0.00489156
-0.00316916
-0.00173613
-0.000666845
-4.30959e-05
0.00123442
0.00388599
0.0066121
0.00932948
0.0119747
0.0144982
0.0168621
0.0190396
0.0210124
0.0227696
0.0243058
0.0256199
0.0267138
0.0275915
0.0282581
0.0287195
0.0289814
0.0290491
0.0289275
0.0286209
0.0281327
0.0274658
0.0266228
0.0256058
0.024417
0.0230588
0.0215343
0.0198471
0.018002
0.0160051
0.013864
0.0115878
0.00918768
0.00667681
0.00407028
0.00138531
-0.00135882
-0.00414085
-0.00693762
-0.00972431
-0.0124746
-0.015161
-0.017755
-0.0202279
-0.0225507
-0.0246948
-0.0266327
-0.0283381
-0.0297868
-0.0309572
-0.0318307
-0.0323923
-0.0326311
-0.032541
-0.0321207
-0.0313742
-0.0303112
-0.0289471
-0.0273031
-0.0254063
-0.0232897
-0.0209919
-0.018557
-0.0160343
-0.0134782
-0.0109479
-0.00850707
-0.00622379
-0.0041702
-0.00242211
-0.00105853
-0.000164826
0.00154028
0.00474612
0.00797359
0.0111433
0.0141952
0.0170825
0.0197701
0.0222334
0.0244563
0.0264297
0.0281497
0.0296168
0.0308341
0.031807
0.0325416
0.0330445
0.0333222
0.0333807
0.0332254
0.032861
0.0322912
0.0315193
0.0305479
0.0293797
0.0280169
0.0264623
0.0247194
0.0227922
0.0206862
0.0184082
0.0159667
0.0133721
0.0106367
0.00777532
0.00480475
0.00174423
-0.00138471
-0.00455832
-0.00775075
-0.0109342
-0.0140792
-0.0171548
-0.0201291
-0.0229696
-0.0256435
-0.0281185
-0.0303631
-0.0323473
-0.0340432
-0.0354258
-0.0364733
-0.037168
-0.0374968
-0.0374517
-0.0370302
-0.0362359
-0.0350788
-0.0335753
-0.0317486
-0.0296284
-0.0272511
-0.0246594
-0.0219022
-0.0190345
-0.0161163
-0.0132132
-0.0103951
-0.00773638
-0.00531536
-0.0032135
-0.00151474
-0.000308423
0.00187395
0.00568195
0.00945133
0.0131072
0.0165933
0.0198667
0.0228955
0.0256583
0.0281414
0.0303383
0.0322473
0.0338707
0.0352133
0.0362819
0.0370839
0.0376269
0.0379184
0.037965
0.0377727
0.0373466
0.0366908
0.0358089
0.0347037
0.0333781
0.0318347
0.0300764
0.0281071
0.0259313
0.0235549
0.0209856
0.0182327
0.0153075
0.0122238
0.00899776
0.00564788
0.00219536
-0.0013361
-0.00492028
-0.00852862
-0.0121304
-0.0156928
-0.0191817
-0.0225613
-0.0257954
-0.0288472
-0.0316802
-0.0342589
-0.0365491
-0.0385191
-0.0401399
-0.0413863
-0.0422372
-0.0426768
-0.042695
-0.0422877
-0.0414577
-0.0402149
-0.0385766
-0.0365674
-0.0342197
-0.0315732
-0.0286749
-0.0255785
-0.0223445
-0.0190391
-0.0157341
-0.0125063
-0.00943665
-0.00660987
-0.00411352
-0.00203696
-0.000474155
0.00223429
0.00669051
0.0110409
0.0152155
0.0191628
0.0228439
0.0262312
0.0293067
0.0320602
0.034488
0.0365911
0.038374
0.0398439
0.0410089
0.041878
0.0424601
0.0427636
0.0427961
0.042564
0.042073
0.0413277
0.0403318
0.0390885
0.0376006
0.0358712
0.0339034
0.0317012
0.0292696
0.0266152
0.023746
0.0206721
0.017406
0.0139625
0.0103591
0.00661603
0.00275625
-0.00119439
-0.0052073
-0.00925126
-0.0132926
-0.0172953
-0.0212217
-0.0250323
-0.0286869
-0.0321445
-0.0353644
-0.0383066
-0.0409325
-0.0432058
-0.0450935
-0.0465662
-0.0475992
-0.0481735
-0.0482761
-0.0479012
-0.04705
-0.0457321
-0.0439652
-0.0417753
-0.0391971
-0.0362736
-0.0330559
-0.0296028
-0.0259803
-0.022261
-0.0185236
-0.0148516
-0.0113332
-0.00806005
-0.00512629
-0.00262733
-0.000662557
0.00262015
0.00776868
0.0127377
0.0174625
0.0218969
0.0260068
0.0297693
0.0331705
0.0362043
0.0388703
0.0411727
0.0431187
0.0447177
0.0459801
0.0469163
0.0475369
0.0478513
0.0478679
0.047594
0.0470359
0.0461983
0.0450854
0.0437007
0.0420471
0.0401276
0.0379459
0.035506
0.0328133
0.0298746
0.0266986
0.0232961
0.0196803
0.0158671
0.0118753
0.00772654
0.00344554
-0.000939866
-0.0053988
-0.00989744
-0.0143992
-0.018865
-0.0232534
-0.0275213
-0.0316243
-0.0355171
-0.0391543
-0.0424913
-0.0454847
-0.0480933
-0.0502794
-0.0520089
-0.053253
-0.0539889
-0.0542003
-0.0538787
-0.0530236
-0.0516437
-0.0497565
-0.0473894
-0.0445788
-0.0413711
-0.0378214
-0.0339935
-0.0299595
-0.0257985
-0.0215961
-0.0174434
-0.0134361
-0.00967354
-0.006257
-0.00328873
-0.000874461
0.00303033
0.00891322
0.0145367
0.0198419
0.0247883
0.0293473
0.0335012
0.0372409
0.0405647
0.0434762
0.045983
0.0480957
0.0498261
0.051187
0.0521909
0.0528497
0.0531742
0.053174
0.0528572
0.0522303
0.0512989
0.0500672
0.0485389
0.0467173
0.0446054
0.0422068
0.0395259
0.0365683
0.0333409
0.029853
0.0261159
0.0221435
0.0179525
0.0135628
0.00899743
0.00428262
-0.00055191
-0.00547314
-0.0104448
-0.0154274
-0.0203787
-0.0252539
-0.0300059
-0.0345861
-0.0389446
-0.0430313
-0.0467965
-0.0501915
-0.05317
-0.0556887
-0.0577088
-0.0591964
-0.0601241
-0.0604719
-0.0602279
-0.0593893
-0.0579631
-0.0559665
-0.0534274
-0.0503841
-0.0468859
-0.0429919
-0.0387712
-0.0343017
-0.0296696
-0.0249679
-0.0202958
-0.0157572
-0.0114594
-0.007512
-0.00402485
-0.00111101
0.00346355
0.0101207
0.0164326
0.0223469
0.0278291
0.0328567
0.0374176
0.0415082
0.0451315
0.0482957
0.0510123
0.0532953
0.0551596
0.0566206
0.0576929
0.0583903
0.058725
0.0587077
0.0583473
0.0576512
0.0566252
0.055274
0.0536015
0.0516108
0.0493054
0.0466887
0.0437652
0.0405406
0.037022
0.033219
0.0291431
0.0248089
0.0202338
0.0154385
0.0104471
0.00528743
-9.23124e-06
-0.00540787
-0.0108699
-0.0163531
-0.0218122
-0.0271988
-0.032462
-0.0375488
-0.0424048
-0.0469746
-0.0512032
-0.0550363
-0.0584219
-0.0613108
-0.0636583
-0.0654251
-0.0665786
-0.0670941
-0.0669556
-0.0661572
-0.0647037
-0.0626112
-0.0599078
-0.0566333
-0.0528394
-0.0485895
-0.0439577
-0.0390282
-0.0338945
-0.0286575
-0.023425
-0.0183098
-0.0134282
-0.00889888
-0.00484018
-0.00137368
0.0039185
0.0113874
0.01842
0.0249705
0.031011
0.0365257
0.0415086
0.0459619
0.0498941
0.053318
0.0562498
0.058707
0.060708
0.062271
0.063413
0.0641498
0.0644952
0.0644611
0.0640576
0.0632926
0.0621724
0.0607022
0.0588858
0.0567267
0.0542281
0.0513936
0.0482275
0.0447356
0.0409251
0.0368054
0.0323886
0.0276893
0.0227256
0.0175188
0.012094
0.0064801
0.000709842
-0.00517995
-0.0111485
-0.0171512
-0.0231396
-0.0290621
-0.0348637
-0.0404871
-0.045873
-0.0509609
-0.05569
-0.06
-0.0638324
-0.0671319
-0.0698472
-0.0719327
-0.0733497
-0.074068
-0.0740668
-0.0733361
-0.0718779
-0.0697064
-0.0668491
-0.063347
-0.0592541
-0.0546375
-0.0495766
-0.0441622
-0.0384951
-0.0326851
-0.0268489
-0.0211092
-0.0155923
-0.0104265
-0.00574012
-0.00166427
0.00439376
0.0127097
0.0204929
0.027705
0.0343252
0.0403445
0.0457637
0.0505911
0.0548411
0.0585318
0.0616839
0.0643193
0.06646
0.0681272
0.0693407
0.0701183
0.0704756
0.0704259
0.0699804
0.0691477
0.0679348
0.066347
0.0643885
0.0620627
0.0593729
0.0563224
0.0529155
0.0491578
0.0450563
0.0406206
0.0358625
0.0307969
0.0254422
0.01982
0.0139562
0.00788057
0.00162702
-0.00476607
-0.011256
-0.0177958
-0.0243342
-0.0308163
-0.0371833
-0.0433734
-0.0493225
-0.0549645
-0.0602326
-0.0650602
-0.069382
-0.0731355
-0.0762622
-0.0787095
-0.0804318
-0.0813923
-0.0815645
-0.0809333
-0.0794969
-0.0772669
-0.0742696
-0.0705461
-0.0661528
-0.0611602
-0.0556529
-0.0497283
-0.0434954
-0.0370729
-0.0305876
-0.0241727
-0.0179654
-0.0121051
-0.00673094
-0.00198493
0.00488784
0.0140833
0.0226451
0.0305425
0.0377622
0.0443026
0.0501714
0.0553839
0.0599603
0.0639245
0.0673024
0.0701201
0.0724037
0.0741777
0.0754647
0.0762849
0.0766558
0.0765924
0.0761068
0.0752086
0.0739054
0.0722027
0.070105
0.0676156
0.0647378
0.0614747
0.0578304
0.0538101
0.0494206
0.0446712
0.0395736
0.0341426
0.0283965
0.0223573
0.0160511
0.0095082
0.00276365
-0.00414298
-0.0111673
-0.0182603
-0.0253682
-0.0324327
-0.0393914
-0.0461782
-0.0527238
-0.0589567
-0.0648037
-0.0701914
-0.0750472
-0.079301
-0.0828863
-0.0857424
-0.0878159
-0.0890625
-0.0894487
-0.0889535
-0.0875699
-0.0853061
-0.0821863
-0.0782514
-0.0735588
-0.0681826
-0.0622126
-0.0557529
-0.0489209
-0.041845
-0.0346629
-0.0275191
-0.020563
-0.0139462
-0.00781979
-0.00233813
0.00539916
0.015504
0.02487
0.0334746
0.0413122
0.0483889
0.05472
0.0603276
0.0652388
0.0694831
0.0730918
0.0760961
0.0785259
0.0804095
0.0817724
0.0826376
0.0830246
0.0829498
0.0824268
0.081466
0.0800757
0.0782618
0.0760289
0.0733804
0.0703193
0.0668485
0.0629718
0.0586938
0.0540211
0.0489625
0.0435292
0.0377357
0.0316002
0.0251444
0.0183945
0.0113813
0.00414031
-0.00328794
-0.0108577
-0.0185182
-0.0262131
-0.0338815
-0.0414571
-0.0488698
-0.0560452
-0.062906
-0.0693725
-0.0753643
-0.0808009
-0.0856039
-0.089698
-0.0930138
-0.0954887
-0.0970699
-0.0977158
-0.0973981
-0.0961035
-0.0938356
-0.0906153
-0.0864823
-0.081495
-0.0757302
-0.0692827
-0.0622635
-0.0547988
-0.0470274
-0.0390985
-0.0311693
-0.0234023
-0.0159626
-0.00901475
-0.0027267
0.00592605
0.0169673
0.0271608
0.0364924
0.0449646
0.0525917
0.0593967
0.0654091
0.0706627
0.0751935
0.0790382
0.082233
0.0848126
0.0868087
0.0882504
0.0891632
0.0895689
0.0894858
0.0889286
0.0879089
0.0864357
0.0845152
0.0821523
0.0793502
0.0761118
0.0724396
0.0683369
0.063808
0.0588587
0.0534972
0.0477341
0.0415833
0.0350625
0.028193
0.0210008
0.0135166
0.00577625
-0.00217918
-0.010303
-0.0185428
-0.0268404
-0.035132
-0.0433484
-0.0514149
-0.0592524
-0.0667779
-0.073905
-0.0805458
-0.0866116
-0.092015
-0.0966714
-0.100501
-0.103432
-0.105401
-0.106358
-0.106264
-0.105101
-0.102864
-0.0995699
-0.0952572
-0.0899836
-0.0838282
-0.0768905
-0.0692887
-0.0611577
-0.0526476
-0.04392
-0.0351458
-0.026502
-0.0181686
-0.0103248
-0.00315381
0.00646674
0.0184684
0.0295102
0.0395866
0.0487086
0.0568989
0.0641884
0.0706144
0.0762176
0.0810407
0.0851263
0.0885158
0.0912485
0.0933604
0.0948838
0.0958471
0.0962747
0.0961865
0.095599
0.0945248
0.0929735
0.0909519
0.0884649
0.0855159
0.0821073
0.0782414
0.0739209
0.0691493
0.0639317
0.0582755
0.0521906
0.0456899
0.0387903
0.0315125
0.0238819
0.0159288
0.00768895
-0.000796427
-0.00947999
-0.0183083
-0.0272215
-0.0361535
-0.045032
-0.0537785
-0.0623092
-0.0705352
-0.0783636
-0.0856986
-0.0924432
-0.0985002
-0.103775
-0.108177
-0.111623
-0.114038
-0.115361
-0.115545
-0.11456
-0.112395
-0.109061
-0.104592
-0.0990451
-0.0925011
-0.0850635
-0.0768574
-0.0680273
-0.0587346
-0.0491545
-0.0394728
-0.0298825
-0.0205795
-0.0117598
-0.00362297
0.00701939
0.0200023
0.0319106
0.0427475
0.0525327
0.0612975
0.0690812
0.0759288
0.0818883
0.0870091
0.0913401
0.0949283
0.0978175
0.100048
0.101656
0.102673
0.103126
0.103037
0.102423
0.101299
0.0996751
0.0975585
0.0949543
0.0918659
0.0882954
0.0842446
0.0797156
0.0747111
0.0692353
0.0632946
0.0568978
0.0500568
0.0427874
0.0351093
0.027047
0.01863
0.00989345
0.000878509
-0.00836739
-0.0177901
-0.0273288
-0.0369152
-0.0464745
-0.0559247
-0.0651773
-0.0741381
-0.0827075
-0.0907818
-0.0982551
-0.10502
-0.110972
-0.116007
-0.12003
-0.122955
-0.124707
-0.125228
-0.124475
-0.122429
-0.119095
-0.114499
-0.108698
-0.101772
-0.0938284
-0.084999
-0.0754378
-0.0653185
-0.0548307
-0.0441763
-0.0335655
-0.0232122
-0.0133304
-0.00413804
0.00758207
0.0215639
0.0343541
0.045965
0.0564251
0.0657745
0.0740607
0.0813369
0.0876587
0.0930823
0.0976629
0.101453
0.104502
0.106855
0.108551
0.109624
0.110106
0.110019
0.109384
0.108215
0.106524
0.104319
0.101606
0.098386
0.0946627
0.090437
0.08571
0.0804838
0.0747614
0.0685481
0.0618514
0.054682
0.0470542
0.0389864
0.0305018
0.0216289
0.0124019
0.00286115
-0.00694611
-0.0169657
-0.0271358
-0.0373871
-0.0476424
-0.0578166
-0.0678173
-0.0775447
-0.0868929
-0.0957504
-0.104002
-0.111531
-0.118218
-0.123951
-0.128619
-0.132121
-0.13437
-0.135291
-0.134833
-0.132962
-0.129674
-0.124989
-0.118958
-0.111662
-0.103211
-0.0937423
-0.08342
-0.0724303
-0.0609784
-0.0492833
-0.0375742
-0.0260847
-0.0150483
-0.00470321
0.00815279
0.023148
0.0368328
0.0492288
0.0603737
0.070316
0.0791121
0.0868231
0.0935122
0.099243
0.104077
0.108073
0.111284
0.113761
0.115548
0.116682
0.117195
0.117115
0.116462
0.115254
0.113503
0.111216
0.108401
0.105059
0.101193
0.096803
0.0918898
0.0864542
0.0804983
0.0740259
0.0670432
0.0595593
0.0515868
0.0431425
0.0342482
0.0249306
0.0152227
0.00516372
-0.00520001
-0.0158146
-0.0266182
-0.0375406
-0.0485029
-0.0594177
-0.0701886
-0.0807112
-0.0908733
-0.100556
-0.109635
-0.117981
-0.125466
-0.131962
-0.137344
-0.141496
-0.144314
-0.145709
-0.145613
-0.14398
-0.140793
-0.136063
-0.129836
-0.122189
-0.113235
-0.103115
-0.0920044
-0.0801017
-0.0676284
-0.0548224
-0.0419333
-0.0292161
-0.016926
-0.00532303
0.00872951
0.0247489
0.0393382
0.0525284
0.0643658
0.074908
0.08422
0.0923709
0.0994318
0.105473
0.110564
0.114767
0.118144
0.120748
0.122628
0.123824
0.124373
0.124303
0.123638
0.122395
0.120589
0.118229
0.11532
0.111865
0.107866
0.103324
0.0982367
0.0926052
0.0864302
0.0797138
0.0724607
0.0646782
0.0563771
0.0475724
0.0382837
0.028536
0.0183604
0.00779451
-0.0031166
-0.01432
-0.0257544
-0.0373493
-0.049025
-0.0606919
-0.0722508
-0.0835929
-0.0946003
-0.105147
-0.115099
-0.124317
-0.13266
-0.139986
-0.146154
-0.151033
-0.154499
-0.156446
-0.156789
-0.155465
-0.152442
-0.147722
-0.141339
-0.133368
-0.12392
-0.113144
-0.101221
-0.0883642
-0.0748122
-0.060823
-0.0466684
-0.0326267
-0.0189767
-0.00600239
0.00931015
0.0263612
0.0418621
0.0558529
0.0683889
0.0795364
0.0893688
0.0979636
0.1054
0.111755
0.117104
0.121518
0.125062
0.127795
0.129769
0.13103
0.131617
0.131561
0.130887
0.129616
0.127761
0.125333
0.122339
0.118781
0.11466
0.109977
0.104729
0.098916
0.0925371
0.0855932
0.0780869
0.0700237
0.0614124
0.0522657
0.0426009
0.032441
0.0218145
0.0107573
-0.000687662
-0.012469
-0.0245264
-0.0367899
-0.0491796
-0.0616048
-0.073964
-0.0861447
-0.098024
-0.109469
-0.120337
-0.130478
-0.139739
-0.147962
-0.154991
-0.160675
-0.164872
-0.167456
-0.168321
-0.167386
-0.164602
-0.159954
-0.153467
-0.145207
-0.135285
-0.123852
-0.111098
-0.097249
-0.0825617
-0.0673156
-0.0518063
-0.0363379
-0.0212146
-0.0067465
0.00989264
0.0279793
0.044396
0.0591916
0.0724302
0.0841866
0.0945428
0.103584
0.111398
0.118068
0.123678
0.128303
0.132015
0.134878
0.136949
0.138277
0.138903
0.138863
0.138185
0.136889
0.134991
0.132503
0.129432
0.12578
0.121548
0.116736
0.111341
0.105361
0.098795
0.0916409
0.0839001
0.0755759
0.0666747
0.057207
0.0471875
0.0366363
0.0255797
0.0140508
0.00209012
-0.010253
-0.0229201
-0.0358426
-0.048941
-0.0621244
-0.0752898
-0.0883221
-0.101094
-0.113466
-0.125288
-0.136401
-0.146637
-0.155823
-0.163788
-0.170359
-0.175374
-0.178686
-0.180165
-0.179707
-0.177244
-0.172742
-0.166212
-0.15771
-0.147342
-0.13526
-0.121661
-0.106786
-0.0909084
-0.0743308
-0.0573747
-0.0403718
-0.0236545
-0.00756091
0.0104749
0.0295979
0.0469317
0.0625339
0.0764771
0.0888445
0.0997262
0.109216
0.117408
0.124395
0.130265
0.135102
0.138982
0.141975
0.144143
0.145538
0.146206
0.146185
0.145504
0.144188
0.142253
0.139711
0.136569
0.132832
0.1285
0.123571
0.118043
0.111912
0.105175
0.0978295
0.089874
0.0813099
0.0721412
0.0623756
0.0520252
0.0411072
0.0296448
0.017668
0.00521458
-0.00766908
-0.020927
-0.0344925
-0.0482877
-0.0622222
-0.0761927
-0.0900824
-0.103761
-0.117083
-0.129892
-0.142018
-0.153281
-0.163495
-0.172468
-0.18001
-0.185934
-0.190069
-0.19226
-0.192378
-0.190329
-0.186059
-0.179559
-0.170873
-0.160097
-0.147383
-0.132935
-0.117004
-0.0998834
-0.0818996
-0.0634018
-0.0447516
-0.0263119
-0.00845153
0.0110549
0.0312114
0.0494609
0.0658693
0.0805171
0.0934957
0.104903
0.114841
0.123412
0.130714
0.136845
0.141892
0.14594
0.149063
0.151327
0.152789
0.153499
0.153497
0.152817
0.151483
0.149514
0.146923
0.143719
0.139905
0.135483
0.13045
0.124802
0.118535
0.111645
0.104127
0.0959773
0.0871957
0.0777834
0.0677454
0.0570906
0.0458332
0.0339928
0.0215962
0.00867757
-0.00472001
-0.0185437
-0.0327299
-0.0472029
-0.0618741
-0.0766408
-0.0913856
-0.105976
-0.120263
-0.134083
-0.147259
-0.159598
-0.170899
-0.180952
-0.189546
-0.196472
-0.20153
-0.204538
-0.205338
-0.203808
-0.199867
-0.193483
-0.184682
-0.17355
-0.160232
-0.144938
-0.127928
-0.109516
-0.0900526
-0.0699162
-0.049501
-0.0292032
-0.00942455
0.0116307
0.0328148
0.051976
0.0691877
0.0845382
0.0981266
0.110059
0.120444
0.129391
0.137008
0.143396
0.148652
0.152866
0.156116
0.158474
0.160002
0.160753
0.160771
0.160091
0.158741
0.156741
0.154107
0.150847
0.146964
0.142461
0.137335
0.131581
0.125194
0.118167
0.110496
0.102174
0.0931985
0.083568
0.0732847
0.0623544
0.0507876
0.0386006
0.0258161
0.0124646
-0.00141499
-0.0157737
-0.0305515
-0.045676
-0.0610614
-0.0766069
-0.0921957
-0.107694
-0.122952
-0.1378
-0.152053
-0.165508
-0.177949
-0.189151
-0.198878
-0.206898
-0.212983
-0.216918
-0.218515
-0.217617
-0.214114
-0.207946
-0.199115
-0.187691
-0.173811
-0.157684
-0.139582
-0.119835
-0.0988198
-0.0769466
-0.0546443
-0.032345
-0.0104865
0.0122005
0.0344033
0.0544695
0.0724797
0.088529
0.102724
0.115178
0.126007
0.135328
0.143255
0.149898
0.15536
0.159734
0.163108
0.165557
0.167148
0.167938
0.167973
0.167294
0.165929
0.163901
0.161226
0.157914
0.15397
0.149395
0.144186
0.138339
0.131847
0.124702
0.116896
0.108424
0.0992787
0.0894566
0.0789566
0.0677815
0.0559382
0.0434389
0.0303023
0.0165545
0.00223
-0.0126269
-0.0279605
-0.0437029
-0.0597719
-0.0760699
-0.0924823
-0.108876
-0.1251
-0.140982
-0.15633
-0.170933
-0.184561
-0.196972
-0.207909
-0.217114
-0.224329
-0.229306
-0.231821
-0.231681
-0.228738
-0.222899
-0.214138
-0.202501
-0.188115
-0.171182
-0.151983
-0.130865
-0.10823
-0.0845214
-0.060206
-0.0357547
-0.0116441
0.0127626
0.0359724
0.0569347
0.0757364
0.0924789
0.107275
0.120246
0.131514
0.141205
0.149438
0.15633
0.161991
0.166522
0.170014
0.172549
0.174198
0.175023
0.175073
0.174392
0.173011
0.170955
0.168242
0.164883
0.160883
0.156243
0.150962
0.145033
0.13845
0.131203
0.123284
0.114683
0.105392
0.0954058
0.0847192
0.0733318
0.0612468
0.0484724
0.0350229
0.0209196
0.00619205
-0.00912051
-0.0249678
-0.0412868
-0.0580005
-0.0750156
-0.0922211
-0.109487
-0.126661
-0.143572
-0.160022
-0.175793
-0.190645
-0.204318
-0.216536
-0.227013
-0.235461
-0.241598
-0.245159
-0.24591
-0.243661
-0.23828
-0.229704
-0.217952
-0.20313
-0.185433
-0.165145
-0.142627
-0.118309
-0.0926684
-0.0662109
-0.0394501
-0.0129046
0.0133156
0.0375184
0.0593658
0.0789501
0.0963784
0.11177
0.125251
0.136952
0.147005
0.155537
0.162672
0.168525
0.173205
0.176808
0.179422
0.181122
0.181976
0.182036
0.181349
0.17995
0.177865
0.175114
0.17171
0.167658
0.162961
0.157616
0.151617
0.144956
0.137624
0.12961
0.120902
0.111491
0.101368
0.0905258
0.0789599
0.0666699
0.05366
0.0399397
0.0255254
0.0104412
-0.00527923
-0.0215916
-0.038439
-0.0557502
-0.0734377
-0.0913957
-0.109498
-0.127596
-0.145518
-0.163065
-0.180013
-0.196113
-0.211091
-0.224651
-0.236482
-0.246264
-0.253678
-0.258416
-0.2602
-0.258791
-0.25401
-0.245752
-0.234
-0.218832
-0.200429
-0.179074
-0.155141
-0.129083
-0.101414
-0.0726834
-0.043449
-0.0142752
0.0138583
0.039038
0.0617579
0.0821144
0.100219
0.116197
0.130181
0.142307
0.152713
0.161535
0.168903
0.174939
0.179757
0.183462
0.186146
0.18789
0.188764
0.188828
0.188129
0.186707
0.18459
0.1818
0.178352
0.174251
0.169501
0.1641
0.158041
0.151316
0.143914
0.135823
0.127031
0.117524
0.107293
0.0963257
0.084616
0.0721593
0.0589552
0.0450088
0.0303311
0.0149407
-0.00113496
-0.0178581
-0.0351786
-0.0530323
-0.0713386
-0.0899983
-0.108891
-0.127873
-0.146775
-0.1654
-0.18352
-0.200879
-0.217192
-0.232145
-0.245402
-0.256613
-0.265419
-0.271469
-0.274433
-0.27402
-0.269997
-0.262208
-0.250588
-0.235184
-0.216153
-0.193769
-0.168416
-0.140572
-0.110784
-0.0796476
-0.0477697
-0.0157635
0.0143898
0.0405291
0.0641075
0.0852243
0.103995
0.120549
0.135025
0.147565
0.158315
0.167415
0.175004
0.181211
0.186157
0.189951
0.192693
0.194469
0.195354
0.195411
0.194694
0.193242
0.191089
0.188258
0.184764
0.180616
0.175817
0.170366
0.164256
0.157478
0.150021
0.141871
0.133014
0.123437
0.113125
0.102065
0.0902465
0.077662
0.0643068
0.0501809
0.0352902
0.0196473
0.00327325
-0.0138012
-0.0315335
-0.0498673
-0.06873
-0.0880306
-0.107656
-0.127471
-0.147309
-0.166977
-0.186249
-0.204864
-0.222526
-0.238909
-0.253654
-0.266379
-0.276687
-0.284182
-0.288478
-0.289226
-0.286132
-0.278978
-0.267646
-0.252136
-0.232575
-0.209221
-0.182461
-0.152793
-0.120801
-0.0871269
-0.0524304
-0.0173773
0.0149097
0.0419903
0.0664123
0.0882765
0.107701
0.12482
0.139776
0.152718
0.163797
0.173162
0.180958
0.18732
0.192378
0.196248
0.199033
0.200828
0.201711
0.201751
0.201004
0.199515
0.197319
0.194441
0.190899
0.186704
0.181859
0.176362
0.170208
0.163388
0.155889
0.147697
0.138797
0.129172
0.118807
0.107686
0.0957944
0.0831218
0.0696592
0.055402
0.0403506
0.0245118
0.00789965
-0.00946226
-0.0275394
-0.0462842
-0.0656331
-0.0855044
-0.105795
-0.126377
-0.147093
-0.167756
-0.188143
-0.207992
-0.227003
-0.244837
-0.261115
-0.275428
-0.287341
-0.296408
-0.30219
-0.304271
-0.302288
-0.295954
-0.285086
-0.269624
-0.249654
-0.22541
-0.197273
-0.165758
-0.131485
-0.0951435
-0.057449
-0.0191244
0.0154178
0.0434215
0.068672
0.0912702
0.111336
0.129006
0.144428
0.157756
0.169149
0.178762
0.186746
0.193247
0.198399
0.202326
0.205138
0.206935
0.207801
0.20781
0.207021
0.205484
0.203236
0.200305
0.196712
0.192467
0.187575
0.182037
0.175846
0.168992
0.161464
0.153246
0.144322
0.134673
0.124281
0.113129
0.101201
0.0884795
0.0749539
0.0606143
0.0454559
0.0294795
0.0126924
-0.00488945
-0.02324
-0.0423208
-0.0620784
-0.0824417
-0.103318
-0.124591
-0.146114
-0.167707
-0.189155
-0.2102
-0.23054
-0.249827
-0.267667
-0.283626
-0.297234
-0.307996
-0.315413
-0.319002
-0.318324
-0.313011
-0.302801
-0.287567
-0.267335
-0.242304
-0.212843
-0.179475
-0.142854
-0.103718
-0.0628432
-0.0210128
0.0159147
0.0448242
0.0708884
0.0942067
0.114899
0.133106
0.148977
0.162674
0.174361
0.184202
0.192355
0.198973
0.204197
0.20816
0.210979
0.212759
0.21359
0.213551
0.212705
0.211107
0.208796
0.205804
0.202152
0.197854
0.192916
0.187338
0.181114
0.174236
0.16669
0.158461
0.14953
0.139879
0.129487
0.118336
0.106404
0.093674
0.0801295
0.0657568
0.0505459
0.0344916
0.0175945
-0.000137217
-0.0186861
-0.0380234
-0.0581062
-0.0788751
-0.10025
-0.122126
-0.14437
-0.166814
-0.189253
-0.211436
-0.233063
-0.253785
-0.273197
-0.290842
-0.306218
-0.318784
-0.327982
-0.333256
-0.334082
-0.330005
-0.32067
-0.305865
-0.285546
-0.25986
-0.229151
-0.193943
-0.15492
-0.11287
-0.0686304
-0.0230508
0.0164016
0.0462013
0.0730657
0.0970905
0.118396
0.137122
0.153424
0.16747
0.179429
0.189473
0.197769
0.204478
0.209751
0.213725
0.216526
0.218266
0.219041
0.218935
0.218016
0.216341
0.213955
0.210891
0.207174
0.202817
0.19783
0.192212
0.18596
0.179064
0.17151
0.163283
0.154364
0.144732
0.134366
0.123244
0.111343
0.0986429
0.0851234
0.0707666
0.0555577
0.0394856
0.0225444
0.00473467
-0.0139349
-0.0334455
-0.0537653
-0.074847
-0.0966238
-0.119005
-0.141873
-0.165074
-0.188416
-0.21166
-0.234514
-0.256631
-0.2776
-0.296949
-0.314147
-0.328611
-0.339724
-0.346854
-0.349389
-0.346774
-0.338549
-0.324402
-0.304199
-0.27802
-0.246166
-0.209155
-0.167693
-0.122616
-0.074827
-0.0252464
0.0168803
0.0475578
0.0752109
0.0999296
0.121832
0.14106
0.157772
0.172142
0.184347
0.194566
0.202977
0.209748
0.215038
0.218995
0.221751
0.223425
0.22412
0.223924
0.222912
0.221143
0.218667
0.215519
0.211727
0.207306
0.202266
0.196608
0.19033
0.183421
0.175869
0.167657
0.158766
0.149173
0.138857
0.127793
0.115956
0.103324
0.0898722
0.0755797
0.0604266
0.0443966
0.0274774
0.00966215
-0.00904915
-0.0286474
-0.0491124
-0.0704092
-0.0924855
-0.115266
-0.138649
-0.162499
-0.18664
-0.210849
-0.234848
-0.258295
-0.280783
-0.301829
-0.32088
-0.337315
-0.350461
-0.359611
-0.364059
-0.36314
-0.356279
-0.343043
-0.323189
-0.296709
-0.263845
-0.225094
-0.181175
-0.132969
-0.0814488
-0.0276078
0.0173535
0.0489009
0.0773344
0.102736
0.12522
0.14493
0.162029
0.176695
0.189114
0.199477
0.207967
0.214765
0.220039
0.223946
0.226625
0.228203
0.22879
0.22848
0.227351
0.22547
0.222887
0.219642
0.215763
0.21127
0.206172
0.200474
0.194171
0.187255
0.179713
0.171528
0.16268
0.153146
0.142902
0.131923
0.120183
0.107655
0.0943128
0.0801315
0.0650872
0.0491583
0.0323266
0.014578
-0.00409568
-0.0236951
-0.0442112
-0.0656221
-0.0878901
-0.110957
-0.134737
-0.159116
-0.183938
-0.208998
-0.234036
-0.258726
-0.282667
-0.305375
-0.326283
-0.344737
-0.360014
-0.371333
-0.377892
-0.37891
-0.373679
-0.36163
-0.34239
-0.315837
-0.282134
-0.241735
-0.195363
-0.143942
-0.0885107
-0.0301433
0.017825
0.0502408
0.0794505
0.105526
0.128577
0.148748
0.166205
0.181136
0.193734
0.2042
0.212731
0.219516
0.224735
0.228552
0.231118
0.232567
0.233015
0.232562
0.231293
0.229277
0.226568
0.223211
0.219234
0.21466
0.2095
0.203758
0.197432
0.190513
0.182988
0.174841
0.16605
0.156593
0.146444
0.135577
0.123964
0.111575
0.0983829
0.0843585
0.0694742
0.0537038
0.0370236
0.0194128
0.00085543
-0.0186586
-0.0391312
-0.0605533
-0.0829018
-0.106135
-0.130188
-0.154966
-0.180335
-0.206115
-0.232068
-0.257889
-0.28319
-0.307496
-0.330233
-0.350726
-0.368206
-0.381824
-0.390681
-0.393874
-0.390552
-0.379989
-0.361657
-0.335296
-0.30096
-0.259042
-0.21025
-0.155542
-0.0960263
-0.0328609
0.0182999
0.0515905
0.0815781
0.108321
0.131925
0.152533
0.170319
0.185476
0.198212
0.208737
0.217261
0.223987
0.229104
0.232788
0.2352
0.236482
0.236756
0.23613
0.234693
0.232519
0.229666
0.226179
0.222092
0.217427
0.212198
0.20641
0.200061
0.193143
0.185643
0.177543
0.168824
0.159461
0.149429
0.138698
0.127241
0.115026
0.102022
0.088198
0.0735231
0.0579668
0.0415002
0.0240964
0.00573226
-0.0136112
-0.0339461
-0.055276
-0.0775923
-0.100871
-0.125065
-0.150103
-0.175876
-0.202229
-0.228953
-0.255768
-0.28231
-0.308119
-0.332625
-0.355142
-0.374866
-0.390886
-0.402211
-0.407811
-0.406682
-0.397923
-0.380824
-0.354957
-0.320237
-0.276966
-0.225818
-0.167774
-0.104008
-0.035769
0.0187846
0.0529671
0.0837413
0.11115
0.135292
0.156312
0.17439
0.189731
0.202555
0.213087
0.221551
0.228163
0.233126
0.236629
0.238841
0.239913
0.239976
0.239143
0.237508
0.23515
0.232131
0.228498
0.224287
0.219522
0.214218
0.208381
0.202009
0.195095
0.187626
0.179585
0.17095
0.161699
0.151802
0.141233
0.129959
0.11795
0.105171
0.0915897
0.0771714
0.0618821
0.0456886
0.0285586
0.0104622
-0.0086276
-0.0287326
-0.0498681
-0.0720395
-0.095239
-0.119441
-0.144594
-0.170618
-0.197385
-0.224718
-0.252369
-0.280003
-0.307188
-0.333368
-0.357857
-0.37983
-0.398324
-0.412261
-0.420487
-0.421835
-0.415213
-0.399703
-0.374671
-0.339861
-0.295446
-0.242043
-0.180638
-0.112469
-0.0388759
0.0192873
0.054392
0.0859708
0.114047
0.138713
0.160117
0.178446
0.193921
0.206775
0.217252
0.225594
0.23203
0.236781
0.240046
0.242006
0.242822
0.242632
0.241555
0.239692
0.237124
0.233916
0.230119
0.22577
0.220895
0.215509
0.20962
0.203226
0.19632
0.188889
0.180916
0.17238
0.163255
0.153515
0.143129
0.132067
0.120293
0.107775
0.0944754
0.0803584
0.0653866
0.0495228
0.0327302
0.0149728
-0.00378328
-0.0235689
-0.0444101
-0.0663254
-0.089323
-0.113396
-0.138517
-0.164631
-0.191643
-0.219408
-0.247716
-0.27627
-0.304672
-0.332393
-0.358763
-0.382948
-0.403949
-0.420611
-0.431661
-0.435764
-0.431622
-0.418081
-0.394268
-0.359707
-0.314408
-0.258891
-0.194131
-0.121417
-0.0421902
0.0198184
0.0558922
0.0883046
0.117056
0.142234
0.163988
0.182521
0.198068
0.210886
0.221237
0.229383
0.235574
0.240045
0.243009
0.24466
0.245168
0.24468
0.243321
0.241195
0.238389
0.23497
0.230991
0.226491
0.221497
0.216024
0.21008
0.203665
0.196771
0.189386
0.181491
0.173065
0.164084
0.154518
0.144339
0.133512
0.122005
0.10978
0.0967996
0.0830261
0.0684194
0.052939
0.036544
0.0191934
0.000847199
-0.0185333
-0.0389837
-0.0605347
-0.0832092
-0.107019
-0.131958
-0.157999
-0.185077
-0.213086
-0.241854
-0.271131
-0.30056
-0.329655
-0.357772
-0.384088
-0.407583
-0.427044
-0.441085
-0.448207
-0.446891
-0.435724
-0.413552
-0.379633
-0.333762
-0.276322
-0.208245
-0.130865
-0.0457209
0.0203911
0.0575013
0.0907898
0.120231
0.145906
0.167974
0.186653
0.202202
0.214903
0.225045
0.232911
0.238775
0.242889
0.245482
0.246762
0.246906
0.246072
0.244389
0.241967
0.238894
0.235242
0.231063
0.226399
0.221277
0.215712
0.209713
0.203278
0.196401
0.189069
0.181263
0.172961
0.164139
0.154767
0.144815
0.13425
0.123035
0.111135
0.0985097
0.0851196
0.0709227
0.0558759
0.0399352
0.0230554
0.00519112
-0.0137028
-0.0336703
-0.0547528
-0.0769866
-0.1004
-0.125009
-0.15081
-0.177773
-0.205827
-0.234846
-0.264626
-0.294865
-0.325128
-0.354816
-0.383133
-0.409061
-0.431346
-0.448508
-0.458889
-0.460743
-0.452371
-0.432301
-0.399471
-0.3534
-0.294282
-0.222969
-0.140821
-0.0494778
0.0210216
0.0592609
0.093484
0.123636
0.149793
0.172128
0.190885
0.206351
0.218841
0.228675
0.236165
0.241609
0.24528
0.247425
0.248264
0.247985
0.246753
0.244703
0.24195
0.238583
0.234675
0.230281
0.225441
0.220183
0.214523
0.208469
0.202018
0.195164
0.187893
0.180187
0.172024
0.163376
0.154217
0.144514
0.134233
0.123339
0.111793
0.0995563
0.086587
0.0728419
0.0582759
0.0428424
0.0264932
0.00917867
-0.00915184
-0.0285493
-0.0490639
-0.070744
-0.0936328
-0.117766
-0.143164
-0.169827
-0.197722
-0.226768
-0.256817
-0.287623
-0.318815
-0.349853
-0.379991
-0.408235
-0.433315
-0.453679
-0.467524
-0.472876
-0.467735
-0.450266
-0.419028
-0.373196
-0.312708
-0.238288
-0.151297
-0.053472
0.0217304
0.0612225
0.0964576
0.127347
0.153969
0.176516
0.195266
0.210548
0.222714
0.232125
0.239127
0.244046
0.247178
0.248789
0.249111
0.248346
0.246663
0.244203
0.241082
0.237393
0.233209
0.228585
0.22356
0.218162
0.212406
0.206298
0.199837
0.193014
0.185815
0.178222
0.17021
0.161755
0.152827
0.143393
0.13342
0.122872
0.11171
0.099893
0.0873799
0.074126
0.0600849
0.0452083
0.0294455
0.012744
-0.00495119
-0.0236964
-0.0435495
-0.0645683
-0.0868093
-0.110325
-0.135158
-0.161338
-0.188868
-0.217714
-0.24778
-0.278889
-0.310739
-0.342866
-0.374594
-0.404978
-0.432761
-0.45635
-0.473817
-0.482974
-0.481502
-0.467165
-0.438082
-0.393002
-0.331526
-0.254184
-0.162303
-0.0577161
0.0225432
0.0634501
0.0997964
0.131458
0.15852
0.181209
0.199849
0.214821
0.22653
0.235383
0.241768
0.246041
0.248527
0.249511
0.249238
0.247919
0.24573
0.242816
0.239295
0.235259
0.23078
0.225914
0.220698
0.215157
0.209307
0.203151
0.196687
0.189905
0.18279
0.175323
0.16748
0.159234
0.150556
0.141413
0.131772
0.121595
0.110843
0.0994771
0.0874537
0.074728
0.0612532
0.0469798
0.0318557
0.0158261
-0.00116654
-0.0191829
-0.0382863
-0.0585426
-0.0800187
-0.102782
-0.126894
-0.152412
-0.179372
-0.207784
-0.237609
-0.268737
-0.300947
-0.333864
-0.366898
-0.399183
-0.429511
-0.456278
-0.477469
-0.490697
-0.493324
-0.482682
-0.456377
-0.412644
-0.350647
-0.270636
-0.173855
-0.0622259
0.0234926
0.0660226
0.103605
0.136078
0.163546
0.186286
0.204685
0.219195
0.230287
0.238424
0.244043
0.247537
0.24926
0.249515
0.248563
0.246622
0.243873
0.240463
0.236509
0.232104
0.227317
0.222201
0.216791
0.21111
0.20517
0.198974
0.192518
0.18579
0.178774
0.171449
0.163792
0.155775
0.147368
0.138538
0.12925
0.119469
0.109156
0.0982699
0.0867682
0.0746061
0.0617365
0.0481097
0.033673
0.0183705
0.00214284
-0.0150731
-0.0333447
-0.0527434
-0.0733446
-0.0952267
-0.118469
-0.14315
-0.169339
-0.197085
-0.226406
-0.25726
-0.289509
-0.322879
-0.356887
-0.390772
-0.42341
-0.453231
-0.478175
-0.495689
-0.502825
-0.496458
-0.473618
-0.431918
-0.369964
-0.287618
-0.185972
-0.0670209
0.0246196
0.0690384
0.108009
0.141335
0.169157
0.191827
0.209821
0.223682
0.233966
0.241204
0.245887
0.248453
0.249284
0.248704
0.246986
0.244354
0.240993
0.237049
0.232636
0.227845
0.222741
0.217372
0.21177
0.205956
0.199937
0.193714
0.187281
0.180623
0.173724
0.166561
0.15911
0.151342
0.143227
0.134732
0.125823
0.116464
0.106615
0.0962378
0.0852888
0.073724
0.0614968
0.0485576
0.034854
0.02033
0.00492566
-0.0114234
-0.0287867
-0.0472394
-0.0668627
-0.0877439
-0.109976
-0.133655
-0.158877
-0.185731
-0.214283
-0.24456
-0.276512
-0.309969
-0.344574
-0.379695
-0.41433
-0.446993
-0.47563
-0.497572
-0.50959
-0.508089
-0.48946
-0.45058
-0.389351
-0.305103
-0.198682
-0.0721269
0.0259766
0.0726197
0.113161
0.147378
0.175475
0.197913
0.215293
0.228277
0.237522
0.243646
0.247204
0.248678
0.24848
0.246954
0.244384
0.240997
0.236976
0.232465
0.227574
0.222387
0.216964
0.211347
0.205564
0.19963
0.193548
0.187317
0.180925
0.174359
0.167598
0.160619
0.153396
0.145901
0.138102
0.129968
0.121462
0.112551
0.103194
0.0933539
0.0829882
0.0720536
0.0605042
0.0482917
0.0353644
0.0216671
0.00714049
-0.00827982
-0.0246639
-0.0420888
-0.0606388
-0.0804073
-0.101496
-0.124017
-0.148088
-0.17383
-0.201355
-0.230753
-0.262061
-0.295217
-0.33
-0.365932
-0.402171
-0.437366
-0.469534
-0.495953
-0.513165
-0.517113
-0.503498
-0.468339
-0.408654
-0.323062
-0.212023
-0.0775779
0.0276313
0.0769195
0.119246
0.154376
0.182626
0.204615
0.221113
0.232937
0.240872
0.245636
0.247855
0.248059
0.246691
0.24411
0.240605
0.236404
0.231686
0.226587
0.221208
0.215626
0.209892
0.204042
0.198096
0.192062
0.185942
0.179726
0.173404
0.166955
0.160359
0.153591
0.146623
0.139427
0.131971
0.124223
0.116148
0.107711
0.0988747
0.0896008
0.0798488
0.0695765
0.0587397
0.0472912
0.0351812
0.0223561
0.00875807
-0.00567604
-0.0210154
-0.0373369
-0.054726
-0.0732789
-0.0931038
-0.114322
-0.137069
-0.16149
-0.187739
-0.215961
-0.246273
-0.278726
-0.313236
-0.3495
-0.386868
-0.424181
-0.459597
-0.490428
-0.513056
-0.523005
-0.515252
-0.484834
-0.427682
-0.341458
-0.226048
-0.0834206
0.0296716
0.0821302
0.126483
0.16252
0.190736
0.211979
0.227252
0.237569
0.243874
0.246998
0.247645
0.246394
0.243714
0.239973
0.235463
0.230404
0.224964
0.219268
0.213408
0.207445
0.201422
0.195365
0.189285
0.183185
0.177058
0.170893
0.164672
0.158374
0.151975
0.145449
0.138768
0.131902
0.124819
0.117486
0.109871
0.101938
0.0936513
0.0849736
0.0758661
0.0662884
0.0561979
0.0455497
0.0342963
0.0223862
0.00976411
-0.00363064
-0.0178651
-0.0330142
-0.0491626
-0.0664066
-0.0848568
-0.10464
-0.125903
-0.148812
-0.173549
-0.20031
-0.229283
-0.260621
-0.294384
-0.330453
-0.368399
-0.407305
-0.445551
-0.480582
-0.508726
-0.525162
-0.524145
-0.499618
-0.446187
-0.360245
-0.240831
-0.0897196
0.0322136
0.0884943
0.135135
0.172013
0.199907
0.220003
0.233611
0.242
0.246301
0.247475
0.246304
0.243413
0.239288
0.234301
0.228732
0.22279
0.216626
0.210349
0.204031
0.197721
0.191448
0.185226
0.179056
0.172934
0.166845
0.160773
0.154696
0.14859
0.142428
0.136183
0.129825
0.123323
0.116646
0.109763
0.102639
0.0952415
0.0875355
0.0794852
0.0710537
0.0622026
0.0528918
0.043079
0.0327194
0.0217646
0.0101625
-0.00214417
-0.0152191
-0.0291339
-0.0439701
-0.0598219
-0.076799
-0.0950302
-0.114667
-0.135887
-0.158897
-0.183929
-0.211232
-0.241052
-0.273582
-0.308891
-0.346791
-0.386655
-0.427162
-0.466007
-0.4996
-0.522895
-0.529481
-0.512124
-0.463838
-0.379359
-0.256475
-0.0965666
0.0354136
0.0963205
0.145507
0.183055
0.210198
0.2286
0.239986
0.24594
0.247814
0.246703
0.243468
0.238765
0.233087
0.226793
0.220146
0.21333
0.20647
0.199652
0.192929
0.18633
0.179867
0.173541
0.167343
0.161258
0.155266
0.149342
0.143462
0.137598
0.131721
0.125801
0.119808
0.113711
0.107479
0.101081
0.0944835
0.0876552
0.0805625
0.0731718
0.0654482
0.057356
0.0488576
0.0399138
0.0304831
0.020521
0.00997896
-0.00119594
-0.0130629
-0.025689
-0.039151
-0.0535387
-0.068958
-0.085535
-0.103422
-0.122801
-0.143891
-0.166951
-0.192276
-0.220188
-0.251002
-0.284964
-0.322136
-0.362213
-0.404253
-0.446318
-0.48507
-0.51542
-0.530415
-0.521612
-0.480181
-0.398693
-0.27312
-0.104094
0.0394873
0.106002
0.157945
0.195818
0.221565
0.237538
0.246005
0.248932
0.247914
0.244182
0.238656
0.232006
0.22471
0.2171
0.209402
0.201764
0.194279
0.187002
0.179959
0.173158
0.166593
0.160248
0.154103
0.148133
0.142309
0.136603
0.130985
0.125422
0.119885
0.114343
0.108764
0.103118
0.0973732
0.0914999
0.085467
0.0792436
0.0727986
0.0661004
0.0591168
0.0518148
0.0441601
0.0361169
0.0276474
0.0187112
0.00926447
-0.000741017
-0.0113591
-0.0226511
-0.0346877
-0.0475523
-0.0613442
-0.0761837
-0.092218
-0.109628
-0.128635
-0.149511
-0.172582
-0.198227
-0.226858
-0.258883
-0.294603
-0.334054
-0.37673
-0.421185
-0.464525
-0.501861
-0.525915
-0.527117
-0.494561
-0.41806
-0.290946
-0.112498
0.0447407
0.118043
0.172818
0.210379
0.233786
0.246355
0.25105
0.250283
0.245898
0.239238
0.231252
0.222591
0.213689
0.204825
0.196172
0.187828
0.179845
0.172238
0.165005
0.158126
0.151576
0.145324
0.139336
0.133577
0.128012
0.122606
0.117324
0.112134
0.107001
0.101896
0.096785
0.0916392
0.0864283
0.0811228
0.0756938
0.0701123
0.0643494
0.0583763
0.0521637
0.0456815
0.0388991
0.0317844
0.0243038
0.0164215
0.00809853
-0.000707822
-0.0100454
-0.019969
-0.0305419
-0.0418396
-0.0539529
-0.0669927
-0.0810971
-0.0964382
-0.113233
-0.131753
-0.152336
-0.175395
-0.201415
-0.23093
-0.264458
-0.302367
-0.344622
-0.390377
-0.437386
-0.48126
-0.514742
-0.52736
-0.506023
-0.437117
-0.310179
-0.122075
0.0516253
0.133083
0.190465
0.226611
0.246315
0.25422
0.254147
0.248989
0.240807
0.231006
0.220506
0.20989
0.199508
0.189559
0.18014
0.171289
0.163002
0.155255
0.148008
0.141217
0.134835
0.128815
0.123112
0.11768
0.112478
0.107467
0.102609
0.0978686
0.0932117
0.0886066
0.0840224
0.0794297
0.0748001
0.070106
0.0653203
0.0604167
0.0553689
0.050151
0.0447369
0.0391002
0.0332138
0.0270498
0.0205792
0.0137707
0.00659091
-0.000997118
-0.00903477
-0.0175694
-0.0266565
-0.0363622
-0.0467667
-0.0579696
-0.0700957
-0.0833033
-0.0977954
-0.113832
-0.131746
-0.15196
-0.174995
-0.201473
-0.232086
-0.267496
-0.308137
-0.353836
-0.403181
-0.452633
-0.49543
-0.520657
-0.513146
-0.45522
-0.331061
-0.133288
0.0608352
0.151913
0.211065
0.243966
0.258059
0.259746
0.253832
0.243654
0.2314
0.218435
0.205563
0.193232
0.181662
0.170937
0.161063
0.152
0.143687
0.136051
0.129021
0.122525
0.116497
0.110875
0.105604
0.100631
0.0959105
0.091399
0.0870574
0.0828495
0.0787417
0.0747027
0.0707033
0.0667156
0.0627134
0.0586713
0.0545651
0.0503712
0.0460666
0.0416284
0.0370342
0.0322612
0.0272865
0.0220865
0.0166366
0.0109108
0.00488101
-0.00148353
-0.00821745
-0.0153605
-0.0229595
-0.0310704
-0.0397619
-0.04912
-0.0592533
-0.070302
-0.0824479
-0.0959285
-0.111055
-0.128235
-0.147991
-0.170985
-0.198017
-0.22998
-0.267727
-0.311764
-0.36166
-0.41507
-0.466328
-0.504818
-0.513809
-0.471164
-0.353763
-0.146866
0.073475
0.175434
0.234344
0.261089
0.267028
0.260743
0.24801
0.232448
0.216178
0.200359
0.185561
0.172017
0.159766
0.148752
0.13887
0.129998
0.122016
0.114809
0.108273
0.102314
0.0968511
0.0918118
0.0871331
0.0827592
0.0786412
0.0747354
0.0710027
0.067408
0.0639193
0.0605074
0.0571454
0.0538082
0.0504722
0.0471154
0.0437165
0.0402553
0.0367122
0.0330682
0.0293043
0.0254019
0.0213422
0.017106
0.0126733
0.00802331
0.00313347
-0.00202093
-0.00746767
-0.0132388
-0.019372
-0.025913
-0.0329181
-0.0404582
-0.0486243
-0.0575342
-0.0673435
-0.0782584
-0.0905541
-0.104599
-0.120885
-0.140059
-0.162956
-0.190602
-0.224166
-0.26476
-0.312971
-0.367934
-0.425737
-0.477112
-0.504891
-0.482724
-0.378126
-0.163951
0.0913201
0.204416
0.258948
0.275164
0.269864
0.253969
0.233914
0.213201
0.193557
0.175708
0.159852
0.145927
0.133755
0.123121
0.113813
0.105633
0.0984087
0.0919914
0.0862547
0.0810919
0.0764127
0.0721409
0.0682116
0.0645694
0.0611666
0.0579616
0.0549183
0.0520045
0.0491916
0.0464539
0.043768
0.0411123
0.0384671
0.0358138
0.033135
0.0304143
0.0276357
0.0247841
0.0218445
0.0188023
0.0156429
0.0123514
0.00891257
0.00531049
0.00152803
-0.00245362
-0.0066556
-0.0111023
-0.0158228
-0.0208522
-0.0262342
-0.0320246
-0.0382949
-0.0451394
-0.0526832
-0.0610947
-0.0706023
-0.0815176
-0.0942678
-0.109436
-0.127811
-0.150439
-0.178645
-0.213974
-0.25792
-0.311202
-0.372243
-0.434416
-0.482007
-0.485944
-0.403028
-0.186192
0.117233
0.238721
0.281155
0.280905
0.261344
0.235091
0.208352
0.183802
0.162319
0.143949
0.128399
0.115271
0.104168
0.0947363
0.0866746
0.0797346
0.0737141
0.068449
0.0638066
0.059679
0.0559782
0.052632
0.0495805
0.0467738
0.0441697
0.0417324
0.0394311
0.0372388
0.0351321
0.03309
0.0310938
0.0291265
0.0271727
0.0252179
0.0232489
0.0212532
0.0192189
0.0171347
0.0149897
0.0127732
0.0104746
0.00808334
0.00558854
0.00297888
0.000242258
-0.00263457
-0.00566657
-0.00887109
-0.0122688
-0.0158849
-0.0197511
-0.0239079
-0.0284079
-0.0333207
-0.0387399
-0.0447925
-0.0516529
-0.0595634
-0.0688628
-0.0800275
-0.0937286
-0.110906
-0.132851
-0.161278
-0.198276
-0.245961
-0.305348
-0.373707
-0.439409
-0.47416
-0.425182
-0.215877
0.156131
0.275088
0.291983
0.268806
0.233906
0.199026
0.168432
0.14302
0.122383
0.105741
0.092307
0.0814016
0.0724752
0.0650978
0.0589374
0.0537386
0.0493049
0.0454844
0.0421587
0.0392347
0.0366387
0.0343116
0.0322055
0.0302814
0.0285068
0.0268546
0.0253016
0.0238283
0.0224174
0.021054
0.0197248
0.0184178
0.0171223
0.0158285
0.0145272
0.01321
0.0118691
0.0104968
0.00908606
0.00762988
0.00612144
0.00455393
0.00292045
0.0012138
-0.000573656
-0.00245029
-0.00442561
-0.00651066
-0.00871867
-0.0110659
-0.0135731
-0.0162665
-0.019181
-0.0223628
-0.0258745
-0.0298016
-0.0342632
-0.0394261
-0.045528
-0.0529108
-0.0620715
-0.0737376
-0.0889766
-0.109342
-0.137031
-0.174952
-0.226329
-0.292941
-0.370146
-0.436581
-0.436772
-0.256244
0.213989
0.300598
0.272375
0.223957
0.178792
0.141949
0.113582
0.0922023
0.0761062
0.063888
0.0544971
0.0471734
0.0413731
0.0367081
0.0328997
0.0297459
0.0270987
0.024848
0.022911
0.0212246
0.0197398
0.0184183
0.0172297
0.0161495
0.0151576
0.0142376
0.0133755
0.0125597
0.0117802
0.011028
0.0102956
0.00957621
0.0088636
0.00815225
0.0074371
0.00671346
0.00597699
0.00522359
0.00444938
0.00365062
0.00282369
0.00196499
0.00107089
0.000137599
-0.000838848
-0.00186287
-0.00293946
-0.00407446
-0.00527495
-0.00654971
-0.00790989
-0.00936999
-0.0109491
-0.0126729
-0.0145762
-0.0167069
-0.0191322
-0.0219471
-0.0252884
-0.0293563
-0.034449
-0.0410183
-0.0497611
-0.06177
-0.0787734
-0.103491
-0.140014
-0.193639
-0.268269
-0.357424
-0.419017
-0.305816
0.266009
0.275955
0.198597
0.138936
0.0984644
0.0710662
0.0526643
0.0402607
0.0317401
0.0257331
0.021381
0.0181425
0.0156709
0.0137402
0.0121999
0.0109474
0.00991135
0.00904079
0.00829867
0.00765748
0.00709643
0.00659952
0.00615428
0.00575076
0.00538098
0.00503839
0.00471757
0.00441393
0.00412361
0.00384322
0.00356985
0.00330089
0.00303405
0.00276724
0.00249857
0.00222631
0.00194887
0.00166475
0.00137254
0.00107091
0.000758564
0.000434218
9.65799e-05
-0.000255601
-0.0006238
-0.0010096
-0.00141478
-0.00184146
-0.00229226
-0.00277043
-0.0032802
-0.00382707
-0.00441839
-0.00506403
-0.0057775
-0.00657748
-0.00749021
-0.00855303
-0.00982011
-0.0113716
-0.0133289
-0.0158808
-0.0193308
-0.0241842
-0.0313194
-0.0423284
-0.0601787
-0.0903349
-0.141897
-0.2255
-0.331008
-0.319485
0.142935
0.125432
0.0767435
0.0457847
0.0280219
0.0176529
0.0115782
0.00799234
0.00581832
0.00444647
0.00354125
0.00291661
0.00246703
0.00213103
0.00187161
0.00166568
0.0014983
0.00135943
0.00124212
0.00114138
0.00105356
0.000975938
0.000906397
0.000843294
0.000785319
0.000731407
0.000680681
0.000632407
0.000585963
0.000540811
0.000496486
0.000452578
0.000408721
0.000364589
0.000319888
0.000274348
0.000227724
0.00017979
0.000130332
7.91517e-05
2.60553e-05
-2.9152e-05
-8.66727e-05
-0.000146614
-0.000209265
-0.00027487
-0.000343699
-0.000416095
-0.000492489
-0.000573442
-0.000659684
-0.000752191
-0.000852275
-0.000961721
-0.00108298
-0.00121946
-0.00137595
-0.00155931
-0.0017795
-0.00205143
-0.00239795
-0.00285548
-0.00348471
-0.00439274
-0.00578225
-0.00806642
-0.0121427
-0.0200323
-0.0362275
-0.069559
-0.12766
-0.152141
)
;

boundaryField
{
    movingWall
    {
        type            calculated;
        value           uniform 0;
    }
    fixedWalls
    {
        type            calculated;
        value           uniform 0;
    }
    frontAndBack
    {
        type            empty;
    }
}


// ************************************************************************* //
