/*--------------------------------*- C++ -*----------------------------------*\
  =========                 |
  \\      /  F ield         | OpenFOAM: The Open Source CFD Toolbox
   \\    /   O peration     | Website:  https://openfoam.org
    \\  /    A nd           | Version:  dev
     \\/     M anipulation  |
\*---------------------------------------------------------------------------*/
FoamFile
{
    format      ascii;
    class       volScalarField;
    location    "41.4";
    object      p;
}
// * * * * * * * * * * * * * * * * * * * * * * * * * * * * * * * * * * * * * //

dimensions      [0 2 -2 0 0 0 0];

internalField   nonuniform List<scalar> 
5184
(
1.66563e-06
-9.7361e-06
-9.55958e-05
-0.000248517
-0.000447989
-0.00067673
-0.000920507
-0.00116734
-0.00140809
-0.0016356
-0.00184445
-0.00203062
-0.00219118
-0.00232401
-0.00242765
-0.0025011
-0.00254367
-0.00255494
-0.00253461
-0.00248254
-0.00239862
-0.00228285
-0.00213528
-0.00195603
-0.00174535
-0.00150361
-0.00123136
-0.000929352
-0.000598568
-0.000240284
0.000143915
0.000552103
0.000981985
0.00143089
0.00189575
0.00237313
0.0028592
0.0033498
0.00384044
0.00432639
0.00480271
0.00526431
0.00570607
0.00612291
0.00650988
0.00686225
0.00717567
0.00744621
0.00767049
0.00784578
0.00797007
0.00804214
0.00806167
0.0080292
0.00794624
0.00781524
0.0076396
0.00742362
0.00717253
0.00689238
0.00659003
0.00627311
0.00594992
0.00562942
0.00532117
0.00503526
0.0047822
0.0045726
0.00441644
0.00432216
0.00429523
0.00432252
1.53408e-05
2.89863e-06
-7.17049e-05
-0.000199507
-0.000364817
-0.000555157
-0.000759596
-0.000968525
-0.00117402
-0.00136968
-0.00155046
-0.00171246
-0.0018527
-0.00196895
-0.00205956
-0.00212335
-0.00215944
-0.00216724
-0.00214632
-0.0020964
-0.00201729
-0.00190891
-0.00177126
-0.00160446
-0.00140872
-0.00118442
-0.000932071
-0.000652416
-0.000346409
-1.52695e-05
0.000339496
0.00071607
0.0011123
0.0015257
0.00195342
0.00239228
0.00283877
0.00328905
0.00373904
0.00418441
0.00462066
0.00504318
0.00544734
0.00582854
0.00618233
0.00650449
0.00679111
0.00703871
0.00724429
0.00740549
0.00752056
0.00758853
0.0076092
0.00758319
0.00751197
0.00739788
0.00724409
0.00705463
0.00683429
0.00658864
0.00632392
0.006047
0.00576534
0.00548685
0.00521985
0.00497292
0.00475472
0.00457365
0.00443698
0.00435068
0.00432212
0.00434973
0.000102075
7.73587e-05
2.00352e-06
-0.000115574
-0.000263336
-0.000431643
-0.000611784
-0.000795922
-0.000977354
-0.00115052
-0.00131091
-0.00145494
-0.00157978
-0.00168329
-0.0017638
-0.00182007
-0.00185118
-0.00185644
-0.00183535
-0.00178755
-0.0017128
-0.00161095
-0.00148197
-0.00132592
-0.00114298
-0.000933491
-0.00069793
-0.000436981
-0.000151542
0.000157244
0.000487966
0.000838921
0.0012081
0.00159317
0.00199148
0.00240006
0.00281564
0.00323467
0.00365333
0.00406761
0.00447334
0.00486625
0.00524204
0.00559647
0.00592543
0.00622503
0.00649167
0.00672216
0.00691378
0.00706437
0.00717239
0.007237
0.00725807
0.00723626
0.00717301
0.00707055
0.0069319
0.00676083
0.00656183
0.00634006
0.00610129
0.00585182
0.00559841
0.00534818
0.0051085
0.00488682
0.00469064
0.00452701
0.00440195
0.00432072
0.00429294
0.00432359
0.00025716
0.000205752
0.000117931
-1.05667e-06
-0.000143541
-0.000301743
-0.000468534
-0.000637542
-0.000803226
-0.000960895
-0.00110668
-0.00123743
-0.00135066
-0.00144439
-0.00151709
-0.00156759
-0.00159497
-0.00159856
-0.00157781
-0.00153235
-0.00146187
-0.00136621
-0.00124527
-0.00109905
-0.0009277
-0.000731476
-0.000510804
-0.000266288
1.25829e-06
0.000290788
0.000600999
0.000930312
0.00127686
0.00163846
0.00201264
0.00239662
0.00278731
0.00318139
0.00357526
0.00396515
0.00434711
0.00471713
0.00507114
0.00540513
0.00571523
0.00599776
0.00624932
0.0064669
0.00664796
0.00679046
0.00689297
0.00695471
0.00697562
0.00695633
0.00689825
0.00680352
0.00667501
0.00651632
0.00633168
0.00612594
0.00590448
0.00567315
0.00543815
0.00520599
0.00498331
0.00477679
0.00459306
0.00443837
0.00431818
0.00423752
0.00420649
0.00423177
0.000461976
0.000373367
0.000264751
0.000137018
-7.38123e-06
-0.000162281
-0.000321909
-0.000481261
-0.000635926
-0.000782104
-0.000916612
-0.00103684
-0.00114067
-0.00122642
-0.00129275
-0.00133862
-0.0013632
-0.00136583
-0.00134601
-0.00130332
-0.00123745
-0.00114819
-0.00103538
-0.000898978
-0.000739053
-0.000555789
-0.000349526
-0.000120774
0.000129758
0.000401137
0.000692185
0.00100146
0.00132724
0.0016675
0.00201994
0.00238195
0.00275062
0.00312282
0.00349514
0.00386399
0.00422563
0.00457622
0.00491189
0.00522879
0.00552321
0.00579161
0.00603075
0.00623773
0.0064101
0.0065459
0.00664377
0.00670295
0.00672338
0.0067057
0.00665123
0.00656205
0.0064409
0.00629119
0.00611695
0.00592275
0.00571365
0.00549509
0.00527284
0.00505284
0.00484115
0.00464379
0.00446668
0.00431544
0.00419504
0.00411024
0.00406985
0.00407971
0.000700361
0.000568322
0.000433132
0.000291059
0.000139091
-1.79987e-05
-0.000175604
-0.00032998
-0.00047779
-0.00061611
-0.000742464
-0.000854805
-0.00095146
-0.00103108
-0.00109257
-0.00113508
-0.00115788
-0.0011604
-0.00114217
-0.00110279
-0.00104193
-0.000959327
-0.000854789
-0.000728203
-0.000579552
-0.000408935
-0.000216589
-2.9158e-06
0.000231496
0.000485843
0.000759085
0.00104992
0.00135679
0.00167782
0.00201086
0.00235347
0.00270291
0.00305621
0.00341012
0.0037612
0.00410585
0.00444038
0.00476103
0.00506409
0.00534592
0.0056031
0.00583244
0.0060311
0.00619668
0.00632725
0.00642144
0.00647852
0.00649837
0.0064816
0.00642949
0.00634398
0.00622774
0.006084
0.00591662
0.00572994
0.00552873
0.00531812
0.00510347
0.0048903
0.00468416
0.00449053
0.00431475
0.00416188
0.00403647
0.00394293
0.00388774
0.00387469
0.000958523
0.000779737
0.000614168
0.000453592
0.000289634
0.000125903
-3.39785e-05
-0.000187409
-0.000332054
-0.000465825
-0.000586948
-0.000693953
-0.000785632
-0.000861002
-0.00091926
-0.000959746
-0.000981905
-0.000985262
-0.000969396
-0.000933933
-0.000878538
-0.000802915
-0.000706818
-0.00059006
-0.000452539
-0.00029425
-0.000115318
8.39805e-05
0.00030319
0.000541648
0.000798462
0.00107248
0.0013623
0.0016662
0.00198219
0.00230797
0.00264097
0.00297833
0.00331694
0.00365348
0.00398446
0.00430626
0.00461522
0.00490767
0.00518004
0.00542891
0.00565113
0.00584384
0.00600464
0.00613157
0.00622324
0.00627885
0.00629825
0.00628197
0.0062312
0.00614782
0.00603435
0.00589393
0.00573023
0.00554741
0.00535002
0.00514292
0.00493116
0.00471991
0.00451431
0.00431942
0.00414009
0.00398089
0.00384607
0.00373966
0.00366534
0.00362435
0.00122433
0.000997468
0.000799263
0.000617326
0.000438172
0.000264442
9.89258e-05
-5.68046e-05
-0.00020134
-0.000333383
-0.000451838
-0.000555804
-0.000644545
-0.000717461
-0.00077405
-0.000813883
-0.000836576
-0.000841767
-0.00082911
-0.000798261
-0.000748881
-0.000680645
-0.000593248
-0.000486428
-0.000359985
-0.000213805
-4.78847e-05
0.000137634
0.00034244
0.000566022
0.000807643
0.00106631
0.00134077
0.00162947
0.00193056
0.00224189
0.002561
0.00288516
0.00321137
0.00353638
0.00385679
0.00416901
0.00446942
0.00475436
0.00502025
0.00526366
0.00548138
0.00567052
0.0058286
0.00595359
0.00604404
0.00609904
0.00611837
0.00610246
0.00605242
0.00597001
0.00585765
0.00571836
0.00555569
0.00537363
0.00517656
0.00496913
0.00475615
0.00454251
0.00433305
0.00413249
0.0039453
0.00377566
0.00362757
0.00350477
0.003408
0.00333583
0.00148753
0.00121236
0.000980351
0.000775222
0.000578649
0.000392468
0.000218763
5.81744e-05
-8.87396e-05
-0.000221422
-0.000339422
-0.000442392
-0.000530063
-0.000602214
-0.000658651
-0.000699185
-0.000723608
-0.000731685
-0.000723145
-0.00069768
-0.000654951
-0.000594598
-0.000516258
-0.000419585
-0.000304273
-0.000170089
-1.68943e-05
0.000155316
0.000346385
0.000555962
0.000783475
0.0010281
0.00128873
0.00156397
0.00185211
0.00215115
0.00245873
0.00277224
0.00308873
0.00340505
0.0037178
0.00402343
0.00431829
0.00459871
0.00486104
0.00510178
0.00531764
0.00550564
0.00566316
0.00578808
0.00587879
0.00593429
0.00595423
0.00593892
0.00588935
0.00580718
0.00569471
0.00555486
0.00539105
0.00520717
0.00500745
0.00479639
0.00457862
0.00435884
0.00414166
0.00393157
0.00373274
0.00354905
0.00338438
0.00324226
0.0031205
0.00301517
0.00173912
0.00141616
0.00114994
0.000920547
0.000705092
0.000504726
0.000320928
0.000153493
2.1955e-06
-0.000133099
-0.000252547
-0.000356331
-0.000444631
-0.000517599
-0.000575344
-0.000617914
-0.000645279
-0.000657331
-0.000653874
-0.000634634
-0.000599271
-0.000547388
-0.000478556
-0.000392339
-0.00028832
-0.000166133
-2.54976e-05
0.000133748
0.000311613
0.000507916
0.000722253
0.000953967
0.00120212
0.00146547
0.00174246
0.00203119
0.00232944
0.00263465
0.00294397
0.00325426
0.00356214
0.00386405
0.00415629
0.00443511
0.00469679
0.00493769
0.0051544
0.00534377
0.00550305
0.00562993
0.00572265
0.00578004
0.00580159
0.00578746
0.00573849
0.00565624
0.00554289
0.00540123
0.0052346
0.00504678
0.00484193
0.00462442
0.00439878
0.00416958
0.0039413
0.00371825
0.00350444
0.00330355
0.00311943
0.00295552
0.00280686
0.00266714
0.00197118
0.00160135
0.00130104
0.0010469
0.000811679
0.000595964
0.000400698
0.000224905
6.76294e-05
-7.19033e-05
-0.000194424
-0.000300616
-0.000391086
-0.000466346
-0.000526796
-0.000572711
-0.000604237
-0.000621382
-0.000624024
-0.00061192
-0.00058472
-0.000541985
-0.000483214
-0.000407873
-0.000315424
-0.000205362
-7.72525e-05
6.92336e-05
0.000234278
0.000417878
0.000619808
0.000839589
0.00107645
0.00132931
0.00159674
0.00187697
0.00216789
0.00246702
0.00277154
0.00307834
0.00338404
0.00368502
0.00397751
0.00425765
0.00452159
0.00476555
0.00498591
0.00517934
0.00534288
0.00547401
0.00557075
0.00563173
0.00565623
0.00564423
0.00559642
0.00551419
0.0053996
0.00525535
0.00508467
0.00489127
0.00467924
0.00445291
0.00421676
0.00397528
0.00373291
0.00349388
0.00326214
0.00304125
0.00283516
0.00264736
0.00247027
0.00229534
0.00217654
0.00176105
0.00142714
0.00114816
0.00089276
0.00066098
0.000453299
0.000268024
0.000103525
-4.15771e-05
-0.00016855
-0.000278549
-0.000372586
-0.000451511
-0.000515999
-0.000566543
-0.000603448
-0.000626833
-0.000636642
-0.000632651
-0.000614494
-0.000581682
-0.000533634
-0.000469708
-0.000389237
-0.000291567
-0.000176098
-4.23249e-05
0.000110117
0.000281414
0.000471529
0.000680163
0.000906723
0.00115029
0.00140958
0.00168295
0.00196838
0.00226346
0.00256543
0.00287117
0.00317727
0.00348004
0.00377562
0.00406002
0.0043292
0.00457918
0.00480614
0.00500651
0.00517704
0.00531498
0.00541807
0.00548468
0.00551386
0.00550536
0.00545967
0.00537801
0.00526229
0.00511509
0.00493958
0.0047394
0.0045186
0.00428149
0.00403257
0.00377634
0.00351725
0.00325957
0.00300724
0.00276386
0.00253355
0.00231999
0.00211313
0.00190231
0.00234866
0.00188888
0.00152211
0.00121854
0.000942863
0.000694652
0.000473947
0.000278386
0.000105701
-4.60524e-05
-0.000178648
-0.000293687
-0.000392558
-0.00047643
-0.000546235
-0.000602665
-0.000646173
-0.000676975
-0.000695067
-0.000700237
-0.000692091
-0.000670082
-0.000633536
-0.000581696
-0.000513753
-0.000428895
-0.000326346
-0.000205415
-6.55403e-05
9.36611e-05
0.000272351
0.000470425
0.000687473
0.000922742
0.00117511
0.00144305
0.00172466
0.00201758
0.00231909
0.00262608
0.00293507
0.00324232
0.00354383
0.00383543
0.00411291
0.00437203
0.00460872
0.00481909
0.00499963
0.00514724
0.00525935
0.00533404
0.00537004
0.00536685
0.0053247
0.0052446
0.00512833
0.00497831
0.00479763
0.0045899
0.00435915
0.00410972
0.00384615
0.00357304
0.00329492
0.00301619
0.00274089
0.00247272
0.00221612
0.00197505
0.00173714
0.00148973
0.00248144
0.00197889
0.00158017
0.00125248
0.000956699
0.000691959
0.000457889
0.000251489
6.98876e-05
-8.93955e-05
-0.000228613
-0.00034978
-0.000454645
-0.00054467
-0.000621024
-0.000684582
-0.000735925
-0.000775353
-0.000802901
-0.000818356
-0.000821285
-0.000811068
-0.000786933
-0.000747992
-0.000693286
-0.000621831
-0.000532666
-0.000424899
-0.000297764
-0.000150664
1.67734e-05
0.000204649
0.000412747
0.000640498
0.000886938
0.00115069
0.00142993
0.0017224
0.00202541
0.00233582
0.00265014
0.0029645
0.00327476
0.00357659
0.00386551
0.00413704
0.00438678
0.00461051
0.00480436
0.00496485
0.00508906
0.00517467
0.00522009
0.00522448
0.00518778
0.00511077
0.00499499
0.00484275
0.00465705
0.00444144
0.00419997
0.00393706
0.00365733
0.00336552
0.00306636
0.00276441
0.00246393
0.00216884
0.00188398
0.00161372
0.00134342
0.0010585
0.00256918
0.00202543
0.00159584
0.00124468
0.000929161
0.000648003
0.000400434
0.000182841
-8.22537e-06
-0.000175754
-0.000322451
-0.000450725
-0.000562656
-0.00065998
-0.000744082
-0.000815999
-0.000876426
-0.000925731
-0.000963971
-0.000990918
-0.00100609
-0.00100878
-0.000998102
-0.000973031
-0.000932444
-0.000875174
-0.00080006
-0.000705998
-0.000592
-0.000457245
-0.000301135
-0.000123347
7.61148e-05
0.000296875
0.000538147
0.0007987
0.00107684
0.00137038
0.00167667
0.00199257
0.00231454
0.0026386
0.00296047
0.00327558
0.00357922
0.00386658
0.00413291
0.00437363
0.00458443
0.00476142
0.00490122
0.00500109
0.00505901
0.00507377
0.00504496
0.00497306
0.00485938
0.00470604
0.00451593
0.00429258
0.00404007
0.00376289
0.00346582
0.00315382
0.00283183
0.00250472
0.00217701
0.00185296
0.00153791
0.00123672
0.000932571
0.000608948
0.00260645
0.00202319
0.00156391
0.00119005
0.000855328
0.000558022
0.000296978
6.79908e-05
-0.000132945
-0.000309309
-0.000464235
-0.000600506
-0.00072051
-0.000826236
-0.000919265
-0.00100078
-0.00107157
-0.00113205
-0.00118229
-0.00122203
-0.00125072
-0.00126756
-0.00127155
-0.00126149
-0.0012361
-0.001194
-0.00113383
-0.00105426
-0.000954048
-0.000832146
-0.000687709
-0.000520176
-0.000329319
-0.000115299
0.000121292
0.000379392
0.000657439
0.000953353
0.00126453
0.00158784
0.00191968
0.00225598
0.00259228
0.00292381
0.00324554
0.00355234
0.00383908
0.00410071
0.00433248
0.00452998
0.00468934
0.00480731
0.00488138
0.00490987
0.00489197
0.00482779
0.00471836
0.0045656
0.00437224
0.00414178
0.00387832
0.0035865
0.00327128
0.00293786
0.00259151
0.00223745
0.0018806
0.00152559
0.0011784
0.000844469
0.000504795
0.000140927
0.00258811
0.00196712
0.00147942
0.00108376
0.000730468
0.000417408
0.000143037
-9.74304e-05
-0.000308536
-0.000494228
-0.000658055
-0.000803148
-0.000932187
-0.00104739
-0.00115052
-0.00124289
-0.00132535
-0.00139837
-0.00146199
-0.00151593
-0.00155955
-0.00159195
-0.00161197
-0.00161826
-0.00160934
-0.00158364
-0.00153955
-0.00147551
-0.00139002
-0.00128178
-0.00114966
-0.000992858
-0.000810887
-0.000603668
-0.000371575
-0.000115477
0.000163224
0.000462565
0.000780015
0.00111247
0.00145628
0.00180728
0.00216084
0.00251194
0.00285526
0.0031853
0.00349649
0.0037833
0.00404043
0.00426292
0.00444632
0.00458678
0.00468123
0.00472744
0.0047241
0.0046709
0.00456852
0.0044186
0.00422372
0.0039873
0.0037135
0.00340708
0.00307324
0.00271748
0.00234547
0.00196286
0.00157502
0.00118709
0.000805746
0.000437134
6.00103e-05
-0.000346051
0.00250925
0.00185239
0.00133765
0.000921176
0.000550052
0.000221726
-6.57364e-05
-0.000317682
-0.000539178
-0.000734627
-0.000907968
-0.00106267
-0.00120168
-0.00132743
-0.00144185
-0.00154634
-0.00164185
-0.00172883
-0.00180732
-0.00187698
-0.00193708
-0.00198658
-0.00202418
-0.00204836
-0.00205744
-0.0020496
-0.00202301
-0.00197582
-0.0019063
-0.00181283
-0.00169403
-0.00154878
-0.00137632
-0.00117631
-0.000948879
-0.000694663
-0.000414879
-0.00011134
0.00021352
0.000556643
0.000914356
0.0012824
0.00165599
0.00202985
0.00239836
0.00275561
0.00309555
0.00341212
0.00369943
0.00395187
0.00416434
0.0043323
0.004452
0.00452059
0.00453617
0.00449791
0.00440605
0.00426192
0.00406787
0.00382725
0.00354423
0.00322371
0.00287117
0.00249248
0.00209373
0.00168111
0.00126053
0.0008377
0.000420122
1.4714e-05
-0.000402066
-0.000852707
0.0023652
0.00167445
0.00113414
0.000697904
0.000309762
-3.32705e-05
-0.000333518
-0.000596881
-0.000828935
-0.00103452
-0.00121796
-0.00138302
-0.00153293
-0.00167031
-0.00179722
-0.00191517
-0.00202514
-0.00212759
-0.00222254
-0.00230956
-0.00238782
-0.00245616
-0.0025131
-0.00255693
-0.00258575
-0.00259751
-0.00259012
-0.00256145
-0.00250947
-0.00243225
-0.00232811
-0.00219561
-0.00203369
-0.00184169
-0.00161946
-0.00136739
-0.00108645
-0.000778282
-0.00044518
-9.01278e-05
0.000283207
0.000670497
0.0010668
0.00146661
0.00186397
0.00225254
0.00262578
0.00297704
0.00329976
0.00358762
0.00383475
0.00403585
0.0041864
0.00428278
0.0043224
0.00430381
0.00422673
0.00409207
0.00390193
0.00365949
0.00336894
0.00303535
0.00266447
0.00226257
0.00183628
0.00139235
0.000937344
0.000477632
2.16292e-05
-0.000422868
-0.000881819
-0.00137989
0.00215156
0.001429
0.000864652
0.000409795
5.51188e-06
-0.000351611
-0.000664289
-0.000938965
-0.00118171
-0.00139779
-0.00159188
-0.00176807
-0.00192981
-0.00207991
-0.00222055
-0.00235333
-0.00247925
-0.00259878
-0.00271188
-0.00281804
-0.00291631
-0.00300539
-0.00308362
-0.0031491
-0.00319968
-0.00323307
-0.00324688
-0.00323872
-0.00320621
-0.00314711
-0.00305938
-0.00294125
-0.00279131
-0.00260856
-0.00239252
-0.00214326
-0.00186152
-0.00154868
-0.00120686
-0.000838935
-0.000448526
-4.0001e-05
0.000381565
0.000810444
0.00124034
0.00166449
0.00207579
0.00246698
0.00283076
0.00316002
0.00344803
0.0036886
0.00387632
0.0040067
0.00407633
0.00408301
0.00402581
0.00390515
0.00372275
0.00348162
0.00318592
0.00284085
0.00245246
0.00202748
0.0015731
0.00109675
0.000605712
0.000107112
-0.000389612
-0.00087569
-0.00137965
-0.00192847
0.00186417
0.001112
0.000525248
5.29615e-05
-0.000366535
-0.000737088
-0.00106181
-0.00134766
-0.00160121
-0.00182812
-0.00203343
-0.00222151
-0.00239602
-0.00255996
-0.00271562
-0.00286465
-0.0030081
-0.0031464
-0.00327946
-0.00340667
-0.00352697
-0.00363888
-0.00374058
-0.00382994
-0.00390456
-0.0039619
-0.00399928
-0.00401396
-0.00400324
-0.00396452
-0.00389539
-0.0037937
-0.00365765
-0.00348585
-0.00327746
-0.00303219
-0.00275045
-0.00243334
-0.00208276
-0.0017014
-0.00129281
-0.00086133
-0.000412151
4.87952e-05
0.000514888
0.000978924
0.00143324
0.00186989
0.00228078
0.00265793
0.00299365
0.00328074
0.00351277
0.00368423
0.00379075
0.00382922
0.00379796
0.00369674
0.00352683
0.00329096
0.00299322
0.0026389
0.00223439
0.00178689
0.00130421
0.00079454
0.000265962
-0.00027354
-0.000813393
-0.00134375
-0.00189588
-0.00249928
0.00149915
0.000719688
0.000112256
-0.000376206
-0.000809942
-0.00119323
-0.00152957
-0.00182646
-0.00209091
-0.002329
-0.00254609
-0.00274682
-0.00293508
-0.00311401
-0.00328602
-0.00345281
-0.00361542
-0.00377428
-0.00392923
-0.00407954
-0.00422404
-0.00436108
-0.00448864
-0.00460435
-0.0047056
-0.00478952
-0.00485313
-0.00489336
-0.00490716
-0.00489152
-0.00484364
-0.00476093
-0.00464117
-0.00448256
-0.00428381
-0.00404423
-0.00376383
-0.00344338
-0.00308447
-0.00268958
-0.00226208
-0.0018063
-0.00132744
-0.000831624
-0.000325772
0.000182472
0.000684868
0.00117274
0.00163718
0.00206921
0.00246007
0.00280147
0.00308577
0.00330631
0.00345757
0.0035354
0.00353717
0.00346188
0.0033102
0.00308447
0.00278863
0.00242807
0.00200946
0.0015405
0.00102969
0.000486051
-8.14457e-05
-0.000663856
-0.00124935
-0.00182687
-0.00243069
-0.00309295
0.00105295
0.000248636
-0.00037768
-0.00088101
-0.00132797
-0.00172327
-0.00207081
-0.00237857
-0.00265403
-0.00290363
-0.00313307
-0.00334725
-0.00355025
-0.00374537
-0.00393509
-0.00412119
-0.00430469
-0.004486
-0.00466486
-0.00484048
-0.00501151
-0.00517615
-0.00533217
-0.00547698
-0.00560768
-0.00572112
-0.005814
-0.00588288
-0.00592432
-0.0059349
-0.00591138
-0.00585072
-0.00575021
-0.00560756
-0.005421
-0.00518939
-0.00491226
-0.00458997
-0.00422375
-0.00381575
-0.00336916
-0.00288813
-0.00237791
-0.00184471
-0.00129573
-0.000739043
-0.00018346
0.000361594
0.000886298
0.00138065
0.00183472
0.00223893
0.00258434
0.00286292
0.00306783
0.00319369
0.00323672
0.00319497
0.00306835
0.0028587
0.0025697
0.00220675
0.00177678
0.00128803
0.00074972
0.000171764
-0.00043586
-0.00106315
-0.00169687
-0.00232465
-0.00298398
-0.00370991
0.000522329
-0.000304262
-0.000947585
-0.00146442
-0.00192356
-0.00233013
-0.00268842
-0.00300689
-0.00329344
-0.00355491
-0.00379729
-0.00402572
-0.00424449
-0.00445701
-0.00466587
-0.00487287
-0.00507906
-0.00528477
-0.0054897
-0.00569293
-0.00589298
-0.00608787
-0.00627517
-0.00645204
-0.0066153
-0.00676152
-0.00688703
-0.00698803
-0.00706066
-0.00710106
-0.00710551
-0.00707047
-0.0069927
-0.00686939
-0.00669821
-0.00647747
-0.00620618
-0.0058842
-0.0055123
-0.00509226
-0.00462694
-0.0041203
-0.00357749
-0.0030048
-0.00240963
-0.00180044
-0.00118663
-0.000578361
1.35869e-05
0.000578097
0.00110397
0.00158022
0.00199641
0.00234299
0.00261157
0.0027953
0.00288906
0.00288973
0.00279626
0.0026098
0.00233365
0.00197313
0.00153541
0.00102923
0.000464582
-0.000147646
-0.000796383
-0.00147044
-0.00215504
-0.00283635
-0.00355535
-0.00435023
-9.55545e-05
-0.000941743
-0.00160012
-0.00212907
-0.0025993
-0.00301637
-0.00338495
-0.00371396
-0.00401172
-0.0042854
-0.0045413
-0.00478481
-0.00502037
-0.00525154
-0.00548098
-0.00571054
-0.00594125
-0.00617341
-0.00640664
-0.00663991
-0.0068716
-0.00709955
-0.00732112
-0.00753323
-0.00773243
-0.00791496
-0.0080768
-0.00821375
-0.00832152
-0.00839578
-0.0084323
-0.00842699
-0.00837604
-0.00827604
-0.00812405
-0.00791776
-0.00765558
-0.00733676
-0.00696155
-0.00653122
-0.00604822
-0.00551624
-0.00494022
-0.00432643
-0.00368243
-0.003017
-0.00234009
-0.00166261
-0.00099632
-0.000353509
0.000253246
0.000811425
0.00130893
0.00173444
0.00207784
0.00233055
0.00248583
0.00253914
0.00248825
0.00233342
0.00207738
0.00172525
0.00128435
0.000763912
0.000174734
-0.000471263
-0.00116181
-0.00188441
-0.00262256
-0.0033608
-0.00414393
-0.00501354
-0.000803153
-0.00166615
-0.00233756
-0.00287717
-0.0033574
-0.00378419
-0.00416259
-0.00450196
-0.00481102
-0.00509727
-0.00536728
-0.00562667
-0.00588006
-0.00613113
-0.00638262
-0.0066364
-0.00689351
-0.0071542
-0.00741803
-0.00768384
-0.00794989
-0.00821385
-0.00847285
-0.00872358
-0.00896232
-0.00918495
-0.00938711
-0.0095642
-0.00971144
-0.00982404
-0.0098972
-0.00992626
-0.00990678
-0.00983469
-0.00970636
-0.00951879
-0.0092697
-0.00895767
-0.00858226
-0.00814417
-0.00764534
-0.00708901
-0.00647987
-0.00582404
-0.00512913
-0.00440418
-0.00365963
-0.00290712
-0.00215939
-0.00142996
-0.000732857
-8.22799e-05
0.000507832
0.00102421
0.00145472
0.00178878
0.00201777
0.00213541
0.00213802
0.0020247
0.00179741
0.0014609
0.00102252
0.000491961
-0.000119182
-0.000797877
-0.00153055
-0.00230326
-0.00309761
-0.00389634
-0.00474836
-0.00569894
-0.00160248
-0.00247941
-0.00316178
-0.00371058
-0.00419967
-0.00463538
-0.00502312
-0.00537267
-0.0056931
-0.00599225
-0.00627695
-0.00655303
-0.00682527
-0.00709747
-0.00737246
-0.00765212
-0.00793751
-0.00822884
-0.00852558
-0.00882651
-0.00912971
-0.0094327
-0.00973243
-0.0100253
-0.0103073
-0.0105741
-0.0108209
-0.0110426
-0.011234
-0.0113898
-0.0115046
-0.0115732
-0.0115904
-0.0115514
-0.0114518
-0.011288
-0.0110567
-0.0107559
-0.0103842
-0.00994178
-0.00942979
-0.00885099
-0.00820963
-0.00751158
-0.00676439
-0.00597726
-0.00516102
-0.00432802
-0.00349192
-0.00266752
-0.00187038
-0.00111647
-0.000421756
0.000198326
0.000729354
0.00115845
0.00147478
0.00166999
0.00173861
0.00167828
0.00148991
0.00117767
0.000748808
0.000213353
-0.000416289
-0.00112593
-0.00190058
-0.00272473
-0.00357785
-0.00444068
-0.00536662
-0.00640487
-0.00249508
-0.00338299
-0.0040742
-0.00463069
-0.00512749
-0.00557131
-0.0059679
-0.00632742
-0.00665929
-0.00697164
-0.00727157
-0.00756509
-0.00785716
-0.00815169
-0.00845157
-0.00875875
-0.00907426
-0.00939831
-0.00973029
-0.0100689
-0.0104121
-0.0107572
-0.011101
-0.0114397
-0.0117689
-0.012084
-0.0123798
-0.0126509
-0.0128915
-0.0130957
-0.0132576
-0.0133713
-0.0134309
-0.0134307
-0.0133658
-0.0132313
-0.0130234
-0.012739
-0.0123759
-0.0119333
-0.0114118
-0.0108134
-0.0101416
-0.0094021
-0.00860212
-0.00775092
-0.00685964
-0.00594119
-0.00501018
-0.00408263
-0.00317569
-0.00230723
-0.00149536
-0.00075794
-0.000111932
0.000427162
0.000845917
0.00113355
0.00128239
0.00128825
0.00115068
0.000872962
0.000462045
-7.18042e-05
-0.00071543
-0.00145344
-0.00226935
-0.00314589
-0.0040602
-0.00499081
-0.00599592
-0.00712902
-0.00348202
-0.00437791
-0.00507581
-0.00563847
-0.00614183
-0.00659293
-0.00699785
-0.00736709
-0.00771042
-0.00803624
-0.00835186
-0.00866352
-0.00897633
-0.0092943
-0.00962041
-0.00995665
-0.0103041
-0.0106628
-0.0110323
-0.0114111
-0.0117971
-0.0121874
-0.0125786
-0.0129667
-0.0133472
-0.0137149
-0.0140644
-0.0143897
-0.0146847
-0.0149429
-0.0151577
-0.0153225
-0.0154306
-0.0154757
-0.0154517
-0.0153529
-0.0151746
-0.0149126
-0.0145638
-0.0141264
-0.0135999
-0.0129856
-0.0122864
-0.0115072
-0.0106549
-0.00973875
-0.00876991
-0.00776184
-0.00672995
-0.00569147
-0.00466515
-0.0036708
-0.00272887
-0.00185981
-0.00108341
-0.000418155
0.000119565
0.00051609
0.000761121
0.00084822
0.000775138
0.000543969
0.000161069
-0.000363235
-0.00101511
-0.00177796
-0.00263369
-0.00356313
-0.00454084
-0.00554286
-0.00663263
-0.00786816
-0.00456383
-0.00546468
-0.00616712
-0.00673443
-0.00724318
-0.00770071
-0.00811341
-0.00849211
-0.00884686
-0.00918632
-0.00951804
-0.00984843
-0.0101828
-0.0105252
-0.0108787
-0.0112454
-0.0116264
-0.0120218
-0.0124309
-0.0128523
-0.0132837
-0.0137222
-0.0141642
-0.0146054
-0.0150411
-0.0154657
-0.0158736
-0.0162582
-0.016613
-0.0169309
-0.0172046
-0.0174267
-0.01759
-0.017687
-0.0177108
-0.0176548
-0.017513
-0.0172802
-0.0169522
-0.0165261
-0.0160003
-0.0153751
-0.0146524
-0.0138364
-0.0129336
-0.0119526
-0.0109048
-0.00980388
-0.00866597
-0.00750944
-0.00635456
-0.00522317
-0.00413812
-0.00312267
-0.00219972
-0.00139105
-0.000716453
-0.000192939
0.000166068
0.000351362
0.000358439
0.000187759
-0.000155247
-0.000660435
-0.00131344
-0.00209645
-0.00298972
-0.003972
-0.005015
-0.00609201
-0.00727206
-0.008618
-0.00574053
-0.00664334
-0.00734818
-0.00791862
-0.00843159
-0.00889469
-0.00931459
-0.00970241
-0.0100685
-0.0104216
-0.0107697
-0.0111193
-0.0114758
-0.0118435
-0.0122255
-0.0126239
-0.0130399
-0.0134736
-0.0139243
-0.0143905
-0.0148699
-0.0153594
-0.0158553
-0.0163532
-0.0168479
-0.0173338
-0.0178046
-0.0182536
-0.0186736
-0.019057
-0.0193958
-0.0196819
-0.0199071
-0.0200632
-0.0201422
-0.0201364
-0.0200387
-0.0198426
-0.0195428
-0.019135
-0.0186165
-0.0179863
-0.0172454
-0.0163968
-0.0154463
-0.014402
-0.0132751
-0.0120793
-0.0108313
-0.00955052
-0.00825864
-0.00697949
-0.00573844
-0.00456166
-0.00347544
-0.00250521
-0.0016746
-0.00100445
-0.00051189
-0.000209462
-0.000104493
-0.000198668
-0.000487916
-0.000962601
-0.00160801
-0.00240522
-0.00333273
-0.00436708
-0.00547685
-0.00663225
-0.00790833
-0.00937306
-0.0070116
-0.00791342
-0.00861856
-0.00919065
-0.00970667
-0.0101745
-0.0106009
-0.0109974
-0.0113746
-0.0117414
-0.012106
-0.0124751
-0.0128542
-0.0132477
-0.0136589
-0.01409
-0.0145422
-0.0150156
-0.0155096
-0.0160226
-0.0165523
-0.0170954
-0.0176482
-0.018206
-0.0187635
-0.0193147
-0.019853
-0.0203713
-0.0208619
-0.0213165
-0.0217266
-0.0220833
-0.0223775
-0.0226
-0.0227419
-0.0227941
-0.0227485
-0.0225974
-0.0223338
-0.0219523
-0.0214487
-0.0208207
-0.0200678
-0.0191921
-0.0181982
-0.0170935
-0.0158887
-0.0145975
-0.0132367
-0.0118266
-0.0103903
-0.00895348
-0.007544
-0.00619112
-0.00492468
-0.00377409
-0.00276727
-0.00192944
-0.00128202
-0.000841539
-0.000618805
-0.000618265
-0.000837742
-0.00126853
-0.00189584
-0.00269977
-0.00365705
-0.00474185
-0.00591933
-0.00715631
-0.00853421
-0.0101264
-0.00837597
-0.00927396
-0.00997737
-0.0105497
-0.0110676
-0.0115391
-0.0119715
-0.0123762
-0.0127641
-0.0131444
-0.0135253
-0.0139139
-0.0143157
-0.0147355
-0.0151764
-0.0156409
-0.0161301
-0.0166443
-0.0171829
-0.0177444
-0.0183262
-0.0189252
-0.0195375
-0.0201582
-0.0207818
-0.0214022
-0.0220123
-0.0226046
-0.0231709
-0.0237024
-0.02419
-0.0246238
-0.024994
-0.0252904
-0.0255029
-0.0256214
-0.0256364
-0.0255387
-0.0253201
-0.0249735
-0.0244933
-0.0238754
-0.0231182
-0.0222221
-0.0211905
-0.0200299
-0.01875
-0.0173643
-0.0158896
-0.0143468
-0.0127599
-0.0111566
-0.00956719
-0.00802392
-0.00656042
-0.00521037
-0.00400639
-0.00297863
-0.00215343
-0.00155206
-0.00118953
-0.00107378
-0.00120518
-0.00157648
-0.00217322
-0.00297468
-0.00395589
-0.00508852
-0.006334
-0.00765538
-0.00914089
-0.0108696
-0.00983205
-0.0107235
-0.0114233
-0.0119944
-0.0125131
-0.0129875
-0.0134249
-0.0138372
-0.0142353
-0.0146286
-0.0150256
-0.0154334
-0.0158579
-0.0163037
-0.0167745
-0.0172725
-0.0177992
-0.018355
-0.0189391
-0.0195501
-0.0201856
-0.0208424
-0.0215163
-0.0222025
-0.0228953
-0.0235881
-0.0242739
-0.0249446
-0.0255915
-0.0262053
-0.0267761
-0.0272934
-0.0277465
-0.0281242
-0.0284151
-0.0286082
-0.0286923
-0.028657
-0.0284925
-0.0281901
-0.0277424
-0.0271437
-0.0263907
-0.0254822
-0.0244201
-0.0232094
-0.0218591
-0.0203815
-0.0187936
-0.0171162
-0.0153745
-0.0135975
-0.0118177
-0.0100707
-0.00839386
-0.00682533
-0.00540281
-0.00416194
-0.00313469
-0.00234779
-0.00182132
-0.00156754
-0.00159015
-0.00188403
-0.00243553
-0.00322345
-0.00422118
-0.00539784
-0.00671079
-0.00811896
-0.00971777
-0.0115922
-0.0113777
-0.0122602
-0.0129545
-0.0135232
-0.0140415
-0.0145178
-0.0149596
-0.0153786
-0.0157861
-0.0161918
-0.0166042
-0.0170306
-0.0174771
-0.0179486
-0.0184488
-0.0189802
-0.0195444
-0.0201417
-0.0207717
-0.021433
-0.0221231
-0.0228389
-0.0235761
-0.0243298
-0.0250942
-0.0258625
-0.0266273
-0.0273802
-0.028112
-0.028813
-0.0294726
-0.0300794
-0.0306219
-0.0310879
-0.031465
-0.0317407
-0.0319027
-0.0319388
-0.0318378
-0.0315891
-0.0311837
-0.030614
-0.0298747
-0.0289629
-0.0278787
-0.0266255
-0.0252108
-0.0236461
-0.0219475
-0.0201358
-0.0182367
-0.0162805
-0.0143019
-0.0123392
-0.0104336
-0.00862809
-0.00696569
-0.00548802
-0.00423333
-0.00323467
-0.0025181
-0.00210116
-0.0019918
-0.00218783
-0.00267707
-0.00343825
-0.00444335
-0.00565885
-0.00703779
-0.00853457
-0.0102522
-0.0122818
-0.0130104
-0.0138817
-0.014569
-0.015134
-0.0156509
-0.0161281
-0.0165732
-0.0169981
-0.0174141
-0.0178311
-0.0182578
-0.0187017
-0.0191693
-0.0196654
-0.0201941
-0.0207581
-0.0213591
-0.0219976
-0.0226733
-0.0233848
-0.0241298
-0.0249052
-0.0257067
-0.0265293
-0.0273671
-0.0282131
-0.0290597
-0.029898
-0.0307187
-0.0315112
-0.0322643
-0.0329661
-0.0336041
-0.0341651
-0.0346356
-0.0350018
-0.0352499
-0.0353665
-0.0353383
-0.0351532
-0.0348002
-0.0342697
-0.0335544
-0.0326494
-0.0315526
-0.0302658
-0.0287946
-0.0271491
-0.0253444
-0.0234009
-0.0213442
-0.0192056
-0.0170214
-0.0148329
-0.0126848
-0.0106248
-0.0087017
-0.00696343
-0.00545524
-0.00421732
-0.00328269
-0.00267524
-0.00240822
-0.0024834
-0.00289083
-0.00360978
-0.0046111
-0.00585869
-0.00730101
-0.0088875
-0.0107292
-0.0129236
-0.0147271
-0.0155853
-0.0162643
-0.0168245
-0.017339
-0.0178162
-0.0182635
-0.0186931
-0.0191163
-0.0195432
-0.0199828
-0.0204427
-0.0209297
-0.0214489
-0.0220045
-0.0225996
-0.023236
-0.0239145
-0.0246348
-0.0253959
-0.0261954
-0.0270303
-0.0278964
-0.0287886
-0.0297008
-0.0306261
-0.0315564
-0.0324827
-0.0333951
-0.0342827
-0.0351336
-0.0359352
-0.0366741
-0.0373361
-0.0379066
-0.0383706
-0.0387129
-0.0389184
-0.0389722
-0.0388604
-0.03857
-0.0380892
-0.0374087
-0.0365211
-0.0354224
-0.0341121
-0.0325937
-0.0308757
-0.0289716
-0.0269007
-0.0246886
-0.0223668
-0.019973
-0.0175506
-0.0151482
-0.0128179
-0.0106142
-0.00859199
-0.00680399
-0.0052984
-0.00411622
-0.00328884
-0.00283607
-0.00276473
-0.00306816
-0.00372688
-0.0047111
-0.00598227
-0.00748405
-0.00916052
-0.0111311
-0.0134998
-0.0165244
-0.017368
-0.0180376
-0.0185922
-0.0191035
-0.0195794
-0.0200278
-0.0204607
-0.0208895
-0.0213246
-0.0217749
-0.0222488
-0.0227528
-0.0232928
-0.0238731
-0.0244971
-0.0251667
-0.0258832
-0.0266465
-0.0274555
-0.0283083
-0.0292018
-0.0301318
-0.0310934
-0.0320803
-0.0330855
-0.0341007
-0.0351166
-0.0361229
-0.0371083
-0.0380603
-0.0389656
-0.0398099
-0.0405781
-0.0412545
-0.0418229
-0.0422666
-0.042569
-0.0427136
-0.0426844
-0.0424664
-0.0420459
-0.0414109
-0.0405521
-0.0394628
-0.0381401
-0.0365852
-0.0348044
-0.0328094
-0.0306181
-0.028255
-0.0257518
-0.0231468
-0.0204854
-0.0178191
-0.0152047
-0.0127023
-0.0103738
-0.00828003
-0.00647793
-0.00501756
-0.00393907
-0.00327013
-0.00302399
-0.00319848
-0.00377632
-0.00472773
-0.00601199
-0.00756781
-0.00933353
-0.0114374
-0.01399
-0.0183985
-0.0192267
-0.0198862
-0.0204345
-0.0209416
-0.0214153
-0.0218634
-0.0222979
-0.0227303
-0.0231711
-0.0236297
-0.0241146
-0.0246328
-0.0251905
-0.0257923
-0.026442
-0.0271419
-0.0278935
-0.028697
-0.0295516
-0.0304555
-0.0314056
-0.0323982
-0.033428
-0.0344889
-0.0355737
-0.036674
-0.0377802
-0.0388817
-0.0399666
-0.0410221
-0.0420339
-0.0429872
-0.0438658
-0.0446531
-0.0453314
-0.0458829
-0.0462893
-0.0465325
-0.0465946
-0.0464585
-0.0461083
-0.0455298
-0.0447109
-0.0436426
-0.0423192
-0.0407394
-0.0389069
-0.0368313
-0.0345284
-0.0320214
-0.0293411
-0.0265263
-0.0236234
-0.0206867
-0.0177769
-0.0149599
-0.0123044
-0.0098798
-0.00775251
-0.00598263
-0.00462038
-0.00370277
-0.00325101
-0.00326882
-0.00374237
-0.0046427
-0.00592738
-0.00753012
-0.00938318
-0.011624
-0.0143699
-0.0203454
-0.021158
-0.0218071
-0.0223486
-0.0228508
-0.0233212
-0.0237674
-0.0242014
-0.0246349
-0.0250786
-0.0255421
-0.0260344
-0.026563
-0.0271344
-0.0277537
-0.0284251
-0.0291513
-0.0299341
-0.0307742
-0.0316709
-0.0326227
-0.0336268
-0.0346793
-0.0357752
-0.0369085
-0.0380717
-0.0392562
-0.0404524
-0.0416493
-0.0428344
-0.0439945
-0.0451148
-0.0461794
-0.0471716
-0.0480734
-0.0488662
-0.0495307
-0.0500472
-0.0503959
-0.0505569
-0.0505113
-0.0502408
-0.0497289
-0.0489609
-0.0479251
-0.0466131
-0.0450206
-0.0431486
-0.0410039
-0.0386001
-0.0359583
-0.0331079
-0.0300873
-0.0269437
-0.0237331
-0.0205197
-0.0173747
-0.0143738
-0.0115949
-0.00911443
-0.00700361
-0.00532395
-0.0041234
-0.0034328
-0.00326344
-0.00360638
-0.00443464
-0.00570467
-0.00734533
-0.0092825
-0.0116633
-0.0146116
-0.0223611
-0.0231585
-0.0237973
-0.024332
-0.0248287
-0.0252946
-0.0257371
-0.0261682
-0.0265997
-0.0270426
-0.0275071
-0.0280023
-0.0285365
-0.0291165
-0.0297482
-0.0304362
-0.0311836
-0.0319928
-0.0328647
-0.0337991
-0.0347946
-0.0358487
-0.0369577
-0.0381167
-0.0393196
-0.0405588
-0.0418259
-0.0431107
-0.0444019
-0.0456869
-0.0469517
-0.048181
-0.0493583
-0.0504659
-0.0514848
-0.0523953
-0.0531768
-0.0538081
-0.0542678
-0.0545343
-0.0545866
-0.0544042
-0.0539682
-0.0532613
-0.0522691
-0.0509801
-0.0493872
-0.0474883
-0.0452871
-0.0427943
-0.0400286
-0.0370175
-0.033798
-0.0304173
-0.0269325
-0.0234107
-0.0199275
-0.0165654
-0.0134109
-0.0105508
-0.00806808
-0.0060369
-0.00451774
-0.00355293
-0.00316323
-0.00334635
-0.00407864
-0.0053164
-0.00698387
-0.00900039
-0.0115232
-0.0146828
-0.0244415
-0.0252249
-0.0258544
-0.0263823
-0.026873
-0.0273331
-0.0277699
-0.0281952
-0.0286211
-0.0290589
-0.0295192
-0.0300119
-0.0305457
-0.0311284
-0.0317662
-0.0324644
-0.033227
-0.0340565
-0.0349544
-0.0359208
-0.0369548
-0.0380541
-0.0392151
-0.040433
-0.0417017
-0.0430137
-0.0443603
-0.0457312
-0.0471149
-0.0484982
-0.0498667
-0.0512045
-0.0524945
-0.0537179
-0.0548551
-0.0558851
-0.0567861
-0.0575356
-0.0581105
-0.0584875
-0.0586436
-0.0585563
-0.0582042
-0.0575675
-0.0566289
-0.0553741
-0.0537927
-0.0518793
-0.0496344
-0.0470655
-0.0441883
-0.0410276
-0.0376185
-0.0340072
-0.0302512
-0.0264194
-0.0225914
-0.0188556
-0.0153069
-0.0120426
-0.00915817
-0.00674147
-0.00486712
-0.0035909
-0.00294518
-0.00293633
-0.00354578
-0.00473087
-0.00641176
-0.00850117
-0.011167
-0.0145462
-0.0265824
-0.0273543
-0.0279759
-0.0284977
-0.028982
-0.029435
-0.0298636
-0.0302797
-0.0306955
-0.0311228
-0.0315729
-0.0320564
-0.0325829
-0.0331608
-0.0337974
-0.0344984
-0.0352686
-0.0361112
-0.0370281
-0.03802
-0.0390862
-0.0402247
-0.0414321
-0.0427037
-0.0440336
-0.045414
-0.0468363
-0.0482898
-0.0497628
-0.0512417
-0.0527117
-0.0541563
-0.0555576
-0.0568962
-0.0581514
-0.0593013
-0.0603229
-0.0611923
-0.0618849
-0.0623758
-0.0626401
-0.0626532
-0.0623914
-0.0618324
-0.0609562
-0.0597453
-0.0581863
-0.0562704
-0.0539945
-0.0513625
-0.0483866
-0.0450887
-0.0415011
-0.0376682
-0.0336469
-0.0295071
-0.0253311
-0.0212126
-0.0172543
-0.0135639
-0.0102497
-0.00741417
-0.00514766
-0.00352141
-0.00258169
-0.00234587
-0.00280255
-0.00391166
-0.00559006
-0.00774403
-0.0105527
-0.0141593
-0.0287803
-0.029544
-0.03016
-0.0306767
-0.0311545
-0.0315989
-0.0320165
-0.0324192
-0.0328196
-0.03323
-0.0336627
-0.0341292
-0.03464
-0.0352045
-0.0358309
-0.036526
-0.0372951
-0.0381424
-0.0390702
-0.0400798
-0.0411707
-0.0423414
-0.0435887
-0.044908
-0.0462933
-0.047737
-0.04923
-0.0507617
-0.0523199
-0.0538908
-0.055459
-0.0570074
-0.0585176
-0.0599692
-0.0613409
-0.0626096
-0.0637512
-0.0647407
-0.0655518
-0.0661583
-0.0665332
-0.0666502
-0.0664832
-0.0660076
-0.0652006
-0.0640418
-0.0625146
-0.0606067
-0.0583114
-0.0556288
-0.0525674
-0.0491452
-0.0453915
-0.0413478
-0.0370696
-0.0326265
-0.0281027
-0.0235961
-0.0192163
-0.015081
-0.0113112
-0.00802493
-0.00532949
-0.00331359
-0.00203988
-0.00153935
-0.00181021
-0.00281695
-0.00447428
-0.00668239
-0.00963232
-0.0134736
-0.0310318
-0.0317923
-0.0324059
-0.0329189
-0.0333902
-0.0338243
-0.0342276
-0.034612
-0.0349905
-0.0353766
-0.0357833
-0.0362233
-0.0367085
-0.0372495
-0.0378555
-0.0385344
-0.0392926
-0.0401348
-0.0410643
-0.0420826
-0.04319
-0.044385
-0.0456647
-0.0470247
-0.0484589
-0.0499596
-0.0515176
-0.0531222
-0.0547607
-0.0564189
-0.058081
-0.0597293
-0.0613447
-0.0629061
-0.0643913
-0.0657764
-0.067036
-0.0681439
-0.0690727
-0.0697945
-0.0702806
-0.0705029
-0.0704331
-0.0700444
-0.0693113
-0.0682106
-0.0667226
-0.0648314
-0.0625267
-0.0598047
-0.0566699
-0.0531362
-0.0492289
-0.0449863
-0.0404612
-0.0357222
-0.0308539
-0.0259572
-0.0211475
-0.0165517
-0.0123034
-0.0085363
-0.00537586
-0.0029302
-0.00128082
-0.000475251
-0.00052415
-0.00139893
-0.00301371
-0.00526327
-0.0083515
-0.0124338
-0.0333343
-0.0340983
-0.0347137
-0.0352251
-0.0356899
-0.0361119
-0.0364968
-0.0368569
-0.0372061
-0.0375586
-0.0379292
-0.0383319
-0.03878
-0.0392856
-0.0398595
-0.0405107
-0.0412466
-0.0420729
-0.0429935
-0.0440107
-0.0451252
-0.0463357
-0.0476396
-0.0490325
-0.0505083
-0.0520592
-0.0536759
-0.0553473
-0.0570603
-0.0588004
-0.0605512
-0.0622945
-0.0640104
-0.0656773
-0.0672719
-0.0687694
-0.0701436
-0.0713669
-0.0724107
-0.0732456
-0.0738415
-0.0741683
-0.074196
-0.0738953
-0.0732383
-0.0721992
-0.0707551
-0.068887
-0.0665806
-0.0638285
-0.0606306
-0.0569968
-0.0529479
-0.0485184
-0.0437575
-0.0387314
-0.0335242
-0.0282384
-0.0229938
-0.0179253
-0.0131785
-0.00890273
-0.00524245
-0.00232683
-0.000258799
0.000894559
0.00110689
0.000396995
-0.00115068
-0.00342654
-0.00664844
-0.0109775
-0.0356862
-0.0364621
-0.0370849
-0.0375974
-0.038056
-0.0384634
-0.0388251
-0.0391538
-0.0394645
-0.0397729
-0.0400953
-0.0404478
-0.0408455
-0.0413024
-0.0418308
-0.0424411
-0.0431421
-0.0439403
-0.0448407
-0.045846
-0.0469573
-0.0481738
-0.049493
-0.0509105
-0.05242
-0.0540139
-0.0556822
-0.0574137
-0.0591949
-0.0610108
-0.0628445
-0.0646771
-0.066488
-0.068255
-0.0699538
-0.0715588
-0.0730426
-0.0743768
-0.0755313
-0.0764755
-0.0771777
-0.0776062
-0.077729
-0.0775149
-0.0769337
-0.0759569
-0.0745588
-0.0727169
-0.0704139
-0.0676379
-0.064385
-0.0606603
-0.0564802
-0.0518746
-0.0468885
-0.0415849
-0.0360459
-0.030374
-0.0246922
-0.019142
-0.0138797
-0.00906997
-0.00487656
-0.00145114
0.00107957
0.00262568
0.00314161
0.00263298
0.00118027
-0.00110409
-0.00445328
-0.00903402
-0.0380873
-0.038886
-0.0395232
-0.04004
-0.0404926
-0.0408825
-0.041215
-0.0415037
-0.0417649
-0.0420163
-0.0422766
-0.0425641
-0.0428962
-0.0432891
-0.0437568
-0.0443117
-0.0449637
-0.0457207
-0.0465883
-0.0475701
-0.0486675
-0.0498799
-0.051205
-0.0526382
-0.0541734
-0.0558023
-0.057515
-0.0592996
-0.0611423
-0.0630275
-0.0649377
-0.0668533
-0.0687531
-0.0706139
-0.0724108
-0.0741172
-0.0757048
-0.0771438
-0.0784033
-0.0794511
-0.0802543
-0.0807794
-0.080993
-0.0808616
-0.0803529
-0.0794362
-0.0780828
-0.0762674
-0.073969
-0.0711722
-0.0678689
-0.0640595
-0.0597559
-0.0549828
-0.0497808
-0.0442084
-0.0383448
-0.0322912
-0.0261719
-0.0201334
-0.0143413
-0.00897472
-0.00421659
-0.000242093
0.00279606
0.004782
0.00564701
0.00537965
0.00405328
0.00178114
-0.00168711
-0.00652368
-0.0405389
-0.0413742
-0.0420344
-0.0425595
-0.0430062
-0.0433748
-0.0436708
-0.0439089
-0.0441074
-0.0442869
-0.0444686
-0.0446738
-0.0449229
-0.0452344
-0.0456247
-0.0461081
-0.046696
-0.0473974
-0.048219
-0.049165
-0.050237
-0.0514349
-0.0527562
-0.0541962
-0.0557486
-0.0574048
-0.0591544
-0.060985
-0.0628822
-0.0648299
-0.0668098
-0.0688018
-0.0707838
-0.0727318
-0.07462
-0.0764209
-0.0781051
-0.079642
-0.0809993
-0.0821436
-0.0830407
-0.0836555
-0.083953
-0.0838979
-0.0834559
-0.0825939
-0.0812807
-0.0794883
-0.0771923
-0.0743739
-0.0710207
-0.0671291
-0.0627058
-0.0577706
-0.052359
-0.0465246
-0.0403425
-0.0339111
-0.0273547
-0.0208229
-0.0144888
-0.0085445
-0.00319165
0.00137059
0.00496167
0.00743655
0.00869933
0.0087171
0.00755229
0.00531624
0.00173914
-0.00335678
-0.043045
-0.0439338
-0.0446276
-0.0451655
-0.0456061
-0.0459486
-0.0461987
-0.0463732
-0.0464932
-0.0465827
-0.0466667
-0.0467699
-0.0469161
-0.0471268
-0.0474212
-0.0478155
-0.0483228
-0.0489536
-0.0497153
-0.0506126
-0.0516478
-0.0528205
-0.0541282
-0.0555661
-0.0571274
-0.0588031
-0.0605822
-0.0624516
-0.0643966
-0.0664
-0.0684429
-0.0705044
-0.0725616
-0.0745896
-0.0765618
-0.0784496
-0.0802228
-0.0818494
-0.0832962
-0.0845286
-0.0855108
-0.0862066
-0.0865792
-0.0865916
-0.0862076
-0.085392
-0.0841114
-0.0823347
-0.080035
-0.0771898
-0.073783
-0.0698068
-0.0652633
-0.0601671
-0.0545482
-0.0484551
-0.0419577
-0.035151
-0.0281572
-0.021127
-0.0142396
-0.00769793
-0.00172139
0.00346693
0.00765723
0.0106724
0.0123851
0.012736
0.0117722
0.00959961
0.00592597
0.000567607
-0.0456123
-0.0465758
-0.0473161
-0.047872
-0.0483055
-0.0486152
-0.0488076
-0.0489024
-0.0489248
-0.048903
-0.0488667
-0.0488452
-0.048866
-0.0489545
-0.0491325
-0.0494187
-0.0498281
-0.0503724
-0.0510598
-0.0518956
-0.0528822
-0.0540192
-0.0553039
-0.0567311
-0.0582933
-0.059981
-0.0617825
-0.0636841
-0.06567
-0.0677225
-0.0698217
-0.0719459
-0.0740712
-0.076172
-0.0782206
-0.0801873
-0.082041
-0.0837486
-0.0852757
-0.0865865
-0.0876439
-0.0884103
-0.0888472
-0.0889162
-0.0885792
-0.087799
-0.0865397
-0.0847682
-0.0824545
-0.079573
-0.0761042
-0.0720361
-0.0673664
-0.0621048
-0.0562759
-0.0499225
-0.0431092
-0.0359259
-0.0284917
-0.0209569
-0.013504
-0.00634535
0.000283755
0.00613686
0.0109741
0.0145835
0.0168021
0.017539
0.0168204
0.0147425
0.0109869
0.00536314
-0.0482517
-0.0493161
-0.0501182
-0.0506976
-0.051122
-0.0513897
-0.0515093
-0.0515045
-0.0514059
-0.0512475
-0.0510647
-0.0508923
-0.0507626
-0.050705
-0.0507445
-0.0509024
-0.0511956
-0.051637
-0.0522356
-0.0529971
-0.0539237
-0.055015
-0.0562677
-0.057676
-0.0592317
-0.0609245
-0.0627419
-0.0646693
-0.06669
-0.0687853
-0.0709345
-0.0731147
-0.0753013
-0.0774675
-0.0795846
-0.0816221
-0.0835475
-0.0853267
-0.0869242
-0.0883028
-0.0894243
-0.0902495
-0.0907385
-0.0908513
-0.090548
-0.0897893
-0.0885376
-0.0867571
-0.0844153
-0.0814837
-0.0779395
-0.0737671
-0.0689597
-0.0635225
-0.0574747
-0.0508534
-0.0437175
-0.0361513
-0.0282694
-0.02022
-0.0121871
-0.00439004
0.00292194
0.00948014
0.0150142
0.0192755
0.0220608
0.023242
0.0228183
0.0208711
0.0170503
0.011158
-0.0509797
-0.052177
-0.0530592
-0.0536678
-0.0540791
-0.0542923
-0.0543192
-0.0541898
-0.0539417
-0.0536165
-0.0532567
-0.0529036
-0.0525952
-0.0523652
-0.0522424
-0.0522508
-0.0524089
-0.0527309
-0.0532264
-0.053901
-0.0547569
-0.0557931
-0.0570056
-0.0583876
-0.0599303
-0.0616222
-0.0634497
-0.0653973
-0.0674472
-0.0695796
-0.0717728
-0.0740029
-0.076244
-0.0784684
-0.0806464
-0.0827462
-0.0847343
-0.0865755
-0.0882329
-0.0896682
-0.0908417
-0.0917129
-0.0922404
-0.0923826
-0.0920977
-0.0913447
-0.0900839
-0.0882772
-0.0858897
-0.0828902
-0.0792528
-0.0749582
-0.069996
-0.0643666
-0.0580843
-0.0511807
-0.0437085
-0.0357461
-0.0274029
-0.0188234
-0.0101911
-0.00173005
0.00629869
0.0136058
0.0198908
0.0248663
0.0282852
0.0299759
0.0299038
0.0281285
0.0242622
0.018097
-0.0538198
-0.0551899
-0.0561737
-0.0568164
-0.0572075
-0.0573487
-0.0572572
-0.0569715
-0.0565392
-0.0560111
-0.0554387
-0.0548709
-0.0543522
-0.0539214
-0.0536111
-0.0534477
-0.0534516
-0.0536379
-0.0540163
-0.0545925
-0.0553679
-0.0563406
-0.0575056
-0.0588553
-0.0603794
-0.0620653
-0.0638982
-0.0658612
-0.0679355
-0.0701
-0.0723318
-0.0746059
-0.0768953
-0.079171
-0.0814023
-0.0835561
-0.0855979
-0.0874911
-0.0891977
-0.0906779
-0.0918909
-0.0927945
-0.0933459
-0.0935017
-0.0932186
-0.0924536
-0.0911649
-0.0893124
-0.0868586
-0.0837697
-0.0800169
-0.0755777
-0.0704378
-0.0645934
-0.0580542
-0.0508461
-0.043016
-0.0346362
-0.0258098
-0.0166766
-0.00741816
0.00173923
0.0105249
0.0186309
0.0257274
0.0314869
0.0356146
0.0378889
0.0382335
0.0366784
0.0327891
0.0263451
-0.0568056
-0.0583976
-0.0595079
-0.0601881
-0.0605472
-0.0605919
-0.0603479
-0.0598662
-0.0592067
-0.0584327
-0.0576062
-0.0567852
-0.0560214
-0.055359
-0.0548344
-0.0544766
-0.0543074
-0.0543422
-0.0545907
-0.0550578
-0.0557441
-0.0566463
-0.0577582
-0.0590707
-0.0605719
-0.0622479
-0.0640824
-0.0660572
-0.0681519
-0.0703442
-0.07261
-0.0749229
-0.0772547
-0.0795752
-0.0818524
-0.0840522
-0.0861386
-0.088074
-0.0898188
-0.091332
-0.0925714
-0.0934933
-0.0940533
-0.0942064
-0.0939073
-0.0931113
-0.0917744
-0.0898543
-0.0873112
-0.0841086
-0.0802148
-0.0756042
-0.0702588
-0.064171
-0.0573456
-0.0498034
-0.0415854
-0.0327574
-0.0234162
-0.0136959
-0.00377441
0.00612155
0.0157142
0.0246788
0.0326572
0.0392812
0.0442044
0.0471484
0.0479863
0.0467085
0.0428228
0.0360908
-0.0599842
-0.0618589
-0.0631242
-0.0638422
-0.0641499
-0.0640636
-0.0636223
-0.0628937
-0.0619544
-0.0608829
-0.0597541
-0.0586363
-0.0575891
-0.0566622
-0.0558958
-0.0553209
-0.0549601
-0.0548287
-0.0549357
-0.0552848
-0.055875
-0.0567015
-0.0577561
-0.059028
-0.0605036
-0.0621671
-0.0640008
-0.0659846
-0.0680968
-0.0703136
-0.0726093
-0.0749564
-0.0773253
-0.0796846
-0.0820007
-0.0842386
-0.0863608
-0.0883284
-0.0901005
-0.0916348
-0.0928875
-0.0938133
-0.0943663
-0.0944996
-0.0941663
-0.0933194
-0.0919131
-0.0899025
-0.0872455
-0.0839029
-0.0798401
-0.0750281
-0.0694457
-0.0630809
-0.0559341
-0.0480209
-0.0393764
-0.0300601
-0.0201618
-0.00980907
0.000825021
0.011515
0.0219782
0.0318754
0.0408212
0.0484059
0.0542277
0.0579443
0.0593677
0.0584366
0.0545858
0.0475524
-0.0634217
-0.0656543
-0.0671062
-0.0678563
-0.0680822
-0.0678164
-0.067118
-0.0660774
-0.0647934
-0.0633628
-0.0618758
-0.0604122
-0.0590399
-0.0578139
-0.0567776
-0.0559632
-0.0553935
-0.0550828
-0.0550387
-0.0552628
-0.0557521
-0.0564995
-0.0574946
-0.0587244
-0.0601731
-0.0618232
-0.0636547
-0.0656461
-0.0677738
-0.0700125
-0.072335
-0.0747123
-0.0771134
-0.0795057
-0.0818543
-0.0841225
-0.086272
-0.0882621
-0.0900509
-0.0915944
-0.0928473
-0.0937628
-0.0942932
-0.0943899
-0.094004
-0.0930865
-0.0915891
-0.0894648
-0.0866687
-0.0831589
-0.0788976
-0.0738526
-0.0679986
-0.0613198
-0.0538118
-0.0454847
-0.0363677
-0.0265134
-0.0160044
-0.00496101
0.00644996
0.0180061
0.0294217
0.0403452
0.0503651
0.0590292
0.0658763
0.0704918
0.072615
0.0721175
0.0683403
0.0609852
-0.0672106
-0.0698948
-0.0715671
-0.0723328
-0.0724293
-0.0719156
-0.07088
-0.0694444
-0.0677353
-0.0658722
-0.0639625
-0.0620984
-0.0603559
-0.0587948
-0.0574605
-0.0563855
-0.0555914
-0.0550906
-0.0548881
-0.0549828
-0.0553687
-0.0560359
-0.0569714
-0.0581594
-0.0595819
-0.0612189
-0.0630484
-0.065047
-0.0671892
-0.0694481
-0.0717949
-0.074199
-0.0766282
-0.0790482
-0.081423
-0.0837145
-0.0858829
-0.0878863
-0.0896813
-0.0912225
-0.0924629
-0.0933543
-0.093847
-0.0938907
-0.0934344
-0.092427
-0.0908177
-0.0885571
-0.0855973
-0.0818935
-0.0774044
-0.0720942
-0.0659335
-0.058902
-0.05099
-0.042202
-0.0325604
-0.0221104
-0.0109266
0.000879176
0.0131477
0.0256614
0.0381341
0.0502035
0.0614333
0.0713275
0.0793605
0.0850356
0.0880048
0.0880533
0.0843996
0.0766935
-0.0714812
-0.0747335
-0.0766595
-0.0774066
-0.0773
-0.0764415
-0.0749614
-0.073024
-0.0707907
-0.0684076
-0.0660012
-0.0636761
-0.0615154
-0.0595825
-0.0579232
-0.0565685
-0.0555371
-0.0548383
-0.0544732
-0.0544369
-0.0547198
-0.0553085
-0.0561866
-0.0573353
-0.0587339
-0.0603598
-0.0621889
-0.0641954
-0.0663522
-0.0686304
-0.0709996
-0.0734279
-0.0758813
-0.0783244
-0.0807195
-0.0830275
-0.085207
-0.0872149
-0.0890062
-0.0905341
-0.0917501
-0.0926042
-0.0930452
-0.0930206
-0.0924773
-0.0913621
-0.0896216
-0.0872037
-0.0840574
-0.0801346
-0.0753902
-0.0697844
-0.0632831
-0.0558608
-0.0475018
-0.0382041
-0.0279823
-0.0168732
-0.00494173
0.00771038
0.0209336
0.034518
0.0481793
0.0615472
0.0741615
0.0854807
0.0949083
0.101853
0.105862
0.106608
0.103146
0.0950469
-0.0764185
-0.0803846
-0.0825913
-0.0832552
-0.0828323
-0.0814909
-0.0794223
-0.0768459
-0.0739662
-0.0709595
-0.067972
-0.0651198
-0.0624913
-0.0601504
-0.0581411
-0.0564906
-0.0552128
-0.0543119
-0.0537837
-0.0536186
-0.0538021
-0.0543167
-0.0551421
-0.0562563
-0.0576352
-0.0592537
-0.0610851
-0.0631015
-0.0652738
-0.0675713
-0.0699619
-0.0724121
-0.0748867
-0.0773485
-0.0797588
-0.0820769
-0.0842603
-0.0862645
-0.088043
-0.0895476
-0.0907282
-0.0915334
-0.0919098
-0.0918033
-0.0911585
-0.0899199
-0.0880315
-0.0854382
-0.0820859
-0.0779225
-0.0728992
-0.0669711
-0.0600991
-0.0522512
-0.0434051
-0.0335507
-0.0226934
-0.0108594
0.00189816
0.0154904
0.0297807
0.0445706
0.059582
0.0744402
0.0886631
0.101662
0.112761
0.121258
0.12657
0.128226
0.125055
0.116506
-0.0822894
-0.0871501
-0.0896469
-0.0901117
-0.089198
-0.0871776
-0.0843263
-0.0809351
-0.077259
-0.0735071
-0.0698439
-0.066394
-0.0632472
-0.0604645
-0.0580841
-0.0561264
-0.0545981
-0.0534958
-0.0528088
-0.052521
-0.0526125
-0.0530608
-0.0538412
-0.0549279
-0.0562935
-0.0579098
-0.0597478
-0.0617773
-0.063967
-0.0662846
-0.0686962
-0.0711669
-0.0736599
-0.0761369
-0.0785577
-0.0808805
-0.0830613
-0.0850545
-0.0868122
-0.0882848
-0.0894207
-0.0901668
-0.0904681
-0.0902685
-0.0895106
-0.0881362
-0.0860869
-0.0833044
-0.0797312
-0.0753112
-0.0699909
-0.0637202
-0.0564537
-0.0481524
-0.0387856
-0.0283334
-0.0167898
-0.00416785
0.00949459
0.0241255
0.0396066
0.0557565
0.0723099
0.0888946
0.105011
0.120022
0.133163
0.1436
0.150588
0.153462
0.150737
0.141666
-0.0894852
-0.0954622
-0.0982172
-0.0982799
-0.0966077
-0.0936279
-0.089733
-0.0853023
-0.0806477
-0.0760097
-0.071567
-0.0674465
-0.0637333
-0.0604797
-0.0577136
-0.0554442
-0.0536678
-0.0523714
-0.0515356
-0.0511365
-0.0511479
-0.0515413
-0.0522875
-0.0533563
-0.0547171
-0.0563385
-0.0581888
-0.0602357
-0.0624459
-0.0647851
-0.0672183
-0.0697087
-0.0722183
-0.0747077
-0.0771353
-0.0794582
-0.0816313
-0.0836075
-0.0853379
-0.0867715
-0.0878555
-0.088535
-0.0887535
-0.088453
-0.0875739
-0.0860559
-0.0838377
-0.0808579
-0.0770553
-0.0723696
-0.0667423
-0.0601174
-0.0524424
-0.04367
-0.0337596
-0.0226792
-0.010409
0.00305497
0.0176945
0.0334604
0.0502598
0.0679376
0.0862521
0.104845
0.123208
0.140662
0.156344
0.169262
0.178462
0.183017
0.180995
0.171318
-0.0985964
-0.10595
-0.108841
-0.108151
-0.105308
-0.100969
-0.0956813
-0.0899271
-0.0840762
-0.0783934
-0.0730616
-0.0681998
-0.0638789
-0.0601348
-0.0569781
-0.0544026
-0.0523901
-0.0509151
-0.0499475
-0.0494548
-0.049403
-0.0497575
-0.0504839
-0.0515476
-0.0529143
-0.0545499
-0.05642
-0.05849
-0.0607248
-0.0630887
-0.0655447
-0.0680552
-0.0705808
-0.0730808
-0.0755128
-0.0778326
-0.0799942
-0.0819495
-0.0836483
-0.0850385
-0.0860661
-0.0866747
-0.0868064
-0.0864014
-0.0853982
-0.0837341
-0.0813453
-0.0781672
-0.0741348
-0.0691836
-0.0632496
-0.0562702
-0.0481854
-0.0389382
-0.0284763
-0.0167538
-0.0037334
0.0106098
0.0262829
0.0432672
0.0615051
0.0808808
0.101193
0.122115
0.143153
0.163596
0.182485
0.198638
0.210837
0.217793
0.216918
0.206572
-0.110544
-0.119545
-0.122262
-0.120215
-0.115565
-0.109302
-0.102158
-0.0947283
-0.0874283
-0.08053
-0.0742018
-0.0685385
-0.0635833
-0.0593447
-0.0558086
-0.0529467
-0.0507225
-0.0490954
-0.0480227
-0.0474616
-0.0473699
-0.0477065
-0.0484315
-0.0495062
-0.0508926
-0.0525538
-0.054453
-0.0565535
-0.0588187
-0.0612112
-0.0636931
-0.0662252
-0.0687675
-0.0712781
-0.0737138
-0.0760294
-0.0781781
-0.0801109
-0.0817767
-0.0831225
-0.0840929
-0.0846306
-0.0846763
-0.0841686
-0.0830443
-0.0812386
-0.0786851
-0.0753163
-0.0710635
-0.0658577
-0.0596295
-0.0523095
-0.0438291
-0.0341209
-0.0231195
-0.0107626
0.00300754
0.0182413
0.0349777
0.0532374
0.0730106
0.0942383
0.116782
0.140379
0.164581
0.188685
0.211651
0.232094
0.248457
0.258952
0.260025
0.249063
-0.126828
-0.137651
-0.139491
-0.135052
-0.127625
-0.118642
-0.109044
-0.0995162
-0.0904894
-0.0822075
-0.0747939
-0.0682942
-0.0627052
-0.0579943
-0.0541131
-0.051005
-0.0486109
-0.0468722
-0.0457323
-0.0451373
-0.0450365
-0.0453822
-0.0461292
-0.0472347
-0.0486577
-0.0503585
-0.0522982
-0.0544387
-0.0567418
-0.059169
-0.0616813
-0.0642388
-0.0668004
-0.0693238
-0.0717649
-0.0740781
-0.0762155
-0.0781278
-0.079763
-0.0810673
-0.0819847
-0.0824567
-0.0824231
-0.081821
-0.0805859
-0.0786509
-0.0759476
-0.0724056
-0.067953
-0.0625162
-0.0560203
-0.0483893
-0.0395457
-0.0294111
-0.0179059
-0.00494964
0.00953862
0.0256391
0.0434292
0.0629783
0.0843392
0.10753
0.132507
0.159113
0.187006
0.215553
0.2437
0.26988
0.292134
0.307993
0.312489
0.301341
-0.150036
-0.16242
-0.161865
-0.15327
-0.141603
-0.128816
-0.116017
-0.103918
-0.0928916
-0.0830927
-0.0745515
-0.0672296
-0.0610532
-0.0559326
-0.0517747
-0.0484883
-0.0459884
-0.0441964
-0.0430411
-0.0424576
-0.042387
-0.0427754
-0.043573
-0.0447335
-0.0462133
-0.0479706
-0.0499652
-0.0521575
-0.0545083
-0.0569785
-0.0595283
-0.0621173
-0.0647039
-0.0672452
-0.0696969
-0.0720127
-0.0741446
-0.0760427
-0.0776545
-0.0789259
-0.0798
-0.080218
-0.0801186
-0.0794381
-0.0781107
-0.0760681
-0.0732399
-0.0695534
-0.0649335
-0.0593028
-0.0525814
-0.0446864
-0.0355321
-0.0250287
-0.0130822
0.000406793
0.0155443
0.0324434
0.0512249
0.0720164
0.0949469
0.120136
0.147669
0.177553
0.209631
0.243458
0.278096
0.311939
0.342607
0.366774
0.377485
0.367642
-0.184898
-0.197169
-0.190988
-0.175281
-0.157241
-0.139242
-0.122389
-0.10726
-0.0940364
-0.082683
-0.0730681
-0.0650247
-0.0583802
-0.0529714
-0.0486515
-0.0452909
-0.0427765
-0.0410104
-0.0399074
-0.0393928
-0.0394007
-0.0398724
-0.0407547
-0.0419988
-0.0435595
-0.0453937
-0.0474603
-0.0497191
-0.0521306
-0.0546551
-0.0572527
-0.0598827
-0.0625035
-0.065072
-0.0675436
-0.0698721
-0.0720094
-0.0739051
-0.0755069
-0.0767602
-0.0776081
-0.0779911
-0.0778475
-0.0771132
-0.0757214
-0.0736028
-0.0706855
-0.0668949
-0.0621534
-0.0563802
-0.049491
-0.0413972
-0.0320051
-0.0212146
-0.00891799
0.00500282
0.0206786
0.0382563
0.057903
0.0798095
0.104193
0.131294
0.161366
0.194642
0.231259
0.271128
0.313676
0.357512
0.400157
0.437351
0.459607
0.4553
-0.240281
-0.246866
-0.228437
-0.200845
-0.173494
-0.14862
-0.126898
-0.108449
-0.0930374
-0.080289
-0.0698228
-0.061293
-0.054403
-0.0489049
-0.0445947
-0.0413049
-0.0388975
-0.0372579
-0.0362904
-0.0359133
-0.0360566
-0.0366586
-0.0376648
-0.0390255
-0.0406947
-0.0426295
-0.0447886
-0.0471321
-0.0496204
-0.0522143
-0.0548739
-0.0575588
-0.0602276
-0.0628374
-0.0653438
-0.0677008
-0.0698602
-0.0717721
-0.0733842
-0.0746418
-0.075488
-0.0758635
-0.0757063
-0.0749521
-0.0735335
-0.0713808
-0.0684211
-0.0645784
-0.0597734
-0.0539228
-0.0469388
-0.038728
-0.0291904
-0.0182173
-0.00568884
0.00852909
0.0245898
0.0426716
0.0629858
0.0857865
0.111382
0.140147
0.172532
0.209055
0.250266
0.296643
0.348339
0.404774
0.464034
0.521419
0.564975
0.576619
-0.333022
-0.318372
-0.275154
-0.228633
-0.188254
-0.154805
-0.12772
-0.106082
-0.0888747
-0.0752004
-0.0643366
-0.0557211
-0.0489225
-0.043611
-0.0395333
-0.0364928
-0.0343349
-0.0329361
-0.0321957
-0.0320302
-0.0323689
-0.0331507
-0.0343217
-0.0358331
-0.0376402
-0.0397009
-0.041975
-0.0444235
-0.0470077
-0.0496889
-0.0524282
-0.0551858
-0.0579206
-0.0605905
-0.0631515
-0.0655581
-0.0677625
-0.0697151
-0.0713641
-0.0726551
-0.0735315
-0.0739342
-0.0738014
-0.0730688
-0.0716692
-0.0695326
-0.0665856
-0.0627518
-0.0579508
-0.0520975
-0.0451022
-0.0368682
-0.027291
-0.0162558
-0.00363421
0.0107203
0.0269782
0.0453428
0.0660616
0.0894431
0.115879
0.145872
0.180076
0.219335
0.264717
0.3175
0.379058
0.450538
0.531895
0.619401
0.700973
0.751891
-0.501625
-0.419642
-0.327916
-0.253705
-0.196857
-0.154042
-0.122176
-0.0983921
-0.0804471
-0.0667603
-0.0562365
-0.0481106
-0.0418444
-0.0370552
-0.0334655
-0.0308696
-0.0291117
-0.0280703
-0.0276487
-0.0277676
-0.0283606
-0.0293703
-0.0307462
-0.0324427
-0.0344174
-0.0366307
-0.0390442
-0.0416206
-0.0443226
-0.0471129
-0.0499537
-0.0528062
-0.0556302
-0.0583845
-0.0610258
-0.0635093
-0.065788
-0.0678128
-0.0695324
-0.0708932
-0.071839
-0.0723112
-0.0722485
-0.0715869
-0.0702597
-0.068197
-0.0653258
-0.0615694
-0.0568473
-0.0510741
-0.0441591
-0.0360044
-0.0265035
-0.0155386
-0.00297702
0.0113339
0.027574
0.0459603
0.0667618
0.0903208
0.117084
0.14765
0.182836
0.223782
0.272093
0.33002
0.400686
0.488195
0.596502
0.726657
0.877367
1.02574
-0.850641
-0.553009
-0.361299
-0.253408
-0.183285
-0.135616
-0.103278
-0.0808441
-0.0647475
-0.0528927
-0.0440131
-0.0373022
-0.0322317
-0.0284469
-0.0257018
-0.0238194
-0.0226681
-0.0221464
-0.0221735
-0.0226831
-0.023619
-0.0249321
-0.0265787
-0.0285185
-0.0307139
-0.0331286
-0.0357276
-0.0384762
-0.0413392
-0.0442815
-0.0472668
-0.0502578
-0.0532159
-0.0561007
-0.0588704
-0.061481
-0.0638865
-0.0660388
-0.0678874
-0.0693794
-0.0704596
-0.07107
-0.0711502
-0.0706367
-0.0694636
-0.0675619
-0.0648592
-0.0612797
-0.0567434
-0.051166
-0.0444575
-0.0365211
-0.0272515
-0.0165321
-0.00423184
0.00979987
0.0257404
0.0438039
0.0642562
0.0874371
0.113794
0.143936
0.178719
0.21939
0.267831
0.326992
0.401678
0.499743
0.632391
0.816587
1.09969
1.50768
-1.48535
-0.683438
-0.324183
-0.193727
-0.1282
-0.0889196
-0.0651285
-0.05001
-0.0396517
-0.0321673
-0.0266113
-0.0224513
-0.0193654
-0.017149
-0.0156635
-0.0148088
-0.0145085
-0.0147015
-0.0153368
-0.0163703
-0.0177628
-0.0194784
-0.0214835
-0.0237461
-0.026235
-0.0289195
-0.0317688
-0.0347519
-0.037837
-0.0409915
-0.0441814
-0.0473717
-0.0505254
-0.0536039
-0.056567
-0.0593719
-0.0619739
-0.0643263
-0.0663795
-0.0680818
-0.069379
-0.0702142
-0.0705278
-0.070258
-0.0693394
-0.0677041
-0.0652812
-0.0619962
-0.0577711
-0.0525234
-0.0461658
-0.0386047
-0.029739
-0.019458
-0.00763809
0.00586075
0.0212013
0.0385771
0.0582246
0.0804406
0.10561
0.134248
0.167071
0.205128
0.250031
0.304464
0.373333
0.466408
0.60348
0.832759
1.31079
2.23472
)
;

boundaryField
{
    movingWall
    {
        type            zeroGradient;
    }
    fixedWalls
    {
        type            zeroGradient;
    }
    frontAndBack
    {
        type            empty;
    }
}


// ************************************************************************* //
