/*--------------------------------*- C++ -*----------------------------------*\
  =========                 |
  \\      /  F ield         | OpenFOAM: The Open Source CFD Toolbox
   \\    /   O peration     | Website:  https://openfoam.org
    \\  /    A nd           | Version:  dev
     \\/     M anipulation  |
\*---------------------------------------------------------------------------*/
FoamFile
{
    format      ascii;
    class       volScalarField;
    location    "15.3";
    object      Ux;
}
// * * * * * * * * * * * * * * * * * * * * * * * * * * * * * * * * * * * * * //

dimensions      [0 1 -1 0 0 0 0];

internalField   nonuniform List<scalar> 
5184
(
1.25172e-05
4.53753e-05
8.02234e-05
9.56294e-05
8.16329e-05
3.5822e-05
-4.12445e-05
-0.000147551
-0.000280319
-0.000436489
-0.000612946
-0.000806659
-0.00101477
-0.00123462
-0.00146375
-0.0016999
-0.00194101
-0.00218517
-0.00243059
-0.0026756
-0.00291859
-0.003158
-0.0033923
-0.00361998
-0.0038395
-0.00404934
-0.00424794
-0.00443373
-0.00460514
-0.00476058
-0.00489851
-0.0050174
-0.0051158
-0.00519232
-0.00524573
-0.00527489
-0.00527887
-0.00525695
-0.00520862
-0.00513365
-0.00503212
-0.00490438
-0.00475115
-0.00457347
-0.00437275
-0.00415074
-0.00390952
-0.00365152
-0.00337946
-0.00309633
-0.00280536
-0.00250999
-0.00221376
-0.00192033
-0.00163336
-0.00135648
-0.00109324
-0.000846994
-0.000620884
-0.000417759
-0.000240114
-9.00248e-05
3.09191e-05
0.000121702
0.000181989
0.000212279
0.000214151
0.000190644
0.000146771
9.06037e-05
3.65758e-05
6.22706e-06
2.09151e-05
6.56023e-05
9.43431e-05
7.20966e-05
-1.98995e-05
-0.000188423
-0.000434049
-0.000753547
-0.00114138
-0.00159079
-0.00209442
-0.00264485
-0.00323478
-0.00385722
-0.00450559
-0.0051737
-0.00585576
-0.00654633
-0.00724029
-0.00793275
-0.00861904
-0.00929461
-0.00995498
-0.0105958
-0.0112125
-0.0118009
-0.0123565
-0.0128748
-0.0133516
-0.0137825
-0.0141632
-0.0144897
-0.0147581
-0.0149647
-0.0151063
-0.0151801
-0.0151837
-0.0151152
-0.0149738
-0.0147588
-0.0144707
-0.0141108
-0.0136811
-0.0131847
-0.0126255
-0.0120084
-0.0113391
-0.0106242
-0.00987102
-0.00908774
-0.008283
-0.00746596
-0.00664614
-0.00583324
-0.00503705
-0.00426721
-0.00353308
-0.00284357
-0.00220696
-0.00163071
-0.00112129
-0.000683996
-0.000322741
-3.98147e-05
0.000164406
0.000291833
0.000347193
0.000338729
0.000278897
0.000185504
8.61575e-05
1.9643e-05
1.76142e-05
4.11474e-05
1.91169e-05
-8.47666e-05
-0.000291185
-0.000608841
-0.00103896
-0.00157773
-0.00221799
-0.00295055
-0.00376517
-0.00465114
-0.00559776
-0.0065946
-0.0076316
-0.00869924
-0.00978844
-0.0108906
-0.0119976
-0.0131015
-0.0141948
-0.0152701
-0.0163202
-0.017338
-0.0183165
-0.0192485
-0.0201271
-0.0209454
-0.0216964
-0.0223734
-0.02297
-0.0234797
-0.0238966
-0.0242154
-0.0244311
-0.0245395
-0.0245372
-0.0244218
-0.0241917
-0.0238465
-0.0233872
-0.0228158
-0.0221358
-0.021352
-0.0204707
-0.0194995
-0.0184473
-0.0173242
-0.0161417
-0.0149121
-0.0136487
-0.0123656
-0.0110772
-0.00979829
-0.00854384
-0.00732849
-0.00616645
-0.00507123
-0.00405536
-0.0031301
-0.00230518
-0.00158848
-0.000985751
-0.000500219
-0.000132216
0.000121314
0.000267439
0.00031796
0.000289966
0.000206626
0.000102129
2.49118e-05
8.79131e-06
-7.21514e-06
-0.00010799
-0.000322892
-0.000670081
-0.00115791
-0.00178709
-0.00255287
-0.00344668
-0.00445753
-0.00557295
-0.00677976
-0.00806457
-0.00941415
-0.0108156
-0.0122566
-0.0137251
-0.0152099
-0.0167
-0.0181848
-0.0196543
-0.0210983
-0.0225072
-0.0238714
-0.0251813
-0.0264276
-0.0276007
-0.0286916
-0.0296911
-0.0305903
-0.0313807
-0.0320541
-0.032603
-0.0330202
-0.0332997
-0.033436
-0.0334251
-0.0332639
-0.0329507
-0.0324853
-0.031869
-0.031105
-0.0301978
-0.029154
-0.0279818
-0.0266912
-0.0252939
-0.0238032
-0.0222339
-0.0206019
-0.0189246
-0.01722
-0.0155069
-0.0138044
-0.0121317
-0.0105076
-0.00895059
-0.00747796
-0.00610587
-0.00484878
-0.0037192
-0.0027272
-0.00188014
-0.00118214
-0.000633682
-0.000231093
3.40716e-05
0.00017566
0.000213345
0.000173227
9.26568e-05
2.39502e-05
-2.17025e-06
-6.74305e-05
-0.000264287
-0.00060982
-0.00111645
-0.00179035
-0.0026305
-0.00363053
-0.00478031
-0.00606716
-0.00747674
-0.00899382
-0.0106029
-0.0122883
-0.0140349
-0.0158279
-0.0176528
-0.019496
-0.0213441
-0.023184
-0.0250034
-0.0267898
-0.0285312
-0.0302157
-0.0318316
-0.0333673
-0.0348112
-0.0361521
-0.037379
-0.038481
-0.0394479
-0.04027
-0.040938
-0.0414438
-0.04178
-0.0419405
-0.0419204
-0.0417164
-0.0413267
-0.0407513
-0.0399921
-0.0390527
-0.0379392
-0.0366594
-0.0352234
-0.0336431
-0.0319328
-0.0301083
-0.0281872
-0.0261889
-0.0241339
-0.0220437
-0.0199408
-0.0178479
-0.0157879
-0.0137833
-0.0118561
-0.0100269
-0.00831512
-0.00673794
-0.00531031
-0.00404438
-0.002949
-0.00202932
-0.0012863
-0.000716201
-0.000310071
-5.31861e-05
7.52722e-05
0.000102738
6.71338e-05
1.95867e-05
-1.37204e-05
-0.000132849
-0.000435656
-0.000924025
-0.00160254
-0.00247372
-0.00353372
-0.00477385
-0.00618202
-0.00774374
-0.00944291
-0.0112625
-0.013185
-0.015193
-0.0172692
-0.0193968
-0.0215593
-0.0237407
-0.0259257
-0.0280991
-0.0302463
-0.0323529
-0.0344047
-0.0363878
-0.0382885
-0.0400931
-0.0417884
-0.0433611
-0.0447985
-0.0460882
-0.0472184
-0.0481778
-0.0489561
-0.0495439
-0.049933
-0.0501165
-0.0500891
-0.049847
-0.0493885
-0.0487138
-0.047825
-0.0467267
-0.0454259
-0.0439315
-0.0422552
-0.0404109
-0.0384145
-0.0362843
-0.0340405
-0.0317051
-0.0293013
-0.0268539
-0.0243883
-0.0219305
-0.0195066
-0.0171424
-0.0148628
-0.0126917
-0.0106511
-0.00876094
-0.00703839
-0.00549756
-0.00414893
-0.00299886
-0.00204916
-0.00129657
-0.000732346
-0.00034182
-0.00010409
8.40478e-06
3.21613e-05
1.35482e-05
-2.51851e-05
-0.000199866
-0.000613475
-0.00125148
-0.00210939
-0.00318503
-0.00447084
-0.00595511
-0.00762337
-0.00945909
-0.0114443
-0.0135603
-0.0157878
-0.0181077
-0.0205009
-0.0229488
-0.0254331
-0.0279361
-0.0304405
-0.0329292
-0.0353859
-0.0377941
-0.040138
-0.0424018
-0.0445699
-0.046627
-0.0485581
-0.0503483
-0.0519834
-0.0534495
-0.0547333
-0.0558225
-0.0567055
-0.0573721
-0.0578131
-0.0580211
-0.0579902
-0.0577164
-0.0571979
-0.0564349
-0.0554301
-0.0541886
-0.0527179
-0.0510284
-0.0491327
-0.0470463
-0.0447868
-0.0423745
-0.0398317
-0.0371825
-0.0344529
-0.0316702
-0.0288625
-0.0260588
-0.0232879
-0.0205786
-0.0179588
-0.0154549
-0.0130918
-0.0108917
-0.00887433
-0.00705565
-0.00544793
-0.00405903
-0.00289195
-0.00194445
-0.0012086
-0.000670523
-0.000310055
-0.000100439
-7.98681e-06
6.7988e-06
-3.63081e-05
-0.00026661
-0.000792647
-0.00158329
-0.00262438
-0.00390835
-0.00542325
-0.00715381
-0.00908275
-0.0111912
-0.0134594
-0.0158665
-0.018392
-0.0210149
-0.0237146
-0.0264709
-0.0292641
-0.0320747
-0.0348838
-0.0376729
-0.0404237
-0.0431185
-0.0457394
-0.0482693
-0.050691
-0.0529875
-0.0551424
-0.0571394
-0.0589627
-0.0605973
-0.0620287
-0.0632434
-0.0642288
-0.0649737
-0.0654683
-0.0657046
-0.0656761
-0.0653786
-0.06481
-0.0639707
-0.0628635
-0.0614939
-0.0598701
-0.0580031
-0.0559068
-0.0535975
-0.0510947
-0.0484199
-0.0455974
-0.0426533
-0.0396157
-0.0365143
-0.0333798
-0.0302435
-0.0271372
-0.0240922
-0.0211391
-0.0183071
-0.0156236
-0.0131135
-0.0107986
-0.00869728
-0.0068237
-0.0051875
-0.00379328
-0.00264024
-0.00172182
-0.0010255
-0.000532509
-0.000217569
-5.06508e-05
-1.32186e-07
-4.69944e-05
-0.000332104
-0.000970198
-0.00191387
-0.00313914
-0.00463266
-0.00637765
-0.00835486
-0.0105438
-0.0129232
-0.0154709
-0.0181645
-0.0209815
-0.0238997
-0.0268971
-0.0299518
-0.0330429
-0.0361494
-0.0392511
-0.042328
-0.0453605
-0.0483292
-0.0512152
-0.0539996
-0.056664
-0.0591901
-0.0615599
-0.063756
-0.0657615
-0.0675599
-0.0691358
-0.0704746
-0.0715629
-0.0723885
-0.0729409
-0.0732114
-0.0731931
-0.0728814
-0.0722739
-0.071371
-0.0701753
-0.0686928
-0.0669319
-0.0649042
-0.0626242
-0.0601095
-0.0573802
-0.0544597
-0.0513734
-0.0481493
-0.0448176
-0.0414099
-0.0379591
-0.0344992
-0.0310643
-0.0276885
-0.0244049
-0.0212455
-0.0182404
-0.015417
-0.0127997
-0.0104092
-0.00826196
-0.00636969
-0.00473898
-0.00337089
-0.00226067
-0.00139764
-0.000764904
-0.000339096
-9.42772e-05
-6.97562e-06
-5.72342e-05
-0.000395877
-0.00114441
-0.00223973
-0.00364815
-0.00535038
-0.00732453
-0.0095471
-0.0119942
-0.0146417
-0.0174652
-0.0204404
-0.0235432
-0.0267498
-0.0300368
-0.0333813
-0.0367609
-0.0401534
-0.0435375
-0.0468918
-0.0501956
-0.0534284
-0.0565698
-0.0595998
-0.0624987
-0.0652471
-0.0678259
-0.0702164
-0.0724005
-0.0743609
-0.0760811
-0.0775453
-0.0787395
-0.0796505
-0.0802672
-0.0805801
-0.0805817
-0.0802669
-0.079633
-0.07868
-0.0774105
-0.0758302
-0.073948
-0.0717756
-0.069328
-0.0666234
-0.063683
-0.0605309
-0.0571942
-0.0537022
-0.0500868
-0.0463815
-0.0426216
-0.0388431
-0.0350828
-0.0313773
-0.0277625
-0.0242732
-0.0209421
-0.0177996
-0.0148727
-0.0121849
-0.00975499
-0.00759732
-0.00572076
-0.00412862
-0.00281835
-0.00178151
-0.00100339
-0.000462816
-0.000138053
-1.36164e-05
-6.70465e-05
-0.000457705
-0.00131428
-0.00255866
-0.00414772
-0.0060562
-0.00825702
-0.0107222
-0.0134243
-0.0163363
-0.0194313
-0.0226831
-0.0260658
-0.0295543
-0.0331238
-0.0367503
-0.0404101
-0.0440802
-0.0477379
-0.0513611
-0.0549278
-0.0584165
-0.0618058
-0.0650746
-0.0682022
-0.0711682
-0.0739522
-0.0765348
-0.0788967
-0.0810197
-0.0828863
-0.0844798
-0.0857853
-0.0867888
-0.0874783
-0.0878436
-0.0878765
-0.0875713
-0.0869247
-0.0859362
-0.0846081
-0.0829459
-0.0809582
-0.0786568
-0.076057
-0.0731774
-0.0700396
-0.0666688
-0.0630929
-0.0593427
-0.0554515
-0.0514548
-0.0473898
-0.0432949
-0.0392093
-0.0351722
-0.0312225
-0.0273978
-0.0237338
-0.020264
-0.0170183
-0.0140231
-0.0113004
-0.00886719
-0.006735
-0.00490979
-0.00339158
-0.00217445
-0.00124612
-0.000587726
-0.000181656
-2.00286e-05
-7.64551e-05
-0.000517488
-0.00147923
-0.00286926
-0.00463534
-0.00674637
-0.00917005
-0.0118739
-0.0148269
-0.0179987
-0.0213602
-0.0248831
-0.0285399
-0.0323038
-0.036149
-0.0400502
-0.0439829
-0.047923
-0.0518469
-0.0557317
-0.0595544
-0.0632926
-0.0669241
-0.0704268
-0.0737793
-0.0769599
-0.0799477
-0.0827221
-0.0852631
-0.0875515
-0.0895687
-0.0912976
-0.0927218
-0.0938268
-0.0945996
-0.0950292
-0.0951065
-0.0948251
-0.0941809
-0.0931726
-0.0918021
-0.0900743
-0.0879974
-0.0855829
-0.0828462
-0.0798058
-0.0764838
-0.0729059
-0.0691008
-0.0651005
-0.0609398
-0.0566558
-0.0522876
-0.047876
-0.0434627
-0.0390897
-0.0347988
-0.0306308
-0.0266246
-0.022817
-0.0192414
-0.0159274
-0.0129003
-0.0101802
-0.00778184
-0.00571409
-0.00397984
-0.00257595
-0.00149274
-0.000713675
-0.000225088
-2.62392e-05
-8.54817e-05
-0.000575178
-0.00163889
-0.00317055
-0.00510921
-0.00741809
-0.0100598
-0.0129973
-0.0161958
-0.0196221
-0.0232444
-0.0270325
-0.030957
-0.0349899
-0.039104
-0.0432732
-0.0474718
-0.0516751
-0.0558587
-0.0599987
-0.0640717
-0.0680543
-0.0719236
-0.0756569
-0.0792318
-0.082626
-0.0858178
-0.0887856
-0.0915088
-0.0939671
-0.0961413
-0.0980131
-0.0995654
-0.100783
-0.101651
-0.102159
-0.102295
-0.102053
-0.101428
-0.100417
-0.0990208
-0.0972446
-0.0950954
-0.0925843
-0.0897261
-0.0865392
-0.0830459
-0.0792721
-0.0752472
-0.0710042
-0.0665789
-0.0620102
-0.0573392
-0.0526089
-0.0478636
-0.0431483
-0.038508
-0.0339867
-0.029627
-0.0254693
-0.0215508
-0.0179047
-0.01456
-0.0115405
-0.00886437
-0.00654375
-0.0045847
-0.0029871
-0.00174398
-0.000841117
-0.000268573
-3.23072e-05
-9.41423e-05
-0.00063074
-0.00179298
-0.00346181
-0.00556795
-0.00806916
-0.010923
-0.0140882
-0.0175261
-0.0212006
-0.0250774
-0.029124
-0.0333096
-0.0376047
-0.041981
-0.0464113
-0.0508694
-0.0553295
-0.0597667
-0.0641565
-0.0684747
-0.0726976
-0.0768015
-0.0807631
-0.0845594
-0.0881674
-0.0915646
-0.0947289
-0.0976388
-0.100273
-0.102612
-0.104636
-0.106327
-0.10767
-0.108647
-0.109247
-0.109459
-0.109274
-0.108685
-0.107689
-0.106287
-0.10448
-0.102277
-0.0996862
-0.0967226
-0.0934042
-0.0897527
-0.0857944
-0.0815589
-0.0770799
-0.0723946
-0.0675431
-0.0625687
-0.0575165
-0.0524337
-0.0473683
-0.0423686
-0.0374824
-0.0327561
-0.0282342
-0.0239579
-0.0199648
-0.0162879
-0.0129549
-0.009988
-0.00740296
-0.00520933
-0.00341017
-0.00200136
-0.000970931
-0.000312482
-3.83108e-05
-0.000102446
-0.000684135
-0.00194126
-0.00374241
-0.00601038
-0.00869771
-0.0117572
-0.0151432
-0.0188135
-0.0227291
-0.0268531
-0.0311511
-0.0355906
-0.0401408
-0.0447722
-0.0494569
-0.0541678
-0.0588785
-0.0635637
-0.0681981
-0.0727573
-0.0772169
-0.0815529
-0.0857414
-0.0897588
-0.0935817
-0.097187
-0.100552
-0.103654
-0.106472
-0.108984
-0.111171
-0.113014
-0.114494
-0.115596
-0.116306
-0.11661
-0.1165
-0.115967
-0.115006
-0.113616
-0.111799
-0.10956
-0.106909
-0.103857
-0.100422
-0.0966268
-0.0924958
-0.0880594
-0.0833517
-0.0784108
-0.0732784
-0.0679995
-0.0626218
-0.0571951
-0.0517706
-0.0464004
-0.0411363
-0.0360289
-0.031127
-0.0264766
-0.0221198
-0.0180942
-0.0144321
-0.0111599
-0.00829748
-0.00585811
-0.00384835
-0.00226699
-0.0011043
-0.000357289
-4.43399e-05
-0.000110393
-0.000735302
-0.00208348
-0.00401175
-0.00643542
-0.00930203
-0.0125598
-0.016159
-0.020054
-0.0242027
-0.028566
-0.0331076
-0.0377931
-0.0425907
-0.04747
-0.0524019
-0.0573589
-0.0623141
-0.0672415
-0.0721157
-0.0769117
-0.0816048
-0.0861707
-0.0905852
-0.0948241
-0.0988637
-0.10268
-0.106251
-0.109552
-0.112561
-0.115257
-0.117618
-0.119625
-0.121259
-0.122501
-0.123338
-0.123754
-0.123737
-0.12328
-0.122375
-0.121019
-0.119213
-0.116959
-0.114265
-0.111144
-0.107611
-0.103686
-0.0993954
-0.0947687
-0.0898402
-0.084649
-0.0792379
-0.0736538
-0.0679467
-0.0621694
-0.0563765
-0.050624
-0.0449678
-0.0394635
-0.0341646
-0.0291221
-0.0243833
-0.019991
-0.0159824
-0.0123886
-0.00923415
-0.00653635
-0.00430547
-0.00254337
-0.00124262
-0.000403535
-5.04916e-05
-0.000117976
-0.000784162
-0.00221935
-0.00426923
-0.00684198
-0.00988046
-0.0133285
-0.0171325
-0.0212436
-0.0256168
-0.0302108
-0.0349872
-0.0399105
-0.0449473
-0.0500664
-0.0552381
-0.0604341
-0.0656272
-0.0707911
-0.0758999
-0.0809286
-0.0858522
-0.090646
-0.0952857
-0.0997467
-0.104005
-0.108037
-0.111818
-0.115325
-0.118534
-0.121424
-0.123972
-0.126157
-0.127959
-0.129359
-0.13034
-0.130887
-0.130986
-0.130626
-0.129799
-0.128499
-0.126725
-0.124478
-0.121764
-0.118593
-0.114979
-0.110943
-0.106507
-0.101702
-0.0965624
-0.0911272
-0.0854406
-0.0795513
-0.0735116
-0.0673773
-0.0612066
-0.0550596
-0.0489968
-0.0430788
-0.0373646
-0.0319107
-0.0267702
-0.0219913
-0.017617
-0.0136837
-0.0102207
-0.00724999
-0.00478581
-0.00283333
-0.00138744
-0.000451809
-5.68688e-05
-0.000125183
-0.000830609
-0.00234856
-0.00451418
-0.00722895
-0.0104313
-0.014061
-0.0180608
-0.0223786
-0.0269668
-0.031782
-0.036784
-0.0419358
-0.0472029
-0.0525533
-0.0579567
-0.0633842
-0.0688083
-0.0742024
-0.0795406
-0.0847975
-0.0899481
-0.0949677
-0.0998316
-0.104515
-0.108994
-0.113244
-0.117241
-0.120961
-0.124379
-0.127473
-0.13022
-0.132597
-0.134583
-0.136158
-0.137304
-0.138002
-0.138238
-0.137998
-0.137272
-0.136052
-0.134334
-0.132117
-0.129406
-0.126207
-0.122533
-0.118403
-0.113839
-0.10887
-0.10353
-0.0978594
-0.0919022
-0.0857091
-0.0793348
-0.0728379
-0.0662805
-0.0597269
-0.0532427
-0.0468938
-0.0407452
-0.0348594
-0.0292958
-0.0241091
-0.0193481
-0.0150553
-0.0112654
-0.00800544
-0.00529404
-0.00313989
-0.00154041
-0.000502733
-6.35769e-05
-0.000131997
-0.000874523
-0.00247074
-0.00474588
-0.00759514
-0.0109529
-0.014755
-0.0189407
-0.0234551
-0.0282482
-0.0332743
-0.0384917
-0.043862
-0.0493499
-0.0549223
-0.0605485
-0.0661993
-0.0718468
-0.0774644
-0.0830259
-0.0885061
-0.0938798
-0.0991224
-0.104209
-0.109115
-0.113817
-0.118288
-0.122506
-0.126445
-0.13008
-0.133389
-0.136346
-0.13893
-0.141116
-0.142884
-0.144212
-0.145083
-0.145477
-0.145381
-0.14478
-0.143665
-0.142028
-0.139867
-0.137183
-0.13398
-0.130269
-0.126067
-0.121394
-0.116277
-0.110751
-0.104855
-0.0986341
-0.0921406
-0.0854312
-0.0785677
-0.0716157
-0.0646441
-0.0577239
-0.0509269
-0.0443241
-0.0379851
-0.031976
-0.0263585
-0.0211882
-0.016514
-0.012377
-0.00880945
-0.005835
-0.00346622
-0.00170325
-0.000556949
-7.07224e-05
-0.000138396
-0.000915759
-0.00258549
-0.00496355
-0.00793932
-0.0114433
-0.0154079
-0.0197691
-0.0244693
-0.0294561
-0.0346821
-0.0401039
-0.045682
-0.0513801
-0.0571645
-0.063004
-0.068869
-0.0747316
-0.0805649
-0.086343
-0.0920407
-0.0976328
-0.103095
-0.108402
-0.11353
-0.118454
-0.12315
-0.127592
-0.131756
-0.135617
-0.139149
-0.142329
-0.145132
-0.147534
-0.149512
-0.151043
-0.152106
-0.152682
-0.152753
-0.152302
-0.151318
-0.149789
-0.147711
-0.14508
-0.141899
-0.138177
-0.133926
-0.129165
-0.12392
-0.118224
-0.112116
-0.105642
-0.0988545
-0.0918121
-0.0845798
-0.077227
-0.0698275
-0.0624576
-0.0551953
-0.0481187
-0.0413045
-0.0348264
-0.0287538
-0.0231498
-0.0180708
-0.0135642
-0.00966892
-0.00641371
-0.00381558
-0.00187772
-0.000615112
-7.84123e-05
-0.000144354
-0.000954162
-0.00269238
-0.00516639
-0.00826019
-0.0119008
-0.0160173
-0.0205429
-0.0254172
-0.030586
-0.0359999
-0.0416143
-0.0473885
-0.0532854
-0.0592708
-0.0653129
-0.0713821
-0.0774504
-0.0834909
-0.0894779
-0.0953861
-0.101191
-0.106868
-0.112392
-0.11774
-0.122887
-0.127807
-0.132477
-0.136871
-0.140963
-0.144728
-0.148141
-0.151177
-0.153809
-0.156013
-0.157765
-0.159042
-0.159822
-0.160083
-0.159809
-0.158981
-0.157589
-0.155621
-0.153073
-0.149943
-0.146236
-0.141963
-0.13714
-0.13179
-0.125944
-0.119641
-0.112927
-0.105854
-0.0984838
-0.0908834
-0.0831261
-0.0752903
-0.0674584
-0.0597147
-0.0521448
-0.0448333
-0.0378622
-0.0313091
-0.0252457
-0.0197364
-0.0148362
-0.0105909
-0.00703525
-0.00419128
-0.00206563
-0.000677885
-8.6755e-05
-0.000149844
-0.000989563
-0.00279095
-0.00535354
-0.00855641
-0.0123234
-0.0165807
-0.0212587
-0.0262948
-0.0316329
-0.0372221
-0.0430163
-0.0489741
-0.0550574
-0.0612317
-0.0674649
-0.0737272
-0.0799906
-0.0862285
-0.0924152
-0.098526
-0.104536
-0.110422
-0.116159
-0.121723
-0.12709
-0.132236
-0.137134
-0.141761
-0.14609
-0.150095
-0.15375
-0.157028
-0.159904
-0.16235
-0.164342
-0.165852
-0.166857
-0.167334
-0.167261
-0.166618
-0.16539
-0.163563
-0.161127
-0.158079
-0.154418
-0.150153
-0.145295
-0.139866
-0.133895
-0.127418
-0.120481
-0.113136
-0.105447
-0.0974825
-0.08932
-0.0810425
-0.0727381
-0.0644985
-0.0564167
-0.0485861
-0.0410974
-0.0340378
-0.0274881
-0.0215215
-0.0162018
-0.0115823
-0.00770474
-0.00459666
-0.00226877
-0.000745938
-9.58599e-05
-0.000154837
-0.00102179
-0.00288074
-0.00552414
-0.00882664
-0.0127093
-0.0170955
-0.0219133
-0.0270982
-0.0325922
-0.0383429
-0.0443034
-0.050431
-0.0566874
-0.0630375
-0.0694489
-0.075892
-0.0823388
-0.088763
-0.0951391
-0.101443
-0.10765
-0.113737
-0.11968
-0.125455
-0.131039
-0.136406
-0.141533
-0.146394
-0.150962
-0.155212
-0.159116
-0.162647
-0.165778
-0.168481
-0.170727
-0.17249
-0.173742
-0.174457
-0.174611
-0.174181
-0.173146
-0.171491
-0.1692
-0.166266
-0.162684
-0.158459
-0.153599
-0.148122
-0.142053
-0.135428
-0.128289
-0.120691
-0.112696
-0.104376
-0.0958108
-0.0870894
-0.0783052
-0.069557
-0.0609464
-0.0525756
-0.0445452
-0.0369525
-0.0298886
-0.0234366
-0.0176698
-0.0126501
-0.00842723
-0.00503503
-0.00248895
-0.000819942
-0.000105837
-0.000159303
-0.00105066
-0.00296129
-0.00567733
-0.00906955
-0.0130565
-0.0175592
-0.0225037
-0.0278235
-0.033459
-0.0393569
-0.0454689
-0.0517519
-0.0581669
-0.0646784
-0.0712542
-0.0778644
-0.0844814
-0.0910791
-0.0976325
-0.104118
-0.110511
-0.11679
-0.12293
-0.128909
-0.134704
-0.140289
-0.145641
-0.150734
-0.155542
-0.160039
-0.164197
-0.167988
-0.171384
-0.174354
-0.17687
-0.178902
-0.180421
-0.181397
-0.181803
-0.181613
-0.180802
-0.179349
-0.177237
-0.174451
-0.170985
-0.166836
-0.162009
-0.156518
-0.150385
-0.143641
-0.136328
-0.128499
-0.120216
-0.111554
-0.102595
-0.0934312
-0.0841634
-0.0748972
-0.0657429
-0.0568124
-0.0482169
-0.0400647
-0.0324581
-0.0254914
-0.0192484
-0.0138011
-0.00920774
-0.00550971
-0.00272799
-0.000900569
-0.000116796
-0.000163212
-0.00107602
-0.00303216
-0.0058123
-0.00928388
-0.0133633
-0.0179695
-0.0230267
-0.0284668
-0.034229
-0.0402586
-0.0465067
-0.0529294
-0.0594874
-0.0661449
-0.0728696
-0.0796319
-0.0864044
-0.0931612
-0.0998781
-0.106532
-0.113099
-0.119557
-0.125884
-0.132058
-0.138054
-0.14385
-0.149421
-0.154743
-0.159789
-0.164533
-0.168947
-0.173002
-0.176668
-0.179916
-0.182713
-0.18503
-0.186832
-0.18809
-0.188772
-0.188848
-0.18829
-0.187073
-0.185173
-0.182573
-0.17926
-0.175226
-0.170471
-0.165005
-0.158844
-0.152018
-0.144563
-0.136532
-0.127987
-0.119001
-0.109661
-0.100062
-0.0903115
-0.0805216
-0.0708118
-0.0613044
-0.0521217
-0.0433842
-0.0352064
-0.027695
-0.0209458
-0.0150417
-0.0100511
-0.00602394
-0.00298767
-0.000988492
-0.000128849
-0.000166538
-0.0010977
-0.00309292
-0.0059283
-0.00946846
-0.013628
-0.0183242
-0.0234796
-0.0290248
-0.0348978
-0.041043
-0.0474107
-0.0539565
-0.0606406
-0.0674274
-0.0742844
-0.0811822
-0.0880938
-0.0949938
-0.101858
-0.108665
-0.115391
-0.122016
-0.128516
-0.134871
-0.141058
-0.147055
-0.152836
-0.15838
-0.163658
-0.168645
-0.173313
-0.177633
-0.181574
-0.185105
-0.188193
-0.190805
-0.192907
-0.194465
-0.195445
-0.195813
-0.195536
-0.194586
-0.192934
-0.190557
-0.187437
-0.183559
-0.17892
-0.173522
-0.167377
-0.160508
-0.152951
-0.144754
-0.135976
-0.126692
-0.116991
-0.10697
-0.0967422
-0.0864277
-0.0761547
-0.0660561
-0.0562665
-0.046919
-0.0381421
-0.0300558
-0.0227693
-0.0163781
-0.0109621
-0.0065809
-0.00326976
-0.00108438
-0.000142109
-0.000169256
-0.00111558
-0.00314323
-0.00602467
-0.00962228
-0.0138492
-0.0186213
-0.0238599
-0.0294943
-0.0354616
-0.0417054
-0.0481753
-0.0548265
-0.061619
-0.0685169
-0.0754881
-0.0825034
-0.089536
-0.0965612
-0.103556
-0.110498
-0.117366
-0.12414
-0.130798
-0.137319
-0.143683
-0.149866
-0.155847
-0.1616
-0.167102
-0.172325
-0.177242
-0.181824
-0.186039
-0.189855
-0.193239
-0.196156
-0.19857
-0.200444
-0.201741
-0.202424
-0.202456
-0.201804
-0.200435
-0.19832
-0.195433
-0.191757
-0.187279
-0.181996
-0.175914
-0.16905
-0.161436
-0.153113
-0.144141
-0.134593
-0.124556
-0.114134
-0.103442
-0.0926074
-0.0817683
-0.0710683
-0.0606549
-0.050675
-0.0412719
-0.0325808
-0.0247257
-0.0178161
-0.0119451
-0.00718368
-0.003576
-0.00118891
-0.000156693
-0.000171346
-0.00112953
-0.0031828
-0.00610088
-0.0097445
-0.0140257
-0.0188593
-0.0241655
-0.0298727
-0.0359172
-0.0422417
-0.0487956
-0.0555335
-0.0624154
-0.0694052
-0.0764711
-0.0835841
-0.0907179
-0.0978485
-0.104953
-0.112011
-0.119002
-0.125906
-0.132702
-0.139372
-0.145894
-0.152248
-0.158411
-0.164361
-0.170073
-0.175521
-0.180678
-0.185514
-0.189998
-0.194099
-0.19778
-0.201006
-0.20374
-0.205942
-0.207572
-0.208591
-0.208958
-0.208634
-0.207582
-0.205767
-0.203157
-0.199727
-0.19546
-0.190343
-0.184376
-0.17757
-0.169949
-0.161551
-0.152431
-0.142658
-0.132322
-0.121525
-0.110388
-0.0990459
-0.0876438
-0.0763373
-0.0652872
-0.0546554
-0.044601
-0.035276
-0.0268207
-0.0193609
-0.0130045
-0.00783525
-0.0039081
-0.00130274
-0.000172716
-0.000172794
-0.00113947
-0.00321141
-0.00615656
-0.00983456
-0.0141567
-0.019037
-0.0243949
-0.030158
-0.0362618
-0.0426487
-0.0492675
-0.0560725
-0.0630236
-0.0700848
-0.0772244
-0.0844138
-0.0916273
-0.0988414
-0.106035
-0.113186
-0.120278
-0.127289
-0.134202
-0.140999
-0.147659
-0.154163
-0.16049
-0.166617
-0.172523
-0.17818
-0.183562
-0.188641
-0.193386
-0.197763
-0.201738
-0.205274
-0.208332
-0.21087
-0.212847
-0.214219
-0.214943
-0.214975
-0.214272
-0.212794
-0.210504
-0.207368
-0.203362
-0.198465
-0.19267
-0.18598
-0.178411
-0.169994
-0.160779
-0.150832
-0.140239
-0.129105
-0.117552
-0.105721
-0.0937663
-0.0818544
-0.0701597
-0.05886
-0.0481319
-0.0381454
-0.0290593
-0.0210173
-0.014144
-0.0085384
-0.00426771
-0.00142653
-0.000190298
-0.00017359
-0.00114537
-0.00322898
-0.00619153
-0.00989216
-0.0142418
-0.0191538
-0.0245471
-0.0303488
-0.0364938
-0.042924
-0.0495878
-0.0564395
-0.0634386
-0.0705495
-0.0777404
-0.0849834
-0.0922532
-0.0995271
-0.106784
-0.114006
-0.121172
-0.128267
-0.135272
-0.142171
-0.148944
-0.155574
-0.162041
-0.168324
-0.174401
-0.180247
-0.185837
-0.191143
-0.196134
-0.200777
-0.205038
-0.208878
-0.212259
-0.215137
-0.217468
-0.219207
-0.220306
-0.220718
-0.220395
-0.21929
-0.217361
-0.214568
-0.210875
-0.206256
-0.200694
-0.194182
-0.186729
-0.178357
-0.169109
-0.159047
-0.148251
-0.136825
-0.124894
-0.112603
-0.100114
-0.0876048
-0.0752639
-0.0632856
-0.0518649
-0.0411917
-0.0314451
-0.022789
-0.0153672
-0.00929577
-0.00465641
-0.00156094
-0.000209562
-0.000173733
-0.00114724
-0.00323553
-0.00620585
-0.00991738
-0.0142809
-0.0192097
-0.024622
-0.0304448
-0.0366123
-0.0430663
-0.0497547
-0.0566317
-0.0636568
-0.0707943
-0.078013
-0.0852852
-0.0925862
-0.0998942
-0.107189
-0.114453
-0.121668
-0.128818
-0.135888
-0.14286
-0.149719
-0.156448
-0.163027
-0.169439
-0.175661
-0.181672
-0.187446
-0.192957
-0.198175
-0.203067
-0.2076
-0.211735
-0.215432
-0.218648
-0.221337
-0.22345
-0.224939
-0.225751
-0.225835
-0.225138
-0.223611
-0.221206
-0.21788
-0.213598
-0.208332
-0.202066
-0.194799
-0.186543
-0.177333
-0.167222
-0.156286
-0.144625
-0.132365
-0.119652
-0.106657
-0.0935678
-0.0805864
-0.0679245
-0.0557969
-0.0444149
-0.0339803
-0.0246792
-0.0166771
-0.0101098
-0.00507571
-0.00170659
-0.000230632
-0.000173233
-0.00114513
-0.00323124
-0.00619985
-0.0099107
-0.0142748
-0.0192052
-0.0246203
-0.0304465
-0.0366178
-0.0430756
-0.0497677
-0.0566479
-0.063676
-0.0708162
-0.0780377
-0.0853132
-0.0926187
-0.0999331
-0.107237
-0.114515
-0.121748
-0.128924
-0.136027
-0.143042
-0.149955
-0.15675
-0.163411
-0.16992
-0.176258
-0.182404
-0.188334
-0.194023
-0.199443
-0.204563
-0.209348
-0.213761
-0.217763
-0.221309
-0.224353
-0.226845
-0.228733
-0.229961
-0.230474
-0.230214
-0.229126
-0.227155
-0.224248
-0.220362
-0.215459
-0.20951
-0.202504
-0.194443
-0.185349
-0.175266
-0.164263
-0.152435
-0.139904
-0.12682
-0.113358
-0.0997153
-0.0861078
-0.0727647
-0.0599216
-0.0478131
-0.0366654
-0.0266897
-0.018076
-0.0109825
-0.00552702
-0.0018641
-0.000253633
-0.000172108
-0.00113918
-0.00321646
-0.00617416
-0.00987306
-0.0142246
-0.0191421
-0.0245437
-0.0303557
-0.036512
-0.0429535
-0.0496278
-0.0564888
-0.063496
-0.0706141
-0.0778122
-0.0850638
-0.0923455
-0.0996369
-0.10692
-0.114179
-0.121399
-0.128567
-0.135669
-0.142693
-0.149625
-0.156452
-0.16316
-0.169731
-0.17615
-0.182397
-0.18845
-0.194286
-0.199878
-0.205197
-0.21021
-0.21488
-0.219168
-0.223031
-0.226421
-0.229287
-0.231577
-0.233231
-0.234191
-0.234394
-0.233779
-0.232283
-0.229847
-0.226416
-0.221942
-0.216385
-0.209719
-0.201935
-0.193043
-0.183074
-0.172088
-0.160171
-0.147442
-0.134049
-0.12017
-0.106012
-0.0918022
-0.0777889
-0.0642287
-0.0513811
-0.0394991
-0.0288215
-0.0195658
-0.0119157
-0.00601161
-0.00203408
-0.000278694
-0.000170389
-0.00112957
-0.00319173
-0.00612977
-0.00980596
-0.0141324
-0.0190227
-0.024395
-0.0301756
-0.0362981
-0.0427031
-0.0493381
-0.0561568
-0.0631188
-0.0701889
-0.0773366
-0.0845357
-0.0917637
-0.0990011
-0.106231
-0.113439
-0.12061
-0.127735
-0.1348
-0.141795
-0.148708
-0.155529
-0.162243
-0.168839
-0.1753
-0.181609
-0.187748
-0.193694
-0.199423
-0.204907
-0.210117
-0.215015
-0.219566
-0.223725
-0.227446
-0.230677
-0.233365
-0.235449
-0.236867
-0.237553
-0.237439
-0.236457
-0.234539
-0.23162
-0.227641
-0.22255
-0.216307
-0.208889
-0.200291
-0.190531
-0.179655
-0.16774
-0.154896
-0.141269
-0.127037
-0.112412
-0.0976369
-0.0829743
-0.0687038
-0.0551109
-0.0424778
-0.0310739
-0.0211474
-0.0129108
-0.00653062
-0.00221709
-0.000305947
-0.000168121
-0.00111659
-0.00315778
-0.00606804
-0.00971147
-0.0140009
-0.0188504
-0.0241784
-0.0299107
-0.0359809
-0.0423295
-0.0489035
-0.0556568
-0.0625486
-0.0695442
-0.0766134
-0.0837304
-0.0908736
-0.0980243
-0.105167
-0.112287
-0.119374
-0.126417
-0.133406
-0.140332
-0.147186
-0.153958
-0.160638
-0.167214
-0.173674
-0.180004
-0.186185
-0.1922
-0.198026
-0.203638
-0.209007
-0.214101
-0.218883
-0.223311
-0.227341
-0.230921
-0.233996
-0.236507
-0.238387
-0.239568
-0.239978
-0.239543
-0.238185
-0.235832
-0.232412
-0.227862
-0.222126
-0.215166
-0.206959
-0.19751
-0.186847
-0.175036
-0.162174
-0.148399
-0.133891
-0.118865
-0.103572
-0.0882919
-0.0733273
-0.0589908
-0.0455956
-0.0334448
-0.0228207
-0.0139688
-0.007085
-0.00241365
-0.000335521
-0.00016536
-0.0011006
-0.00311561
-0.00599079
-0.00959233
-0.0138339
-0.0186301
-0.0238992
-0.0295673
-0.0355674
-0.0418398
-0.0483314
-0.0549957
-0.0617923
-0.0686863
-0.0756481
-0.0826526
-0.0896786
-0.0967085
-0.103728
-0.110724
-0.117687
-0.124609
-0.13148
-0.138295
-0.145045
-0.151724
-0.158324
-0.164835
-0.171249
-0.177552
-0.18373
-0.189768
-0.195646
-0.201342
-0.206829
-0.212078
-0.217054
-0.221719
-0.226028
-0.229933
-0.233378
-0.236304
-0.238643
-0.240325
-0.241275
-0.24141
-0.240651
-0.238912
-0.236112
-0.232173
-0.227028
-0.220618
-0.212906
-0.203875
-0.193538
-0.181941
-0.169169
-0.15535
-0.140657
-0.125307
-0.109558
-0.0937061
-0.0780747
-0.0630051
-0.0488439
-0.0359303
-0.024585
-0.0150901
-0.0076755
-0.00262424
-0.000367546
-0.000162181
-0.00108205
-0.00306647
-0.0059003
-0.009452
-0.0136361
-0.0183675
-0.0235647
-0.0291533
-0.0350662
-0.0412433
-0.0476313
-0.0541835
-0.0608594
-0.0676245
-0.0744495
-0.0813098
-0.0881853
-0.0950592
-0.101918
-0.108752
-0.115551
-0.122309
-0.129019
-0.135677
-0.142278
-0.148817
-0.155289
-0.161687
-0.168004
-0.174231
-0.180356
-0.186367
-0.192248
-0.197979
-0.203538
-0.208897
-0.214025
-0.218887
-0.223441
-0.227639
-0.231428
-0.23475
-0.237537
-0.239717
-0.241212
-0.241937
-0.241804
-0.240721
-0.238595
-0.235337
-0.230862
-0.225097
-0.217982
-0.209483
-0.199589
-0.188328
-0.175767
-0.16202
-0.147248
-0.131667
-0.11554
-0.0991743
-0.0829159
-0.0671342
-0.0522108
-0.0385246
-0.0264379
-0.0162745
-0.00830264
-0.00284929
-0.000402153
-0.000158674
-0.00106152
-0.00301189
-0.00579939
-0.00929479
-0.0134133
-0.0180701
-0.0231834
-0.0286787
-0.0344884
-0.0405519
-0.0468157
-0.0532327
-0.0597627
-0.0663712
-0.0730294
-0.0797135
-0.0864041
-0.0930858
-0.0997465
-0.106377
-0.11297
-0.119521
-0.126025
-0.13248
-0.138884
-0.145234
-0.151527
-0.15776
-0.163928
-0.170027
-0.176046
-0.181978
-0.187809
-0.193523
-0.199101
-0.204521
-0.209753
-0.214767
-0.219522
-0.223976
-0.228077
-0.231767
-0.234982
-0.237649
-0.239688
-0.241011
-0.241524
-0.24113
-0.239726
-0.23721
-0.233482
-0.228451
-0.222037
-0.214184
-0.204858
-0.194063
-0.181844
-0.168296
-0.153567
-0.137864
-0.121451
-0.104646
-0.0878145
-0.0713535
-0.0556814
-0.0412195
-0.0283761
-0.0175212
-0.00896664
-0.00308915
-0.000439472
-0.00015495
-0.0010397
-0.00295373
-0.00569149
-0.00912587
-0.0131726
-0.0177466
-0.0227661
-0.0281558
-0.0338475
-0.0397801
-0.0458997
-0.052159
-0.0585179
-0.0649421
-0.0714033
-0.0778785
-0.0843493
-0.0908015
-0.0972244
-0.10361
-0.109954
-0.116253
-0.122505
-0.128709
-0.134866
-0.140976
-0.147038
-0.153053
-0.15902
-0.164934
-0.170793
-0.176589
-0.182314
-0.187956
-0.193499
-0.198924
-0.204209
-0.209323
-0.214232
-0.218897
-0.223269
-0.227294
-0.230908
-0.234041
-0.236611
-0.23853
-0.239701
-0.24002
-0.239375
-0.237654
-0.234742
-0.23053
-0.224919
-0.217827
-0.209196
-0.199003
-0.187266
-0.174058
-0.159506
-0.143806
-0.127218
-0.110065
-0.0927281
-0.0756338
-0.0592373
-0.0440048
-0.0303948
-0.0188286
-0.00966745
-0.00334412
-0.000479629
-0.00015114
-0.0010174
-0.00289421
-0.00558066
-0.00895143
-0.0129223
-0.0174078
-0.0223254
-0.0275989
-0.0331595
-0.0389452
-0.0449015
-0.0509813
-0.0571442
-0.0633563
-0.0695901
-0.0758233
-0.0820387
-0.0882235
-0.0943686
-0.100468
-0.106519
-0.112519
-0.118471
-0.124375
-0.130234
-0.136052
-0.141831
-0.147573
-0.153282
-0.158956
-0.164597
-0.1702
-0.175761
-0.181272
-0.186722
-0.192096
-0.197375
-0.202535
-0.207545
-0.212371
-0.216967
-0.221283
-0.22526
-0.228828
-0.231908
-0.234412
-0.236239
-0.237283
-0.237425
-0.236541
-0.234506
-0.231192
-0.226479
-0.22026
-0.212452
-0.203
-0.191894
-0.179176
-0.164952
-0.149395
-0.132758
-0.115364
-0.0976075
-0.0799407
-0.0628561
-0.0468676
-0.0324876
-0.0201944
-0.0104047
-0.0036144
-0.000522747
-0.000147401
-0.000995596
-0.00283598
-0.00547174
-0.00877879
-0.0126723
-0.0170661
-0.0218761
-0.0270252
-0.0324432
-0.0380673
-0.0438427
-0.0497217
-0.0556641
-0.0616367
-0.0676125
-0.0735703
-0.0794944
-0.0853732
-0.0911996
-0.0969696
-0.102682
-0.108338
-0.113941
-0.119495
-0.125005
-0.130478
-0.135919
-0.141334
-0.146728
-0.152105
-0.157469
-0.16282
-0.168158
-0.173478
-0.178775
-0.184038
-0.189252
-0.194398
-0.199451
-0.204381
-0.209148
-0.213707
-0.218001
-0.221965
-0.225524
-0.228589
-0.231061
-0.23283
-0.233773
-0.233759
-0.232649
-0.2303
-0.226573
-0.221335
-0.214474
-0.205904
-0.195582
-0.183515
-0.169779
-0.154522
-0.137979
-0.12047
-0.102397
-0.0842343
-0.0665118
-0.0497923
-0.0346466
-0.0216154
-0.0111777
-0.00390012
-0.000568949
-0.000143917
-0.000975445
-0.00278213
-0.0053704
-0.00861652
-0.0124344
-0.016736
-0.0214357
-0.0264544
-0.0317205
-0.0371702
-0.0427479
-0.0484058
-0.054104
-0.0598096
-0.0654967
-0.0711456
-0.0767417
-0.0822757
-0.087742
-0.093139
-0.0984677
-0.103732
-0.108937
-0.11409
-0.1192
-0.124275
-0.129323
-0.134355
-0.139378
-0.144401
-0.14943
-0.154469
-0.159523
-0.164592
-0.169673
-0.174762
-0.179849
-0.18492
-0.189955
-0.19493
-0.199809
-0.204554
-0.209114
-0.213427
-0.217422
-0.221015
-0.224109
-0.226591
-0.228337
-0.22921
-0.22906
-0.227733
-0.225068
-0.220909
-0.215115
-0.207567
-0.198183
-0.186934
-0.173858
-0.159071
-0.142784
-0.125303
-0.107034
-0.0884696
-0.0701742
-0.0527608
-0.0368623
-0.0230877
-0.0119853
-0.00420133
-0.000618355
-0.000140905
-0.00095829
-0.00273629
-0.00528326
-0.00847464
-0.012222
-0.0164346
-0.0210241
-0.0259093
-0.0310165
-0.0362808
-0.0416455
-0.047063
-0.0524934
-0.0579049
-0.0632727
-0.0685786
-0.0738101
-0.0789596
-0.084024
-0.0890039
-0.0939031
-0.0987277
-0.103486
-0.108188
-0.112845
-0.117469
-0.122071
-0.126664
-0.13126
-0.135871
-0.140506
-0.145174
-0.149884
-0.15464
-0.159444
-0.164297
-0.169193
-0.174125
-0.179078
-0.184033
-0.188963
-0.193833
-0.198599
-0.203206
-0.207588
-0.211665
-0.215343
-0.218513
-0.22105
-0.222813
-0.223646
-0.223381
-0.221841
-0.218849
-0.214234
-0.207841
-0.19955
-0.189289
-0.177053
-0.162919
-0.147064
-0.129775
-0.11145
-0.0925957
-0.0738087
-0.055752
-0.0391234
-0.0246064
-0.0128263
-0.00451803
-0.000671087
-0.000138621
-0.000945717
-0.00270273
-0.0052181
-0.00836483
-0.0120507
-0.0161813
-0.0206645
-0.025416
-0.0303599
-0.0354294
-0.0405675
-0.0457259
-0.0508657
-0.055956
-0.0609737
-0.0659024
-0.0707318
-0.0754568
-0.0800769
-0.0845954
-0.0890187
-0.0933559
-0.0976183
-0.101819
-0.105971
-0.110091
-0.114193
-0.118293
-0.122407
-0.126548
-0.130732
-0.134971
-0.139277
-0.143659
-0.148125
-0.152678
-0.15732
-0.162048
-0.166853
-0.171723
-0.176637
-0.181566
-0.186474
-0.191313
-0.196023
-0.200531
-0.204748
-0.208569
-0.21187
-0.214511
-0.216331
-0.217153
-0.216788
-0.215035
-0.211697
-0.206585
-0.199537
-0.190435
-0.179225
-0.165937
-0.150706
-0.133789
-0.115568
-0.0965565
-0.0773771
-0.058742
-0.0414171
-0.0261658
-0.0136989
-0.00485013
-0.000727271
-0.000137366
-0.000939595
-0.00268647
-0.00518401
-0.00830069
-0.0119389
-0.0159987
-0.0203833
-0.0250043
-0.0297829
-0.0346506
-0.0395493
-0.044431
-0.0492575
-0.0539995
-0.0586359
-0.0631526
-0.067542
-0.0718019
-0.0759348
-0.0799468
-0.0838477
-0.0876495
-0.0913667
-0.0950153
-0.0986124
-0.102176
-0.105725
-0.109279
-0.112855
-0.116472
-0.120149
-0.123901
-0.127745
-0.131693
-0.135759
-0.139951
-0.144275
-0.148734
-0.153326
-0.158044
-0.162873
-0.167794
-0.172776
-0.177779
-0.182751
-0.187627
-0.192325
-0.196747
-0.200773
-0.204264
-0.20706
-0.208978
-0.209817
-0.209361
-0.207384
-0.203667
-0.198004
-0.190229
-0.180234
-0.167993
-0.153592
-0.137244
-0.119308
-0.10029
-0.0808365
-0.0617043
-0.0437288
-0.0277596
-0.0146012
-0.00519753
-0.000787045
-0.000137501
-0.000942142
-0.00269342
-0.00519166
-0.00829809
-0.0119075
-0.0159127
-0.0202106
-0.0247078
-0.029322
-0.0339825
-0.0386304
-0.0432182
-0.0477088
-0.0520749
-0.0562981
-0.0603673
-0.0642779
-0.0680312
-0.0716331
-0.0750932
-0.0784246
-0.081643
-0.0847658
-0.0878126
-0.0908036
-0.0937604
-0.0967047
-0.0996586
-0.102644
-0.105684
-0.108798
-0.112008
-0.115333
-0.118791
-0.122398
-0.126168
-0.130112
-0.134238
-0.13855
-0.143048
-0.147724
-0.152565
-0.157549
-0.162645
-0.167808
-0.172983
-0.178096
-0.183057
-0.187754
-0.192054
-0.195798
-0.198801
-0.200857
-0.201735
-0.201188
-0.198963
-0.194817
-0.18853
-0.179937
-0.168952
-0.155596
-0.140032
-0.12258
-0.10373
-0.0841402
-0.0646094
-0.0460427
-0.0293808
-0.0155313
-0.00556018
-0.000850565
-0.000139461
-0.000956001
-0.00273059
-0.00525359
-0.00837555
-0.011981
-0.015953
-0.0201807
-0.0245644
-0.0290176
-0.0334673
-0.0378539
-0.0421306
-0.0462622
-0.0502241
-0.0540011
-0.0575858
-0.0609776
-0.0641817
-0.0672078
-0.0700697
-0.0727842
-0.0753705
-0.0778499
-0.0802452
-0.0825802
-0.0848796
-0.0871685
-0.0894723
-0.0918164
-0.094226
-0.0967258
-0.0993399
-0.102092
-0.105002
-0.108093
-0.111382
-0.114885
-0.118616
-0.122585
-0.126795
-0.131249
-0.135939
-0.140852
-0.145965
-0.151244
-0.156642
-0.162096
-0.167526
-0.17283
-0.177881
-0.182528
-0.18659
-0.189855
-0.192084
-0.193014
-0.192364
-0.189849
-0.185203
-0.178196
-0.168675
-0.156591
-0.14204
-0.12529
-0.106804
-0.0872373
-0.0674254
-0.0483415
-0.0310219
-0.016487
-0.00593808
-0.000918023
-0.000143771
-0.000984349
-0.00280633
-0.00538465
-0.00855481
-0.0121876
-0.016154
-0.0203327
-0.0246167
-0.0289147
-0.0331511
-0.0372661
-0.041214
-0.0449624
-0.0484902
-0.0517863
-0.0548479
-0.057679
-0.0602894
-0.0626936
-0.0649098
-0.0669589
-0.0688643
-0.0706511
-0.0723455
-0.0739751
-0.0755677
-0.0771517
-0.0787557
-0.0804084
-0.082138
-0.0839727
-0.0859397
-0.0880659
-0.0903767
-0.0928966
-0.0956484
-0.0986526
-0.101928
-0.105489
-0.109347
-0.11351
-0.117978
-0.122746
-0.1278
-0.133116
-0.138657
-0.144373
-0.150193
-0.156027
-0.161762
-0.167253
-0.172327
-0.176775
-0.180353
-0.182786
-0.183771
-0.182987
-0.180117
-0.174872
-0.167023
-0.156443
-0.143148
-0.12734
-0.109434
-0.090073
-0.0701178
-0.0506068
-0.0326754
-0.0174665
-0.00633141
-0.000989662
-0.000151081
-0.00103103
-0.00293067
-0.0056025
-0.0088614
-0.0125603
-0.0165546
-0.0207106
-0.0249122
-0.0290625
-0.0330839
-0.0369163
-0.0405164
-0.0438553
-0.0469166
-0.0496944
-0.0521914
-0.0544174
-0.0563876
-0.0581218
-0.0596431
-0.0609772
-0.0621519
-0.0631963
-0.0641406
-0.0650155
-0.0658526
-0.0666834
-0.0675395
-0.0684527
-0.0694542
-0.0705753
-0.0718463
-0.0732973
-0.0749573
-0.0768543
-0.079015
-0.0814645
-0.0842256
-0.0873189
-0.0907614
-0.0945666
-0.098743
-0.103293
-0.108211
-0.113484
-0.119087
-0.124978
-0.131104
-0.137386
-0.143724
-0.149986
-0.156011
-0.161596
-0.1665
-0.170441
-0.173098
-0.174122
-0.17315
-0.169831
-0.163858
-0.155017
-0.143232
-0.128621
-0.111536
-0.0925881
-0.0726497
-0.0528191
-0.0343336
-0.0184684
-0.00674065
-0.0010658
-0.000162194
-0.00110076
-0.00311574
-0.00592821
-0.00932546
-0.0131375
-0.0172001
-0.0213641
-0.0255033
-0.0295148
-0.0333186
-0.0368558
-0.0400862
-0.042986
-0.0455447
-0.0477631
-0.0496505
-0.0512234
-0.0525036
-0.0535169
-0.054292
-0.0548598
-0.0552527
-0.0555042
-0.0556484
-0.0557199
-0.0557532
-0.0557832
-0.0558445
-0.0559715
-0.0561986
-0.0565596
-0.0570879
-0.0578165
-0.0587774
-0.0600021
-0.0615209
-0.0633626
-0.0655546
-0.0681222
-0.0710881
-0.0744716
-0.0782882
-0.0825481
-0.0872554
-0.0924059
-0.0979854
-0.103967
-0.110309
-0.116949
-0.123801
-0.130752
-0.137651
-0.14431
-0.150496
-0.155927
-0.160273
-0.16316
-0.164187
-0.162941
-0.15904
-0.152173
-0.142162
-0.129023
-0.113022
-0.0947188
-0.0749817
-0.0549587
-0.0359896
-0.0194921
-0.00716677
-0.00114689
-0.000178121
-0.00119934
-0.00337628
-0.00638711
-0.00998266
-0.0139637
-0.0181416
-0.0223492
-0.0264479
-0.0303289
-0.0339106
-0.0371363
-0.0399708
-0.0423967
-0.0444115
-0.0460239
-0.0472517
-0.0481191
-0.0486553
-0.0488932
-0.0488676
-0.0486152
-0.0481734
-0.0475803
-0.0468739
-0.0460925
-0.045274
-0.0444562
-0.0436765
-0.0429722
-0.0423801
-0.0419365
-0.0416774
-0.0416385
-0.0418547
-0.0423604
-0.0431889
-0.0443729
-0.0459437
-0.0479309
-0.0503622
-0.0532628
-0.0566547
-0.0605556
-0.0649781
-0.0699279
-0.0754023
-0.0813872
-0.0878546
-0.0947588
-0.102031
-0.109576
-0.117262
-0.124918
-0.132323
-0.139205
-0.145231
-0.150013
-0.153116
-0.154074
-0.152428
-0.147768
-0.139801
-0.128423
-0.113794
-0.0963961
-0.0770714
-0.057005
-0.0376372
-0.0205379
-0.0076114
-0.00123353
-0.000200149
-0.00133399
-0.00373037
-0.00700975
-0.0108753
-0.0150908
-0.0194379
-0.0237276
-0.0278083
-0.0315649
-0.0349156
-0.0378077
-0.0402131
-0.0421232
-0.0435453
-0.0444982
-0.0450094
-0.0451126
-0.0448456
-0.0442488
-0.0433642
-0.0422344
-0.0409025
-0.0394109
-0.037802
-0.0361177
-0.0343989
-0.0326865
-0.0310205
-0.0294405
-0.0279856
-0.0266945
-0.0256055
-0.0247563
-0.0241845
-0.023927
-0.02402
-0.0244994
-0.0254
-0.0267554
-0.0285979
-0.030958
-0.0338638
-0.0373401
-0.0414076
-0.0460817
-0.0513706
-0.057273
-0.0637756
-0.0708492
-0.0784441
-0.0864841
-0.0948601
-0.103422
-0.111968
-0.120241
-0.127916
-0.134599
-0.139832
-0.143103
-0.143879
-0.141652
-0.136003
-0.126693
-0.113747
-0.0975445
-0.0788733
-0.0589372
-0.0392716
-0.0216082
-0.00807721
-0.00132658
-0.000229932
-0.00151379
-0.00420034
-0.0078332
-0.0120537
-0.0165791
-0.021155
-0.0255673
-0.0296502
-0.0332833
-0.0363866
-0.038914
-0.0408472
-0.0421893
-0.0429599
-0.0431901
-0.0429192
-0.0421917
-0.041055
-0.0395584
-0.0377512
-0.0356829
-0.0334018
-0.0309555
-0.0283904
-0.0257517
-0.0230837
-0.0204298
-0.0178323
-0.015333
-0.012973
-0.0107929
-0.00883297
-0.00713292
-0.00573226
-0.00467017
-0.00398546
-0.00371657
-0.00390145
-0.00457741
-0.00578089
-0.00754714
-0.00990982
-0.0129004
-0.0165473
-0.0208748
-0.025902
-0.0316399
-0.0380898
-0.0452394
-0.0530581
-0.0614916
-0.0704544
-0.0798211
-0.0894164
-0.0990036
-0.108274
-0.11684
-0.124231
-0.129899
-0.133246
-0.133666
-0.130612
-0.123688
-0.112764
-0.0980796
-0.0803373
-0.060734
-0.0408902
-0.0227076
-0.0085683
-0.00142725
-0.000269628
-0.00175026
-0.00481392
-0.00890252
-0.0135774
-0.0184981
-0.0233668
-0.0279411
-0.0320407
-0.0355419
-0.0383694
-0.0404876
-0.0418915
-0.0425995
-0.0426465
-0.0420786
-0.0409487
-0.0393138
-0.0372325
-0.0347632
-0.0319638
-0.0288904
-0.0255972
-0.0221365
-0.0185589
-0.0149129
-0.0112456
-0.00760264
-0.00402863
-0.000567062
0.00273929
0.00584826
0.00871812
0.0113075
0.0135752
0.0154802
0.0169817
0.0180389
0.0186111
0.0186578
0.018139
0.0170151
0.0152472
0.012798
0.00963174
0.00571567
0.00102085
-0.00447597
-0.0107901
-0.0179259
-0.0258723
-0.0345975
-0.0440415
-0.0541069
-0.0646478
-0.0754567
-0.0862503
-0.0966566
-0.106206
-0.114329
-0.120374
-0.123643
-0.123455
-0.119251
-0.110712
-0.0979051
-0.0814068
-0.0623732
-0.0424929
-0.0238444
-0.00909078
-0.00153725
-0.000322081
-0.00205814
-0.00560581
-0.0102727
-0.0155172
-0.0209273
-0.0261541
-0.0309242
-0.0350438
-0.0383894
-0.040895
-0.0425402
-0.0433386
-0.0433278
-0.0425618
-0.0411043
-0.0390245
-0.0363933
-0.0332814
-0.0297578
-0.0258888
-0.0217375
-0.0173642
-0.0128257
-0.0081765
-0.00346819
0.00124965
0.00592931
0.0105246
0.0149906
0.0192833
0.0233593
0.0271757
0.03069
0.0338598
0.0366426
0.0389959
0.040877
0.0422428
0.0430503
0.0432561
0.0428168
0.0416891
0.03983
0.0371973
0.0337504
0.029451
0.0242646
0.0181623
0.0111238
0.00314072
-0.00577769
-0.0155979
-0.0262527
-0.0376294
-0.0495553
-0.0617809
-0.0739621
-0.085644
-0.0962519
-0.105095
-0.111395
-0.114341
-0.113198
-0.107436
-0.0969079
-0.0820155
-0.0638301
-0.0440828
-0.0250313
-0.00965366
-0.00165902
-0.000391097
-0.00245652
-0.00661968
-0.012011
-0.0179564
-0.0239563
-0.0296028
-0.0345899
-0.0387136
-0.0418561
-0.0439677
-0.0450499
-0.0451406
-0.044302
-0.0426112
-0.0401529
-0.0370146
-0.0332831
-0.0290423
-0.0243719
-0.0193471
-0.0140384
-0.00851142
-0.00282774
0.00295496
0.00878229
0.0146027
0.0203669
0.0260274
0.0315385
0.0368553
0.0419336
0.0467301
0.0512012
0.0553038
0.0589944
0.0622292
0.064964
0.0671539
0.0687536
0.0697169
0.0699971
0.0695468
0.0683182
0.0662633
0.0633342
0.059484
0.0546679
0.0488443
0.0419777
0.0340412
0.0250217
0.0149262
0.00379053
-0.00830856
-0.0212381
-0.0347901
-0.0486595
-0.0624216
-0.0755133
-0.0872249
-0.0967134
-0.10305
-0.105317
-0.102752
-0.09495
-0.0820816
-0.0650757
-0.0456664
-0.0262872
-0.01027
-0.00179605
-0.000481855
-0.0029704
-0.00791092
-0.0141994
-0.0209922
-0.0276834
-0.0337987
-0.039001
-0.0430823
-0.0459395
-0.0475484
-0.0479412
-0.0471878
-0.0453811
-0.0426259
-0.0390311
-0.034705
-0.0297515
-0.0242684
-0.018347
-0.0120711
-0.00551799
0.00124128
0.00814131
0.0151215
0.0221254
0.0291001
0.0359952
0.0427628
0.0493566
0.0557314
0.0618431
0.0676478
0.073102
0.0781619
0.0827835
0.0869222
0.0905328
0.0935689
0.0959835
0.097728
0.0987529
0.0990073
0.0984391
0.0969951
0.0946211
0.0912626
0.0868651
0.0813757
0.0747444
0.0669273
0.0578898
0.0476127
0.0361006
0.0233925
0.00957816
-0.00518246
-0.0206339
-0.0363967
-0.0519391
-0.0665552
-0.0793613
-0.0893262
-0.0953539
-0.096433
-0.0918576
-0.0814997
-0.0660718
-0.0472535
-0.0276391
-0.0109586
-0.00195345
-0.000601551
-0.00363303
-0.00955033
-0.0169384
-0.0247364
-0.0322118
-0.0388194
-0.0441961
-0.0481415
-0.0505805
-0.0515275
-0.0510565
-0.0492787
-0.0463242
-0.0423307
-0.0374347
-0.0317671
-0.0254501
-0.018596
-0.0113069
-0.00367527
0.00421547
0.0122898
0.0204793
0.0287213
0.0369581
0.0451361
0.0532048
0.0611163
0.0688246
0.0762849
0.0834534
0.0902866
0.0967412
0.102774
0.10834
0.113395
0.117892
0.121785
0.125026
0.127563
0.129345
0.130319
0.130428
0.129614
0.127819
0.124981
0.121037
0.115923
0.109577
0.101939
0.092955
0.0825804
0.0707891
0.0575825
0.0430047
0.0271627
0.0102533
-0.00740404
-0.0253294
-0.0428469
-0.0590614
-0.0728656
-0.0830008
-0.0881965
-0.0874054
-0.0801271
-0.0667633
-0.0488554
-0.0291247
-0.0117469
-0.00213876
-0.000760444
-0.0044894
-0.0116291
-0.0203496
-0.0293136
-0.0376413
-0.0447173
-0.0501658
-0.0538123
-0.0556292
-0.0556866
-0.0541148
-0.0510764
-0.0467465
-0.0413005
-0.0349054
-0.0277162
-0.0198738
-0.0115043
-0.00272013
0.00637888
0.0157043
0.0251776
0.0347282
0.0442927
0.0538134
0.0632369
0.0725137
0.0815967
0.0904411
0.0990031
0.10724
0.11511
0.122569
0.129575
0.136085
0.142054
0.147434
0.15218
0.156242
0.159567
0.162103
0.163794
0.164581
0.164401
0.163192
0.160886
0.157413
0.1527
0.146674
0.139261
0.130387
0.119987
0.108005
0.094405
0.0791852
0.0623966
0.0441697
0.0247513
0.00454853
-0.0158215
-0.0354878
-0.0533035
-0.0678754
-0.0776791
-0.0812923
-0.0777629
-0.0670645
-0.050481
-0.0307955
-0.0126744
-0.00236337
-0.000973636
-0.00560171
-0.0142657
-0.0245792
-0.0348555
-0.0440513
-0.051492
-0.056814
-0.0598981
-0.0607911
-0.0596414
-0.0566521
-0.0520492
-0.0460604
-0.0389028
-0.0307757
-0.0218587
-0.01231
-0.00226864
0.00814463
0.0188247
0.0296801
0.0406308
0.0516063
0.0625441
0.0733877
0.0840855
0.09459
0.104856
0.114841
0.124504
0.133803
0.142697
0.151146
0.159108
0.166541
0.1734
0.17964
0.185214
0.190071
0.19416
0.197425
0.199811
0.201254
0.201692
0.201056
0.199275
0.196272
0.191967
0.186278
0.179118
0.170398
0.160031
0.147936
0.134041
0.118299
0.100705
0.0813177
0.0603
0.0379672
0.0148471
-0.00825382
-0.0301972
-0.0495005
-0.0644093
-0.0731089
-0.0741161
-0.0668359
-0.0521277
-0.0327191
-0.0137996
-0.00264507
-0.00126425
-0.00705813
-0.0176151
-0.0297987
-0.0414869
-0.0514684
-0.0590405
-0.063895
-0.0660115
-0.0655481
-0.0627589
-0.057939
-0.0513895
-0.043397
-0.0342227
-0.0240983
-0.0132258
-0.0017786
0.010095
0.022269
0.0346359
0.0471043
0.0595957
0.0720418
0.084383
0.0965662
0.108544
0.120271
0.131706
0.14281
0.153545
0.163872
0.173753
0.183149
0.192022
0.200329
0.208029
0.215076
0.221425
0.227026
0.231827
0.235772
0.238804
0.240861
0.241875
0.241776
0.240489
0.237934
0.234025
0.22867
0.221774
0.213234
0.202947
0.190805
0.176707
0.160564
0.142312
0.121939
0.0995148
0.0752463
0.0495429
0.0231012
-0.00300756
-0.0272754
-0.0477695
-0.0622907
-0.0687569
-0.0658445
-0.0537613
-0.0349815
-0.0152095
-0.00301248
-0.00166928
-0.00898728
-0.0218809
-0.036199
-0.0492925
-0.0598063
-0.0670735
-0.0709119
-0.0714622
-0.069041
-0.0640403
-0.0568664
-0.0479051
-0.0375051
-0.0259706
-0.013562
-0.000498767
0.013036
0.02689
0.040937
0.0550722
0.0692082
0.0832714
0.0971995
0.110939
0.124441
0.137665
0.150571
0.163124
0.175287
0.187027
0.19831
0.209101
0.219365
0.229064
0.238162
0.246616
0.254385
0.261423
0.267682
0.273112
0.277656
0.281257
0.283852
0.285374
0.28575
0.284904
0.282751
0.279203
0.274161
0.267523
0.259175
0.249
0.23687
0.222657
0.206233
0.187481
0.166316
0.142715
0.11676
0.0887167
0.0591256
0.0289229
-0.00044341
-0.026947
-0.0480527
-0.0610425
-0.063697
-0.0552769
-0.0376827
-0.0170348
-0.00351334
-0.00225078
-0.011582
-0.0273274
-0.0439675
-0.0582486
-0.0687543
-0.0749714
-0.0769532
-0.0750853
-0.0698993
-0.0619579
-0.0517939
-0.0398818
-0.0266284
-0.0123738
0.00260214
0.0180721
0.0338523
0.0497949
0.0657813
0.0817154
0.0975198
0.113131
0.128496
0.14357
0.158315
0.172696
0.186682
0.200243
0.213351
0.225977
0.238092
0.249666
0.260668
0.271065
0.280822
0.289901
0.298261
0.305861
0.312654
0.31859
0.323616
0.327673
0.330701
0.332631
0.333392
0.332906
0.331087
0.327843
0.323075
0.316672
0.308516
0.298477
0.286413
0.272172
0.255593
0.236514
0.214779
0.190271
0.162944
0.132897
0.10047
0.0663928
0.0319466
-0.000873249
-0.0293022
-0.0500079
-0.0597297
-0.0564213
-0.040917
-0.0194724
-0.00422962
-0.00311711
-0.015138
-0.0342856
-0.0532221
-0.0680794
-0.0775717
-0.0815412
-0.080434
-0.0749852
-0.0659999
-0.0542365
-0.0403576
-0.0249174
-0.00836586
0.00893838
0.0267134
0.0447395
0.0628466
0.0809035
0.0988089
0.116484
0.13387
0.150916
0.167586
0.183848
0.199675
0.215044
0.229933
0.244321
0.258188
0.271511
0.284268
0.296435
0.307986
0.318891
0.329121
0.33864
0.347413
0.355399
0.362555
0.368833
0.374183
0.378547
0.381867
0.384075
0.385102
0.38487
0.383293
0.38028
0.37573
0.36953
0.361557
0.351675
0.339732
0.325557
0.308964
0.289751
0.267703
0.242611
0.214304
0.182698
0.147903
0.110366
0.071082
0.0318489
-0.00452294
-0.0342063
-0.0528278
-0.0566426
-0.0447116
-0.0228119
-0.00530421
-0.00446314
-0.0201105
-0.0431228
-0.0638427
-0.0779624
-0.0847127
-0.0846088
-0.0786946
-0.0681654
-0.0541418
-0.0375781
-0.0192448
0.00025583
0.0204639
0.0410336
0.0617086
0.0823004
0.102672
0.122724
0.142386
0.161607
0.180351
0.198593
0.216313
0.233499
0.250137
0.266219
0.281734
0.296672
0.311021
0.324767
0.337895
0.350388
0.362225
0.373383
0.383834
0.393551
0.4025
0.410645
0.417945
0.424356
0.429831
0.434315
0.437753
0.44008
0.441228
0.441122
0.439679
0.43681
0.432413
0.426379
0.418582
0.408884
0.397127
0.383131
0.36669
0.347572
0.325513
0.300228
0.271423
0.238839
0.202327
0.161995
0.11843
0.0730264
0.0283699
-0.0114837
-0.0411355
-0.0548089
-0.0488693
-0.0274495
-0.00698389
-0.00664086
-0.0271806
-0.0540935
-0.0750568
-0.0859284
-0.0871485
-0.0803503
-0.0673976
-0.0500189
-0.0296377
-0.00735032
0.0160316
0.0399236
0.063914
0.0877184
0.111145
0.134067
0.156404
0.178108
0.199152
0.219523
0.239219
0.258241
0.276595
0.294288
0.311326
0.327714
0.343455
0.358551
0.372999
0.386795
0.399932
0.412398
0.424179
0.435258
0.445614
0.455222
0.464054
0.472076
0.479254
0.485548
0.490912
0.495298
0.498651
0.500914
0.502021
0.501901
0.500476
0.49766
0.493356
0.487458
0.479844
0.470376
0.458898
0.445226
0.429144
0.410401
0.388699
0.363691
0.334984
0.302154
0.264799
0.222648
0.175777
0.124961
0.0722017
0.0213276
-0.0216046
-0.0486942
-0.0525912
-0.0338222
-0.00967137
-0.0102535
-0.0372373
-0.0668218
-0.0844557
-0.0876605
-0.079177
-0.0622493
-0.0396897
-0.0137019
0.0141208
0.0426871
0.0712773
0.0994336
0.126878
0.15345
0.179072
0.203711
0.227368
0.250064
0.271826
0.292689
0.312689
0.331859
0.350231
0.367835
0.384694
0.400831
0.41626
0.430995
0.445044
0.45841
0.471095
0.483094
0.494398
0.504996
0.514872
0.524006
0.532374
0.539949
0.5467
0.552591
0.557581
0.561627
0.56468
0.566686
0.567586
0.567315
0.565799
0.56296
0.558709
0.552944
0.545551
0.536401
0.525341
0.512191
0.496738
0.478723
0.457831
0.433678
0.405798
0.373635
0.336562
0.293939
0.245269
0.190522
0.130715
0.068794
0.0106797
-0.0340624
-0.0536142
-0.0420299
-0.0139093
-0.0161371
-0.0508504
-0.0786868
-0.0857193
-0.0741952
-0.0504724
-0.0196265
0.0147974
0.0504655
0.0859507
0.120441
0.153513
0.184983
0.214805
0.243014
0.269683
0.294906
0.31878
0.341403
0.362865
0.383248
0.402626
0.421063
0.438618
0.455339
0.471266
0.486435
0.500874
0.514604
0.527642
0.539999
0.551682
0.562693
0.573028
0.58268
0.591639
0.59989
0.607413
0.614186
0.620181
0.625369
0.629715
0.633179
0.63572
0.637289
0.637835
0.6373
0.635619
0.632721
0.628527
0.622947
0.615876
0.607197
0.596769
0.584425
0.569962
0.55313
0.533617
0.511029
0.484864
0.454487
0.419107
0.377774
0.329446
0.273198
0.208715
0.137281
0.063403
-0.00311525
-0.0463513
-0.0505336
-0.0199788
-0.0246198
-0.0658488
-0.0802495
-0.0636482
-0.0278699
0.0167032
0.0640057
0.11071
0.155144
0.19662
0.234982
0.27034
0.302921
0.332991
0.360816
0.386641
0.410687
0.433145
0.454182
0.473941
0.492543
0.510091
0.526673
0.542363
0.557224
0.571307
0.584655
0.597303
0.60928
0.620605
0.631296
0.641362
0.65081
0.659639
0.667847
0.675427
0.682367
0.688653
0.694266
0.699185
0.703385
0.706836
0.709507
0.711362
0.71236
0.712458
0.711607
0.709754
0.706837
0.70279
0.697536
0.690987
0.683039
0.673573
0.66244
0.649461
0.634411
0.617001
0.596858
0.573494
0.54626
0.514294
0.476466
0.431326
0.377147
0.312161
0.235328
0.148144
0.0578769
-0.0183945
-0.0528656
-0.026221
-0.0312984
-0.0687259
-0.0436698
0.0154796
0.0836895
0.150394
0.211711
0.266461
0.314778
0.35734
0.394952
0.428379
0.458286
0.485232
0.509674
0.531987
0.552474
0.571384
0.588918
0.605242
0.620491
0.634779
0.648198
0.660824
0.672723
0.683945
0.694534
0.704525
0.713945
0.722815
0.731153
0.738968
0.746268
0.753055
0.759328
0.765082
0.77031
0.775001
0.779141
0.782712
0.785697
0.788072
0.789812
0.79089
0.791274
0.790931
0.789822
0.787907
0.785138
0.781462
0.77682
0.771143
0.764351
0.756346
0.747011
0.7362
0.723729
0.709358
0.692771
0.673544
0.651097
0.624623
0.592999
0.554646
0.507386
0.448321
0.374026
0.281701
0.172055
0.0556968
-0.030186
-0.0232112
-0.000660279
0.000353671
0.104336
0.21791
0.312107
0.388136
0.449792
0.500024
0.541364
0.575884
0.605158
0.630351
0.652326
0.671726
0.689038
0.704629
0.718787
0.731731
0.743638
0.754646
0.764866
0.77439
0.783291
0.791628
0.79945
0.806797
0.813702
0.820189
0.826281
0.831992
0.837334
0.842317
0.846944
0.851218
0.855138
0.858702
0.861903
0.864736
0.867189
0.869253
0.870914
0.872157
0.872966
0.873322
0.873204
0.872591
0.871457
0.869775
0.867514
0.864639
0.861112
0.856887
0.85191
0.846116
0.839427
0.831743
0.822937
0.812843
0.801241
0.787828
0.772181
0.753701
0.731512
0.704311
0.670124
0.62591
0.567062
0.487049
0.376957
0.228427
0.0726434
0.0309694
0.292184
0.379306
0.530608
0.644333
0.7143
0.760022
0.792317
0.816135
0.834342
0.848765
0.860552
0.870432
0.878887
0.886246
0.892743
0.898544
0.903776
0.908532
0.912885
0.916893
0.9206
0.924041
0.927245
0.930237
0.933033
0.935649
0.938098
0.940389
0.94253
0.944525
0.94638
0.948097
0.949677
0.951121
0.952428
0.953597
0.954624
0.955508
0.956244
0.956827
0.957253
0.957515
0.957607
0.957522
0.957252
0.956787
0.95612
0.95524
0.954134
0.95279
0.951194
0.949327
0.947168
0.944694
0.941874
0.938668
0.935026
0.930883
0.926149
0.920703
0.914373
0.90691
0.897944
0.886903
0.872863
0.854247
0.828214
0.789432
0.726146
0.611349
0.435852
0.317985
)
;

boundaryField
{
    movingWall
    {
        type            calculated;
        value           uniform 1;
    }
    fixedWalls
    {
        type            calculated;
        value           uniform 0;
    }
    frontAndBack
    {
        type            empty;
    }
}


// ************************************************************************* //
