/*--------------------------------*- C++ -*----------------------------------*\
  =========                 |
  \\      /  F ield         | OpenFOAM: The Open Source CFD Toolbox
   \\    /   O peration     | Website:  https://openfoam.org
    \\  /    A nd           | Version:  dev
     \\/     M anipulation  |
\*---------------------------------------------------------------------------*/
FoamFile
{
    format      ascii;
    class       volScalarField;
    location    "27";
    object      p;
}
// * * * * * * * * * * * * * * * * * * * * * * * * * * * * * * * * * * * * * //

dimensions      [0 2 -2 0 0 0 0];

internalField   nonuniform List<scalar> 
5184
(
2.09732e-06
-9.00039e-06
-9.47454e-05
-0.000247556
-0.000446882
-0.000675451
-0.000919026
-0.00116565
-0.00140618
-0.00163347
-0.0018421
-0.00202805
-0.00218839
-0.00232101
-0.00242445
-0.0024977
-0.00254008
-0.00255117
-0.00253068
-0.00247845
-0.00239439
-0.00227849
-0.00213079
-0.00195144
-0.00174067
-0.00149887
-0.00122657
-0.000924519
-0.000593719
-0.000235436
0.000148743
0.000556895
0.000986726
0.00143557
0.00190036
0.00237765
0.00286363
0.00335412
0.00384467
0.00433052
0.00480675
0.00526827
0.00570996
0.00612674
0.00651367
0.00686603
0.00717945
0.00745002
0.00767435
0.00784972
0.00797412
0.00804634
0.00806602
0.00803374
0.007951
0.00782023
0.00764482
0.0074291
0.00717827
0.00689839
0.00659631
0.00627965
0.0059567
0.00563643
0.00532839
0.00504265
0.00478973
0.00458023
0.00442414
0.00432988
0.00430293
0.00433017
1.60931e-05
3.69611e-06
-7.08448e-05
-0.000198551
-0.000363735
-0.000553922
-0.000758187
-0.00096693
-0.00117223
-0.00136769
-0.00154827
-0.00171006
-0.0018501
-0.00196614
-0.00205656
-0.00212016
-0.00215608
-0.0021637
-0.00214262
-0.00209254
-0.00201328
-0.00190476
-0.001767
-0.00160008
-0.00140425
-0.00117986
-0.000927451
-0.000647745
-0.000341705
-1.05496e-05
0.000344217
0.000720776
0.00111698
0.00153034
0.00195801
0.00239681
0.00284323
0.00329345
0.00374337
0.00418866
0.00462484
0.0050473
0.00545141
0.00583258
0.00618635
0.00650851
0.00679514
0.00704278
0.00724842
0.0074097
0.00752488
0.00759299
0.00761381
0.00758797
0.00751695
0.00740307
0.00724951
0.00706028
0.00684019
0.00659477
0.00633029
0.0060536
0.00577216
0.00549388
0.00522707
0.00498029
0.00476222
0.00458123
0.00444463
0.00435836
0.0043298
0.00435736
0.000102862
7.81428e-05
2.83736e-06
-0.000114652
-0.000262299
-0.000430468
-0.000610451
-0.000794418
-0.00097567
-0.00114865
-0.00130885
-0.00145268
-0.00157734
-0.00168066
-0.00176098
-0.00181707
-0.001848
-0.00185309
-0.00183184
-0.00178388
-0.00170898
-0.00160699
-0.00147788
-0.00132171
-0.00113867
-0.000929086
-0.000693448
-0.000432437
-0.00014695
0.000161869
0.00049261
0.000843568
0.00121274
0.00159778
0.00199607
0.00240461
0.00282015
0.00323913
0.00365774
0.00407197
0.00447765
0.00487051
0.00524627
0.00560068
0.00592963
0.00622924
0.0064959
0.00672644
0.00691812
0.0070688
0.00717693
0.00724166
0.00726288
0.00724124
0.00717817
0.00707591
0.00693748
0.00676663
0.00656785
0.00634631
0.00610776
0.00585849
0.00560528
0.00535524
0.00511573
0.0048942
0.00469814
0.00453458
0.00440958
0.00432838
0.0043006
0.00433121
0.000257875
0.000206471
0.000118701
-2.00669e-07
-0.000142575
-0.000300645
-0.000467287
-0.000636134
-0.000801649
-0.000959143
-0.00110474
-0.00123532
-0.00134836
-0.00144191
-0.00151443
-0.00156475
-0.00159196
-0.00159537
-0.00157447
-0.00152884
-0.00145822
-0.00136241
-0.00124133
-0.00109499
-0.00092352
-0.000727194
-0.000506433
-0.000261841
5.76621e-06
0.000295343
0.000605588
0.000934922
0.00128147
0.00164307
0.00201724
0.0024012
0.00279187
0.00318592
0.00357975
0.00396961
0.00435153
0.00472152
0.00507551
0.00540949
0.00571959
0.00600213
0.00625373
0.00647136
0.00665249
0.00679507
0.00689769
0.00695956
0.0069806
0.00696148
0.00690357
0.00680903
0.00668073
0.00652225
0.00633783
0.0061323
0.00591104
0.0056799
0.00544509
0.0052131
0.00499058
0.00478421
0.00460059
0.00444598
0.00432584
0.00424521
0.00421417
0.0042394
0.000462567
0.000373984
0.000265427
0.000137783
-6.50463e-06
-0.000161276
-0.000320761
-0.000479959
-0.000634463
-0.000780473
-0.000914809
-0.00103486
-0.00113851
-0.00122409
-0.00129025
-0.00133594
-0.00136034
-0.00136281
-0.00134282
-0.00129996
-0.00123394
-0.00114453
-0.00103157
-0.00089504
-0.00073499
-0.000551613
-0.000345248
-0.000116408
0.000134199
0.00040564
0.000696739
0.00100605
0.00133185
0.00167213
0.00202457
0.00238657
0.00275524
0.00312742
0.00349972
0.00386855
0.00423017
0.00458075
0.0049164
0.0052333
0.00552772
0.00579615
0.00603533
0.00624236
0.0064148
0.00655069
0.00664866
0.00670797
0.00672854
0.00671101
0.00665671
0.00656771
0.00644676
0.00629725
0.00612321
0.00592921
0.00572031
0.00550194
0.00527986
0.00506003
0.00484849
0.00465126
0.00447426
0.00432311
0.00420276
0.00411798
0.00407758
0.00408739
0.000700787
0.000568803
0.00043369
0.000291714
0.000139862
-1.70995e-05
-0.000174565
-0.000328792
-0.000476445
-0.000614602
-0.000740791
-0.000852963
-0.000949449
-0.0010289
-0.00109022
-0.00113255
-0.00115518
-0.00115753
-0.00113913
-0.00109958
-0.00103855
-0.000955794
-0.000851104
-0.000724373
-0.000575587
-0.000404845
-0.000212385
1.39018e-06
0.000235892
0.000490316
0.000763624
0.00105452
0.00136142
0.00168248
0.00201554
0.00235815
0.0027076
0.0030609
0.0034148
0.00376587
0.00411052
0.00444504
0.00476569
0.00506875
0.00535059
0.0056078
0.00583717
0.00603589
0.00620154
0.00633219
0.0064265
0.00648369
0.00650369
0.00648707
0.00643512
0.00634979
0.00623373
0.00609019
0.005923
0.00573651
0.00553549
0.00532507
0.00511059
0.00489758
0.00469158
0.00449808
0.00432241
0.00416962
0.00404427
0.00395076
0.00389556
0.00388246
0.000958753
0.000780057
0.000614587
0.00045412
0.000290285
0.000126686
-3.30555e-05
-0.000186339
-0.00033083
-0.000464442
-0.000585403
-0.000692243
-0.000783756
-0.000858957
-0.000917043
-0.000957356
-0.000979341
-0.000982522
-0.000966482
-0.000930846
-0.000875279
-0.000799489
-0.00070323
-0.000586318
-0.000448649
-0.000290223
-0.000111163
8.82516e-05
0.000307566
0.000546116
0.000803011
0.0010771
0.00136697
0.00167092
0.00198694
0.00231275
0.00264576
0.00298312
0.00332174
0.00365828
0.00398926
0.00431107
0.00462003
0.00491249
0.00518487
0.00543377
0.00565602
0.00584879
0.00600966
0.00613668
0.00622845
0.00628418
0.00630372
0.00628759
0.00623698
0.00615377
0.00604048
0.00590024
0.00573673
0.0055541
0.0053569
0.00514998
0.00493839
0.0047273
0.00452184
0.00432707
0.00414784
0.00398873
0.00385397
0.0037476
0.00367328
0.00363225
0.00122435
0.000997611
0.000799528
0.000617715
0.000438693
0.000265102
9.97294e-05
-5.58536e-05
-0.000200237
-0.000332123
-0.000450417
-0.00055422
-0.000642796
-0.000715544
-0.000771962
-0.00081162
-0.000834135
-0.000839147
-0.000826308
-0.000795277
-0.000745718
-0.000677304
-0.000589735
-0.000482749
-0.000356146
-0.000209814
-4.37515e-05
0.000141898
0.000346824
0.000570514
0.000812231
0.00107099
0.00134552
0.00163428
0.00193541
0.00224677
0.00256591
0.00289009
0.0032163
0.00354133
0.00386174
0.00417397
0.00447439
0.00475935
0.00502526
0.00526869
0.00548644
0.00567564
0.00583379
0.00595887
0.00604941
0.00610453
0.006124
0.00610824
0.00605835
0.00597611
0.00586393
0.00572482
0.00556232
0.00538045
0.00518356
0.00497631
0.0047635
0.00455001
0.0043407
0.00414026
0.00395318
0.00378362
0.0036356
0.00351285
0.00341608
0.0033439
0.00148732
0.00121232
0.000980454
0.000775464
0.000579035
0.000393002
0.000219446
5.90084e-05
-8.77529e-05
-0.000220279
-0.000338119
-0.000440926
-0.000528431
-0.000600412
-0.000656676
-0.000697032
-0.000721273
-0.000729164
-0.000720435
-0.000694779
-0.00065186
-0.000591318
-0.000512794
-0.00041594
-0.000300455
-0.000166104
-1.27517e-05
0.000159606
0.000350811
0.000560512
0.000788135
0.00103285
0.00129357
0.00156888
0.00185709
0.00215617
0.00246379
0.00277732
0.00309384
0.00341017
0.00372293
0.00402857
0.00432345
0.00460388
0.00486623
0.005107
0.0053229
0.00551094
0.00566853
0.00579352
0.00588433
0.00593995
0.00596002
0.00594485
0.00589543
0.00581342
0.00570113
0.00556145
0.00539783
0.00521412
0.00501459
0.0048037
0.00458611
0.00436648
0.00414945
0.00393948
0.00374076
0.00355716
0.00339256
0.00325049
0.00312876
0.00302343
0.00173869
0.00141592
0.00114987
0.000920643
0.000705344
0.000505135
0.000321493
0.000154215
3.07236e-06
-0.000132064
-0.000251352
-0.000354972
-0.000443103
-0.000515898
-0.000573466
-0.000615852
-0.000643029
-0.000654887
-0.000651231
-0.00063179
-0.000596224
-0.00054414
-0.00047511
-0.000388698
-0.00028449
-0.00016212
-2.13106e-05
0.0001381
0.000316118
0.00051256
0.000727023
0.00095885
0.0012071
0.00147054
0.0017476
0.00203639
0.00233468
0.00263993
0.00294927
0.00325958
0.00356748
0.0038694
0.00416165
0.00444049
0.00470218
0.00494311
0.00515985
0.00534927
0.00550861
0.00563557
0.00572838
0.00578588
0.00580754
0.00579355
0.00574473
0.00566264
0.00554946
0.00540797
0.00524152
0.00505389
0.00484921
0.00463188
0.00440641
0.00417737
0.00394924
0.00372632
0.00351263
0.00331183
0.00312779
0.00296393
0.00281532
0.00267561
0.00197052
0.00160093
0.00130082
0.00104685
0.000811804
0.000596255
0.000401153
0.000225521
6.84059e-05
-7.0966e-05
-0.000193324
-0.000299349
-0.000389647
-0.000464729
-0.000524994
-0.000570719
-0.000602047
-0.000618988
-0.00062142
-0.000609103
-0.000581686
-0.000538735
-0.000479751
-0.000404199
-0.000311545
-0.000201283
-7.29817e-05
7.36866e-05
0.000238902
0.000422659
0.000624733
0.000844641
0.00108161
0.00133457
0.00160208
0.00188239
0.00217336
0.00247253
0.00277709
0.00308391
0.00338962
0.00369061
0.00398311
0.00426327
0.00452723
0.0047712
0.00499159
0.00518506
0.00534866
0.00547985
0.00557668
0.00563775
0.00566237
0.0056505
0.00560283
0.00552076
0.00540633
0.00526225
0.00509175
0.00489853
0.00468668
0.00446053
0.00422454
0.00398323
0.00374101
0.00350212
0.0032705
0.00304972
0.00284372
0.00265598
0.00247894
0.00230405
0.00217567
0.00176046
0.00142677
0.00114799
0.000892767
0.000661165
0.000453655
0.000268548
0.000104215
-4.07214e-05
-0.000167527
-0.000277355
-0.000371214
-0.000449954
-0.00051425
-0.000564594
-0.000601291
-0.00062446
-0.000634046
-0.000629827
-0.000611438
-0.000578394
-0.000530115
-0.000465962
-0.000385267
-0.000287379
-0.000171699
-3.77254e-05
0.000114906
0.000286379
0.000476655
0.000685433
0.00091212
0.00115579
0.00141518
0.00168863
0.00197412
0.00226926
0.00257126
0.00287703
0.00318314
0.00348592
0.00378151
0.00406591
0.0043351
0.0045851
0.00481209
0.00501248
0.00518306
0.00532105
0.00542422
0.00549092
0.0055202
0.00551183
0.00546627
0.00538476
0.0052692
0.00512217
0.00494683
0.00474683
0.00452621
0.00428928
0.00404052
0.00378446
0.00352553
0.003268
0.0030158
0.00277254
0.00254233
0.00232884
0.00212204
0.00191128
0.0023476
0.00188813
0.0015216
0.00121825
0.000942769
0.000694745
0.000474221
0.000278835
0.000106322
-4.52594e-05
-0.000177682
-0.000292542
-0.000391229
-0.000474907
-0.00054451
-0.000600729
-0.000644016
-0.000674589
-0.000692443
-0.000697369
-0.000688975
-0.000666715
-0.000629919
-0.000577831
-0.000509644
-0.000424549
-0.00032177
-0.000200618
-6.05354e-05
9.8861e-05
0.00027773
0.000475966
0.000693156
0.000928548
0.00118102
0.00144905
0.00173073
0.00202371
0.00232526
0.00263227
0.00294128
0.00324854
0.00355004
0.00384165
0.00411913
0.00437826
0.00461496
0.00482536
0.00500593
0.00515358
0.00526576
0.00534052
0.00537661
0.00537353
0.0053315
0.00525155
0.00513543
0.00498558
0.00480507
0.00459751
0.00436694
0.00411769
0.00385429
0.00358134
0.00330339
0.00302481
0.00274965
0.00248161
0.00222513
0.00198416
0.00174632
0.00149898
0.00248022
0.001978
0.00157955
0.0012521
0.000956524
0.000691982
0.000458102
0.000251884
7.04616e-05
-8.86423e-05
-0.000227678
-0.00034866
-0.000453331
-0.000543153
-0.000619293
-0.000682626
-0.000733734
-0.000772918
-0.000800211
-0.000815404
-0.000818065
-0.000807578
-0.000783171
-0.00074396
-0.000688988
-0.000617274
-0.000527857
-0.00041985
-0.000292486
-0.000145172
2.24636e-05
0.000210518
0.000418776
0.000646665
0.000893222
0.00115707
0.00143639
0.00172892
0.00203197
0.00234241
0.00265674
0.0029711
0.00328137
0.00358319
0.0038721
0.00414362
0.00439336
0.0046171
0.00481097
0.00497149
0.00509575
0.00518143
0.00522693
0.0052314
0.00519482
0.00511793
0.0050023
0.00485023
0.00466469
0.00444925
0.00420796
0.00394522
0.00366567
0.00337403
0.00307503
0.00277324
0.00247291
0.00217796
0.00189324
0.00162308
0.00135289
0.00106805
0.00256781
0.00202444
0.00159514
0.00124422
0.000928931
0.000647981
0.00040061
0.000183207
-7.67204e-06
-0.000175014
-0.00032152
-0.000449599
-0.000561326
-0.000658435
-0.000742309
-0.000813987
-0.000874163
-0.000923206
-0.000961172
-0.000987837
-0.00100272
-0.00100512
-0.000994146
-0.000968781
-0.000927903
-0.000870349
-0.00079496
-0.000700635
-0.000586387
-0.000451397
-0.000295069
-0.000117084
8.25544e-05
0.000303468
0.00054487
0.000805529
0.00108375
0.00137735
0.00168369
0.00199962
0.0023216
0.00264566
0.00296751
0.00328261
0.00358622
0.00387357
0.00413989
0.0043806
0.0045914
0.0047684
0.00490823
0.00500815
0.00506614
0.00508097
0.00505226
0.00498048
0.00486693
0.00471374
0.00452379
0.00430061
0.00404827
0.00377126
0.00347438
0.00316254
0.00284072
0.00251378
0.00218624
0.00186233
0.00154742
0.00124636
0.000942328
0.000618816
0.00260498
0.00202213
0.00156316
0.00118956
0.000855073
0.000557987
0.000297149
6.83594e-05
-0.000132382
-0.00030855
-0.000463277
-0.000599341
-0.000719129
-0.000824626
-0.000917412
-0.000998669
-0.00106919
-0.00112939
-0.00117933
-0.00121877
-0.00124715
-0.00126368
-0.00126734
-0.00125697
-0.00123126
-0.00118885
-0.00112838
-0.00104851
-0.000948033
-0.000825874
-0.000681199
-0.000513449
-0.000322398
-0.000108209
0.000128526
0.000386743
0.000664882
0.000960862
0.00127208
0.00159542
0.00192727
0.00226356
0.00259984
0.00293134
0.00325303
0.0035598
0.0038465
0.00410811
0.00433986
0.00453735
0.00469672
0.00481472
0.00488883
0.00491738
0.00489956
0.00483548
0.00472617
0.00457354
0.00438034
0.00415003
0.00388675
0.0035951
0.00328006
0.00294682
0.00260064
0.00224676
0.00189008
0.00153523
0.00118819
0.0008544
0.000514859
0.000151125
0.00258658
0.00196601
0.00147865
0.00108327
0.000730225
0.000417394
0.000143236
-9.7025e-05
-0.000307927
-0.000493415
-0.000657032
-0.000801906
-0.000930716
-0.00104568
-0.00114855
-0.00124064
-0.00132281
-0.00139552
-0.00145883
-0.00151244
-0.00155573
-0.00158778
-0.00160745
-0.0016134
-0.00160414
-0.0015781
-0.00153368
-0.00146932
-0.00138353
-0.00127501
-0.00114263
-0.000985592
-0.000803409
-0.000596004
-0.000363753
-0.000107526
0.000171274
0.000470687
0.000788182
0.00112066
0.00146447
0.00181546
0.00216898
0.00252004
0.00286331
0.0031933
0.00350443
0.00379119
0.00404828
0.00427074
0.00445412
0.00459459
0.00468906
0.0047353
0.00473202
0.00467891
0.00457662
0.00442682
0.00423207
0.00399581
0.00372217
0.00341592
0.00308226
0.00272669
0.00235486
0.00197243
0.00158477
0.001197
0.000815825
0.000447367
7.03937e-05
-0.000335512
0.00250771
0.0018513
0.00133691
0.000920722
0.000549858
0.00022177
-6.54696e-05
-0.000317202
-0.000538487
-0.000733721
-0.000906841
-0.00106131
-0.00120007
-0.00132557
-0.00143971
-0.00154391
-0.0016391
-0.00172575
-0.00180391
-0.00187321
-0.00193294
-0.00198207
-0.0020193
-0.0020431
-0.0020518
-0.00204359
-0.00201664
-0.00196911
-0.00189926
-0.00180549
-0.0016864
-0.00154089
-0.0013682
-0.00116799
-0.000940387
-0.000686031
-0.000406139
-0.000102524
0.000222383
0.000565526
0.000923235
0.00129126
0.0016648
0.0020386
0.00240704
0.00276421
0.00310407
0.00342057
0.00370781
0.0039602
0.00417262
0.00434055
0.00446024
0.00452885
0.00454446
0.00450626
0.00441447
0.00427044
0.00407651
0.00383603
0.00355316
0.00323281
0.00288045
0.00250194
0.00210338
0.00169095
0.00127056
0.000847907
0.000430503
2.52622e-05
-0.000391351
-0.000841816
0.0023637
0.00167342
0.00113347
0.000697533
0.00030966
-3.31258e-05
-0.000333143
-0.000596284
-0.000828118
-0.00103348
-0.00121668
-0.00138151
-0.00153115
-0.00166825
-0.00179486
-0.0019125
-0.00202213
-0.00212423
-0.00221881
-0.00230545
-0.00238331
-0.00245124
-0.00250777
-0.0025512
-0.00257961
-0.00259097
-0.00258319
-0.00255414
-0.0025018
-0.00242426
-0.0023198
-0.00218702
-0.00202485
-0.00183263
-0.00161022
-0.00135799
-0.00107693
-0.000768683
-0.000435533
-8.0464e-05
0.00029286
0.000680115
0.00107636
0.0014761
0.00187336
0.00226184
0.00263497
0.00298612
0.00330874
0.00359652
0.00384357
0.00404461
0.00419512
0.00429147
0.0043311
0.00431254
0.00423551
0.00410093
0.00391088
0.00366857
0.00337816
0.00304473
0.00267402
0.00227231
0.00184621
0.00140247
0.000947663
0.000488142
3.23256e-05
-0.000411993
-0.000870761
-0.00136864
0.00215016
0.00142808
0.000864108
0.000409555
5.54766e-06
-0.000351321
-0.000663762
-0.000938208
-0.00118072
-0.00139657
-0.00159041
-0.00176635
-0.00192781
-0.0020776
-0.00221793
-0.00235036
-0.00247593
-0.00259508
-0.00270778
-0.00281352
-0.00291136
-0.003
-0.0030778
-0.00314283
-0.00319297
-0.00322592
-0.00323932
-0.00323074
-0.00319784
-0.00313838
-0.00305031
-0.00293188
-0.00278166
-0.00259867
-0.00238242
-0.002133
-0.00185113
-0.0015382
-0.00119634
-0.000828398
-0.000438008
-2.95288e-05
0.000391966
0.000820751
0.00125053
0.00167455
0.00208572
0.00247677
0.00284042
0.00316956
0.00345745
0.00369793
0.00388557
0.00401589
0.00408549
0.00409216
0.00403499
0.00391438
0.00373206
0.00349103
0.00319546
0.00285053
0.00246231
0.00203751
0.00158332
0.00110717
0.000616334
0.000117936
-0.00037859
-0.000864477
-0.00136824
-0.00191685
0.00186292
0.00111124
0.000524879
5.29029e-05
-0.000366312
-0.000736605
-0.00106108
-0.0013467
-0.00160001
-0.00182667
-0.00203173
-0.00221953
-0.00239374
-0.00255736
-0.00271268
-0.00286135
-0.00300441
-0.0031423
-0.00327493
-0.00340169
-0.00352152
-0.00363296
-0.00373418
-0.00382306
-0.00389721
-0.00395408
-0.00399099
-0.00400523
-0.00399409
-0.00395497
-0.00388548
-0.00378345
-0.0036471
-0.00347504
-0.00326643
-0.00302098
-0.0027391
-0.0024219
-0.00207127
-0.0016899
-0.00128133
-0.000849909
-0.000400818
6.0016e-05
0.000525974
0.000989856
0.00144401
0.00188048
0.0022912
0.00266819
0.00300374
0.0032907
0.00352261
0.00369397
0.00380041
0.00383884
0.00380757
0.00370637
0.00353652
0.00330073
0.00300309
0.00264891
0.00224455
0.00179722
0.00131474
0.000805267
0.000276897
-0.000262394
-0.000802037
-0.00133219
-0.00188411
-0.00248727
0.00149812
0.000719158
0.000112118
-0.00037603
-0.00080948
-0.0011925
-0.0015286
-0.00182524
-0.00208945
-0.00232728
-0.00254409
-0.00274453
-0.00293248
-0.00311107
-0.00328271
-0.0034491
-0.0036113
-0.00376972
-0.0039242
-0.00407403
-0.00421803
-0.00435456
-0.0044816
-0.0045968
-0.00469752
-0.00478094
-0.00484405
-0.00488381
-0.00489714
-0.00488108
-0.00483279
-0.00474972
-0.00462964
-0.00447074
-0.00427175
-0.00403197
-0.00375143
-0.00343087
-0.00307191
-0.00267701
-0.00224955
-0.00179383
-0.00131508
-0.000819396
-0.000313704
0.000194358
0.000696555
0.00118422
0.00164844
0.00208025
0.00247092
0.00281213
0.00309627
0.00331667
0.00346781
0.00354555
0.00354726
0.00347195
0.00332029
0.00309462
0.00279886
0.00243842
0.00201995
0.00155116
0.00104054
0.000497097
-7.01876e-05
-0.000652379
-0.00123765
-0.00181496
-0.00241854
-0.00308055
0.00105219
0.000248391
-0.000377531
-0.000880544
-0.00132722
-0.00172225
-0.00206953
-0.00237704
-0.00265224
-0.00290158
-0.00313073
-0.0033446
-0.00354727
-0.00374202
-0.00393136
-0.00411703
-0.00430008
-0.00448092
-0.00465928
-0.00483438
-0.00500487
-0.00516896
-0.00532443
-0.00546867
-0.00559882
-0.00571171
-0.00580405
-0.00587242
-0.00591336
-0.00592348
-0.00589952
-0.00583846
-0.0057376
-0.00559464
-0.00540783
-0.005176
-0.00489871
-0.00457631
-0.00421003
-0.00380203
-0.00335547
-0.00287453
-0.00236442
-0.00183138
-0.00128259
-0.000726111
-0.000170762
0.000374043
0.000898488
0.00139258
0.0018464
0.00225037
0.00259556
0.00287394
0.00307869
0.00320441
0.00324734
0.00320553
0.0030789
0.00286927
0.00258032
0.00221746
0.00178762
0.00129902
0.000760898
0.000183142
-0.000424268
-0.00105133
-0.00168482
-0.00231237
-0.00297146
-0.00369711
0.00052192
-0.000304162
-0.000947091
-0.00146361
-0.00192246
-0.00232876
-0.00268679
-0.003005
-0.00329129
-0.00355248
-0.00379456
-0.00402266
-0.00424108
-0.00445321
-0.00466165
-0.0048682
-0.0050739
-0.00527911
-0.00548351
-0.00568618
-0.00588566
-0.00607996
-0.00626665
-0.00644292
-0.00660559
-0.00675121
-0.00687614
-0.00697659
-0.00704868
-0.00708858
-0.00709255
-0.00705708
-0.00697894
-0.00685529
-0.00668383
-0.00646286
-0.00619139
-0.0058693
-0.00549733
-0.00507728
-0.004612
-0.00410546
-0.00356279
-0.00299028
-0.00239532
-0.00178638
-0.00117283
-0.000564852
2.67933e-05
0.000590994
0.00111656
0.00159251
0.00200843
0.00235475
0.00262312
0.00280666
0.00290027
0.00290082
0.00280729
0.00262082
0.0023447
0.00198424
0.00154663
0.00104058
0.00047611
-0.000135924
-0.000784447
-0.00145828
-0.00214264
-0.0028237
-0.00354244
-0.00433703
-9.55517e-05
-0.000941236
-0.00159922
-0.00212786
-0.0025978
-0.0030146
-0.00338292
-0.00371167
-0.00400915
-0.00428255
-0.00453813
-0.00478129
-0.00501647
-0.00524723
-0.00547623
-0.0057053
-0.0059355
-0.00616711
-0.00639977
-0.00663244
-0.00686352
-0.00709084
-0.00731176
-0.00752323
-0.00772179
-0.00790368
-0.0080649
-0.00820125
-0.00830844
-0.00838216
-0.00841817
-0.0084124
-0.00836104
-0.00826068
-0.00810839
-0.00790185
-0.00763947
-0.00732053
-0.00694524
-0.00651489
-0.00603194
-0.00550006
-0.0049242
-0.00431062
-0.00366686
-0.00300171
-0.0023251
-0.00164796
-0.000982013
-0.000339562
0.00026683
0.000824653
0.00132182
0.00174702
0.00209014
0.0023426
0.00249767
0.00255082
0.00249982
0.00234492
0.00208887
0.00173678
0.00129596
0.000775644
0.000186624
-0.000459186
-0.00114952
-0.00187188
-0.00260979
-0.00334778
-0.00413064
-0.00499993
-0.000802672
-0.00166518
-0.00233621
-0.00287551
-0.00335545
-0.00378197
-0.00416011
-0.00449921
-0.00480799
-0.00509393
-0.00536362
-0.00562264
-0.00587563
-0.00612627
-0.00637728
-0.00663055
-0.0068871
-0.00714722
-0.00741043
-0.00767561
-0.007941
-0.00820428
-0.0084626
-0.00871264
-0.00895069
-0.00917264
-0.00937414
-0.00955057
-0.00969721
-0.00980922
-0.00988184
-0.0099104
-0.00989047
-0.00981799
-0.00968933
-0.0095015
-0.0092522
-0.00894002
-0.00856453
-0.00812643
-0.00762764
-0.00707142
-0.00646245
-0.00580684
-0.0051122
-0.00438757
-0.00364336
-0.00289124
-0.0021439
-0.00141488
-0.000718198
-6.80385e-05
0.00052167
0.00103767
0.00146783
0.00180158
0.0020303
0.00214773
0.00215017
0.00203674
0.00180939
0.00147287
0.00103455
0.000504085
-0.000106917
-0.000785435
-0.0015179
-0.00229038
-0.00308448
-0.00388294
-0.00473467
-0.00568492
-0.00160145
-0.00247791
-0.0031599
-0.0037084
-0.00419721
-0.00463266
-0.00502014
-0.00536941
-0.00568956
-0.00598839
-0.00627275
-0.00654844
-0.00682026
-0.007092
-0.00736648
-0.0076456
-0.0079304
-0.00822111
-0.00851721
-0.00881745
-0.00911995
-0.00942223
-0.00972122
-0.0100134
-0.0102947
-0.0105607
-0.0108068
-0.0110278
-0.0112185
-0.0113737
-0.011488
-0.011556
-0.0115727
-0.0115333
-0.0114334
-0.0112692
-0.0110378
-0.0107368
-0.010365
-0.00992254
-0.0094106
-0.00883191
-0.00819073
-0.00749292
-0.00674603
-0.00595925
-0.0051434
-0.00431082
-0.00347517
-0.00265123
-0.00185457
-0.00110114
-0.000406898
0.000212733
0.000743341
0.00117206
0.00148805
0.00168298
0.00175137
0.00169088
0.00150241
0.00119012
0.000761271
0.000225885
-0.000403637
-0.00111311
-0.00188757
-0.00271148
-0.00356434
-0.00442691
-0.00535254
-0.00639045
-0.00249345
-0.0033809
-0.00407175
-0.00462795
-0.00512448
-0.00556804
-0.00596436
-0.00632361
-0.00665518
-0.00696721
-0.00726677
-0.00755989
-0.00785152
-0.00814556
-0.00844491
-0.00875151
-0.00906641
-0.0093898
-0.00972109
-0.010059
-0.0104014
-0.0107458
-0.0110888
-0.0114267
-0.0117551
-0.0120695
-0.0123645
-0.0126348
-0.0128747
-0.0130783
-0.0132396
-0.0133527
-0.0134118
-0.0134112
-0.0133458
-0.0132111
-0.0130029
-0.0127183
-0.0123551
-0.0119125
-0.0113911
-0.0107927
-0.0101212
-0.00938191
-0.00858226
-0.00773144
-0.00684058
-0.0059226
-0.00499209
-0.00406507
-0.00315866
-0.00229074
-0.00147942
-0.000742516
-9.70008e-05
0.000441639
0.000859988
0.00114727
0.00129581
0.00130145
0.00116372
0.00088591
0.000474966
-5.88483e-05
-0.00070238
-0.00144025
-0.00225597
-0.00313228
-0.00404633
-0.00497666
-0.00598147
-0.0071142
-0.00347972
-0.00437518
-0.00507274
-0.00563512
-0.00613822
-0.00658906
-0.00699371
-0.00736268
-0.00770571
-0.00803119
-0.00834644
-0.00865768
-0.00897002
-0.00928747
-0.00961302
-0.00994865
-0.0102954
-0.0106535
-0.0110222
-0.0114003
-0.0117854
-0.0121749
-0.0125653
-0.0129527
-0.0133323
-0.0136992
-0.0140479
-0.0143724
-0.0146667
-0.0149242
-0.0151383
-0.0153025
-0.01541
-0.0154546
-0.0154302
-0.0153311
-0.0151525
-0.0148903
-0.0145414
-0.014104
-0.0135776
-0.0129634
-0.0122644
-0.0114854
-0.0106335
-0.00971774
-0.00874937
-0.00774181
-0.00671047
-0.00567257
-0.00464684
-0.0036531
-0.00271178
-0.0018433
-0.00106748
-0.000402754
0.000134483
0.000530582
0.000775253
0.000862058
0.000788756
0.00055744
0.000174466
-0.00034984
-0.00100165
-0.00176438
-0.00261993
-0.00354915
-0.00452661
-0.00552836
-0.00661781
-0.00785295
-0.00456081
-0.00546126
-0.00616338
-0.00673042
-0.00723892
-0.0076962
-0.00810864
-0.00848706
-0.0088415
-0.00918061
-0.00951194
-0.0098419
-0.0101758
-0.0105176
-0.0108706
-0.0112366
-0.0116169
-0.0120116
-0.0124199
-0.0128405
-0.0132711
-0.0137087
-0.0141499
-0.0145902
-0.015025
-0.0154488
-0.0158558
-0.0162396
-0.0165936
-0.0169107
-0.0171837
-0.0174053
-0.0175679
-0.0176645
-0.0176878
-0.0176314
-0.0174894
-0.0172563
-0.0169282
-0.0165021
-0.0159764
-0.0153512
-0.0146288
-0.0138131
-0.0129106
-0.01193
-0.0108827
-0.00978235
-0.00864505
-0.00748914
-0.00633492
-0.0052042
-0.00411983
-0.00310504
-0.00218273
-0.00137467
-0.00070064
-0.00017763
0.00018094
0.00036587
0.000372661
0.000201775
-0.000141355
-0.00064659
-0.00129956
-0.00208248
-0.00297559
-0.00395766
-0.00500042
-0.00607715
-0.00725687
-0.00860242
-0.00573674
-0.00663918
-0.00734372
-0.00791392
-0.00842665
-0.0088895
-0.00930915
-0.00969668
-0.0100624
-0.0104152
-0.0107629
-0.0111121
-0.0114681
-0.0118352
-0.0122166
-0.0126143
-0.0130295
-0.0134625
-0.0139124
-0.0143777
-0.0148563
-0.0153449
-0.0158399
-0.0163368
-0.0168306
-0.0173156
-0.0177856
-0.0182337
-0.0186529
-0.0190354
-0.0193735
-0.0196589
-0.0198835
-0.0200391
-0.0201176
-0.0201114
-0.0200134
-0.0198171
-0.0195172
-0.0191093
-0.0185909
-0.0179609
-0.0172201
-0.0163718
-0.0154217
-0.0143779
-0.0132515
-0.0120563
-0.0108089
-0.0095288
-0.00823763
-0.00695922
-0.0057189
-0.00454287
-0.00345737
-0.00248782
-0.00165785
-0.000988289
-0.000496244
-0.000194255
-8.96426e-05
-0.000184088
-0.000473517
-0.000948296
-0.00159371
-0.00239086
-0.00331824
-0.00435239
-0.00546193
-0.00661706
-0.0078928
-0.00935713
-0.00700699
-0.00790848
-0.00861334
-0.00918521
-0.00970101
-0.0101686
-0.0105948
-0.010991
-0.0113678
-0.0117343
-0.0120985
-0.0124671
-0.0128456
-0.0132386
-0.0136492
-0.0140796
-0.014531
-0.0150036
-0.0154968
-0.0160089
-0.0165376
-0.0170799
-0.0176317
-0.0181885
-0.018745
-0.0192953
-0.0198327
-0.0203501
-0.0208398
-0.0212936
-0.0217029
-0.0220589
-0.0223525
-0.0225744
-0.0227158
-0.0227676
-0.0227217
-0.0225703
-0.0223066
-0.021925
-0.0214215
-0.0207935
-0.0200409
-0.0191655
-0.018172
-0.0170678
-0.0158635
-0.0145729
-0.0132128
-0.0118035
-0.0103679
-0.00893189
-0.00752321
-0.00617113
-0.00490548
-0.00375566
-0.00274956
-0.0019124
-0.00126557
-0.000825609
-0.000603307
-0.000603105
-0.000822824
-0.00125376
-0.00188113
-0.00268503
-0.0036422
-0.00472683
-0.00590409
-0.0071408
-0.00851837
-0.0101102
-0.00837051
-0.0092682
-0.00997137
-0.0105435
-0.0110612
-0.0115325
-0.0119646
-0.012369
-0.0127566
-0.0131365
-0.013517
-0.0139051
-0.0143064
-0.0147255
-0.0151658
-0.0156296
-0.016118
-0.0166314
-0.0171691
-0.0177296
-0.0183105
-0.0189086
-0.0195199
-0.0201396
-0.0207622
-0.0213816
-0.0219907
-0.0225821
-0.0231475
-0.0236782
-0.0241649
-0.024598
-0.0249675
-0.0252633
-0.0254753
-0.0255934
-0.025608
-0.02551
-0.0252913
-0.0249446
-0.0244644
-0.0238467
-0.0230897
-0.0221939
-0.0211627
-0.0200026
-0.0187233
-0.0173382
-0.0158643
-0.0143222
-0.0127362
-0.0111337
-0.00954513
-0.00800273
-0.00654009
-0.00519089
-0.0039877
-0.00296068
-0.00213616
-0.00153539
-0.00117337
-0.00105803
-0.00118974
-0.00156124
-0.00215809
-0.00295957
-0.0039407
-0.00507319
-0.00631846
-0.00763958
-0.00912475
-0.0108531
-0.0098257
-0.0107169
-0.0114165
-0.0119874
-0.0125059
-0.0129801
-0.0134173
-0.0138293
-0.014227
-0.01462
-0.0150166
-0.0154238
-0.0158477
-0.016293
-0.016763
-0.0172603
-0.0177863
-0.0183411
-0.0189243
-0.0195344
-0.0201689
-0.0208247
-0.0214976
-0.0221827
-0.0228745
-0.0235663
-0.0242511
-0.0249208
-0.0255668
-0.0261797
-0.0267496
-0.0272662
-0.0277186
-0.0280956
-0.0283861
-0.0285787
-0.0286624
-0.0286269
-0.0284622
-0.0281597
-0.027712
-0.0271135
-0.0263607
-0.0254525
-0.0243908
-0.0231807
-0.0218309
-0.020354
-0.0187669
-0.0170903
-0.0153494
-0.0135732
-0.0117944
-0.0100484
-0.00837241
-0.00680478
-0.00538314
-0.0041431
-0.0031166
-0.00233037
-0.00180449
-0.0015512
-0.00157418
-0.00186833
-0.00241999
-0.00320797
-0.00420567
-0.00538221
-0.00669497
-0.00810289
-0.00970137
-0.0115754
-0.0113705
-0.0122527
-0.0129469
-0.0135153
-0.0140335
-0.0145096
-0.0149512
-0.01537
-0.0157771
-0.0161824
-0.0165943
-0.0170202
-0.0174662
-0.017937
-0.0184365
-0.0189672
-0.0195305
-0.0201269
-0.020756
-0.0214163
-0.0221054
-0.0228201
-0.0235563
-0.0243089
-0.0250723
-0.0258395
-0.0266033
-0.0273552
-0.0280861
-0.0287862
-0.0294448
-0.0300509
-0.0305927
-0.031058
-0.0314346
-0.0317098
-0.0318714
-0.0319073
-0.0318061
-0.0315573
-0.0311519
-0.0305824
-0.0298433
-0.0289318
-0.027848
-0.0265954
-0.0251812
-0.0236172
-0.0219194
-0.0201085
-0.0182103
-0.0162551
-0.0142774
-0.0123156
-0.0104111
-0.00860651
-0.00694506
-0.00546827
-0.00421442
-0.00321652
-0.00250061
-0.00208424
-0.00197532
-0.00217169
-0.00266115
-0.00342244
-0.00442754
-0.00564295
-0.00702173
-0.00851826
-0.0102356
-0.0122648
-0.0130022
-0.0138733
-0.0145605
-0.0151253
-0.0156421
-0.0161192
-0.016564
-0.0169887
-0.0174044
-0.017821
-0.0182472
-0.0186906
-0.0191576
-0.0196531
-0.020181
-0.0207442
-0.0213443
-0.0219819
-0.0226567
-0.0233672
-0.0241112
-0.0248855
-0.0256859
-0.0265074
-0.0273441
-0.0281891
-0.0290346
-0.0298719
-0.0306915
-0.0314831
-0.0322353
-0.0329364
-0.0335736
-0.034134
-0.0346039
-0.0349696
-0.0352174
-0.0353336
-0.0353053
-0.0351201
-0.0347671
-0.0342368
-0.0335217
-0.032617
-0.0315207
-0.0302344
-0.0287638
-0.027119
-0.0253151
-0.0233724
-0.0213166
-0.019179
-0.0169958
-0.0148083
-0.0126612
-0.0106023
-0.00868014
-0.00694283
-0.00543554
-0.00419845
-0.00326456
-0.00265774
-0.00239125
-0.00246682
-0.00287454
-0.00359364
-0.00459501
-0.00584255
-0.00728473
-0.00887101
-0.0107124
-0.0129063
-0.014718
-0.015576
-0.0162549
-0.016815
-0.0173295
-0.0178064
-0.0182536
-0.0186829
-0.0191058
-0.0195323
-0.0199714
-0.0204309
-0.0209172
-0.0214357
-0.0219907
-0.0225849
-0.0232204
-0.023898
-0.0246174
-0.0253774
-0.0261759
-0.0270096
-0.0278746
-0.0287657
-0.0296768
-0.030601
-0.0315302
-0.0324555
-0.0333669
-0.0342535
-0.0351035
-0.0359043
-0.0366424
-0.0373038
-0.0378737
-0.0383372
-0.0386791
-0.0388843
-0.0389381
-0.0388262
-0.0385357
-0.0380551
-0.0373748
-0.0364876
-0.0353894
-0.0340796
-0.0325619
-0.0308445
-0.0289412
-0.0268712
-0.02466
-0.0223391
-0.0199463
-0.017525
-0.0151236
-0.0127944
-0.0105918
-0.00857057
-0.00678354
-0.00527884
-0.00409747
-0.0032708
-0.00281862
-0.00274775
-0.00305153
-0.00371046
-0.00469478
-0.00596594
-0.00746761
-0.00914389
-0.0111142
-0.0134825
-0.0165143
-0.0173579
-0.0180274
-0.0185819
-0.0190931
-0.0195689
-0.0200171
-0.0204498
-0.0208783
-0.0213129
-0.0217628
-0.0222361
-0.0227396
-0.0232789
-0.0238585
-0.0244816
-0.0251504
-0.0258659
-0.0266282
-0.0274362
-0.0282879
-0.0291802
-0.0301091
-0.0310696
-0.0320554
-0.0330594
-0.0340735
-0.0350884
-0.0360937
-0.0370781
-0.0380292
-0.0389337
-0.0397772
-0.0405448
-0.0412206
-0.0417885
-0.0422318
-0.0425339
-0.0426784
-0.0426491
-0.0424312
-0.0420108
-0.0413761
-0.0405177
-0.0394288
-0.0381066
-0.0365524
-0.0347723
-0.032778
-0.0305876
-0.0282255
-0.0257232
-0.0231193
-0.0204589
-0.0177937
-0.0151804
-0.0126791
-0.0103517
-0.00825889
-0.00645775
-0.00499824
-0.00392052
-0.00325225
-0.00300665
-0.00318154
-0.00375966
-0.00471122
-0.00599552
-0.00755126
-0.00931681
-0.0114204
-0.0139726
-0.0183874
-0.0192157
-0.0198751
-0.0204234
-0.0209304
-0.021404
-0.021852
-0.0222862
-0.0227183
-0.0231587
-0.0236169
-0.0241012
-0.0246189
-0.0251759
-0.0257769
-0.0264258
-0.0271248
-0.0278755
-0.028678
-0.0295315
-0.0304343
-0.0313833
-0.0323747
-0.0334033
-0.0344631
-0.0355468
-0.036646
-0.0377511
-0.0388516
-0.0399356
-0.0409901
-0.0420011
-0.0429536
-0.0438316
-0.0446183
-0.0452961
-0.0458473
-0.0462534
-0.0464965
-0.0465585
-0.0464225
-0.0460725
-0.0454942
-0.0446757
-0.0436078
-0.042285
-0.0407059
-0.0388741
-0.0367993
-0.0344973
-0.0319912
-0.0293119
-0.026498
-0.0235962
-0.0206606
-0.0177519
-0.014936
-0.0122816
-0.00985807
-0.00773177
-0.00596281
-0.00460139
-0.00368451
-0.00323335
-0.00325163
-0.00372551
-0.00462605
-0.00591081
-0.00751352
-0.00936644
-0.011607
-0.0143525
-0.0203334
-0.0211461
-0.0217952
-0.0223367
-0.0228389
-0.0233092
-0.0237552
-0.024189
-0.0246222
-0.0250655
-0.0255286
-0.0260204
-0.0265484
-0.0271191
-0.0277377
-0.0284082
-0.0291335
-0.0299154
-0.0307544
-0.0316501
-0.0326008
-0.0336037
-0.0346551
-0.0357499
-0.0368819
-0.038044
-0.0392275
-0.0404226
-0.0416184
-0.0428026
-0.0439617
-0.0450812
-0.0461451
-0.0471366
-0.0480379
-0.0488302
-0.0494944
-0.0500107
-0.0503592
-0.0505202
-0.0504747
-0.0502044
-0.0496928
-0.0489252
-0.0478899
-0.0465784
-0.0449866
-0.0431153
-0.0409714
-0.0385684
-0.0359276
-0.0330782
-0.0300586
-0.026916
-0.0237065
-0.0204942
-0.0173503
-0.0143505
-0.0115726
-0.00909323
-0.00698337
-0.0053046
-0.00410482
-0.00341487
-0.00324604
-0.00358938
-0.0044179
-0.00568806
-0.00732873
-0.0092658
-0.0116464
-0.0145943
-0.0223482
-0.0231457
-0.0237847
-0.0243193
-0.024816
-0.0252818
-0.0257242
-0.0261551
-0.0265864
-0.0270289
-0.027493
-0.0279877
-0.0285212
-0.0291006
-0.0297316
-0.0304187
-0.0311652
-0.0319735
-0.0328443
-0.0337776
-0.0347721
-0.035825
-0.0369329
-0.0380907
-0.0392924
-0.0405305
-0.0417965
-0.0430802
-0.0443704
-0.0456544
-0.0469183
-0.0481469
-0.0493234
-0.0504303
-0.0514487
-0.0523588
-0.05314
-0.0537711
-0.0542307
-0.0544973
-0.0545496
-0.0543675
-0.0539318
-0.0532253
-0.0522336
-0.0509452
-0.049353
-0.0474548
-0.0452543
-0.0427624
-0.0399976
-0.0369875
-0.033769
-0.0303893
-0.0269056
-0.0233849
-0.0199028
-0.0165418
-0.0133883
-0.0105293
-0.00804753
-0.00601727
-0.00449893
-0.00353482
-0.00314571
-0.00332928
-0.00406188
-0.00529982
-0.00696735
-0.0089838
-0.0115064
-0.0146657
-0.0244277
-0.0252113
-0.0258409
-0.0263689
-0.0268596
-0.0273197
-0.0277564
-0.0281815
-0.0286071
-0.0290445
-0.0295044
-0.0299966
-0.0305299
-0.0311119
-0.031749
-0.0324464
-0.033208
-0.0340366
-0.0349335
-0.0358989
-0.0369318
-0.0380299
-0.0391898
-0.0404065
-0.041674
-0.0429849
-0.0443304
-0.0457003
-0.0470829
-0.0484652
-0.0498329
-0.0511699
-0.0524591
-0.053682
-0.0548186
-0.0558483
-0.056749
-0.0574983
-0.0580732
-0.0584502
-0.0586065
-0.0585195
-0.0581677
-0.0575314
-0.0565934
-0.0553392
-0.0537584
-0.0518458
-0.0496017
-0.0470337
-0.0441573
-0.0409975
-0.0375894
-0.0339791
-0.0302241
-0.0263934
-0.0225665
-0.0188318
-0.0152841
-0.0120209
-0.00913744
-0.00672167
-0.00484817
-0.0035727
-0.00292761
-0.00291926
-0.00352907
-0.00471439
-0.00639538
-0.00848478
-0.0111504
-0.0145293
-0.0265679
-0.0273399
-0.0279617
-0.0284836
-0.0289679
-0.0294209
-0.0298494
-0.0302653
-0.0306809
-0.0311079
-0.0315576
-0.0320407
-0.0325666
-0.0331439
-0.0337797
-0.0344799
-0.0352492
-0.0360909
-0.0370068
-0.0379976
-0.0390627
-0.0402001
-0.0414063
-0.0426768
-0.0440055
-0.0453849
-0.046806
-0.0482585
-0.0497304
-0.0512084
-0.0526776
-0.0541214
-0.055522
-0.05686
-0.0581148
-0.0592643
-0.0602857
-0.0611549
-0.0618475
-0.0623386
-0.0626031
-0.0626165
-0.062355
-0.0617966
-0.0609209
-0.0597106
-0.0581524
-0.0562372
-0.053962
-0.0513309
-0.0483559
-0.0450589
-0.0414723
-0.0376404
-0.0336201
-0.0294812
-0.0253063
-0.0211888
-0.0172315
-0.0135421
-0.0102289
-0.00739434
-0.00512869
-0.00350322
-0.00256416
-0.00232888
-0.00278598
-0.00389536
-0.00557392
-0.00772791
-0.0105364
-0.0141428
-0.0287649
-0.029529
-0.0301451
-0.0306619
-0.0311398
-0.0315842
-0.0320018
-0.0324043
-0.0328045
-0.0332147
-0.033647
-0.034113
-0.0346232
-0.0351871
-0.0358128
-0.0365071
-0.0372754
-0.0381217
-0.0390486
-0.0400571
-0.041147
-0.0423166
-0.0435627
-0.0448809
-0.046265
-0.0477075
-0.0491994
-0.0507301
-0.0522873
-0.0538573
-0.0554247
-0.0569724
-0.0584819
-0.059933
-0.0613042
-0.0625726
-0.0637141
-0.0647034
-0.0655146
-0.0661212
-0.0664964
-0.0666137
-0.0664472
-0.0659722
-0.0651657
-0.0640076
-0.0624812
-0.060574
-0.0582795
-0.0555978
-0.0525372
-0.049116
-0.0453631
-0.0413204
-0.0370431
-0.032601
-0.0280782
-0.0235726
-0.0191937
-0.0150594
-0.0112906
-0.00800521
-0.00531063
-0.00329552
-0.00202249
-0.00152254
-0.00179387
-0.00280093
-0.00445846
-0.00666663
-0.00961651
-0.0134576
-0.0310156
-0.0317766
-0.0323904
-0.0329035
-0.0333749
-0.0338091
-0.0342123
-0.0345966
-0.034975
-0.0353608
-0.0357672
-0.0362068
-0.0366915
-0.0372318
-0.0378372
-0.0385153
-0.0392727
-0.040114
-0.0410424
-0.0420598
-0.0431661
-0.04436
-0.0456386
-0.0469974
-0.0484304
-0.04993
-0.051487
-0.0530905
-0.0547281
-0.0563854
-0.0580467
-0.0596943
-0.061309
-0.06287
-0.0643548
-0.0657396
-0.0669991
-0.068107
-0.0690359
-0.0697578
-0.0702443
-0.0704669
-0.0703977
-0.0700096
-0.0692771
-0.0681772
-0.0666899
-0.0647995
-0.0624956
-0.0597745
-0.0566405
-0.0531077
-0.0492013
-0.0449596
-0.0404355
-0.0356973
-0.03083
-0.0259342
-0.0211254
-0.0165305
-0.0122831
-0.00851688
-0.00535728
-0.00291239
-0.00126371
-0.00045874
-0.000508128
-0.00138327
-0.0029983
-0.00524798
-0.00833619
-0.0124184
-0.0333175
-0.0340819
-0.0346976
-0.0352092
-0.0356742
-0.0360962
-0.0364811
-0.0368411
-0.0371901
-0.0375425
-0.0379127
-0.038315
-0.0387627
-0.0392677
-0.039841
-0.0404914
-0.0412265
-0.0420519
-0.0429716
-0.0439878
-0.0451012
-0.0463106
-0.0476134
-0.0490052
-0.0504798
-0.0520297
-0.0536453
-0.0553157
-0.0570278
-0.058767
-0.060517
-0.0622596
-0.063975
-0.0656414
-0.0672357
-0.068733
-0.070107
-0.0713304
-0.0723744
-0.0732095
-0.0738058
-0.0741331
-0.0741613
-0.0738612
-0.073205
-0.0721667
-0.0707234
-0.068856
-0.0665506
-0.0637993
-0.0606023
-0.0569693
-0.0529214
-0.0484927
-0.0437326
-0.0387074
-0.0335011
-0.0282161
-0.0229723
-0.0179047
-0.0131587
-0.00888378
-0.0052243
-0.00230943
-0.000242086
0.000910662
0.00112249
0.000412183
-0.00113578
-0.00341181
-0.00663374
-0.0109627
-0.0356688
-0.0364452
-0.0370683
-0.037581
-0.0380398
-0.0384473
-0.038809
-0.0391377
-0.0394482
-0.0397564
-0.0400786
-0.0404307
-0.0408281
-0.0412844
-0.0418122
-0.0424218
-0.043122
-0.0439193
-0.0448188
-0.0458231
-0.0469334
-0.0481489
-0.0494669
-0.0508833
-0.0523918
-0.0539845
-0.0556518
-0.0573823
-0.0591626
-0.0609777
-0.0628106
-0.0646425
-0.0664529
-0.0682195
-0.069918
-0.0715228
-0.0730066
-0.0743409
-0.0754956
-0.0764401
-0.0771428
-0.0775718
-0.0776952
-0.0774818
-0.0769014
-0.0759254
-0.0745282
-0.0726872
-0.070385
-0.0676099
-0.0643579
-0.0606341
-0.0564549
-0.0518501
-0.0468648
-0.041562
-0.0360238
-0.0303527
-0.0246716
-0.0191222
-0.0138607
-0.0090517
-0.00485902
-0.0014343
0.00109574
0.00264125
0.00315666
0.00264759
0.00119456
-0.00109001
-0.00443929
-0.00902001
-0.0380693
-0.0388686
-0.0395061
-0.0400232
-0.040476
-0.040866
-0.0411986
-0.0414873
-0.0417484
-0.0419997
-0.0422598
-0.042547
-0.0428787
-0.0432711
-0.0437382
-0.0442925
-0.0449437
-0.0456999
-0.0465666
-0.0475474
-0.0486438
-0.0498552
-0.0511791
-0.0526113
-0.0541454
-0.0557732
-0.0574849
-0.0592686
-0.0611104
-0.0629948
-0.0649042
-0.0668192
-0.0687185
-0.0705789
-0.0723756
-0.0740818
-0.0756694
-0.0771086
-0.0783684
-0.0794166
-0.0802203
-0.080746
-0.0809602
-0.0808296
-0.0803218
-0.079406
-0.0780535
-0.076239
-0.0739416
-0.0711457
-0.0678433
-0.0640348
-0.0597321
-0.0549598
-0.0497585
-0.0441869
-0.038324
-0.0322711
-0.0261524
-0.0201146
-0.0143233
-0.00895732
-0.00419985
-0.000225992
0.00281155
0.0047969
0.00566139
0.00539358
0.00406686
0.00179446
-0.00167393
-0.00651055
-0.0405205
-0.0413564
-0.042017
-0.0425423
-0.0429893
-0.0433581
-0.0436542
-0.0438923
-0.0440908
-0.0442701
-0.0444517
-0.0446567
-0.0449054
-0.0452164
-0.0456063
-0.046089
-0.0466762
-0.0473768
-0.0481976
-0.0491426
-0.0502136
-0.0514105
-0.0527307
-0.0541697
-0.055721
-0.0573761
-0.0591247
-0.0609543
-0.0628507
-0.0647976
-0.0667768
-0.0687682
-0.0707497
-0.0726974
-0.0745854
-0.0763862
-0.0780706
-0.0796076
-0.0809652
-0.08211
-0.0830077
-0.0836232
-0.0839214
-0.0838672
-0.0834261
-0.082565
-0.0812528
-0.0794614
-0.0771664
-0.0743489
-0.0709967
-0.067106
-0.0626836
-0.0577493
-0.0523384
-0.0465047
-0.0403232
-0.0338925
-0.0273367
-0.0208054
-0.014472
-0.00852818
-0.00317589
0.00138578
0.0049763
0.00745065
0.00871292
0.00873024
0.00756505
0.0053287
0.00175141
-0.00334463
-0.0430262
-0.0439157
-0.0446099
-0.0451481
-0.045589
-0.0459317
-0.0461819
-0.0463565
-0.0464766
-0.046566
-0.0466498
-0.0467528
-0.0468987
-0.0471091
-0.047403
-0.0477967
-0.0483034
-0.0489334
-0.0496942
-0.0505907
-0.0516248
-0.0527965
-0.0541032
-0.0555401
-0.0571003
-0.058775
-0.060553
-0.0624216
-0.0643657
-0.0663683
-0.0684105
-0.0704715
-0.0725282
-0.0745559
-0.076528
-0.0784158
-0.080189
-0.081816
-0.0832631
-0.084496
-0.0854789
-0.0861755
-0.0865488
-0.0865622
-0.0861792
-0.0853646
-0.084085
-0.0823094
-0.0800107
-0.0771665
-0.0737608
-0.0697855
-0.0652429
-0.0601475
-0.0545293
-0.0484369
-0.0419402
-0.0351341
-0.0281407
-0.0211111
-0.0142241
-0.00768288
-0.00170681
0.00348104
0.00767087
0.0106856
0.0123978
0.0127483
0.0117841
0.00961112
0.00593723
0.000578686
-0.0455933
-0.0465574
-0.0472982
-0.0478544
-0.0482882
-0.0485981
-0.0487907
-0.0488857
-0.0489081
-0.0488864
-0.04885
-0.0488283
-0.048849
-0.0489371
-0.0491147
-0.0494004
-0.0498091
-0.0503527
-0.0510393
-0.0518742
-0.0528598
-0.0539959
-0.0552796
-0.0567057
-0.0582668
-0.0599535
-0.061754
-0.0636547
-0.0656398
-0.0676915
-0.06979
-0.0719137
-0.0740386
-0.0761392
-0.0781876
-0.0801543
-0.0820082
-0.0837161
-0.0852437
-0.086555
-0.0876132
-0.0883803
-0.0888182
-0.0888882
-0.0885522
-0.087773
-0.0865149
-0.0847446
-0.0824319
-0.0795515
-0.0760838
-0.0720167
-0.0673479
-0.0620871
-0.056259
-0.0499063
-0.0430935
-0.0359107
-0.0284769
-0.0209425
-0.0134901
-0.00633176
0.000296986
0.00614972
0.0109865
0.0145956
0.0168138
0.0175502
0.0168312
0.014753
0.010997
0.00537305
-0.0482325
-0.0492975
-0.0501001
-0.0506799
-0.0511047
-0.0513727
-0.0514924
-0.0514878
-0.0513893
-0.051231
-0.0510483
-0.0508758
-0.0507459
-0.050688
-0.0507272
-0.0508846
-0.0511772
-0.0516179
-0.0522157
-0.0529763
-0.0539021
-0.0549924
-0.056244
-0.0576513
-0.0592059
-0.0608978
-0.0627142
-0.0646407
-0.0666605
-0.0687551
-0.0709036
-0.0730833
-0.0752695
-0.0774355
-0.0795525
-0.08159
-0.0835156
-0.0852952
-0.0868932
-0.0882725
-0.0893947
-0.0902208
-0.0907108
-0.0908246
-0.0905224
-0.0897649
-0.0885144
-0.0867351
-0.0843944
-0.081464
-0.077921
-0.0737495
-0.0689432
-0.0635068
-0.0574598
-0.0508392
-0.0437038
-0.0361381
-0.0282566
-0.0202075
-0.0121749
-0.00437809
0.00293365
0.0094916
0.0150254
0.0192863
0.0220713
0.0232521
0.022828
0.0208804
0.0170593
0.0111666
-0.0509604
-0.0521585
-0.0530412
-0.0536501
-0.0540618
-0.0542753
-0.0543025
-0.0541733
-0.0539254
-0.0536003
-0.0532406
-0.0528875
-0.052579
-0.0523487
-0.0522257
-0.0522336
-0.0523912
-0.0527126
-0.0532073
-0.0538811
-0.0547361
-0.0557713
-0.0569827
-0.0583638
-0.0599054
-0.0615962
-0.0634228
-0.0653695
-0.0674186
-0.0695502
-0.0717428
-0.0739723
-0.0762131
-0.0784373
-0.0806152
-0.0827151
-0.0847034
-0.086545
-0.088203
-0.0896389
-0.0908133
-0.0916854
-0.092214
-0.0923572
-0.0920735
-0.0913218
-0.0900622
-0.0882569
-0.0858706
-0.0828724
-0.0792361
-0.0749426
-0.0699814
-0.0643529
-0.0580714
-0.0511685
-0.0436968
-0.035735
-0.0273921
-0.0188128
-0.0101808
-0.00171987
0.00630874
0.0136157
0.0199005
0.0248758
0.0282945
0.0299848
0.0299123
0.0281366
0.02427
0.0181044
-0.0538006
-0.0551714
-0.0561558
-0.0567988
-0.0571903
-0.0573318
-0.0572406
-0.0569553
-0.0565232
-0.0559953
-0.0554231
-0.0548554
-0.0543366
-0.0539056
-0.0535951
-0.0534313
-0.0534348
-0.0536204
-0.0539981
-0.0545734
-0.0553479
-0.0563197
-0.0574837
-0.0588324
-0.0603554
-0.0620402
-0.0638721
-0.0658343
-0.0679077
-0.0700714
-0.0723026
-0.0745762
-0.0768652
-0.0791408
-0.081372
-0.0835259
-0.085568
-0.0874616
-0.0891688
-0.0906498
-0.0918636
-0.0927682
-0.0933207
-0.0934777
-0.0931959
-0.0924322
-0.0911448
-0.0892936
-0.0868412
-0.0837536
-0.080002
-0.0755639
-0.0704251
-0.0645817
-0.0580434
-0.050836
-0.0430065
-0.0346271
-0.025801
-0.0166681
-0.00740979
0.00174753
0.0105332
0.0186392
0.0257355
0.0314949
0.0356224
0.0378964
0.0382407
0.0366852
0.0327956
0.0263511
-0.0567865
-0.0583793
-0.0594902
-0.0601708
-0.0605303
-0.0605753
-0.0603318
-0.0598504
-0.0591912
-0.0584175
-0.0575912
-0.0567703
-0.0560065
-0.0553441
-0.0548193
-0.0544612
-0.0542915
-0.0543257
-0.0545735
-0.0550398
-0.0557251
-0.0566264
-0.0577373
-0.0590487
-0.0605488
-0.0622238
-0.0640573
-0.0660311
-0.068125
-0.0703166
-0.0725817
-0.0748941
-0.0772256
-0.0795459
-0.0818231
-0.084023
-0.0861097
-0.0880455
-0.0897909
-0.091305
-0.0925452
-0.0934682
-0.0940293
-0.0941836
-0.0938858
-0.0930912
-0.0917557
-0.089837
-0.0872953
-0.0840941
-0.0802017
-0.0755922
-0.0702481
-0.0641613
-0.0573368
-0.0497953
-0.0415779
-0.0327504
-0.0234096
-0.0136895
-0.00376806
0.00612789
0.0157205
0.0246852
0.0326637
0.0392877
0.0442108
0.0471546
0.0479922
0.046714
0.0428279
0.0360954
-0.0599655
-0.0618409
-0.0631067
-0.0638252
-0.0641333
-0.0640474
-0.0636066
-0.0628783
-0.0619395
-0.0608683
-0.0597398
-0.0586222
-0.0575751
-0.0566482
-0.0558817
-0.0553065
-0.0549452
-0.0548133
-0.0549196
-0.0552679
-0.0558572
-0.0566826
-0.0577363
-0.0590071
-0.0604816
-0.0621441
-0.0639767
-0.0659596
-0.0680709
-0.0702869
-0.072582
-0.0749286
-0.0772971
-0.0796562
-0.0819723
-0.0842103
-0.0863328
-0.0883008
-0.0900736
-0.0916088
-0.0928623
-0.0937893
-0.0943434
-0.0944781
-0.0941461
-0.0933007
-0.0918958
-0.0898867
-0.0872312
-0.08389
-0.0798286
-0.0750179
-0.0694367
-0.063073
-0.0559271
-0.0480148
-0.039371
-0.0300551
-0.0201571
-0.00980468
0.00082934
0.0115194
0.0219827
0.03188
0.040826
0.0484108
0.0542326
0.057949
0.0593722
0.0584408
0.0545895
0.0475556
-0.0634034
-0.0656368
-0.0670892
-0.0678397
-0.068066
-0.0678007
-0.0671027
-0.0660626
-0.0647791
-0.063349
-0.0618624
-0.0603991
-0.0590269
-0.0578009
-0.0567645
-0.0559499
-0.0553798
-0.0550686
-0.0550237
-0.055247
-0.0557354
-0.0564818
-0.0574758
-0.0587045
-0.0601522
-0.0618011
-0.0636316
-0.065622
-0.0677488
-0.0699867
-0.0723086
-0.0746853
-0.0770861
-0.0794782
-0.0818267
-0.0840952
-0.0862449
-0.0882356
-0.090025
-0.0915693
-0.0928231
-0.0937398
-0.0942714
-0.0943695
-0.093985
-0.0930689
-0.0915731
-0.0894503
-0.0866558
-0.0831475
-0.0788876
-0.0738439
-0.0679913
-0.0613136
-0.0538066
-0.0454805
-0.0363642
-0.0265104
-0.0160018
-0.00495861
0.00645229
0.0180085
0.0294243
0.0403479
0.0503681
0.0590324
0.0658796
0.0704951
0.0726181
0.0721202
0.0683426
0.060987
-0.0671929
-0.0698778
-0.0715506
-0.0723168
-0.0724137
-0.0719005
-0.0708654
-0.0694304
-0.0677218
-0.0658592
-0.06395
-0.0620863
-0.060344
-0.058783
-0.0574486
-0.0563734
-0.0555789
-0.0550776
-0.0548744
-0.0549682
-0.0553532
-0.0560194
-0.0569538
-0.0581407
-0.0595621
-0.0611979
-0.0630264
-0.0650239
-0.0671652
-0.0694233
-0.0717694
-0.074173
-0.0766018
-0.0790216
-0.0813963
-0.083688
-0.0858567
-0.0878607
-0.0896563
-0.0911983
-0.0924397
-0.0933322
-0.0938262
-0.0938713
-0.0934164
-0.0924105
-0.0908028
-0.0885438
-0.0855856
-0.0818833
-0.0773958
-0.072087
-0.0659277
-0.0588973
-0.0509864
-0.0421994
-0.0325585
-0.0221092
-0.0109258
0.000879697
0.0131481
0.0256619
0.0381347
0.0502045
0.0614345
0.071329
0.0793622
0.0850374
0.0880065
0.0880547
0.0844006
0.0766938
-0.0714642
-0.0747172
-0.0766437
-0.0773913
-0.0772851
-0.0764271
-0.0749476
-0.0730108
-0.0707782
-0.0683957
-0.0659898
-0.0636651
-0.0615048
-0.059572
-0.0579126
-0.0565577
-0.055526
-0.0548266
-0.0544607
-0.0544236
-0.0547056
-0.0552932
-0.0561702
-0.0573177
-0.0587152
-0.0603399
-0.0621679
-0.0641733
-0.0663292
-0.0686065
-0.0709751
-0.0734028
-0.0758558
-0.0782986
-0.0806937
-0.0830018
-0.0851817
-0.0871901
-0.088982
-0.0905108
-0.0917278
-0.0925831
-0.0930253
-0.0930021
-0.0924603
-0.0913466
-0.0896078
-0.0871915
-0.0840468
-0.0801256
-0.0753828
-0.0697785
-0.0632786
-0.0558575
-0.0474997
-0.038203
-0.0279821
-0.0168737
-0.00494263
0.00770917
0.0209323
0.0345167
0.0481782
0.0615464
0.074161
0.0854805
0.0949084
0.101853
0.105862
0.106608
0.103145
0.0950458
-0.0764024
-0.0803691
-0.0825763
-0.0832406
-0.0828181
-0.0814774
-0.0794094
-0.0768337
-0.0739547
-0.0709487
-0.0679618
-0.0651101
-0.0624819
-0.0601413
-0.0581319
-0.0564812
-0.055203
-0.0543015
-0.0537726
-0.0536066
-0.0537891
-0.0543026
-0.0551269
-0.0562398
-0.0576176
-0.0592348
-0.0610651
-0.0630805
-0.0652518
-0.0675484
-0.0699383
-0.0723879
-0.074862
-0.0773236
-0.0797338
-0.0820521
-0.0842358
-0.0862404
-0.0880196
-0.089525
-0.0907067
-0.091513
-0.0918907
-0.0917856
-0.0911424
-0.0899053
-0.0880186
-0.0854269
-0.0820762
-0.0779146
-0.0728928
-0.0669663
-0.0600957
-0.0522491
-0.0434043
-0.0335509
-0.0226945
-0.0108613
0.00189577
0.0154876
0.0297778
0.0445677
0.0595792
0.0744377
0.0886609
0.10166
0.112759
0.121257
0.126569
0.128224
0.125053
0.116504
-0.0822742
-0.0871355
-0.0896327
-0.0900979
-0.0891848
-0.087165
-0.0843144
-0.0809239
-0.0772487
-0.0734975
-0.069835
-0.0663856
-0.0632392
-0.0604567
-0.0580763
-0.0561184
-0.0545896
-0.0534868
-0.052799
-0.0525103
-0.0526008
-0.0530479
-0.0538272
-0.0549125
-0.0562769
-0.057892
-0.0597289
-0.0617572
-0.0639459
-0.0662626
-0.0686735
-0.0711435
-0.0736361
-0.0761128
-0.0785335
-0.0808564
-0.0830376
-0.0850312
-0.0867896
-0.088263
-0.0893999
-0.0901472
-0.0904498
-0.0902516
-0.0894952
-0.0881224
-0.0860748
-0.083294
-0.0797224
-0.0753041
-0.0699854
-0.0637163
-0.0564513
-0.0481514
-0.0387858
-0.0283347
-0.0167921
-0.00417089
0.00949094
0.0241215
0.0396023
0.0557521
0.0723056
0.0888905
0.105007
0.120018
0.13316
0.143597
0.150586
0.153459
0.150734
0.141662
-0.0894712
-0.0954486
-0.0982039
-0.0982671
-0.0965954
-0.0936163
-0.0897222
-0.0852923
-0.0806386
-0.0760014
-0.0715594
-0.0674395
-0.0637267
-0.0604733
-0.0577072
-0.0554376
-0.0536608
-0.0523638
-0.0515271
-0.0511271
-0.0511373
-0.0515296
-0.0522746
-0.0533421
-0.0547015
-0.0563217
-0.0581708
-0.0602165
-0.0624257
-0.064764
-0.0671964
-0.0696861
-0.0721953
-0.0746844
-0.0771119
-0.0794349
-0.0816082
-0.0835849
-0.0853159
-0.0867504
-0.0878354
-0.088516
-0.0887358
-0.0884367
-0.0875592
-0.0860427
-0.0838262
-0.080848
-0.0770471
-0.0723632
-0.0667375
-0.0601142
-0.0524407
-0.0436698
-0.0337606
-0.0226814
-0.0104122
0.00305096
0.0176898
0.0334553
0.0502543
0.067932
0.0862465
0.104839
0.123203
0.140657
0.15634
0.169258
0.178458
0.183013
0.180991
0.171313
-0.0985835
-0.105938
-0.108829
-0.108139
-0.105296
-0.100959
-0.0956716
-0.0899183
-0.0840683
-0.0783865
-0.0730554
-0.0681942
-0.0638737
-0.0601298
-0.0569731
-0.0543973
-0.0523843
-0.0509087
-0.0499403
-0.0494466
-0.0493936
-0.049747
-0.050472
-0.0515344
-0.0528998
-0.0545341
-0.056403
-0.0584718
-0.0607055
-0.0630684
-0.0655237
-0.0680334
-0.0705585
-0.0730582
-0.0754901
-0.07781
-0.0799718
-0.0819275
-0.083627
-0.085018
-0.0860466
-0.0866563
-0.0867893
-0.0863857
-0.085384
-0.0837215
-0.0813343
-0.0781579
-0.0741272
-0.0691777
-0.0632453
-0.0562676
-0.0481843
-0.0389385
-0.028478
-0.0167566
-0.00373725
0.010605
0.0262775
0.0432612
0.0614987
0.0808743
0.101186
0.122108
0.143146
0.16359
0.182479
0.198633
0.210832
0.217788
0.216913
0.206567
-0.110532
-0.119533
-0.122251
-0.120204
-0.115555
-0.109292
-0.10215
-0.0947208
-0.0874217
-0.0805243
-0.0741969
-0.0685342
-0.0635795
-0.059341
-0.0558049
-0.0529427
-0.050718
-0.0490902
-0.0480166
-0.0474544
-0.0473616
-0.047697
-0.0484207
-0.049494
-0.0508791
-0.0525389
-0.0544368
-0.0565361
-0.0588002
-0.0611917
-0.0636727
-0.0662042
-0.0687459
-0.0712562
-0.0736917
-0.0760075
-0.0781564
-0.0800896
-0.081756
-0.0831025
-0.0840739
-0.0846128
-0.0846597
-0.0841534
-0.0830306
-0.0812264
-0.0786746
-0.0753074
-0.0710563
-0.0658522
-0.0596256
-0.0523072
-0.0438283
-0.0341216
-0.0231215
-0.0107658
0.00300325
0.0182361
0.0349718
0.0532308
0.0730036
0.094231
0.116774
0.140371
0.164574
0.188678
0.211645
0.232088
0.248451
0.258947
0.260019
0.249057
-0.126817
-0.137641
-0.139481
-0.135042
-0.127616
-0.118634
-0.109036
-0.0995098
-0.090484
-0.0822031
-0.0747902
-0.0682911
-0.0627025
-0.0579918
-0.0541105
-0.0510021
-0.0486075
-0.0468681
-0.0457273
-0.0451312
-0.0450292
-0.0453736
-0.0461193
-0.0472234
-0.048645
-0.0503444
-0.0522829
-0.0544222
-0.0567241
-0.0591503
-0.0616617
-0.0642185
-0.0667796
-0.0693026
-0.0717436
-0.0740567
-0.0761944
-0.078107
-0.0797428
-0.0810479
-0.0819662
-0.0824393
-0.0824068
-0.0818061
-0.0805724
-0.0786391
-0.0759374
-0.072397
-0.067946
-0.0625109
-0.0560167
-0.0483872
-0.0395452
-0.029412
-0.0179082
-0.00495308
0.0095341
0.0256337
0.0434229
0.0629715
0.0843319
0.107523
0.1325
0.159105
0.186998
0.215546
0.243692
0.269873
0.292128
0.307986
0.312482
0.301334
-0.150027
-0.162411
-0.161856
-0.153261
-0.141594
-0.128808
-0.11601
-0.103912
-0.0928873
-0.0830893
-0.0745488
-0.0672276
-0.0610515
-0.0559312
-0.0517731
-0.0484864
-0.0459859
-0.0441932
-0.043037
-0.0424524
-0.0423806
-0.0427676
-0.0435639
-0.044723
-0.0462014
-0.0479573
-0.0499506
-0.0521416
-0.0544913
-0.0569605
-0.0595094
-0.0620976
-0.0646837
-0.0672246
-0.0696761
-0.0719919
-0.074124
-0.0760224
-0.0776348
-0.0789069
-0.0797819
-0.0802009
-0.0801027
-0.0794235
-0.0780975
-0.0760564
-0.0732298
-0.0695449
-0.0649267
-0.0592976
-0.0525778
-0.0446844
-0.0355316
-0.0250297
-0.0130845
0.000403324
0.0155397
0.0324379
0.0512186
0.0720094
0.0949395
0.120128
0.147661
0.177544
0.209623
0.24345
0.278088
0.311931
0.342599
0.366767
0.377477
0.367634
-0.18489
-0.19716
-0.190979
-0.175273
-0.157233
-0.139235
-0.122383
-0.107255
-0.0940328
-0.0826804
-0.0730663
-0.0650235
-0.0583793
-0.0529707
-0.0486507
-0.0452897
-0.0427748
-0.041008
-0.039904
-0.0393883
-0.039395
-0.0398654
-0.0407463
-0.0419891
-0.0435483
-0.0453811
-0.0474464
-0.049704
-0.0521143
-0.0546377
-0.0572344
-0.0598637
-0.0624839
-0.0650519
-0.0675233
-0.0698518
-0.0719892
-0.0738852
-0.0754876
-0.0767415
-0.0775902
-0.0779743
-0.0778319
-0.0770988
-0.0757084
-0.0735912
-0.0706755
-0.0668864
-0.0621465
-0.056375
-0.0494874
-0.0413951
-0.0320045
-0.0212155
-0.00892013
0.00499948
0.0206742
0.0382509
0.0578968
0.0798026
0.104185
0.131286
0.161358
0.194633
0.231251
0.27112
0.313668
0.357504
0.400149
0.437343
0.459599
0.455292
-0.240273
-0.246858
-0.228429
-0.200837
-0.173487
-0.148614
-0.126892
-0.108445
-0.0930343
-0.0802869
-0.0698215
-0.0612924
-0.0544027
-0.0489048
-0.0445945
-0.0413043
-0.0388963
-0.037256
-0.0362876
-0.0359094
-0.0360514
-0.0366522
-0.0376571
-0.0390163
-0.0406842
-0.0426176
-0.0447754
-0.0471175
-0.0496047
-0.0521975
-0.0548562
-0.0575404
-0.0602085
-0.0628178
-0.065324
-0.0676809
-0.0698404
-0.0717526
-0.0733651
-0.0746233
-0.0754704
-0.0758468
-0.0756908
-0.0749377
-0.0735205
-0.0713692
-0.068411
-0.0645699
-0.0597665
-0.0539174
-0.046935
-0.0387257
-0.0291896
-0.0182178
-0.00569073
0.00852599
0.0245856
0.0426664
0.0629798
0.0857798
0.111375
0.14014
0.172524
0.209046
0.250258
0.296634
0.34833
0.404766
0.464025
0.521411
0.564966
0.576611
-0.333014
-0.318364
-0.275146
-0.228625
-0.188247
-0.154799
-0.127715
-0.106078
-0.0888718
-0.0751985
-0.0643356
-0.0557207
-0.0489225
-0.0436112
-0.0395334
-0.0364926
-0.0343342
-0.0329347
-0.0321934
-0.0320268
-0.0323643
-0.0331448
-0.0343144
-0.0358245
-0.0376302
-0.0396895
-0.0419623
-0.0444095
-0.0469925
-0.0496726
-0.052411
-0.0551677
-0.0579019
-0.0605713
-0.0631321
-0.0655385
-0.067743
-0.0696958
-0.0713452
-0.0726368
-0.073514
-0.0739176
-0.0737858
-0.0730544
-0.0716561
-0.0695209
-0.0665754
-0.0627431
-0.0579436
-0.0520919
-0.0450981
-0.0368656
-0.0272899
-0.0162561
-0.0036358
0.0107175
0.0269743
0.0453379
0.0660559
0.0894367
0.115872
0.145864
0.180068
0.219327
0.264709
0.317491
0.379049
0.45053
0.531887
0.619392
0.700964
0.751883
-0.501617
-0.419634
-0.327908
-0.253698
-0.19685
-0.154036
-0.122171
-0.0983882
-0.0804443
-0.0667585
-0.0562356
-0.0481103
-0.0418447
-0.0370556
-0.0334659
-0.0308698
-0.0291113
-0.0280692
-0.0276468
-0.0277647
-0.0283565
-0.0293649
-0.0307395
-0.0324346
-0.0344079
-0.0366198
-0.039032
-0.041607
-0.0443078
-0.0470971
-0.0499369
-0.0527885
-0.0556118
-0.0583656
-0.0610066
-0.0634899
-0.0657686
-0.0677936
-0.0695136
-0.0708749
-0.0718215
-0.0722945
-0.0722328
-0.0715724
-0.0702464
-0.0681851
-0.0653153
-0.0615604
-0.0568398
-0.0510682
-0.0441547
-0.0360015
-0.026502
-0.0155386
-0.00297828
0.0113314
0.0275704
0.0459557
0.0667564
0.0903146
0.117077
0.147642
0.182828
0.223774
0.272084
0.330012
0.400678
0.488187
0.596493
0.726648
0.877358
1.02573
-0.850633
-0.553
-0.361291
-0.2534
-0.183278
-0.135609
-0.103273
-0.0808401
-0.0647447
-0.052891
-0.0440123
-0.0373021
-0.0322321
-0.0284476
-0.0257025
-0.0238199
-0.0226682
-0.0221458
-0.0221721
-0.0226807
-0.0236154
-0.0249273
-0.0265725
-0.0285109
-0.0307048
-0.0331182
-0.0357158
-0.038463
-0.0413248
-0.044266
-0.0472502
-0.0502404
-0.0531977
-0.056082
-0.0588512
-0.0614616
-0.0638671
-0.0660196
-0.0678685
-0.069361
-0.0704418
-0.0710531
-0.0711342
-0.0706219
-0.0694501
-0.0675497
-0.0648484
-0.0612703
-0.0567356
-0.0511597
-0.0444528
-0.0365179
-0.0272497
-0.0165317
-0.00423279
0.00979767
0.025737
0.0437995
0.0642509
0.087431
0.113788
0.143929
0.178711
0.219382
0.267823
0.326983
0.401669
0.499734
0.632382
0.816578
1.09968
1.50767
-1.48534
-0.68343
-0.324174
-0.193719
-0.128193
-0.0889128
-0.0651229
-0.0500058
-0.0396487
-0.0321656
-0.0266107
-0.0224515
-0.0193662
-0.0171501
-0.0156647
-0.0148099
-0.0145092
-0.0147016
-0.015336
-0.0163685
-0.0177599
-0.0194742
-0.0214779
-0.0237391
-0.0262265
-0.0289095
-0.0317574
-0.0347391
-0.0378229
-0.0409762
-0.044165
-0.0473543
-0.0505072
-0.0535852
-0.0565477
-0.0593523
-0.0619543
-0.0643067
-0.0663602
-0.0680631
-0.0693609
-0.0701969
-0.0705114
-0.0702427
-0.0693253
-0.0676913
-0.0652698
-0.0619864
-0.0577628
-0.0525167
-0.0461606
-0.038601
-0.0297368
-0.0194573
-0.00763877
0.00585879
0.0211982
0.0385729
0.0582194
0.0804346
0.105603
0.13424
0.167064
0.20512
0.250023
0.304455
0.373325
0.466399
0.603471
0.83275
1.31078
2.23471
)
;

boundaryField
{
    movingWall
    {
        type            zeroGradient;
    }
    fixedWalls
    {
        type            zeroGradient;
    }
    frontAndBack
    {
        type            empty;
    }
}


// ************************************************************************* //
