/*--------------------------------*- C++ -*----------------------------------*\
  =========                 |
  \\      /  F ield         | OpenFOAM: The Open Source CFD Toolbox
   \\    /   O peration     | Website:  https://openfoam.org
    \\  /    A nd           | Version:  dev
     \\/     M anipulation  |
\*---------------------------------------------------------------------------*/
FoamFile
{
    format      ascii;
    class       volScalarField;
    location    "27";
    object      Uy;
}
// * * * * * * * * * * * * * * * * * * * * * * * * * * * * * * * * * * * * * //

dimensions      [0 1 -1 0 0 0 0];

internalField   nonuniform List<scalar> 
5184
(
-1.27661e-05
-2.09165e-05
-1.72543e-05
-8.19586e-06
2.67029e-06
1.36172e-05
2.38432e-05
3.30426e-05
4.10972e-05
4.8013e-05
5.38517e-05
5.8698e-05
6.26443e-05
6.57818e-05
6.81952e-05
6.99599e-05
7.11403e-05
7.17888e-05
7.19462e-05
7.1642e-05
7.08956e-05
6.97173e-05
6.81103e-05
6.60716e-05
6.3594e-05
6.06676e-05
5.7282e-05
5.34275e-05
4.90972e-05
4.42879e-05
3.90023e-05
3.32495e-05
2.70467e-05
2.04199e-05
1.34047e-05
6.04679e-06
-1.59766e-06
-9.46223e-06
-1.74704e-05
-2.55364e-05
-3.35658e-05
-4.14572e-05
-4.91034e-05
-5.63935e-05
-6.32149e-05
-6.94558e-05
-7.50074e-05
-7.97667e-05
-8.36391e-05
-8.65407e-05
-8.84013e-05
-8.91654e-05
-8.87952e-05
-8.72707e-05
-8.45916e-05
-8.07771e-05
-7.58665e-05
-6.99184e-05
-6.30106e-05
-5.52388e-05
-4.67172e-05
-3.75787e-05
-2.79783e-05
-1.80986e-05
-8.16431e-06
1.52973e-06
1.05603e-05
1.829e-05
2.37061e-05
2.51173e-05
1.98399e-05
6.24162e-06
-4.59616e-05
-6.57463e-05
-4.05635e-05
7.63513e-06
6.56734e-05
0.000125973
0.000184261
0.00023829
0.000286922
0.000329717
0.000366634
0.000397863
0.000423716
0.00044456
0.00046077
0.000472707
0.000480693
0.000485002
0.000485859
0.000483435
0.000477851
0.000469183
0.000457471
0.000442723
0.000424927
0.000404061
0.0003801
0.000353026
0.000322841
0.000289571
0.000253277
0.000214061
0.000172073
0.000127517
8.06503e-05
3.17932e-05
-1.86761e-05
-7.03194e-05
-0.000122642
-0.000175096
-0.000227089
-0.000277988
-0.000327132
-0.000373843
-0.000417437
-0.000457238
-0.000492595
-0.000522892
-0.000547569
-0.00056613
-0.000578165
-0.000583352
-0.000581477
-0.000572436
-0.000556246
-0.000533044
-0.000503094
-0.000466785
-0.000424631
-0.000377273
-0.000325478
-0.000270152
-0.000212354
-0.000153337
-9.46107e-05
-3.80529e-05
1.38798e-05
5.7882e-05
8.9361e-05
0.00010182
8.64898e-05
3.6478e-05
-8.1322e-05
-9.50279e-05
-1.91228e-05
0.000105926
0.000254616
0.00041051
0.000563301
0.000706854
0.000837724
0.000954204
0.0010557
0.00114231
0.00121454
0.00127312
0.00131887
0.00135262
0.00137514
0.00138709
0.00138904
0.00138143
0.0013646
0.00133876
0.00130405
0.00126052
0.00120819
0.00114705
0.00107709
0.000998318
0.000910803
0.000814682
0.000710189
0.000597666
0.000477588
0.000350568
0.000217374
7.89271e-05
-6.36931e-05
-0.000209251
-0.000356365
-0.000503518
-0.000649073
-0.000791301
-0.000928399
-0.00105852
-0.00117983
-0.00129049
-0.00138876
-0.00147298
-0.00154167
-0.0015935
-0.00162738
-0.00164247
-0.0016382
-0.00161432
-0.00157089
-0.00150832
-0.00142736
-0.00132911
-0.001215
-0.00108685
-0.000946826
-0.000797499
-0.000641873
-0.00048348
-0.000326516
-0.00017607
-3.84533e-05
7.83195e-05
0.000163955
0.000205289
0.000186211
9.03673e-05
-9.77173e-05
-7.3108e-05
8.48007e-05
0.000318329
0.000589988
0.000874163
0.00115383
0.0014182
0.00166082
0.00187814
0.00206862
0.00223199
0.00236883
0.00248017
0.00256728
0.00263148
0.00267408
0.0026962
0.00269883
0.00268277
0.00264861
0.00259678
0.00252754
0.00244106
0.00233741
0.00221664
0.00207881
0.00192402
0.00175248
0.00156454
0.00136073
0.00114178
0.000908657
0.000662611
0.00040515
0.000138075
-0.000136526
-0.000416284
-0.000698565
-0.000980493
-0.00125898
-0.00153078
-0.0017925
-0.00204072
-0.00227197
-0.00248289
-0.00267022
-0.0028309
-0.00296218
-0.00306162
-0.0031272
-0.00315738
-0.00315114
-0.00310802
-0.00302819
-0.00291241
-0.00276212
-0.00257943
-0.00236708
-0.00212852
-0.00186792
-0.00159015
-0.00130094
-0.00100694
-0.000715986
-0.000437335
-0.000182132
3.60175e-05
0.000200402
0.000290637
0.000282428
0.000147233
-8.43641e-05
2.09441e-05
0.000295445
0.000667928
0.0010906
0.00152956
0.00196137
0.00237057
0.00274744
0.00308634
0.00338451
0.00364113
0.00385665
0.00403232
0.0041698
0.0042709
0.00433743
0.00437101
0.00437309
0.00434482
0.00428713
0.00420066
0.00408589
0.00394309
0.00377247
0.00357419
0.00334842
0.00309544
0.0028157
0.00250986
0.00217887
0.00182399
0.00144689
0.00104959
0.000634595
0.000204813
-0.000236395
-0.000685243
-0.00113754
-0.00158875
-0.00203398
-0.00246814
-0.00288592
-0.00328194
-0.00365083
-0.00398732
-0.00428634
-0.00454316
-0.00475348
-0.00491353
-0.00502019
-0.00507106
-0.00506459
-0.00500007
-0.00487779
-0.00469898
-0.00446593
-0.00418195
-0.00385142
-0.00347981
-0.00307367
-0.00264074
-0.00219002
-0.00173192
-0.00127847
-0.000843717
-0.000444155
-9.93355e-05
0.000167411
0.000328362
0.000350788
0.00019406
-3.74775e-05
0.000197397
0.000626839
0.00117013
0.00177134
0.00238962
0.00299591
0.00357045
0.00410038
0.00457794
0.00499905
0.00536223
0.00566772
0.00591688
0.0061117
0.00625443
0.00634737
0.00639263
0.0063921
0.00634734
0.00625957
0.00612974
0.00595851
0.00574635
0.00549362
0.00520063
0.00486778
0.00449558
0.0040848
0.00363654
0.00315227
0.00263395
0.00208407
0.00150567
0.000902386
0.00027848
-0.00036119
-0.00101117
-0.00166546
-0.00231756
-0.00296054
-0.00358713
-0.00418984
-0.00476105
-0.00529318
-0.00577877
-0.00621071
-0.00658232
-0.00688754
-0.00712108
-0.00727853
-0.00735655
-0.00735292
-0.00726668
-0.00709822
-0.00684933
-0.00652323
-0.00612465
-0.00565983
-0.00513653
-0.0045641
-0.00395351
-0.00331745
-0.00267053
-0.00202946
-0.00141342
-0.000844553
-0.000348529
4.4683e-05
0.00030015
0.000377071
0.00022441
4.41385e-05
0.000461255
0.00108689
0.00183433
0.00264172
0.00346285
0.00426409
0.005022
0.00572098
0.00635135
0.00690778
0.00738812
0.00779238
0.00812199
0.00837922
0.00856673
0.00868726
0.0087434
0.00873747
0.00867141
0.0085468
0.00836484
0.00812645
0.0078323
0.00748295
0.00707894
0.00662091
0.00610971
0.00554651
0.00493293
0.00427112
0.00356386
0.00281458
0.00202751
0.00120761
0.000360659
-0.000506767
-0.00138734
-0.00227303
-0.00315514
-0.00402445
-0.00487129
-0.00568573
-0.00645766
-0.00717703
-0.007834
-0.00841914
-0.00892363
-0.00933944
-0.00965957
-0.0098782
-0.00999085
-0.0099946
-0.00988816
-0.00967201
-0.0093485
-0.00892191
-0.0083985
-0.00778652
-0.0070963
-0.0063402
-0.00553275
-0.00469066
-0.00383304
-0.00298157
-0.00216083
-0.00139875
-0.000727171
-0.000182573
0.000193246
0.000352178
0.000234856
0.00016048
0.000814385
0.00167939
0.00266553
0.00370714
0.00475419
0.00576967
0.0067273
0.00760928
0.00840436
0.0091062
0.00971208
0.0102218
0.0106369
0.01096
0.011194
0.0113422
0.0114075
0.0113927
0.0113002
0.0111318
0.0108891
0.0105731
0.0101849
0.00972513
0.00919471
0.00859454
0.00792587
0.00719036
0.00639026
0.00552848
0.0046087
0.00363549
0.00261435
0.00155173
0.000455111
-0.000667079
-0.00180545
-0.00294974
-0.00408888
-0.00521115
-0.00630428
-0.00735565
-0.0083525
-0.00928207
-0.0101319
-0.0108901
-0.0115454
-0.0120878
-0.0125082
-0.0127993
-0.0129553
-0.0129725
-0.0128492
-0.012586
-0.0121857
-0.0116537
-0.0109979
-0.0102286
-0.00935894
-0.00840447
-0.00738346
-0.00631692
-0.00522865
-0.00414552
-0.00309764
-0.00211881
-0.001247
-0.000524975
-9.5109e-07
0.000270543
0.000223693
0.000310911
0.0012567
0.00240528
0.00366559
0.0049699
0.00626588
0.00751429
0.00868694
0.0097645
0.0107346
0.0115903
0.0123283
0.0129486
0.0134528
0.0138438
0.0141249
0.0142997
0.0143718
0.0143443
0.0142199
0.0140007
0.0136887
0.0132852
0.0127914
0.0122083
0.011537
0.0107789
0.00993559
0.00900936
0.00800313
0.00692064
0.00576662
0.00454683
0.00326817
0.00193871
0.000567742
-0.000834298
-0.00225582
-0.00368416
-0.00510574
-0.00650615
-0.00787035
-0.00918287
-0.010428
-0.0115903
-0.0126543
-0.0136054
-0.01443
-0.0151154
-0.0156506
-0.0160267
-0.0162363
-0.0162747
-0.0161399
-0.0158321
-0.015355
-0.0147149
-0.0139213
-0.0129868
-0.0119272
-0.0107616
-0.00951211
-0.00820413
-0.00686637
-0.005531
-0.00423379
-0.0030144
-0.00191685
-0.000989982
-0.000287963
0.00012906
0.000190271
0.000494528
0.00178695
0.0032637
0.00483414
0.00642998
0.00799795
0.0094977
0.0109001
0.0121849
0.0133393
0.0143559
0.0152316
0.0159663
0.0165619
0.0170217
0.0173496
0.0175496
0.0176255
0.017581
0.0174191
0.0171424
0.0167529
0.0162522
0.015642
0.0149234
0.0140979
0.0131672
0.0121335
0.0109996
0.00976913
0.00844687
0.00703858
0.0055513
0.00399345
0.00237478
0.000706489
-0.000998859
-0.00272735
-0.00446384
-0.00619206
-0.00789477
-0.00955402
-0.0111513
-0.012668
-0.0140853
-0.0153849
-0.0165494
-0.0175623
-0.0184083
-0.0190744
-0.0195493
-0.0198243
-0.0198936
-0.0197542
-0.0194066
-0.0188546
-0.0181056
-0.0171707
-0.0160648
-0.0148066
-0.0134184
-0.0119266
-0.010361
-0.00875535
-0.00714725
-0.00557814
-0.00409362
-0.00274365
-0.00158297
-0.00067133
-7.38861e-05
0.000134508
0.000710298
0.00240325
0.00425255
0.0061692
0.00808559
0.00994864
0.011718
0.0133644
0.0148676
0.0162147
0.0173986
0.0184164
0.0192685
0.0199571
0.0204861
0.0208598
0.0210828
0.0211594
0.0210935
0.0208886
0.0205476
0.0200728
0.0194661
0.0187294
0.0178641
0.016872
0.0157553
0.0145167
0.0131596
0.0116885
0.010109
0.00842804
0.00665405
0.00479695
0.00286828
0.000881201
-0.00114952
-0.00320756
-0.00527518
-0.00733332
-0.00936184
-0.0113397
-0.0132452
-0.0150565
-0.0167516
-0.0183091
-0.0197083
-0.0209296
-0.0219552
-0.0227695
-0.0233589
-0.023713
-0.0238246
-0.0236899
-0.0233089
-0.0226858
-0.021829
-0.020751
-0.0194691
-0.0180046
-0.0163835
-0.0146362
-0.0127971
-0.0109052
-0.00900344
-0.00713912
-0.00536376
-0.00373327
-0.00230814
-0.00115349
-0.000339131
5.65733e-05
0.000957144
0.00310328
0.00536895
0.00766768
0.00993357
0.0121148
0.0141719
0.0160764
0.0178087
0.0193566
0.0207135
0.0218774
0.0228492
0.0236318
0.0242297
0.0246479
0.0248915
0.0249653
0.0248737
0.0246205
0.024209
0.0236416
0.0229207
0.0220482
0.021026
0.0198563
0.0185415
0.0170849
0.0154905
0.0137637
0.0119111
0.00994073
0.00786235
0.0056875
0.0034295
0.00110353
-0.00127339
-0.00368249
-0.00610337
-0.00851409
-0.0108915
-0.0132113
-0.0154487
-0.0175782
-0.0195746
-0.0214129
-0.0230692
-0.0245206
-0.0257464
-0.026728
-0.0274496
-0.0278985
-0.0280659
-0.027947
-0.0275413
-0.0268529
-0.0258911
-0.0246698
-0.0232084
-0.0215311
-0.0196674
-0.0176518
-0.0155234
-0.0133263
-0.0111092
-0.00892526
-0.00683195
-0.00489118
-0.00316922
-0.00173646
-0.000667239
-4.33172e-05
0.00123398
0.0038845
0.00660947
0.00932567
0.0119698
0.014492
0.0168549
0.0190313
0.0210033
0.0227597
0.0242952
0.0256086
0.026702
0.0275793
0.0282457
0.0287069
0.0289686
0.0290363
0.0289149
0.0286084
0.0281205
0.027454
0.0266114
0.025595
0.0244068
0.0230494
0.0215257
0.0198394
0.0179953
0.0159994
0.0138594
0.0115843
0.00918545
0.00667581
0.00407053
0.00138683
-0.00135603
-0.00413679
-0.00693234
-0.00971783
-0.012467
-0.0151523
-0.0177453
-0.0202173
-0.0225393
-0.0246827
-0.02662
-0.0283249
-0.0297734
-0.0309436
-0.031817
-0.0323787
-0.0326178
-0.032528
-0.0321082
-0.0313624
-0.0303001
-0.0289368
-0.0272937
-0.0253979
-0.0232824
-0.0209857
-0.0185518
-0.0160301
-0.013475
-0.0109456
-0.00850566
-0.00622308
-0.00417003
-0.00242229
-0.00105885
-0.000165029
0.0015397
0.00474422
0.00797031
0.0111386
0.0141892
0.0170751
0.0197615
0.0222237
0.0244456
0.026418
0.0281373
0.0296037
0.0308205
0.031793
0.0325272
0.0330299
0.0333075
0.0333661
0.0332109
0.0328467
0.0322773
0.0315058
0.030535
0.0293674
0.0280054
0.0264517
0.0247096
0.0227835
0.0206786
0.0184018
0.0159616
0.0133682
0.0106343
0.00777424
0.00480509
0.00174601
-0.00138149
-0.00455369
-0.00774473
-0.0109268
-0.0140705
-0.0171449
-0.0201181
-0.0229576
-0.0256306
-0.0281048
-0.0303487
-0.0323323
-0.0340279
-0.0354103
-0.0364577
-0.0371525
-0.0374816
-0.0374368
-0.0370158
-0.0362222
-0.035066
-0.0335634
-0.0317377
-0.0296186
-0.0272424
-0.0246519
-0.021896
-0.0190294
-0.0161124
-0.0132103
-0.0103931
-0.00773526
-0.00531491
-0.0032135
-0.00151496
-0.0003086
0.0018732
0.0056796
0.00944734
0.0131015
0.0165861
0.019858
0.0228855
0.0256469
0.028129
0.0303249
0.032233
0.0338556
0.0351977
0.0362659
0.0370675
0.0376104
0.0379017
0.0379484
0.0377563
0.0373304
0.0366751
0.0357937
0.0346892
0.0333643
0.0318217
0.0300645
0.0280962
0.0259215
0.0235465
0.0209785
0.018227
0.0153033
0.0122211
0.00899661
0.00564832
0.0021974
-0.00133246
-0.00491506
-0.00852185
-0.0121221
-0.0156831
-0.0191706
-0.022549
-0.0257819
-0.0288327
-0.0316648
-0.0342427
-0.0365324
-0.038502
-0.0401225
-0.0413687
-0.0422197
-0.0426596
-0.0426781
-0.0422714
-0.0414422
-0.0402003
-0.0385629
-0.0365548
-0.0342084
-0.0315631
-0.0286661
-0.0255711
-0.0223384
-0.0190343
-0.0157305
-0.0125038
-0.00943507
-0.00660907
-0.00411329
-0.00203705
-0.000474295
0.00223336
0.00668765
0.0110361
0.0152089
0.0191544
0.0228338
0.0262196
0.0292936
0.0320459
0.0344726
0.0365748
0.038357
0.0398262
0.0409907
0.0418595
0.0424415
0.0427449
0.0427774
0.0425456
0.042055
0.0413101
0.0403148
0.0390723
0.0375853
0.0358568
0.0338901
0.0316891
0.0292589
0.0266058
0.0237381
0.0206658
0.0174014
0.0139596
0.0103579
0.00661657
0.00275855
-0.00119032
-0.00520149
-0.00924375
-0.0132834
-0.0172846
-0.0212094
-0.0250187
-0.028672
-0.0321284
-0.0353473
-0.0382886
-0.0409138
-0.0431867
-0.0450741
-0.0465466
-0.0475797
-0.0481542
-0.0482572
-0.0478829
-0.0470325
-0.0457155
-0.0439497
-0.041761
-0.0391841
-0.036262
-0.0330457
-0.0295941
-0.025973
-0.0222552
-0.0185191
-0.0148484
-0.0113311
-0.00805885
-0.00512579
-0.00262727
-0.00066265
0.00261903
0.0077653
0.0127321
0.0174548
0.0218871
0.0259952
0.029756
0.0331557
0.0361881
0.0388529
0.0411543
0.0430995
0.0446979
0.0459597
0.0468957
0.0475161
0.0478304
0.0478471
0.0475736
0.0470158
0.0461789
0.0450667
0.0436828
0.0420301
0.0401118
0.0379313
0.0354927
0.0328014
0.0298643
0.0266899
0.0232892
0.0196752
0.0158639
0.011874
0.00772716
0.00344809
-0.000935382
-0.0053924
-0.00988918
-0.0143891
-0.0188531
-0.0232399
-0.0275063
-0.0316079
-0.0354994
-0.0391356
-0.0424716
-0.0454642
-0.0480722
-0.0502579
-0.0519872
-0.0532314
-0.0539675
-0.0541793
-0.0538583
-0.0530041
-0.0516251
-0.0497391
-0.0473732
-0.0445641
-0.0413578
-0.0378097
-0.0339835
-0.0299511
-0.0257916
-0.0215907
-0.0174394
-0.0134334
-0.00967188
-0.00625619
-0.0032885
-0.000874499
0.003029
0.00890926
0.0145302
0.019833
0.0247771
0.0293341
0.0334861
0.0372241
0.0405465
0.0434567
0.0459625
0.0480743
0.049804
0.0511644
0.052168
0.0528266
0.0531512
0.0531512
0.0528346
0.0522083
0.0512775
0.0500466
0.0485193
0.0466987
0.044588
0.0421908
0.0395114
0.0365554
0.0333298
0.0298437
0.0261084
0.022138
0.0179491
0.0135614
0.00899812
0.00428541
-0.000547022
-0.00546618
-0.0104358
-0.0154164
-0.0203659
-0.0252393
-0.0299896
-0.0345682
-0.0389254
-0.0430109
-0.0467749
-0.0501691
-0.0531469
-0.0556652
-0.057685
-0.0591726
-0.0601005
-0.0604487
-0.0602053
-0.0593676
-0.0579424
-0.055947
-0.0534093
-0.0503675
-0.0468709
-0.0429786
-0.0387596
-0.0342919
-0.0296615
-0.0249615
-0.020291
-0.0157538
-0.0114572
-0.00751083
-0.00402441
-0.00111099
0.00346201
0.0101161
0.0164252
0.0223368
0.0278165
0.0328418
0.0374007
0.0414894
0.0451112
0.048274
0.0509895
0.0532716
0.0551352
0.0565957
0.0576677
0.058365
0.0586997
0.0586826
0.0583226
0.0576271
0.0566018
0.0552516
0.0535801
0.0515906
0.0492865
0.0466714
0.0437495
0.0405266
0.0370099
0.0332088
0.029135
0.0248029
0.02023
0.0154369
0.0104479
0.00529045
-3.95756e-06
-0.00540036
-0.0108602
-0.0163413
-0.0217983
-0.027183
-0.0324444
-0.0375295
-0.0423839
-0.0469524
-0.0511798
-0.055012
-0.0583968
-0.0612851
-0.0636324
-0.0653991
-0.0665528
-0.0670686
-0.0669308
-0.0661332
-0.0646808
-0.0625896
-0.0598876
-0.0566147
-0.0528226
-0.0485745
-0.0439446
-0.039017
-0.0338852
-0.02865
-0.0234193
-0.0183056
-0.0134255
-0.00889732
-0.00483951
-0.00137358
0.00391673
0.0113823
0.0184116
0.0249591
0.0309969
0.0365091
0.0414898
0.0459412
0.0498716
0.0532941
0.0562247
0.0586809
0.0606812
0.0622437
0.0633854
0.0641221
0.0644676
0.0644339
0.0640308
0.0632664
0.0621471
0.0606778
0.0588626
0.0567048
0.0542077
0.0513748
0.0482106
0.0447205
0.040912
0.0367945
0.0323799
0.0276829
0.0227215
0.0175172
0.0120948
0.00648331
0.000715477
-0.00517192
-0.0111381
-0.0171385
-0.0231248
-0.0290451
-0.0348448
-0.0404664
-0.0458507
-0.0509371
-0.0556649
-0.0599738
-0.0638054
-0.0671042
-0.0698191
-0.0719045
-0.0733216
-0.0740403
-0.0740397
-0.0733099
-0.0718527
-0.0696826
-0.0668269
-0.0633264
-0.0592353
-0.0546207
-0.0495618
-0.0441495
-0.0384845
-0.0326765
-0.0268422
-0.0211043
-0.0155889
-0.0104245
-0.0057392
-0.00166409
0.00439175
0.0127038
0.0204835
0.0276923
0.0343095
0.0403261
0.0457429
0.0505683
0.0548164
0.0585056
0.0616565
0.0642909
0.0664309
0.0680976
0.0693108
0.0700883
0.0704457
0.0703964
0.0699514
0.0691195
0.0679075
0.0663208
0.0643636
0.0620393
0.059351
0.0563023
0.0528973
0.0491416
0.0450424
0.0406089
0.0358531
0.0307901
0.0254378
0.0198183
0.013957
0.00788396
0.00163299
-0.00475756
-0.011245
-0.0177823
-0.0243185
-0.0307983
-0.0371632
-0.0433514
-0.0492987
-0.0549391
-0.0602058
-0.0650322
-0.069353
-0.0731057
-0.076232
-0.0786791
-0.0804015
-0.0813623
-0.0815351
-0.0809048
-0.0794695
-0.0772408
-0.0742451
-0.0705234
-0.066132
-0.0611415
-0.0556363
-0.049714
-0.0434833
-0.037063
-0.0305798
-0.0241669
-0.0179614
-0.0121027
-0.00672973
-0.00198465
0.00488559
0.0140768
0.0226347
0.0305285
0.037745
0.0442824
0.0501487
0.0553589
0.0599334
0.0638961
0.0672726
0.0700893
0.0723722
0.0741456
0.0754324
0.0762525
0.0766237
0.0765607
0.0760757
0.0751783
0.0738761
0.0721746
0.0700783
0.0675905
0.0647144
0.0614533
0.057811
0.0537929
0.0494057
0.0446588
0.0395637
0.0341353
0.0283919
0.0223554
0.0160519
0.00951174
0.00276992
-0.00413401
-0.0111557
-0.0182462
-0.0253515
-0.0324137
-0.0393701
-0.0461548
-0.0526986
-0.0589297
-0.0647752
-0.0701616
-0.0750163
-0.0792692
-0.082854
-0.0857098
-0.0877833
-0.0890302
-0.089417
-0.0889226
-0.0875402
-0.0852778
-0.0821596
-0.0782265
-0.0735359
-0.068162
-0.0621942
-0.0557369
-0.0489073
-0.0418338
-0.034654
-0.0275123
-0.0205583
-0.0139432
-0.00781828
-0.00233775
0.00539667
0.0154968
0.0248586
0.0334593
0.0412933
0.0483669
0.0546953
0.0603006
0.0652096
0.0694523
0.0730597
0.0760629
0.078492
0.080375
0.0817378
0.0826029
0.0829901
0.0829159
0.0823935
0.0814337
0.0800445
0.0782319
0.0760005
0.0733537
0.0702945
0.0668257
0.0629512
0.0586756
0.0540054
0.0489493
0.0435187
0.037728
0.0315952
0.0251423
0.0183953
0.011385
0.00414685
-0.00327856
-0.0108456
-0.0185033
-0.0261957
-0.0338615
-0.0414348
-0.0488452
-0.0560186
-0.0628775
-0.0693424
-0.0753328
-0.0807682
-0.0855702
-0.0896637
-0.0929791
-0.0954539
-0.0970354
-0.0976818
-0.0973649
-0.0960714
-0.0938049
-0.0905863
-0.0864552
-0.08147
-0.0757075
-0.0692624
-0.0622458
-0.0547837
-0.0470148
-0.0390884
-0.0311615
-0.0233968
-0.0159591
-0.00901291
-0.00272621
0.00592331
0.0169595
0.0271484
0.0364757
0.0449442
0.0525679
0.05937
0.0653799
0.0706314
0.0751604
0.0790037
0.0821975
0.0847762
0.0867719
0.0882134
0.0891262
0.0895322
0.0894496
0.0888932
0.0878746
0.0864026
0.0844836
0.0821222
0.079322
0.0760855
0.0724155
0.0683152
0.0637888
0.0588421
0.0534832
0.047723
0.0415751
0.0350572
0.0281907
0.0210015
0.0135204
0.00578303
-0.00216943
-0.0102903
-0.0185273
-0.0268222
-0.0351112
-0.043325
-0.0513892
-0.0592245
-0.066748
-0.0738733
-0.0805126
-0.0865771
-0.0919794
-0.0966351
-0.100464
-0.103395
-0.105365
-0.106321
-0.106229
-0.105066
-0.10283
-0.0995386
-0.0952278
-0.0899563
-0.0838034
-0.0768683
-0.0692691
-0.0611409
-0.0526335
-0.0439086
-0.035137
-0.0264957
-0.0181644
-0.0103226
-0.00315321
0.00646376
0.0184599
0.0294967
0.0395686
0.0486866
0.0568733
0.0641597
0.0705831
0.0761841
0.0810053
0.0850894
0.0884779
0.0912098
0.0933212
0.0948444
0.0958079
0.0962358
0.0961483
0.0955616
0.0944885
0.0929385
0.0909185
0.0884332
0.0854861
0.0820797
0.0782161
0.073898
0.069129
0.0639142
0.0582609
0.0521789
0.0456812
0.0387847
0.03151
0.0238826
0.0159327
0.00769593
-0.000786352
-0.00946688
-0.0182922
-0.0272026
-0.0361319
-0.0450077
-0.0537518
-0.0622801
-0.070504
-0.0783305
-0.0856639
-0.092407
-0.0984629
-0.103737
-0.108138
-0.111584
-0.113999
-0.115323
-0.115508
-0.114523
-0.112359
-0.109027
-0.10456
-0.0990157
-0.0924741
-0.0850392
-0.0768359
-0.0680087
-0.0587189
-0.0491418
-0.0394629
-0.0298752
-0.0205748
-0.0117572
-0.00362224
0.00701617
0.0199932
0.0318961
0.0427281
0.0525091
0.0612702
0.0690506
0.0758954
0.0818526
0.0869715
0.091301
0.094888
0.0977765
0.100007
0.101615
0.102632
0.103085
0.102996
0.102384
0.101261
0.0996383
0.0975234
0.0949211
0.0918347
0.0882665
0.0842181
0.0796917
0.0746899
0.069217
0.0632793
0.0568855
0.0500478
0.0427816
0.0351067
0.0270476
0.0186339
0.00990061
0.000888873
-0.00835388
-0.0177736
-0.0273092
-0.0368928
-0.0464493
-0.0558969
-0.0651472
-0.0741057
-0.0826731
-0.0907457
-0.0982174
-0.104981
-0.110932
-0.115966
-0.119989
-0.122914
-0.124667
-0.125187
-0.124436
-0.122392
-0.119059
-0.114465
-0.108666
-0.101743
-0.0938021
-0.0849755
-0.0754174
-0.0653012
-0.0548165
-0.0441652
-0.0335573
-0.0232068
-0.0133274
-0.00413717
0.00757862
0.0215542
0.0343387
0.0459444
0.0564
0.0657454
0.0740282
0.0813015
0.0876208
0.0930425
0.0976216
0.101411
0.104459
0.106811
0.108507
0.109581
0.110063
0.109977
0.109343
0.108175
0.106486
0.104283
0.101571
0.0983534
0.0946326
0.0904094
0.0856851
0.0804617
0.0747424
0.0685322
0.0618387
0.0546725
0.047048
0.0389836
0.0305024
0.0216329
0.0124092
0.00287177
-0.00693224
-0.0169486
-0.0271157
-0.037364
-0.0476165
-0.0577881
-0.0677862
-0.0775113
-0.0868573
-0.095713
-0.103963
-0.11149
-0.118177
-0.123909
-0.128576
-0.132078
-0.134327
-0.135249
-0.134791
-0.132922
-0.129635
-0.124952
-0.118924
-0.111631
-0.103182
-0.0937168
-0.0833978
-0.0724114
-0.0609628
-0.049271
-0.0375651
-0.0260786
-0.0150449
-0.00470219
0.00814911
0.0231376
0.0368163
0.049207
0.060347
0.0702852
0.0790777
0.0867857
0.0934724
0.0992011
0.104033
0.108028
0.111239
0.113716
0.115502
0.116636
0.11715
0.117071
0.116419
0.115213
0.113463
0.111178
0.108365
0.105025
0.101162
0.0967743
0.0918639
0.0864313
0.0804786
0.0740094
0.06703
0.0595494
0.0515804
0.0431396
0.0342487
0.0249346
0.0152302
0.00517456
-0.00518584
-0.0157972
-0.0265976
-0.037517
-0.0484764
-0.0593884
-0.0701567
-0.0806769
-0.0908368
-0.100517
-0.109594
-0.117939
-0.125423
-0.131918
-0.137299
-0.141451
-0.144269
-0.145665
-0.14557
-0.143938
-0.140752
-0.136025
-0.1298
-0.122156
-0.113204
-0.103088
-0.0919803
-0.0800811
-0.0676113
-0.0548088
-0.0419231
-0.0292092
-0.0169221
-0.00532186
0.00872561
0.0247379
0.0393209
0.0525053
0.0643378
0.0748756
0.0841838
0.0923316
0.0993899
0.105429
0.110518
0.114721
0.118097
0.1207
0.12258
0.123777
0.124326
0.124257
0.123593
0.122352
0.120548
0.118189
0.115282
0.11183
0.107834
0.103294
0.09821
0.0925817
0.0864098
0.0796968
0.0724471
0.0646681
0.0563705
0.0475693
0.0382842
0.0285401
0.0183679
0.00780554
-0.00310217
-0.0143023
-0.0257335
-0.0373253
-0.0489979
-0.060662
-0.0722182
-0.0835578
-0.0945629
-0.105107
-0.115057
-0.124274
-0.132616
-0.139941
-0.146108
-0.150986
-0.154452
-0.1564
-0.156743
-0.15542
-0.152399
-0.147681
-0.141301
-0.133332
-0.123888
-0.113114
-0.101195
-0.0883419
-0.0747936
-0.0608082
-0.0466572
-0.0326191
-0.0189724
-0.00600105
0.00930606
0.0263497
0.0418439
0.0558288
0.0683595
0.0795025
0.089331
0.0979226
0.105356
0.111709
0.117056
0.121469
0.125012
0.127745
0.129719
0.130981
0.131568
0.131513
0.13084
0.129571
0.127718
0.125292
0.1223
0.118745
0.114627
0.109946
0.104702
0.0988918
0.0925162
0.0855757
0.0780729
0.0700133
0.0614056
0.0522625
0.0426014
0.0324451
0.0218222
0.0107685
-0.000672998
-0.0124509
-0.024505
-0.0367654
-0.0491521
-0.0615744
-0.0739308
-0.086109
-0.0979859
-0.109428
-0.120294
-0.130434
-0.139694
-0.147916
-0.154944
-0.160627
-0.164824
-0.167409
-0.168274
-0.16734
-0.164557
-0.159911
-0.153426
-0.14517
-0.135251
-0.123821
-0.11107
-0.0972249
-0.0825416
-0.0672994
-0.0517941
-0.0363294
-0.0212098
-0.00674499
0.00988835
0.0279673
0.044377
0.0591665
0.0723996
0.0841513
0.0945035
0.103542
0.111352
0.118021
0.123628
0.128252
0.131964
0.134826
0.136897
0.138225
0.138853
0.138814
0.138137
0.136843
0.134947
0.132461
0.129392
0.125742
0.121514
0.116704
0.111313
0.105337
0.0987736
0.0916231
0.0838859
0.0755653
0.0666679
0.0572038
0.047188
0.0366405
0.0255875
0.0140621
0.00210499
-0.0102347
-0.0228985
-0.0358178
-0.0489132
-0.0620936
-0.0752562
-0.0882859
-0.101055
-0.113425
-0.125246
-0.136356
-0.146591
-0.155776
-0.163739
-0.170309
-0.175325
-0.178636
-0.180116
-0.179659
-0.177197
-0.172697
-0.166169
-0.157671
-0.147305
-0.135226
-0.121632
-0.10676
-0.0908867
-0.0743132
-0.0573614
-0.0403625
-0.0236491
-0.00755923
0.0104704
0.0295854
0.046912
0.0625078
0.0764454
0.0888078
0.0996854
0.109172
0.117361
0.124345
0.130214
0.135049
0.138929
0.141922
0.14409
0.145485
0.146155
0.146134
0.145455
0.14414
0.142207
0.139667
0.136528
0.132794
0.128465
0.123539
0.118014
0.111887
0.105154
0.0978114
0.0898596
0.0812992
0.0721343
0.0623725
0.0520258
0.0411115
0.0296528
0.0176796
0.00522965
-0.00765059
-0.0209052
-0.0344675
-0.0482596
-0.0621911
-0.0761588
-0.0900458
-0.103722
-0.117041
-0.129848
-0.141972
-0.153234
-0.163447
-0.172419
-0.179959
-0.185884
-0.190018
-0.192209
-0.192329
-0.190281
-0.186012
-0.179515
-0.170831
-0.160058
-0.147348
-0.132903
-0.116976
-0.0998601
-0.0818807
-0.0633873
-0.0447415
-0.026306
-0.00844966
0.0110503
0.0311985
0.0494406
0.0658423
0.0804843
0.0934579
0.104861
0.114796
0.123363
0.130663
0.136792
0.141839
0.145886
0.149008
0.151272
0.152735
0.153446
0.153445
0.152766
0.151434
0.149467
0.146879
0.143678
0.139867
0.135447
0.130417
0.124773
0.11851
0.111623
0.104108
0.0959628
0.087185
0.0777766
0.0677423
0.0570913
0.0458376
0.0340009
0.0216079
0.00869282
-0.00470133
-0.0185217
-0.0327047
-0.0471747
-0.0618429
-0.0766067
-0.0913488
-0.105936
-0.120221
-0.134039
-0.147213
-0.15955
-0.17085
-0.180902
-0.189495
-0.196421
-0.201478
-0.204486
-0.205287
-0.203758
-0.199818
-0.193437
-0.184638
-0.173509
-0.160195
-0.144904
-0.127899
-0.109491
-0.0900323
-0.0699006
-0.04949
-0.0291967
-0.00942249
0.011626
0.0328015
0.051955
0.06916
0.0845046
0.0980877
0.110015
0.120397
0.129341
0.136955
0.143342
0.148597
0.15281
0.156059
0.158418
0.159946
0.160698
0.160718
0.160039
0.158691
0.156694
0.154062
0.150804
0.146925
0.142425
0.137302
0.131552
0.125168
0.118145
0.110478
0.10216
0.0931879
0.0835613
0.0732818
0.0623552
0.0507922
0.0386089
0.0258281
0.01248
-0.00139614
-0.0157515
-0.0305262
-0.0456477
-0.0610301
-0.0765728
-0.092159
-0.107655
-0.122911
-0.137756
-0.152007
-0.16546
-0.1779
-0.1891
-0.198827
-0.206846
-0.21293
-0.216865
-0.218463
-0.217566
-0.214064
-0.207898
-0.19907
-0.187648
-0.173772
-0.157649
-0.139551
-0.119809
-0.0987981
-0.0769299
-0.0546324
-0.032338
-0.0104842
0.0121957
0.0343897
0.054448
0.0724513
0.0884946
0.102684
0.115133
0.125959
0.135277
0.143202
0.149843
0.155303
0.159677
0.163051
0.1655
0.167091
0.167882
0.167919
0.167241
0.165878
0.163853
0.161181
0.157872
0.153931
0.149359
0.144153
0.13831
0.131821
0.12468
0.116878
0.10841
0.0992683
0.08945
0.078954
0.0677826
0.055943
0.0434475
0.0303145
0.0165702
0.00224901
-0.0126046
-0.0279351
-0.0436745
-0.0597406
-0.0760358
-0.0924456
-0.108837
-0.125059
-0.140938
-0.156284
-0.170885
-0.184512
-0.196921
-0.207858
-0.217062
-0.224276
-0.229253
-0.231768
-0.231629
-0.228687
-0.22285
-0.214091
-0.202457
-0.188074
-0.171145
-0.15195
-0.130837
-0.108207
-0.0845036
-0.0601933
-0.0357472
-0.0116417
0.0127577
0.0359586
0.0569129
0.0757075
0.0924439
0.107235
0.120201
0.131466
0.141153
0.149383
0.156274
0.161934
0.166464
0.169956
0.172491
0.174141
0.174966
0.175018
0.174339
0.17296
0.170907
0.168196
0.16484
0.160843
0.156207
0.150929
0.145004
0.138424
0.131181
0.123266
0.114669
0.105382
0.0953996
0.0847168
0.0733332
0.061252
0.0484813
0.0350353
0.0209354
0.00621123
-0.00909813
-0.0249423
-0.0412584
-0.0579693
-0.0749817
-0.0921846
-0.109448
-0.12662
-0.143528
-0.159977
-0.175746
-0.190596
-0.204267
-0.216484
-0.226961
-0.235408
-0.241545
-0.245106
-0.245857
-0.243609
-0.23823
-0.229656
-0.217907
-0.203088
-0.185395
-0.165111
-0.142598
-0.118285
-0.0926495
-0.0661973
-0.039442
-0.012902
0.0133107
0.0375044
0.0593437
0.0789209
0.0963429
0.111729
0.125205
0.136903
0.146952
0.155482
0.162615
0.168467
0.173146
0.176749
0.179363
0.181064
0.181919
0.181981
0.181296
0.179898
0.177816
0.175068
0.171666
0.167618
0.162924
0.157583
0.151588
0.144931
0.137602
0.129592
0.120888
0.111482
0.101362
0.0905239
0.0789617
0.0666755
0.0536692
0.0399524
0.0255415
0.0104606
-0.00525674
-0.0215661
-0.0384106
-0.0557191
-0.073404
-0.0913596
-0.10946
-0.127556
-0.145475
-0.16302
-0.179966
-0.196065
-0.211041
-0.224599
-0.23643
-0.246211
-0.253624
-0.258363
-0.260147
-0.258739
-0.253959
-0.245703
-0.233953
-0.218788
-0.200389
-0.179038
-0.15511
-0.129058
-0.101394
-0.072669
-0.0434404
-0.0142724
0.0138533
0.0390239
0.0617357
0.0820849
0.100183
0.116156
0.130135
0.142257
0.15266
0.161479
0.168845
0.17488
0.179698
0.183402
0.186086
0.187831
0.188707
0.188772
0.188075
0.186655
0.184541
0.181754
0.178308
0.174211
0.169465
0.164067
0.158012
0.151291
0.143893
0.135806
0.127017
0.117515
0.107287
0.0963242
0.0846183
0.0721653
0.0589648
0.0450219
0.0303475
0.0149603
-0.00111236
-0.0178326
-0.0351504
-0.0530015
-0.0713053
-0.0899626
-0.108853
-0.127833
-0.146733
-0.165356
-0.183474
-0.200832
-0.217143
-0.232094
-0.245351
-0.256561
-0.265366
-0.271416
-0.27438
-0.273968
-0.269946
-0.262158
-0.250541
-0.235139
-0.216112
-0.193733
-0.168385
-0.140545
-0.110763
-0.0796324
-0.0477606
-0.0157605
0.0143848
0.0405149
0.0640851
0.0851947
0.103959
0.120508
0.134979
0.147515
0.158261
0.167359
0.174946
0.181152
0.186097
0.189891
0.192633
0.19441
0.195296
0.195355
0.19464
0.19319
0.19104
0.188212
0.184721
0.180576
0.175781
0.170333
0.164227
0.157453
0.15
0.141854
0.133002
0.123428
0.11312
0.102064
0.0902493
0.0776685
0.0643168
0.0501943
0.0353069
0.0196671
0.00329595
-0.0137757
-0.0315054
-0.0498367
-0.068697
-0.0879954
-0.107619
-0.127431
-0.147268
-0.166934
-0.186204
-0.204817
-0.222478
-0.23886
-0.253603
-0.266327
-0.276635
-0.284129
-0.288425
-0.289174
-0.28608
-0.278928
-0.267598
-0.252091
-0.232533
-0.209184
-0.182428
-0.152765
-0.120779
-0.0871109
-0.0524207
-0.017374
0.0149047
0.0419762
0.06639
0.088247
0.107665
0.124779
0.13973
0.152668
0.163743
0.173106
0.180899
0.187261
0.192318
0.196187
0.198973
0.200769
0.201653
0.201695
0.20095
0.199464
0.19727
0.194395
0.190857
0.186665
0.181823
0.17633
0.17018
0.163364
0.155869
0.147681
0.138785
0.129164
0.118803
0.107685
0.0957978
0.0831288
0.0696697
0.0554158
0.0403676
0.0245318
0.00792247
-0.00943677
-0.0275114
-0.0462538
-0.0656005
-0.0854697
-0.105758
-0.126338
-0.147053
-0.167714
-0.188099
-0.207947
-0.226956
-0.244789
-0.261066
-0.275377
-0.287289
-0.296356
-0.302137
-0.304219
-0.302236
-0.295904
-0.285037
-0.269579
-0.249612
-0.225372
-0.197239
-0.16573
-0.131462
-0.0951268
-0.0574388
-0.0191209
0.0154128
0.0434075
0.0686499
0.0912408
0.1113
0.128965
0.144382
0.157706
0.169095
0.178706
0.186688
0.193188
0.198339
0.202266
0.205079
0.206876
0.207744
0.207754
0.206968
0.205433
0.203187
0.20026
0.196669
0.192428
0.18754
0.182005
0.175818
0.168969
0.161445
0.153231
0.14431
0.134665
0.124278
0.11313
0.101205
0.0884871
0.0749648
0.0606285
0.0454733
0.0294997
0.0127154
-0.00486395
-0.0232121
-0.0422907
-0.0620463
-0.0824076
-0.103282
-0.124553
-0.146074
-0.167666
-0.189113
-0.210156
-0.230494
-0.24978
-0.267619
-0.283577
-0.297183
-0.307945
-0.315362
-0.318951
-0.318273
-0.312961
-0.302753
-0.287521
-0.267292
-0.242265
-0.212808
-0.179446
-0.14283
-0.103701
-0.0628326
-0.0210092
0.0159098
0.0448104
0.0708666
0.0941776
0.114864
0.133065
0.148931
0.162625
0.174308
0.184146
0.192297
0.198914
0.204138
0.208101
0.21092
0.2127
0.213533
0.213495
0.212652
0.211056
0.208748
0.205759
0.202111
0.197816
0.192881
0.187307
0.181087
0.174213
0.166671
0.158446
0.149519
0.139872
0.129485
0.118337
0.106409
0.0936822
0.080141
0.0657715
0.0505636
0.0345121
0.0176176
-0.000111729
-0.0186584
-0.0379936
-0.0580745
-0.0788416
-0.100215
-0.122089
-0.144332
-0.166775
-0.189212
-0.211393
-0.23302
-0.25374
-0.273151
-0.290795
-0.306169
-0.318735
-0.327932
-0.333206
-0.334032
-0.329955
-0.320622
-0.305819
-0.285503
-0.259821
-0.229115
-0.193913
-0.154896
-0.112852
-0.0686194
-0.023047
0.0163968
0.0461877
0.0730443
0.097062
0.118361
0.137081
0.153379
0.16742
0.179376
0.189418
0.197712
0.20442
0.209692
0.213666
0.216468
0.218208
0.218985
0.21888
0.217963
0.216291
0.213908
0.210847
0.207133
0.20278
0.197796
0.192182
0.185934
0.179042
0.171492
0.163269
0.154354
0.144726
0.134364
0.123245
0.111348
0.0986517
0.0851355
0.0707818
0.0555757
0.0395063
0.0225676
0.00476014
-0.0139074
-0.033416
-0.053734
-0.0748141
-0.0965895
-0.11897
-0.141836
-0.165036
-0.188377
-0.211619
-0.234472
-0.256588
-0.277556
-0.296904
-0.314101
-0.328564
-0.339675
-0.346805
-0.349341
-0.346725
-0.338502
-0.324357
-0.304156
-0.27798
-0.24613
-0.209125
-0.167668
-0.122597
-0.0748156
-0.0252425
0.0168756
0.0475446
0.07519
0.0999017
0.121798
0.14102
0.157728
0.172093
0.184295
0.194512
0.202921
0.20969
0.21498
0.218937
0.221693
0.223368
0.224064
0.22387
0.22286
0.221094
0.218621
0.215476
0.211687
0.207269
0.202233
0.196579
0.190305
0.1834
0.175853
0.167645
0.158757
0.149168
0.138856
0.127795
0.115962
0.103333
0.0898848
0.0755952
0.060445
0.0444176
0.0275007
0.0096876
-0.00902175
-0.0286183
-0.0490816
-0.070377
-0.092452
-0.115232
-0.138614
-0.162463
-0.186603
-0.21081
-0.234808
-0.258254
-0.280741
-0.301786
-0.320835
-0.33727
-0.350414
-0.359564
-0.364012
-0.363093
-0.356233
-0.342998
-0.323146
-0.296669
-0.26381
-0.225064
-0.181149
-0.132951
-0.0814371
-0.0276037
0.017349
0.0488882
0.0773141
0.102709
0.125187
0.144891
0.161985
0.176647
0.189064
0.199423
0.207912
0.214709
0.219982
0.223888
0.226568
0.228147
0.228735
0.228427
0.227301
0.225422
0.222841
0.219599
0.215724
0.211234
0.206141
0.200446
0.194147
0.187235
0.179697
0.171516
0.162672
0.153142
0.142902
0.131926
0.12019
0.107665
0.0943259
0.0801475
0.0651059
0.0491795
0.03235
0.0146034
-0.00406847
-0.0236663
-0.0441809
-0.0655906
-0.0878575
-0.110923
-0.134703
-0.159081
-0.183901
-0.20896
-0.233998
-0.258687
-0.282627
-0.305334
-0.326241
-0.344694
-0.35997
-0.371288
-0.377847
-0.378864
-0.373634
-0.361587
-0.342348
-0.315798
-0.282098
-0.241705
-0.195338
-0.143923
-0.0884987
-0.0301391
0.0178207
0.0502285
0.0794309
0.105499
0.128545
0.14871
0.166163
0.18109
0.193685
0.204148
0.212677
0.219461
0.224679
0.228496
0.231062
0.232512
0.232961
0.23251
0.231243
0.22923
0.226524
0.223169
0.219196
0.214626
0.209469
0.203731
0.197409
0.190494
0.182973
0.17483
0.166043
0.15659
0.146445
0.135581
0.123971
0.111586
0.0983964
0.0843748
0.0694931
0.0537251
0.037047
0.0194382
0.000882419
-0.0186302
-0.0391015
-0.0605224
-0.08287
-0.106103
-0.130155
-0.154932
-0.1803
-0.20608
-0.232032
-0.257852
-0.283152
-0.307458
-0.330194
-0.350686
-0.368165
-0.381782
-0.390638
-0.393831
-0.390509
-0.379947
-0.361617
-0.335257
-0.300925
-0.259011
-0.210225
-0.155523
-0.0960142
-0.0328566
0.0182958
0.0515788
0.0815593
0.108296
0.131894
0.152497
0.170278
0.185431
0.198164
0.208686
0.217209
0.223933
0.229049
0.232734
0.235146
0.236428
0.236704
0.23608
0.234645
0.232473
0.229623
0.226139
0.222055
0.217394
0.212169
0.206384
0.200039
0.193125
0.185629
0.177533
0.168818
0.159459
0.14943
0.138703
0.127249
0.115037
0.102036
0.0882147
0.0735423
0.0579882
0.0415236
0.0241216
0.00575899
-0.0135831
-0.0339169
-0.0552459
-0.0775614
-0.100839
-0.125033
-0.15007
-0.175843
-0.202196
-0.228919
-0.255733
-0.282274
-0.308082
-0.332588
-0.355104
-0.374827
-0.390846
-0.40217
-0.407769
-0.40664
-0.397882
-0.380785
-0.354919
-0.320202
-0.276935
-0.225793
-0.167755
-0.103996
-0.0357647
0.0187807
0.052956
0.0837235
0.111126
0.135262
0.156277
0.174351
0.189688
0.202508
0.213038
0.2215
0.228111
0.233073
0.236576
0.238788
0.239861
0.239925
0.239094
0.237461
0.235106
0.232089
0.228459
0.224251
0.21949
0.214189
0.208356
0.201988
0.195078
0.187613
0.179575
0.170945
0.161697
0.151804
0.141238
0.129968
0.117961
0.105185
0.0916066
0.0771907
0.0619036
0.0457119
0.0285836
0.0104886
-0.00859999
-0.028704
-0.0498387
-0.0720094
-0.0952084
-0.11941
-0.144563
-0.170586
-0.197353
-0.224686
-0.252336
-0.27997
-0.307154
-0.333333
-0.357822
-0.379794
-0.398286
-0.412223
-0.420448
-0.421796
-0.415174
-0.399665
-0.374635
-0.339827
-0.295416
-0.242018
-0.180619
-0.112456
-0.0388715
0.0192837
0.0543816
0.0859541
0.114024
0.138685
0.160084
0.178409
0.193879
0.206731
0.217205
0.225545
0.23198
0.23673
0.239995
0.241955
0.242771
0.242583
0.241508
0.239647
0.237081
0.233876
0.230081
0.225736
0.220864
0.215482
0.209597
0.203206
0.196304
0.188877
0.180908
0.172375
0.163254
0.153517
0.143135
0.132075
0.120305
0.107789
0.0944924
0.0803777
0.0654079
0.049546
0.0327549
0.0149989
-0.00375617
-0.023541
-0.0443814
-0.0662962
-0.0892935
-0.113366
-0.138488
-0.164601
-0.191613
-0.219378
-0.247685
-0.27624
-0.30464
-0.332362
-0.358731
-0.382915
-0.403915
-0.420576
-0.431625
-0.435728
-0.431585
-0.418045
-0.394233
-0.359675
-0.314379
-0.258867
-0.194112
-0.121405
-0.0421858
0.0198151
0.0558826
0.088289
0.117035
0.142207
0.163957
0.182486
0.198029
0.210844
0.221193
0.229336
0.235526
0.239995
0.24296
0.244611
0.24512
0.244633
0.243275
0.241152
0.238348
0.234931
0.230955
0.226459
0.221467
0.215998
0.210058
0.203646
0.196756
0.189374
0.181483
0.173061
0.164083
0.154521
0.144345
0.133521
0.122017
0.109794
0.0968166
0.0830453
0.0684406
0.0529619
0.0365683
0.019219
0.000873751
-0.018506
-0.0389559
-0.0605064
-0.0831807
-0.10699
-0.13193
-0.15797
-0.185049
-0.213057
-0.241826
-0.271102
-0.300531
-0.329625
-0.357742
-0.384057
-0.407552
-0.427011
-0.441052
-0.448173
-0.446857
-0.43569
-0.413519
-0.379602
-0.333734
-0.276298
-0.208226
-0.130853
-0.0457165
0.0203881
0.0574925
0.0907754
0.120211
0.145881
0.167944
0.186619
0.202165
0.214863
0.225002
0.232867
0.238729
0.242842
0.245435
0.246715
0.24686
0.246026
0.244345
0.241925
0.238855
0.235205
0.231029
0.226368
0.221249
0.215687
0.209691
0.203261
0.196387
0.189058
0.181255
0.172957
0.164139
0.15477
0.144821
0.134259
0.123047
0.111149
0.0985266
0.0851386
0.0709436
0.0558984
0.039959
0.0230804
0.00521703
-0.0136762
-0.0336433
-0.0547255
-0.0769591
-0.100373
-0.124982
-0.150783
-0.177747
-0.205801
-0.234819
-0.2646
-0.294839
-0.325101
-0.354789
-0.383105
-0.409033
-0.431317
-0.448478
-0.458858
-0.460711
-0.45234
-0.43227
-0.399441
-0.353373
-0.294259
-0.222951
-0.140809
-0.0494735
0.0210189
0.0592529
0.0934709
0.123618
0.14977
0.172101
0.190854
0.206317
0.218804
0.228635
0.236123
0.241566
0.245236
0.247381
0.248219
0.247941
0.24671
0.244662
0.24191
0.238545
0.234639
0.230248
0.225411
0.220156
0.2145
0.208448
0.202001
0.195151
0.187883
0.180181
0.17202
0.163377
0.15422
0.14452
0.134242
0.123351
0.111807
0.0995729
0.0866057
0.0728623
0.0582979
0.0428657
0.0265176
0.00920384
-0.00912606
-0.0285231
-0.0490376
-0.0707176
-0.0936066
-0.11774
-0.143138
-0.169801
-0.197697
-0.226744
-0.256792
-0.287599
-0.31879
-0.349829
-0.379966
-0.40821
-0.433289
-0.453652
-0.467495
-0.472847
-0.467706
-0.450237
-0.419
-0.37317
-0.312686
-0.238271
-0.151285
-0.0534677
0.021728
0.0612155
0.0964459
0.127331
0.153948
0.176492
0.195238
0.210516
0.22268
0.232088
0.239088
0.244005
0.247136
0.248746
0.249069
0.248304
0.246622
0.244163
0.241044
0.237357
0.233175
0.228554
0.223532
0.218137
0.212384
0.206279
0.199821
0.193001
0.185806
0.178216
0.170208
0.161755
0.15283
0.143399
0.133429
0.122884
0.111724
0.0999093
0.0873981
0.0741458
0.0601062
0.0452309
0.0294691
0.0127683
-0.0049263
-0.0236712
-0.0435242
-0.064543
-0.0867843
-0.1103
-0.135134
-0.161314
-0.188845
-0.217691
-0.247758
-0.278867
-0.310717
-0.342844
-0.374572
-0.404955
-0.432738
-0.456325
-0.473792
-0.482948
-0.481475
-0.467139
-0.438056
-0.392978
-0.331506
-0.254168
-0.162292
-0.057712
0.0225412
0.063444
0.0997861
0.131444
0.158502
0.181187
0.199823
0.214791
0.226498
0.235349
0.241731
0.246003
0.248488
0.249471
0.249198
0.24788
0.245692
0.242779
0.239259
0.235225
0.230749
0.225885
0.220671
0.215133
0.209286
0.203133
0.196672
0.189893
0.182781
0.175317
0.167477
0.159235
0.150559
0.14142
0.131781
0.121606
0.110857
0.0994928
0.0874712
0.0747472
0.0612738
0.0470016
0.0318784
0.0158495
-0.00114263
-0.0191587
-0.0382621
-0.0585184
-0.0799948
-0.102758
-0.126871
-0.152389
-0.17935
-0.207762
-0.237589
-0.268717
-0.300928
-0.333844
-0.366878
-0.399163
-0.42949
-0.456256
-0.477447
-0.490674
-0.493301
-0.482658
-0.456354
-0.412622
-0.350627
-0.27062
-0.173844
-0.0622219
0.023491
0.0660175
0.103596
0.136065
0.16353
0.186266
0.204661
0.219168
0.230257
0.238393
0.244009
0.247502
0.249224
0.249478
0.248526
0.246585
0.243837
0.240428
0.236475
0.232072
0.227287
0.222173
0.216765
0.211087
0.20515
0.198957
0.192504
0.185779
0.178766
0.171444
0.16379
0.155776
0.147371
0.138544
0.129259
0.11948
0.109169
0.0982849
0.0867849
0.0746244
0.0617562
0.0481305
0.0336947
0.0183929
0.00216568
-0.0150501
-0.0333216
-0.0527204
-0.0733219
-0.0952044
-0.118448
-0.143129
-0.169319
-0.197066
-0.226387
-0.257241
-0.289492
-0.322861
-0.356869
-0.390755
-0.423392
-0.453213
-0.478156
-0.495668
-0.502804
-0.496437
-0.473597
-0.431898
-0.369946
-0.287603
-0.185962
-0.0670172
0.0246183
0.0690342
0.108001
0.141324
0.169143
0.191809
0.2098
0.223659
0.233939
0.241175
0.245856
0.248421
0.249251
0.24867
0.246951
0.24432
0.240959
0.237016
0.232605
0.227815
0.222713
0.217346
0.211747
0.205935
0.199918
0.193698
0.187267
0.180613
0.173716
0.166556
0.159107
0.151342
0.14323
0.134738
0.125831
0.116474
0.106628
0.096252
0.0853047
0.0737414
0.0615155
0.0485774
0.0348746
0.0203512
0.00494732
-0.0114015
-0.0287648
-0.0472177
-0.0668413
-0.0877229
-0.109955
-0.133635
-0.158858
-0.185713
-0.214266
-0.244543
-0.276496
-0.309954
-0.344558
-0.37968
-0.414314
-0.446977
-0.475613
-0.497554
-0.509572
-0.50807
-0.489441
-0.450562
-0.389334
-0.30509
-0.198673
-0.0721234
0.0259757
0.0726165
0.113155
0.147369
0.175463
0.197898
0.215275
0.228256
0.237499
0.24362
0.247176
0.248648
0.248449
0.246923
0.244352
0.240965
0.236945
0.232435
0.227545
0.222359
0.216938
0.211323
0.205542
0.19961
0.193531
0.187302
0.180913
0.174349
0.167591
0.160615
0.153394
0.145902
0.138105
0.129973
0.12147
0.11256
0.103206
0.0933672
0.0830031
0.0720699
0.0605218
0.0483103
0.0353838
0.0216871
0.00716088
-0.00825922
-0.0246433
-0.0420683
-0.0606187
-0.0803876
-0.101477
-0.123999
-0.148071
-0.173813
-0.201339
-0.230738
-0.262046
-0.295203
-0.329986
-0.365919
-0.402158
-0.437353
-0.469519
-0.495938
-0.513149
-0.517097
-0.503482
-0.468322
-0.408639
-0.323049
-0.212014
-0.0775746
0.0276308
0.0769174
0.119241
0.154369
0.182617
0.204603
0.221098
0.232919
0.240852
0.245613
0.24783
0.248033
0.246663
0.244082
0.240576
0.236375
0.231658
0.226559
0.221181
0.2156
0.209868
0.204019
0.198075
0.192044
0.185925
0.179712
0.173392
0.166945
0.160352
0.153586
0.146621
0.139427
0.131974
0.124227
0.116155
0.10772
0.0988854
0.0896131
0.0798626
0.0695917
0.058756
0.0473085
0.0351993
0.0223748
0.00877711
-0.0056568
-0.0209962
-0.0373178
-0.0547072
-0.0732606
-0.0930861
-0.114305
-0.137052
-0.161475
-0.187724
-0.215947
-0.246261
-0.278713
-0.313224
-0.349489
-0.386857
-0.42417
-0.459585
-0.490415
-0.513043
-0.522991
-0.515237
-0.48482
-0.427669
-0.341447
-0.22604
-0.0834175
0.0296714
0.0821289
0.12648
0.162515
0.190728
0.211969
0.227239
0.237553
0.243856
0.246978
0.247623
0.246371
0.243689
0.239948
0.235437
0.230378
0.224938
0.219243
0.213383
0.207421
0.2014
0.195344
0.189266
0.183168
0.177043
0.17088
0.164661
0.158365
0.151968
0.145445
0.138766
0.131902
0.124821
0.11749
0.109877
0.101946
0.093661
0.0849849
0.0758788
0.0663023
0.0562129
0.0455657
0.0343129
0.0224034
0.00978172
-0.00361284
-0.0178473
-0.0329966
-0.0491453
-0.0663897
-0.0848404
-0.104625
-0.125889
-0.148798
-0.173536
-0.200297
-0.229272
-0.260611
-0.294375
-0.330444
-0.36839
-0.407296
-0.445541
-0.480572
-0.508716
-0.52515
-0.524133
-0.499606
-0.446175
-0.360236
-0.240824
-0.0897168
0.0322137
0.088494
0.135134
0.172009
0.199902
0.219995
0.233601
0.241987
0.246286
0.247458
0.246285
0.243393
0.239266
0.234278
0.228709
0.222767
0.216603
0.210326
0.204008
0.1977
0.191428
0.185207
0.179039
0.172918
0.166831
0.160761
0.154686
0.148582
0.142422
0.136179
0.129823
0.123323
0.116648
0.109766
0.102644
0.0952486
0.0875442
0.0794953
0.0710651
0.0622152
0.0529055
0.0430936
0.0327346
0.0217804
0.0101786
-0.00212788
-0.0152028
-0.0291177
-0.0439542
-0.0598065
-0.0767841
-0.095016
-0.114654
-0.135875
-0.158885
-0.183918
-0.211222
-0.241043
-0.273574
-0.308883
-0.346784
-0.386647
-0.427155
-0.465999
-0.499591
-0.522885
-0.529471
-0.512113
-0.463829
-0.379351
-0.256469
-0.0965641
0.0354141
0.0963209
0.145507
0.183053
0.210194
0.228594
0.239978
0.24593
0.247802
0.246689
0.243452
0.238748
0.233068
0.226774
0.220126
0.213309
0.20645
0.199632
0.192909
0.18631
0.179849
0.173524
0.167327
0.161244
0.155253
0.149331
0.143453
0.13759
0.131715
0.125797
0.119806
0.113711
0.10748
0.101084
0.0944882
0.0876614
0.0805702
0.0731808
0.0654585
0.0573673
0.0488698
0.0399269
0.0304969
0.0205352
0.00999351
-0.00118121
-0.0130482
-0.0256744
-0.0391367
-0.0535248
-0.0689445
-0.0855222
-0.10341
-0.12279
-0.143881
-0.166941
-0.192267
-0.22018
-0.250995
-0.284957
-0.32213
-0.362208
-0.404247
-0.446312
-0.485063
-0.515413
-0.530407
-0.521604
-0.480173
-0.398686
-0.273115
-0.104092
0.039488
0.106003
0.157946
0.195817
0.221563
0.237534
0.245999
0.248924
0.247904
0.24417
0.238642
0.231991
0.224694
0.217083
0.209384
0.201746
0.194261
0.186984
0.179942
0.173141
0.166577
0.160233
0.154089
0.14812
0.142298
0.136593
0.130976
0.125415
0.11988
0.114339
0.108762
0.103117
0.0973741
0.0915024
0.0854709
0.079249
0.0728053
0.0661083
0.0591259
0.0518248
0.044171
0.0361285
0.0276596
0.0187239
0.00927743
-0.000727896
-0.011346
-0.022638
-0.0346749
-0.0475399
-0.0613323
-0.0761724
-0.0922073
-0.109618
-0.128626
-0.149503
-0.172575
-0.19822
-0.226852
-0.258877
-0.294598
-0.33405
-0.376725
-0.42118
-0.46452
-0.501855
-0.525909
-0.52711
-0.494554
-0.418054
-0.290942
-0.112496
0.0447416
0.118045
0.17282
0.210379
0.233785
0.246353
0.251046
0.250278
0.24589
0.239228
0.231241
0.222579
0.213676
0.204811
0.196157
0.187813
0.179829
0.172223
0.164989
0.158111
0.151562
0.145311
0.139323
0.133566
0.128002
0.122597
0.117316
0.112127
0.106996
0.101892
0.0967827
0.0916383
0.0864288
0.0811248
0.0756971
0.0701168
0.0643552
0.0583832
0.0521715
0.0456902
0.0389085
0.0317945
0.0243145
0.0164326
0.00810988
-0.000696332
-0.0100339
-0.0199576
-0.0305307
-0.0418288
-0.0539425
-0.0669829
-0.0810879
-0.0964297
-0.113225
-0.131746
-0.15233
-0.17539
-0.20141
-0.230925
-0.264454
-0.302364
-0.344619
-0.390374
-0.437383
-0.481256
-0.514737
-0.527355
-0.506018
-0.437112
-0.310176
-0.122074
0.0516264
0.133085
0.190467
0.226612
0.246315
0.254219
0.254145
0.248985
0.240802
0.230999
0.220498
0.20988
0.199497
0.189547
0.180128
0.171276
0.162989
0.155241
0.147994
0.141204
0.134823
0.128803
0.1231
0.11767
0.112469
0.107459
0.102602
0.0978627
0.0932071
0.0886031
0.0840202
0.0794288
0.0748005
0.0701075
0.065323
0.0604205
0.0553737
0.0501568
0.0447436
0.0391076
0.0332219
0.0270585
0.0205883
0.0137802
0.00660064
-0.000987267
-0.0090249
-0.0175597
-0.026647
-0.0363529
-0.0467579
-0.0579612
-0.0700879
-0.0832962
-0.0977889
-0.113826
-0.131741
-0.151955
-0.174991
-0.20147
-0.232083
-0.267494
-0.308135
-0.353833
-0.403179
-0.45263
-0.495426
-0.520653
-0.513143
-0.455216
-0.331058
-0.133286
0.0608362
0.151915
0.211067
0.243968
0.25806
0.259747
0.25383
0.243651
0.231397
0.21843
0.205557
0.193224
0.181653
0.170928
0.161053
0.15199
0.143676
0.13604
0.129009
0.122514
0.116486
0.110865
0.105594
0.100622
0.0959026
0.091392
0.0870513
0.0828444
0.0787376
0.0746997
0.0707014
0.0667148
0.0627136
0.0586725
0.0545673
0.0503744
0.0460706
0.0416332
0.0370397
0.0322674
0.0272933
0.0220937
0.0166442
0.0109187
0.00488914
-0.0014753
-0.00820923
-0.0153524
-0.0229515
-0.0310627
-0.0397546
-0.0491131
-0.0592469
-0.0702962
-0.0824426
-0.0959239
-0.111051
-0.128231
-0.147988
-0.170983
-0.198015
-0.229979
-0.267726
-0.311763
-0.361658
-0.415068
-0.466326
-0.504816
-0.513806
-0.471162
-0.353761
-0.146865
0.073476
0.175436
0.234346
0.261091
0.26703
0.260744
0.248009
0.232446
0.216176
0.200355
0.185557
0.172011
0.15976
0.148745
0.138861
0.12999
0.122007
0.1148
0.108264
0.102305
0.0968425
0.0918036
0.0871254
0.0827521
0.0786347
0.0747296
0.0709977
0.0674038
0.0639159
0.0605049
0.0571438
0.0538074
0.0504723
0.0471163
0.0437182
0.0402578
0.0367154
0.0330721
0.0293088
0.0254069
0.0213477
0.0171118
0.0126795
0.00802973
0.00314004
-0.00201429
-0.00746105
-0.0132322
-0.0193656
-0.0259069
-0.0329123
-0.0404528
-0.0486192
-0.0575297
-0.0673395
-0.0782548
-0.0905511
-0.104597
-0.120883
-0.140058
-0.162955
-0.190601
-0.224166
-0.264759
-0.31297
-0.367933
-0.425735
-0.47711
-0.504889
-0.482722
-0.378125
-0.163951
0.0913209
0.204417
0.25895
0.275166
0.269866
0.253971
0.233915
0.213201
0.193556
0.175706
0.159849
0.145923
0.13375
0.123116
0.113807
0.105626
0.0984019
0.0919845
0.0862478
0.081085
0.076406
0.0721345
0.0682056
0.0645638
0.0611615
0.0579571
0.0549144
0.0520012
0.049189
0.046452
0.0437667
0.0411117
0.0384672
0.0358145
0.0331364
0.0304163
0.0276383
0.0247871
0.021848
0.0188062
0.0156471
0.0123559
0.00891737
0.00531546
0.0015331
-0.00244851
-0.00665051
-0.0110973
-0.0158179
-0.0208475
-0.0262298
-0.0320205
-0.0382912
-0.045136
-0.0526803
-0.0610922
-0.0706001
-0.0815159
-0.0942664
-0.109435
-0.127811
-0.150439
-0.178645
-0.213974
-0.25792
-0.311202
-0.372242
-0.434415
-0.482005
-0.485943
-0.403027
-0.186191
0.117234
0.238722
0.281157
0.280907
0.261345
0.235092
0.208352
0.183802
0.162318
0.143948
0.128397
0.115268
0.104165
0.0947323
0.0866702
0.0797299
0.0737091
0.0684439
0.0638015
0.0596739
0.0559733
0.0526273
0.0495761
0.0467697
0.044166
0.0417292
0.0394282
0.0372365
0.0351302
0.0330886
0.031093
0.0291262
0.0271728
0.0252185
0.0232499
0.0212546
0.0192208
0.017137
0.0149923
0.0127761
0.0104777
0.00808668
0.00559204
0.00298249
0.00024593
-0.00263088
-0.00566292
-0.00886751
-0.0122653
-0.0158816
-0.019748
-0.023905
-0.0284053
-0.0333184
-0.0387379
-0.0447908
-0.0516516
-0.0595624
-0.068862
-0.080027
-0.0937283
-0.110905
-0.132851
-0.161278
-0.198277
-0.245961
-0.305348
-0.373707
-0.439408
-0.474159
-0.425181
-0.215876
0.156131
0.275089
0.291985
0.268808
0.233907
0.199028
0.168432
0.14302
0.122382
0.10574
0.0923057
0.0813998
0.072473
0.0650952
0.0589345
0.0537355
0.0493017
0.0454811
0.0421553
0.0392314
0.0366354
0.0343085
0.0322027
0.0302788
0.0285044
0.0268525
0.0252998
0.0238268
0.0224162
0.0210532
0.0197243
0.0184177
0.0171225
0.015829
0.014528
0.0132111
0.0118704
0.0104984
0.00908783
0.00763183
0.00612354
0.00455615
0.00292276
0.00121618
-0.000571251
-0.00244789
-0.00442324
-0.00650836
-0.00871646
-0.0110639
-0.0135711
-0.0162647
-0.0191794
-0.0223614
-0.0258733
-0.0298007
-0.0342624
-0.0394255
-0.0455276
-0.0529106
-0.0620715
-0.0737377
-0.0889768
-0.109342
-0.137031
-0.174952
-0.226329
-0.292941
-0.370146
-0.436581
-0.436771
-0.256244
0.213989
0.300599
0.272376
0.223958
0.178793
0.14195
0.113583
0.0922026
0.0761062
0.0638877
0.0544964
0.0471724
0.0413719
0.0367067
0.0328981
0.0297442
0.0270969
0.0248462
0.0229092
0.0212228
0.019738
0.0184166
0.0172281
0.016148
0.0151563
0.0142364
0.0133746
0.012559
0.0117796
0.0110276
0.0102954
0.00957619
0.00886375
0.00815257
0.00743758
0.0067141
0.00597777
0.0052245
0.0044504
0.00365173
0.00282488
0.00196624
0.00107218
0.000138911
-0.000837529
-0.00186156
-0.00293818
-0.00407323
-0.00527378
-0.00654861
-0.00790888
-0.00936908
-0.0109483
-0.0126722
-0.0145756
-0.0167064
-0.0191319
-0.0219468
-0.0252883
-0.0293563
-0.0344491
-0.0410184
-0.0497613
-0.0617702
-0.0787736
-0.103491
-0.140014
-0.193639
-0.268269
-0.357424
-0.419017
-0.305816
0.266009
0.275956
0.198597
0.138936
0.0984649
0.0710665
0.0526645
0.0402609
0.0317401
0.0257329
0.0213807
0.0181421
0.0156704
0.0137396
0.0121992
0.0109467
0.00991064
0.00904008
0.00829797
0.00765679
0.00709577
0.0065989
0.0061537
0.00575024
0.00538052
0.005038
0.00471724
0.00441368
0.00412343
0.00384312
0.00356981
0.00330093
0.00303415
0.00276741
0.0024988
0.0022266
0.0019492
0.00166512
0.00137296
0.00107136
0.000759036
0.000434707
9.70815e-05
-0.000255098
-0.000623302
-0.00100911
-0.00141431
-0.00184101
-0.00229184
-0.00277005
-0.00327985
-0.00382677
-0.00441812
-0.00506381
-0.00577733
-0.00657736
-0.00749013
-0.00855299
-0.00982011
-0.0113716
-0.013329
-0.0158809
-0.0193309
-0.0241843
-0.0313195
-0.0423285
-0.0601788
-0.0903349
-0.141897
-0.2255
-0.331008
-0.319485
0.142935
0.125432
0.0767436
0.0457848
0.028022
0.017653
0.0115782
0.00799237
0.00581832
0.00444644
0.0035412
0.00291654
0.00246694
0.00213092
0.00187149
0.00166556
0.00149817
0.00135931
0.00124199
0.00114126
0.00105345
0.000975837
0.000906306
0.000843215
0.000785252
0.000731353
0.000680641
0.00063238
0.000585949
0.00054081
0.000496498
0.000452602
0.000408756
0.000364635
0.000319943
0.000274411
0.000227795
0.000179867
0.000130414
7.92374e-05
2.61435e-05
-2.90621e-05
-8.65808e-05
-0.000146525
-0.00020918
-0.000274789
-0.000343623
-0.000416025
-0.000492426
-0.000573386
-0.000659636
-0.000752151
-0.000852244
-0.000961699
-0.00108297
-0.00121946
-0.00137596
-0.00155932
-0.00177952
-0.00205145
-0.00239798
-0.00285551
-0.00348474
-0.00439277
-0.00578227
-0.00806644
-0.0121427
-0.0200324
-0.0362275
-0.069559
-0.12766
-0.152141
)
;

boundaryField
{
    movingWall
    {
        type            calculated;
        value           uniform 0;
    }
    fixedWalls
    {
        type            calculated;
        value           uniform 0;
    }
    frontAndBack
    {
        type            empty;
    }
}


// ************************************************************************* //
