/*--------------------------------*- C++ -*----------------------------------*\
  =========                 |
  \\      /  F ield         | OpenFOAM: The Open Source CFD Toolbox
   \\    /   O peration     | Website:  https://openfoam.org
    \\  /    A nd           | Version:  dev
     \\/     M anipulation  |
\*---------------------------------------------------------------------------*/
FoamFile
{
    format      ascii;
    class       volScalarField;
    location    "41.85";
    object      p;
}
// * * * * * * * * * * * * * * * * * * * * * * * * * * * * * * * * * * * * * //

dimensions      [0 2 -2 0 0 0 0];

internalField   nonuniform List<scalar> 
5184
(
1.49666e-06
-9.99014e-06
-9.58434e-05
-0.000248757
-0.000448231
-0.00067697
-0.000920738
-0.00116756
-0.00140831
-0.00163582
-0.00184468
-0.00203087
-0.00219144
-0.00232429
-0.00242795
-0.00250141
-0.00254399
-0.00255526
-0.00253495
-0.00248288
-0.00239897
-0.00228321
-0.00213564
-0.00195639
-0.00174572
-0.001504
-0.00123176
-0.000929766
-0.000598999
-0.000240733
0.000143447
0.000551613
0.000981473
0.00143035
0.00189519
0.00237255
0.0028586
0.00334917
0.0038398
0.00432574
0.00480204
0.00526362
0.00570537
0.00612219
0.00650914
0.0068615
0.00717491
0.00744544
0.00766971
0.00784498
0.00796926
0.00804133
0.00806084
0.00802837
0.00794541
0.00781441
0.00763876
0.00742278
0.00717169
0.00689154
0.0065892
0.00627228
0.00594908
0.00562859
0.00532034
0.00503443
0.00478136
0.00457176
0.0044156
0.00432132
0.0042944
0.0043217
1.50847e-05
2.65278e-06
-7.19449e-05
-0.000199747
-0.000365058
-0.000555394
-0.000759821
-0.000968742
-0.00117423
-0.0013699
-0.0015507
-0.00171271
-0.00185296
-0.00196923
-0.00205985
-0.00212365
-0.00215976
-0.00216757
-0.00214666
-0.00209674
-0.00201764
-0.00190926
-0.00177162
-0.00160482
-0.00140909
-0.0011848
-0.000932468
-0.000652828
-0.000346838
-1.5717e-05
0.000339029
0.000715581
0.00111179
0.00152516
0.00195286
0.0023917
0.00283816
0.00328843
0.0037384
0.00418375
0.00461998
0.00504248
0.00544662
0.00582781
0.00618159
0.00650374
0.00679034
0.00703793
0.0072435
0.00740468
0.00751975
0.00758771
0.00760837
0.00758235
0.00751113
0.00739703
0.00724325
0.00705379
0.00683345
0.0065878
0.00632308
0.00604616
0.0057645
0.00548601
0.00521902
0.00497208
0.00475389
0.0045728
0.00443614
0.00434983
0.00432128
0.0043489
0.000101824
7.71176e-05
1.76079e-06
-0.000115817
-0.000263574
-0.000431872
-0.000612003
-0.000796134
-0.000977565
-0.00115074
-0.00131114
-0.00145518
-0.00158005
-0.00168357
-0.00176409
-0.00182037
-0.00185149
-0.00185676
-0.00183568
-0.00178789
-0.00171314
-0.0016113
-0.00148232
-0.00132628
-0.00114335
-0.000933873
-0.000698328
-0.000437395
-0.000151973
0.000156796
0.000487498
0.00083843
0.00120758
0.00159262
0.00199091
0.00239947
0.00281503
0.00323404
0.00365268
0.00406695
0.00447266
0.00486554
0.00524132
0.00559574
0.00592468
0.00622426
0.00649089
0.00672137
0.00691298
0.00706356
0.00717157
0.00723617
0.00725723
0.00723541
0.00717216
0.0070697
0.00693105
0.00675998
0.00656098
0.00633921
0.00610044
0.00585097
0.00559756
0.00534733
0.00510766
0.00488597
0.0046898
0.00452616
0.00440111
0.00431987
0.00429209
0.00432274
0.000256917
0.00020551
0.000117686
-1.29779e-06
-0.000143775
-0.000301967
-0.000468748
-0.000637751
-0.000803436
-0.000961114
-0.00110691
-0.00123768
-0.00135092
-0.00144467
-0.00151738
-0.00156789
-0.00159529
-0.00159888
-0.00157815
-0.00153269
-0.00146222
-0.00136656
-0.00124562
-0.00109941
-0.000928072
-0.000731862
-0.000511204
-0.000266704
8.25228e-07
0.000290337
0.000600528
0.000929817
0.00127634
0.00163791
0.00201207
0.00239602
0.0027867
0.00318076
0.00357461
0.00396448
0.00434642
0.00471642
0.00507041
0.00540439
0.00571447
0.00599698
0.00624853
0.00646611
0.00664715
0.00678964
0.00689214
0.00695387
0.00697477
0.00695548
0.00689739
0.00680266
0.00667416
0.00651547
0.00633083
0.00612508
0.00590362
0.00567228
0.00543729
0.00520513
0.00498245
0.00477594
0.0045922
0.00443752
0.00431733
0.00423666
0.00420563
0.0042309
0.000461731
0.000373124
0.00026451
0.000136784
-7.60702e-06
-0.000162497
-0.000322119
-0.00048147
-0.000636139
-0.000782327
-0.000916848
-0.00103709
-0.00114093
-0.00122669
-0.00129304
-0.00133892
-0.00136351
-0.00136616
-0.00134634
-0.00130366
-0.0012378
-0.00114854
-0.00103573
-0.000899342
-0.000739428
-0.000556179
-0.000349932
-0.000121196
0.000129319
0.00040068
0.000691707
0.00100096
0.00132671
0.00166695
0.00201936
0.00238134
0.00275
0.00312217
0.00349448
0.00386331
0.00422493
0.00457551
0.00491115
0.00522804
0.00552244
0.00579083
0.00602996
0.00623692
0.00640928
0.00654507
0.00664292
0.0067021
0.00672253
0.00670484
0.00665037
0.00656118
0.00644003
0.00629032
0.00611608
0.00592187
0.00571277
0.00549421
0.00527196
0.00505197
0.00484028
0.00464292
0.00446581
0.00431457
0.00419417
0.00410936
0.00406897
0.00407882
0.000700119
0.000568084
0.000432901
0.000290835
0.000138875
-1.82093e-05
-0.000175812
-0.000330191
-0.000478008
-0.000616338
-0.000742705
-0.000855059
-0.000951726
-0.00103136
-0.00109287
-0.00113538
-0.0011582
-0.00116073
-0.00114251
-0.00110313
-0.00104228
-0.000959678
-0.000855147
-0.000728571
-0.000579933
-0.000409332
-0.000217003
-3.34581e-06
0.000231049
0.000485377
0.000758598
0.00104941
0.00135625
0.00167725
0.00201026
0.00235285
0.00270228
0.00305556
0.00340944
0.00376051
0.00410514
0.00443965
0.00476029
0.00506333
0.00534515
0.00560231
0.00583163
0.00603028
0.00619584
0.0063264
0.00642058
0.00647765
0.00649751
0.00648073
0.00642861
0.00634311
0.00622685
0.00608311
0.00591573
0.00572904
0.00552783
0.00531722
0.00510257
0.00488941
0.00468326
0.00448964
0.00431386
0.00416099
0.00403558
0.00394203
0.00388684
0.00387379
0.000958293
0.000779511
0.000613948
0.000453377
0.000289424
0.000125695
-3.41883e-05
-0.000187625
-0.00033228
-0.000466062
-0.000587197
-0.000694213
-0.000785903
-0.000861284
-0.000919556
-0.000960056
-0.000982228
-0.000985595
-0.000969736
-0.000934278
-0.000878886
-0.000803269
-0.00070718
-0.000590436
-0.000452929
-0.000294657
-0.000115741
8.35413e-05
0.000302733
0.000541171
0.000797961
0.00107196
0.00136174
0.00166562
0.00198158
0.00230735
0.00264033
0.00297767
0.00331626
0.00365278
0.00398374
0.00430553
0.00461447
0.0049069
0.00517926
0.00542811
0.00565031
0.00584301
0.00600379
0.00613071
0.00622236
0.00627797
0.00629737
0.00628108
0.00623031
0.00614692
0.00603345
0.00589303
0.00572932
0.0055465
0.0053491
0.005142
0.00493025
0.004719
0.0045134
0.0043185
0.00413917
0.00397998
0.00384515
0.00373874
0.00366443
0.00362343
0.00122412
0.000997254
0.000799051
0.000617117
0.000437964
0.000264231
9.87099e-05
-5.70293e-05
-0.000201575
-0.000333629
-0.000452094
-0.00055607
-0.000644822
-0.00071775
-0.000774353
-0.000814199
-0.000836903
-0.000842103
-0.000829452
-0.000798606
-0.000749232
-0.000681003
-0.000593618
-0.000486813
-0.000360387
-0.000214222
-4.83188e-05
0.000137183
0.00034197
0.000565531
0.000807127
0.00106577
0.0013402
0.00162888
0.00192994
0.00224125
0.00256035
0.00288449
0.00321067
0.00353567
0.00385606
0.00416826
0.00446866
0.00475358
0.00501946
0.00526285
0.00548055
0.00566967
0.00582774
0.00595272
0.00604315
0.00609815
0.00611747
0.00610156
0.00605151
0.00596909
0.00585674
0.00571745
0.00555477
0.0053727
0.00517563
0.00496819
0.00475521
0.00454157
0.00433212
0.00413155
0.00394436
0.00377472
0.00362663
0.00350383
0.00340706
0.00333489
0.00148732
0.00121215
0.000980144
0.000775013
0.000578436
0.000392249
0.000218537
5.7939e-05
-8.89853e-05
-0.000221677
-0.000339686
-0.000442666
-0.000530347
-0.00060251
-0.000658961
-0.000699507
-0.00072394
-0.000732025
-0.00072349
-0.00069803
-0.000655307
-0.000594964
-0.000516637
-0.00041998
-0.000304686
-0.000170518
-1.73407e-05
0.000154852
0.0003459
0.000555455
0.000782941
0.00102753
0.00128814
0.00156335
0.00185148
0.0021505
0.00245806
0.00277155
0.00308803
0.00340432
0.00371705
0.00402267
0.00431752
0.00459792
0.00486023
0.00510096
0.0053168
0.00550478
0.00566228
0.00578718
0.00587789
0.00593338
0.00595332
0.005938
0.00588842
0.00580624
0.00569378
0.00555392
0.00539011
0.00520623
0.0050065
0.00479543
0.00457766
0.00435788
0.0041407
0.00393061
0.00373178
0.00354809
0.00338341
0.00324129
0.00311953
0.0030142
0.00173891
0.00141595
0.00114972
0.000920333
0.000704871
0.000504498
0.000320691
0.000153248
1.94052e-06
-0.000133362
-0.000252819
-0.000356613
-0.000444924
-0.000517904
-0.000575661
-0.000618242
-0.000645616
-0.000657674
-0.000654222
-0.000634989
-0.000599635
-0.000547764
-0.000478947
-0.000392747
-0.000288745
-0.000166575
-2.59566e-05
0.00013327
0.000311113
0.000507389
0.000721698
0.000953385
0.00120151
0.00146484
0.00174181
0.00203052
0.00232875
0.00263394
0.00294324
0.00325351
0.00356138
0.00386327
0.0041555
0.00443431
0.00469597
0.00493686
0.00515355
0.0053429
0.00550216
0.00562903
0.00572174
0.00577912
0.00580066
0.00578652
0.00573755
0.00565529
0.00554193
0.00540027
0.00523364
0.00504583
0.00484097
0.00462345
0.00439781
0.0041686
0.00394031
0.00371726
0.00350345
0.00330256
0.00311844
0.00295452
0.00280587
0.00266615
0.00197096
0.00160113
0.00130082
0.00104667
0.000811448
0.000595726
0.000400452
0.00022465
6.73663e-05
-7.21749e-05
-0.000194705
-0.000300907
-0.000391389
-0.00046666
-0.000527121
-0.000573045
-0.000604578
-0.000621729
-0.000624377
-0.000612283
-0.000585094
-0.000542373
-0.000483619
-0.000408294
-0.000315862
-0.000205817
-7.7725e-05
6.87401e-05
0.00023376
0.000417332
0.000619234
0.000838987
0.00107582
0.00132866
0.00159607
0.00187629
0.00216719
0.00246629
0.0027708
0.00307758
0.00338326
0.00368423
0.0039767
0.00425684
0.00452076
0.0047647
0.00498504
0.00517846
0.00534198
0.0054731
0.00556983
0.0056308
0.00565529
0.00564328
0.00559546
0.00551323
0.00539863
0.00525437
0.00508369
0.0048903
0.00467827
0.00445193
0.00421577
0.00397428
0.0037319
0.00349287
0.00326113
0.00304024
0.00283415
0.00264634
0.00246925
0.00229432
0.00217632
0.00176082
0.0014269
0.00114793
0.000892518
0.000660732
0.000453044
0.000267761
0.000103254
-4.18574e-05
-0.00016884
-0.00027885
-0.000372898
-0.000451834
-0.000516331
-0.000566883
-0.000603794
-0.000627186
-0.000637003
-0.000633023
-0.00061488
-0.000582084
-0.000534053
-0.000470143
-0.000389688
-0.000292035
-0.000176585
-4.28357e-05
0.00010958
0.000280848
0.000470934
0.000679542
0.000906079
0.00114962
0.00140889
0.00168225
0.00196766
0.00226272
0.00256467
0.00287039
0.00317647
0.00347923
0.0037748
0.00405919
0.00432835
0.00457832
0.00480526
0.00500561
0.00517613
0.00531405
0.00541713
0.00548374
0.00551291
0.0055044
0.0054587
0.00537703
0.00526131
0.00511411
0.00493859
0.00473841
0.0045176
0.0042805
0.00403156
0.00377532
0.00351623
0.00325854
0.00300621
0.00276283
0.00253252
0.00231895
0.00211209
0.00190127
0.00234842
0.00188864
0.00152186
0.0012183
0.000942611
0.000694394
0.000473684
0.000278115
0.00010542
-4.63428e-05
-0.00017895
-0.000293998
-0.000392879
-0.00047676
-0.000546573
-0.000603011
-0.000646526
-0.000677336
-0.000695439
-0.000700622
-0.000692492
-0.000670499
-0.000633969
-0.000582145
-0.000514218
-0.000429378
-0.00032685
-0.000205945
-6.60987e-05
9.30736e-05
0.000271736
0.000469786
0.000686812
0.000922062
0.00117441
0.00144234
0.00172392
0.00201682
0.00231832
0.00262528
0.00293426
0.0032415
0.00354299
0.00383458
0.00411204
0.00437115
0.00460782
0.00481819
0.00499871
0.00514631
0.00525841
0.00533309
0.00536908
0.00536587
0.00532372
0.00524362
0.00512734
0.00497732
0.00479663
0.00458889
0.00435813
0.0041087
0.00384513
0.00357201
0.00329389
0.00301515
0.00273984
0.00247166
0.00221507
0.001974
0.00173608
0.00148867
0.0024812
0.00197864
0.00157991
0.00125223
0.000956437
0.000691692
0.000457616
0.000251207
6.95958e-05
-8.96976e-05
-0.000228925
-0.000350102
-0.000454976
-0.000545008
-0.00062137
-0.000684935
-0.000736286
-0.000775725
-0.000803286
-0.000818755
-0.0008217
-0.0008115
-0.000787381
-0.000748455
-0.000693766
-0.000622332
-0.00053319
-0.000425451
-0.000298344
-0.000151272
1.61388e-05
0.000203991
0.00041207
0.000639802
0.000886223
0.00114995
0.00142917
0.00172163
0.00202461
0.00233501
0.00264932
0.00296366
0.00327392
0.00357573
0.00386464
0.00413615
0.00438587
0.00460959
0.00480343
0.00496391
0.00508811
0.00517372
0.00521913
0.0052235
0.00518679
0.00510977
0.00499399
0.00484175
0.00465604
0.00444042
0.00419895
0.00393603
0.00365629
0.00336448
0.00306531
0.00276336
0.00246287
0.00216777
0.00188291
0.00161264
0.00134235
0.00105742
0.00256892
0.00202517
0.00159557
0.00124441
0.000928889
0.000647725
0.000400148
0.000182546
-8.53007e-06
-0.000176069
-0.000322774
-0.000451057
-0.000562995
-0.000660325
-0.000744435
-0.00081636
-0.000876798
-0.000926116
-0.000964369
-0.000991332
-0.00100652
-0.00100922
-0.000998564
-0.00097351
-0.000932942
-0.000875694
-0.000800605
-0.000706572
-0.000592602
-0.000457874
-0.000301788
-0.000124022
7.54205e-05
0.000296162
0.000537415
0.000797949
0.00107607
0.00136959
0.00167586
0.00199175
0.0023137
0.00263775
0.0029596
0.0032747
0.00357832
0.00386567
0.00413199
0.0043727
0.00458349
0.00476047
0.00490026
0.00500013
0.00505805
0.00507279
0.00504397
0.00497206
0.00485837
0.00470503
0.00451492
0.00429156
0.00403904
0.00376185
0.00346478
0.00315276
0.00283077
0.00250365
0.00217594
0.00185188
0.00153682
0.00123563
0.000931478
0.000607851
0.00260619
0.00202293
0.00156363
0.00118978
0.000855044
0.00055773
0.000296679
6.76819e-05
-0.000133263
-0.000309635
-0.000464569
-0.000600846
-0.000720857
-0.000826589
-0.000919627
-0.00100115
-0.00107195
-0.00113245
-0.0011827
-0.00122245
-0.00125116
-0.00126803
-0.00127203
-0.00126199
-0.00123662
-0.00119455
-0.0011344
-0.00105485
-0.000954671
-0.000832795
-0.00068838
-0.000520867
-0.00033003
-0.000116029
0.000120543
0.000378624
0.000656652
0.000952548
0.00126371
0.00158701
0.00191883
0.00225512
0.00259141
0.00292292
0.00324464
0.00355143
0.00383815
0.00409978
0.00433153
0.00452903
0.00468838
0.00480634
0.00488041
0.00490889
0.00489098
0.00482679
0.00471735
0.00456458
0.00437122
0.00414075
0.00387729
0.00358545
0.00327022
0.00293679
0.00259044
0.00223638
0.00187952
0.0015245
0.0011773
0.000843367
0.000503687
0.000139817
0.00258783
0.00196684
0.00147913
0.00108347
0.00073017
0.000417102
0.000142722
-9.77533e-05
-0.000308866
-0.000494565
-0.000658398
-0.000803497
-0.000932543
-0.00104776
-0.0011509
-0.00124327
-0.00132575
-0.00139878
-0.00146242
-0.00151637
-0.00156001
-0.00159242
-0.00161246
-0.00161877
-0.00160988
-0.00158421
-0.00154014
-0.00147612
-0.00139066
-0.00128244
-0.00115035
-0.000993566
-0.000811615
-0.000604416
-0.000372342
-0.000116262
0.000162421
0.000461748
0.000779184
0.00111163
0.00145543
0.00180641
0.00215995
0.00251104
0.00285435
0.00318438
0.00349555
0.00378235
0.00403948
0.00426196
0.00444535
0.00458581
0.00468026
0.00472646
0.00472311
0.00466991
0.00456751
0.00441758
0.00422269
0.00398627
0.00371246
0.00340603
0.00307218
0.00271641
0.00234439
0.00196178
0.00157393
0.00118599
0.00080464
0.000436021
5.88919e-05
-0.000347172
0.00250896
0.0018521
0.00133735
0.000920872
0.000549739
0.000221404
-6.60652e-05
-0.000318018
-0.000539519
-0.000734973
-0.00090832
-0.00106303
-0.00120204
-0.00132781
-0.00144224
-0.00154674
-0.00164226
-0.00172926
-0.00180777
-0.00187744
-0.00193755
-0.00198707
-0.00202469
-0.0020489
-0.00205799
-0.00205018
-0.00202362
-0.00197646
-0.00190696
-0.00181351
-0.00169473
-0.0015495
-0.00137707
-0.00117708
-0.000949663
-0.000695465
-0.000415696
-0.00011217
0.000212678
0.000555789
0.000913489
0.00128152
0.00165509
0.00202895
0.00239744
0.00275468
0.00309461
0.00341117
0.00369847
0.00395092
0.00416337
0.00433132
0.00445103
0.00451961
0.00453519
0.00449692
0.00440505
0.0042609
0.00406685
0.00382622
0.00354318
0.00322266
0.00287011
0.0024914
0.00209265
0.00168002
0.00125944
0.000836597
0.000419009
1.35946e-05
-0.00040319
-0.000853834
0.00236491
0.00167415
0.00113382
0.000697584
0.000309434
-3.3606e-05
-0.000333859
-0.000597227
-0.000829285
-0.00103488
-0.00121832
-0.00138339
-0.00153331
-0.0016707
-0.00179763
-0.00191559
-0.00202557
-0.00212804
-0.002223
-0.00231003
-0.00238831
-0.00245667
-0.00251363
-0.00255748
-0.00258633
-0.00259812
-0.00259074
-0.0025621
-0.00251014
-0.00243295
-0.00232882
-0.00219635
-0.00203445
-0.00184247
-0.00162026
-0.0013682
-0.00108728
-0.000779125
-0.000446034
-9.09933e-05
0.000282329
0.000669607
0.00106589
0.0014657
0.00186304
0.00225161
0.00262484
0.00297609
0.0032988
0.00358667
0.00383379
0.00403488
0.00418542
0.0042818
0.00432142
0.00430282
0.00422573
0.00409107
0.00390091
0.00365846
0.0033679
0.0030343
0.00266341
0.0022615
0.0018352
0.00139126
0.000936246
0.000476526
2.05145e-05
-0.00042399
-0.000882945
-0.00138102
0.00215125
0.00142868
0.000864325
0.000409461
5.16967e-06
-0.000351959
-0.000664641
-0.000939321
-0.00118207
-0.00139815
-0.00159225
-0.00176846
-0.00193021
-0.00208031
-0.00222097
-0.00235376
-0.0024797
-0.00259924
-0.00271236
-0.00281853
-0.00291682
-0.00300591
-0.00308417
-0.00314967
-0.00320027
-0.00323369
-0.00324753
-0.00323938
-0.00320689
-0.00314782
-0.00306011
-0.002942
-0.00279208
-0.00260935
-0.00239333
-0.00214409
-0.00186236
-0.00154953
-0.00120773
-0.000839812
-0.000449415
-4.09017e-05
0.000380653
0.000809523
0.00123941
0.00166355
0.00207485
0.00246603
0.00282981
0.00315906
0.00344706
0.00368763
0.00387535
0.00400572
0.00407535
0.00408202
0.00402482
0.00390415
0.00372174
0.0034806
0.00318489
0.0028398
0.0024514
0.00202641
0.00157202
0.00109566
0.000604616
0.000106007
-0.000390725
-0.00087681
-0.00138077
-0.0019296
0.00186385
0.00111166
0.000524907
5.26132e-05
-0.00036689
-0.000737447
-0.00106217
-0.00134803
-0.00160158
-0.0018285
-0.00203382
-0.00222191
-0.00239644
-0.00256039
-0.00271606
-0.00286511
-0.00300857
-0.00314688
-0.00327995
-0.00340718
-0.00352749
-0.00363943
-0.00374115
-0.00383053
-0.00390518
-0.00396254
-0.00399994
-0.00401463
-0.00400393
-0.00396524
-0.00389614
-0.00379447
-0.00365843
-0.00348666
-0.00327828
-0.00303303
-0.00275131
-0.00243421
-0.00208364
-0.00170229
-0.00129371
-0.00086224
-0.000413071
4.78683e-05
0.000513956
0.000977986
0.0014323
0.00186894
0.00227983
0.00265698
0.00299269
0.00327978
0.0035118
0.00368326
0.00378977
0.00382824
0.00379697
0.00369575
0.00352583
0.00328995
0.00299219
0.00263787
0.00223334
0.00178583
0.00130314
0.000793458
0.00026487
-0.00027464
-0.000814501
-0.00134486
-0.001897
-0.0025004
0.00149882
0.000719341
0.000111902
-0.000376567
-0.000810309
-0.0011936
-0.00152995
-0.00182684
-0.0020913
-0.0023294
-0.0025465
-0.00274724
-0.00293552
-0.00311446
-0.00328648
-0.00345328
-0.00361591
-0.00377478
-0.00392974
-0.00408007
-0.00422459
-0.00436165
-0.00448923
-0.00460497
-0.00470623
-0.00479017
-0.0048538
-0.00489405
-0.00490787
-0.00489225
-0.00484439
-0.00476171
-0.00464197
-0.00448338
-0.00428464
-0.00404508
-0.00376469
-0.00344426
-0.00308536
-0.00269048
-0.002263
-0.00180722
-0.00132837
-0.000832556
-0.000326709
0.000181531
0.000683925
0.0011718
0.00163622
0.00206825
0.00245912
0.00280051
0.00308481
0.00330535
0.0034566
0.00353442
0.00353619
0.00346089
0.0033092
0.00308347
0.00278761
0.00242704
0.00200842
0.00153945
0.00102863
0.000484978
-8.25295e-05
-0.000664949
-0.00125045
-0.00182798
-0.0024318
-0.00309406
0.0010526
0.000248277
-0.000378048
-0.000881384
-0.00132835
-0.00172366
-0.0020712
-0.00237897
-0.00265443
-0.00290405
-0.0031335
-0.00334769
-0.00355071
-0.00374583
-0.00393557
-0.00412167
-0.00430519
-0.00448651
-0.00466539
-0.00484103
-0.00501208
-0.00517674
-0.00533278
-0.00547761
-0.00560832
-0.00572179
-0.00581468
-0.00588359
-0.00592504
-0.00593565
-0.00591215
-0.0058515
-0.00575101
-0.00560838
-0.00542184
-0.00519024
-0.00491313
-0.00459086
-0.00422465
-0.00381667
-0.00337008
-0.00288906
-0.00237884
-0.00184565
-0.00129667
-0.000739986
-0.000184406
0.000360647
0.000885348
0.0013797
0.00183376
0.00223797
0.00258338
0.00286195
0.00306686
0.00319271
0.00323574
0.00319399
0.00306737
0.00285771
0.0025687
0.00220573
0.00177575
0.00128699
0.00074867
0.000170702
-0.000436933
-0.00106423
-0.00169796
-0.00232575
-0.00298508
-0.00371101
0.000521964
-0.000304636
-0.000947967
-0.00146481
-0.00192396
-0.00233053
-0.00268883
-0.0030073
-0.00329387
-0.00355535
-0.00379774
-0.00402618
-0.00424496
-0.00445749
-0.00466636
-0.00487338
-0.00507958
-0.00528531
-0.00549026
-0.00569351
-0.00589357
-0.00608848
-0.0062758
-0.00645268
-0.00661597
-0.0067622
-0.00688773
-0.00698875
-0.00706139
-0.00710182
-0.00710628
-0.00707126
-0.00699351
-0.00687022
-0.00669906
-0.00647833
-0.00620706
-0.0058851
-0.00551321
-0.00509319
-0.00462787
-0.00412124
-0.00357844
-0.00300575
-0.00241058
-0.00180139
-0.00118757
-0.00057931
1.26374e-05
0.000577146
0.00110302
0.00157927
0.00199546
0.00234203
0.00261061
0.00279433
0.00288809
0.00288875
0.00279528
0.00260882
0.00233266
0.00197213
0.0015344
0.0010282
0.000463547
-0.000148694
-0.000797443
-0.00147151
-0.00215612
-0.00283743
-0.00355643
-0.00435131
-9.59361e-05
-0.000942134
-0.00160052
-0.00212947
-0.00259972
-0.00301679
-0.00338538
-0.0037144
-0.00401216
-0.00428586
-0.00454177
-0.00478528
-0.00502085
-0.00525203
-0.00548149
-0.00571106
-0.00594178
-0.00617397
-0.00640722
-0.0066405
-0.00687221
-0.00710018
-0.00732176
-0.00753389
-0.00773311
-0.00791566
-0.00807751
-0.00821448
-0.00832227
-0.00839655
-0.00843308
-0.00842779
-0.00837686
-0.00827688
-0.00812491
-0.00791863
-0.00765646
-0.00733767
-0.00696246
-0.00653215
-0.00604916
-0.00551718
-0.00494117
-0.00432738
-0.00368338
-0.00301796
-0.00234104
-0.00166356
-0.00099727
-0.000354459
0.000252295
0.000810474
0.00130797
0.00173349
0.00207689
0.00232959
0.00248487
0.00253817
0.00248728
0.00233244
0.0020764
0.00172426
0.00128335
0.000762904
0.000173714
-0.000472295
-0.00116285
-0.00188546
-0.00262361
-0.00336186
-0.00414499
-0.00501461
-0.000803552
-0.00166656
-0.00233798
-0.0028776
-0.00335783
-0.00378463
-0.00416304
-0.00450242
-0.00481148
-0.00509774
-0.00536777
-0.00562716
-0.00588056
-0.00613164
-0.00638315
-0.00663694
-0.00689406
-0.00715478
-0.00741862
-0.00768446
-0.00795052
-0.00821449
-0.00847351
-0.00872426
-0.008963
-0.00918566
-0.00938784
-0.00956494
-0.00971221
-0.00982483
-0.009898
-0.00992708
-0.00990761
-0.00983553
-0.00970722
-0.00951967
-0.00927059
-0.00895857
-0.00858318
-0.00814511
-0.00764628
-0.00708997
-0.00648083
-0.005825
-0.00513009
-0.00440514
-0.00366058
-0.00290808
-0.00216034
-0.00143091
-0.000733806
-8.32294e-05
0.000506883
0.00102326
0.00145377
0.00178783
0.00201682
0.00213445
0.00213706
0.00202374
0.00179644
0.00145992
0.00102154
0.000490969
-0.000120185
-0.000798891
-0.00153157
-0.0023043
-0.00309865
-0.00389738
-0.0047494
-0.00569998
-0.0016029
-0.00247984
-0.00316222
-0.00371102
-0.00420012
-0.00463584
-0.00502359
-0.00537314
-0.00569359
-0.00599274
-0.00627745
-0.00655353
-0.00682578
-0.007098
-0.007373
-0.00765268
-0.00793808
-0.00822943
-0.00852619
-0.00882713
-0.00913035
-0.00943336
-0.00973309
-0.010026
-0.010308
-0.0105748
-0.0108216
-0.0110433
-0.0112348
-0.0113906
-0.0115054
-0.011574
-0.0115912
-0.0115522
-0.0114527
-0.0112889
-0.0110576
-0.0107568
-0.0103852
-0.00994272
-0.00943074
-0.00885195
-0.00821059
-0.00751255
-0.00676536
-0.00597822
-0.00516198
-0.00432897
-0.00349287
-0.00266847
-0.00187133
-0.00111742
-0.000422704
0.000197379
0.000728407
0.0011575
0.00147383
0.00166904
0.00173765
0.00167732
0.00148895
0.00117671
0.00074784
0.000212378
-0.000417273
-0.00112692
-0.00190159
-0.00272574
-0.00357886
-0.0044417
-0.00536763
-0.0064059
-0.00249552
-0.00338344
-0.00407465
-0.00463115
-0.00512796
-0.00557179
-0.00596838
-0.00632791
-0.00665978
-0.00697214
-0.00727207
-0.0075656
-0.00785769
-0.00815223
-0.00845213
-0.00875932
-0.00907485
-0.00939892
-0.00973092
-0.0100695
-0.0104127
-0.0107579
-0.0111017
-0.0114403
-0.0117696
-0.0120847
-0.0123806
-0.0126516
-0.0128922
-0.0130965
-0.0132585
-0.0133721
-0.0134317
-0.0134316
-0.0133667
-0.0132322
-0.0130243
-0.0127399
-0.0123768
-0.0119343
-0.0114128
-0.0108143
-0.0101426
-0.00940307
-0.00860309
-0.0077519
-0.0068606
-0.00594215
-0.00501114
-0.00408359
-0.00317664
-0.00230818
-0.00149631
-0.000758885
-0.000112875
0.00042622
0.000844975
0.0011326
0.00128144
0.0012873
0.00114973
0.000872011
0.000461091
-7.27632e-05
-0.000716396
-0.00145442
-0.00227033
-0.00314688
-0.00406119
-0.0049918
-0.00599692
-0.00713002
-0.00348247
-0.00437837
-0.00507628
-0.00563894
-0.00614231
-0.00659341
-0.00699834
-0.00736759
-0.00771092
-0.00803675
-0.00835238
-0.00866405
-0.00897687
-0.00929486
-0.00962099
-0.00995724
-0.0103047
-0.0106635
-0.011033
-0.0114117
-0.0117977
-0.012188
-0.0125793
-0.0129674
-0.0133479
-0.0137157
-0.0140651
-0.0143905
-0.0146855
-0.0149437
-0.0151586
-0.0153233
-0.0154315
-0.0154766
-0.0154526
-0.0153539
-0.0151755
-0.0149135
-0.0145647
-0.0141273
-0.0136009
-0.0129866
-0.0122874
-0.0115082
-0.0106559
-0.00973972
-0.00877089
-0.00776281
-0.00673091
-0.00569243
-0.0046661
-0.00367175
-0.00272982
-0.00186075
-0.00108435
-0.000419094
0.000118627
0.000515151
0.000760182
0.00084728
0.000774199
0.000543031
0.000160129
-0.000364177
-0.00101606
-0.00177891
-0.00263465
-0.00356409
-0.00454181
-0.00554383
-0.0066336
-0.00786913
-0.0045643
-0.00546515
-0.0061676
-0.00673491
-0.00724367
-0.0077012
-0.00811391
-0.00849262
-0.00884737
-0.00918684
-0.00951857
-0.00984898
-0.0101833
-0.0105258
-0.0108793
-0.011246
-0.011627
-0.0120224
-0.0124315
-0.0128529
-0.0132844
-0.0137229
-0.0141649
-0.0146061
-0.0150418
-0.0154665
-0.0158743
-0.016259
-0.0166138
-0.0169317
-0.0172054
-0.0174276
-0.0175909
-0.0176879
-0.0177117
-0.0176557
-0.017514
-0.0172812
-0.0169532
-0.0165271
-0.0160013
-0.0153761
-0.0146534
-0.0138374
-0.0129346
-0.0119536
-0.0109058
-0.00980485
-0.00866695
-0.0075104
-0.00635552
-0.00522412
-0.00413907
-0.00312361
-0.00220066
-0.00139198
-0.000717387
-0.000193872
0.000165136
0.000350431
0.00035751
0.000186832
-0.000156172
-0.00066136
-0.00131436
-0.00209738
-0.00299065
-0.00397293
-0.00501594
-0.00609295
-0.007273
-0.00861895
-0.00574101
-0.00664383
-0.00734867
-0.00791912
-0.00843209
-0.00889519
-0.0093151
-0.00970292
-0.010069
-0.0104222
-0.0107703
-0.0111199
-0.0114764
-0.0118441
-0.0122261
-0.0126245
-0.0130405
-0.0134742
-0.0139249
-0.0143911
-0.0148706
-0.0153601
-0.015856
-0.0163539
-0.0168486
-0.0173345
-0.0178054
-0.0182544
-0.0186744
-0.0190578
-0.0193966
-0.0196827
-0.019908
-0.0200641
-0.0201431
-0.0201373
-0.0200396
-0.0198435
-0.0195437
-0.019136
-0.0186175
-0.0179873
-0.0172464
-0.0163978
-0.0154473
-0.014403
-0.0132761
-0.0120803
-0.0108323
-0.0095515
-0.0082596
-0.00698045
-0.00573939
-0.00456261
-0.00347638
-0.00250615
-0.00167553
-0.00100538
-0.000512816
-0.000210385
-0.000105412
-0.000199583
-0.000488827
-0.000963509
-0.00160892
-0.00240613
-0.00333364
-0.00436799
-0.00547776
-0.00663317
-0.00790925
-0.00937399
-0.00701209
-0.00791391
-0.00861905
-0.00919115
-0.00970718
-0.010175
-0.0106014
-0.010998
-0.0113751
-0.011742
-0.0121066
-0.0124756
-0.0128547
-0.0132483
-0.0136595
-0.0140907
-0.0145428
-0.0150163
-0.0155103
-0.0160233
-0.0165529
-0.0170961
-0.0176489
-0.0182067
-0.0187642
-0.0193154
-0.0198538
-0.0203721
-0.0208627
-0.0213173
-0.0217274
-0.0220842
-0.0223784
-0.0226009
-0.0227428
-0.0227951
-0.0227495
-0.0225983
-0.0223348
-0.0219533
-0.0214497
-0.0208216
-0.0200688
-0.0191931
-0.0181992
-0.0170945
-0.0158897
-0.0145985
-0.0132377
-0.0118276
-0.0103913
-0.00895445
-0.00754496
-0.00619207
-0.00492562
-0.00377503
-0.0027682
-0.00193037
-0.00128294
-0.000842455
-0.000619715
-0.000619169
-0.000838639
-0.00126942
-0.00189673
-0.00270066
-0.00365793
-0.00474274
-0.00592022
-0.00715721
-0.00853511
-0.0101273
-0.00837647
-0.00927446
-0.00997787
-0.0105502
-0.0110681
-0.0115397
-0.011972
-0.0123767
-0.0127646
-0.0131449
-0.0135259
-0.0139144
-0.0143163
-0.014736
-0.015177
-0.0156415
-0.0161307
-0.016645
-0.0171836
-0.017745
-0.0183269
-0.018926
-0.0195382
-0.0201589
-0.0207826
-0.021403
-0.0220131
-0.0226054
-0.0231717
-0.0237033
-0.0241908
-0.0246247
-0.0249949
-0.0252913
-0.0255038
-0.0256224
-0.0256373
-0.0255397
-0.0253211
-0.0249745
-0.0244943
-0.0238764
-0.0231192
-0.0222231
-0.0211915
-0.0200309
-0.018751
-0.0173653
-0.0158906
-0.0143478
-0.0127609
-0.0111576
-0.00956816
-0.00802488
-0.00656136
-0.00521131
-0.00400732
-0.00297955
-0.00215434
-0.00155297
-0.00119043
-0.00107467
-0.00120606
-0.00157736
-0.00217409
-0.00297555
-0.00395676
-0.00508939
-0.00633487
-0.00765626
-0.00914177
-0.0108705
-0.00983255
-0.010724
-0.0114238
-0.0119949
-0.0125136
-0.012988
-0.0134255
-0.0138378
-0.0142358
-0.0146292
-0.0150262
-0.015434
-0.0158584
-0.0163043
-0.0167751
-0.0172731
-0.0177999
-0.0183556
-0.0189398
-0.0195508
-0.0201863
-0.0208431
-0.021517
-0.0222032
-0.022896
-0.0235889
-0.0242747
-0.0249454
-0.0255923
-0.0262061
-0.0267769
-0.0272943
-0.0277474
-0.0281251
-0.0284161
-0.0286091
-0.0286933
-0.028658
-0.0284935
-0.0281911
-0.0277434
-0.0271448
-0.0263917
-0.0254832
-0.0244211
-0.0232105
-0.0218601
-0.0203826
-0.0187946
-0.0171172
-0.0153755
-0.0135985
-0.0118187
-0.0100717
-0.00839481
-0.00682626
-0.00540374
-0.00416286
-0.0031356
-0.00234869
-0.00182221
-0.00156842
-0.00159102
-0.00188489
-0.00243638
-0.00322429
-0.00422203
-0.00539868
-0.00671164
-0.00811981
-0.00971862
-0.0115931
-0.0113782
-0.0122607
-0.012955
-0.0135237
-0.014042
-0.0145183
-0.0149601
-0.0153792
-0.0157867
-0.0161924
-0.0166047
-0.0170311
-0.0174776
-0.0179492
-0.0184494
-0.0189808
-0.019545
-0.0201423
-0.0207724
-0.0214337
-0.0221238
-0.0228396
-0.0235768
-0.0243305
-0.0250949
-0.0258633
-0.0266281
-0.027381
-0.0281129
-0.0288139
-0.0294734
-0.0300803
-0.0306228
-0.0310888
-0.031466
-0.0317417
-0.0319036
-0.0319398
-0.0318388
-0.0315901
-0.0311847
-0.0306151
-0.0298757
-0.0289639
-0.0278797
-0.0266265
-0.0252118
-0.0236471
-0.0219485
-0.0201368
-0.0182377
-0.0162815
-0.0143029
-0.0123401
-0.0104346
-0.00862903
-0.00696662
-0.00548894
-0.00423423
-0.00323557
-0.00251899
-0.00210204
-0.00199266
-0.00218868
-0.00267791
-0.00343908
-0.00444418
-0.00565967
-0.00703862
-0.00853539
-0.010253
-0.0122827
-0.0130109
-0.0138822
-0.0145695
-0.0151345
-0.0156514
-0.0161287
-0.0165737
-0.0169987
-0.0174147
-0.0178316
-0.0182583
-0.0187023
-0.0191698
-0.019666
-0.0201947
-0.0207587
-0.0213597
-0.0219982
-0.0226739
-0.0233854
-0.0241305
-0.0249059
-0.0257074
-0.0265301
-0.0273679
-0.0282139
-0.0290605
-0.0298989
-0.0307195
-0.031512
-0.0322652
-0.032967
-0.033605
-0.0341661
-0.0346365
-0.0350028
-0.0352509
-0.0353674
-0.0353393
-0.0351542
-0.0348012
-0.0342708
-0.0335555
-0.0326504
-0.0315536
-0.0302668
-0.0287956
-0.0271501
-0.0253454
-0.0234019
-0.0213452
-0.0192066
-0.0170224
-0.0148338
-0.0126858
-0.0106258
-0.00870264
-0.00696435
-0.00545614
-0.00421821
-0.00328357
-0.0026761
-0.00240907
-0.00248423
-0.00289166
-0.00361059
-0.0046119
-0.00585949
-0.00730181
-0.0088883
-0.01073
-0.0129244
-0.0147276
-0.0155858
-0.0162648
-0.016825
-0.0173396
-0.0178167
-0.018264
-0.0186936
-0.0191169
-0.0195438
-0.0199833
-0.0204433
-0.0209302
-0.0214495
-0.0220051
-0.0226002
-0.0232366
-0.0239151
-0.0246355
-0.0253966
-0.0261961
-0.027031
-0.0278971
-0.0287893
-0.0297016
-0.0306269
-0.0315572
-0.0324836
-0.033396
-0.0342835
-0.0351345
-0.0359361
-0.036675
-0.037337
-0.0379075
-0.0383715
-0.0387139
-0.0389193
-0.0389732
-0.0388614
-0.038571
-0.0380903
-0.0374097
-0.0365221
-0.0354235
-0.0341131
-0.0325948
-0.0308767
-0.0289726
-0.0269018
-0.0246896
-0.0223678
-0.019974
-0.0175516
-0.0151491
-0.0128188
-0.0106151
-0.0085929
-0.00680489
-0.00529928
-0.00411708
-0.0032897
-0.00283691
-0.00276556
-0.00306897
-0.00372768
-0.00471189
-0.00598305
-0.00748483
-0.0091613
-0.0111319
-0.0135006
-0.0165249
-0.0173686
-0.0180381
-0.0185927
-0.019104
-0.01958
-0.0200284
-0.0204612
-0.0208901
-0.0213251
-0.0217755
-0.0222493
-0.0227534
-0.0232934
-0.0238737
-0.0244977
-0.0251674
-0.0258839
-0.0266471
-0.0274562
-0.028309
-0.0292025
-0.0301325
-0.0310941
-0.0320811
-0.0330863
-0.0341015
-0.0351174
-0.0361238
-0.0371092
-0.0380612
-0.0389665
-0.0398108
-0.040579
-0.0412555
-0.0418238
-0.0422676
-0.04257
-0.0427145
-0.0426854
-0.0424674
-0.0420469
-0.041412
-0.0405531
-0.0394638
-0.0381411
-0.0365862
-0.0348054
-0.0328104
-0.0306191
-0.028256
-0.0257528
-0.0231478
-0.0204863
-0.0178201
-0.0152056
-0.0127032
-0.0103747
-0.00828092
-0.00647881
-0.00501842
-0.00393991
-0.00327096
-0.0030248
-0.00319927
-0.00377711
-0.00472851
-0.00601276
-0.00756858
-0.00933429
-0.0114381
-0.0139907
-0.018399
-0.0192272
-0.0198867
-0.020435
-0.0209421
-0.0214158
-0.0218639
-0.0222984
-0.0227308
-0.0231716
-0.0236302
-0.0241151
-0.0246334
-0.0251911
-0.0257929
-0.0264426
-0.0271426
-0.0278942
-0.0286977
-0.0295523
-0.0304562
-0.0314064
-0.0323989
-0.0334287
-0.0344897
-0.0355745
-0.0366748
-0.0377811
-0.0388826
-0.0399675
-0.0410229
-0.0420348
-0.0429881
-0.0438667
-0.044654
-0.0453323
-0.0458838
-0.0462903
-0.0465335
-0.0465956
-0.0464595
-0.0461093
-0.0455308
-0.0447119
-0.0436436
-0.0423202
-0.0407404
-0.038908
-0.0368323
-0.0345294
-0.0320224
-0.0293421
-0.0265272
-0.0236244
-0.0206877
-0.0177779
-0.0149608
-0.0123053
-0.00988069
-0.00775337
-0.00598348
-0.00462121
-0.00370359
-0.00325181
-0.0032696
-0.00374314
-0.00464346
-0.00592813
-0.00753087
-0.00938393
-0.0116248
-0.0143706
-0.0203459
-0.0211585
-0.0218076
-0.0223491
-0.0228513
-0.0233217
-0.0237679
-0.024202
-0.0246354
-0.0250791
-0.0255427
-0.026035
-0.0265636
-0.027135
-0.0277543
-0.0284257
-0.0291519
-0.0299348
-0.0307748
-0.0316716
-0.0326234
-0.0336275
-0.03468
-0.035776
-0.0369092
-0.0380725
-0.0392571
-0.0404533
-0.0416501
-0.0428353
-0.0439954
-0.0451157
-0.0461803
-0.0471725
-0.0480743
-0.0488672
-0.0495317
-0.0500482
-0.0503968
-0.0505579
-0.0505123
-0.0502418
-0.0497299
-0.048962
-0.0479261
-0.0466141
-0.0450216
-0.0431496
-0.0410049
-0.0386011
-0.0359593
-0.0331089
-0.0300883
-0.0269446
-0.023734
-0.0205207
-0.0173756
-0.0143747
-0.0115957
-0.00911528
-0.00700444
-0.00532477
-0.0041242
-0.00343358
-0.00326421
-0.00360714
-0.00443538
-0.00570541
-0.00734606
-0.00928323
-0.011664
-0.0146123
-0.0223616
-0.023159
-0.0237979
-0.0243325
-0.0248292
-0.0252951
-0.0257376
-0.0261687
-0.0266003
-0.0270432
-0.0275076
-0.0280029
-0.028537
-0.0291171
-0.0297488
-0.0304368
-0.0311842
-0.0319935
-0.0328654
-0.0337998
-0.0347953
-0.0358494
-0.0369585
-0.0381175
-0.0393204
-0.0405596
-0.0418267
-0.0431115
-0.0444027
-0.0456878
-0.0469526
-0.0481819
-0.0493593
-0.0504668
-0.0514857
-0.0523962
-0.0531777
-0.0538091
-0.0542688
-0.0545353
-0.0545876
-0.0544052
-0.0539692
-0.0532623
-0.0522701
-0.0509811
-0.0493882
-0.0474893
-0.045288
-0.0427953
-0.0400296
-0.0370185
-0.033799
-0.0304182
-0.0269334
-0.0234116
-0.0199284
-0.0165663
-0.0134117
-0.0105516
-0.0080689
-0.00603771
-0.00451853
-0.0035537
-0.00316399
-0.00334709
-0.00407937
-0.00531712
-0.00698459
-0.0090011
-0.0115239
-0.0146835
-0.024442
-0.0252254
-0.0258549
-0.0263828
-0.0268735
-0.0273336
-0.0277704
-0.0281958
-0.0286216
-0.0290594
-0.0295197
-0.0300124
-0.0305463
-0.0311289
-0.0317668
-0.032465
-0.0332276
-0.0340571
-0.034955
-0.0359215
-0.0369556
-0.0380548
-0.0392159
-0.0404338
-0.0417025
-0.0430146
-0.0443611
-0.0457321
-0.0471157
-0.048499
-0.0498676
-0.0512054
-0.0524954
-0.0537188
-0.054856
-0.055886
-0.056787
-0.0575365
-0.0581114
-0.0584885
-0.0586446
-0.0585573
-0.0582052
-0.0575685
-0.0566299
-0.0553751
-0.0537937
-0.0518803
-0.0496354
-0.0470665
-0.0441892
-0.0410285
-0.0376194
-0.0340081
-0.0302521
-0.0264203
-0.0225923
-0.0188565
-0.0153077
-0.0120434
-0.00915897
-0.00674226
-0.00486789
-0.00359165
-0.00294592
-0.00293705
-0.00354649
-0.00473157
-0.00641246
-0.00850187
-0.0111677
-0.0145469
-0.026583
-0.0273548
-0.0279764
-0.0284982
-0.0289825
-0.0294355
-0.0298641
-0.0302802
-0.030696
-0.0311233
-0.0315734
-0.032057
-0.0325835
-0.0331614
-0.0337979
-0.034499
-0.0352692
-0.0361118
-0.0370288
-0.0380207
-0.0390869
-0.0402254
-0.0414328
-0.0427045
-0.0440343
-0.0454148
-0.0468371
-0.0482906
-0.0497636
-0.0512426
-0.0527126
-0.0541572
-0.0555585
-0.0568971
-0.0581523
-0.0593022
-0.0603238
-0.0611932
-0.0618858
-0.0623768
-0.0626411
-0.0626542
-0.0623924
-0.0618334
-0.0609571
-0.0597463
-0.0581873
-0.0562714
-0.0539954
-0.0513634
-0.0483876
-0.0450896
-0.0415021
-0.0376691
-0.0336478
-0.0295079
-0.0253319
-0.0212134
-0.0172551
-0.0135647
-0.0102504
-0.00741493
-0.00514841
-0.00352215
-0.00258241
-0.00234657
-0.00280324
-0.00391234
-0.00559074
-0.0077447
-0.0105533
-0.01416
-0.0287808
-0.0295446
-0.0301605
-0.0306772
-0.031155
-0.0315994
-0.032017
-0.0324197
-0.0328201
-0.0332306
-0.0336633
-0.0341298
-0.0346405
-0.0352051
-0.0358315
-0.0365266
-0.0372958
-0.038143
-0.0390709
-0.0400804
-0.0411715
-0.0423422
-0.0435895
-0.0449088
-0.0462941
-0.0477378
-0.0492308
-0.0507625
-0.0523207
-0.0538916
-0.0554598
-0.0570083
-0.0585184
-0.0599701
-0.0613418
-0.0626105
-0.0637522
-0.0647416
-0.0655528
-0.0661592
-0.0665342
-0.0666511
-0.0664842
-0.0660086
-0.0652015
-0.0640428
-0.0625156
-0.0606076
-0.0583123
-0.0556297
-0.0525683
-0.0491461
-0.0453923
-0.0413487
-0.0370704
-0.0326273
-0.0281035
-0.0235969
-0.0192171
-0.0150817
-0.0113119
-0.00802567
-0.00533021
-0.0033143
-0.00204057
-0.00154002
-0.00181088
-0.00281761
-0.00447494
-0.00668303
-0.00963297
-0.0134742
-0.0310323
-0.0317929
-0.0324064
-0.0329194
-0.0333907
-0.0338249
-0.0342281
-0.0346125
-0.0349911
-0.0353771
-0.0357838
-0.0362239
-0.0367091
-0.0372501
-0.0378561
-0.0385351
-0.0392933
-0.0401355
-0.0410649
-0.0420833
-0.0431907
-0.0443858
-0.0456655
-0.0470255
-0.0484596
-0.0499604
-0.0515185
-0.053123
-0.0547615
-0.0564198
-0.0580818
-0.0597302
-0.0613455
-0.062907
-0.0643922
-0.0657772
-0.0670369
-0.0681448
-0.0690736
-0.0697954
-0.0702815
-0.0705038
-0.070434
-0.0700453
-0.0693122
-0.0682115
-0.0667235
-0.0648323
-0.0625276
-0.0598056
-0.0566708
-0.053137
-0.0492297
-0.0449871
-0.0404621
-0.035723
-0.0308547
-0.025958
-0.0211483
-0.0165525
-0.0123041
-0.00853701
-0.00537656
-0.00293088
-0.00128149
-0.000475905
-0.000524792
-0.00139956
-0.00301434
-0.00526389
-0.00835211
-0.0124344
-0.0333348
-0.0340988
-0.0347142
-0.0352256
-0.0356905
-0.0361124
-0.0364973
-0.0368574
-0.0372066
-0.0375592
-0.0379297
-0.0383324
-0.0387805
-0.0392862
-0.0398601
-0.0405113
-0.0412472
-0.0420735
-0.0429942
-0.0440114
-0.0451259
-0.0463365
-0.0476404
-0.0490333
-0.0505091
-0.05206
-0.0536768
-0.0553481
-0.0570611
-0.0588012
-0.060552
-0.0622953
-0.0640112
-0.0656781
-0.0672727
-0.0687703
-0.0701445
-0.0713678
-0.0724116
-0.0732465
-0.0738424
-0.0741692
-0.0741968
-0.0738961
-0.0732392
-0.0722001
-0.070756
-0.0688878
-0.0665815
-0.0638293
-0.0606315
-0.0569976
-0.0529487
-0.0485192
-0.0437583
-0.0387322
-0.033525
-0.0282391
-0.0229945
-0.017926
-0.0131792
-0.00890341
-0.00524311
-0.00232748
-0.000259436
0.000893934
0.00110628
0.000396391
-0.00115127
-0.00342713
-0.00664902
-0.0109781
-0.0356867
-0.0364627
-0.0370855
-0.0375979
-0.0380565
-0.0384639
-0.0388256
-0.0391544
-0.039465
-0.0397734
-0.0400958
-0.0404483
-0.0408461
-0.041303
-0.0418314
-0.0424417
-0.0431427
-0.043941
-0.0448413
-0.0458467
-0.046958
-0.0481746
-0.0494938
-0.0509112
-0.0524208
-0.0540147
-0.055683
-0.0574145
-0.0591958
-0.0610117
-0.0628453
-0.0646779
-0.0664889
-0.0682558
-0.0699546
-0.0715596
-0.0730435
-0.0743776
-0.0755322
-0.0764763
-0.0771785
-0.077607
-0.0777298
-0.0775157
-0.0769345
-0.0759577
-0.0745596
-0.0727178
-0.0704147
-0.0676387
-0.0643857
-0.060661
-0.056481
-0.0518753
-0.0468892
-0.0415856
-0.0360466
-0.0303747
-0.0246929
-0.0191427
-0.0138804
-0.00907061
-0.00487719
-0.00145175
0.00107896
0.00262509
0.00314103
0.00263241
0.0011797
-0.00110465
-0.00445383
-0.00903457
-0.0380878
-0.0388866
-0.0395237
-0.0400405
-0.0404931
-0.040883
-0.0412156
-0.0415042
-0.0417654
-0.0420169
-0.0422772
-0.0425647
-0.0428968
-0.0432897
-0.0437574
-0.0443123
-0.0449644
-0.0457214
-0.046589
-0.0475708
-0.0486682
-0.0498807
-0.0512057
-0.052639
-0.0541742
-0.0558031
-0.0575158
-0.0593004
-0.0611432
-0.0630284
-0.0649385
-0.0668541
-0.0687539
-0.0706147
-0.0724116
-0.074118
-0.0757056
-0.0771446
-0.0784041
-0.0794519
-0.0802551
-0.0807802
-0.0809937
-0.0808624
-0.0803537
-0.079437
-0.0780835
-0.0762681
-0.0739697
-0.071173
-0.0678696
-0.0640602
-0.0597566
-0.0549835
-0.0497815
-0.0442091
-0.0383454
-0.0322918
-0.0261725
-0.020134
-0.014342
-0.00897532
-0.00421718
-0.000242671
0.0027955
0.00478144
0.00564646
0.00537911
0.00405275
0.00178062
-0.00168762
-0.00652419
-0.0405395
-0.0413747
-0.0420349
-0.04256
-0.0430067
-0.0433754
-0.0436713
-0.0439094
-0.044108
-0.0442874
-0.0444691
-0.0446744
-0.0449235
-0.045235
-0.0456254
-0.0461087
-0.0466966
-0.0473981
-0.0482197
-0.0491656
-0.0502377
-0.0514356
-0.0527569
-0.054197
-0.0557494
-0.0574056
-0.0591552
-0.0609858
-0.0628831
-0.0648307
-0.0668107
-0.0688026
-0.0707846
-0.0727326
-0.0746208
-0.0764217
-0.0781059
-0.0796428
-0.0810001
-0.0821444
-0.0830414
-0.0836563
-0.0839537
-0.0838986
-0.0834566
-0.0825946
-0.0812814
-0.079489
-0.077193
-0.0743745
-0.0710214
-0.0671297
-0.0627064
-0.0577713
-0.0523596
-0.0465252
-0.0403431
-0.0339117
-0.0273553
-0.0208235
-0.0144894
-0.00854506
-0.0031922
0.00137005
0.00496114
0.00743603
0.00869882
0.0087166
0.0075518
0.00531575
0.00173867
-0.00335726
-0.0430455
-0.0439344
-0.0446282
-0.0451661
-0.0456066
-0.0459491
-0.0461993
-0.0463737
-0.0464938
-0.0465833
-0.0466672
-0.0467705
-0.0469167
-0.0471274
-0.0474218
-0.0478161
-0.0483234
-0.0489542
-0.0497159
-0.0506133
-0.0516485
-0.0528212
-0.0541289
-0.0555669
-0.0571282
-0.0588039
-0.060583
-0.0624525
-0.0643974
-0.0664008
-0.0684437
-0.0705052
-0.0725624
-0.0745904
-0.0765626
-0.0784504
-0.0802235
-0.0818502
-0.083297
-0.0845293
-0.0855116
-0.0862074
-0.0865799
-0.0865923
-0.0862083
-0.0853927
-0.084112
-0.0823354
-0.0800356
-0.0771904
-0.0737836
-0.0698074
-0.0652638
-0.0601676
-0.0545487
-0.0484556
-0.0419583
-0.0351516
-0.0281577
-0.0211276
-0.0142401
-0.00769844
-0.0017219
0.00346643
0.00765674
0.0106719
0.0123846
0.0127356
0.0117718
0.00959916
0.00592553
0.000567171
-0.0456128
-0.0465764
-0.0473166
-0.0478725
-0.048306
-0.0486157
-0.0488081
-0.0489029
-0.0489253
-0.0489036
-0.0488673
-0.0488457
-0.0488666
-0.0489551
-0.0491331
-0.0494193
-0.0498288
-0.050373
-0.0510604
-0.0518963
-0.0528829
-0.05402
-0.0553047
-0.0567319
-0.0582941
-0.0599818
-0.0617833
-0.0636849
-0.0656708
-0.0677233
-0.0698225
-0.0719467
-0.0740721
-0.0761728
-0.0782213
-0.0801881
-0.0820417
-0.0837494
-0.0852765
-0.0865872
-0.0876446
-0.088411
-0.0888479
-0.0889169
-0.0885799
-0.0877996
-0.0865403
-0.0847688
-0.082455
-0.0795735
-0.0761047
-0.0720366
-0.0673669
-0.0621053
-0.0562764
-0.049923
-0.0431097
-0.0359264
-0.0284921
-0.0209573
-0.0135045
-0.00634581
0.000283298
0.0061364
0.0109736
0.0145831
0.0168017
0.0175386
0.01682
0.0147421
0.0109865
0.00536274
-0.0482523
-0.0493166
-0.0501187
-0.0506981
-0.0511225
-0.0513903
-0.0515098
-0.051505
-0.0514064
-0.051248
-0.0510653
-0.0508929
-0.0507632
-0.0507055
-0.0507451
-0.050903
-0.0511962
-0.0516376
-0.0522363
-0.0529977
-0.0539244
-0.0550157
-0.0562684
-0.0576767
-0.0592324
-0.0609253
-0.0627427
-0.0646701
-0.0666908
-0.0687861
-0.0709353
-0.0731155
-0.0753021
-0.0774683
-0.0795854
-0.0816228
-0.0835482
-0.0853275
-0.0869249
-0.0883035
-0.089425
-0.0902502
-0.0907392
-0.0908519
-0.0905486
-0.0897899
-0.0885381
-0.0867576
-0.0844158
-0.0814842
-0.07794
-0.0737675
-0.0689602
-0.0635229
-0.0574751
-0.0508539
-0.0437179
-0.0361517
-0.0282698
-0.0202204
-0.0121876
-0.00439045
0.00292153
0.00947973
0.0150138
0.0192751
0.0220604
0.0232416
0.0228179
0.0208707
0.01705
0.0111576
-0.0509803
-0.0521776
-0.0530598
-0.0536683
-0.0540796
-0.0542928
-0.0543198
-0.0541903
-0.0539422
-0.0536171
-0.0532573
-0.0529042
-0.0525957
-0.0523657
-0.052243
-0.0522514
-0.0524095
-0.0527315
-0.053227
-0.0539017
-0.0547576
-0.0557938
-0.0570063
-0.0583884
-0.0599311
-0.061623
-0.0634505
-0.0653981
-0.067448
-0.0695805
-0.0717736
-0.0740037
-0.0762448
-0.0784692
-0.0806472
-0.0827469
-0.084735
-0.0865762
-0.0882336
-0.0896688
-0.0908424
-0.0917136
-0.092241
-0.0923832
-0.0920982
-0.0913453
-0.0900844
-0.0882777
-0.0858902
-0.0828907
-0.0792532
-0.0749586
-0.0699964
-0.064367
-0.0580847
-0.0511811
-0.0437088
-0.0357465
-0.0274033
-0.0188237
-0.0101915
-0.00173042
0.00629833
0.0136054
0.0198904
0.0248659
0.0282849
0.0299756
0.0299035
0.0281282
0.0242619
0.0180967
-0.0538204
-0.0551905
-0.0561743
-0.0568169
-0.0572081
-0.0573492
-0.0572577
-0.0569721
-0.0565397
-0.0560116
-0.0554393
-0.0548715
-0.0543528
-0.053922
-0.0536116
-0.0534483
-0.0534523
-0.0536385
-0.054017
-0.0545931
-0.0553685
-0.0563413
-0.0575064
-0.0588561
-0.0603801
-0.062066
-0.0638989
-0.065862
-0.0679363
-0.0701008
-0.0723326
-0.0746067
-0.076896
-0.0791718
-0.081403
-0.0835568
-0.0855986
-0.0874918
-0.0891983
-0.0906786
-0.0918915
-0.0927951
-0.0933465
-0.0935023
-0.0932191
-0.0924541
-0.0911654
-0.0893129
-0.086859
-0.0837702
-0.0800173
-0.075578
-0.0704381
-0.0645938
-0.0580545
-0.0508465
-0.0430164
-0.0346365
-0.0258101
-0.0166769
-0.00741847
0.00173892
0.0105246
0.0186306
0.025727
0.0314866
0.0356143
0.0378886
0.0382332
0.0366781
0.0327889
0.0263448
-0.0568062
-0.0583982
-0.0595085
-0.0601887
-0.0605478
-0.0605924
-0.0603485
-0.0598667
-0.0592073
-0.0584333
-0.0576067
-0.0567858
-0.0560219
-0.0553595
-0.054835
-0.0544772
-0.0543081
-0.0543428
-0.0545914
-0.0550585
-0.0557447
-0.056647
-0.057759
-0.0590714
-0.0605727
-0.0622486
-0.0640832
-0.066058
-0.0681527
-0.070345
-0.0726108
-0.0749236
-0.0772554
-0.079576
-0.0818532
-0.0840529
-0.0861393
-0.0880746
-0.0898194
-0.0913327
-0.092572
-0.0934939
-0.0940539
-0.0942069
-0.0939078
-0.0931117
-0.0917748
-0.0898547
-0.0873116
-0.084109
-0.0802152
-0.0756045
-0.0702592
-0.0641713
-0.0573459
-0.0498037
-0.0415857
-0.0327577
-0.0234165
-0.0136962
-0.00377467
0.00612129
0.0157139
0.0246785
0.0326569
0.0392809
0.0442041
0.0471481
0.0479861
0.0467083
0.0428225
0.0360906
-0.0599848
-0.0618595
-0.0631247
-0.0638428
-0.0641505
-0.0640642
-0.0636229
-0.0628942
-0.061955
-0.0608834
-0.0597546
-0.0586368
-0.0575896
-0.0566628
-0.0558964
-0.0553215
-0.0549607
-0.0548293
-0.0549364
-0.0552855
-0.0558757
-0.0567022
-0.0577569
-0.0590287
-0.0605044
-0.0621679
-0.0640016
-0.0659854
-0.0680976
-0.0703144
-0.0726101
-0.0749572
-0.0773261
-0.0796853
-0.0820015
-0.0842393
-0.0863615
-0.088329
-0.0901011
-0.0916354
-0.092888
-0.0938139
-0.0943668
-0.0945001
-0.0941668
-0.0933199
-0.0919135
-0.0899029
-0.0872459
-0.0839033
-0.0798404
-0.0750284
-0.069446
-0.0630812
-0.0559343
-0.0480212
-0.0393767
-0.0300603
-0.020162
-0.00980929
0.000824805
0.0115148
0.021978
0.0318752
0.040821
0.0484057
0.0542275
0.057944
0.0593675
0.0584364
0.0545856
0.0475522
-0.0634223
-0.0656549
-0.0671068
-0.0678568
-0.0680827
-0.067817
-0.0671185
-0.066078
-0.0647939
-0.0633634
-0.0618764
-0.0604128
-0.0590404
-0.0578144
-0.0567781
-0.0559638
-0.0553941
-0.0550834
-0.0550393
-0.0552635
-0.0557528
-0.0565002
-0.0574953
-0.0587251
-0.0601739
-0.0618239
-0.0636555
-0.0656469
-0.0677746
-0.0700132
-0.0723357
-0.074713
-0.0771142
-0.0795064
-0.081855
-0.0841232
-0.0862726
-0.0882628
-0.0900515
-0.091595
-0.0928478
-0.0937633
-0.0942937
-0.0943904
-0.0940044
-0.0930869
-0.0915895
-0.0894652
-0.0866691
-0.0831593
-0.0788979
-0.0738529
-0.0679989
-0.0613201
-0.053812
-0.045485
-0.0363679
-0.0265136
-0.0160046
-0.00496119
0.00644979
0.0180059
0.0294215
0.040345
0.0503649
0.059029
0.0658761
0.0704917
0.0726149
0.0721173
0.0683401
0.0609851
-0.0672112
-0.0698954
-0.0715676
-0.0723334
-0.0724298
-0.0719162
-0.0708805
-0.0694449
-0.0677358
-0.0658727
-0.063963
-0.062099
-0.0603564
-0.0587953
-0.057461
-0.056386
-0.0555919
-0.0550912
-0.0548887
-0.0549834
-0.0553693
-0.0560366
-0.0569721
-0.0581601
-0.0595827
-0.0612196
-0.0630492
-0.0650478
-0.06719
-0.0694489
-0.0717957
-0.0741998
-0.076629
-0.079049
-0.0814237
-0.0837152
-0.0858835
-0.087887
-0.0896819
-0.0912231
-0.0924635
-0.0933548
-0.0938475
-0.0938912
-0.0934349
-0.0924274
-0.0908181
-0.0885574
-0.0855976
-0.0818938
-0.0774047
-0.0720944
-0.0659338
-0.0589022
-0.0509901
-0.0422021
-0.0325605
-0.0221106
-0.0109267
0.000879036
0.0131475
0.0256613
0.038134
0.0502034
0.0614332
0.0713274
0.0793604
0.0850355
0.0880047
0.0880531
0.0843995
0.0766933
-0.0714818
-0.0747341
-0.0766601
-0.0774072
-0.0773006
-0.076442
-0.074962
-0.0730246
-0.0707912
-0.0684081
-0.0660017
-0.0636766
-0.061516
-0.0595831
-0.0579237
-0.056569
-0.0555377
-0.0548389
-0.0544738
-0.0544375
-0.0547205
-0.0553092
-0.0561873
-0.057336
-0.0587346
-0.0603606
-0.0621896
-0.0641962
-0.0663529
-0.0686311
-0.0710004
-0.0734287
-0.0758821
-0.0783251
-0.0807203
-0.0830282
-0.0852077
-0.0872155
-0.0890068
-0.0905347
-0.0917506
-0.0926048
-0.0930457
-0.093021
-0.0924778
-0.0913625
-0.089622
-0.087204
-0.0840577
-0.0801348
-0.0753905
-0.0697846
-0.0632834
-0.0558609
-0.047502
-0.0382042
-0.0279825
-0.0168734
-0.00494184
0.00771027
0.0209335
0.0345179
0.0481792
0.0615471
0.0741614
0.0854806
0.0949081
0.101853
0.105862
0.106608
0.103146
0.0950468
-0.0764191
-0.0803852
-0.0825919
-0.0832558
-0.0828328
-0.0814915
-0.0794228
-0.0768465
-0.0739667
-0.07096
-0.0679725
-0.0651203
-0.0624918
-0.060151
-0.0581417
-0.0564911
-0.0552134
-0.0543124
-0.0537843
-0.0536191
-0.0538027
-0.0543173
-0.0551428
-0.056257
-0.0576359
-0.0592544
-0.0610858
-0.0631023
-0.0652746
-0.0675721
-0.0699627
-0.0724129
-0.0748874
-0.0773492
-0.0797595
-0.0820776
-0.084261
-0.0862651
-0.0880436
-0.0895481
-0.0907288
-0.0915339
-0.0919103
-0.0918037
-0.091159
-0.0899203
-0.0880319
-0.0854385
-0.0820862
-0.0779228
-0.0728995
-0.0669713
-0.0600993
-0.0522514
-0.0434053
-0.0335508
-0.0226935
-0.0108595
0.00189807
0.0154903
0.0297806
0.0445706
0.0595819
0.0744401
0.088663
0.101662
0.112761
0.121258
0.12657
0.128226
0.125055
0.116506
-0.08229
-0.0871506
-0.0896475
-0.0901122
-0.0891986
-0.0871781
-0.0843268
-0.0809356
-0.0772596
-0.0735076
-0.0698444
-0.0663945
-0.0632477
-0.060465
-0.0580846
-0.0561269
-0.0545986
-0.0534963
-0.0528093
-0.0525216
-0.0526131
-0.0530614
-0.0538419
-0.0549285
-0.0562942
-0.0579106
-0.0597486
-0.0617781
-0.0639678
-0.0662853
-0.068697
-0.0711677
-0.0736606
-0.0761376
-0.0785584
-0.0808812
-0.083062
-0.0850551
-0.0868128
-0.0882853
-0.0894213
-0.0901673
-0.0904686
-0.090269
-0.089511
-0.0881366
-0.0860873
-0.0833048
-0.0797315
-0.0753115
-0.0699912
-0.0637204
-0.0564539
-0.0481526
-0.0387858
-0.0283335
-0.0167899
-0.00416794
0.00949452
0.0241255
0.0396066
0.0557565
0.0723099
0.0888945
0.105011
0.120022
0.133163
0.1436
0.150588
0.153462
0.150737
0.141666
-0.0894858
-0.0954628
-0.0982177
-0.0982805
-0.0966082
-0.0936285
-0.0897335
-0.0853028
-0.0806482
-0.0760102
-0.0715675
-0.067447
-0.0637338
-0.0604802
-0.0577141
-0.0554447
-0.0536684
-0.052372
-0.0515361
-0.0511371
-0.0511484
-0.0515419
-0.0522882
-0.053357
-0.0547178
-0.0563392
-0.0581896
-0.0602364
-0.0624466
-0.0647859
-0.067219
-0.0697094
-0.0722191
-0.0747084
-0.0771361
-0.0794589
-0.0816319
-0.0836081
-0.0853385
-0.0867721
-0.087856
-0.0885355
-0.088754
-0.0884534
-0.0875744
-0.0860563
-0.0838381
-0.0808582
-0.0770556
-0.0723699
-0.0667426
-0.0601176
-0.0524426
-0.0436702
-0.0337597
-0.0226793
-0.0104091
0.00305489
0.0176944
0.0334604
0.0502598
0.0679376
0.0862521
0.104845
0.123208
0.140662
0.156344
0.169262
0.178462
0.183017
0.180995
0.171318
-0.0985969
-0.105951
-0.108842
-0.108152
-0.105308
-0.10097
-0.0956818
-0.0899276
-0.0840766
-0.0783939
-0.0730621
-0.0682003
-0.0638794
-0.0601352
-0.0569786
-0.0544031
-0.0523906
-0.0509156
-0.0499481
-0.0494554
-0.0494036
-0.0497581
-0.0504845
-0.0515482
-0.052915
-0.0545506
-0.0564207
-0.0584908
-0.0607256
-0.0630894
-0.0655455
-0.0680559
-0.0705815
-0.0730815
-0.0755135
-0.0778333
-0.0799949
-0.0819501
-0.0836489
-0.0850391
-0.0860666
-0.0866753
-0.086807
-0.0864019
-0.0853987
-0.0837346
-0.0813457
-0.0781675
-0.0741352
-0.0691839
-0.0632498
-0.0562705
-0.0481856
-0.0389384
-0.0284765
-0.0167539
-0.0037335
0.0106097
0.0262828
0.0432672
0.0615051
0.0808808
0.101193
0.122115
0.143153
0.163596
0.182485
0.198638
0.210837
0.217793
0.216918
0.206572
-0.110544
-0.119545
-0.122262
-0.120215
-0.115566
-0.109302
-0.102159
-0.0947288
-0.0874287
-0.0805304
-0.0742023
-0.068539
-0.0635838
-0.0593452
-0.055809
-0.0529471
-0.050723
-0.0490959
-0.0480232
-0.0474621
-0.0473704
-0.0477071
-0.0484321
-0.0495068
-0.0508933
-0.0525545
-0.0544537
-0.0565542
-0.0588194
-0.0612119
-0.0636938
-0.066226
-0.0687682
-0.0712788
-0.0737145
-0.0760301
-0.0781788
-0.0801116
-0.0817774
-0.0831231
-0.0840935
-0.0846312
-0.0846769
-0.0841691
-0.0830448
-0.0812391
-0.0786855
-0.0753166
-0.0710639
-0.065858
-0.0596298
-0.0523097
-0.0438293
-0.034121
-0.0231196
-0.0107627
0.00300744
0.0182412
0.0349777
0.0532374
0.0730106
0.0942383
0.116782
0.140379
0.164581
0.188685
0.211651
0.232094
0.248457
0.258952
0.260025
0.249064
-0.126828
-0.137652
-0.139492
-0.135052
-0.127625
-0.118643
-0.109044
-0.0995167
-0.0904899
-0.082208
-0.0747943
-0.0682946
-0.0627056
-0.0579948
-0.0541135
-0.0510054
-0.0486114
-0.0468727
-0.0457328
-0.0451378
-0.0450371
-0.0453828
-0.0461298
-0.0472354
-0.0486584
-0.0503591
-0.0522989
-0.0544394
-0.0567425
-0.0591697
-0.061682
-0.0642395
-0.0668012
-0.0693246
-0.0717657
-0.0740788
-0.0762162
-0.0781284
-0.0797637
-0.081068
-0.0819853
-0.0824573
-0.0824236
-0.0818215
-0.0805864
-0.0786514
-0.0759481
-0.072406
-0.0679533
-0.0625165
-0.0560206
-0.0483895
-0.039546
-0.0294113
-0.0179061
-0.00494977
0.00953851
0.025639
0.0434291
0.0629783
0.0843392
0.10753
0.132507
0.159113
0.187006
0.215553
0.2437
0.26988
0.292134
0.307993
0.312489
0.301341
-0.150037
-0.162421
-0.161866
-0.153271
-0.141603
-0.128816
-0.116017
-0.103918
-0.0928921
-0.0830932
-0.0745519
-0.06723
-0.0610536
-0.0559331
-0.0517751
-0.0484888
-0.0459888
-0.0441969
-0.0430416
-0.0424582
-0.0423876
-0.0427759
-0.0435736
-0.0447341
-0.0462139
-0.0479713
-0.0499659
-0.0521582
-0.054509
-0.0569792
-0.059529
-0.062118
-0.0647046
-0.0672459
-0.0696976
-0.0720134
-0.0741453
-0.0760433
-0.0776552
-0.0789265
-0.0798007
-0.0802186
-0.0801192
-0.0794386
-0.0781112
-0.0760686
-0.0732404
-0.0695538
-0.0649339
-0.0593032
-0.0525817
-0.0446867
-0.0355323
-0.0250289
-0.0130824
0.000406646
0.0155441
0.0324433
0.0512249
0.0720163
0.0949469
0.120136
0.147669
0.177553
0.209631
0.243458
0.278096
0.311939
0.342607
0.366774
0.377485
0.367642
-0.184899
-0.19717
-0.190989
-0.175282
-0.157241
-0.139242
-0.122389
-0.10726
-0.0940369
-0.0826835
-0.0730685
-0.0650251
-0.0583806
-0.0529719
-0.048652
-0.0452913
-0.0427769
-0.0410109
-0.0399079
-0.0393933
-0.0394012
-0.0398729
-0.0407552
-0.0419994
-0.0435601
-0.0453944
-0.047461
-0.0497198
-0.0521313
-0.0546558
-0.0572534
-0.0598834
-0.0625042
-0.0650727
-0.0675443
-0.0698729
-0.0720101
-0.0739058
-0.0755076
-0.0767609
-0.0776087
-0.0779917
-0.0778481
-0.0771138
-0.0757219
-0.0736033
-0.070686
-0.0668953
-0.0621538
-0.0563806
-0.0494914
-0.0413975
-0.0320053
-0.0212149
-0.00891818
0.00500266
0.0206785
0.0382562
0.0579029
0.0798094
0.104193
0.131294
0.161366
0.194642
0.231259
0.271128
0.313676
0.357512
0.400157
0.437351
0.459607
0.455301
-0.240282
-0.246867
-0.228438
-0.200846
-0.173495
-0.148621
-0.126898
-0.10845
-0.0930379
-0.0802894
-0.0698232
-0.0612934
-0.0544034
-0.0489053
-0.0445951
-0.0413053
-0.0388979
-0.0372584
-0.0362908
-0.0359138
-0.0360571
-0.0366592
-0.0376654
-0.0390261
-0.0406953
-0.0426302
-0.0447893
-0.0471328
-0.0496211
-0.052215
-0.0548746
-0.0575596
-0.0602283
-0.0628381
-0.0653445
-0.0677015
-0.069861
-0.0717728
-0.0733848
-0.0746424
-0.0754886
-0.0758641
-0.0757069
-0.0749526
-0.0735341
-0.0713813
-0.0684215
-0.0645788
-0.0597738
-0.0539232
-0.0469391
-0.0387283
-0.0291907
-0.0182175
-0.00568904
0.00852892
0.0245896
0.0426715
0.0629857
0.0857864
0.111382
0.140147
0.172532
0.209055
0.250266
0.296643
0.348339
0.404774
0.464034
0.521419
0.564975
0.576619
-0.333022
-0.318372
-0.275155
-0.228633
-0.188254
-0.154805
-0.127721
-0.106082
-0.0888751
-0.0752008
-0.064337
-0.0557215
-0.0489229
-0.0436114
-0.0395337
-0.0364932
-0.0343354
-0.0329366
-0.0321962
-0.0320307
-0.0323694
-0.0331512
-0.0343222
-0.0358337
-0.0376408
-0.0397015
-0.0419757
-0.0444242
-0.0470084
-0.0496896
-0.0524289
-0.0551865
-0.0579213
-0.0605912
-0.0631522
-0.0655588
-0.0677632
-0.0697158
-0.0713648
-0.0726557
-0.0735321
-0.0739348
-0.073802
-0.0730694
-0.0716697
-0.0695331
-0.0665861
-0.0627523
-0.0579512
-0.0520979
-0.0451025
-0.0368685
-0.0272913
-0.0162561
-0.00363443
0.0107201
0.0269781
0.0453426
0.0660615
0.089443
0.115879
0.145872
0.180076
0.219335
0.264717
0.3175
0.379058
0.450538
0.531895
0.619401
0.700973
0.751892
-0.501625
-0.419642
-0.327916
-0.253706
-0.196857
-0.154042
-0.122176
-0.0983926
-0.0804476
-0.0667607
-0.0562369
-0.048111
-0.0418448
-0.0370556
-0.0334659
-0.03087
-0.0291121
-0.0280707
-0.0276491
-0.0277681
-0.0283611
-0.0293708
-0.0307468
-0.0324432
-0.034418
-0.0366313
-0.0390449
-0.0416212
-0.0443233
-0.0471136
-0.0499544
-0.0528069
-0.0556309
-0.0583852
-0.0610265
-0.06351
-0.0657887
-0.0678135
-0.0695331
-0.0708939
-0.0718397
-0.0723118
-0.0722491
-0.0715875
-0.0702603
-0.0681975
-0.0653263
-0.0615699
-0.0568477
-0.0510745
-0.0441594
-0.0360047
-0.0265038
-0.0155389
-0.00297725
0.0113337
0.0275738
0.0459602
0.0667617
0.0903207
0.117084
0.14765
0.182836
0.223782
0.272093
0.33002
0.400686
0.488195
0.596502
0.726657
0.877367
1.02574
-0.850641
-0.553009
-0.3613
-0.253409
-0.183286
-0.135616
-0.103279
-0.0808446
-0.064748
-0.0528931
-0.0440135
-0.0373026
-0.0322321
-0.0284473
-0.0257022
-0.0238198
-0.0226685
-0.0221468
-0.022174
-0.0226836
-0.0236195
-0.0249327
-0.0265793
-0.0285191
-0.0307144
-0.0331292
-0.0357283
-0.0384768
-0.0413399
-0.0442822
-0.0472675
-0.0502585
-0.0532166
-0.0561014
-0.0588711
-0.0614817
-0.0638872
-0.0660395
-0.0678881
-0.0693801
-0.0704602
-0.0710706
-0.0711508
-0.0706373
-0.0694642
-0.0675625
-0.0648597
-0.0612801
-0.0567439
-0.0511664
-0.0444579
-0.0365215
-0.0272518
-0.0165323
-0.00423208
0.00979966
0.0257402
0.0438037
0.064256
0.087437
0.113794
0.143936
0.178719
0.21939
0.267831
0.326992
0.401678
0.499743
0.632391
0.816587
1.09969
1.50768
-1.48535
-0.683439
-0.324183
-0.193728
-0.128201
-0.0889201
-0.065129
-0.0500105
-0.0396521
-0.0321677
-0.0266117
-0.0224517
-0.0193658
-0.0171494
-0.0156639
-0.0148092
-0.0145089
-0.0147019
-0.0153372
-0.0163708
-0.0177633
-0.0194789
-0.021484
-0.0237467
-0.0262356
-0.0289201
-0.0317694
-0.0347525
-0.0378377
-0.0409921
-0.0441821
-0.0473724
-0.0505261
-0.0536047
-0.0565677
-0.0593726
-0.0619747
-0.064327
-0.0663802
-0.0680825
-0.0693797
-0.0702149
-0.0705284
-0.0702586
-0.0693399
-0.0677046
-0.0652817
-0.0619967
-0.0577715
-0.0525238
-0.0461662
-0.038605
-0.0297393
-0.0194582
-0.00763834
0.00586054
0.0212011
0.038577
0.0582245
0.0804405
0.10561
0.134247
0.167071
0.205128
0.250031
0.304464
0.373333
0.466408
0.60348
0.832759
1.31079
2.23472
)
;

boundaryField
{
    movingWall
    {
        type            zeroGradient;
    }
    fixedWalls
    {
        type            zeroGradient;
    }
    frontAndBack
    {
        type            empty;
    }
}


// ************************************************************************* //
