/*--------------------------------*- C++ -*----------------------------------*\
  =========                 |
  \\      /  F ield         | OpenFOAM: The Open Source CFD Toolbox
   \\    /   O peration     | Website:  https://openfoam.org
    \\  /    A nd           | Version:  dev
     \\/     M anipulation  |
\*---------------------------------------------------------------------------*/
FoamFile
{
    format      ascii;
    class       volScalarField;
    location    "49.05";
    object      Uy;
}
// * * * * * * * * * * * * * * * * * * * * * * * * * * * * * * * * * * * * * //

dimensions      [0 1 -1 0 0 0 0];

internalField   nonuniform List<scalar> 
5184
(
-1.2598e-05
-2.08308e-05
-1.72291e-05
-8.19041e-06
2.67231e-06
1.36215e-05
2.38507e-05
3.30559e-05
4.11166e-05
4.8038e-05
5.38814e-05
5.87317e-05
6.26812e-05
6.58214e-05
6.82369e-05
7.00034e-05
7.11852e-05
7.18347e-05
7.19927e-05
7.16889e-05
7.09425e-05
6.9764e-05
6.81564e-05
6.61166e-05
6.36374e-05
6.07092e-05
5.73214e-05
5.34644e-05
4.9131e-05
4.43182e-05
3.90285e-05
3.32712e-05
2.70635e-05
2.04314e-05
1.34107e-05
6.04704e-06
-1.60331e-06
-9.47392e-06
-1.74883e-05
-2.55603e-05
-3.35957e-05
-4.14928e-05
-4.91443e-05
-5.64393e-05
-6.3265e-05
-6.95095e-05
-7.5064e-05
-7.98255e-05
-8.36992e-05
-8.66015e-05
-8.84617e-05
-8.92247e-05
-8.88524e-05
-8.73249e-05
-8.46419e-05
-8.08227e-05
-7.59065e-05
-6.99523e-05
-6.30382e-05
-5.52601e-05
-4.67318e-05
-3.75862e-05
-2.79787e-05
-1.80923e-05
-8.15206e-06
1.54781e-06
1.05821e-05
1.83129e-05
2.37274e-05
2.51343e-05
1.98494e-05
6.24257e-06
-4.57309e-05
-6.56232e-05
-4.05274e-05
7.64964e-06
6.56993e-05
0.000126026
0.000184344
0.000238409
0.000287077
0.000329904
0.00036685
0.000398105
0.000423979
0.00044484
0.000461065
0.000473013
0.000481007
0.000485322
0.000486183
0.00048376
0.000478174
0.000469502
0.000457783
0.000443026
0.000425219
0.000404339
0.00038036
0.000353267
0.000323059
0.000289764
0.000253441
0.000214194
0.000172173
0.000127581
8.06772e-05
3.17816e-05
-1.87269e-05
-7.04099e-05
-0.000122772
-0.000175266
-0.000227297
-0.000278232
-0.00032741
-0.000374152
-0.000417772
-0.000457597
-0.000492971
-0.000523282
-0.000547967
-0.000566533
-0.000578565
-0.000583744
-0.000581856
-0.000572797
-0.000556583
-0.000533352
-0.000503369
-0.000467024
-0.000424832
-0.000377433
-0.000325598
-0.000270229
-0.00021239
-0.000153333
-9.45708e-05
-3.79798e-05
1.39766e-05
5.7992e-05
8.94709e-05
0.000101914
8.6554e-05
3.64977e-05
-8.12686e-05
-9.50083e-05
-1.91203e-05
0.000105958
0.000254714
0.000410696
0.000563584
0.000707237
0.000838202
0.00095477
0.00105635
0.00114302
0.00121531
0.00127394
0.00131974
0.00135352
0.00137605
0.00138802
0.00138998
0.00138237
0.00136553
0.00133968
0.00130495
0.00126139
0.00120903
0.00114784
0.00107783
0.000998995
0.000911412
0.000815216
0.000710639
0.000598027
0.000477853
0.000350732
0.000217432
7.88758e-05
-6.38555e-05
-0.000209526
-0.000356751
-0.000504012
-0.000649674
-0.000792001
-0.000929192
-0.0010594
-0.00118078
-0.00129151
-0.00138982
-0.00147409
-0.0015428
-0.00159464
-0.00162851
-0.00164358
-0.00163927
-0.00161534
-0.00157185
-0.00150921
-0.00142816
-0.0013298
-0.00121559
-0.00108733
-0.000947196
-0.000797756
-0.000642019
-0.00048352
-0.000326461
-0.000175931
-3.82475e-05
7.8569e-05
0.000164217
0.000205525
0.000186379
9.04298e-05
-9.77671e-05
-7.3172e-05
8.47883e-05
0.000318426
0.000590236
0.000874588
0.00115444
0.00141901
0.0016618
0.00187929
0.00206991
0.00223342
0.00237037
0.0024818
0.00256898
0.00263325
0.00267588
0.00269803
0.00270068
0.00268461
0.00265044
0.00259857
0.00252929
0.00244275
0.00233902
0.00221816
0.00208023
0.00192532
0.00175364
0.00156555
0.00136158
0.00114245
0.000909144
0.000662901
0.000405235
0.000137949
-0.000136865
-0.000416838
-0.000699332
-0.000981468
-0.00126016
-0.00153214
-0.00179404
-0.00204242
-0.00227382
-0.00248485
-0.00267228
-0.00283304
-0.00296436
-0.00306381
-0.00312938
-0.00315952
-0.00315321
-0.00311001
-0.00303005
-0.00291413
-0.00276368
-0.0025808
-0.00236826
-0.0021295
-0.00186868
-0.0015907
-0.00130128
-0.00100709
-0.000715956
-0.000437152
-0.000181825
3.64095e-05
0.000200828
0.000291034
0.000282723
0.000147354
-8.44577e-05
2.08539e-05
0.00029548
0.00066817
0.0010911
0.00153035
0.00196247
0.00237196
0.00274911
0.00308828
0.00338668
0.0036435
0.0038592
0.00403501
0.0041726
0.0042738
0.00434038
0.00437401
0.0043761
0.00434783
0.0042901
0.00420358
0.00408872
0.00394582
0.00377507
0.00357664
0.00335069
0.00309751
0.00281755
0.00251147
0.00218021
0.00182504
0.00144763
0.00105002
0.000634693
0.000204573
-0.000236978
-0.00068617
-0.00113881
-0.00159034
-0.0020359
-0.00247035
-0.00288841
-0.00328469
-0.00365381
-0.00399048
-0.00428966
-0.00454659
-0.00475698
-0.00491706
-0.0050237
-0.00507451
-0.00506793
-0.00500328
-0.00488081
-0.00470178
-0.00446848
-0.00418422
-0.00385338
-0.00348145
-0.00307498
-0.00264172
-0.00219068
-0.00173227
-0.00127853
-0.000843538
-0.000443779
-9.88221e-05
0.000167989
0.000328916
0.000351215
0.000194243
-3.75796e-05
0.000197348
0.000627009
0.00117063
0.00177223
0.00239093
0.00299766
0.00357262
0.00410295
0.00458087
0.00500232
0.00536578
0.00567151
0.00592088
0.00611586
0.00625872
0.00635174
0.00639705
0.00639654
0.00635175
0.00626393
0.006134
0.00596264
0.00575032
0.0054974
0.00520418
0.00487107
0.00449857
0.00408746
0.00363883
0.00315417
0.00263543
0.0020851
0.00150624
0.000902476
0.000278079
-0.000362086
-0.00101256
-0.00166734
-0.00231992
-0.00296335
-0.00359037
-0.00419348
-0.00476506
-0.0052975
-0.00578336
-0.00621552
-0.00658729
-0.00689262
-0.0071262
-0.00728363
-0.00736157
-0.00735779
-0.00727135
-0.00710263
-0.00685343
-0.00652697
-0.006128
-0.00566275
-0.00513901
-0.00456611
-0.00395505
-0.00331855
-0.00267119
-0.00202971
-0.00141332
-0.000844165
-0.000347935
4.53849e-05
0.000300842
0.000377618
0.000224654
4.40601e-05
0.000461321
0.0010873
0.00183521
0.00264315
0.00346485
0.00426667
0.00502515
0.00572466
0.00635551
0.00691237
0.00739309
0.00779767
0.00812754
0.00838498
0.00857265
0.00869329
0.00874948
0.00874356
0.00867746
0.00855276
0.00837067
0.00813209
0.00783771
0.00748809
0.00708375
0.00662535
0.00611373
0.00555007
0.00493599
0.00427364
0.0035658
0.00281592
0.00202821
0.00120766
0.000360052
-0.000508043
-0.00138929
-0.00227563
-0.00315838
-0.0040283
-0.00487572
-0.00569069
-0.00646311
-0.0071829
-0.00784024
-0.00842567
-0.00893038
-0.00934633
-0.00966652
-0.00988512
-0.00999767
-0.0100012
-0.00989452
-0.00967803
-0.00935412
-0.00892707
-0.00840314
-0.0077906
-0.00709979
-0.00634308
-0.00553501
-0.00469232
-0.00383412
-0.00298211
-0.0021609
-0.00139843
-0.000726556
-0.000181792
0.000194045
0.000352824
0.000235151
0.000160458
0.000814647
0.00168015
0.00266693
0.00370926
0.00475706
0.00577328
0.00673162
0.00761428
0.00840997
0.00911235
0.0097187
0.0102288
0.0106443
0.0109676
0.0112018
0.0113501
0.0114155
0.0114007
0.0113081
0.0111396
0.0108966
0.0105804
0.0101919
0.00973178
0.00920092
0.00860026
0.00793103
0.00719492
0.00639416
0.00553167
0.00461114
0.00363714
0.00261518
0.00155173
0.000454251
-0.0006688
-0.00180803
-0.00295316
-0.00409312
-0.00521617
-0.00631003
-0.00736209
-0.00835956
-0.00928968
-0.01014
-0.0108986
-0.0115542
-0.0120967
-0.0125172
-0.0128082
-0.0129641
-0.0129811
-0.0128575
-0.0125939
-0.0121931
-0.0116605
-0.011004
-0.010234
-0.00936361
-0.00840837
-0.0073866
-0.00631928
-0.00523028
-0.00414647
-0.00309798
-0.00211864
-0.00124644
-0.000524174
-8.89763e-08
0.00027126
0.000224027
0.000310977
0.00125724
0.00240652
0.00366767
0.00497288
0.0062698
0.00751913
0.00869266
0.00977104
0.0107419
0.0115982
0.0123368
0.0129576
0.0134622
0.0138534
0.0141348
0.0143098
0.0143819
0.0143544
0.0142298
0.0140105
0.0136983
0.0132944
0.0128001
0.0122166
0.0115447
0.010786
0.009942
0.009015
0.00800793
0.00692455
0.00576958
0.0045488
0.00326912
0.00193862
0.000566586
-0.000836523
-0.0022591
-0.00368849
-0.00511109
-0.00651246
-0.00787757
-0.00919093
-0.0104369
-0.0115998
-0.0126644
-0.013616
-0.0144408
-0.0151265
-0.0156619
-0.0160379
-0.0162473
-0.0162855
-0.0161503
-0.015842
-0.0153643
-0.0147235
-0.0139291
-0.0129937
-0.0119333
-0.0107667
-0.00951628
-0.00820735
-0.0068687
-0.00553248
-0.00423451
-0.00301448
-0.00191642
-0.000989231
-0.000287089
0.000129817
0.000190633
0.000494715
0.00178785
0.00326553
0.00483703
0.00643401
0.00800311
0.00950398
0.0109074
0.0121932
0.0133484
0.0143658
0.0152422
0.0159775
0.0165736
0.0170337
0.0173618
0.017562
0.017638
0.0175934
0.0174314
0.0171544
0.0167645
0.0162635
0.0156527
0.0149335
0.0141073
0.0131758
0.0121412
0.0110063
0.00977489
0.00845153
0.00704209
0.00555361
0.00399451
0.00237457
0.000704994
-0.00100165
-0.00273142
-0.00446917
-0.0061986
-0.00790248
-0.00956282
-0.0111611
-0.0126787
-0.0140968
-0.0153972
-0.0165622
-0.0175755
-0.0184218
-0.019088
-0.0195629
-0.0198378
-0.0199068
-0.0197669
-0.0194187
-0.018866
-0.0181162
-0.0171803
-0.0160734
-0.0148142
-0.0134249
-0.0119319
-0.0103652
-0.00875852
-0.00714939
-0.00557937
-0.00409405
-0.00274346
-0.00158234
-0.0006705
-7.31259e-05
0.000134884
0.000710637
0.00240459
0.0042551
0.00617307
0.00809083
0.00995524
0.0117259
0.0133735
0.0148779
0.016226
0.0174108
0.0184294
0.0192821
0.0199713
0.0205006
0.0208746
0.0210977
0.0211743
0.0211083
0.0209033
0.0205619
0.0200867
0.0194795
0.0187421
0.0178761
0.0168832
0.0157655
0.0145258
0.0131676
0.0116952
0.0101144
0.00843211
0.00665669
0.00479811
0.00286793
0.000879333
-0.00115291
-0.00321246
-0.00528156
-0.00734114
-0.00937103
-0.0113502
-0.0132569
-0.0150693
-0.0167654
-0.0183237
-0.0197235
-0.0209453
-0.0219713
-0.0227857
-0.0233751
-0.0237291
-0.0238403
-0.0237051
-0.0233235
-0.0226996
-0.0218418
-0.0207628
-0.0194796
-0.0180139
-0.0163916
-0.0146429
-0.0128026
-0.0109094
-0.0090064
-0.00714098
-0.00536467
-0.0037334
-0.00230772
-0.00115277
-0.000338407
5.69493e-05
0.000957665
0.00310514
0.00537233
0.00767267
0.0099402
0.012123
0.0141816
0.0160875
0.0178211
0.0193702
0.0207282
0.021893
0.0228654
0.0236486
0.024247
0.0246654
0.0249092
0.024983
0.0248912
0.0246378
0.0242258
0.0236579
0.0229364
0.0220631
0.02104
0.0198693
0.0185533
0.0170955
0.0154998
0.0137715
0.0119174
0.00994537
0.00786533
0.00568875
0.003429
0.00110126
-0.00127743
-0.00368828
-0.00611087
-0.00852326
-0.0109022
-0.0132236
-0.0154623
-0.0175931
-0.0195906
-0.0214299
-0.0230869
-0.024539
-0.0257652
-0.026747
-0.0274686
-0.0279173
-0.0280844
-0.0279649
-0.0275584
-0.0268692
-0.0259063
-0.0246838
-0.0232211
-0.0215424
-0.0196772
-0.01766
-0.0155301
-0.0133316
-0.0111131
-0.00892789
-0.00683344
-0.00489174
-0.00316908
-0.0017359
-0.000666591
-4.29557e-05
0.00123471
0.00388696
0.0066138
0.00933193
0.0119779
0.0145021
0.0168667
0.0190448
0.0210182
0.0227759
0.0243125
0.0256269
0.0267211
0.027599
0.0282658
0.0287273
0.0289892
0.0290569
0.0289352
0.0286284
0.02814
0.0274729
0.0266295
0.0256121
0.0244229
0.0230643
0.0215393
0.0198515
0.0180059
0.0160083
0.0138665
0.0115896
0.00918876
0.00667715
0.00406987
0.00138414
-0.00136074
-0.00414351
-0.00694101
-0.00972839
-0.0124793
-0.0151663
-0.017761
-0.0202344
-0.0225576
-0.0247022
-0.0266404
-0.028346
-0.0297949
-0.0309654
-0.0318389
-0.0324004
-0.0326391
-0.0325488
-0.0321282
-0.0313813
-0.0303178
-0.0289532
-0.0273086
-0.0254113
-0.0232941
-0.0209956
-0.0185601
-0.0160367
-0.01348
-0.0109492
-0.00850786
-0.00622417
-0.00417026
-0.00242197
-0.00105832
-0.000164697
0.00154067
0.00474735
0.0079757
0.0111463
0.0141991
0.0170872
0.0197756
0.0222396
0.0244631
0.026437
0.0281575
0.0296249
0.0308426
0.0318157
0.0325505
0.0330534
0.0333311
0.0333896
0.0332342
0.0328696
0.0322995
0.0315273
0.0305556
0.0293869
0.0280236
0.0264685
0.024725
0.0227972
0.0206905
0.0184118
0.0159695
0.0133741
0.0106379
0.00777567
0.00480425
0.00174289
-0.0013869
-0.00456135
-0.00775459
-0.0109388
-0.0140845
-0.0171609
-0.0201359
-0.022977
-0.0256514
-0.0281269
-0.0303718
-0.0323563
-0.0340524
-0.0354351
-0.0364827
-0.0371773
-0.037506
-0.0374605
-0.0370387
-0.036244
-0.0350864
-0.0335824
-0.0317551
-0.0296342
-0.0272562
-0.0246638
-0.0219059
-0.0190375
-0.0161186
-0.0132148
-0.0103962
-0.00773699
-0.0053156
-0.00321347
-0.00151459
-0.000308312
0.00187444
0.00568347
0.0094539
0.0131107
0.0165979
0.0198722
0.0229019
0.0256654
0.0281493
0.0303467
0.0322562
0.03388
0.035223
0.0362919
0.037094
0.0376371
0.0379285
0.0379751
0.0377826
0.0373563
0.0367002
0.0358179
0.0347124
0.0333863
0.0318422
0.0300834
0.0281134
0.0259368
0.0235597
0.0209896
0.0182358
0.0153097
0.0122251
0.00899813
0.0056473
0.00219383
-0.00133857
-0.00492368
-0.00853293
-0.0121356
-0.0156989
-0.0191885
-0.0225689
-0.0258036
-0.028856
-0.0316895
-0.0342686
-0.0365592
-0.0385295
-0.0401504
-0.0413968
-0.0422476
-0.0426871
-0.042705
-0.0422974
-0.041467
-0.0402236
-0.0385847
-0.0365748
-0.0342264
-0.0315792
-0.0286801
-0.0255829
-0.0223481
-0.0190419
-0.0157362
-0.0125078
-0.00943755
-0.00661031
-0.00411363
-0.00203688
-0.000474066
0.00223489
0.00669233
0.011044
0.0152198
0.0191682
0.0228503
0.0262386
0.0293149
0.0320692
0.0344976
0.0366012
0.0383847
0.0398548
0.0410201
0.0418894
0.0424716
0.042775
0.0428074
0.0425751
0.0420839
0.0413382
0.0403419
0.0390981
0.0376097
0.0358796
0.0339111
0.0317082
0.0292758
0.0266205
0.0237503
0.0206755
0.0174085
0.013964
0.0103595
0.00661538
0.00275455
-0.00119713
-0.00521107
-0.00925604
-0.0132983
-0.017302
-0.0212292
-0.0250407
-0.028696
-0.0321543
-0.0353748
-0.0383174
-0.0409437
-0.0432174
-0.0451052
-0.0465779
-0.0476109
-0.048185
-0.0482874
-0.0479121
-0.0470605
-0.045742
-0.0439744
-0.0417838
-0.0392048
-0.0362805
-0.0330619
-0.0296079
-0.0259845
-0.0222644
-0.0185262
-0.0148535
-0.0113344
-0.00806073
-0.00512656
-0.00262735
-0.000662496
0.00262087
0.00777084
0.0127412
0.0174675
0.0219031
0.0260142
0.0297777
0.0331799
0.0362145
0.0388812
0.0411841
0.0431306
0.04473
0.0459926
0.046929
0.0475497
0.047864
0.0478805
0.0476064
0.0470479
0.04621
0.0450966
0.0437113
0.0420571
0.0401369
0.0379544
0.0355137
0.03282
0.0298804
0.0267034
0.0232998
0.019683
0.0158687
0.0118758
0.00772582
0.00344367
-0.000942875
-0.00540293
-0.00990267
-0.0144055
-0.0188723
-0.0232616
-0.0275305
-0.0316343
-0.0355278
-0.0391657
-0.0425032
-0.045497
-0.048106
-0.0502923
-0.0520219
-0.053266
-0.0540017
-0.0542129
-0.0538908
-0.0530353
-0.0516548
-0.0497669
-0.0473989
-0.0445876
-0.0413789
-0.0378283
-0.0339995
-0.0299645
-0.0258025
-0.0215992
-0.0174457
-0.0134377
-0.00967448
-0.00625746
-0.00328886
-0.000874433
0.00303117
0.00891573
0.0145408
0.0198475
0.0247953
0.0293556
0.0335107
0.0372514
0.0405761
0.0434883
0.0459958
0.048109
0.0498398
0.0512009
0.052205
0.0528638
0.0531883
0.0531879
0.0528708
0.0522436
0.0513117
0.0500795
0.0485506
0.0467282
0.0446155
0.0422161
0.0395343
0.0365757
0.0333473
0.0298583
0.02612
0.0221464
0.0179542
0.0135633
0.00899666
0.0042806
-0.000555177
-0.00547762
-0.0104504
-0.0154342
-0.0203867
-0.0252629
-0.0300159
-0.0345969
-0.0389563
-0.0430437
-0.0468095
-0.050205
-0.0531838
-0.0557029
-0.057723
-0.0592106
-0.0601383
-0.0604858
-0.0602414
-0.0594023
-0.0579755
-0.0559781
-0.0534381
-0.050394
-0.0468948
-0.0429998
-0.038778
-0.0343075
-0.0296743
-0.0249717
-0.0202986
-0.0157591
-0.0114607
-0.00751267
-0.00402509
-0.00111102
0.00346453
0.0101236
0.0164373
0.0223533
0.027837
0.032866
0.0374282
0.0415199
0.0451442
0.0483091
0.0510264
0.05331
0.0551747
0.0566359
0.0577084
0.0584058
0.0587404
0.0587229
0.0583622
0.0576656
0.0566392
0.0552874
0.0536142
0.0516228
0.0493164
0.0466988
0.0437743
0.0405486
0.0370289
0.0332247
0.0291476
0.024812
0.0202356
0.015439
0.0104463
0.00528526
-1.27398e-05
-0.00541269
-0.010876
-0.0163604
-0.0218207
-0.0272085
-0.0324728
-0.0375606
-0.0424174
-0.046988
-0.0512173
-0.0550509
-0.0584369
-0.0613261
-0.0636738
-0.0654407
-0.0665941
-0.0671093
-0.0669704
-0.0661714
-0.0647173
-0.0626241
-0.0599198
-0.0566443
-0.0528494
-0.0485984
-0.0439654
-0.0390349
-0.0339
-0.0286619
-0.0234284
-0.0183122
-0.0134298
-0.00889979
-0.00484057
-0.00137374
0.00391962
0.0113907
0.0184252
0.0249776
0.0310199
0.0365361
0.0415204
0.0459749
0.0499081
0.0533329
0.0562653
0.0587231
0.0607245
0.0622877
0.0634299
0.0641667
0.064512
0.0644777
0.0640738
0.0633083
0.0621876
0.0607167
0.0588995
0.0567396
0.05424
0.0514045
0.0482374
0.0447443
0.0409325
0.0368116
0.0323934
0.0276927
0.0227276
0.0175194
0.0120932
0.0064778
0.000706109
-0.0051851
-0.011155
-0.0171591
-0.0231488
-0.0290724
-0.0348752
-0.0404997
-0.0458866
-0.0509754
-0.0557051
-0.0600157
-0.0638487
-0.0671485
-0.069864
-0.0719496
-0.0733665
-0.0740845
-0.0740829
-0.0733518
-0.0718928
-0.0697206
-0.0668624
-0.0633592
-0.0592652
-0.0546474
-0.0495854
-0.0441697
-0.0385014
-0.0326902
-0.0268529
-0.0211121
-0.0155943
-0.0104277
-0.00574066
-0.00166438
0.00439503
0.0127133
0.0204988
0.027713
0.034335
0.040356
0.0457766
0.0506054
0.0548564
0.058548
0.0617009
0.0643369
0.066478
0.0681454
0.069359
0.0701365
0.0704937
0.0704438
0.0699979
0.0691647
0.0679511
0.0663626
0.0644033
0.0620766
0.0593857
0.0563341
0.0529261
0.0491671
0.0450643
0.0406272
0.0358676
0.0308006
0.0254443
0.0198207
0.0139554
0.00787816
0.00162308
-0.00477151
-0.0112629
-0.0178041
-0.0243439
-0.0308273
-0.0371955
-0.0433868
-0.049337
-0.0549799
-0.0602488
-0.0650771
-0.0693994
-0.0731533
-0.0762803
-0.0787277
-0.08045
-0.0814103
-0.081582
-0.0809504
-0.0795133
-0.0772824
-0.0742842
-0.0705597
-0.0661651
-0.0611713
-0.0556627
-0.0497368
-0.0435026
-0.0370787
-0.0305922
-0.0241761
-0.0179678
-0.0121066
-0.00673164
-0.00198509
0.00488925
0.0140873
0.0226516
0.0305513
0.037773
0.0443152
0.0501856
0.0553994
0.059977
0.0639422
0.0673208
0.0701391
0.0724231
0.0741973
0.0754844
0.0763046
0.0766754
0.0766117
0.0761256
0.0752268
0.0739229
0.0722194
0.0701208
0.0676305
0.0647515
0.0614873
0.0578417
0.05382
0.0494291
0.0446783
0.0395791
0.0341466
0.0283989
0.0223581
0.0160502
0.0095057
0.00275953
-0.00414869
-0.0111746
-0.0182691
-0.0253784
-0.0324443
-0.0394043
-0.0461924
-0.0527391
-0.058973
-0.0648209
-0.0702094
-0.0750658
-0.07932
-0.0829056
-0.0857619
-0.0878354
-0.0890818
-0.0894677
-0.088972
-0.0875877
-0.0853231
-0.0822023
-0.0782662
-0.0735724
-0.0681949
-0.0622235
-0.0557624
-0.048929
-0.0418517
-0.0346682
-0.0275231
-0.0205658
-0.013948
-0.00782068
-0.00233835
0.00540072
0.0155085
0.0248772
0.0334842
0.0413239
0.0484026
0.0547354
0.0603445
0.0652568
0.0695022
0.0731117
0.0761165
0.0785468
0.0804306
0.0817936
0.0826587
0.0830454
0.0829703
0.0824468
0.0814854
0.0800943
0.0782796
0.0760458
0.0733962
0.0703339
0.0668619
0.0629837
0.0587043
0.0540302
0.04897
0.0435351
0.03774
0.0316027
0.0251452
0.0183936
0.0113787
0.00413603
-0.00329389
-0.0108653
-0.0185274
-0.0262239
-0.0338937
-0.0414708
-0.0488847
-0.0560613
-0.0629232
-0.0693907
-0.0753833
-0.0808206
-0.0856241
-0.0897186
-0.0930346
-0.0955096
-0.0970906
-0.0977362
-0.0974179
-0.0961227
-0.0938539
-0.0906326
-0.0864985
-0.0815099
-0.0757438
-0.0692948
-0.0622741
-0.0548079
-0.0470349
-0.0391045
-0.0311739
-0.0234056
-0.0159647
-0.00901584
-0.00272698
0.00592776
0.0169721
0.0271686
0.0365028
0.0449774
0.0526065
0.0594133
0.0654273
0.0706821
0.0752139
0.0790595
0.0822549
0.0848349
0.0868312
0.088273
0.0891857
0.0895911
0.0895076
0.0889499
0.0879296
0.0864555
0.0845341
0.0821701
0.0793669
0.0761272
0.0724537
0.0683496
0.0638192
0.0588683
0.0535051
0.0477403
0.0415878
0.0350652
0.0281939
0.0209999
0.013514
0.00577184
-0.00218534
-0.0103109
-0.0185523
-0.0268516
-0.0351448
-0.0433626
-0.0514305
-0.0592693
-0.0667959
-0.0739241
-0.0805658
-0.0866323
-0.0920363
-0.0966932
-0.100523
-0.103454
-0.105423
-0.10638
-0.106286
-0.105121
-0.102883
-0.0995887
-0.0952748
-0.0899998
-0.0838431
-0.0769038
-0.0693004
-0.0611678
-0.052656
-0.0439268
-0.035151
-0.0265058
-0.018171
-0.0103261
-0.00315416
0.0064686
0.0184736
0.0295186
0.0395978
0.0487223
0.0569148
0.0642062
0.0706338
0.0762384
0.0810625
0.085149
0.0885391
0.0912722
0.0933843
0.0949078
0.095871
0.0962982
0.0962097
0.0956216
0.0945466
0.0929944
0.0909718
0.0884837
0.0855335
0.0821236
0.0782563
0.0739342
0.069161
0.0639418
0.0582839
0.0521971
0.0456947
0.0387932
0.0315136
0.0238811
0.0159262
0.00768442
-0.000802781
-0.00948814
-0.0183182
-0.0272331
-0.0361668
-0.0450468
-0.0537948
-0.0623268
-0.070554
-0.0783835
-0.0857196
-0.0924649
-0.0985226
-0.103798
-0.1082
-0.111646
-0.114062
-0.115385
-0.115568
-0.114582
-0.112416
-0.109081
-0.104611
-0.0990628
-0.0925173
-0.0850781
-0.0768702
-0.0680384
-0.0587439
-0.0491621
-0.0394788
-0.0298868
-0.0205824
-0.0117613
-0.0036234
0.00702139
0.020008
0.0319196
0.0427595
0.0525474
0.0613145
0.0691002
0.0759494
0.0819103
0.0870323
0.0913642
0.094953
0.0978426
0.100074
0.101682
0.102699
0.103151
0.103061
0.102447
0.101322
0.0996971
0.0975794
0.0949741
0.0918843
0.0883125
0.0842602
0.0797296
0.0747234
0.0692459
0.0633034
0.0569047
0.0500619
0.0427905
0.0351105
0.0270462
0.0186273
0.00988884
0.000871996
-0.00837577
-0.0178003
-0.0273407
-0.0369289
-0.0464897
-0.0559415
-0.0651956
-0.0741576
-0.0827282
-0.0908036
-0.0982778
-0.105044
-0.110996
-0.116031
-0.120055
-0.12298
-0.124732
-0.125252
-0.124498
-0.122452
-0.119116
-0.11452
-0.108717
-0.10179
-0.0938443
-0.085013
-0.07545
-0.0653288
-0.0548391
-0.0441829
-0.0335703
-0.0232155
-0.0133322
-0.00413855
0.00758422
0.02157
0.0343638
0.0459778
0.0564407
0.0657925
0.0740808
0.0813588
0.087682
0.0931068
0.0976883
0.101479
0.104529
0.106881
0.108577
0.109651
0.110132
0.110045
0.109409
0.108239
0.106547
0.104341
0.101626
0.0984053
0.0946806
0.0904532
0.0857246
0.0804966
0.0747725
0.0685573
0.0618587
0.0546873
0.0470575
0.0389876
0.0305011
0.0216262
0.0123972
0.0028545
-0.00695468
-0.0169761
-0.027148
-0.0374011
-0.0476581
-0.0578339
-0.0678361
-0.0775649
-0.0869143
-0.095773
-0.104026
-0.111555
-0.118243
-0.123976
-0.128644
-0.132147
-0.134395
-0.135317
-0.134857
-0.132986
-0.129697
-0.12501
-0.118978
-0.111681
-0.103228
-0.0937575
-0.0834333
-0.0724417
-0.0609877
-0.0492906
-0.0375797
-0.0260884
-0.0150504
-0.00470381
0.00815507
0.0231544
0.036843
0.0492423
0.0603901
0.070335
0.0791333
0.0868461
0.0935368
0.0992688
0.104104
0.1081
0.111312
0.113789
0.115576
0.116709
0.117222
0.117141
0.116488
0.115279
0.113527
0.111239
0.108422
0.105079
0.101211
0.0968199
0.0919049
0.0864675
0.0805098
0.0740355
0.0670508
0.0595648
0.0515902
0.0431439
0.0342475
0.0249279
0.015218
0.00515696
-0.00520874
-0.0158253
-0.0266307
-0.0375549
-0.048519
-0.0594354
-0.0702079
-0.0807319
-0.0908953
-0.100579
-0.109659
-0.118006
-0.125492
-0.131988
-0.137371
-0.141523
-0.144341
-0.145736
-0.145639
-0.144006
-0.140817
-0.136087
-0.129858
-0.12221
-0.113253
-0.103132
-0.0920189
-0.0801141
-0.0676386
-0.0548305
-0.0419393
-0.0292202
-0.0169283
-0.00532373
0.00873192
0.0247557
0.039349
0.0525426
0.0643831
0.074928
0.0842422
0.092395
0.0994575
0.1055
0.110592
0.114796
0.118173
0.120778
0.122657
0.123853
0.124401
0.124331
0.123665
0.122422
0.120614
0.118253
0.115342
0.111886
0.107886
0.103341
0.0982523
0.092619
0.086442
0.0797237
0.0724685
0.0646839
0.0563807
0.0475739
0.0382831
0.0285333
0.0183556
0.00778765
-0.00312548
-0.0143309
-0.0257672
-0.0373639
-0.0490414
-0.0607099
-0.0722705
-0.0836141
-0.0946229
-0.10517
-0.115123
-0.124343
-0.132687
-0.140013
-0.146182
-0.151061
-0.154527
-0.156474
-0.156816
-0.155491
-0.152468
-0.147746
-0.141362
-0.13339
-0.12394
-0.113162
-0.101236
-0.0883776
-0.0748234
-0.060832
-0.0466751
-0.0326313
-0.0189793
-0.00600318
0.00931269
0.0263683
0.0418734
0.0558678
0.068407
0.0795573
0.089392
0.0979888
0.105426
0.111783
0.117133
0.121547
0.125092
0.127825
0.129799
0.13106
0.131646
0.131589
0.130915
0.129642
0.127787
0.125358
0.122362
0.118802
0.11468
0.109995
0.104745
0.0989302
0.0925493
0.0856033
0.0780949
0.0700296
0.0614161
0.0522672
0.0426004
0.0324382
0.0218097
0.0107504
-0.000696656
-0.01248
-0.0245393
-0.0368047
-0.0491962
-0.0616231
-0.073984
-0.0861663
-0.098047
-0.109493
-0.120362
-0.130505
-0.139767
-0.147991
-0.15502
-0.160704
-0.164901
-0.167485
-0.16835
-0.167414
-0.164629
-0.159979
-0.153491
-0.14523
-0.135306
-0.123871
-0.111115
-0.0972634
-0.0825738
-0.0673253
-0.0518137
-0.0363429
-0.0212175
-0.00674739
0.00989528
0.0279868
0.0444078
0.0592072
0.0724491
0.0842084
0.094567
0.103611
0.111426
0.118097
0.123708
0.128334
0.132046
0.134909
0.13698
0.138308
0.138934
0.138893
0.138214
0.136917
0.135018
0.132529
0.129455
0.125802
0.121568
0.116754
0.111357
0.105376
0.0988074
0.0916513
0.0839083
0.0755819
0.0666786
0.0572086
0.0471869
0.0366336
0.0255748
0.0140437
0.00208103
-0.0102641
-0.0229332
-0.0358576
-0.0489579
-0.062143
-0.0753101
-0.0883439
-0.101117
-0.113491
-0.125314
-0.136428
-0.146665
-0.155852
-0.163817
-0.170388
-0.175404
-0.178716
-0.180194
-0.179736
-0.177272
-0.172769
-0.166238
-0.157735
-0.147364
-0.13528
-0.121679
-0.106802
-0.0909215
-0.0743413
-0.0573828
-0.0403774
-0.0236577
-0.00756192
0.0104776
0.0296056
0.0469439
0.06255
0.0764966
0.088867
0.0997512
0.109243
0.117437
0.124425
0.130296
0.135134
0.139014
0.142008
0.144175
0.14557
0.146238
0.146216
0.145534
0.144216
0.14228
0.139736
0.136593
0.132855
0.128521
0.12359
0.11806
0.111927
0.105188
0.09784
0.0898823
0.081316
0.0721451
0.0623773
0.0520246
0.0411044
0.0296399
0.0176609
0.0052054
-0.00768031
-0.0209402
-0.0345076
-0.0483047
-0.0622409
-0.0762131
-0.0901044
-0.103784
-0.117108
-0.129918
-0.142045
-0.15331
-0.163524
-0.172498
-0.18004
-0.185965
-0.1901
-0.19229
-0.192408
-0.190359
-0.186087
-0.179586
-0.170898
-0.160121
-0.147404
-0.132954
-0.11702
-0.0998974
-0.081911
-0.0634105
-0.0447577
-0.0263155
-0.00845265
0.0110577
0.0312194
0.0494735
0.0658859
0.0805373
0.0935189
0.104929
0.114869
0.123441
0.130745
0.136877
0.141925
0.145973
0.149096
0.15136
0.152822
0.153531
0.153529
0.152847
0.151512
0.149541
0.146949
0.143744
0.139928
0.135504
0.130469
0.124819
0.11855
0.111658
0.104137
0.0959857
0.0872018
0.0777873
0.067747
0.05709
0.0458303
0.0339878
0.021589
0.0086683
-0.00473132
-0.018557
-0.0327451
-0.04722
-0.0618929
-0.0766613
-0.0914077
-0.105999
-0.120288
-0.13411
-0.147286
-0.159626
-0.170928
-0.180982
-0.189577
-0.196503
-0.201562
-0.204569
-0.205369
-0.203838
-0.199896
-0.193511
-0.184708
-0.173574
-0.160255
-0.144958
-0.127946
-0.109531
-0.0900648
-0.0699256
-0.0495076
-0.029207
-0.00942579
0.0116336
0.032823
0.0519888
0.0692048
0.0845589
0.0981504
0.110085
0.120472
0.129421
0.137039
0.143429
0.148686
0.1529
0.15615
0.158508
0.160035
0.160786
0.160803
0.160122
0.158771
0.15677
0.154134
0.150872
0.146988
0.142483
0.137354
0.131598
0.125209
0.11818
0.110507
0.102183
0.0932046
0.0835719
0.0732863
0.0623537
0.0507847
0.0385955
0.0258089
0.0124552
-0.00142639
-0.015787
-0.0305667
-0.0456931
-0.0610803
-0.0766274
-0.0922179
-0.107718
-0.122977
-0.137827
-0.15208
-0.165536
-0.177979
-0.189181
-0.19891
-0.20693
-0.213014
-0.21695
-0.218546
-0.217648
-0.214144
-0.207975
-0.199143
-0.187716
-0.173834
-0.157705
-0.1396
-0.119851
-0.0988328
-0.0769567
-0.0546514
-0.0323492
-0.0104878
0.0122035
0.0344116
0.0544826
0.0724971
0.0885502
0.102748
0.115205
0.126036
0.135359
0.143288
0.149932
0.155394
0.159769
0.163143
0.165592
0.167182
0.167971
0.168006
0.167325
0.165959
0.16393
0.161253
0.15794
0.153994
0.149417
0.144206
0.138356
0.131862
0.124715
0.116907
0.108432
0.0992848
0.0894603
0.0789581
0.0677807
0.0559351
0.0434337
0.030295
0.0165451
0.00221853
-0.0126403
-0.0279758
-0.04372
-0.0597907
-0.0760904
-0.0925044
-0.1089
-0.125125
-0.141008
-0.156357
-0.170961
-0.184591
-0.197002
-0.20794
-0.217146
-0.224361
-0.229338
-0.231853
-0.231713
-0.228769
-0.222929
-0.214166
-0.202528
-0.188139
-0.171204
-0.152003
-0.130882
-0.108244
-0.0845322
-0.0602136
-0.0357593
-0.0116456
0.0127657
0.0359809
0.0569481
0.0757541
0.0925004
0.1073
0.120273
0.131544
0.141236
0.149471
0.156364
0.162026
0.166557
0.170049
0.172584
0.174233
0.175057
0.175106
0.174424
0.173041
0.170984
0.168269
0.164908
0.160906
0.156265
0.150981
0.145051
0.138465
0.131216
0.123294
0.114691
0.105398
0.0954094
0.0847205
0.0733308
0.0612436
0.048467
0.0350154
0.02091
0.0061805
-0.00913398
-0.0249831
-0.0413039
-0.0580193
-0.075036
-0.092243
-0.10951
-0.126686
-0.143598
-0.160049
-0.175822
-0.190674
-0.204348
-0.216567
-0.227045
-0.235493
-0.24163
-0.245191
-0.245942
-0.243692
-0.23831
-0.229733
-0.217979
-0.203155
-0.185456
-0.165165
-0.142645
-0.118324
-0.0926799
-0.066219
-0.0394549
-0.0129062
0.0133187
0.0375269
0.0593793
0.078968
0.0964001
0.111795
0.125279
0.136983
0.147037
0.155571
0.162706
0.16856
0.17324
0.176843
0.179457
0.181157
0.18201
0.18207
0.181381
0.179981
0.177894
0.175142
0.171735
0.167682
0.162983
0.157635
0.151634
0.144971
0.137637
0.12962
0.12091
0.111497
0.101372
0.0905269
0.0789587
0.0666666
0.0536545
0.0399321
0.0255157
0.0104296
-0.00529274
-0.0216069
-0.038456
-0.0557689
-0.0734579
-0.0914174
-0.109521
-0.127621
-0.145544
-0.163092
-0.180041
-0.196142
-0.211121
-0.224682
-0.236513
-0.246296
-0.25371
-0.258449
-0.260232
-0.258823
-0.254041
-0.245782
-0.234028
-0.218858
-0.200453
-0.179095
-0.155159
-0.129098
-0.101426
-0.072692
-0.0434542
-0.0142769
0.0138614
0.0390466
0.0617715
0.0821325
0.100241
0.116222
0.130209
0.142337
0.152745
0.161569
0.168938
0.174975
0.179793
0.183498
0.186182
0.187925
0.188798
0.188861
0.188161
0.186738
0.18462
0.181828
0.178377
0.174275
0.169523
0.16412
0.158058
0.151331
0.143927
0.135833
0.127039
0.11753
0.107296
0.0963266
0.0846146
0.0721557
0.0589495
0.045001
0.0303213
0.014929
-0.00114852
-0.0178734
-0.0351956
-0.0530509
-0.0713587
-0.0900198
-0.108914
-0.127898
-0.146801
-0.165426
-0.183548
-0.200908
-0.217222
-0.232175
-0.245434
-0.256645
-0.265451
-0.271502
-0.274465
-0.274052
-0.270028
-0.262238
-0.250617
-0.235211
-0.216177
-0.193791
-0.168436
-0.140588
-0.110797
-0.0796568
-0.0477753
-0.0157654
0.0143929
0.0405377
0.0641211
0.0852424
0.104017
0.120575
0.135053
0.147596
0.158347
0.167449
0.175039
0.181247
0.186193
0.189987
0.192729
0.194504
0.195388
0.195445
0.194726
0.193273
0.191118
0.188285
0.184789
0.18064
0.175839
0.170385
0.164273
0.157493
0.150033
0.141881
0.133022
0.123442
0.113127
0.102065
0.0902448
0.0776581
0.0643008
0.0501729
0.0352802
0.0196355
0.00325964
-0.0138165
-0.0315504
-0.0498857
-0.0687499
-0.0880518
-0.107679
-0.127494
-0.147334
-0.167003
-0.186276
-0.204892
-0.222555
-0.238939
-0.253685
-0.26641
-0.276719
-0.284214
-0.28851
-0.289258
-0.286163
-0.279008
-0.267675
-0.252164
-0.2326
-0.209244
-0.182481
-0.152809
-0.120814
-0.0871365
-0.0524362
-0.0173792
0.0149127
0.0419989
0.0664258
0.0882946
0.107723
0.124845
0.139804
0.152748
0.163829
0.173196
0.180993
0.187356
0.192415
0.196284
0.199069
0.200863
0.201746
0.201785
0.201037
0.199546
0.197348
0.194469
0.190925
0.186727
0.18188
0.176381
0.170225
0.163402
0.155901
0.147707
0.138804
0.129177
0.118809
0.107686
0.0957924
0.0831177
0.069653
0.0553938
0.0403405
0.0244998
0.00788598
-0.00947754
-0.0275562
-0.0463024
-0.0656527
-0.0855253
-0.105817
-0.1264
-0.147117
-0.167782
-0.188169
-0.208019
-0.227032
-0.244866
-0.261145
-0.275458
-0.287372
-0.29644
-0.302221
-0.304302
-0.302319
-0.295985
-0.285115
-0.269652
-0.24968
-0.225433
-0.197294
-0.165776
-0.131499
-0.0951536
-0.0574551
-0.0191264
0.0154208
0.04343
0.0686855
0.091288
0.111358
0.129031
0.144456
0.157787
0.169181
0.178796
0.186781
0.193283
0.198436
0.202362
0.205174
0.20697
0.207836
0.207844
0.207054
0.205515
0.203265
0.200333
0.196737
0.19249
0.187596
0.182055
0.175862
0.169006
0.161476
0.153255
0.144328
0.134677
0.124283
0.113129
0.101198
0.088475
0.0749473
0.0606058
0.0454456
0.0294674
0.0126787
-0.00490471
-0.0232567
-0.0423389
-0.0620978
-0.0824622
-0.10334
-0.124614
-0.146137
-0.167732
-0.189181
-0.210227
-0.230567
-0.249855
-0.267696
-0.283656
-0.297264
-0.308026
-0.315444
-0.319034
-0.318355
-0.313041
-0.302831
-0.287594
-0.267361
-0.242328
-0.212864
-0.179493
-0.142868
-0.103729
-0.0628497
-0.021015
0.0159177
0.0448325
0.0709017
0.0942243
0.114921
0.133131
0.149005
0.162705
0.174394
0.184236
0.19239
0.199008
0.204233
0.208196
0.211015
0.212794
0.213624
0.213584
0.212737
0.211137
0.208825
0.205831
0.202177
0.197877
0.192937
0.187356
0.18113
0.174249
0.166701
0.158469
0.149536
0.139883
0.129489
0.118335
0.106401
0.0936692
0.0801227
0.0657481
0.0505354
0.0344794
0.0175807
-0.000152463
-0.0187027
-0.0380412
-0.0581253
-0.0788952
-0.100271
-0.122148
-0.144393
-0.166838
-0.189278
-0.211461
-0.23309
-0.253813
-0.273225
-0.290871
-0.306247
-0.318814
-0.328012
-0.333286
-0.334112
-0.330034
-0.320699
-0.305893
-0.285572
-0.259884
-0.229172
-0.193961
-0.154935
-0.112881
-0.0686371
-0.0230531
0.0164045
0.0462095
0.0730787
0.0971079
0.118417
0.137146
0.153452
0.167499
0.179461
0.189506
0.197804
0.204514
0.209786
0.213761
0.216562
0.218301
0.219075
0.218968
0.218047
0.216371
0.213983
0.210918
0.207198
0.20284
0.19785
0.19223
0.185975
0.179077
0.171521
0.163291
0.15437
0.144736
0.134367
0.123243
0.11134
0.0986378
0.0851163
0.0707577
0.055547
0.0394733
0.0225306
0.00471944
-0.0139514
-0.0334631
-0.053784
-0.0748667
-0.0966444
-0.119027
-0.141895
-0.165097
-0.18844
-0.211684
-0.23454
-0.256657
-0.277627
-0.296977
-0.314175
-0.32864
-0.339753
-0.346883
-0.349419
-0.346803
-0.338578
-0.32443
-0.304225
-0.278044
-0.246187
-0.209174
-0.167708
-0.122627
-0.0748339
-0.0252488
0.0168831
0.0475657
0.0752236
0.0999466
0.121853
0.141084
0.157799
0.172171
0.184378
0.194599
0.203011
0.209783
0.215073
0.21903
0.221786
0.223459
0.224153
0.223956
0.222943
0.221173
0.218695
0.215545
0.211751
0.207328
0.202285
0.196626
0.190345
0.183434
0.17588
0.167665
0.158771
0.149176
0.138858
0.127791
0.115953
0.103318
0.0898648
0.0755704
0.0604157
0.0443842
0.0274635
0.00964695
-0.00906554
-0.0286649
-0.0491308
-0.0704286
-0.0925056
-0.115287
-0.138671
-0.162522
-0.186663
-0.210873
-0.234872
-0.25832
-0.280809
-0.301855
-0.320907
-0.337343
-0.350489
-0.359639
-0.364087
-0.363169
-0.356307
-0.34307
-0.323215
-0.296733
-0.263867
-0.225113
-0.18119
-0.132981
-0.0814559
-0.0276103
0.0173562
0.0489087
0.0773467
0.102752
0.12524
0.144953
0.162055
0.176723
0.189145
0.199509
0.208001
0.214799
0.220074
0.22398
0.226659
0.228237
0.228823
0.228511
0.227382
0.225499
0.222914
0.219667
0.215786
0.211291
0.206192
0.200491
0.194186
0.187267
0.179723
0.171535
0.162685
0.153148
0.142902
0.131921
0.120179
0.107649
0.0943051
0.080122
0.0650761
0.0491457
0.0323126
0.0145628
-0.00411195
-0.0237124
-0.0442293
-0.0656411
-0.0879097
-0.110977
-0.134758
-0.159138
-0.18396
-0.20902
-0.234059
-0.25875
-0.282691
-0.3054
-0.326308
-0.344763
-0.360041
-0.37136
-0.37792
-0.378937
-0.373707
-0.361657
-0.342416
-0.315861
-0.282155
-0.241754
-0.195379
-0.143954
-0.0885179
-0.0301458
0.0178276
0.0502482
0.0794623
0.105542
0.128597
0.14877
0.166231
0.181164
0.193764
0.204232
0.212764
0.21955
0.224768
0.228586
0.231152
0.2326
0.233047
0.232593
0.231323
0.229305
0.226595
0.223235
0.219257
0.214681
0.209518
0.203774
0.197446
0.190524
0.182997
0.174848
0.166055
0.156595
0.146444
0.135575
0.123959
0.111569
0.0983749
0.0843488
0.0694629
0.0536912
0.0370097
0.0193977
0.000839302
-0.0186757
-0.039149
-0.0605718
-0.0829209
-0.106155
-0.130208
-0.154987
-0.180356
-0.206136
-0.23209
-0.257911
-0.283213
-0.30752
-0.330257
-0.350751
-0.368231
-0.38185
-0.390707
-0.3939
-0.390578
-0.380015
-0.361682
-0.335319
-0.300981
-0.259061
-0.210265
-0.155554
-0.0960337
-0.0328635
0.0183024
0.0515976
0.0815894
0.108336
0.131943
0.152555
0.170343
0.185503
0.198241
0.208767
0.217293
0.224019
0.229137
0.232821
0.235233
0.236514
0.236788
0.236161
0.234722
0.232546
0.229691
0.226203
0.222114
0.217447
0.212216
0.206426
0.200074
0.193154
0.185651
0.17755
0.168828
0.159463
0.149428
0.138696
0.127236
0.115019
0.102014
0.0881882
0.0735118
0.0579541
0.0414862
0.0240814
0.0057163
-0.0136279
-0.0339636
-0.0552941
-0.0776109
-0.10089
-0.125085
-0.150123
-0.175896
-0.20225
-0.228974
-0.255789
-0.282331
-0.30814
-0.332647
-0.355165
-0.374889
-0.39091
-0.402235
-0.407836
-0.406707
-0.397947
-0.380848
-0.354979
-0.320258
-0.276984
-0.225833
-0.167786
-0.104016
-0.0357717
0.0187869
0.0529738
0.083752
0.111164
0.135309
0.156333
0.174413
0.189757
0.202583
0.213116
0.221581
0.228194
0.233158
0.236661
0.238873
0.239944
0.240006
0.239172
0.237537
0.235177
0.232156
0.228521
0.224308
0.219541
0.214235
0.208395
0.202021
0.195105
0.187634
0.17959
0.170954
0.1617
0.151801
0.14123
0.129954
0.117943
0.105163
0.0915798
0.07716
0.0618694
0.0456747
0.0285437
0.0104464
-0.00864411
-0.0287498
-0.0498857
-0.0720575
-0.0952573
-0.119459
-0.144613
-0.170637
-0.197404
-0.224738
-0.252388
-0.280023
-0.307208
-0.333389
-0.357879
-0.379852
-0.398346
-0.412284
-0.42051
-0.421859
-0.415236
-0.399726
-0.374693
-0.339881
-0.295464
-0.242058
-0.18065
-0.112476
-0.0388786
0.0192894
0.0543983
0.0859809
0.114061
0.13873
0.160137
0.178469
0.193945
0.206802
0.217281
0.225623
0.232061
0.236812
0.240077
0.242037
0.242852
0.242661
0.241584
0.239719
0.237149
0.23394
0.230141
0.22579
0.220913
0.215526
0.209634
0.203238
0.19633
0.188897
0.180922
0.172383
0.163256
0.153514
0.143126
0.132061
0.120286
0.107766
0.0944654
0.0803469
0.0653739
0.0495091
0.0327155
0.0149573
-0.00379949
-0.0235857
-0.0444273
-0.0663429
-0.0893407
-0.113414
-0.138536
-0.164649
-0.191661
-0.219427
-0.247734
-0.276289
-0.30469
-0.332413
-0.358783
-0.382969
-0.40397
-0.420632
-0.431683
-0.435787
-0.431644
-0.418103
-0.394289
-0.359727
-0.314426
-0.258906
-0.194142
-0.121425
-0.0421929
0.0198204
0.055898
0.088314
0.117069
0.14225
0.164007
0.182542
0.198092
0.210911
0.221264
0.229411
0.235603
0.240074
0.243039
0.24469
0.245197
0.244708
0.243348
0.241222
0.238414
0.234993
0.231013
0.226511
0.221514
0.21604
0.210094
0.203676
0.19678
0.189392
0.181496
0.173068
0.164084
0.154517
0.144335
0.133507
0.121998
0.109771
0.0967896
0.0830147
0.0684068
0.0529254
0.0365295
0.0191782
0.000831338
-0.0185497
-0.0390004
-0.0605517
-0.0832263
-0.107036
-0.131976
-0.158016
-0.185094
-0.213103
-0.241871
-0.271148
-0.300577
-0.329672
-0.35779
-0.384106
-0.407602
-0.427063
-0.441105
-0.448228
-0.446912
-0.435745
-0.413572
-0.379652
-0.333779
-0.276336
-0.208256
-0.130872
-0.0457236
0.0203929
0.0575066
0.0907984
0.120243
0.145921
0.167991
0.186673
0.202224
0.214927
0.22507
0.232938
0.238803
0.242917
0.245511
0.24679
0.246934
0.246099
0.244415
0.241992
0.238918
0.235264
0.231084
0.226418
0.221294
0.215727
0.209726
0.203289
0.19641
0.189075
0.181267
0.172963
0.164139
0.154765
0.144812
0.134244
0.123028
0.111126
0.0984998
0.0851084
0.0709103
0.0558626
0.039921
0.0230405
0.00517565
-0.0137187
-0.0336865
-0.0547692
-0.0770031
-0.100417
-0.125026
-0.150827
-0.17779
-0.205843
-0.234862
-0.264642
-0.294881
-0.325144
-0.354832
-0.38315
-0.409079
-0.431364
-0.448526
-0.458908
-0.460762
-0.45239
-0.43232
-0.399489
-0.353416
-0.294296
-0.22298
-0.140828
-0.0494805
0.0210232
0.0592656
0.0934918
0.123646
0.149806
0.172144
0.190903
0.206372
0.218864
0.228699
0.236191
0.241635
0.245307
0.247452
0.248291
0.248012
0.246779
0.244729
0.241974
0.238605
0.234696
0.2303
0.225459
0.220199
0.214537
0.208481
0.202028
0.195172
0.187899
0.180191
0.172026
0.163376
0.154215
0.14451
0.134228
0.123332
0.111785
0.0995465
0.086576
0.0728298
0.0582629
0.0428286
0.0264787
0.00916364
-0.00916724
-0.0285649
-0.0490797
-0.0707598
-0.0936486
-0.117781
-0.143179
-0.169842
-0.197737
-0.226783
-0.256832
-0.287638
-0.318829
-0.349868
-0.380006
-0.408251
-0.433331
-0.453696
-0.467541
-0.472894
-0.467753
-0.450283
-0.419044
-0.373211
-0.312722
-0.238299
-0.151304
-0.0534745
0.0217318
0.0612267
0.0964646
0.127357
0.153981
0.176531
0.195284
0.210567
0.222735
0.232148
0.239151
0.24407
0.247203
0.248814
0.249137
0.248371
0.246687
0.244227
0.241105
0.237415
0.233229
0.228603
0.223577
0.218177
0.212419
0.20631
0.199847
0.193022
0.185821
0.178225
0.170212
0.161755
0.152825
0.143389
0.133415
0.122865
0.111701
0.0998835
0.0873692
0.0741142
0.0600722
0.0451949
0.0294315
0.0127294
-0.00496606
-0.0237115
-0.0435647
-0.0645835
-0.0868244
-0.11034
-0.135173
-0.161352
-0.188882
-0.217728
-0.247794
-0.278902
-0.310752
-0.34288
-0.374608
-0.404992
-0.432776
-0.456365
-0.473833
-0.48299
-0.481518
-0.467181
-0.438097
-0.393016
-0.331539
-0.254194
-0.162309
-0.0577186
0.0225444
0.0634537
0.0998025
0.131467
0.158531
0.181223
0.199865
0.214838
0.22655
0.235404
0.241789
0.246064
0.248551
0.249535
0.249262
0.247943
0.245753
0.242839
0.239316
0.235279
0.230799
0.225932
0.220714
0.215172
0.209319
0.203162
0.196696
0.189912
0.182795
0.175326
0.167481
0.159234
0.150554
0.14141
0.131767
0.121588
0.110835
0.0994679
0.0874433
0.0747167
0.061241
0.0469669
0.0318422
0.0158122
-0.00118081
-0.0191974
-0.0383009
-0.0585571
-0.0800331
-0.102796
-0.126908
-0.152425
-0.179385
-0.207796
-0.237622
-0.26875
-0.30096
-0.333876
-0.36691
-0.399195
-0.429523
-0.456291
-0.477483
-0.490712
-0.493339
-0.482696
-0.456392
-0.412657
-0.350659
-0.270645
-0.173861
-0.0622283
0.0234936
0.0660257
0.10361
0.136085
0.163556
0.186298
0.204699
0.219211
0.230304
0.238443
0.244063
0.247559
0.249282
0.249537
0.248585
0.246644
0.243894
0.240484
0.236529
0.232123
0.227335
0.222217
0.216806
0.211123
0.205182
0.198984
0.192526
0.185797
0.178779
0.171453
0.163794
0.155775
0.147366
0.138534
0.129245
0.119463
0.109148
0.0982611
0.0867583
0.0745952
0.0617249
0.0480974
0.0336601
0.0183572
0.00212922
-0.0150869
-0.0333586
-0.0527572
-0.0733582
-0.0952401
-0.118483
-0.143163
-0.169351
-0.197097
-0.226418
-0.257271
-0.28952
-0.32289
-0.356898
-0.390783
-0.423421
-0.453243
-0.478187
-0.495701
-0.502838
-0.496471
-0.473631
-0.43193
-0.369975
-0.287627
-0.185978
-0.0670232
0.0246203
0.0690408
0.108013
0.141341
0.169166
0.191837
0.209833
0.223697
0.233982
0.241221
0.245905
0.248473
0.249304
0.248724
0.247006
0.244375
0.241013
0.237068
0.232655
0.227863
0.222758
0.217387
0.211785
0.205969
0.199948
0.193724
0.187289
0.180629
0.173728
0.166564
0.159111
0.151341
0.143225
0.134729
0.125819
0.116458
0.106608
0.0962294
0.0852794
0.0737138
0.0614857
0.0485459
0.0348418
0.0203173
0.00491274
-0.0114365
-0.0287998
-0.0472525
-0.0668756
-0.0877565
-0.109988
-0.133667
-0.158888
-0.185742
-0.214294
-0.24457
-0.276522
-0.309979
-0.344583
-0.379704
-0.414339
-0.447003
-0.47564
-0.497582
-0.509601
-0.5081
-0.489472
-0.450591
-0.389361
-0.305111
-0.198688
-0.0721291
0.0259771
0.0726215
0.113164
0.147383
0.175482
0.197922
0.215304
0.228289
0.237536
0.243662
0.24722
0.248695
0.248498
0.246973
0.244402
0.241016
0.236995
0.232483
0.227592
0.222404
0.21698
0.211362
0.205578
0.199642
0.193559
0.187326
0.180933
0.174365
0.167603
0.160622
0.153398
0.145901
0.138101
0.129965
0.121458
0.112545
0.103188
0.0933461
0.0829794
0.0720439
0.0604938
0.0482807
0.0353529
0.0216552
0.00712833
-0.00829212
-0.0246763
-0.042101
-0.0606509
-0.0804191
-0.101508
-0.124028
-0.148099
-0.17384
-0.201365
-0.230762
-0.262069
-0.295225
-0.330008
-0.36594
-0.402179
-0.437375
-0.469542
-0.495963
-0.513175
-0.517123
-0.503508
-0.468348
-0.408663
-0.323069
-0.212028
-0.07758
0.0276316
0.0769208
0.119248
0.15438
0.182632
0.204623
0.221122
0.232948
0.240885
0.24565
0.24787
0.248075
0.246707
0.244127
0.240622
0.236421
0.231703
0.226603
0.221224
0.215641
0.209907
0.204055
0.198108
0.192073
0.185951
0.179735
0.173411
0.166961
0.160363
0.153593
0.146625
0.139427
0.13197
0.12422
0.116144
0.107706
0.0988685
0.0895936
0.0798406
0.0695676
0.05873
0.047281
0.0351705
0.0223451
0.00874673
-0.00568752
-0.0210269
-0.0373483
-0.0547372
-0.0732899
-0.0931144
-0.114332
-0.137078
-0.161499
-0.187747
-0.215969
-0.246281
-0.278733
-0.313243
-0.349507
-0.386875
-0.424188
-0.459604
-0.490435
-0.513064
-0.523013
-0.51526
-0.484842
-0.42769
-0.341465
-0.226052
-0.0834224
0.0296716
0.0821309
0.126485
0.162523
0.19074
0.211985
0.227259
0.237578
0.243884
0.24701
0.247658
0.246408
0.243728
0.239989
0.235478
0.230419
0.224979
0.219283
0.213422
0.207459
0.201435
0.195377
0.189296
0.183195
0.177067
0.170901
0.164678
0.158379
0.151979
0.145452
0.13877
0.131902
0.124817
0.117484
0.109867
0.101933
0.0936456
0.084967
0.0758587
0.0662802
0.056189
0.0455403
0.0342864
0.022376
0.00975363
-0.00364126
-0.0178758
-0.0330248
-0.049173
-0.0664167
-0.0848666
-0.10465
-0.125912
-0.14882
-0.173557
-0.200317
-0.22929
-0.260628
-0.29439
-0.330459
-0.368404
-0.407311
-0.445557
-0.480588
-0.508733
-0.525169
-0.524152
-0.499626
-0.446194
-0.360251
-0.240835
-0.0897213
0.0322134
0.0884945
0.135136
0.172015
0.19991
0.220008
0.233617
0.242007
0.24631
0.247485
0.246315
0.243425
0.239301
0.234314
0.228746
0.222804
0.21664
0.210362
0.204044
0.197734
0.19146
0.185237
0.179067
0.172943
0.166854
0.160781
0.154703
0.148595
0.142432
0.136186
0.129826
0.123323
0.116646
0.109761
0.102636
0.0952374
0.0875304
0.0794792
0.0710469
0.0621951
0.0528837
0.0430704
0.0327103
0.0217552
0.0101529
-0.00215388
-0.0152288
-0.0291436
-0.0439796
-0.0598312
-0.076808
-0.0950387
-0.114675
-0.135895
-0.158904
-0.183935
-0.211238
-0.241057
-0.273587
-0.308896
-0.346796
-0.386659
-0.427167
-0.466012
-0.499605
-0.5229
-0.529487
-0.51213
-0.463844
-0.379364
-0.256479
-0.0965681
0.0354133
0.0963202
0.145507
0.183056
0.2102
0.228603
0.239991
0.245947
0.247822
0.246712
0.243478
0.238776
0.233098
0.226805
0.220158
0.213342
0.206482
0.199665
0.192941
0.186341
0.179878
0.173551
0.167353
0.161267
0.155273
0.149349
0.143468
0.137603
0.131724
0.125803
0.119809
0.113711
0.107479
0.101079
0.0944809
0.0876516
0.080558
0.0731665
0.0654422
0.0573493
0.0488503
0.0399061
0.030475
0.0205125
0.00997031
-0.00120471
-0.0130717
-0.0256977
-0.0391596
-0.0535471
-0.068966
-0.0855427
-0.103429
-0.122808
-0.143897
-0.166957
-0.192281
-0.220193
-0.251006
-0.284968
-0.32214
-0.362217
-0.404257
-0.446322
-0.485074
-0.515425
-0.53042
-0.521617
-0.480186
-0.398697
-0.273123
-0.104095
0.0394868
0.106002
0.157945
0.195818
0.221566
0.23754
0.246008
0.248937
0.24792
0.244189
0.238664
0.232015
0.224719
0.21711
0.209412
0.201774
0.19429
0.187013
0.17997
0.173169
0.166603
0.160258
0.154112
0.148141
0.142316
0.13661
0.13099
0.125427
0.119889
0.114345
0.108765
0.103118
0.0973728
0.0914986
0.0854647
0.0792405
0.0727947
0.0660958
0.0591115
0.0518089
0.0441537
0.0361101
0.0276402
0.0187037
0.00925677
-0.000748829
-0.011367
-0.0226589
-0.0346953
-0.0475597
-0.0613513
-0.0761906
-0.0922244
-0.109634
-0.12864
-0.149516
-0.172587
-0.198231
-0.226862
-0.258886
-0.294606
-0.334057
-0.376732
-0.421188
-0.464528
-0.501864
-0.525919
-0.527121
-0.494565
-0.418063
-0.290949
-0.112499
0.0447401
0.118042
0.172817
0.210378
0.233786
0.246356
0.251052
0.250287
0.245902
0.239243
0.231258
0.222598
0.213697
0.204833
0.196181
0.187837
0.179854
0.172248
0.165014
0.158135
0.151585
0.145332
0.139344
0.133584
0.128018
0.122612
0.117329
0.112138
0.107005
0.101898
0.0967865
0.0916398
0.086428
0.0811217
0.0756919
0.0701096
0.0643461
0.0583724
0.0521591
0.0456764
0.0388935
0.0317784
0.0242975
0.0164149
0.00809179
-0.000714659
-0.0100523
-0.0199758
-0.0305486
-0.0418461
-0.0539591
-0.0669987
-0.0811026
-0.0964434
-0.113238
-0.131757
-0.15234
-0.175399
-0.201418
-0.230932
-0.26446
-0.302369
-0.344624
-0.390379
-0.437388
-0.481262
-0.514744
-0.527363
-0.506026
-0.43712
-0.310181
-0.122076
0.0516247
0.133081
0.190463
0.22661
0.246315
0.25422
0.254148
0.248991
0.240811
0.23101
0.220511
0.209896
0.199515
0.189566
0.180148
0.171297
0.16301
0.155263
0.148015
0.141224
0.134842
0.128822
0.123118
0.117686
0.112484
0.107472
0.102613
0.0978721
0.0932146
0.0886087
0.0840237
0.0794303
0.0748
0.0701051
0.0653188
0.0604145
0.0553661
0.0501477
0.044733
0.0390958
0.033209
0.0270447
0.0205738
0.0137651
0.00658513
-0.00100298
-0.00904064
-0.0175753
-0.0266622
-0.0363677
-0.046772
-0.0579746
-0.0701003
-0.0833077
-0.0977993
-0.113836
-0.131749
-0.151962
-0.174997
-0.201475
-0.232087
-0.267497
-0.308139
-0.353837
-0.403182
-0.452634
-0.495432
-0.520659
-0.513149
-0.455222
-0.331062
-0.133288
0.0608345
0.151912
0.211063
0.243965
0.258058
0.259746
0.253832
0.243655
0.231403
0.218438
0.205567
0.193236
0.181667
0.170943
0.16107
0.152007
0.143693
0.136058
0.129027
0.122531
0.116503
0.110881
0.105609
0.100636
0.0959152
0.0914032
0.087061
0.0828525
0.0787441
0.0747046
0.0707045
0.0667162
0.0627133
0.0586707
0.0545639
0.0503695
0.0460643
0.0416256
0.0370309
0.0322575
0.0272825
0.0220822
0.0166321
0.0109061
0.00487618
-0.00148842
-0.00822235
-0.0153654
-0.0229642
-0.031075
-0.0397663
-0.0491241
-0.0592572
-0.0703056
-0.082451
-0.0959313
-0.111058
-0.128237
-0.147993
-0.170987
-0.198018
-0.229981
-0.267728
-0.311765
-0.361661
-0.415071
-0.466329
-0.50482
-0.513811
-0.471166
-0.353765
-0.146867
0.0734744
0.175433
0.234342
0.261088
0.267027
0.260742
0.24801
0.232448
0.21618
0.200361
0.185564
0.17202
0.15977
0.148756
0.138874
0.130003
0.122022
0.114815
0.108278
0.102319
0.0968562
0.0918167
0.0871377
0.0827635
0.0786451
0.0747389
0.0710057
0.0674105
0.0639213
0.060509
0.0571464
0.0538087
0.0504722
0.0471148
0.0437155
0.0402538
0.0367103
0.0330659
0.0293017
0.025399
0.021339
0.0171025
0.0126696
0.0080195
0.00312957
-0.00202487
-0.00747162
-0.0132427
-0.0193758
-0.0259167
-0.0329216
-0.0404615
-0.0486273
-0.057537
-0.067346
-0.0782605
-0.090556
-0.104601
-0.120886
-0.14006
-0.162956
-0.190603
-0.224167
-0.26476
-0.312971
-0.367935
-0.425737
-0.477113
-0.504892
-0.482725
-0.378127
-0.163952
0.0913196
0.204415
0.258947
0.275163
0.269863
0.253968
0.233914
0.213202
0.193558
0.17571
0.159854
0.145929
0.133758
0.123125
0.113817
0.105637
0.0984128
0.0919956
0.0862589
0.081096
0.0764167
0.0721447
0.0682152
0.0645728
0.0611696
0.0579644
0.0549207
0.0520065
0.0491932
0.0464551
0.0437687
0.0411127
0.0384671
0.0358134
0.0331343
0.0304131
0.0276342
0.0247823
0.0218425
0.0188
0.0156403
0.0123487
0.00890972
0.00530755
0.00152501
-0.00245667
-0.00665863
-0.0111053
-0.0158257
-0.0208549
-0.0262369
-0.032027
-0.0382972
-0.0451414
-0.052685
-0.0610963
-0.0706036
-0.0815187
-0.0942686
-0.109437
-0.127812
-0.15044
-0.178645
-0.213974
-0.25792
-0.311203
-0.372243
-0.434416
-0.482007
-0.485945
-0.403029
-0.186192
0.117233
0.23872
0.281154
0.280904
0.261343
0.23509
0.208351
0.183802
0.16232
0.14395
0.1284
0.115272
0.10417
0.0947386
0.0866772
0.0797374
0.073717
0.068452
0.0638096
0.0596819
0.0559811
0.0526348
0.0495831
0.0467762
0.044172
0.0417344
0.0394328
0.0372402
0.0351332
0.0330909
0.0310944
0.0291268
0.0271726
0.0252175
0.0232483
0.0212523
0.0192178
0.0171334
0.0149882
0.0127715
0.0104727
0.00808136
0.00558646
0.00297674
0.000240074
-0.00263676
-0.00566875
-0.00887322
-0.0122708
-0.0158869
-0.019753
-0.0239096
-0.0284094
-0.0333221
-0.0387411
-0.0447935
-0.0516538
-0.0595641
-0.0688633
-0.0800278
-0.0937287
-0.110906
-0.132851
-0.161278
-0.198276
-0.245961
-0.305348
-0.373707
-0.439409
-0.47416
-0.425182
-0.215877
0.15613
0.275087
0.291983
0.268805
0.233905
0.199026
0.168431
0.14302
0.122383
0.105741
0.0923078
0.0814027
0.0724765
0.0650993
0.0589391
0.0537404
0.0493069
0.0454864
0.0421607
0.0392366
0.0366406
0.0343134
0.0322073
0.030283
0.0285083
0.0268559
0.0253027
0.0238292
0.0224181
0.0210545
0.0197251
0.018418
0.0171223
0.0158282
0.0145268
0.0132094
0.0118683
0.0104959
0.00908503
0.00762873
0.00612019
0.00455261
0.00291907
0.00121239
-0.000575087
-0.00245172
-0.00442702
-0.00651203
-0.00871999
-0.0110672
-0.0135742
-0.0162676
-0.019182
-0.0223637
-0.0258752
-0.0298022
-0.0342637
-0.0394265
-0.0455282
-0.0529109
-0.0620715
-0.0737376
-0.0889765
-0.109341
-0.137031
-0.174952
-0.226329
-0.292941
-0.370146
-0.436582
-0.436772
-0.256244
0.213989
0.300598
0.272375
0.223956
0.178791
0.141948
0.113582
0.0922022
0.0761062
0.0638883
0.0544975
0.047174
0.0413738
0.036709
0.0329007
0.029747
0.0270998
0.0248491
0.0229121
0.0212257
0.0197408
0.0184193
0.0172306
0.0161503
0.0151584
0.0142382
0.0133761
0.0125602
0.0117805
0.0110283
0.0102958
0.00957624
0.00886352
0.00815206
0.00743681
0.00671309
0.00597653
0.00522306
0.00444878
0.00364997
0.00282299
0.00196425
0.00107012
0.000136818
-0.000839633
-0.00186365
-0.00294022
-0.0040752
-0.00527565
-0.00655037
-0.0079105
-0.00937054
-0.0109496
-0.0126733
-0.0145765
-0.0167072
-0.0191324
-0.0219472
-0.0252884
-0.0293563
-0.034449
-0.0410182
-0.049761
-0.0617699
-0.0787733
-0.103491
-0.140014
-0.193639
-0.268269
-0.357424
-0.419018
-0.305816
0.266009
0.275955
0.198596
0.138936
0.0984642
0.0710659
0.0526641
0.0402606
0.0317401
0.0257331
0.0213811
0.0181427
0.0156712
0.0137405
0.0122002
0.0109478
0.00991176
0.00904122
0.0082991
0.0076579
0.00709682
0.0065999
0.00615462
0.00575107
0.00538126
0.00503863
0.00471776
0.00441409
0.00412372
0.00384329
0.00356987
0.00330087
0.00303399
0.00276714
0.00249844
0.00222615
0.00194867
0.00166452
0.00137229
0.00107065
0.000758285
0.000433927
9.62832e-05
-0.0002559
-0.000624098
-0.00100989
-0.00141506
-0.00184173
-0.00229251
-0.00277066
-0.00328041
-0.00382726
-0.00441855
-0.00506416
-0.0057776
-0.00657756
-0.00749026
-0.00855305
-0.0098201
-0.0113716
-0.0133288
-0.0158808
-0.0193307
-0.0241841
-0.0313194
-0.0423283
-0.0601787
-0.0903349
-0.141897
-0.2255
-0.331008
-0.319485
0.142935
0.125432
0.0767435
0.0457846
0.0280218
0.0176529
0.0115781
0.00799232
0.00581832
0.00444648
0.00354129
0.00291666
0.00246709
0.00213109
0.00187168
0.00166575
0.00149838
0.00135951
0.00124219
0.00114145
0.00105363
0.000975999
0.000906451
0.000843342
0.00078536
0.00073144
0.000680706
0.000632424
0.000585972
0.000540812
0.00049648
0.000452564
0.000408701
0.000364563
0.000319855
0.000274311
0.000227682
0.000179744
0.000130284
7.9101e-05
2.60031e-05
-2.92048e-05
-8.67251e-05
-0.000146665
-0.000209316
-0.000274918
-0.000343745
-0.000416137
-0.000492528
-0.000573476
-0.000659713
-0.000752215
-0.000852294
-0.000961735
-0.00108299
-0.00121946
-0.00137595
-0.0015593
-0.00177949
-0.00205142
-0.00239793
-0.00285546
-0.00348469
-0.00439272
-0.00578223
-0.0080664
-0.0121427
-0.0200323
-0.0362275
-0.0695591
-0.12766
-0.152141
)
;

boundaryField
{
    movingWall
    {
        type            calculated;
        value           uniform 0;
    }
    fixedWalls
    {
        type            calculated;
        value           uniform 0;
    }
    frontAndBack
    {
        type            empty;
    }
}


// ************************************************************************* //
