/*--------------------------------*- C++ -*----------------------------------*\
  =========                 |
  \\      /  F ield         | OpenFOAM: The Open Source CFD Toolbox
   \\    /   O peration     | Website:  https://openfoam.org
    \\  /    A nd           | Version:  dev
     \\/     M anipulation  |
\*---------------------------------------------------------------------------*/
FoamFile
{
    format      ascii;
    class       volScalarField;
    location    "44.55";
    object      Ux;
}
// * * * * * * * * * * * * * * * * * * * * * * * * * * * * * * * * * * * * * //

dimensions      [0 1 -1 0 0 0 0];

internalField   nonuniform List<scalar> 
5184
(
1.24187e-05
4.53187e-05
8.04357e-05
9.60814e-05
8.22505e-05
3.65464e-05
-4.04868e-05
-0.00014683
-0.00027969
-0.00043601
-0.000612667
-0.000806628
-0.00101502
-0.00123519
-0.00146466
-0.00170119
-0.00194269
-0.00218725
-0.00243308
-0.00267851
-0.00292192
-0.00316176
-0.00339649
-0.00362459
-0.00384453
-0.00405477
-0.00425375
-0.00443991
-0.00461165
-0.00476741
-0.00490561
-0.00502474
-0.00512334
-0.00520002
-0.00525353
-0.00528274
-0.00528673
-0.00526475
-0.0052163
-0.00514117
-0.00503941
-0.00491139
-0.00475782
-0.00457977
-0.00437862
-0.00415614
-0.00391442
-0.0036559
-0.00338329
-0.00309961
-0.00280809
-0.00251217
-0.0022154
-0.00192146
-0.00163401
-0.00135669
-0.00109305
-0.000846458
-0.000620059
-0.000416706
-0.000238897
-8.8709e-05
3.22688e-05
0.000123022
0.000183219
0.000213365
0.000215049
0.000191324
0.00014722
9.08358e-05
3.66436e-05
6.23007e-06
2.09065e-05
6.57589e-05
9.48725e-05
7.29732e-05
-1.87801e-05
-0.000187205
-0.000432889
-0.000752614
-0.00114084
-0.00159077
-0.00209507
-0.00264629
-0.0032371
-0.00386053
-0.00450996
-0.00517919
-0.00586242
-0.0065542
-0.00724939
-0.00794311
-0.00863067
-0.00930749
-0.00996912
-0.0106111
-0.0112291
-0.0118186
-0.0123753
-0.0128947
-0.0133724
-0.0138041
-0.0141856
-0.0145127
-0.0147816
-0.0149886
-0.0151305
-0.0152044
-0.0152079
-0.0151393
-0.0149974
-0.0147819
-0.0144932
-0.0141324
-0.0137018
-0.0132043
-0.0126438
-0.0120254
-0.0113546
-0.0106382
-0.00988354
-0.00909869
-0.00829236
-0.00747376
-0.00665241
-0.00583805
-0.00504047
-0.00426935
-0.00353406
-0.00284353
-0.00220604
-0.00162908
-0.00111911
-0.000681439
-0.000319981
-3.70168e-05
0.000167089
0.000294259
0.000349247
0.00034033
0.000280006
0.00018614
8.64092e-05
1.96895e-05
1.76702e-05
4.14255e-05
1.97319e-05
-8.38675e-05
-0.000290159
-0.00060789
-0.00103832
-0.00157765
-0.00221869
-0.00295227
-0.0037681
-0.00465547
-0.00560365
-0.00660218
-0.00764099
-0.00871053
-0.0098017
-0.0109059
-0.0120149
-0.0131209
-0.0142163
-0.0152937
-0.0163459
-0.0173658
-0.0183461
-0.01928
-0.0201604
-0.0209803
-0.0217328
-0.0224112
-0.0230089
-0.0235196
-0.0239373
-0.0242567
-0.0244727
-0.0245812
-0.0245788
-0.024463
-0.0242322
-0.0238861
-0.0234257
-0.0228529
-0.0221713
-0.0213857
-0.0205024
-0.019529
-0.0184745
-0.017349
-0.016164
-0.0149318
-0.0136659
-0.0123802
-0.0110894
-0.00980813
-0.00855144
-0.00733398
-0.00617002
-0.00507309
-0.00405573
-0.00312923
-0.00230332
-0.00158589
-0.000982691
-0.000496938
-0.000128944
0.000124361
0.000270078
0.000320067
0.000291469
0.000207518
0.000102503
2.49888e-05
8.85979e-06
-6.95144e-06
-0.000107504
-0.000322311
-0.000669622
-0.00115784
-0.00178773
-0.0025545
-0.00344962
-0.00446205
-0.00557931
-0.00678819
-0.00807527
-0.0094273
-0.0108314
-0.012275
-0.0137464
-0.015234
-0.016727
-0.0182148
-0.0196871
-0.0211341
-0.0225459
-0.0239128
-0.0252254
-0.0264741
-0.0276497
-0.0287427
-0.0297442
-0.0306452
-0.0314372
-0.0321119
-0.0326618
-0.0330797
-0.0333595
-0.0334959
-0.0334847
-0.0333229
-0.0330087
-0.0325421
-0.0319242
-0.0311582
-0.0302488
-0.0292025
-0.0280276
-0.0267341
-0.0253336
-0.0238396
-0.0222669
-0.0206315
-0.0189507
-0.0172427
-0.0155262
-0.0138205
-0.0121446
-0.0105177
-0.00895796
-0.00748293
-0.00610871
-0.00484982
-0.00371874
-0.0027256
-0.00187771
-0.0011792
-0.000630549
-0.000228037
3.68116e-05
0.000177907
0.000214989
0.000174227
9.30849e-05
2.40397e-05
-2.11433e-06
-6.72669e-05
-0.0002641
-0.000609822
-0.00111694
-0.00179166
-0.002633
-0.00363458
-0.00478627
-0.00607535
-0.00748746
-0.00900735
-0.0106194
-0.0123081
-0.0140581
-0.0158546
-0.0176832
-0.0195301
-0.0213819
-0.0232256
-0.0250487
-0.0268388
-0.0285838
-0.0302718
-0.0318911
-0.0334299
-0.0348768
-0.0362204
-0.0374497
-0.0385539
-0.0395227
-0.0403463
-0.0410155
-0.041522
-0.0418586
-0.0420191
-0.0419986
-0.0417938
-0.0414028
-0.0408257
-0.0400644
-0.0391226
-0.0380063
-0.0367233
-0.0352838
-0.0336999
-0.0319856
-0.030157
-0.0282317
-0.0262291
-0.0241697
-0.0220753
-0.0199681
-0.0178711
-0.0158072
-0.0137989
-0.0118683
-0.010036
-0.00832142
-0.00674182
-0.00531217
-0.0040446
-0.00294797
-0.00202742
-0.00128391
-0.000713643
-0.000307636
-5.11054e-05
7.684e-05
0.000103716
6.75607e-05
1.96771e-05
-1.36919e-05
-0.000132842
-0.000435891
-0.00092482
-0.00160427
-0.0024768
-0.00353857
-0.00478088
-0.00619163
-0.0077563
-0.00945876
-0.0112819
-0.0132083
-0.0152204
-0.0173008
-0.0194328
-0.0215997
-0.0237857
-0.0259752
-0.0281532
-0.0303049
-0.0324159
-0.0344721
-0.0364594
-0.038364
-0.0401724
-0.0418712
-0.0434471
-0.0448874
-0.0461796
-0.0473119
-0.048273
-0.0490526
-0.0496413
-0.0500307
-0.0502141
-0.0501861
-0.049943
-0.0494829
-0.0488061
-0.0479148
-0.0468136
-0.0455093
-0.0440112
-0.0423308
-0.040482
-0.038481
-0.0363459
-0.0340971
-0.0317565
-0.0293476
-0.026895
-0.0244244
-0.0219617
-0.0195331
-0.0171644
-0.0148807
-0.0127057
-0.0106617
-0.00876847
-0.0070433
-0.0055003
-0.00414994
-0.00299858
-0.002048
-0.00129492
-0.000730547
-0.000340155
-0.00010277
9.25661e-06
3.25441e-05
1.36313e-05
-2.51887e-05
-0.000200051
-0.00061422
-0.00125322
-0.00211258
-0.00319016
-0.00447839
-0.00596554
-0.00763712
-0.00947656
-0.0114659
-0.0135862
-0.0158184
-0.0181432
-0.0205415
-0.0229946
-0.0254843
-0.0279926
-0.0305023
-0.0329965
-0.0354584
-0.0378718
-0.0402207
-0.0424893
-0.044662
-0.0467234
-0.0486584
-0.0504523
-0.0520907
-0.0535595
-0.0548458
-0.0559368
-0.0568213
-0.0574887
-0.0579301
-0.0581378
-0.0581061
-0.0578311
-0.0573107
-0.0565452
-0.0555375
-0.0542925
-0.052818
-0.0511241
-0.0492237
-0.0471321
-0.0448673
-0.0424494
-0.0399008
-0.0372457
-0.0345102
-0.0317215
-0.028908
-0.0260986
-0.0233222
-0.0206077
-0.017983
-0.0154746
-0.0131073
-0.0109035
-0.00888289
-0.00706146
-0.00545148
-0.0040608
-0.00289242
-0.00194403
-0.0012077
-0.00066947
-0.000309114
-9.97862e-05
-7.6783e-06
6.86907e-06
-3.63477e-05
-0.000267008
-0.000793962
-0.00158607
-0.00262919
-0.00391574
-0.00543376
-0.00716796
-0.009101
-0.011214
-0.013487
-0.0158995
-0.0184304
-0.021059
-0.0237647
-0.0265271
-0.0293264
-0.0321432
-0.0349585
-0.0377537
-0.0405105
-0.0432111
-0.0458377
-0.048373
-0.0507998
-0.0531012
-0.0552605
-0.0572615
-0.0590885
-0.0607262
-0.0621601
-0.0633768
-0.0643637
-0.0651095
-0.0656045
-0.0658404
-0.0658109
-0.0655118
-0.0649411
-0.064099
-0.0629884
-0.0616149
-0.0599868
-0.0581149
-0.0560132
-0.0536983
-0.0511894
-0.0485084
-0.0456793
-0.0427286
-0.0396844
-0.0365763
-0.0334352
-0.0302925
-0.0271799
-0.0241289
-0.0211701
-0.0183329
-0.0156445
-0.0131301
-0.0108113
-0.00870662
-0.0068302
-0.00519168
-0.00379567
-0.00264131
-0.00172201
-0.0010252
-0.000532046
-0.00021717
-5.04363e-05
-7.79971e-08
-4.7073e-05
-0.000332732
-0.000972119
-0.00191777
-0.00314567
-0.00464245
-0.0063913
-0.00837292
-0.0105668
-0.0129515
-0.0155049
-0.0182046
-0.0210281
-0.0239529
-0.026957
-0.0300186
-0.0331166
-0.0362301
-0.0393387
-0.0424225
-0.0454616
-0.0484369
-0.0513292
-0.0541196
-0.0567896
-0.0593209
-0.0616956
-0.0638962
-0.0659055
-0.0677073
-0.069286
-0.070627
-0.0717167
-0.0725432
-0.0730959
-0.073366
-0.0733466
-0.0730331
-0.0724232
-0.0715171
-0.0703178
-0.0688309
-0.0670651
-0.065032
-0.0627462
-0.0602252
-0.0574893
-0.0545618
-0.0514684
-0.0482371
-0.0448979
-0.0414828
-0.0380247
-0.0345576
-0.0311158
-0.0277332
-0.0244432
-0.0212779
-0.0182672
-0.0154387
-0.0128169
-0.0104224
-0.00827171
-0.00637657
-0.00474353
-0.00337364
-0.00226211
-0.00139822
-0.000764992
-0.000338989
-9.41702e-05
-6.9394e-06
-5.73524e-05
-0.000396738
-0.00114695
-0.00224478
-0.00365645
-0.00536265
-0.00734142
-0.00956919
-0.012022
-0.0146757
-0.0175058
-0.020488
-0.023598
-0.026812
-0.0301067
-0.0334588
-0.0368461
-0.0402464
-0.0436381
-0.047
-0.0503111
-0.053551
-0.0566992
-0.0597358
-0.0626408
-0.0653949
-0.0679789
-0.0703742
-0.0725625
-0.0745265
-0.0762496
-0.0777161
-0.0789119
-0.0798238
-0.0804407
-0.080753
-0.0807534
-0.0804366
-0.0798
-0.0788436
-0.07757
-0.0759851
-0.0740976
-0.0719193
-0.0694654
-0.066754
-0.0638064
-0.0606469
-0.0573023
-0.0538024
-0.0501789
-0.0464656
-0.0426977
-0.0389113
-0.0351433
-0.0314303
-0.0278084
-0.0243124
-0.0209751
-0.0178268
-0.0148947
-0.0122022
-0.00976823
-0.00760708
-0.00572764
-0.00413319
-0.00282115
-0.00178303
-0.00100408
-0.000463027
-0.000138063
-1.35992e-05
-6.72037e-05
-0.000458802
-0.00131746
-0.00256488
-0.00415782
-0.00607098
-0.00827718
-0.0107484
-0.0134571
-0.016376
-0.0194785
-0.0227381
-0.0261289
-0.0296256
-0.0332035
-0.0368384
-0.0405067
-0.0441852
-0.0478513
-0.0514827
-0.0550574
-0.0585537
-0.0619504
-0.0652263
-0.0683605
-0.0713325
-0.0741222
-0.0767097
-0.0790761
-0.0812029
-0.0830725
-0.0846685
-0.0859756
-0.08698
-0.0876697
-0.0880343
-0.0880659
-0.0877585
-0.087109
-0.0861168
-0.0847844
-0.0831172
-0.0811238
-0.0788162
-0.0762096
-0.0733227
-0.0701773
-0.0667984
-0.0632142
-0.0594554
-0.0555556
-0.0515502
-0.0474765
-0.043373
-0.039279
-0.0352338
-0.0312763
-0.0274441
-0.0237731
-0.0202968
-0.0170452
-0.0140447
-0.0113173
-0.00887998
-0.00674434
-0.00491628
-0.00339581
-0.00217697
-0.00124744
-0.000588271
-0.000181787
-2.00311e-05
-7.6651e-05
-0.000518817
-0.00148303
-0.00287663
-0.00464723
-0.00676364
-0.00919345
-0.0119041
-0.0148644
-0.0180441
-0.0214139
-0.0249454
-0.0286111
-0.032384
-0.0362384
-0.0401488
-0.0440907
-0.0480399
-0.0519728
-0.0558663
-0.0596976
-0.063444
-0.0670833
-0.0705936
-0.073953
-0.0771401
-0.0801338
-0.0829135
-0.0854592
-0.0877515
-0.089772
-0.0915033
-0.0929292
-0.0940352
-0.0948081
-0.095237
-0.0953128
-0.0950291
-0.0943818
-0.0933697
-0.0919946
-0.0902615
-0.0881786
-0.0857576
-0.0830137
-0.0799655
-0.0766354
-0.073049
-0.0692351
-0.0652258
-0.0610558
-0.0567625
-0.052385
-0.0479641
-0.0435417
-0.0391599
-0.0348605
-0.0306843
-0.0266705
-0.0228557
-0.0192734
-0.0159535
-0.0129209
-0.0101961
-0.00779371
-0.00572256
-0.00398555
-0.00257951
-0.00149471
-0.000714563
-0.000225343
-2.62614e-05
-8.57158e-05
-0.000576735
-0.0016433
-0.00317905
-0.00512284
-0.00743779
-0.0100863
-0.0130314
-0.0162381
-0.0196731
-0.0233045
-0.0271019
-0.0310361
-0.0350787
-0.0392028
-0.0433818
-0.0475903
-0.0518033
-0.0559965
-0.0601459
-0.0642279
-0.0682192
-0.0720969
-0.0758381
-0.0794203
-0.0828213
-0.0860192
-0.0889926
-0.0917207
-0.0941831
-0.0963606
-0.098235
-0.0997891
-0.101007
-0.101876
-0.102383
-0.102517
-0.102273
-0.101644
-0.100629
-0.0992288
-0.0974471
-0.0952916
-0.0927737
-0.089908
-0.0867131
-0.0832113
-0.0794285
-0.0753943
-0.0711417
-0.0667067
-0.0621281
-0.0574472
-0.052707
-0.047952
-0.0432272
-0.0385777
-0.0340475
-0.0296795
-0.0255139
-0.021588
-0.0179352
-0.0145845
-0.0115597
-0.00887882
-0.00655423
-0.00459191
-0.0029917
-0.00174661
-0.00084235
-0.000268951
-3.23487e-05
-9.44132e-05
-0.000632517
-0.00179798
-0.00347139
-0.00558326
-0.00809119
-0.0109526
-0.0141261
-0.017573
-0.0212569
-0.0251435
-0.0292002
-0.0333962
-0.0377018
-0.0420886
-0.0465295
-0.050998
-0.0554685
-0.0599158
-0.0643155
-0.0686433
-0.0728753
-0.0769879
-0.0809578
-0.0847617
-0.0883767
-0.0917804
-0.0949505
-0.0978654
-0.100504
-0.102846
-0.104873
-0.106566
-0.107909
-0.108887
-0.109487
-0.109697
-0.109509
-0.108917
-0.107917
-0.106509
-0.104697
-0.102487
-0.0998897
-0.0969184
-0.0935916
-0.0899313
-0.0859637
-0.0817185
-0.0772295
-0.0725339
-0.0676721
-0.0626872
-0.0576246
-0.0525314
-0.0474559
-0.0424463
-0.0375505
-0.0328152
-0.0282847
-0.0240004
-0.0199999
-0.0163163
-0.0129773
-0.0100051
-0.00741549
-0.00521806
-0.00341583
-0.00200465
-0.000972509
-0.000312984
-3.8371e-05
-0.000102751
-0.000686118
-0.00194682
-0.00375302
-0.00602728
-0.00872196
-0.0117897
-0.0151847
-0.0188647
-0.0227904
-0.0269249
-0.0312337
-0.0356843
-0.0402456
-0.0448882
-0.049584
-0.0543059
-0.0590275
-0.0637233
-0.0683681
-0.0729372
-0.0774064
-0.0817514
-0.0859484
-0.0899738
-0.0938041
-0.097416
-0.100787
-0.103894
-0.106717
-0.109233
-0.111422
-0.113267
-0.114748
-0.115851
-0.116559
-0.116862
-0.116749
-0.116212
-0.115247
-0.113853
-0.11203
-0.109785
-0.107125
-0.104066
-0.100623
-0.0968181
-0.0926775
-0.0882311
-0.083513
-0.0785614
-0.0734182
-0.0681283
-0.0627396
-0.057302
-0.0518668
-0.0464861
-0.0412117
-0.0360945
-0.0311834
-0.0265243
-0.0221594
-0.0181265
-0.0144577
-0.0111796
-0.00831205
-0.00586836
-0.00385507
-0.00227093
-0.00110622
-0.000357912
-4.44184e-05
-0.000110729
-0.000737478
-0.00208956
-0.00402333
-0.0064538
-0.00932834
-0.012595
-0.0162038
-0.0201091
-0.0242686
-0.0286431
-0.0331961
-0.0378933
-0.0427027
-0.0475936
-0.0525373
-0.0575058
-0.0624723
-0.0674107
-0.0722956
-0.0771019
-0.081805
-0.0863803
-0.0908035
-0.0950507
-0.0990979
-0.102921
-0.106498
-0.109804
-0.112818
-0.115518
-0.117882
-0.119891
-0.121525
-0.122768
-0.123604
-0.124018
-0.123999
-0.123539
-0.12263
-0.121269
-0.119456
-0.117196
-0.114495
-0.111365
-0.107823
-0.103889
-0.0995889
-0.0949518
-0.0900127
-0.0848104
-0.0793881
-0.0737926
-0.068074
-0.0622852
-0.0564811
-0.0507174
-0.0450505
-0.0395357
-0.0342268
-0.029175
-0.0244275
-0.0200271
-0.0160112
-0.0124109
-0.00925076
-0.00654811
-0.00431323
-0.00254797
-0.00124488
-0.000404278
-5.05885e-05
-0.000118341
-0.000786514
-0.00222591
-0.00428169
-0.00686172
-0.00990866
-0.0133661
-0.0171804
-0.0213023
-0.0256869
-0.0302927
-0.0350811
-0.0400166
-0.0450657
-0.050197
-0.0553808
-0.0605888
-0.0657936
-0.0709689
-0.0760888
-0.0811282
-0.0860619
-0.0908654
-0.095514
-0.0999835
-0.10425
-0.108288
-0.112075
-0.115588
-0.118802
-0.121695
-0.124246
-0.126433
-0.128236
-0.129637
-0.130618
-0.131163
-0.131259
-0.130896
-0.130065
-0.12876
-0.12698
-0.124727
-0.122005
-0.118826
-0.115203
-0.111157
-0.106712
-0.101896
-0.0967455
-0.0912989
-0.0856008
-0.0796997
-0.0736481
-0.0675019
-0.0613194
-0.0551606
-0.0490865
-0.0431574
-0.0374326
-0.0319687
-0.0268188
-0.0220312
-0.017649
-0.0137086
-0.0102393
-0.00726325
-0.00479461
-0.00283858
-0.00139004
-0.00045267
-5.69836e-05
-0.000125574
-0.000833121
-0.00235554
-0.00452742
-0.0072499
-0.0104612
-0.0141008
-0.0181114
-0.0224405
-0.0270407
-0.0318681
-0.0368826
-0.0420471
-0.0473269
-0.05269
-0.0581059
-0.0635457
-0.0689819
-0.0743877
-0.0797372
-0.085005
-0.090166
-0.0951954
-0.100069
-0.104761
-0.109248
-0.113505
-0.117508
-0.121233
-0.124656
-0.127754
-0.130504
-0.132883
-0.134871
-0.136446
-0.137591
-0.138288
-0.138521
-0.138278
-0.137548
-0.136323
-0.134599
-0.132376
-0.129657
-0.12645
-0.122768
-0.118628
-0.114054
-0.109074
-0.103723
-0.0980408
-0.0920719
-0.0858667
-0.07948
-0.0729708
-0.0664011
-0.0598353
-0.0533391
-0.0469786
-0.0408188
-0.0349224
-0.0293488
-0.0241527
-0.0193832
-0.0150827
-0.011286
-0.00802018
-0.00530386
-0.00314578
-0.00154334
-0.000503711
-6.37089e-05
-0.000132411
-0.000877173
-0.00247809
-0.0047598
-0.00761714
-0.0109842
-0.0147967
-0.0189936
-0.0235199
-0.0283252
-0.033364
-0.0385943
-0.0439777
-0.0494787
-0.0550641
-0.0607032
-0.0663666
-0.0720264
-0.0776559
-0.083229
-0.0887202
-0.0941045
-0.0993571
-0.104453
-0.109368
-0.114077
-0.118556
-0.12278
-0.126725
-0.130365
-0.133678
-0.136638
-0.139224
-0.141411
-0.14318
-0.144508
-0.145377
-0.145769
-0.145669
-0.145064
-0.143944
-0.142302
-0.140135
-0.137443
-0.134232
-0.130513
-0.126301
-0.121617
-0.11649
-0.110953
-0.105045
-0.0988124
-0.0923066
-0.0855847
-0.0787084
-0.0717437
-0.0647595
-0.0578269
-0.0510177
-0.0444032
-0.038053
-0.0320333
-0.0264058
-0.0212264
-0.0165439
-0.0123995
-0.00882564
-0.00584583
-0.00347273
-0.0017065
-0.000558041
-7.0871e-05
-0.00013883
-0.000918525
-0.00259315
-0.00497805
-0.00796219
-0.0114759
-0.0154511
-0.0198239
-0.0245363
-0.0295358
-0.0347748
-0.0402099
-0.0458014
-0.0515128
-0.0573105
-0.063163
-0.0690408
-0.0749159
-0.0807614
-0.0865512
-0.09226
-0.0978628
-0.103335
-0.108652
-0.113788
-0.118721
-0.123423
-0.127872
-0.132042
-0.135907
-0.139444
-0.142627
-0.145432
-0.147836
-0.149814
-0.151345
-0.152407
-0.15298
-0.153048
-0.152593
-0.151604
-0.15007
-0.147985
-0.145348
-0.142159
-0.138428
-0.134167
-0.129397
-0.124142
-0.118435
-0.112315
-0.105829
-0.0990283
-0.0919731
-0.0847278
-0.0773621
-0.0699495
-0.0625667
-0.0552918
-0.048203
-0.041377
-0.0348878
-0.0288047
-0.023191
-0.0181031
-0.0135887
-0.00968653
-0.00642552
-0.00382271
-0.0018813
-0.000616316
-7.85776e-05
-0.000144804
-0.000957019
-0.00270028
-0.00518133
-0.00828374
-0.0119343
-0.0160618
-0.0205992
-0.025486
-0.0306677
-0.0360949
-0.0417228
-0.0475106
-0.053421
-0.0594198
-0.0654752
-0.0715573
-0.0776382
-0.0836909
-0.0896896
-0.0956091
-0.101425
-0.107112
-0.112646
-0.118002
-0.123157
-0.128085
-0.132761
-0.13716
-0.141257
-0.145027
-0.148443
-0.15148
-0.154114
-0.156319
-0.158071
-0.159347
-0.160124
-0.160383
-0.160105
-0.159273
-0.157875
-0.155901
-0.153346
-0.150209
-0.146494
-0.142211
-0.137378
-0.132018
-0.126161
-0.119847
-0.11312
-0.106035
-0.0986516
-0.091038
-0.0832675
-0.0754185
-0.0675733
-0.0598166
-0.052234
-0.0449103
-0.0379274
-0.0313633
-0.0252898
-0.019771
-0.0148625
-0.0106099
-0.00704803
-0.00419901
-0.00206951
-0.000679199
-8.6937e-05
-0.000150305
-0.000992486
-0.00279903
-0.00536879
-0.00858044
-0.0123575
-0.016626
-0.021316
-0.0263648
-0.031716
-0.0373186
-0.0431265
-0.0490979
-0.0551949
-0.0613826
-0.0676291
-0.0739044
-0.0801805
-0.0864306
-0.0926291
-0.098751
-0.104772
-0.110668
-0.116414
-0.121987
-0.127362
-0.132515
-0.13742
-0.142052
-0.146385
-0.150394
-0.154053
-0.157334
-0.160211
-0.162658
-0.164649
-0.166159
-0.167162
-0.167636
-0.16756
-0.166913
-0.16568
-0.163847
-0.161404
-0.158349
-0.15468
-0.150406
-0.145539
-0.1401
-0.134118
-0.127629
-0.12068
-0.113323
-0.105621
-0.097643
-0.0894671
-0.0811761
-0.0728583
-0.0646053
-0.0565105
-0.0486672
-0.0411664
-0.0340953
-0.0275349
-0.0215585
-0.0162299
-0.0116026
-0.00771844
-0.00460497
-0.00227296
-0.000747359
-9.60581e-05
-0.000155305
-0.00102475
-0.00288892
-0.00553957
-0.00885093
-0.0127438
-0.0171412
-0.0219712
-0.0271688
-0.032676
-0.0384402
-0.0444143
-0.0505557
-0.0568257
-0.0631893
-0.069614
-0.07607
-0.0825294
-0.0889657
-0.0953534
-0.101668
-0.107886
-0.113983
-0.119935
-0.125719
-0.13131
-0.136685
-0.141818
-0.146684
-0.151257
-0.155511
-0.159418
-0.162952
-0.166085
-0.168788
-0.171034
-0.172796
-0.174047
-0.174759
-0.17491
-0.174476
-0.173437
-0.171776
-0.169479
-0.166538
-0.162949
-0.158715
-0.153846
-0.148359
-0.14228
-0.135643
-0.128493
-0.120882
-0.112874
-0.104541
-0.0959628
-0.0872278
-0.07843
-0.0696683
-0.0610443
-0.0526605
-0.0446176
-0.037013
-0.0299379
-0.0234756
-0.0176995
-0.0126717
-0.00844183
-0.00504391
-0.00249344
-0.000821467
-0.000106051
-0.000159773
-0.00105363
-0.0029695
-0.0056928
-0.00909389
-0.013091
-0.017605
-0.0225616
-0.0278941
-0.0335428
-0.0394541
-0.0455798
-0.0518764
-0.0583049
-0.0648298
-0.0714188
-0.0780418
-0.0846712
-0.0912808
-0.0978457
-0.104342
-0.110746
-0.117034
-0.123183
-0.129171
-0.134973
-0.140565
-0.145923
-0.151022
-0.155835
-0.160336
-0.164497
-0.16829
-0.171687
-0.174659
-0.177175
-0.179206
-0.180723
-0.181697
-0.1821
-0.181906
-0.181091
-0.179633
-0.177515
-0.174723
-0.17125
-0.167093
-0.162257
-0.156757
-0.150613
-0.143858
-0.136534
-0.128693
-0.120398
-0.111723
-0.102751
-0.0935736
-0.0842921
-0.0750123
-0.0658445
-0.0569007
-0.0482924
-0.0401279
-0.0325098
-0.0255324
-0.0192798
-0.0138239
-0.00922318
-0.00551912
-0.00273276
-0.000902196
-0.000117025
-0.00016368
-0.00107897
-0.0030403
-0.00582767
-0.00930805
-0.0133975
-0.018015
-0.0230841
-0.0285369
-0.0343121
-0.040355
-0.0466166
-0.0530528
-0.059624
-0.0662947
-0.0730324
-0.0798073
-0.0865919
-0.0933605
-0.100089
-0.106753
-0.11333
-0.119798
-0.126134
-0.132315
-0.138319
-0.144122
-0.149699
-0.155026
-0.160076
-0.164824
-0.169241
-0.173298
-0.176966
-0.180215
-0.183012
-0.185328
-0.18713
-0.188385
-0.189065
-0.189137
-0.188576
-0.187353
-0.185449
-0.182843
-0.179522
-0.175481
-0.170719
-0.165243
-0.159073
-0.152236
-0.144771
-0.136729
-0.128171
-0.119173
-0.10982
-0.100208
-0.0904433
-0.0806398
-0.0709165
-0.0613956
-0.0522
-0.0434499
-0.0352603
-0.0277379
-0.0209786
-0.0150656
-0.0100674
-0.00603387
-0.00299271
-0.000990218
-0.000129094
-0.000166998
-0.00110061
-0.00310094
-0.00594342
-0.00949224
-0.0136617
-0.0183689
-0.0235361
-0.0290937
-0.0349795
-0.0411377
-0.0475186
-0.0540776
-0.0607748
-0.0675745
-0.0744441
-0.0813542
-0.0882776
-0.095189
-0.102065
-0.108881
-0.115617
-0.122251
-0.12876
-0.135122
-0.141317
-0.147319
-0.153107
-0.158655
-0.163938
-0.168928
-0.173599
-0.177921
-0.181864
-0.185395
-0.188484
-0.191095
-0.193197
-0.194753
-0.19573
-0.196095
-0.195815
-0.194861
-0.193204
-0.190822
-0.187695
-0.183811
-0.179164
-0.173758
-0.167604
-0.160726
-0.153159
-0.14495
-0.136161
-0.126865
-0.117151
-0.107117
-0.0968763
-0.0865483
-0.0762617
-0.0661497
-0.056347
-0.0469868
-0.0381978
-0.0301003
-0.0228035
-0.016403
-0.0109791
-0.00659131
-0.00327506
-0.0010862
-0.00014237
-0.000169704
-0.00111841
-0.00315104
-0.00603939
-0.00964543
-0.013882
-0.0186649
-0.0239149
-0.0295614
-0.0355412
-0.0417976
-0.0482803
-0.0549444
-0.0617496
-0.06866
-0.0756434
-0.0826705
-0.0897145
-0.0967507
-0.103756
-0.110708
-0.117585
-0.124368
-0.131034
-0.137562
-0.143933
-0.150122
-0.156108
-0.161866
-0.167372
-0.172599
-0.177518
-0.182102
-0.186318
-0.190135
-0.193519
-0.196436
-0.198849
-0.200721
-0.202016
-0.202696
-0.202726
-0.20207
-0.200697
-0.198577
-0.195685
-0.192002
-0.187518
-0.182227
-0.176137
-0.169265
-0.161641
-0.153308
-0.144325
-0.134766
-0.124717
-0.114282
-0.103577
-0.0927294
-0.0818769
-0.0711637
-0.0607371
-0.0507446
-0.0413293
-0.0326267
-0.024761
-0.017842
-0.0119628
-0.00719453
-0.00358154
-0.00119082
-0.000156968
-0.000171777
-0.00113225
-0.00319031
-0.00611506
-0.00976681
-0.0140574
-0.0189013
-0.0242185
-0.0299374
-0.0359939
-0.0423307
-0.0488969
-0.0556472
-0.0625412
-0.0695431
-0.0766206
-0.0837449
-0.0908897
-0.0980307
-0.105146
-0.112213
-0.119213
-0.126124
-0.132928
-0.139605
-0.146133
-0.152493
-0.158661
-0.164615
-0.170331
-0.175782
-0.180941
-0.185779
-0.190264
-0.194365
-0.198047
-0.201273
-0.204005
-0.206206
-0.207835
-0.208851
-0.209216
-0.208889
-0.207833
-0.206013
-0.203398
-0.199964
-0.19569
-0.190566
-0.184592
-0.177779
-0.170149
-0.161742
-0.152612
-0.142829
-0.132481
-0.121673
-0.110523
-0.0991682
-0.0877532
-0.0764337
-0.0653706
-0.0547261
-0.0446595
-0.0353229
-0.026857
-0.0193876
-0.0130227
-0.00784649
-0.00391386
-0.00130474
-0.000173005
-0.000173203
-0.00114206
-0.00321856
-0.00617005
-0.0098558
-0.0141869
-0.019077
-0.0244454
-0.0302197
-0.036335
-0.0427336
-0.0493641
-0.0561809
-0.0631436
-0.0702163
-0.077367
-0.0845671
-0.0917909
-0.0990149
-0.106217
-0.113378
-0.120477
-0.127497
-0.134417
-0.14122
-0.147885
-0.154394
-0.160726
-0.166857
-0.172765
-0.178425
-0.18381
-0.18889
-0.193636
-0.198014
-0.201989
-0.205525
-0.208581
-0.211118
-0.213094
-0.214464
-0.215185
-0.215214
-0.214508
-0.213027
-0.210732
-0.207593
-0.203581
-0.198679
-0.192878
-0.186181
-0.178604
-0.170179
-0.160955
-0.150999
-0.140395
-0.12925
-0.117686
-0.105843
-0.0938755
-0.081951
-0.0702436
-0.0589315
-0.0481913
-0.0381932
-0.0290964
-0.0210446
-0.0141628
-0.00854999
-0.00427367
-0.0014286
-0.000190601
-0.000173972
-0.0011478
-0.00323569
-0.0062042
-0.00991212
-0.0142701
-0.0191915
-0.0245947
-0.0304069
-0.0365627
-0.043004
-0.0496789
-0.0565416
-0.0635517
-0.0706733
-0.0778747
-0.0851278
-0.0924073
-0.0996903
-0.106956
-0.114186
-0.12136
-0.128462
-0.135473
-0.142377
-0.149156
-0.155791
-0.162261
-0.168548
-0.174627
-0.180476
-0.186067
-0.191374
-0.196365
-0.201009
-0.20527
-0.20911
-0.212489
-0.215366
-0.217696
-0.219433
-0.22053
-0.22094
-0.220614
-0.219507
-0.217575
-0.214777
-0.211081
-0.206457
-0.20089
-0.194372
-0.186913
-0.178534
-0.169279
-0.159207
-0.148402
-0.136966
-0.125025
-0.112722
-0.100222
-0.0877008
-0.0753477
-0.0633572
-0.0519246
-0.0412399
-0.0314827
-0.0228168
-0.0153864
-0.00930765
-0.00466253
-0.00156307
-0.000209877
-0.000174085
-0.00114948
-0.00324173
-0.00621756
-0.00993585
-0.0143072
-0.0192445
-0.0246662
-0.0304987
-0.0366764
-0.0431406
-0.0498394
-0.0567267
-0.063762
-0.0709095
-0.0781379
-0.0854193
-0.0927293
-0.100046
-0.107349
-0.11462
-0.121842
-0.128998
-0.136073
-0.143051
-0.149914
-0.156646
-0.163229
-0.169644
-0.175868
-0.181881
-0.187656
-0.193167
-0.198385
-0.203278
-0.20781
-0.211945
-0.215641
-0.218856
-0.221543
-0.223656
-0.225143
-0.225953
-0.226035
-0.225336
-0.223806
-0.221398
-0.218069
-0.213783
-0.208513
-0.202243
-0.194971
-0.18671
-0.177493
-0.167375
-0.15643
-0.144761
-0.132491
-0.119768
-0.106763
-0.0936621
-0.0806691
-0.0679956
-0.0558564
-0.0444633
-0.0340181
-0.0247072
-0.0166965
-0.0101218
-0.00508197
-0.00170878
-0.000230958
-0.00017355
-0.00114716
-0.00323686
-0.00621048
-0.00992748
-0.0142987
-0.019237
-0.0246606
-0.0304957
-0.0366764
-0.0431436
-0.0498452
-0.0567349
-0.0637723
-0.0709217
-0.078152
-0.0854359
-0.0927495
-0.100072
-0.107383
-0.114667
-0.121907
-0.129088
-0.136195
-0.143215
-0.150131
-0.15693
-0.163593
-0.170105
-0.176444
-0.182591
-0.188522
-0.194211
-0.199631
-0.20475
-0.209535
-0.213948
-0.217948
-0.221493
-0.224536
-0.227027
-0.228913
-0.230139
-0.230651
-0.23039
-0.2293
-0.227326
-0.224418
-0.22053
-0.215623
-0.209672
-0.202662
-0.194596
-0.185497
-0.175408
-0.164399
-0.152564
-0.140025
-0.126932
-0.11346
-0.0998069
-0.0861886
-0.0728345
-0.0599804
-0.0478611
-0.0367031
-0.0267179
-0.0180956
-0.0109947
-0.00553337
-0.00186634
-0.000253969
-0.000172388
-0.00114097
-0.00322144
-0.0061836
-0.00988799
-0.0142459
-0.0191705
-0.0245797
-0.0303998
-0.0365644
-0.0430144
-0.0496974
-0.0565669
-0.0635825
-0.0707088
-0.0779148
-0.085174
-0.0924628
-0.099761
-0.10705
-0.114315
-0.121541
-0.128713
-0.135819
-0.142846
-0.149781
-0.156611
-0.16332
-0.169893
-0.176313
-0.18256
-0.188614
-0.19445
-0.200041
-0.205359
-0.210371
-0.21504
-0.219327
-0.223188
-0.226577
-0.229443
-0.231731
-0.233384
-0.234343
-0.234545
-0.233929
-0.232432
-0.229995
-0.226563
-0.222086
-0.216528
-0.20986
-0.202073
-0.193177
-0.183204
-0.172213
-0.160291
-0.147555
-0.134154
-0.120267
-0.106099
-0.0918801
-0.0778567
-0.0642862
-0.0514283
-0.0395364
-0.0288495
-0.0195853
-0.0119279
-0.00601801
-0.00203635
-0.000279039
-0.000170628
-0.00113111
-0.003196
-0.0061379
-0.00981886
-0.0141508
-0.0190473
-0.0244264
-0.030214
-0.0363438
-0.0427564
-0.049399
-0.0562253
-0.0631946
-0.0702719
-0.0774265
-0.0846323
-0.0918665
-0.0991096
-0.106345
-0.113557
-0.120733
-0.127861
-0.13493
-0.141927
-0.148843
-0.155665
-0.16238
-0.168977
-0.175438
-0.181747
-0.187885
-0.19383
-0.199559
-0.205042
-0.21025
-0.215147
-0.219696
-0.223854
-0.227574
-0.230804
-0.233491
-0.235574
-0.236991
-0.237677
-0.237563
-0.23658
-0.234662
-0.231743
-0.227764
-0.222672
-0.216429
-0.20901
-0.20041
-0.190647
-0.179768
-0.167849
-0.155
-0.141366
-0.127127
-0.112495
-0.097711
-0.0830392
-0.0687592
-0.0551568
-0.0425143
-0.0311014
-0.0211667
-0.012923
-0.00653702
-0.00221937
-0.000306298
-0.000168315
-0.00111785
-0.0031613
-0.00607477
-0.00972218
-0.0140163
-0.0188711
-0.0242047
-0.0299431
-0.0360196
-0.0423746
-0.0489551
-0.0557148
-0.062613
-0.0696147
-0.0766897
-0.0838124
-0.0909608
-0.0981162
-0.105263
-0.112387
-0.119478
-0.126523
-0.133514
-0.140442
-0.147297
-0.15407
-0.16075
-0.167327
-0.173786
-0.180115
-0.186295
-0.192309
-0.198134
-0.203744
-0.209111
-0.214203
-0.218984
-0.223411
-0.227439
-0.231018
-0.234092
-0.236602
-0.238482
-0.239663
-0.240074
-0.239639
-0.238282
-0.23593
-0.232511
-0.227961
-0.222226
-0.215266
-0.20706
-0.197609
-0.186946
-0.175131
-0.162266
-0.148488
-0.133974
-0.118941
-0.103641
-0.0883531
-0.07338
-0.0590348
-0.0456309
-0.0334716
-0.0228397
-0.0139809
-0.00709135
-0.00241593
-0.000335876
-0.000165507
-0.00110156
-0.00311834
-0.00599603
-0.00960073
-0.0138461
-0.0186464
-0.0239202
-0.0295932
-0.0355984
-0.0418761
-0.0483731
-0.0550427
-0.0618445
-0.0687436
-0.0757101
-0.082719
-0.0897491
-0.0967828
-0.103805
-0.110805
-0.11777
-0.124693
-0.131566
-0.138381
-0.145132
-0.151811
-0.15841
-0.164921
-0.171333
-0.177635
-0.183812
-0.189848
-0.195724
-0.201417
-0.206902
-0.212149
-0.217124
-0.221787
-0.226095
-0.229998
-0.233443
-0.236368
-0.238707
-0.24039
-0.24134
-0.241477
-0.240719
-0.238982
-0.236184
-0.232248
-0.227104
-0.220697
-0.212986
-0.203956
-0.193619
-0.182022
-0.169248
-0.155427
-0.140731
-0.125376
-0.109621
-0.0937627
-0.078124
-0.0630466
-0.0488774
-0.035956
-0.0246033
-0.0151018
-0.00768174
-0.0026265
-0.000367903
-0.000162278
-0.00108271
-0.00306836
-0.00590398
-0.00945797
-0.0136448
-0.0183794
-0.02358
-0.0291724
-0.0350893
-0.0412705
-0.0476626
-0.0542189
-0.0608989
-0.0676678
-0.0744964
-0.0813601
-0.0882385
-0.0951151
-0.101976
-0.108812
-0.115612
-0.122371
-0.129082
-0.13574
-0.14234
-0.148879
-0.155349
-0.161745
-0.16806
-0.174285
-0.180408
-0.186417
-0.192295
-0.198024
-0.20358
-0.208936
-0.214063
-0.218922
-0.223474
-0.227671
-0.23146
-0.234782
-0.237569
-0.23975
-0.241247
-0.241974
-0.241843
-0.240762
-0.23864
-0.235385
-0.230914
-0.225152
-0.21804
-0.209543
-0.199652
-0.188393
-0.175832
-0.162084
-0.147311
-0.131727
-0.115596
-0.0992253
-0.0829609
-0.0671726
-0.0522422
-0.0385489
-0.0264554
-0.0162858
-0.00830869
-0.0028515
-0.000402509
-0.000158719
-0.00106186
-0.00301291
-0.00580145
-0.00929823
-0.0134185
-0.0180773
-0.0231929
-0.0286908
-0.0345032
-0.0405696
-0.0468362
-0.0532561
-0.0597888
-0.0664
-0.0730606
-0.0797469
-0.0864394
-0.0931226
-0.0997844
-0.106416
-0.113009
-0.11956
-0.126063
-0.132518
-0.13892
-0.145268
-0.151559
-0.15779
-0.163956
-0.170051
-0.176068
-0.181997
-0.187824
-0.193536
-0.199111
-0.204528
-0.209758
-0.214769
-0.219523
-0.223976
-0.228076
-0.231766
-0.234982
-0.23765
-0.23969
-0.241015
-0.241532
-0.241142
-0.239742
-0.23723
-0.233507
-0.22848
-0.222072
-0.214223
-0.204901
-0.19411
-0.181893
-0.168346
-0.153618
-0.137914
-0.121499
-0.104691
-0.0878545
-0.0713882
-0.0557102
-0.0412421
-0.0283925
-0.0175319
-0.00897244
-0.0030913
-0.000439823
-0.000154943
-0.00103971
-0.00295386
-0.00569188
-0.00912671
-0.0131741
-0.017749
-0.0227696
-0.0281606
-0.0338537
-0.0397879
-0.045909
-0.05217
-0.0585303
-0.0649559
-0.0714183
-0.0778945
-0.084366
-0.0908186
-0.0972416
-0.103627
-0.109971
-0.116268
-0.122519
-0.128721
-0.134876
-0.140983
-0.147043
-0.153055
-0.159018
-0.164929
-0.170784
-0.176577
-0.182298
-0.187937
-0.193477
-0.198899
-0.204181
-0.209292
-0.2142
-0.218864
-0.223235
-0.22726
-0.230875
-0.234008
-0.236581
-0.238503
-0.239677
-0.24
-0.239361
-0.237645
-0.234739
-0.230533
-0.224929
-0.217843
-0.209218
-0.19903
-0.187298
-0.174093
-0.159544
-0.143845
-0.127256
-0.110102
-0.0927623
-0.0756642
-0.0592629
-0.0440253
-0.0304099
-0.0188386
-0.00967292
-0.00334617
-0.000479971
-0.00015108
-0.00101708
-0.00289344
-0.00557935
-0.00894962
-0.01292
-0.0174053
-0.0223227
-0.0275963
-0.0331569
-0.0389428
-0.0448994
-0.0509795
-0.0571426
-0.0633548
-0.0695886
-0.0758216
-0.0820366
-0.0882206
-0.0943647
-0.100463
-0.106512
-0.112511
-0.11846
-0.124361
-0.130218
-0.136032
-0.141807
-0.147546
-0.153251
-0.158921
-0.164558
-0.170157
-0.175714
-0.181221
-0.186668
-0.192039
-0.197315
-0.202472
-0.207481
-0.212304
-0.2169
-0.221216
-0.225194
-0.228763
-0.231846
-0.234352
-0.236184
-0.237233
-0.23738
-0.236503
-0.234475
-0.231168
-0.226463
-0.220252
-0.212451
-0.203006
-0.191907
-0.179195
-0.164975
-0.149422
-0.132786
-0.115393
-0.0976352
-0.0799661
-0.0628782
-0.0468856
-0.0325011
-0.0202035
-0.0104098
-0.00361632
-0.000523077
-0.000147288
-0.000994944
-0.00283428
-0.00546871
-0.00877428
-0.0126663
-0.0170586
-0.0218672
-0.0270149
-0.0324317
-0.0380547
-0.043829
-0.0497069
-0.0556483
-0.0616197
-0.0675942
-0.0735506
-0.079473
-0.0853501
-0.0911744
-0.096942
-0.102652
-0.108305
-0.113905
-0.119455
-0.124962
-0.13043
-0.135867
-0.141278
-0.146668
-0.152041
-0.1574
-0.162747
-0.16808
-0.173397
-0.17869
-0.183949
-0.18916
-0.194303
-0.199355
-0.204283
-0.209049
-0.213608
-0.217903
-0.221869
-0.22543
-0.228499
-0.230975
-0.23275
-0.233699
-0.233692
-0.23259
-0.23025
-0.226531
-0.221303
-0.21445
-0.20589
-0.195576
-0.183517
-0.169787
-0.154536
-0.137997
-0.12049
-0.102417
-0.0842542
-0.0665298
-0.0498075
-0.0346583
-0.0216235
-0.0111822
-0.00390189
-0.000569262
-0.000143751
-0.000974456
-0.00277951
-0.00536564
-0.0086093
-0.0124246
-0.0167235
-0.0214204
-0.0264365
-0.0317
-0.0371473
-0.0427225
-0.048378
-0.0540737
-0.0597769
-0.0654616
-0.0711078
-0.0767012
-0.0822321
-0.0876953
-0.093089
-0.0984141
-0.103675
-0.108876
-0.114025
-0.11913
-0.1242
-0.129244
-0.134271
-0.13929
-0.144307
-0.149331
-0.154366
-0.159416
-0.16448
-0.169558
-0.174643
-0.179727
-0.184795
-0.189828
-0.194801
-0.19968
-0.204425
-0.208985
-0.2133
-0.217298
-0.220895
-0.223993
-0.226481
-0.228234
-0.229115
-0.228974
-0.227656
-0.225
-0.220852
-0.215069
-0.207531
-0.198157
-0.186918
-0.17385
-0.15907
-0.142789
-0.125313
-0.107047
-0.0884833
-0.0701876
-0.0527728
-0.0368719
-0.0230945
-0.0119893
-0.00420293
-0.000618646
-0.000140686
-0.000956967
-0.00273275
-0.00527678
-0.00846473
-0.0122083
-0.016417
-0.0210026
-0.0258837
-0.030987
-0.0362474
-0.0416084
-0.0470221
-0.0524488
-0.0578565
-0.0632206
-0.0685227
-0.0737503
-0.0788957
-0.083956
-0.0889316
-0.0938263
-0.0986463
-0.1034
-0.108097
-0.112749
-0.117368
-0.121965
-0.126553
-0.131144
-0.135749
-0.140379
-0.145043
-0.149748
-0.154499
-0.1593
-0.164149
-0.169042
-0.173971
-0.178922
-0.183876
-0.188805
-0.193675
-0.198442
-0.203051
-0.207435
-0.211516
-0.2152
-0.218376
-0.22092
-0.222691
-0.223533
-0.223278
-0.221749
-0.218768
-0.214164
-0.207783
-0.199504
-0.189255
-0.177029
-0.162904
-0.147057
-0.129774
-0.111454
-0.0926028
-0.0738172
-0.0557604
-0.0391307
-0.0246118
-0.0128296
-0.00451941
-0.000671352
-0.000138349
-0.000944064
-0.00269829
-0.00520991
-0.00835225
-0.0120333
-0.0161587
-0.0206367
-0.0253829
-0.0303215
-0.0353858
-0.0405187
-0.045672
-0.0508067
-0.0558921
-0.0609048
-0.0658285
-0.0706529
-0.0753729
-0.0799878
-0.0845011
-0.0889191
-0.093251
-0.0975079
-0.101703
-0.10585
-0.109964
-0.114061
-0.118155
-0.122263
-0.126399
-0.130578
-0.134812
-0.139114
-0.143491
-0.147953
-0.152503
-0.157142
-0.161867
-0.166671
-0.171539
-0.176452
-0.181382
-0.186291
-0.191132
-0.195845
-0.200357
-0.204579
-0.208406
-0.211714
-0.214363
-0.216193
-0.217026
-0.216672
-0.214931
-0.211606
-0.206506
-0.199472
-0.190383
-0.179184
-0.165907
-0.150687
-0.133777
-0.115564
-0.0965566
-0.0773802
-0.0587467
-0.0414219
-0.0261698
-0.0137015
-0.00485126
-0.000727505
-0.000137043
-0.00093762
-0.00268114
-0.00517415
-0.00828548
-0.0119178
-0.0159712
-0.0203493
-0.0249637
-0.0297357
-0.0345968
-0.039489
-0.0443643
-0.0491845
-0.0539203
-0.0585504
-0.0630611
-0.0674444
-0.0716983
-0.075825
-0.079831
-0.0837258
-0.0875216
-0.0912327
-0.0948753
-0.0984664
-0.102024
-0.105568
-0.109115
-0.112686
-0.116298
-0.119969
-0.123716
-0.127556
-0.1315
-0.135562
-0.139751
-0.144072
-0.148529
-0.153119
-0.157835
-0.162665
-0.167586
-0.172569
-0.177574
-0.182549
-0.18743
-0.192133
-0.19656
-0.200594
-0.204094
-0.206899
-0.208828
-0.209679
-0.209235
-0.207272
-0.203568
-0.197919
-0.190159
-0.180177
-0.167949
-0.153559
-0.137221
-0.119294
-0.100283
-0.080834
-0.0617048
-0.0437309
-0.0277619
-0.014603
-0.0051984
-0.000787242
-0.000137129
-0.000939854
-0.00268722
-0.00518016
-0.00828032
-0.0118827
-0.0158805
-0.0201706
-0.0246599
-0.0292662
-0.0339188
-0.0385589
-0.043139
-0.047622
-0.0519807
-0.0561966
-0.0602585
-0.064162
-0.0679083
-0.0715032
-0.0749565
-0.0782811
-0.0814928
-0.0846091
-0.0876493
-0.090634
-0.0935846
-0.0965228
-0.099471
-0.102451
-0.105485
-0.108595
-0.1118
-0.115121
-0.118574
-0.122178
-0.125944
-0.129886
-0.13401
-0.138321
-0.142818
-0.147494
-0.152336
-0.157322
-0.162419
-0.167586
-0.172765
-0.177883
-0.182851
-0.187555
-0.191863
-0.195616
-0.198631
-0.200699
-0.201589
-0.201056
-0.198846
-0.194714
-0.188442
-0.179864
-0.168893
-0.155551
-0.139998
-0.122556
-0.103715
-0.0841318
-0.0646056
-0.0460419
-0.0293813
-0.0155322
-0.00556074
-0.00085072
-0.000139041
-0.00095341
-0.00272355
-0.00524052
-0.00835531
-0.0119527
-0.0159162
-0.0201349
-0.0245095
-0.0289534
-0.033394
-0.0377715
-0.0420392
-0.046162
-0.0501154
-0.0538839
-0.0574603
-0.0608441
-0.0640402
-0.0670586
-0.0699129
-0.0726199
-0.075199
-0.0776714
-0.0800599
-0.0823883
-0.0846813
-0.0869641
-0.089262
-0.0916006
-0.094005
-0.0965
-0.0991097
-0.101857
-0.104765
-0.107852
-0.111139
-0.11464
-0.118369
-0.122336
-0.126547
-0.131001
-0.135692
-0.140607
-0.145722
-0.151005
-0.156407
-0.161866
-0.167302
-0.172613
-0.177673
-0.18233
-0.186402
-0.189679
-0.191921
-0.192865
-0.192229
-0.18973
-0.185099
-0.178108
-0.168602
-0.156533
-0.141995
-0.125258
-0.106781
-0.087223
-0.0674172
-0.0483376
-0.0310206
-0.0164869
-0.00593831
-0.000918131
-0.000143306
-0.000981468
-0.00279849
-0.00537007
-0.00853219
-0.012156
-0.0161127
-0.0202813
-0.024555
-0.0288425
-0.0330686
-0.0371732
-0.041111
-0.0448494
-0.0483675
-0.0516541
-0.0547064
-0.0575285
-0.0601302
-0.0625259
-0.0647338
-0.0667749
-0.0686726
-0.0704519
-0.0721393
-0.0737621
-0.0753482
-0.0769261
-0.0785245
-0.0801718
-0.0818965
-0.0837266
-0.0856896
-0.0878122
-0.0901199
-0.0926372
-0.0953869
-0.0983895
-0.101664
-0.105224
-0.109083
-0.113246
-0.117716
-0.122486
-0.127543
-0.132862
-0.138408
-0.144129
-0.149955
-0.155797
-0.161539
-0.16704
-0.172124
-0.176584
-0.180175
-0.182622
-0.183621
-0.182852
-0.179999
-0.17477
-0.166937
-0.156373
-0.143093
-0.127298
-0.109403
-0.0900527
-0.0701052
-0.0505997
-0.0326721
-0.0174655
-0.00633129
-0.000989718
-0.000150571
-0.00102788
-0.00292207
-0.00558649
-0.00883654
-0.0125256
-0.0165092
-0.0206539
-0.024844
-0.0289828
-0.0329926
-0.0368135
-0.0404023
-0.0437302
-0.0467807
-0.049548
-0.0520348
-0.0542509
-0.0562115
-0.0579365
-0.059449
-0.0607747
-0.0619413
-0.0629779
-0.0639149
-0.064783
-0.0656136
-0.0664384
-0.067289
-0.0681971
-0.0691941
-0.070311
-0.0715785
-0.0730264
-0.0746839
-0.0765789
-0.0787381
-0.0811866
-0.0839474
-0.0870408
-0.090484
-0.0942905
-0.0984687
-0.103021
-0.107943
-0.11322
-0.118826
-0.124724
-0.130855
-0.137144
-0.14349
-0.149762
-0.155797
-0.161393
-0.166309
-0.170264
-0.172935
-0.173975
-0.173019
-0.169716
-0.16376
-0.154936
-0.143167
-0.128571
-0.111499
-0.0925618
-0.0726326
-0.052809
-0.0343284
-0.0184663
-0.00674017
-0.0010658
-0.000161642
-0.00109735
-0.00310643
-0.00591087
-0.00929851
-0.0130998
-0.0171507
-0.0213026
-0.0254292
-0.0294281
-0.0332192
-0.0367438
-0.0399618
-0.0428495
-0.0453965
-0.0476034
-0.0494797
-0.051042
-0.0523119
-0.0533154
-0.0540811
-0.05464
-0.0550245
-0.0552681
-0.0554049
-0.0554694
-0.0554964
-0.0555206
-0.0555766
-0.055699
-0.0559219
-0.0562793
-0.0568047
-0.0575308
-0.0584898
-0.0597132
-0.0612311
-0.0630726
-0.065265
-0.0678334
-0.0708006
-0.074186
-0.078005
-0.0822679
-0.0869788
-0.0921334
-0.0977177
-0.103705
-0.110053
-0.1167
-0.12356
-0.130519
-0.137428
-0.144098
-0.150296
-0.15574
-0.1601
-0.163003
-0.164045
-0.162816
-0.158932
-0.152082
-0.142088
-0.128964
-0.112977
-0.0946868
-0.0749601
-0.0549454
-0.0359824
-0.0194889
-0.00716591
-0.00114683
-0.00017753
-0.00119568
-0.00336631
-0.00636854
-0.00995381
-0.0139233
-0.0180887
-0.0222831
-0.0263684
-0.0302357
-0.0338038
-0.0370159
-0.039837
-0.0422499
-0.044252
-0.0458521
-0.0470679
-0.0479239
-0.0484493
-0.0486768
-0.0486414
-0.0483797
-0.0479293
-0.047328
-0.0466142
-0.0458259
-0.0450012
-0.0441779
-0.0433933
-0.0426847
-0.0420889
-0.0416423
-0.0413809
-0.0413403
-0.0415553
-0.0420603
-0.0428889
-0.0440734
-0.0456452
-0.047634
-0.0500674
-0.0529705
-0.0563654
-0.0602699
-0.0646964
-0.0696507
-0.0751301
-0.0811206
-0.0875943
-0.0945054
-0.101786
-0.109339
-0.117034
-0.1247
-0.132117
-0.139011
-0.145051
-0.149848
-0.152966
-0.153941
-0.152311
-0.147668
-0.139719
-0.128357
-0.113743
-0.0963588
-0.0770456
-0.0569887
-0.037628
-0.0205337
-0.00761016
-0.00123341
-0.000199522
-0.00133012
-0.00371982
-0.00699011
-0.0108448
-0.015048
-0.0193818
-0.0236576
-0.0277239
-0.031466
-0.0348021
-0.0376798
-0.0400709
-0.0419671
-0.0433756
-0.0443154
-0.044814
-0.0449052
-0.0446267
-0.044019
-0.0431242
-0.041985
-0.0406441
-0.0391444
-0.0375281
-0.035837
-0.0341123
-0.0323946
-0.0307241
-0.0291403
-0.0276823
-0.0263888
-0.0252981
-0.0244479
-0.0238757
-0.0236183
-0.0237122
-0.0241929
-0.0250953
-0.026453
-0.0282983
-0.0306617
-0.0335712
-0.0370516
-0.0411236
-0.0458027
-0.0510969
-0.0570051
-0.0635141
-0.0705946
-0.0781969
-0.0862451
-0.09463
-0.103201
-0.111759
-0.120043
-0.127731
-0.134428
-0.139676
-0.142963
-0.143756
-0.141545
-0.135914
-0.126621
-0.11369
-0.0975023
-0.0788436
-0.058918
-0.0392605
-0.0216029
-0.00807559
-0.0013264
-0.000229275
-0.00150973
-0.0041893
-0.00781263
-0.0120217
-0.0165343
-0.0210963
-0.0254939
-0.0295617
-0.0331796
-0.0362675
-0.0387796
-0.0406977
-0.0420252
-0.0427815
-0.0429979
-0.0427138
-0.0419736
-0.040825
-0.0393171
-0.0374995
-0.0354214
-0.0331313
-0.0306768
-0.0281043
-0.0254591
-0.0227854
-0.0201265
-0.0175249
-0.0150223
-0.0126598
-0.010478
-0.00851702
-0.00681665
-0.00541635
-0.00435524
-0.00367211
-0.00340537
-0.00359291
-0.00427201
-0.00547906
-0.0072493
-0.00961634
-0.0126116
-0.0162636
-0.0205965
-0.0256294
-0.0313734
-0.0378298
-0.0449862
-0.0528123
-0.0612538
-0.0702251
-0.0796012
-0.0892066
-0.0988048
-0.108088
-0.116667
-0.124071
-0.129755
-0.133118
-0.133555
-0.130518
-0.123611
-0.112703
-0.0980331
-0.0803041
-0.0607122
-0.0408773
-0.0227014
-0.0085663
-0.00142701
-0.000268944
-0.00174605
-0.00480249
-0.00888123
-0.0135443
-0.0184517
-0.023306
-0.0278651
-0.031949
-0.0354343
-0.0382458
-0.040348
-0.0417362
-0.0424289
-0.042461
-0.0418787
-0.040735
-0.0390871
-0.0369933
-0.0345125
-0.0317024
-0.028619
-0.0253167
-0.0218479
-0.018263
-0.0146106
-0.0109379
-0.00729041
-0.00371274
-0.000248371
0.00305993
0.00617003
0.00904024
0.0116292
0.0138958
0.0157991
0.0172982
0.0183525
0.0189212
0.018964
0.0184409
0.0173122
0.0155393
0.0130847
0.00991287
0.00599092
0.00128997
-0.00421324
-0.0105341
-0.0176768
-0.0256305
-0.0343635
-0.0438157
-0.0538899
-0.0644404
-0.0752597
-0.0860645
-0.096483
-0.106045
-0.114183
-0.120243
-0.123528
-0.123357
-0.119169
-0.110646
-0.0978551
-0.0813707
-0.062349
-0.0424784
-0.0238373
-0.00908843
-0.00153694
-0.000321376
-0.00205383
-0.00559411
-0.0102509
-0.0154834
-0.0208799
-0.0260919
-0.0308464
-0.0349499
-0.038279
-0.0407681
-0.0423969
-0.043179
-0.0431524
-0.0423709
-0.0408986
-0.0388046
-0.0361599
-0.0330354
-0.0295
-0.02562
-0.0214587
-0.0170762
-0.0125297
-0.00787335
-0.00315889
0.00156411
0.00624797
0.0108465
0.0153148
0.0196089
0.0236854
0.0275016
0.0310149
0.0341829
0.0369632
0.0393133
0.0411907
0.0425523
0.0433552
0.0435559
0.0431112
0.0419778
0.0401127
0.0374738
0.0340206
0.0297146
0.0245215
0.0184123
0.0113666
0.00337624
-0.00554979
-0.015378
-0.0260412
-0.0374269
-0.0493625
-0.0615986
-0.073791
-0.0854852
-0.0961064
-0.104964
-0.111279
-0.114241
-0.113113
-0.107368
-0.0968552
-0.0819769
-0.0638039
-0.0440669
-0.0250234
-0.00965098
-0.00165865
-0.00039038
-0.00245215
-0.00660787
-0.011989
-0.0179223
-0.0239085
-0.02954
-0.0345113
-0.0386187
-0.0417445
-0.0438392
-0.0449045
-0.0449786
-0.0441237
-0.0424172
-0.0399437
-0.0367909
-0.0330456
-0.0287919
-0.0241095
-0.0190736
-0.0137548
-0.0082188
-0.00252709
0.0032626
0.00909588
0.0149212
0.0206892
0.0263527
0.0318656
0.0371833
0.0422617
0.0470572
0.0515267
0.0556269
0.0593144
0.0625454
0.0652758
0.0674608
0.0690551
0.0700127
0.0702869
0.0698303
0.0685951
0.0665334
0.0635974
0.0597402
0.054917
0.0490863
0.0422124
0.0342685
0.0252414
0.0151381
0.00399436
-0.00811324
-0.0210518
-0.0346135
-0.0484933
-0.0622667
-0.0753706
-0.0870954
-0.096598
-0.10295
-0.105231
-0.102682
-0.0948954
-0.0820413
-0.065048
-0.0456494
-0.0262785
-0.010267
-0.00179563
-0.000481138
-0.00296606
-0.00789919
-0.0141776
-0.0209583
-0.0276359
-0.0337363
-0.0389228
-0.0429877
-0.045828
-0.0474199
-0.0477957
-0.0470255
-0.0452023
-0.0424311
-0.0388209
-0.0344801
-0.0295126
-0.0240165
-0.018083
-0.0117959
-0.00523275
0.00153555
0.00844353
0.0154306
0.0224403
0.0294196
0.0363183
0.0430885
0.0496838
0.0560591
0.0621704
0.0679738
0.0734258
0.0784827
0.0831006
0.087235
0.0908406
0.0938713
0.0962799
0.0980181
0.0990363
0.0992839
0.0987086
0.0972573
0.094876
0.09151
0.0871051
0.0816082
0.0749694
0.0671447
0.0580996
0.0478149
0.0362949
0.0235787
0.00975589
-0.00501367
-0.0204746
-0.0362477
-0.0518013
-0.0664294
-0.0792484
-0.0892271
-0.0952692
-0.0963631
-0.0918023
-0.0814583
-0.066043
-0.0472356
-0.0276299
-0.0109554
-0.00195298
-0.000600849
-0.0036288
-0.00953891
-0.0169172
-0.0247034
-0.0321654
-0.0387584
-0.0441196
-0.0480487
-0.050471
-0.051401
-0.0509131
-0.0491184
-0.0461474
-0.0421378
-0.0372263
-0.0315439
-0.0252129
-0.0183457
-0.0110445
-0.00340175
0.00449907
0.0125824
0.0207798
0.0290286
0.037271
0.0454535
0.0535255
0.0614394
0.0691489
0.0766094
0.0837772
0.0906087
0.0970608
0.10309
0.108652
0.113702
0.118194
0.122081
0.125315
0.127846
0.129621
0.130587
0.130688
0.129867
0.128065
0.125218
0.121266
0.116144
0.109791
0.102145
0.0931536
0.0827714
0.0709724
0.057758
0.0431722
0.0273218
0.0104036
-0.00726298
-0.0251983
-0.0427266
-0.0589529
-0.0727696
-0.0829181
-0.0881276
-0.0873503
-0.0800854
-0.066734
-0.048837
-0.0291151
-0.0117435
-0.00213824
-0.000759775
-0.00448538
-0.0116182
-0.0203294
-0.0292821
-0.0375971
-0.044659
-0.0500923
-0.053723
-0.0555236
-0.0555643
-0.0539758
-0.0509207
-0.0465745
-0.0411125
-0.034702
-0.0274982
-0.0196417
-0.0112592
-0.00246292
0.0066472
0.0159827
0.0254649
0.0350233
0.0445946
0.0541208
0.0635487
0.0728288
0.081914
0.0907595
0.0993216
0.107558
0.115425
0.122882
0.129885
0.13639
0.142353
0.147729
0.152468
0.156523
0.159841
0.16237
0.164053
0.164831
0.164644
0.163426
0.161112
0.15763
0.15291
0.146876
0.139455
0.130573
0.120166
0.108176
0.0945683
0.0793409
0.0625445
0.0443096
0.0248827
0.00467103
-0.0157087
-0.0353854
-0.0532123
-0.0677962
-0.0776124
-0.0812384
-0.0777217
-0.0670353
-0.0504625
-0.0307857
-0.0126709
-0.00236282
-0.000973022
-0.00559802
-0.0142557
-0.0245606
-0.0348265
-0.0440102
-0.0514376
-0.0567452
-0.0598142
-0.0606915
-0.0595257
-0.0565202
-0.051901
-0.0458962
-0.0387229
-0.0305807
-0.0216491
-0.0120867
-0.00203238
0.00839291
0.019084
0.0299494
0.040909
0.0518924
0.0628369
0.073686
0.0843883
0.094896
0.105164
0.115151
0.124813
0.134111
0.143003
0.15145
0.159408
0.166836
0.17369
0.179924
0.185491
0.190341
0.194423
0.197681
0.200058
0.201494
0.201923
0.201279
0.199488
0.196477
0.192164
0.186467
0.179298
0.17057
0.160196
0.148093
0.134191
0.118442
0.100841
0.0814458
0.0604205
0.0380796
0.0149511
-0.00815897
-0.0301122
-0.049426
-0.0643461
-0.0730574
-0.0740763
-0.0668074
-0.0521094
-0.0327093
-0.013796
-0.00264449
-0.00126371
-0.00705491
-0.0176064
-0.0297823
-0.0414611
-0.0514316
-0.0589915
-0.0638327
-0.065935
-0.0654567
-0.0626522
-0.0578168
-0.0512518
-0.0432438
-0.0340543
-0.0239152
-0.0130285
-0.00156774
0.0103186
0.0225044
0.0348824
0.0473607
0.059861
0.0723149
0.0846629
0.0968518
0.108834
0.120564
0.132002
0.143107
0.153842
0.164168
0.174047
0.183441
0.19231
0.200612
0.208307
0.215349
0.221691
0.227285
0.232078
0.236016
0.239039
0.241087
0.242093
0.241985
0.24069
0.238126
0.234208
0.228845
0.22194
0.213393
0.203097
0.190948
0.176843
0.160693
0.142434
0.122054
0.099623
0.0753475
0.0496367
0.0231871
-0.0029301
-0.027207
-0.047711
-0.0622425
-0.0687193
-0.0658172
-0.0537435
-0.0349719
-0.0152059
-0.00301189
-0.00166886
-0.00898469
-0.0218737
-0.0361854
-0.0492708
-0.0597751
-0.0670313
-0.0708577
-0.071395
-0.0689601
-0.0639452
-0.0567567
-0.0477808
-0.037366
-0.025817
-0.0133942
-0.000317205
0.0132307
0.0270972
0.0411559
0.0553019
0.0694478
0.0835201
0.0974561
0.111202
0.12471
0.137939
0.150849
0.163404
0.175569
0.187309
0.198591
0.209381
0.219642
0.229338
0.238431
0.24688
0.254644
0.261675
0.267927
0.273349
0.277886
0.281478
0.284065
0.285578
0.285945
0.28509
0.282929
0.279371
0.274321
0.267674
0.259319
0.249136
0.236999
0.222778
0.206347
0.187589
0.166418
0.14281
0.116849
0.0887993
0.0592015
0.0289918
-0.000382267
-0.0268942
-0.0480087
-0.0610078
-0.0636715
-0.0552602
-0.0376736
-0.0170313
-0.00351275
-0.00225051
-0.0115802
-0.0273222
-0.0439572
-0.0582318
-0.0687295
-0.0749373
-0.0769086
-0.0750292
-0.0698309
-0.0618766
-0.0516992
-0.0397734
-0.0265063
-0.012238
0.00275145
0.0182345
0.0340275
0.0499823
0.0659801
0.081925
0.0977393
0.113359
0.128732
0.143813
0.158564
0.17295
0.18694
0.200504
0.213614
0.226241
0.238356
0.249929
0.260929
0.271322
0.281075
0.290149
0.298504
0.306098
0.312884
0.318812
0.32383
0.327879
0.330898
0.33282
0.333572
0.333077
0.331249
0.327996
0.323219
0.316808
0.308645
0.298598
0.286526
0.272278
0.255693
0.236607
0.214866
0.190353
0.16302
0.132967
0.100535
0.0664522
0.0319997
-0.000826941
-0.0292632
-0.0499767
-0.0597066
-0.0564059
-0.0409085
-0.0194691
-0.00422905
-0.00311702
-0.0151371
-0.0342826
-0.0532157
-0.0680681
-0.0775542
-0.0815163
-0.0804003
-0.0749418
-0.0659458
-0.0541709
-0.04028
-0.0248274
-0.00826315
0.00905385
0.0268416
0.0448802
0.0629995
0.0810681
0.0989847
0.116671
0.134066
0.151121
0.1678
0.184069
0.199902
0.215277
0.23017
0.244561
0.25843
0.271755
0.284512
0.296678
0.308227
0.319129
0.329355
0.33887
0.347638
0.355618
0.362767
0.369038
0.37438
0.378736
0.382047
0.384248
0.385266
0.385024
0.383439
0.380417
0.375858
0.36965
0.361669
0.35178
0.339829
0.325647
0.309048
0.289829
0.267775
0.242679
0.214367
0.182757
0.147957
0.110415
0.0711265
0.031888
-0.00448962
-0.0341793
-0.0528075
-0.0566288
-0.0447039
-0.0228089
-0.00530367
-0.00446324
-0.0201106
-0.0431221
-0.0638403
-0.077957
-0.084703
-0.0845935
-0.0786725
-0.0681353
-0.0541028
-0.0375293
-0.0191855
0.000326177
0.0205457
0.0411271
0.0618139
0.0824175
0.102801
0.122864
0.142537
0.161768
0.180522
0.198773
0.216502
0.233695
0.25034
0.266427
0.281947
0.296888
0.31124
0.324988
0.338117
0.350609
0.362445
0.3736
0.384048
0.393761
0.402705
0.410844
0.418137
0.424542
0.430009
0.434486
0.437915
0.440234
0.441374
0.441259
0.439808
0.436929
0.432524
0.426482
0.418677
0.408972
0.397208
0.383205
0.366759
0.347635
0.325572
0.300282
0.271473
0.238885
0.20237
0.162034
0.118465
0.073058
0.0283973
-0.0114613
-0.0411184
-0.0547971
-0.0488625
-0.0274468
-0.0069834
-0.00664117
-0.0271817
-0.0540952
-0.0750584
-0.0859287
-0.0871465
-0.0803446
-0.0673871
-0.0500023
-0.029614
-0.00731849
0.0160724
0.039974
0.0639745
0.0877895
0.111227
0.13416
0.156508
0.178223
0.199277
0.219658
0.239363
0.258395
0.276757
0.294458
0.311503
0.327896
0.343643
0.358742
0.373193
0.386991
0.400129
0.412595
0.424375
0.435452
0.445805
0.455409
0.464236
0.472254
0.479426
0.485713
0.49107
0.495448
0.498794
0.501049
0.502147
0.502019
0.500586
0.497761
0.49345
0.487543
0.479922
0.470448
0.458963
0.445284
0.429197
0.410449
0.388743
0.363732
0.335021
0.302188
0.26483
0.222677
0.175804
0.124985
0.0722229
0.0213452
-0.0215908
-0.0486844
-0.0525856
-0.03382
-0.00967094
-0.010254
-0.0372392
-0.0668255
-0.0844607
-0.0876659
-0.0791818
-0.0622522
-0.0396897
-0.0136977
0.0141304
0.0427031
0.0713006
0.0994651
0.126918
0.1535
0.179131
0.20378
0.227448
0.250153
0.271926
0.292799
0.312807
0.331986
0.350367
0.367978
0.384844
0.400986
0.41642
0.431159
0.445211
0.45858
0.471266
0.483265
0.494568
0.505165
0.515038
0.524168
0.532533
0.540103
0.546848
0.552733
0.557717
0.561756
0.564801
0.5668
0.567692
0.567412
0.565889
0.563043
0.558783
0.553011
0.545612
0.536456
0.525389
0.512234
0.496776
0.478757
0.457862
0.433706
0.405823
0.373658
0.336583
0.293958
0.245287
0.190539
0.13073
0.068807
0.0106901
-0.0340548
-0.0536097
-0.0420281
-0.013909
-0.0161377
-0.0508528
-0.0786918
-0.0857267
-0.0742043
-0.0504823
-0.0196362
0.014789
0.0504596
0.0859484
0.120443
0.153521
0.184998
0.214828
0.243045
0.269722
0.294954
0.318838
0.34147
0.362941
0.383333
0.402719
0.421166
0.438728
0.455456
0.47139
0.486564
0.501007
0.514741
0.527782
0.540142
0.551826
0.562837
0.573171
0.582822
0.591779
0.600027
0.607546
0.614314
0.620305
0.625487
0.629826
0.633284
0.635818
0.637381
0.63792
0.637377
0.635689
0.632784
0.628584
0.622996
0.61592
0.607235
0.596802
0.584453
0.569986
0.553151
0.533636
0.511045
0.484878
0.4545
0.419119
0.377785
0.329457
0.273208
0.208725
0.13729
0.0634103
-0.00310985
-0.046348
-0.0505322
-0.0199785
-0.0246203
-0.0658513
-0.0802548
-0.0636564
-0.0278807
0.0166904
0.0639918
0.110696
0.155131
0.196609
0.234974
0.270337
0.302923
0.333
0.360831
0.386664
0.410717
0.433184
0.454229
0.473996
0.492606
0.510162
0.526751
0.542448
0.557315
0.571404
0.584757
0.59741
0.609389
0.620718
0.63141
0.641478
0.650925
0.659754
0.66796
0.675538
0.682475
0.688758
0.694367
0.699282
0.703476
0.706922
0.709587
0.711436
0.712428
0.71252
0.711663
0.709804
0.706881
0.702828
0.697569
0.691014
0.683062
0.673592
0.662456
0.649474
0.634421
0.617008
0.596865
0.573499
0.546265
0.514299
0.47647
0.431331
0.377152
0.312166
0.235333
0.148149
0.0578804
-0.0183923
-0.0528646
-0.0262208
-0.0312988
-0.0687278
-0.0436744
0.0154721
0.0836791
0.150381
0.211696
0.266445
0.314762
0.357325
0.39494
0.42837
0.458281
0.485231
0.509679
0.531998
0.552492
0.571408
0.588949
0.605279
0.620535
0.634829
0.648254
0.660886
0.67279
0.684016
0.694609
0.704603
0.714026
0.722898
0.731237
0.739053
0.746353
0.753139
0.759411
0.765163
0.770389
0.775077
0.779213
0.782781
0.785761
0.788132
0.789867
0.79094
0.791319
0.790971
0.789858
0.787937
0.785164
0.781483
0.776838
0.771157
0.764361
0.756353
0.747016
0.736203
0.72373
0.709358
0.692771
0.673543
0.651096
0.624623
0.592999
0.554647
0.507387
0.448322
0.374028
0.281704
0.172057
0.0556981
-0.0301854
-0.0232111
-0.000660417
0.000352645
0.104333
0.217905
0.312099
0.388126
0.44978
0.500011
0.54135
0.575871
0.605146
0.630341
0.652318
0.671722
0.689037
0.704633
0.718795
0.731744
0.743655
0.754668
0.764893
0.774421
0.783326
0.791667
0.799492
0.806842
0.813749
0.820239
0.826332
0.832044
0.837388
0.84237
0.846997
0.85127
0.855189
0.858751
0.861951
0.864781
0.867232
0.869293
0.870951
0.872191
0.872997
0.873349
0.873228
0.872611
0.871474
0.869789
0.867525
0.864647
0.861118
0.85689
0.851911
0.846116
0.839425
0.83174
0.822933
0.812839
0.801237
0.787824
0.772178
0.753698
0.73151
0.70431
0.670123
0.62591
0.567062
0.48705
0.376958
0.228427
0.0726437
0.0309695
0.292184
0.379306
0.530607
0.64433
0.714297
0.760017
0.792311
0.816128
0.834335
0.848758
0.860546
0.870427
0.878883
0.886244
0.892742
0.898545
0.903778
0.908536
0.912892
0.916901
0.920609
0.924052
0.927258
0.930251
0.933048
0.935666
0.938116
0.940408
0.942549
0.944544
0.946399
0.948116
0.949696
0.951139
0.952445
0.953613
0.95464
0.955523
0.956257
0.95684
0.957264
0.957525
0.957616
0.957529
0.957257
0.956792
0.956124
0.955242
0.954135
0.952791
0.951193
0.949325
0.947166
0.944692
0.941871
0.938665
0.935023
0.93088
0.926146
0.9207
0.91437
0.906908
0.897942
0.886901
0.872863
0.854247
0.828214
0.789432
0.726146
0.611349
0.435853
0.317985
)
;

boundaryField
{
    movingWall
    {
        type            calculated;
        value           uniform 1;
    }
    fixedWalls
    {
        type            calculated;
        value           uniform 0;
    }
    frontAndBack
    {
        type            empty;
    }
}


// ************************************************************************* //
