/*--------------------------------*- C++ -*----------------------------------*\
  =========                 |
  \\      /  F ield         | OpenFOAM: The Open Source CFD Toolbox
   \\    /   O peration     | Website:  https://openfoam.org
    \\  /    A nd           | Version:  dev
     \\/     M anipulation  |
\*---------------------------------------------------------------------------*/
FoamFile
{
    format      ascii;
    class       volScalarField;
    location    "44.55";
    object      Uy;
}
// * * * * * * * * * * * * * * * * * * * * * * * * * * * * * * * * * * * * * //

dimensions      [0 1 -1 0 0 0 0];

internalField   nonuniform List<scalar> 
5184
(
-1.26239e-05
-2.08471e-05
-1.72339e-05
-8.1915e-06
2.67116e-06
1.36203e-05
2.38501e-05
3.30554e-05
4.11155e-05
4.80363e-05
5.38792e-05
5.87292e-05
6.26785e-05
6.58184e-05
6.82338e-05
7.00002e-05
7.11819e-05
7.18314e-05
7.19893e-05
7.16854e-05
7.0939e-05
6.97605e-05
6.8153e-05
6.61134e-05
6.36344e-05
6.07063e-05
5.73187e-05
5.34618e-05
4.91286e-05
4.4316e-05
3.90266e-05
3.32696e-05
2.70623e-05
2.04306e-05
1.34103e-05
6.04708e-06
-1.60283e-06
-9.47301e-06
-1.74869e-05
-2.55586e-05
-3.35936e-05
-4.14904e-05
-4.91416e-05
-5.64363e-05
-6.32617e-05
-6.95059e-05
-7.50602e-05
-7.98214e-05
-8.36951e-05
-8.65973e-05
-8.84577e-05
-8.92208e-05
-8.88486e-05
-8.73213e-05
-8.46384e-05
-8.08196e-05
-7.5904e-05
-6.99505e-05
-6.30367e-05
-5.52587e-05
-4.67305e-05
-3.75855e-05
-2.7979e-05
-1.80934e-05
-8.15356e-06
1.54611e-06
1.05804e-05
1.83116e-05
2.37273e-05
2.51353e-05
1.98507e-05
6.2405e-06
-4.57699e-05
-6.5649e-05
-4.05364e-05
7.64607e-06
6.56949e-05
0.00012602
0.000184338
0.000238401
0.000287066
0.000329891
0.000366835
0.000398087
0.00042396
0.00044482
0.000461044
0.000472991
0.000480985
0.0004853
0.00048616
0.000483737
0.000478151
0.00046948
0.000457762
0.000443005
0.000425199
0.00040432
0.000380342
0.00035325
0.000323044
0.00028975
0.00025343
0.000214185
0.000172166
0.000127576
8.06757e-05
3.17829e-05
-1.87227e-05
-7.04029e-05
-0.000122762
-0.000175253
-0.000227281
-0.000278214
-0.00032739
-0.00037413
-0.000417749
-0.000457572
-0.000492945
-0.000523255
-0.00054794
-0.000566505
-0.000578538
-0.000583718
-0.000581831
-0.000572773
-0.00055656
-0.000533331
-0.000503351
-0.000467008
-0.000424819
-0.000377423
-0.00032559
-0.000270224
-0.000212388
-0.000153335
-9.4575e-05
-3.79853e-05
1.39693e-05
5.79827e-05
8.94623e-05
0.000101909
8.65488e-05
3.64922e-05
-8.12833e-05
-9.50218e-05
-1.91269e-05
0.000105952
0.000254704
0.00041068
0.000563562
0.000707208
0.000838167
0.000954729
0.0010563
0.00114297
0.00121526
0.00127388
0.00131967
0.00135345
0.00137599
0.00138795
0.00138991
0.0013823
0.00136547
0.00133962
0.00130488
0.00126133
0.00120897
0.00114779
0.00107778
0.000998949
0.00091137
0.00081518
0.000710609
0.000598003
0.000477835
0.000350722
0.00021743
7.8881e-05
-6.38424e-05
-0.000209505
-0.000356722
-0.000503976
-0.00064963
-0.000791951
-0.000929136
-0.00105934
-0.00118071
-0.00129143
-0.00138975
-0.00147401
-0.00154272
-0.00159456
-0.00162843
-0.0016435
-0.0016392
-0.00161527
-0.00157179
-0.00150915
-0.00142811
-0.00132976
-0.00121555
-0.0010873
-0.000947173
-0.00079774
-0.000642011
-0.000483519
-0.000326466
-0.00017594
-3.82615e-05
7.85486e-05
0.000164192
0.000205503
0.000186361
9.04213e-05
-9.77673e-05
-7.3175e-05
8.47822e-05
0.000318413
0.000590215
0.000874555
0.0011544
0.00141895
0.00166173
0.0018792
0.00206982
0.00223331
0.00237026
0.00248168
0.00256886
0.00263312
0.00267575
0.0026979
0.00270055
0.00268448
0.00265031
0.00259845
0.00252917
0.00244263
0.00233891
0.00221806
0.00208013
0.00192523
0.00175356
0.00156549
0.00136152
0.0011424
0.000909113
0.000662883
0.000405232
0.000137962
-0.000136838
-0.000416796
-0.000699275
-0.000981397
-0.00126007
-0.00153204
-0.00179393
-0.0020423
-0.00227369
-0.00248472
-0.00267213
-0.00283289
-0.00296421
-0.00306366
-0.00312923
-0.00315938
-0.00315307
-0.00310987
-0.00302992
-0.00291401
-0.00276358
-0.00258071
-0.00236818
-0.00212944
-0.00186863
-0.00159067
-0.00130126
-0.00100709
-0.000715962
-0.000437168
-0.000181848
3.63803e-05
0.000200794
0.000290999
0.000282696
0.00014734
-8.44528e-05
2.08542e-05
0.000295471
0.000668147
0.00109106
0.00153029
0.00196238
0.00237186
0.00274899
0.00308814
0.00338652
0.00364333
0.00385901
0.00403482
0.0041724
0.00427359
0.00434017
0.0043738
0.00437589
0.00434762
0.00428989
0.00420337
0.00408852
0.00394563
0.0037749
0.00357647
0.00335053
0.00309737
0.00281743
0.00251136
0.00218012
0.00182498
0.00144758
0.00105
0.000634692
0.000204595
-0.000236932
-0.0006861
-0.00113872
-0.00159023
-0.00203576
-0.0024702
-0.00288824
-0.0032845
-0.0036536
-0.00399026
-0.00428943
-0.00454636
-0.00475674
-0.00491681
-0.00502346
-0.00507428
-0.0050677
-0.00500306
-0.0048806
-0.00470159
-0.0044683
-0.00418406
-0.00385325
-0.00348134
-0.00307489
-0.00264166
-0.00219064
-0.00173225
-0.00127854
-0.000843557
-0.00044381
-9.88607e-05
0.000167948
0.000328872
0.000351177
0.000194224
-3.75742e-05
0.000197346
0.000626991
0.00117059
0.00177216
0.00239083
0.00299753
0.00357246
0.00410276
0.00458066
0.00500208
0.00536552
0.00567124
0.00592059
0.00611556
0.00625841
0.00635143
0.00639674
0.00639622
0.00635144
0.00626362
0.0061337
0.00596236
0.00575005
0.00549714
0.00520394
0.00487084
0.00449837
0.00408728
0.00363867
0.00315404
0.00263533
0.00208504
0.00150621
0.000902478
0.000278116
-0.000362015
-0.00101246
-0.0016672
-0.00231974
-0.00296315
-0.00359014
-0.00419322
-0.00476477
-0.00529719
-0.00578304
-0.00621518
-0.00658694
-0.00689226
-0.00712584
-0.00728328
-0.00736122
-0.00735745
-0.00727103
-0.00710233
-0.00685315
-0.00652672
-0.00612777
-0.00566255
-0.00513884
-0.00456598
-0.00395495
-0.00331848
-0.00267115
-0.0020297
-0.00141334
-0.0008442
-0.000347983
4.53324e-05
0.00030079
0.000377572
0.000224629
4.40641e-05
0.000461312
0.00108727
0.00183514
0.00264304
0.0034647
0.00426648
0.00502492
0.00572439
0.0063552
0.00691204
0.00739273
0.00779729
0.00812715
0.00838457
0.00857223
0.00869286
0.00874905
0.00874313
0.00867704
0.00855234
0.00837026
0.0081317
0.00783734
0.00748773
0.00708342
0.00662505
0.00611346
0.00554983
0.00493579
0.00427348
0.00356567
0.00281584
0.00202817
0.00120767
0.000360106
-0.000507942
-0.00138914
-0.00227544
-0.00315814
-0.00402802
-0.0048754
-0.00569034
-0.00646272
-0.00718249
-0.0078398
-0.00842521
-0.0089299
-0.00934585
-0.00966604
-0.00988464
-0.0099972
-0.0100008
-0.00989408
-0.00967762
-0.00935374
-0.00892671
-0.00840282
-0.00779032
-0.00709955
-0.00634289
-0.00553486
-0.00469221
-0.00383405
-0.00298208
-0.0021609
-0.00139846
-0.000726608
-0.000181854
0.000193984
0.000352773
0.000235124
0.000160458
0.000814624
0.00168009
0.00266682
0.0037091
0.00475685
0.00577301
0.00673131
0.00761391
0.00840956
0.0091119
0.00971822
0.0102283
0.0106438
0.0109671
0.0112012
0.0113495
0.0114149
0.0114001
0.0113075
0.011139
0.0108961
0.0105799
0.0101914
0.00973133
0.0092005
0.00859987
0.00793068
0.00719462
0.00639391
0.00553146
0.00461099
0.00363704
0.00261514
0.00155174
0.000454326
-0.000668665
-0.00180784
-0.00295291
-0.00409281
-0.0052158
-0.00630962
-0.00736164
-0.00835906
-0.00928914
-0.0101394
-0.010898
-0.0115536
-0.0120961
-0.0125165
-0.0128076
-0.0129635
-0.0129805
-0.0128569
-0.0125933
-0.0121925
-0.01166
-0.0110036
-0.0102337
-0.00936329
-0.00840811
-0.00738639
-0.00631913
-0.00523018
-0.00414641
-0.00309796
-0.00211866
-0.00124648
-0.000524239
-1.56054e-07
0.000271205
0.000223999
0.000310971
0.00125719
0.00240643
0.00366751
0.00497266
0.00626951
0.00751878
0.00869224
0.00977056
0.0107414
0.0115976
0.0123362
0.012957
0.0134615
0.0138528
0.0141341
0.014309
0.0143812
0.0143537
0.0142292
0.0140099
0.0136976
0.0132938
0.0127995
0.012216
0.0115442
0.0107855
0.00994156
0.00901462
0.00800761
0.0069243
0.0057694
0.00454868
0.00326907
0.00193865
0.000566685
-0.00083635
-0.00225886
-0.00368818
-0.0051107
-0.00651201
-0.00787705
-0.00919036
-0.0104363
-0.0115991
-0.0126637
-0.0136152
-0.0144401
-0.0151257
-0.0156611
-0.0160371
-0.0162466
-0.0162848
-0.0161495
-0.0158414
-0.0153637
-0.0147229
-0.0139285
-0.0129932
-0.0119329
-0.0107664
-0.009516
-0.00820714
-0.00686855
-0.00553239
-0.00423447
-0.00301448
-0.00191646
-0.00098929
-0.000287157
0.000129757
0.000190602
0.0004947
0.00178778
0.00326539
0.00483682
0.00643371
0.00800273
0.00950352
0.0109068
0.0121926
0.0133478
0.0143651
0.0152414
0.0159766
0.0165727
0.0170329
0.017361
0.0175611
0.0176371
0.0175925
0.0174305
0.0171535
0.0167637
0.0162627
0.0156519
0.0149328
0.0141066
0.0131752
0.0121407
0.0110059
0.00977451
0.00845123
0.00704186
0.00555347
0.00399446
0.00237461
0.000705121
-0.00100143
-0.00273112
-0.00446878
-0.00619812
-0.00790192
-0.00956219
-0.0111604
-0.0126779
-0.014096
-0.0153963
-0.0165613
-0.0175746
-0.0184209
-0.0190871
-0.0195619
-0.0198368
-0.0199058
-0.0197661
-0.0194179
-0.0188652
-0.0181154
-0.0171797
-0.0160728
-0.0148136
-0.0134245
-0.0119316
-0.0103649
-0.00875831
-0.00714925
-0.00557929
-0.00409403
-0.00274348
-0.00158239
-0.000670564
-7.31863e-05
0.000134851
0.000710611
0.00240448
0.00425491
0.00617278
0.00809045
0.00995476
0.0117253
0.0133729
0.0148771
0.0162252
0.0174099
0.0184285
0.0192811
0.0199703
0.0204996
0.0208736
0.0210966
0.0211732
0.0211073
0.0209022
0.0205609
0.0200857
0.0194786
0.0187412
0.0178752
0.0168824
0.0157648
0.0145252
0.0131671
0.0116948
0.0101141
0.00843185
0.00665653
0.00479806
0.00286798
0.000879489
-0.00115265
-0.0032121
-0.0052811
-0.00734058
-0.00937037
-0.0113494
-0.0132561
-0.0150684
-0.0167644
-0.0183226
-0.0197224
-0.0209442
-0.0219702
-0.0227846
-0.023374
-0.023728
-0.0238392
-0.023704
-0.0233224
-0.0226986
-0.0218409
-0.020762
-0.0194789
-0.0180133
-0.016391
-0.0146425
-0.0128022
-0.0109091
-0.0090062
-0.00714086
-0.00536461
-0.0037334
-0.00230775
-0.00115282
-0.000338465
5.69155e-05
0.000957627
0.003105
0.00537208
0.00767231
0.00993972
0.0121224
0.0141809
0.0160867
0.0178202
0.0193692
0.0207271
0.0218918
0.0228642
0.0236474
0.0242457
0.0246642
0.0249079
0.0249817
0.02489
0.0246366
0.0242246
0.0236568
0.0229353
0.0220621
0.0210391
0.0198684
0.0185525
0.0170947
0.0154991
0.013771
0.011917
0.00994508
0.00786515
0.00568869
0.00342906
0.00110145
-0.00127712
-0.00368785
-0.00611032
-0.00852259
-0.0109015
-0.0132227
-0.0154613
-0.017592
-0.0195894
-0.0214287
-0.0230856
-0.0245377
-0.0257639
-0.0267457
-0.0274672
-0.027916
-0.0280831
-0.0279637
-0.0275572
-0.0268681
-0.0259052
-0.0246828
-0.0232202
-0.0215416
-0.0196765
-0.0176595
-0.0155297
-0.0133312
-0.0111129
-0.00892771
-0.00683335
-0.00489171
-0.0031691
-0.00173595
-0.000666644
-4.2989e-05
0.00123465
0.00388678
0.00661349
0.00933147
0.0119773
0.0145013
0.0168658
0.0190438
0.0210171
0.0227747
0.0243112
0.0256256
0.0267197
0.0275976
0.0282644
0.0287258
0.0289877
0.0290554
0.0289338
0.028627
0.0281386
0.0274716
0.0266283
0.0256109
0.0244218
0.0230633
0.0215384
0.0198507
0.0180051
0.0160077
0.013866
0.0115892
0.00918856
0.00667709
0.00406995
0.00138436
-0.00136038
-0.00414301
-0.00694037
-0.00972763
-0.0124785
-0.0151653
-0.0177599
-0.0202332
-0.0225563
-0.0247008
-0.0266389
-0.0283445
-0.0297934
-0.0309639
-0.0318374
-0.0323989
-0.0326376
-0.0325473
-0.0321268
-0.03138
-0.0303166
-0.028952
-0.0273076
-0.0254103
-0.0232933
-0.0209949
-0.0185595
-0.0160363
-0.0134797
-0.0109489
-0.00850772
-0.0062241
-0.00417025
-0.002422
-0.00105837
-0.000164729
0.0015406
0.00474712
0.00797531
0.0111457
0.0141983
0.0170863
0.0197745
0.0222384
0.0244618
0.0264356
0.028156
0.0296234
0.030841
0.0318141
0.0325488
0.0330517
0.0333294
0.0333879
0.0332326
0.032868
0.032298
0.0315258
0.0305542
0.0293855
0.0280224
0.0264674
0.0247239
0.0227963
0.0206897
0.0184111
0.015969
0.0133737
0.0106377
0.00777561
0.00480435
0.00174314
-0.00138649
-0.00456078
-0.00775387
-0.010938
-0.0140835
-0.0171597
-0.0201346
-0.0229756
-0.0256499
-0.0281253
-0.0303702
-0.0323546
-0.0340507
-0.0354334
-0.0364809
-0.0371756
-0.0375042
-0.0374589
-0.0370371
-0.0362425
-0.035085
-0.0335811
-0.0317539
-0.0296331
-0.0272552
-0.0246629
-0.0219052
-0.0190369
-0.0161182
-0.0132145
-0.010396
-0.00773688
-0.00531556
-0.00321348
-0.00151462
-0.00030834
0.00187435
0.00568318
0.00945342
0.0131101
0.016597
0.0198711
0.0229007
0.0256641
0.0281478
0.0303452
0.0322546
0.0338783
0.0352212
0.03629
0.0370921
0.0376352
0.0379266
0.0379732
0.0377808
0.0373545
0.0366984
0.0358162
0.0347108
0.0333847
0.0318408
0.0300821
0.0281122
0.0259358
0.0235588
0.0209889
0.0182352
0.0153093
0.0122249
0.00899807
0.00564742
0.00219412
-0.0013381
-0.00492304
-0.00853212
-0.0121346
-0.0156977
-0.0191872
-0.0225675
-0.0258021
-0.0288543
-0.0316878
-0.0342668
-0.0365574
-0.0385276
-0.0401485
-0.0413948
-0.0422457
-0.0426852
-0.0427031
-0.0422956
-0.0414652
-0.040222
-0.0385832
-0.0365735
-0.0342252
-0.0315781
-0.0286791
-0.0255821
-0.0223474
-0.0190414
-0.0157359
-0.0125075
-0.00943738
-0.00661023
-0.00411361
-0.0020369
-0.00047409
0.00223478
0.00669199
0.0110434
0.015219
0.0191671
0.0228491
0.0262372
0.0293134
0.0320675
0.0344958
0.0365993
0.0383827
0.0398528
0.041018
0.0418873
0.0424694
0.0427729
0.0428053
0.0425731
0.0420819
0.0413363
0.04034
0.0390963
0.037608
0.035878
0.0339097
0.0317069
0.0292747
0.0266195
0.0237495
0.0206749
0.017408
0.0139637
0.0103595
0.00661551
0.00275487
-0.00119662
-0.00521037
-0.00925514
-0.0132972
-0.0173007
-0.0212278
-0.0250391
-0.0286943
-0.0321525
-0.0353728
-0.0383154
-0.0409416
-0.0432152
-0.045103
-0.0465757
-0.0476087
-0.0481829
-0.0482853
-0.04791
-0.0470585
-0.0457402
-0.0439727
-0.0417822
-0.0392034
-0.0362792
-0.0330608
-0.0296069
-0.0259837
-0.0222638
-0.0185257
-0.0148531
-0.0113342
-0.00806061
-0.00512651
-0.00262735
-0.000662514
0.00262074
0.00777044
0.0127406
0.0174665
0.0219019
0.0260128
0.0297761
0.0331781
0.0362126
0.0388791
0.041182
0.0431284
0.0447277
0.0459902
0.0469267
0.0475473
0.0478616
0.0478781
0.0476041
0.0470457
0.0462078
0.0450945
0.0437093
0.0420552
0.0401352
0.0379528
0.0355122
0.0328188
0.0298793
0.0267025
0.0232991
0.0196825
0.0158684
0.0118757
0.00772596
0.00344402
-0.00094231
-0.00540216
-0.00990169
-0.0144043
-0.0188709
-0.0232601
-0.0275288
-0.0316324
-0.0355258
-0.0391636
-0.042501
-0.0454947
-0.0481037
-0.0502898
-0.0520194
-0.0532636
-0.0539993
-0.0542105
-0.0538886
-0.0530331
-0.0516527
-0.049765
-0.0473972
-0.0445859
-0.0413775
-0.037827
-0.0339984
-0.0299636
-0.0258018
-0.0215986
-0.0174453
-0.0134374
-0.00967431
-0.00625737
-0.00328884
-0.000874444
0.00303101
0.00891526
0.01454
0.0198465
0.024794
0.0293541
0.0335089
0.0372494
0.0405739
0.043486
0.0459934
0.0481065
0.0498372
0.0511983
0.0522023
0.0528612
0.0531857
0.0531853
0.0528682
0.0522411
0.0513093
0.0500772
0.0485484
0.0467262
0.0446136
0.0422144
0.0395327
0.0365743
0.0333461
0.0298573
0.0261193
0.0221459
0.0179539
0.0135632
0.00899681
0.00428098
-0.000554564
-0.00547678
-0.0104494
-0.0154329
-0.0203852
-0.0252612
-0.030014
-0.0345949
-0.0389541
-0.0430414
-0.0468071
-0.0502025
-0.0531813
-0.0557002
-0.0577204
-0.059208
-0.0601356
-0.0604832
-0.0602389
-0.0593999
-0.0579731
-0.055976
-0.0534361
-0.0503922
-0.0468931
-0.0429983
-0.0387767
-0.0343064
-0.0296734
-0.024971
-0.0202981
-0.0157588
-0.0114604
-0.00751254
-0.00402505
-0.00111103
0.00346435
0.010123
0.0164364
0.0223521
0.0278355
0.0328643
0.0374262
0.0415177
0.0451418
0.0483066
0.0510238
0.0533072
0.0551719
0.0566331
0.0577055
0.0584029
0.0587375
0.05872
0.0583594
0.0576629
0.0566366
0.0552849
0.0536118
0.0516205
0.0493144
0.0466969
0.0437726
0.0405471
0.0370277
0.0332236
0.0291467
0.0248115
0.0202353
0.0154389
0.0104464
0.00528567
-1.20808e-05
-0.00541179
-0.0108748
-0.0163591
-0.0218191
-0.0272067
-0.0324708
-0.0375584
-0.042415
-0.0469855
-0.0512146
-0.0550482
-0.0584341
-0.0613233
-0.0636709
-0.0654378
-0.0665912
-0.0671064
-0.0669676
-0.0661688
-0.0647148
-0.0626217
-0.0599176
-0.0566422
-0.0528475
-0.0485967
-0.043964
-0.0390336
-0.0338989
-0.0286611
-0.0234277
-0.0183117
-0.0134295
-0.00889962
-0.0048405
-0.00137373
0.00391941
0.0113901
0.0184243
0.0249763
0.0310182
0.0365342
0.0415182
0.0459725
0.0499055
0.0533301
0.0562624
0.05872
0.0607214
0.0622846
0.0634267
0.0641635
0.0645088
0.0644746
0.0640707
0.0633053
0.0621848
0.060714
0.058897
0.0567372
0.0542378
0.0514025
0.0482355
0.0447427
0.0409311
0.0368104
0.0323925
0.0276921
0.0227272
0.0175193
0.0120933
0.00647823
0.00070681
-0.00518413
-0.0111538
-0.0171576
-0.0231471
-0.0290705
-0.0348731
-0.0404973
-0.045884
-0.0509727
-0.0557023
-0.0600128
-0.0638457
-0.0671454
-0.0698609
-0.0719464
-0.0733634
-0.0740814
-0.0740799
-0.0733488
-0.07189
-0.0697179
-0.0668599
-0.0633569
-0.0592631
-0.0546456
-0.0495837
-0.0441683
-0.0385002
-0.0326892
-0.0268522
-0.0211116
-0.0155939
-0.0104275
-0.00574056
-0.00166436
0.00439479
0.0127126
0.0204977
0.0277115
0.0343332
0.0403538
0.0457742
0.0506027
0.0548535
0.058545
0.0616977
0.0643336
0.0664746
0.068142
0.0693556
0.0701331
0.0704903
0.0704405
0.0699946
0.0691615
0.0679481
0.0663597
0.0644005
0.062074
0.0593833
0.0563319
0.0529241
0.0491653
0.0450628
0.0406259
0.0358667
0.0307999
0.0254439
0.0198206
0.0139555
0.00787861
0.00162382
-0.00477049
-0.0112616
-0.0178026
-0.0243421
-0.0308252
-0.0371932
-0.0433843
-0.0493343
-0.054977
-0.0602458
-0.0650739
-0.0693962
-0.07315
-0.0762769
-0.0787243
-0.0804466
-0.0814069
-0.0815787
-0.0809472
-0.0795102
-0.0772795
-0.0742814
-0.0705572
-0.0661628
-0.0611692
-0.0556609
-0.0497352
-0.0435012
-0.0370776
-0.0305914
-0.0241754
-0.0179673
-0.0121063
-0.00673151
-0.00198506
0.00488899
0.0140866
0.0226504
0.0305496
0.037771
0.0443128
0.0501829
0.0553965
0.0599739
0.0639389
0.0673173
0.0701356
0.0724195
0.0741936
0.0754807
0.0763009
0.0766717
0.0766081
0.0761221
0.0752234
0.0739196
0.0722163
0.0701178
0.0676277
0.064749
0.0614849
0.0578396
0.0538181
0.0494276
0.044677
0.0395781
0.0341459
0.0283985
0.0223579
0.0160504
0.00950617
0.00276031
-0.00414762
-0.0111733
-0.0182675
-0.0253765
-0.0324421
-0.0394019
-0.0461897
-0.0527363
-0.05897
-0.0648177
-0.070206
-0.0750623
-0.0793165
-0.082902
-0.0857583
-0.0878318
-0.0890782
-0.0894641
-0.0889685
-0.0875844
-0.0853199
-0.0821993
-0.0782634
-0.0735699
-0.0681926
-0.0622215
-0.0557607
-0.0489275
-0.0418504
-0.0346672
-0.0275223
-0.0205653
-0.0139476
-0.00782052
-0.00233831
0.00540043
0.0155076
0.0248758
0.0334824
0.0413217
0.0484
0.0547325
0.0603413
0.0652534
0.0694986
0.073108
0.0761127
0.0785429
0.0804266
0.0817897
0.0826547
0.0830415
0.0829665
0.082443
0.0814818
0.0800908
0.0782763
0.0760426
0.0733933
0.0703312
0.0668594
0.0629815
0.0587024
0.0540285
0.0489686
0.043534
0.0377392
0.0316022
0.025145
0.0183938
0.0113792
0.00413683
-0.00329278
-0.0108639
-0.0185256
-0.0262219
-0.0338914
-0.0414682
-0.0488819
-0.0560583
-0.06292
-0.0693873
-0.0753798
-0.080817
-0.0856203
-0.0897148
-0.0930307
-0.0955057
-0.0970868
-0.0977324
-0.0974142
-0.0961191
-0.0938505
-0.0906294
-0.0864955
-0.0815071
-0.0757413
-0.0692925
-0.0622721
-0.0548062
-0.0470335
-0.0391034
-0.031173
-0.023405
-0.0159643
-0.00901564
-0.00272693
0.00592744
0.0169712
0.0271671
0.0365008
0.044975
0.0526037
0.0594102
0.0654239
0.0706785
0.0752101
0.0790555
0.0822508
0.0848307
0.086827
0.0882688
0.0891815
0.089587
0.0895035
0.0889459
0.0879257
0.0864518
0.0845306
0.0821668
0.0793638
0.0761243
0.0724511
0.0683473
0.0638171
0.0588665
0.0535036
0.0477392
0.041587
0.0350647
0.0281937
0.0210001
0.0135145
0.00577267
-0.00218419
-0.0103094
-0.0185505
-0.0268495
-0.0351424
-0.0433599
-0.0514276
-0.0592662
-0.0667925
-0.0739205
-0.080562
-0.0866285
-0.0920323
-0.0966891
-0.100519
-0.10345
-0.105419
-0.106376
-0.106282
-0.105117
-0.10288
-0.0995852
-0.0952715
-0.0899968
-0.0838403
-0.0769013
-0.0692982
-0.0611659
-0.0526544
-0.0439255
-0.03515
-0.0265051
-0.0181706
-0.0103258
-0.0031541
0.00646826
0.0184727
0.029517
0.0395957
0.0487197
0.0569118
0.0642029
0.0706302
0.0762345
0.0810584
0.0851447
0.0885348
0.0912678
0.0933798
0.0949033
0.0958665
0.0962938
0.0962053
0.0956173
0.0945425
0.0929905
0.0909681
0.0884802
0.0855302
0.0821205
0.0782535
0.0739317
0.0691588
0.0639399
0.0582823
0.0521959
0.0456938
0.0387927
0.0315134
0.0238813
0.0159267
0.00768527
-0.000801588
-0.00948661
-0.0183163
-0.0272309
-0.0361643
-0.045044
-0.0537917
-0.0623235
-0.0705505
-0.0783798
-0.0857156
-0.0924609
-0.0985184
-0.103794
-0.108196
-0.111642
-0.114057
-0.11538
-0.115564
-0.114578
-0.112412
-0.109077
-0.104607
-0.0990595
-0.0925142
-0.0850753
-0.0768678
-0.0680363
-0.0587422
-0.0491607
-0.0394776
-0.029886
-0.0205818
-0.011761
-0.00362332
0.00702102
0.0200069
0.0319179
0.0427572
0.0525446
0.0613113
0.0690966
0.0759455
0.0819062
0.087028
0.0913597
0.0949483
0.0978379
0.100069
0.101677
0.102694
0.103146
0.103057
0.102442
0.101318
0.099693
0.0975755
0.0949704
0.0918809
0.0883093
0.0842573
0.079727
0.0747211
0.0692439
0.0633017
0.0569034
0.0500609
0.04279
0.0351103
0.0270464
0.0186278
0.0098897
0.000873219
-0.0083742
-0.0177984
-0.0273385
-0.0369263
-0.0464869
-0.0559383
-0.0651921
-0.074154
-0.0827243
-0.0907995
-0.0982735
-0.105039
-0.110991
-0.116027
-0.12005
-0.122975
-0.124727
-0.125247
-0.124494
-0.122448
-0.119112
-0.114516
-0.108714
-0.101786
-0.0938413
-0.0850104
-0.0754477
-0.0653268
-0.0548375
-0.0441816
-0.0335694
-0.0232149
-0.0133318
-0.00413846
0.00758382
0.0215689
0.0343619
0.0459754
0.0564378
0.0657891
0.0740771
0.0813547
0.0876776
0.0931022
0.0976836
0.101474
0.104524
0.106876
0.108572
0.109646
0.110127
0.11004
0.109404
0.108235
0.106543
0.104337
0.101622
0.0984017
0.0946772
0.0904502
0.0857219
0.0804942
0.0747704
0.0685556
0.0618573
0.0546863
0.0470568
0.0389874
0.0305012
0.0216267
0.0123981
0.00285575
-0.00695307
-0.0169741
-0.0271457
-0.0373985
-0.0476551
-0.0578307
-0.0678325
-0.0775611
-0.0869103
-0.0957687
-0.104021
-0.11155
-0.118239
-0.123972
-0.12864
-0.132142
-0.13439
-0.135312
-0.134853
-0.132982
-0.129692
-0.125006
-0.118975
-0.111677
-0.103225
-0.0937547
-0.0834308
-0.0724395
-0.0609859
-0.0492893
-0.0375786
-0.0260877
-0.01505
-0.0047037
0.00815465
0.0231532
0.0368411
0.0492398
0.060387
0.0703314
0.0791293
0.0868418
0.0935322
0.0992639
0.104099
0.108095
0.111307
0.113784
0.115571
0.116704
0.117217
0.117136
0.116483
0.115275
0.113522
0.111235
0.108418
0.105075
0.101208
0.0968167
0.0919021
0.086465
0.0805076
0.0740337
0.0670493
0.0595637
0.0515896
0.0431437
0.0342477
0.0249284
0.0152189
0.00515823
-0.0052071
-0.0158233
-0.0266284
-0.0375522
-0.048516
-0.0594321
-0.0702043
-0.0807281
-0.0908912
-0.100575
-0.109654
-0.118002
-0.125488
-0.131983
-0.137366
-0.141518
-0.144336
-0.145731
-0.145634
-0.144001
-0.140813
-0.136082
-0.129854
-0.122206
-0.11325
-0.103129
-0.0920161
-0.0801118
-0.0676367
-0.054829
-0.0419382
-0.0292195
-0.0169279
-0.0053236
0.00873147
0.0247544
0.0393469
0.0525399
0.0643799
0.0749243
0.084238
0.0923905
0.0994527
0.105495
0.110586
0.114791
0.118168
0.120772
0.122651
0.123848
0.124396
0.124325
0.12366
0.122417
0.12061
0.118248
0.115338
0.111882
0.107882
0.103338
0.0982494
0.0926165
0.0864398
0.0797218
0.072467
0.0646828
0.05638
0.0475736
0.0382832
0.0285338
0.0183565
0.00778894
-0.00312381
-0.0143289
-0.0257648
-0.0373612
-0.0490383
-0.0607066
-0.0722668
-0.0836101
-0.0946186
-0.105166
-0.115119
-0.124338
-0.132682
-0.140008
-0.146177
-0.151055
-0.154521
-0.156469
-0.156811
-0.155486
-0.152463
-0.147741
-0.141358
-0.133386
-0.123936
-0.113158
-0.101234
-0.0883751
-0.0748213
-0.0608303
-0.0466738
-0.0326305
-0.0189788
-0.00600303
0.00931222
0.026367
0.0418713
0.055865
0.0684036
0.0795533
0.0893877
0.0979841
0.105421
0.111778
0.117127
0.121542
0.125086
0.127819
0.129794
0.131055
0.131641
0.131584
0.13091
0.129637
0.127782
0.125353
0.122358
0.118798
0.114676
0.109991
0.104742
0.0989275
0.092547
0.0856014
0.0780934
0.0700285
0.0614154
0.052267
0.0426005
0.0324388
0.0218106
0.0107517
-0.000694968
-0.0124779
-0.0245369
-0.0368019
-0.0491931
-0.0616197
-0.0739802
-0.0861622
-0.0980427
-0.109488
-0.120357
-0.1305
-0.139762
-0.147985
-0.155015
-0.160699
-0.164896
-0.16748
-0.168345
-0.167409
-0.164624
-0.159975
-0.153486
-0.145226
-0.135303
-0.123867
-0.111111
-0.0972607
-0.0825716
-0.0673235
-0.0518123
-0.036342
-0.021217
-0.00674723
0.00989479
0.0279854
0.0444056
0.0592043
0.0724455
0.0842043
0.0945624
0.103606
0.11142
0.118092
0.123702
0.128328
0.13204
0.134903
0.136974
0.138302
0.138928
0.138888
0.138208
0.136912
0.135013
0.132524
0.129451
0.125797
0.121564
0.116751
0.111354
0.105373
0.0988051
0.0916493
0.0839068
0.0755808
0.0666779
0.0572083
0.047187
0.0366341
0.0255757
0.0140451
0.00208273
-0.010262
-0.0229308
-0.0358548
-0.0489547
-0.0621395
-0.0753063
-0.0883399
-0.101113
-0.113486
-0.12531
-0.136423
-0.14666
-0.155847
-0.163811
-0.170383
-0.175399
-0.17871
-0.180188
-0.179731
-0.177267
-0.172764
-0.166233
-0.15773
-0.14736
-0.135276
-0.121676
-0.106799
-0.0909191
-0.0743394
-0.0573813
-0.0403763
-0.0236571
-0.00756173
0.0104771
0.0296041
0.0469416
0.062547
0.076493
0.0888627
0.0997465
0.109238
0.117431
0.124419
0.13029
0.135128
0.139008
0.142002
0.144169
0.145564
0.146232
0.14621
0.145529
0.144211
0.142275
0.139732
0.136589
0.13285
0.128517
0.123586
0.118057
0.111924
0.105186
0.097838
0.0898808
0.0813148
0.0721443
0.0623769
0.0520248
0.041105
0.0296408
0.0176623
0.00520712
-0.0076782
-0.0209377
-0.0345048
-0.0483015
-0.0622374
-0.0762093
-0.0901003
-0.10378
-0.117103
-0.129913
-0.14204
-0.153304
-0.163519
-0.172493
-0.180034
-0.185959
-0.190094
-0.192285
-0.192403
-0.190353
-0.186082
-0.179581
-0.170893
-0.160116
-0.1474
-0.13295
-0.117017
-0.0998948
-0.0819088
-0.0634089
-0.0447565
-0.0263148
-0.00845244
0.0110572
0.0312179
0.0494711
0.0658828
0.0805335
0.0935145
0.104924
0.114864
0.123436
0.13074
0.136871
0.141919
0.145967
0.14909
0.151354
0.152816
0.153525
0.153523
0.152841
0.151506
0.149536
0.146944
0.143739
0.139924
0.1355
0.130465
0.124816
0.118548
0.111655
0.104135
0.0959841
0.0872007
0.0777866
0.0677467
0.0570901
0.0458308
0.0339887
0.0215904
0.00867004
-0.0047292
-0.0185545
-0.0327423
-0.0472168
-0.0618894
-0.0766574
-0.0914035
-0.105995
-0.120283
-0.134105
-0.147281
-0.159621
-0.170922
-0.180977
-0.189571
-0.196498
-0.201556
-0.204563
-0.205363
-0.203833
-0.19989
-0.193506
-0.184704
-0.17357
-0.160251
-0.144954
-0.127943
-0.109528
-0.0900625
-0.0699239
-0.0495064
-0.0292063
-0.00942556
0.0116331
0.0328215
0.0519864
0.0692016
0.084555
0.0981459
0.11008
0.120467
0.129416
0.137034
0.143423
0.14868
0.152893
0.156143
0.158501
0.160029
0.16078
0.160797
0.160116
0.158765
0.156764
0.154129
0.150867
0.146983
0.142479
0.137351
0.131595
0.125206
0.118178
0.110505
0.102181
0.0932035
0.0835712
0.073286
0.0623538
0.0507852
0.0385964
0.0258102
0.012457
-0.00142425
-0.0157845
-0.0305639
-0.0456899
-0.0610767
-0.0766236
-0.0922137
-0.107714
-0.122973
-0.137822
-0.152075
-0.165531
-0.177974
-0.189176
-0.198904
-0.206924
-0.213008
-0.216944
-0.21854
-0.217642
-0.214139
-0.207969
-0.199137
-0.187711
-0.17383
-0.157701
-0.139597
-0.119848
-0.0988304
-0.0769548
-0.0546501
-0.0323484
-0.0104876
0.0122029
0.0344101
0.0544801
0.0724938
0.0885462
0.102744
0.1152
0.12603
0.135353
0.143282
0.149926
0.155388
0.159762
0.163136
0.165585
0.167176
0.167965
0.168
0.167319
0.165953
0.163924
0.161248
0.157935
0.15399
0.149413
0.144202
0.138353
0.131859
0.124712
0.116905
0.108431
0.0992837
0.0894596
0.0789578
0.0677809
0.0559357
0.0434346
0.0302964
0.0165468
0.00222068
-0.0126378
-0.027973
-0.0437168
-0.0597872
-0.0760865
-0.0925002
-0.108896
-0.125121
-0.141003
-0.156352
-0.170956
-0.184585
-0.196996
-0.207935
-0.21714
-0.224355
-0.229332
-0.231847
-0.231707
-0.228763
-0.222923
-0.214161
-0.202523
-0.188135
-0.1712
-0.151999
-0.130878
-0.108241
-0.0845302
-0.0602122
-0.0357584
-0.0116453
0.0127651
0.0359793
0.0569456
0.0757507
0.0924964
0.107295
0.120268
0.131539
0.14123
0.149465
0.156358
0.16202
0.166551
0.170043
0.172578
0.174226
0.17505
0.1751
0.174418
0.173036
0.170979
0.168264
0.164903
0.160902
0.156261
0.150978
0.145047
0.138462
0.131214
0.123292
0.11469
0.105397
0.0954088
0.0847203
0.073331
0.0612442
0.048468
0.0350168
0.0209118
0.00618266
-0.00913145
-0.0249802
-0.0413007
-0.0580158
-0.0750321
-0.0922389
-0.109506
-0.126682
-0.143593
-0.160044
-0.175816
-0.190669
-0.204342
-0.216561
-0.227039
-0.235487
-0.241624
-0.245185
-0.245936
-0.243687
-0.238305
-0.229728
-0.217974
-0.20315
-0.185452
-0.165161
-0.142642
-0.118321
-0.0926777
-0.0662175
-0.039454
-0.0129059
0.0133181
0.0375253
0.0593768
0.0789647
0.0963961
0.11179
0.125274
0.136977
0.147031
0.155564
0.1627
0.168554
0.173234
0.176837
0.17945
0.181151
0.182004
0.182063
0.181375
0.179975
0.177889
0.175136
0.17173
0.167677
0.162978
0.157632
0.151631
0.144969
0.137634
0.129618
0.120909
0.111496
0.101371
0.0905267
0.078959
0.0666672
0.0536555
0.0399335
0.0255175
0.0104318
-0.00529021
-0.021604
-0.0384528
-0.0557653
-0.0734541
-0.0914134
-0.109517
-0.127616
-0.145539
-0.163087
-0.180036
-0.196137
-0.211115
-0.224676
-0.236508
-0.24629
-0.253704
-0.258443
-0.260226
-0.258817
-0.254035
-0.245776
-0.234023
-0.218853
-0.200448
-0.179091
-0.155156
-0.129095
-0.101424
-0.0726904
-0.0434532
-0.0142766
0.0138608
0.039045
0.061769
0.0821291
0.100237
0.116218
0.130203
0.142331
0.152739
0.161563
0.168931
0.174968
0.179787
0.183491
0.186175
0.187918
0.188792
0.188855
0.188155
0.186732
0.184614
0.181823
0.178373
0.174271
0.169519
0.164116
0.158055
0.151328
0.143924
0.135831
0.127037
0.117529
0.107295
0.0963264
0.0846149
0.0721563
0.0589506
0.0450025
0.0303232
0.0149312
-0.00114597
-0.0178705
-0.0351924
-0.0530474
-0.0713549
-0.0900158
-0.10891
-0.127893
-0.146796
-0.165421
-0.183543
-0.200903
-0.217216
-0.23217
-0.245428
-0.256639
-0.265445
-0.271495
-0.274459
-0.274046
-0.270022
-0.262232
-0.250612
-0.235206
-0.216173
-0.193787
-0.168432
-0.140585
-0.110794
-0.079655
-0.0477742
-0.015765
0.0143923
0.0405361
0.0641185
0.085239
0.104013
0.12057
0.135048
0.14759
0.158341
0.167443
0.175033
0.18124
0.186186
0.18998
0.192722
0.194497
0.195382
0.195439
0.19472
0.193267
0.191113
0.18828
0.184785
0.180635
0.175835
0.170382
0.16427
0.15749
0.150031
0.141879
0.13302
0.123441
0.113127
0.102065
0.0902451
0.0776589
0.0643019
0.0501744
0.0352821
0.0196377
0.0032622
-0.0138137
-0.0315472
-0.0498822
-0.0687462
-0.0880479
-0.107675
-0.12749
-0.147329
-0.166998
-0.186271
-0.204886
-0.22255
-0.238933
-0.253679
-0.266404
-0.276713
-0.284208
-0.288504
-0.289252
-0.286157
-0.279002
-0.26767
-0.252159
-0.232595
-0.20924
-0.182477
-0.152806
-0.120812
-0.0871347
-0.0524351
-0.0173789
0.0149122
0.0419972
0.0664233
0.0882912
0.107719
0.124841
0.139799
0.152743
0.163823
0.17319
0.180986
0.18735
0.192408
0.196277
0.199063
0.200857
0.201739
0.201779
0.20103
0.19954
0.197343
0.194463
0.19092
0.186723
0.181876
0.176377
0.170222
0.1634
0.155899
0.147705
0.138803
0.129176
0.118809
0.107686
0.0957928
0.0831184
0.0696541
0.0553953
0.0403424
0.0245021
0.00788855
-0.00947467
-0.0275531
-0.046299
-0.065649
-0.0855213
-0.105813
-0.126395
-0.147113
-0.167777
-0.188164
-0.208014
-0.227026
-0.24486
-0.261139
-0.275453
-0.287366
-0.296434
-0.302216
-0.304296
-0.302313
-0.295979
-0.28511
-0.269647
-0.249675
-0.225429
-0.19729
-0.165772
-0.131497
-0.0951517
-0.057454
-0.0191261
0.0154203
0.0434284
0.0686829
0.0912847
0.111354
0.129026
0.144451
0.157781
0.169175
0.178789
0.186775
0.193276
0.198429
0.202355
0.205168
0.206964
0.20783
0.207837
0.207048
0.205509
0.20326
0.200327
0.196732
0.192485
0.187592
0.182052
0.175859
0.169004
0.161474
0.153254
0.144327
0.134676
0.124283
0.113129
0.101199
0.0884759
0.0749486
0.0606074
0.0454476
0.0294697
0.0126813
-0.00490184
-0.0232536
-0.0423355
-0.0620941
-0.0824584
-0.103336
-0.124609
-0.146133
-0.167727
-0.189176
-0.210222
-0.230562
-0.249849
-0.267691
-0.28365
-0.297258
-0.308021
-0.315438
-0.319028
-0.318349
-0.313036
-0.302825
-0.287589
-0.267356
-0.242324
-0.21286
-0.17949
-0.142866
-0.103727
-0.0628485
-0.0210146
0.0159171
0.044831
0.0708992
0.094221
0.114917
0.133126
0.149
0.162699
0.174388
0.184229
0.192383
0.199002
0.204227
0.20819
0.211008
0.212787
0.213618
0.213578
0.212731
0.211132
0.20882
0.205826
0.202173
0.197873
0.192933
0.187352
0.181127
0.174247
0.166699
0.158468
0.149535
0.139882
0.129489
0.118335
0.106402
0.0936701
0.0801239
0.0657497
0.0505374
0.0344817
0.0175833
-0.000149601
-0.0186996
-0.0380379
-0.0581217
-0.0788914
-0.100267
-0.122144
-0.144388
-0.166834
-0.189273
-0.211456
-0.233085
-0.253807
-0.27322
-0.290866
-0.306242
-0.318808
-0.328006
-0.33328
-0.334107
-0.330029
-0.320693
-0.305887
-0.285567
-0.25988
-0.229168
-0.193958
-0.154932
-0.112879
-0.0686358
-0.0230527
0.016404
0.0462079
0.0730763
0.0971046
0.118413
0.137141
0.153447
0.167494
0.179455
0.1895
0.197797
0.204507
0.20978
0.213754
0.216555
0.218294
0.219069
0.218961
0.218042
0.216366
0.213978
0.210913
0.207193
0.202835
0.197846
0.192227
0.185973
0.179074
0.171519
0.16329
0.154369
0.144735
0.134367
0.123243
0.11134
0.0986387
0.0851176
0.0707593
0.055549
0.0394756
0.0225332
0.0047223
-0.0139483
-0.0334598
-0.0537805
-0.074863
-0.0966406
-0.119023
-0.141891
-0.165093
-0.188435
-0.21168
-0.234535
-0.256652
-0.277622
-0.296972
-0.31417
-0.328635
-0.339747
-0.346878
-0.349413
-0.346797
-0.338573
-0.324425
-0.304221
-0.278039
-0.246183
-0.20917
-0.167705
-0.122625
-0.0748326
-0.0252483
0.0168825
0.0475642
0.0752212
0.0999434
0.121849
0.141079
0.157794
0.172166
0.184372
0.194593
0.203004
0.209776
0.215067
0.219024
0.22178
0.223453
0.224147
0.22395
0.222937
0.221167
0.21869
0.215541
0.211746
0.207323
0.202282
0.196622
0.190342
0.183432
0.175878
0.167664
0.15877
0.149176
0.138858
0.127791
0.115953
0.103319
0.0898662
0.0755722
0.0604177
0.0443865
0.0274662
0.0096498
-0.00906246
-0.0286616
-0.0491273
-0.0704249
-0.0925018
-0.115283
-0.138667
-0.162517
-0.186659
-0.210868
-0.234868
-0.258316
-0.280804
-0.30185
-0.320902
-0.337337
-0.350483
-0.359634
-0.364082
-0.363163
-0.356302
-0.343065
-0.32321
-0.296728
-0.263863
-0.22511
-0.181187
-0.132979
-0.0814546
-0.0276098
0.0173557
0.0489072
0.0773444
0.102749
0.125237
0.144949
0.16205
0.176718
0.189139
0.199503
0.207994
0.214793
0.220068
0.223974
0.226653
0.22823
0.228817
0.228505
0.227376
0.225493
0.222909
0.219662
0.215782
0.211287
0.206188
0.200488
0.194183
0.187265
0.179721
0.171534
0.162684
0.153148
0.142902
0.131922
0.12018
0.10765
0.0943065
0.0801238
0.0650782
0.0491481
0.0323153
0.0145657
-0.0041089
-0.0237091
-0.0442259
-0.0656375
-0.087906
-0.110973
-0.134754
-0.159134
-0.183955
-0.209016
-0.234055
-0.258745
-0.282687
-0.305395
-0.326303
-0.344759
-0.360036
-0.371355
-0.377914
-0.378932
-0.373701
-0.361652
-0.342411
-0.315856
-0.282151
-0.241751
-0.195376
-0.143952
-0.0885166
-0.0301453
0.0178271
0.0502468
0.0794601
0.105539
0.128593
0.148766
0.166226
0.181158
0.193759
0.204226
0.212758
0.219543
0.224762
0.228579
0.231145
0.232593
0.233041
0.232587
0.231317
0.2293
0.22659
0.223231
0.219253
0.214677
0.209515
0.203771
0.197443
0.190522
0.182996
0.174846
0.166054
0.156595
0.146444
0.135575
0.12396
0.11157
0.0983764
0.0843506
0.069465
0.0536936
0.0370123
0.0194006
0.000842332
-0.0186725
-0.0391456
-0.0605683
-0.0829173
-0.106151
-0.130205
-0.154983
-0.180352
-0.206132
-0.232086
-0.257907
-0.283209
-0.307515
-0.330253
-0.350746
-0.368227
-0.381845
-0.390702
-0.393895
-0.390573
-0.38001
-0.361678
-0.335315
-0.300977
-0.259057
-0.210263
-0.155552
-0.0960323
-0.032863
0.0183019
0.0515963
0.0815872
0.108333
0.13194
0.152551
0.170339
0.185498
0.198235
0.208762
0.217287
0.224013
0.22913
0.232815
0.235227
0.236508
0.236782
0.236155
0.234717
0.232541
0.229687
0.226198
0.22211
0.217443
0.212213
0.206423
0.200072
0.193152
0.18565
0.177548
0.168827
0.159463
0.149428
0.138696
0.127237
0.11502
0.102015
0.08819
0.0735139
0.0579565
0.0414888
0.0240843
0.0057193
-0.0136248
-0.0339603
-0.0552907
-0.0776074
-0.100886
-0.125081
-0.150119
-0.175892
-0.202246
-0.22897
-0.255785
-0.282327
-0.308136
-0.332643
-0.35516
-0.374885
-0.390905
-0.402231
-0.407831
-0.406702
-0.397943
-0.380844
-0.354975
-0.320254
-0.276981
-0.22583
-0.167784
-0.104014
-0.0357712
0.0187865
0.0529725
0.08375
0.111161
0.135306
0.156329
0.174409
0.189752
0.202577
0.213111
0.221576
0.228188
0.233152
0.236655
0.238867
0.239938
0.24
0.239167
0.237531
0.235172
0.232151
0.228517
0.224304
0.219538
0.214232
0.208393
0.202019
0.195103
0.187632
0.179589
0.170953
0.1617
0.151802
0.14123
0.129955
0.117944
0.105164
0.0915816
0.0771621
0.0618718
0.0456773
0.0285465
0.0104493
-0.00864101
-0.0287465
-0.0498824
-0.0720541
-0.0952539
-0.119456
-0.14461
-0.170633
-0.197401
-0.224734
-0.252385
-0.28002
-0.307204
-0.333385
-0.357874
-0.379848
-0.398342
-0.412279
-0.420506
-0.421854
-0.415232
-0.399721
-0.374689
-0.339877
-0.295461
-0.242055
-0.180647
-0.112475
-0.0388781
0.019289
0.0543971
0.085979
0.114058
0.138727
0.160133
0.178465
0.193941
0.206797
0.217275
0.225617
0.232055
0.236806
0.240071
0.242031
0.242846
0.242656
0.241578
0.239714
0.237145
0.233935
0.230137
0.225787
0.22091
0.215523
0.209632
0.203236
0.196328
0.188895
0.180921
0.172382
0.163256
0.153514
0.143127
0.132062
0.120288
0.107768
0.0944673
0.0803491
0.0653763
0.0495117
0.0327183
0.0149602
-0.00379644
-0.0235826
-0.0444241
-0.0663396
-0.0893374
-0.113411
-0.138532
-0.164646
-0.191658
-0.219423
-0.247731
-0.276285
-0.304687
-0.332409
-0.358779
-0.382965
-0.403966
-0.420628
-0.431678
-0.435782
-0.43164
-0.418099
-0.394285
-0.359723
-0.314423
-0.258903
-0.19414
-0.121423
-0.0421924
0.0198201
0.0558969
0.0883123
0.117067
0.142247
0.164003
0.182538
0.198088
0.210907
0.221259
0.229406
0.235598
0.240068
0.243033
0.244684
0.245192
0.244703
0.243343
0.241217
0.238409
0.234989
0.231009
0.226507
0.221511
0.216037
0.210091
0.203674
0.196779
0.189391
0.181495
0.173067
0.164084
0.154517
0.144336
0.133508
0.121999
0.109773
0.0967915
0.0830169
0.0684092
0.0529279
0.0365322
0.0191811
0.000834317
-0.0185466
-0.0389973
-0.0605485
-0.0832231
-0.107033
-0.131972
-0.158013
-0.185091
-0.2131
-0.241868
-0.271145
-0.300574
-0.329669
-0.357786
-0.384103
-0.407599
-0.42706
-0.441101
-0.448224
-0.446908
-0.435741
-0.413568
-0.379648
-0.333776
-0.276334
-0.208254
-0.130871
-0.0457231
0.0203925
0.0575056
0.0907968
0.120241
0.145918
0.167988
0.186669
0.20222
0.214923
0.225065
0.232933
0.238797
0.242911
0.245505
0.246785
0.246929
0.246094
0.24441
0.241987
0.238913
0.23526
0.23108
0.226415
0.22129
0.215724
0.209723
0.203287
0.196408
0.189074
0.181266
0.172963
0.164139
0.154766
0.144812
0.134245
0.123029
0.111128
0.0985017
0.0851105
0.0709127
0.0558651
0.0399236
0.0230433
0.00517855
-0.0137157
-0.0336835
-0.0547661
-0.077
-0.100413
-0.125022
-0.150824
-0.177787
-0.20584
-0.234859
-0.264639
-0.294878
-0.325141
-0.354829
-0.383147
-0.409075
-0.431361
-0.448523
-0.458904
-0.460758
-0.452387
-0.432316
-0.399485
-0.353413
-0.294293
-0.222978
-0.140827
-0.04948
0.0210229
0.0592647
0.0934903
0.123644
0.149804
0.172141
0.1909
0.206368
0.21886
0.228695
0.236186
0.24163
0.245302
0.247447
0.248286
0.248007
0.246774
0.244724
0.241969
0.238601
0.234692
0.230297
0.225455
0.220196
0.214535
0.208478
0.202026
0.195171
0.187898
0.180191
0.172025
0.163376
0.154216
0.144511
0.134229
0.123333
0.111786
0.0995484
0.0865781
0.0728321
0.0582653
0.0428312
0.0264814
0.00916646
-0.00916435
-0.028562
-0.0490768
-0.0707568
-0.0936457
-0.117778
-0.143176
-0.169839
-0.197734
-0.22678
-0.256829
-0.287635
-0.318827
-0.349865
-0.380004
-0.408248
-0.433328
-0.453693
-0.467538
-0.472891
-0.46775
-0.45028
-0.419041
-0.373208
-0.312719
-0.238297
-0.151302
-0.0534741
0.0217315
0.0612259
0.0964633
0.127355
0.153979
0.176528
0.19528
0.210563
0.222732
0.232143
0.239146
0.244065
0.247198
0.248809
0.249132
0.248367
0.246683
0.244222
0.2411
0.237411
0.233225
0.2286
0.223574
0.218174
0.212417
0.206307
0.199845
0.19302
0.18582
0.178225
0.170212
0.161755
0.152825
0.14339
0.133416
0.122866
0.111703
0.0998853
0.0873712
0.0741164
0.0600746
0.0451974
0.0294341
0.0127322
-0.00496327
-0.0237087
-0.0435619
-0.0645807
-0.0868216
-0.110337
-0.13517
-0.16135
-0.18888
-0.217725
-0.247791
-0.2789
-0.31075
-0.342877
-0.374605
-0.404989
-0.432773
-0.456362
-0.47383
-0.482987
-0.481515
-0.467178
-0.438094
-0.393013
-0.331537
-0.254193
-0.162308
-0.0577181
0.0225442
0.063453
0.0998014
0.131465
0.158529
0.18122
0.199862
0.214835
0.226546
0.2354
0.241785
0.24606
0.248546
0.24953
0.249257
0.247938
0.245749
0.242834
0.239312
0.235275
0.230796
0.225928
0.220711
0.215169
0.209317
0.20316
0.196694
0.189911
0.182794
0.175326
0.167481
0.159234
0.150554
0.14141
0.131768
0.121589
0.110837
0.0994696
0.0874453
0.0747188
0.0612433
0.0469693
0.0318447
0.0158148
-0.00117813
-0.0191947
-0.0382982
-0.0585544
-0.0800304
-0.102793
-0.126905
-0.152423
-0.179382
-0.207794
-0.237619
-0.268747
-0.300957
-0.333874
-0.366908
-0.399193
-0.429521
-0.456288
-0.47748
-0.490709
-0.493336
-0.482694
-0.456389
-0.412655
-0.350656
-0.270643
-0.17386
-0.0622278
0.0234934
0.0660251
0.103609
0.136084
0.163554
0.186295
0.204696
0.219208
0.230301
0.23844
0.244059
0.247555
0.249278
0.249533
0.248581
0.24664
0.24389
0.24048
0.236525
0.232119
0.227332
0.222214
0.216803
0.211121
0.20518
0.198983
0.192525
0.185795
0.178778
0.171452
0.163794
0.155775
0.147366
0.138535
0.129246
0.119464
0.10915
0.0982627
0.0867601
0.0745973
0.0617271
0.0480997
0.0336625
0.0183597
0.00213178
-0.0150843
-0.033356
-0.0527546
-0.0733557
-0.0952375
-0.11848
-0.143161
-0.169349
-0.197095
-0.226416
-0.257269
-0.289518
-0.322888
-0.356896
-0.390781
-0.423419
-0.453241
-0.478185
-0.495699
-0.502836
-0.496469
-0.473629
-0.431928
-0.369972
-0.287625
-0.185977
-0.0670228
0.0246202
0.0690404
0.108012
0.14134
0.169164
0.191835
0.209831
0.223694
0.233979
0.241218
0.245902
0.248469
0.2493
0.24872
0.247002
0.244371
0.241009
0.237065
0.232652
0.227859
0.222754
0.217384
0.211782
0.205966
0.199946
0.193722
0.187287
0.180628
0.173728
0.166563
0.159111
0.151341
0.143225
0.134729
0.12582
0.116459
0.10661
0.096231
0.0852812
0.0737157
0.0614878
0.0485481
0.0348441
0.0203197
0.00491517
-0.011434
-0.0287974
-0.04725
-0.0668732
-0.0877541
-0.109986
-0.133664
-0.158886
-0.18574
-0.214292
-0.244568
-0.27652
-0.309977
-0.344581
-0.379703
-0.414337
-0.447001
-0.475638
-0.49758
-0.509599
-0.508098
-0.48947
-0.450589
-0.389359
-0.30511
-0.198687
-0.0721287
0.025977
0.0726212
0.113164
0.147382
0.175481
0.19792
0.215302
0.228287
0.237534
0.243659
0.247217
0.248692
0.248495
0.246969
0.244399
0.241012
0.236991
0.23248
0.227589
0.222401
0.216977
0.211359
0.205575
0.199639
0.193557
0.187324
0.180932
0.174364
0.167602
0.160622
0.153398
0.145901
0.138101
0.129965
0.121459
0.112546
0.103189
0.0933476
0.0829811
0.0720457
0.0604958
0.0482828
0.035355
0.0216574
0.00713061
-0.00828981
-0.024674
-0.0420987
-0.0606486
-0.0804169
-0.101506
-0.124026
-0.148097
-0.173838
-0.201363
-0.23076
-0.262068
-0.295224
-0.330006
-0.365939
-0.402177
-0.437373
-0.469541
-0.495961
-0.513173
-0.517121
-0.503506
-0.468347
-0.408661
-0.323068
-0.212027
-0.0775796
0.0276315
0.0769206
0.119248
0.15438
0.182631
0.204621
0.221121
0.232946
0.240882
0.245647
0.247867
0.248072
0.246704
0.244124
0.240619
0.236418
0.2317
0.2266
0.221221
0.215638
0.209904
0.204053
0.198106
0.192071
0.18595
0.179733
0.173409
0.16696
0.160362
0.153593
0.146624
0.139427
0.13197
0.124221
0.116145
0.107707
0.0988697
0.0895949
0.0798422
0.0695693
0.0587318
0.0472829
0.0351725
0.0223471
0.00874886
-0.00568536
-0.0210248
-0.0373462
-0.0547351
-0.0732878
-0.0931124
-0.11433
-0.137077
-0.161497
-0.187746
-0.215967
-0.24628
-0.278731
-0.313241
-0.349506
-0.386874
-0.424187
-0.459603
-0.490434
-0.513063
-0.523012
-0.515259
-0.484841
-0.427688
-0.341463
-0.226051
-0.0834221
0.0296716
0.0821307
0.126485
0.162523
0.190739
0.211984
0.227258
0.237576
0.243882
0.247008
0.247655
0.246405
0.243726
0.239986
0.235475
0.230416
0.224976
0.219281
0.213419
0.207456
0.201433
0.195375
0.189294
0.183193
0.177066
0.170899
0.164677
0.158378
0.151978
0.145452
0.138769
0.131902
0.124818
0.117484
0.109868
0.101934
0.0936467
0.0849683
0.0758601
0.0662817
0.0561907
0.0455421
0.0342882
0.0223779
0.0097556
-0.00363927
-0.0178738
-0.0330228
-0.0491711
-0.0664148
-0.0848647
-0.104648
-0.125911
-0.148818
-0.173555
-0.200315
-0.229288
-0.260626
-0.294389
-0.330458
-0.368403
-0.407309
-0.445556
-0.480587
-0.508732
-0.525167
-0.524151
-0.499624
-0.446192
-0.36025
-0.240834
-0.0897209
0.0322135
0.0884945
0.135136
0.172014
0.19991
0.220007
0.233616
0.242006
0.246309
0.247483
0.246313
0.243423
0.239298
0.234312
0.228743
0.222801
0.216638
0.21036
0.204041
0.197731
0.191458
0.185235
0.179065
0.172942
0.166852
0.160779
0.154701
0.148594
0.142432
0.136185
0.129826
0.123323
0.116646
0.109761
0.102637
0.0952382
0.0875314
0.0794803
0.0710482
0.0621965
0.0528853
0.0430721
0.032712
0.021757
0.0101547
-0.00215206
-0.015227
-0.0291417
-0.0439778
-0.0598295
-0.0768063
-0.0950371
-0.114674
-0.135894
-0.158903
-0.183934
-0.211237
-0.241056
-0.273586
-0.308895
-0.346795
-0.386658
-0.427166
-0.466011
-0.499604
-0.522899
-0.529486
-0.512129
-0.463843
-0.379363
-0.256478
-0.0965678
0.0354134
0.0963202
0.145507
0.183056
0.210199
0.228602
0.23999
0.245945
0.24782
0.24671
0.243476
0.238774
0.233096
0.226803
0.220156
0.21334
0.20648
0.199662
0.192939
0.186339
0.179876
0.17355
0.167351
0.161265
0.155272
0.149348
0.143467
0.137602
0.131724
0.125803
0.119809
0.113711
0.107479
0.101079
0.0944814
0.0876522
0.0805589
0.0731675
0.0654434
0.0573505
0.0488517
0.0399075
0.0304765
0.0205141
0.00997193
-0.00120306
-0.0130701
-0.0256961
-0.039158
-0.0535455
-0.0689645
-0.0855413
-0.103428
-0.122806
-0.143896
-0.166956
-0.19228
-0.220192
-0.251005
-0.284967
-0.322139
-0.362216
-0.404256
-0.446321
-0.485073
-0.515424
-0.530419
-0.521616
-0.480185
-0.398696
-0.273122
-0.104095
0.0394869
0.106002
0.157945
0.195818
0.221566
0.23754
0.246007
0.248936
0.247919
0.244188
0.238662
0.232013
0.224718
0.217108
0.20941
0.201772
0.194288
0.187011
0.179968
0.173167
0.166601
0.160256
0.15411
0.148139
0.142315
0.136608
0.130989
0.125426
0.119888
0.114345
0.108765
0.103118
0.0973729
0.0914988
0.0854652
0.0792411
0.0727954
0.0660967
0.0591125
0.05181
0.0441549
0.0361113
0.0276416
0.0187051
0.00925821
-0.000747364
-0.0113655
-0.0226574
-0.0346939
-0.0475583
-0.06135
-0.0761893
-0.0922232
-0.109632
-0.128639
-0.149515
-0.172586
-0.19823
-0.226861
-0.258885
-0.294605
-0.334056
-0.376732
-0.421187
-0.464528
-0.501863
-0.525918
-0.52712
-0.494564
-0.418063
-0.290949
-0.112499
0.0447402
0.118042
0.172818
0.210378
0.233786
0.246356
0.251052
0.250286
0.245901
0.239242
0.231257
0.222597
0.213695
0.204832
0.196179
0.187836
0.179852
0.172246
0.165012
0.158133
0.151583
0.145331
0.139342
0.133583
0.128017
0.12261
0.117328
0.112137
0.107004
0.101898
0.0967862
0.0916397
0.0864281
0.0811219
0.0756923
0.0701101
0.0643467
0.0583731
0.0521599
0.0456773
0.0388945
0.0317795
0.0242987
0.0164162
0.00809306
-0.000713377
-0.010051
-0.0199745
-0.0305474
-0.0418449
-0.0539579
-0.0669976
-0.0811016
-0.0964424
-0.113237
-0.131756
-0.152339
-0.175398
-0.201417
-0.230932
-0.26446
-0.302369
-0.344623
-0.390379
-0.437388
-0.481262
-0.514744
-0.527363
-0.506026
-0.437119
-0.310181
-0.122076
0.0516248
0.133082
0.190464
0.22661
0.246315
0.25422
0.254148
0.248991
0.24081
0.231009
0.22051
0.209895
0.199513
0.189564
0.180146
0.171295
0.163009
0.155261
0.148014
0.141223
0.134841
0.128821
0.123117
0.117685
0.112483
0.107471
0.102613
0.0978715
0.093214
0.0886083
0.0840235
0.0794302
0.0748
0.0701053
0.0653191
0.0604149
0.0553666
0.0501483
0.0447338
0.0390966
0.0332099
0.0270457
0.0205748
0.0137661
0.00658621
-0.00100188
-0.00903954
-0.0175742
-0.0266612
-0.0363667
-0.046771
-0.0579737
-0.0700995
-0.0833069
-0.0977986
-0.113835
-0.131749
-0.151962
-0.174997
-0.201475
-0.232087
-0.267497
-0.308139
-0.353837
-0.403182
-0.452634
-0.495431
-0.520659
-0.513148
-0.455222
-0.331062
-0.133288
0.0608346
0.151912
0.211063
0.243965
0.258058
0.259746
0.253832
0.243655
0.231402
0.218437
0.205566
0.193236
0.181666
0.170942
0.161068
0.152006
0.143692
0.136056
0.129026
0.12253
0.116502
0.11088
0.105608
0.100635
0.0959143
0.0914024
0.0870604
0.082852
0.0787437
0.0747042
0.0707043
0.0667161
0.0627133
0.0586708
0.0545641
0.0503698
0.0460647
0.0416261
0.0370315
0.0322582
0.0272833
0.022083
0.0166329
0.010907
0.00487709
-0.0014875
-0.00822144
-0.0153645
-0.0229633
-0.0310741
-0.0397655
-0.0491233
-0.0592565
-0.0703049
-0.0824504
-0.0959308
-0.111057
-0.128236
-0.147992
-0.170987
-0.198018
-0.229981
-0.267728
-0.311765
-0.36166
-0.415071
-0.466329
-0.50482
-0.513811
-0.471166
-0.353764
-0.146867
0.0734745
0.175433
0.234343
0.261088
0.267027
0.260742
0.24801
0.232448
0.216179
0.20036
0.185564
0.17202
0.15977
0.148756
0.138873
0.130002
0.122021
0.114814
0.108277
0.102318
0.0968553
0.0918158
0.0871368
0.0827627
0.0786444
0.0747382
0.0710052
0.0674101
0.063921
0.0605087
0.0571462
0.0538086
0.0504722
0.0471149
0.0437157
0.0402541
0.0367107
0.0330663
0.0293022
0.0253995
0.0213396
0.0171031
0.0126703
0.00802021
0.0031303
-0.00202414
-0.00747088
-0.0132419
-0.0193751
-0.025916
-0.0329209
-0.0404609
-0.0486267
-0.0575365
-0.0673455
-0.0782601
-0.0905556
-0.104601
-0.120886
-0.14006
-0.162956
-0.190603
-0.224167
-0.26476
-0.312971
-0.367935
-0.425737
-0.477112
-0.504892
-0.482725
-0.378127
-0.163952
0.0913196
0.204415
0.258947
0.275163
0.269863
0.253969
0.233914
0.213202
0.193558
0.175709
0.159854
0.145929
0.133757
0.123124
0.113816
0.105636
0.098412
0.0919948
0.0862581
0.0810952
0.076416
0.072144
0.0682146
0.0645721
0.0611691
0.0579639
0.0549202
0.0520061
0.0491929
0.0464549
0.0437686
0.0411126
0.0384671
0.0358135
0.0331344
0.0304134
0.0276345
0.0247826
0.0218428
0.0188004
0.0156408
0.0123492
0.00891026
0.0053081
0.00152558
-0.0024561
-0.00665807
-0.0111048
-0.0158251
-0.0208544
-0.0262364
-0.0320266
-0.0382968
-0.0451411
-0.0526847
-0.061096
-0.0706033
-0.0815185
-0.0942684
-0.109436
-0.127812
-0.15044
-0.178645
-0.213974
-0.25792
-0.311203
-0.372243
-0.434416
-0.482007
-0.485944
-0.403029
-0.186192
0.117233
0.23872
0.281154
0.280904
0.261343
0.23509
0.208351
0.183802
0.162319
0.14395
0.1284
0.115272
0.10417
0.0947382
0.0866767
0.0797369
0.0737164
0.0684514
0.063809
0.0596814
0.0559806
0.0526343
0.0495827
0.0467758
0.0441715
0.0417341
0.0394325
0.03724
0.035133
0.0330907
0.0310943
0.0291267
0.0271726
0.0252176
0.0232484
0.0212525
0.019218
0.0171336
0.0149884
0.0127718
0.0104731
0.00808173
0.00558685
0.00297714
0.000240482
-0.00263636
-0.00566834
-0.00887282
-0.0122705
-0.0158865
-0.0197526
-0.0239093
-0.0284091
-0.0333219
-0.0387409
-0.0447933
-0.0516536
-0.059564
-0.0688632
-0.0800277
-0.0937287
-0.110906
-0.132851
-0.161278
-0.198276
-0.245961
-0.305348
-0.373707
-0.439409
-0.47416
-0.425182
-0.215877
0.15613
0.275087
0.291983
0.268806
0.233905
0.199026
0.168431
0.14302
0.122383
0.105741
0.0923077
0.0814025
0.0724763
0.0650991
0.0589387
0.0537401
0.0493065
0.045486
0.0421603
0.0392363
0.0366402
0.034313
0.0322069
0.0302827
0.028508
0.0268556
0.0253025
0.023829
0.022418
0.0210544
0.0197251
0.0184179
0.0171223
0.0158283
0.0145269
0.0132095
0.0118685
0.0104961
0.00908522
0.00762895
0.00612043
0.00455286
0.00291933
0.00121265
-0.00057482
-0.00245146
-0.00442676
-0.00651178
-0.00871974
-0.011067
-0.013574
-0.0162674
-0.0191818
-0.0223635
-0.0258751
-0.0298021
-0.0342636
-0.0394264
-0.0455282
-0.0529109
-0.0620715
-0.0737376
-0.0889765
-0.109341
-0.137031
-0.174952
-0.226329
-0.292941
-0.370146
-0.436582
-0.436772
-0.256244
0.213989
0.300598
0.272375
0.223956
0.178792
0.141949
0.113582
0.0922022
0.0761062
0.0638882
0.0544975
0.0471738
0.0413737
0.0367088
0.0329005
0.0297468
0.0270996
0.0248489
0.0229119
0.0212255
0.0197406
0.0184191
0.0172305
0.0161502
0.0151582
0.0142381
0.013376
0.0125601
0.0117804
0.0110282
0.0102958
0.00957624
0.00886353
0.0081521
0.00743687
0.00671316
0.00597662
0.00522316
0.00444889
0.00365009
0.00282312
0.00196439
0.00107026
0.000136963
-0.000839487
-0.0018635
-0.00294008
-0.00407506
-0.00527552
-0.00655024
-0.00791039
-0.00937044
-0.0109495
-0.0126732
-0.0145764
-0.0167071
-0.0191324
-0.0219472
-0.0252884
-0.0293563
-0.034449
-0.0410182
-0.049761
-0.0617699
-0.0787733
-0.103491
-0.140014
-0.193639
-0.268269
-0.357424
-0.419018
-0.305816
0.266009
0.275955
0.198596
0.138936
0.0984642
0.071066
0.0526641
0.0402607
0.0317401
0.0257331
0.0213811
0.0181427
0.0156711
0.0137405
0.0122002
0.0109477
0.00991168
0.00904114
0.00829902
0.00765782
0.00709675
0.00659983
0.00615456
0.00575102
0.00538121
0.00503859
0.00471773
0.00441406
0.0041237
0.00384328
0.00356987
0.00330088
0.003034
0.00276716
0.00249846
0.00222618
0.00194871
0.00166456
0.00137234
0.0010707
0.000758337
0.000433982
9.63386e-05
-0.000255844
-0.000624042
-0.00100984
-0.00141501
-0.00184168
-0.00229246
-0.00277062
-0.00328037
-0.00382723
-0.00441852
-0.00506413
-0.00577758
-0.00657755
-0.00749025
-0.00855304
-0.0098201
-0.0113716
-0.0133288
-0.0158808
-0.0193307
-0.0241841
-0.0313194
-0.0423283
-0.0601787
-0.0903349
-0.141897
-0.2255
-0.331008
-0.319485
0.142935
0.125432
0.0767435
0.0457846
0.0280218
0.0176529
0.0115781
0.00799232
0.00581832
0.00444648
0.00354128
0.00291665
0.00246708
0.00213108
0.00187166
0.00166574
0.00149836
0.00135949
0.00124218
0.00114143
0.00105362
0.000975987
0.000906441
0.000843333
0.000785352
0.000731434
0.000680701
0.000632421
0.00058597
0.000540812
0.000496481
0.000452567
0.000408705
0.000364568
0.000319861
0.000274318
0.00022769
0.000179753
0.000130293
7.91105e-05
2.60129e-05
-2.9195e-05
-8.67154e-05
-0.000146656
-0.000209307
-0.000274909
-0.000343736
-0.000416129
-0.000492521
-0.000573469
-0.000659707
-0.00075221
-0.00085229
-0.000961732
-0.00108299
-0.00121946
-0.00137595
-0.0015593
-0.00177949
-0.00205142
-0.00239794
-0.00285547
-0.00348469
-0.00439273
-0.00578223
-0.00806641
-0.0121427
-0.0200323
-0.0362275
-0.0695591
-0.12766
-0.152141
)
;

boundaryField
{
    movingWall
    {
        type            calculated;
        value           uniform 0;
    }
    fixedWalls
    {
        type            calculated;
        value           uniform 0;
    }
    frontAndBack
    {
        type            empty;
    }
}


// ************************************************************************* //
