/*--------------------------------*- C++ -*----------------------------------*\
  =========                 |
  \\      /  F ield         | OpenFOAM: The Open Source CFD Toolbox
   \\    /   O peration     | Website:  https://openfoam.org
    \\  /    A nd           | Version:  dev
     \\/     M anipulation  |
\*---------------------------------------------------------------------------*/
FoamFile
{
    format      ascii;
    class       volScalarField;
    location    "45.45";
    object      Ux;
}
// * * * * * * * * * * * * * * * * * * * * * * * * * * * * * * * * * * * * * //

dimensions      [0 1 -1 0 0 0 0];

internalField   nonuniform List<scalar> 
5184
(
1.24356e-05
4.53474e-05
8.04521e-05
9.60885e-05
8.2254e-05
3.65498e-05
-4.04831e-05
-0.000146827
-0.000279688
-0.00043601
-0.00061267
-0.000806634
-0.00101503
-0.0012352
-0.00146468
-0.0017012
-0.0019427
-0.00218727
-0.0024331
-0.00267854
-0.00292195
-0.00316179
-0.00339652
-0.00362463
-0.00384457
-0.00405481
-0.0042538
-0.00443995
-0.0046117
-0.00476746
-0.00490566
-0.0050248
-0.00512339
-0.00520007
-0.00525358
-0.0052828
-0.00528678
-0.0052648
-0.00521636
-0.00514122
-0.00503946
-0.00491144
-0.00475787
-0.00457981
-0.00437866
-0.00415618
-0.00391446
-0.00365593
-0.00338332
-0.00309964
-0.00280811
-0.00251219
-0.00221542
-0.00192147
-0.00163402
-0.0013567
-0.00109306
-0.000846464
-0.000620063
-0.000416708
-0.000238895
-8.87051e-05
3.22723e-05
0.000123023
0.00018322
0.000213367
0.000215052
0.000191326
0.000147222
9.08395e-05
3.66481e-05
6.23147e-06
2.09196e-05
6.57825e-05
9.48904e-05
7.29852e-05
-1.87696e-05
-0.000187196
-0.000432882
-0.000752611
-0.00114084
-0.00159078
-0.00209509
-0.00264631
-0.00323713
-0.00386056
-0.00451
-0.00517923
-0.00586247
-0.00655426
-0.00724946
-0.00794319
-0.00863076
-0.00930759
-0.00996922
-0.0106112
-0.0112292
-0.0118187
-0.0123754
-0.0128948
-0.0133725
-0.0138043
-0.0141858
-0.0145129
-0.0147818
-0.0149888
-0.0151307
-0.0152046
-0.0152081
-0.0151395
-0.0149976
-0.0147821
-0.0144933
-0.0141326
-0.0137019
-0.0132044
-0.012644
-0.0120255
-0.0113547
-0.0106383
-0.00988362
-0.00909876
-0.00829243
-0.00747382
-0.00665246
-0.00583809
-0.00504051
-0.00426937
-0.00353408
-0.00284354
-0.00220605
-0.00162908
-0.00111911
-0.000681433
-0.00031997
-3.70051e-05
0.000167098
0.000294266
0.000349253
0.000340335
0.000280009
0.000186142
8.64139e-05
1.96928e-05
1.7675e-05
4.14362e-05
1.97428e-05
-8.38565e-05
-0.000290149
-0.000607883
-0.00103832
-0.00157765
-0.0022187
-0.00295229
-0.00376813
-0.00465551
-0.0056037
-0.00660224
-0.00764106
-0.00871061
-0.0098018
-0.010906
-0.0120151
-0.0131211
-0.0142165
-0.0152939
-0.0163461
-0.0173659
-0.0183463
-0.0192802
-0.0201606
-0.0209805
-0.0217331
-0.0224115
-0.0230092
-0.0235198
-0.0239376
-0.0242569
-0.024473
-0.0245815
-0.0245791
-0.0244632
-0.0242324
-0.0238864
-0.0234259
-0.0228531
-0.0221715
-0.0213859
-0.0205026
-0.0195292
-0.0184746
-0.0173492
-0.0161641
-0.014932
-0.013666
-0.0123803
-0.0110895
-0.0098082
-0.00855149
-0.00733402
-0.00617005
-0.00507311
-0.00405575
-0.00312924
-0.00230332
-0.00158589
-0.000982681
-0.000496923
-0.00012893
0.000124373
0.000270089
0.000320076
0.000291472
0.00020752
0.000102506
2.49903e-05
8.86114e-06
-6.94717e-06
-0.000107497
-0.000322303
-0.000669616
-0.00115784
-0.00178773
-0.00255452
-0.00344964
-0.00446209
-0.00557936
-0.00678825
-0.00807535
-0.00942739
-0.0108315
-0.0122752
-0.0137465
-0.0152342
-0.0167272
-0.018215
-0.0196874
-0.0211343
-0.0225461
-0.0239131
-0.0252257
-0.0264744
-0.02765
-0.0287431
-0.0297446
-0.0306456
-0.0314375
-0.0321123
-0.0326621
-0.03308
-0.0333599
-0.0334963
-0.0334851
-0.0333232
-0.0330091
-0.0325424
-0.0319245
-0.0311585
-0.0302491
-0.0292028
-0.0280279
-0.0267343
-0.0253339
-0.0238398
-0.0222671
-0.0206317
-0.0189509
-0.0172428
-0.0155263
-0.0138206
-0.0121447
-0.0105177
-0.00895801
-0.00748296
-0.00610874
-0.00484983
-0.00371875
-0.0027256
-0.0018777
-0.00117919
-0.000630535
-0.000228023
3.68255e-05
0.000177921
0.000214996
0.000174228
9.30847e-05
2.40396e-05
-2.11349e-06
-6.72644e-05
-0.000264095
-0.000609819
-0.00111694
-0.00179167
-0.00263302
-0.00363461
-0.00478631
-0.0060754
-0.00748753
-0.00900744
-0.0106195
-0.0123082
-0.0140583
-0.0158548
-0.0176834
-0.0195303
-0.0213821
-0.0232259
-0.025049
-0.0268391
-0.0285841
-0.0302722
-0.0318914
-0.0334302
-0.0348771
-0.0362208
-0.0374501
-0.0385544
-0.0395232
-0.0403467
-0.0410159
-0.0415225
-0.0418591
-0.0420195
-0.0419991
-0.0417942
-0.0414033
-0.0408262
-0.0400648
-0.039123
-0.0380067
-0.0367237
-0.0352842
-0.0337002
-0.0319859
-0.0301572
-0.028232
-0.0262293
-0.0241699
-0.0220754
-0.0199683
-0.0178712
-0.0158073
-0.013799
-0.0118684
-0.0100361
-0.00832146
-0.00674185
-0.00531219
-0.0040446
-0.00294797
-0.00202742
-0.0012839
-0.00071363
-0.000307623
-5.10924e-05
7.68501e-05
0.00010372
6.75601e-05
1.96764e-05
-1.36911e-05
-0.000132841
-0.000435889
-0.000924821
-0.00160427
-0.00247681
-0.0035386
-0.00478092
-0.00619169
-0.00775638
-0.00945886
-0.011282
-0.0132084
-0.0152205
-0.017301
-0.019433
-0.0215999
-0.023786
-0.0259755
-0.0281535
-0.0303053
-0.0324163
-0.0344725
-0.0364598
-0.0383644
-0.0401729
-0.0418716
-0.0434476
-0.0448879
-0.0461801
-0.0473124
-0.0482736
-0.0490531
-0.0496418
-0.0500313
-0.0502147
-0.0501867
-0.0499435
-0.0494834
-0.0488066
-0.0479153
-0.0468141
-0.0455098
-0.0440116
-0.0423312
-0.0404824
-0.0384813
-0.0363463
-0.0340974
-0.0317568
-0.0293478
-0.0268952
-0.0244246
-0.0219618
-0.0195332
-0.0171645
-0.0148808
-0.0127058
-0.0106618
-0.00876851
-0.00704333
-0.00550031
-0.00414995
-0.00299858
-0.002048
-0.00129491
-0.000730536
-0.000340144
-0.00010276
9.26385e-06
3.25454e-05
1.36309e-05
-2.51881e-05
-0.00020005
-0.000614221
-0.00125322
-0.0021126
-0.00319019
-0.00447843
-0.0059656
-0.0076372
-0.00947666
-0.011466
-0.0135864
-0.0158186
-0.0181434
-0.0205418
-0.0229949
-0.0254846
-0.027993
-0.0305027
-0.0329969
-0.0354588
-0.0378723
-0.0402212
-0.0424898
-0.0446625
-0.0467239
-0.048659
-0.0504529
-0.0520912
-0.0535602
-0.0548464
-0.0559375
-0.0568219
-0.0574893
-0.0579307
-0.0581385
-0.0581068
-0.0578317
-0.0573113
-0.0565458
-0.0555381
-0.0542931
-0.0528185
-0.0511246
-0.0492241
-0.0471326
-0.0448677
-0.0424498
-0.0399011
-0.037246
-0.0345105
-0.0317218
-0.0289082
-0.0260988
-0.0233224
-0.0206079
-0.0179831
-0.0154747
-0.0131074
-0.0109036
-0.00888294
-0.00706149
-0.0054515
-0.00406081
-0.00289242
-0.00194403
-0.0012077
-0.000669462
-0.000309106
-9.97789e-05
-7.67545e-06
6.86926e-06
-3.63476e-05
-0.000267009
-0.000793967
-0.00158609
-0.00262921
-0.00391578
-0.00543382
-0.00716803
-0.0091011
-0.0112141
-0.0134872
-0.0158997
-0.0184306
-0.0210593
-0.023765
-0.0265274
-0.0293268
-0.0321436
-0.0349589
-0.0377541
-0.040511
-0.0432116
-0.0458383
-0.0483736
-0.0508004
-0.0531018
-0.0552611
-0.0572622
-0.0590891
-0.0607269
-0.0621609
-0.0633776
-0.0643645
-0.0651103
-0.0656052
-0.0658411
-0.0658116
-0.0655126
-0.0649418
-0.0640997
-0.0629891
-0.0616156
-0.0599874
-0.0581155
-0.0560138
-0.0536988
-0.0511899
-0.0485088
-0.0456797
-0.042729
-0.0396847
-0.0365766
-0.0334355
-0.0302927
-0.0271801
-0.0241291
-0.0211703
-0.018333
-0.0156446
-0.0131301
-0.0108114
-0.00870666
-0.00683023
-0.0051917
-0.00379568
-0.00264131
-0.00172201
-0.0010252
-0.00053204
-0.000217164
-5.04329e-05
-7.72689e-08
-4.70731e-05
-0.000332734
-0.000972128
-0.00191779
-0.0031457
-0.0046425
-0.00639137
-0.00837302
-0.0105669
-0.0129517
-0.0155051
-0.0182049
-0.0210283
-0.0239532
-0.0269573
-0.030019
-0.033117
-0.0362306
-0.0393392
-0.042423
-0.0454622
-0.0484375
-0.0513298
-0.0541202
-0.0567903
-0.0593216
-0.0616964
-0.0638969
-0.0659063
-0.0677081
-0.0692868
-0.0706278
-0.0717176
-0.0725441
-0.0730967
-0.0733668
-0.0733474
-0.0730339
-0.072424
-0.0715179
-0.0703185
-0.0688316
-0.0670658
-0.0650327
-0.0627468
-0.0602258
-0.0574899
-0.0545623
-0.0514689
-0.0482375
-0.0448984
-0.0414832
-0.0380251
-0.0345579
-0.031116
-0.0277334
-0.0244434
-0.021278
-0.0182673
-0.0154388
-0.012817
-0.0104225
-0.00827175
-0.0063766
-0.00474355
-0.00337365
-0.00226212
-0.00139822
-0.000764988
-0.000338984
-9.41667e-05
-6.93823e-06
-5.73528e-05
-0.000396742
-0.00114696
-0.0022448
-0.0036565
-0.00536271
-0.00734151
-0.00956931
-0.0120222
-0.0146759
-0.017506
-0.0204882
-0.0235983
-0.0268124
-0.030107
-0.0334593
-0.0368466
-0.0402469
-0.0436386
-0.0470005
-0.0503117
-0.0535516
-0.0566999
-0.0597365
-0.0626416
-0.0653957
-0.0679797
-0.070375
-0.0725633
-0.0745274
-0.0762504
-0.077717
-0.0789128
-0.0798247
-0.0804416
-0.0807539
-0.0807543
-0.0804375
-0.0798009
-0.0788444
-0.0775708
-0.0759859
-0.0740983
-0.07192
-0.0694661
-0.0667547
-0.063807
-0.0606474
-0.0573029
-0.0538029
-0.0501794
-0.046466
-0.042698
-0.0389116
-0.0351436
-0.0314306
-0.0278087
-0.0243126
-0.0209752
-0.0178269
-0.0148948
-0.0122022
-0.00976829
-0.00760712
-0.00572767
-0.0041332
-0.00282116
-0.00178304
-0.00100407
-0.000463024
-0.000138059
-1.35979e-05
-6.72044e-05
-0.000458807
-0.00131747
-0.00256491
-0.00415787
-0.00607105
-0.00827728
-0.0107485
-0.0134572
-0.0163762
-0.0194787
-0.0227383
-0.0261292
-0.029626
-0.0332039
-0.0368389
-0.0405072
-0.0441858
-0.0478519
-0.0514833
-0.055058
-0.0585544
-0.0619512
-0.0652271
-0.0683613
-0.0713333
-0.074123
-0.0767106
-0.079077
-0.0812038
-0.0830735
-0.0846695
-0.0859766
-0.086981
-0.0876707
-0.0880353
-0.0880668
-0.0877594
-0.0871099
-0.0861177
-0.0847853
-0.083118
-0.0811246
-0.078817
-0.0762104
-0.0733234
-0.0701779
-0.066799
-0.0632148
-0.059456
-0.0555561
-0.0515507
-0.0474769
-0.0433734
-0.0392793
-0.0352341
-0.0312765
-0.0274443
-0.0237733
-0.020297
-0.0170453
-0.0140448
-0.0113174
-0.00888004
-0.00674437
-0.0049163
-0.00339583
-0.00217698
-0.00124744
-0.000588271
-0.000181785
-2.003e-05
-7.6652e-05
-0.000518824
-0.00148305
-0.00287667
-0.00464729
-0.00676372
-0.00919357
-0.0119043
-0.0148646
-0.0180444
-0.0214142
-0.0249458
-0.0286114
-0.0323844
-0.0362388
-0.0401493
-0.0440912
-0.0480405
-0.0519734
-0.055867
-0.0596983
-0.0634448
-0.0670842
-0.0705945
-0.0739539
-0.077141
-0.0801348
-0.0829145
-0.0854602
-0.0877525
-0.089773
-0.0915043
-0.0929303
-0.0940362
-0.0948092
-0.095238
-0.0953139
-0.0950301
-0.0943828
-0.0933707
-0.0919955
-0.0902624
-0.0881794
-0.0857584
-0.0830145
-0.0799663
-0.0766362
-0.0730497
-0.0692358
-0.0652264
-0.0610564
-0.056763
-0.0523854
-0.0479645
-0.0435421
-0.0391602
-0.0348608
-0.0306845
-0.0266707
-0.0228558
-0.0192736
-0.0159536
-0.012921
-0.0101962
-0.00779375
-0.00572259
-0.00398557
-0.00257952
-0.00149472
-0.000714565
-0.000225342
-2.6261e-05
-8.5717e-05
-0.000576743
-0.00164332
-0.00317909
-0.00512291
-0.00743788
-0.0100865
-0.0130316
-0.0162383
-0.0196733
-0.0233048
-0.0271023
-0.0310365
-0.0350792
-0.0392033
-0.0433824
-0.0475909
-0.051804
-0.0559972
-0.0601466
-0.0642287
-0.0682201
-0.0720978
-0.075839
-0.0794212
-0.0828223
-0.0860202
-0.0889937
-0.0917217
-0.0941842
-0.0963618
-0.0982361
-0.0997903
-0.101009
-0.101877
-0.102384
-0.102519
-0.102274
-0.101645
-0.10063
-0.0992298
-0.0974481
-0.0952926
-0.0927746
-0.0899088
-0.0867139
-0.0832121
-0.0794293
-0.075395
-0.0711424
-0.0667073
-0.0621286
-0.0574477
-0.0527075
-0.0479524
-0.0432276
-0.038578
-0.0340478
-0.0296797
-0.0255141
-0.0215882
-0.0179354
-0.0145846
-0.0115597
-0.00887888
-0.00655427
-0.00459194
-0.00299172
-0.00174662
-0.000842354
-0.000268952
-3.23488e-05
-9.44144e-05
-0.000632525
-0.001798
-0.00347144
-0.00558333
-0.0080913
-0.0109528
-0.0141263
-0.0175732
-0.0212572
-0.0251438
-0.0292006
-0.0333966
-0.0377022
-0.0420892
-0.0465301
-0.0509987
-0.0554692
-0.0599166
-0.0643163
-0.0686441
-0.0728762
-0.0769888
-0.0809587
-0.0847627
-0.0883778
-0.0917815
-0.0949516
-0.0978665
-0.100505
-0.102848
-0.104874
-0.106568
-0.107911
-0.108888
-0.109488
-0.109698
-0.10951
-0.108918
-0.107918
-0.106511
-0.104698
-0.102488
-0.0998907
-0.0969193
-0.0935925
-0.0899322
-0.0859645
-0.0817192
-0.0772302
-0.0725346
-0.0676727
-0.0626877
-0.0576251
-0.0525319
-0.0474563
-0.0424466
-0.0375508
-0.0328155
-0.0282849
-0.0240006
-0.0200001
-0.0163164
-0.0129774
-0.0100051
-0.00741554
-0.00521809
-0.00341585
-0.00200466
-0.000972514
-0.000312985
-3.83713e-05
-0.000102752
-0.000686127
-0.00194684
-0.00375307
-0.00602736
-0.00872207
-0.0117898
-0.0151849
-0.0188649
-0.0227907
-0.0269253
-0.0312342
-0.0356847
-0.0402461
-0.0448888
-0.0495847
-0.0543066
-0.0590283
-0.0637241
-0.0683689
-0.0729381
-0.0774073
-0.0817524
-0.0859495
-0.0899749
-0.0938052
-0.0974172
-0.100788
-0.103896
-0.106718
-0.109234
-0.111424
-0.113268
-0.114749
-0.115852
-0.11656
-0.116863
-0.11675
-0.116213
-0.115249
-0.113854
-0.112031
-0.109786
-0.107126
-0.104067
-0.100624
-0.096819
-0.0926784
-0.0882319
-0.0835137
-0.0785621
-0.0734188
-0.0681289
-0.0627402
-0.0573025
-0.0518672
-0.0464864
-0.0412121
-0.0360948
-0.0311837
-0.0265245
-0.0221596
-0.0181266
-0.0144578
-0.0111797
-0.00831211
-0.0058684
-0.00385509
-0.00227094
-0.00110623
-0.000357914
-4.44187e-05
-0.00011073
-0.000737487
-0.00208958
-0.00402339
-0.00645389
-0.00932847
-0.0125951
-0.016204
-0.0201094
-0.0242689
-0.0286435
-0.0331965
-0.0378938
-0.0427032
-0.0475942
-0.0525379
-0.0575065
-0.062473
-0.0674115
-0.0722965
-0.0771029
-0.081806
-0.0863813
-0.0908046
-0.0950518
-0.099099
-0.102923
-0.106499
-0.109806
-0.112819
-0.115519
-0.117883
-0.119892
-0.121527
-0.12277
-0.123605
-0.124019
-0.124001
-0.12354
-0.122631
-0.12127
-0.119457
-0.117197
-0.114496
-0.111366
-0.107824
-0.10389
-0.0995898
-0.0949527
-0.0900135
-0.0848112
-0.0793888
-0.0737932
-0.0680746
-0.0622858
-0.0564815
-0.0507178
-0.0450508
-0.039536
-0.0342271
-0.0291752
-0.0244277
-0.0200273
-0.0160113
-0.012411
-0.00925083
-0.00654816
-0.00431326
-0.00254799
-0.00124489
-0.00040428
-5.05888e-05
-0.000118342
-0.000786524
-0.00222594
-0.00428175
-0.00686181
-0.00990879
-0.0133663
-0.0171806
-0.0213026
-0.0256873
-0.0302931
-0.0350816
-0.0400171
-0.0450662
-0.0501976
-0.0553815
-0.0605895
-0.0657944
-0.0709698
-0.0760898
-0.0811291
-0.0860629
-0.0908664
-0.0955151
-0.0999847
-0.104251
-0.108289
-0.112077
-0.115589
-0.118803
-0.121697
-0.124248
-0.126435
-0.128238
-0.129638
-0.130619
-0.131164
-0.131261
-0.130897
-0.130066
-0.128762
-0.126981
-0.124728
-0.122006
-0.118827
-0.115204
-0.111158
-0.106713
-0.101897
-0.0967463
-0.0912997
-0.0856016
-0.0797004
-0.0736488
-0.0675025
-0.0613199
-0.0551611
-0.0490869
-0.0431578
-0.0374329
-0.031969
-0.026819
-0.0220314
-0.0176491
-0.0137087
-0.0102394
-0.0072633
-0.00479465
-0.00283859
-0.00139005
-0.000452673
-5.6984e-05
-0.000125576
-0.000833131
-0.00235557
-0.00452748
-0.00724999
-0.0104613
-0.014101
-0.0181116
-0.0224408
-0.0270411
-0.0318685
-0.0368831
-0.0420476
-0.0473275
-0.0526906
-0.0581066
-0.0635465
-0.0689827
-0.0743886
-0.0797382
-0.085006
-0.0901671
-0.0951965
-0.10007
-0.104762
-0.109249
-0.113506
-0.117509
-0.121234
-0.124658
-0.127756
-0.130505
-0.132884
-0.134872
-0.136448
-0.137592
-0.138289
-0.138522
-0.138279
-0.137549
-0.136324
-0.1346
-0.132377
-0.129658
-0.126451
-0.122769
-0.118629
-0.114055
-0.109075
-0.103724
-0.0980417
-0.0920726
-0.0858674
-0.0794807
-0.0729714
-0.0664016
-0.0598358
-0.0533396
-0.046979
-0.0408191
-0.0349227
-0.029349
-0.0241529
-0.0193834
-0.0150828
-0.0112861
-0.00802024
-0.0053039
-0.0031458
-0.00154335
-0.000503714
-6.37093e-05
-0.000132413
-0.000877184
-0.00247813
-0.00475987
-0.00761724
-0.0109843
-0.0147969
-0.0189939
-0.0235202
-0.0283256
-0.0333645
-0.0385948
-0.0439783
-0.0494793
-0.0550648
-0.0607039
-0.0663673
-0.0720273
-0.0776568
-0.08323
-0.0887213
-0.0941056
-0.0993582
-0.104454
-0.109369
-0.114079
-0.118557
-0.122781
-0.126726
-0.130366
-0.133679
-0.13664
-0.139225
-0.141413
-0.143181
-0.144509
-0.145378
-0.14577
-0.145671
-0.145066
-0.143946
-0.142304
-0.140136
-0.137444
-0.134233
-0.130514
-0.126302
-0.121619
-0.116491
-0.110954
-0.105046
-0.0988132
-0.0923074
-0.0855854
-0.0787091
-0.0717443
-0.0647601
-0.0578274
-0.0510181
-0.0444036
-0.0380533
-0.0320335
-0.026406
-0.0212265
-0.016544
-0.0123996
-0.0088257
-0.00584587
-0.00347276
-0.00170651
-0.000558044
-7.08715e-05
-0.000138832
-0.000918537
-0.00259319
-0.00497811
-0.00796229
-0.011476
-0.0154513
-0.0198242
-0.0245366
-0.0295362
-0.0347753
-0.0402104
-0.0458019
-0.0515134
-0.0573112
-0.0631637
-0.0690416
-0.0749168
-0.0807623
-0.0865522
-0.0922611
-0.0978639
-0.103336
-0.108653
-0.11379
-0.118722
-0.123425
-0.127873
-0.132043
-0.135909
-0.139445
-0.142629
-0.145434
-0.147837
-0.149815
-0.151346
-0.152408
-0.152982
-0.153049
-0.152595
-0.151605
-0.150072
-0.147987
-0.145349
-0.14216
-0.138429
-0.134169
-0.129398
-0.124143
-0.118436
-0.112316
-0.105829
-0.0990291
-0.0919739
-0.0847285
-0.0773627
-0.0699501
-0.0625672
-0.0552923
-0.0482034
-0.0413774
-0.0348881
-0.0288049
-0.0231912
-0.0181032
-0.0135888
-0.0096866
-0.00642557
-0.00382274
-0.00188131
-0.00061632
-7.85781e-05
-0.000144805
-0.000957032
-0.00270032
-0.0051814
-0.00828385
-0.0119344
-0.016062
-0.0205994
-0.0254863
-0.0306681
-0.0360954
-0.0417233
-0.0475112
-0.0534217
-0.0594205
-0.0654759
-0.0715582
-0.0776391
-0.0836919
-0.0896906
-0.0956102
-0.101426
-0.107113
-0.112647
-0.118003
-0.123158
-0.128086
-0.132762
-0.137162
-0.141259
-0.145028
-0.148444
-0.151482
-0.154116
-0.15632
-0.158072
-0.159348
-0.160126
-0.160385
-0.160106
-0.159274
-0.157876
-0.155903
-0.153347
-0.15021
-0.146495
-0.142212
-0.137379
-0.132019
-0.126162
-0.119848
-0.113121
-0.106036
-0.0986524
-0.0910388
-0.0832682
-0.0754191
-0.0675738
-0.0598171
-0.0522344
-0.0449106
-0.0379277
-0.0313636
-0.02529
-0.0197712
-0.0148627
-0.0106099
-0.00704808
-0.00419904
-0.00206953
-0.000679203
-8.69376e-05
-0.000150307
-0.000992498
-0.00279907
-0.00536886
-0.00858055
-0.0123577
-0.0166262
-0.0213162
-0.0263651
-0.0317164
-0.037319
-0.043127
-0.0490985
-0.0551955
-0.0613833
-0.0676299
-0.0739053
-0.0801814
-0.0864316
-0.0926301
-0.0987521
-0.104773
-0.110669
-0.116415
-0.121988
-0.127363
-0.132516
-0.137421
-0.142053
-0.146387
-0.150396
-0.154054
-0.157335
-0.160212
-0.16266
-0.164651
-0.16616
-0.167163
-0.167638
-0.167561
-0.166914
-0.165681
-0.163848
-0.161406
-0.15835
-0.154681
-0.150407
-0.14554
-0.140101
-0.134119
-0.12763
-0.120681
-0.113324
-0.105621
-0.0976438
-0.0894678
-0.0811767
-0.0728589
-0.0646058
-0.056511
-0.0486675
-0.0411667
-0.0340955
-0.0275351
-0.0215586
-0.01623
-0.0116027
-0.00771849
-0.004605
-0.00227297
-0.000747364
-9.60589e-05
-0.000155307
-0.00102476
-0.00288896
-0.00553964
-0.00885104
-0.0127439
-0.0171414
-0.0219714
-0.0271691
-0.0326764
-0.0384407
-0.0444148
-0.0505563
-0.0568264
-0.06319
-0.0696148
-0.0760709
-0.0825303
-0.0889666
-0.0953544
-0.101669
-0.107887
-0.113984
-0.119936
-0.12572
-0.131312
-0.136686
-0.141819
-0.146685
-0.151259
-0.155512
-0.15942
-0.162953
-0.166086
-0.168789
-0.171036
-0.172798
-0.174048
-0.174761
-0.174912
-0.174478
-0.173438
-0.171777
-0.16948
-0.166539
-0.16295
-0.158716
-0.153847
-0.14836
-0.142281
-0.135644
-0.128493
-0.120883
-0.112875
-0.104542
-0.0959635
-0.0872284
-0.0784306
-0.0696688
-0.0610448
-0.0526609
-0.0446179
-0.0370133
-0.0299381
-0.0234758
-0.0176997
-0.0126718
-0.00844189
-0.00504394
-0.00249345
-0.000821473
-0.000106052
-0.000159775
-0.00105365
-0.00296953
-0.00569287
-0.009094
-0.0130912
-0.0176052
-0.0225618
-0.0278944
-0.0335432
-0.0394546
-0.0455803
-0.051877
-0.0583056
-0.0648305
-0.0714195
-0.0780426
-0.0846721
-0.0912818
-0.0978467
-0.104343
-0.110747
-0.117035
-0.123184
-0.129172
-0.134974
-0.140566
-0.145924
-0.151023
-0.155836
-0.160337
-0.164498
-0.168292
-0.171689
-0.17466
-0.177176
-0.179207
-0.180725
-0.181699
-0.182102
-0.181908
-0.181092
-0.179635
-0.177516
-0.174725
-0.171251
-0.167094
-0.162258
-0.156758
-0.150614
-0.143859
-0.136535
-0.128694
-0.120399
-0.111724
-0.102751
-0.0935743
-0.0842927
-0.0750128
-0.0658449
-0.0569011
-0.0482927
-0.0401282
-0.03251
-0.0255326
-0.0192799
-0.013824
-0.00922324
-0.00551916
-0.00273278
-0.000902203
-0.000117026
-0.000163682
-0.00107899
-0.00304034
-0.00582773
-0.00930816
-0.0133977
-0.0180152
-0.0230844
-0.0285372
-0.0343125
-0.0403555
-0.0466171
-0.0530533
-0.0596247
-0.0662954
-0.0730331
-0.0798081
-0.0865928
-0.0933614
-0.10009
-0.106754
-0.113331
-0.119799
-0.126135
-0.132316
-0.13832
-0.144123
-0.1497
-0.155027
-0.160078
-0.164825
-0.169242
-0.173299
-0.176968
-0.180216
-0.183014
-0.185329
-0.187131
-0.188387
-0.189066
-0.189139
-0.188577
-0.187355
-0.18545
-0.182844
-0.179524
-0.175482
-0.17072
-0.165244
-0.159074
-0.152237
-0.144772
-0.13673
-0.128172
-0.119174
-0.10982
-0.100208
-0.0904439
-0.0806404
-0.0709169
-0.061396
-0.0522003
-0.0434502
-0.0352605
-0.0277381
-0.0209788
-0.0150657
-0.0100674
-0.00603391
-0.00299273
-0.000990226
-0.000129095
-0.000167
-0.00110062
-0.00310097
-0.00594348
-0.00949234
-0.0136618
-0.0183691
-0.0235363
-0.029094
-0.0349799
-0.0411382
-0.0475191
-0.0540781
-0.0607754
-0.0675751
-0.0744448
-0.081355
-0.0882784
-0.0951899
-0.102065
-0.108882
-0.115618
-0.122252
-0.128761
-0.135124
-0.141318
-0.147321
-0.153108
-0.158656
-0.163939
-0.16893
-0.173601
-0.177922
-0.181865
-0.185397
-0.188485
-0.191097
-0.193198
-0.194754
-0.195731
-0.196096
-0.195817
-0.194862
-0.193205
-0.190823
-0.187696
-0.183812
-0.179166
-0.173759
-0.167605
-0.160727
-0.15316
-0.144951
-0.136162
-0.126866
-0.117152
-0.107118
-0.0968769
-0.0865488
-0.0762622
-0.0661501
-0.0563473
-0.0469871
-0.0381981
-0.0301005
-0.0228036
-0.0164031
-0.0109791
-0.00659135
-0.00327508
-0.00108621
-0.000142371
-0.000169706
-0.00111842
-0.00315107
-0.00603945
-0.00964553
-0.0138822
-0.018665
-0.0239151
-0.0295617
-0.0355415
-0.041798
-0.0482808
-0.0549449
-0.0617502
-0.0686607
-0.0756441
-0.0826713
-0.0897153
-0.0967516
-0.103757
-0.110709
-0.117586
-0.124369
-0.131035
-0.137564
-0.143934
-0.150123
-0.156109
-0.161868
-0.167373
-0.1726
-0.177519
-0.182103
-0.186319
-0.190136
-0.193521
-0.196437
-0.19885
-0.200722
-0.202017
-0.202698
-0.202727
-0.202072
-0.200698
-0.198578
-0.195686
-0.192004
-0.187519
-0.182228
-0.176138
-0.169266
-0.161641
-0.153309
-0.144326
-0.134766
-0.124718
-0.114283
-0.103577
-0.0927299
-0.0818774
-0.0711641
-0.0607375
-0.0507449
-0.0413295
-0.0326269
-0.0247611
-0.0178421
-0.0119629
-0.00719458
-0.00358157
-0.00119083
-0.000156969
-0.000171779
-0.00113226
-0.00319035
-0.00611512
-0.00976691
-0.0140575
-0.0189015
-0.0242188
-0.0299377
-0.0359942
-0.0423311
-0.0488973
-0.0556477
-0.0625418
-0.0695437
-0.0766213
-0.0837457
-0.0908905
-0.0980316
-0.105146
-0.112214
-0.119213
-0.126125
-0.132929
-0.139606
-0.146134
-0.152494
-0.158662
-0.164617
-0.170332
-0.175783
-0.180942
-0.18578
-0.190266
-0.194366
-0.198048
-0.201274
-0.204006
-0.206207
-0.207836
-0.208852
-0.209217
-0.20889
-0.207834
-0.206014
-0.203399
-0.199965
-0.195691
-0.190567
-0.184593
-0.17778
-0.17015
-0.161743
-0.152613
-0.14283
-0.132482
-0.121673
-0.110524
-0.0991688
-0.0877537
-0.0764342
-0.065371
-0.0547264
-0.0446598
-0.0353232
-0.0268572
-0.0193877
-0.0130228
-0.00784654
-0.00391389
-0.00130475
-0.000173006
-0.000173204
-0.00114207
-0.00321859
-0.00617011
-0.00985589
-0.014187
-0.0190772
-0.0244457
-0.0302199
-0.0363353
-0.0427339
-0.0493645
-0.0561814
-0.0631441
-0.0702169
-0.0773676
-0.0845678
-0.0917917
-0.0990157
-0.106218
-0.113379
-0.120478
-0.127497
-0.134418
-0.141221
-0.147886
-0.154395
-0.160727
-0.166858
-0.172767
-0.178426
-0.183811
-0.188891
-0.193637
-0.198015
-0.20199
-0.205526
-0.208582
-0.211119
-0.213095
-0.214465
-0.215186
-0.215215
-0.214509
-0.213028
-0.210733
-0.207594
-0.203582
-0.19868
-0.192879
-0.186182
-0.178605
-0.17018
-0.160956
-0.150999
-0.140396
-0.129251
-0.117687
-0.105843
-0.093876
-0.0819514
-0.070244
-0.0589318
-0.0481916
-0.0381934
-0.0290966
-0.0210447
-0.0141629
-0.00855004
-0.00427369
-0.00142861
-0.000190602
-0.000173974
-0.00114781
-0.00323572
-0.00620425
-0.0099122
-0.0142702
-0.0191916
-0.0245949
-0.0304071
-0.036563
-0.0430043
-0.0496793
-0.0565421
-0.0635522
-0.0706739
-0.0778754
-0.0851284
-0.0924079
-0.0996911
-0.106957
-0.114186
-0.121361
-0.128463
-0.135474
-0.142378
-0.149157
-0.155792
-0.162262
-0.168549
-0.174628
-0.180477
-0.186068
-0.191375
-0.196366
-0.20101
-0.205271
-0.209111
-0.21249
-0.215367
-0.217697
-0.219434
-0.220531
-0.220941
-0.220615
-0.219508
-0.217576
-0.214778
-0.211081
-0.206458
-0.200891
-0.194373
-0.186914
-0.178535
-0.169279
-0.159208
-0.148403
-0.136967
-0.125025
-0.112723
-0.100222
-0.0877012
-0.0753481
-0.0633575
-0.0519249
-0.0412402
-0.0314829
-0.0228169
-0.0153865
-0.0093077
-0.00466256
-0.00156308
-0.000209878
-0.000174086
-0.00114949
-0.00324175
-0.00621762
-0.00993593
-0.0143073
-0.0192447
-0.0246664
-0.0304989
-0.0366766
-0.0431409
-0.0498398
-0.0567271
-0.0637624
-0.07091
-0.0781384
-0.0854199
-0.0927299
-0.100046
-0.107349
-0.11462
-0.121842
-0.128999
-0.136074
-0.143052
-0.149915
-0.156647
-0.16323
-0.169645
-0.175869
-0.181882
-0.187657
-0.193168
-0.198386
-0.203279
-0.207811
-0.211946
-0.215642
-0.218857
-0.221544
-0.223657
-0.225144
-0.225954
-0.226035
-0.225336
-0.223807
-0.221399
-0.21807
-0.213784
-0.208514
-0.202244
-0.194972
-0.186711
-0.177494
-0.167375
-0.156431
-0.144762
-0.132492
-0.119769
-0.106763
-0.0936625
-0.0806695
-0.0679959
-0.0558567
-0.0444635
-0.0340183
-0.0247074
-0.0166966
-0.0101219
-0.005082
-0.00170879
-0.000230959
-0.000173552
-0.00114717
-0.00323688
-0.00621053
-0.00992756
-0.0142988
-0.0192372
-0.0246608
-0.0304959
-0.0366766
-0.0431439
-0.0498455
-0.0567353
-0.0637727
-0.0709221
-0.0781525
-0.0854365
-0.0927501
-0.100072
-0.107384
-0.114667
-0.121907
-0.129088
-0.136196
-0.143215
-0.150132
-0.156931
-0.163594
-0.170105
-0.176445
-0.182592
-0.188523
-0.194212
-0.199632
-0.204751
-0.209536
-0.213948
-0.217949
-0.221494
-0.224537
-0.227027
-0.228913
-0.23014
-0.230652
-0.230391
-0.229301
-0.227327
-0.224419
-0.22053
-0.215624
-0.209673
-0.202663
-0.194597
-0.185498
-0.175409
-0.164399
-0.152564
-0.140025
-0.126933
-0.113461
-0.0998073
-0.0861889
-0.0728348
-0.0599807
-0.0478613
-0.0367033
-0.026718
-0.0180957
-0.0109947
-0.0055334
-0.00186635
-0.000253971
-0.000172389
-0.00114098
-0.00322146
-0.00618364
-0.00988805
-0.014246
-0.0191706
-0.0245799
-0.0304
-0.0365646
-0.0430147
-0.0496977
-0.0565672
-0.0635829
-0.0707092
-0.0779153
-0.0851745
-0.0924633
-0.0997615
-0.107051
-0.114316
-0.121541
-0.128714
-0.13582
-0.142847
-0.149782
-0.156612
-0.163321
-0.169894
-0.176314
-0.182561
-0.188614
-0.19445
-0.200042
-0.20536
-0.210371
-0.215041
-0.219328
-0.223189
-0.226578
-0.229443
-0.231731
-0.233385
-0.234343
-0.234546
-0.233929
-0.232433
-0.229996
-0.226563
-0.222087
-0.216528
-0.209861
-0.202074
-0.193178
-0.183205
-0.172214
-0.160291
-0.147556
-0.134155
-0.120267
-0.1061
-0.0918805
-0.077857
-0.0642865
-0.0514286
-0.0395366
-0.0288496
-0.0195854
-0.011928
-0.00601804
-0.00203636
-0.000279041
-0.000170629
-0.00113111
-0.00319602
-0.00613793
-0.00981891
-0.0141509
-0.0190474
-0.0244265
-0.0302142
-0.036344
-0.0427566
-0.0493993
-0.0562256
-0.063195
-0.0702723
-0.0774269
-0.0846327
-0.0918669
-0.0991101
-0.106345
-0.113558
-0.120734
-0.127862
-0.13493
-0.141928
-0.148843
-0.155665
-0.162381
-0.168977
-0.175438
-0.181748
-0.187886
-0.193831
-0.199559
-0.205043
-0.210251
-0.215148
-0.219697
-0.223855
-0.227574
-0.230805
-0.233491
-0.235575
-0.236992
-0.237677
-0.237563
-0.236581
-0.234663
-0.231744
-0.227764
-0.222673
-0.216429
-0.20901
-0.20041
-0.190647
-0.179768
-0.167849
-0.155
-0.141367
-0.127128
-0.112495
-0.0977113
-0.0830395
-0.0687595
-0.055157
-0.0425145
-0.0311016
-0.0211668
-0.0129231
-0.00653705
-0.00221938
-0.0003063
-0.000168316
-0.00111785
-0.00316132
-0.00607479
-0.00972223
-0.0140164
-0.0188711
-0.0242048
-0.0299432
-0.0360197
-0.0423747
-0.0489553
-0.055715
-0.0626133
-0.069615
-0.0766901
-0.0838128
-0.0909611
-0.0981166
-0.105263
-0.112388
-0.119478
-0.126524
-0.133515
-0.140443
-0.147298
-0.15407
-0.160751
-0.167327
-0.173787
-0.180115
-0.186296
-0.19231
-0.198134
-0.203744
-0.209112
-0.214204
-0.218984
-0.223411
-0.227439
-0.231018
-0.234093
-0.236603
-0.238483
-0.239664
-0.240074
-0.239639
-0.238282
-0.23593
-0.232511
-0.227962
-0.222227
-0.215267
-0.20706
-0.19761
-0.186946
-0.175132
-0.162266
-0.148488
-0.133974
-0.118942
-0.103641
-0.0883534
-0.0733803
-0.059035
-0.045631
-0.0334717
-0.0228397
-0.0139809
-0.00709138
-0.00241594
-0.000335877
-0.000165507
-0.00110157
-0.00311835
-0.00599605
-0.00960076
-0.0138461
-0.0186465
-0.0239203
-0.0295933
-0.0355986
-0.0418763
-0.0483732
-0.0550429
-0.0618447
-0.0687438
-0.0757104
-0.0827193
-0.0897494
-0.0967831
-0.103806
-0.110805
-0.117771
-0.124694
-0.131567
-0.138382
-0.145133
-0.151812
-0.158411
-0.164922
-0.171334
-0.177635
-0.183812
-0.189848
-0.195724
-0.201418
-0.206903
-0.21215
-0.217124
-0.221787
-0.226095
-0.229999
-0.233443
-0.236368
-0.238708
-0.24039
-0.24134
-0.241478
-0.240719
-0.238982
-0.236184
-0.232248
-0.227105
-0.220697
-0.212986
-0.203956
-0.193619
-0.182022
-0.169249
-0.155428
-0.140731
-0.125376
-0.109622
-0.093763
-0.0781242
-0.0630468
-0.0488776
-0.0359562
-0.0246034
-0.0151019
-0.00768177
-0.00262651
-0.000367905
-0.000162278
-0.00108271
-0.00306836
-0.00590399
-0.009458
-0.0136449
-0.0183794
-0.0235801
-0.0291725
-0.0350894
-0.0412706
-0.0476627
-0.054219
-0.060899
-0.067668
-0.0744966
-0.0813603
-0.0882387
-0.0951154
-0.101977
-0.108812
-0.115612
-0.122371
-0.129082
-0.13574
-0.142341
-0.148879
-0.155349
-0.161745
-0.16806
-0.174285
-0.180408
-0.186417
-0.192295
-0.198024
-0.20358
-0.208937
-0.214063
-0.218923
-0.223475
-0.227672
-0.231461
-0.234782
-0.237569
-0.23975
-0.241247
-0.241974
-0.241843
-0.240763
-0.23864
-0.235385
-0.230914
-0.225152
-0.218041
-0.209544
-0.199652
-0.188393
-0.175833
-0.162085
-0.147311
-0.131727
-0.115596
-0.0992256
-0.0829611
-0.0671728
-0.0522423
-0.038549
-0.0264555
-0.0162859
-0.00830872
-0.00285151
-0.000402511
-0.000158719
-0.00106186
-0.00301291
-0.00580146
-0.00929824
-0.0134185
-0.0180773
-0.023193
-0.0286908
-0.0345033
-0.0405696
-0.0468362
-0.0532562
-0.0597889
-0.0664001
-0.0730608
-0.079747
-0.0864395
-0.0931227
-0.0997845
-0.106416
-0.113009
-0.11956
-0.126064
-0.132518
-0.13892
-0.145268
-0.151559
-0.15779
-0.163956
-0.170051
-0.176068
-0.181997
-0.187825
-0.193536
-0.199111
-0.204528
-0.209758
-0.214769
-0.219523
-0.223976
-0.228076
-0.231766
-0.234982
-0.23765
-0.23969
-0.241015
-0.241532
-0.241142
-0.239742
-0.23723
-0.233507
-0.22848
-0.222072
-0.214223
-0.204901
-0.19411
-0.181894
-0.168347
-0.153618
-0.137914
-0.121499
-0.104691
-0.0878547
-0.0713884
-0.0557103
-0.0412422
-0.0283926
-0.017532
-0.00897246
-0.00309131
-0.000439825
-0.000154942
-0.00103971
-0.00295385
-0.00569188
-0.00912671
-0.0131741
-0.017749
-0.0227696
-0.0281606
-0.0338537
-0.0397879
-0.045909
-0.05217
-0.0585303
-0.0649559
-0.0714184
-0.0778945
-0.0843661
-0.0908187
-0.0972417
-0.103627
-0.109971
-0.116268
-0.122519
-0.128721
-0.134876
-0.140983
-0.147043
-0.153055
-0.159018
-0.164929
-0.170784
-0.176577
-0.182298
-0.187937
-0.193477
-0.198899
-0.20418
-0.209292
-0.2142
-0.218863
-0.223235
-0.227259
-0.230874
-0.234008
-0.23658
-0.238503
-0.239677
-0.24
-0.239361
-0.237645
-0.234739
-0.230533
-0.224929
-0.217843
-0.209218
-0.19903
-0.187298
-0.174093
-0.159544
-0.143845
-0.127257
-0.110102
-0.0927625
-0.0756643
-0.0592631
-0.0440254
-0.0304099
-0.0188386
-0.00967295
-0.00334618
-0.000479973
-0.00015108
-0.00101708
-0.00289343
-0.00557934
-0.0089496
-0.01292
-0.0174053
-0.0223227
-0.0275962
-0.0331569
-0.0389428
-0.0448994
-0.0509795
-0.0571425
-0.0633548
-0.0695886
-0.0758216
-0.0820365
-0.0882206
-0.0943646
-0.100463
-0.106512
-0.11251
-0.11846
-0.124361
-0.130217
-0.136032
-0.141807
-0.147546
-0.153251
-0.158921
-0.164558
-0.170157
-0.175714
-0.181221
-0.186668
-0.192039
-0.197315
-0.202472
-0.20748
-0.212304
-0.2169
-0.221216
-0.225193
-0.228763
-0.231845
-0.234352
-0.236184
-0.237232
-0.23738
-0.236503
-0.234475
-0.231168
-0.226463
-0.220252
-0.212451
-0.203006
-0.191907
-0.179195
-0.164975
-0.149422
-0.132786
-0.115393
-0.0976353
-0.0799662
-0.0628783
-0.0468857
-0.0325012
-0.0202035
-0.0104098
-0.00361633
-0.000523079
-0.000147287
-0.00099494
-0.00283428
-0.00546869
-0.00877425
-0.0126663
-0.0170585
-0.0218671
-0.0270149
-0.0324316
-0.0380547
-0.0438289
-0.0497068
-0.0556482
-0.0616196
-0.0675941
-0.0735505
-0.0794729
-0.0853499
-0.0911742
-0.0969418
-0.102652
-0.108305
-0.113904
-0.119455
-0.124962
-0.13043
-0.135867
-0.141278
-0.146667
-0.152041
-0.1574
-0.162747
-0.16808
-0.173396
-0.178689
-0.183948
-0.189159
-0.194303
-0.199354
-0.204282
-0.209049
-0.213607
-0.217902
-0.221868
-0.22543
-0.228498
-0.230975
-0.232749
-0.233699
-0.233692
-0.23259
-0.23025
-0.226531
-0.221302
-0.21445
-0.20589
-0.195576
-0.183517
-0.169787
-0.154536
-0.137997
-0.12049
-0.102418
-0.0842543
-0.0665299
-0.0498076
-0.0346584
-0.0216235
-0.0111823
-0.0039019
-0.000569263
-0.00014375
-0.000974451
-0.0027795
-0.00536561
-0.00860927
-0.0124245
-0.0167234
-0.0214204
-0.0264364
-0.0316999
-0.0371471
-0.0427224
-0.0483779
-0.0540736
-0.0597767
-0.0654614
-0.0711076
-0.0767009
-0.0822319
-0.0876951
-0.0930887
-0.0984139
-0.103674
-0.108875
-0.114025
-0.11913
-0.1242
-0.129244
-0.134271
-0.139289
-0.144307
-0.149331
-0.154366
-0.159415
-0.16448
-0.169557
-0.174642
-0.179726
-0.184794
-0.189828
-0.1948
-0.199679
-0.204424
-0.208984
-0.2133
-0.217298
-0.220895
-0.223993
-0.226481
-0.228234
-0.229114
-0.228974
-0.227655
-0.225
-0.220852
-0.215068
-0.207531
-0.198157
-0.186918
-0.17385
-0.15907
-0.142789
-0.125313
-0.107047
-0.0884834
-0.0701877
-0.0527729
-0.036872
-0.0230946
-0.0119893
-0.00420294
-0.000618648
-0.000140684
-0.00095696
-0.00273274
-0.00527674
-0.00846468
-0.0122083
-0.0164169
-0.0210025
-0.0258836
-0.0309869
-0.0362472
-0.0416082
-0.0470219
-0.0524485
-0.0578563
-0.0632204
-0.0685224
-0.07375
-0.0788954
-0.0839556
-0.0889313
-0.0938259
-0.0986459
-0.1034
-0.108097
-0.112749
-0.117367
-0.121964
-0.126552
-0.131143
-0.135748
-0.140378
-0.145042
-0.149747
-0.154499
-0.159299
-0.164148
-0.169041
-0.17397
-0.178921
-0.183875
-0.188804
-0.193674
-0.198441
-0.20305
-0.207435
-0.211516
-0.215199
-0.218375
-0.22092
-0.222691
-0.223533
-0.223277
-0.221749
-0.218768
-0.214164
-0.207783
-0.199504
-0.189254
-0.177028
-0.162904
-0.147057
-0.129774
-0.111454
-0.0926029
-0.0738173
-0.0557605
-0.0391308
-0.0246119
-0.0128296
-0.00451941
-0.000671353
-0.000138347
-0.000944056
-0.00269827
-0.00520987
-0.00835218
-0.0120332
-0.0161586
-0.0206366
-0.0253827
-0.0303213
-0.0353856
-0.0405184
-0.0456717
-0.0508064
-0.0558918
-0.0609045
-0.0658282
-0.0706525
-0.0753725
-0.0799874
-0.0845006
-0.0889186
-0.0932505
-0.0975074
-0.101702
-0.105849
-0.109963
-0.11406
-0.118154
-0.122262
-0.126399
-0.130578
-0.134812
-0.139113
-0.143491
-0.147952
-0.152502
-0.157141
-0.161866
-0.16667
-0.171538
-0.176452
-0.181381
-0.18629
-0.191131
-0.195844
-0.200356
-0.204578
-0.208405
-0.211714
-0.214363
-0.216192
-0.217025
-0.216671
-0.214931
-0.211605
-0.206506
-0.199471
-0.190382
-0.179184
-0.165907
-0.150686
-0.133777
-0.115564
-0.0965566
-0.0773802
-0.0587467
-0.0414219
-0.0261698
-0.0137015
-0.00485127
-0.000727506
-0.000137041
-0.00093761
-0.00268111
-0.0051741
-0.00828541
-0.0119177
-0.0159711
-0.0203492
-0.0249635
-0.0297355
-0.0345966
-0.0394887
-0.044364
-0.0491841
-0.0539199
-0.05855
-0.0630606
-0.0674439
-0.0716977
-0.0758245
-0.0798304
-0.0837252
-0.087521
-0.0912321
-0.0948746
-0.0984657
-0.102024
-0.105567
-0.109114
-0.112685
-0.116297
-0.119968
-0.123716
-0.127555
-0.131499
-0.135561
-0.13975
-0.144071
-0.148528
-0.153118
-0.157835
-0.162664
-0.167585
-0.172568
-0.177573
-0.182549
-0.187429
-0.192132
-0.19656
-0.200593
-0.204093
-0.206898
-0.208827
-0.209678
-0.209234
-0.207271
-0.203568
-0.197919
-0.190158
-0.180176
-0.167949
-0.153559
-0.137221
-0.119294
-0.100283
-0.080834
-0.0617048
-0.0437309
-0.0277619
-0.014603
-0.0051984
-0.000787243
-0.000137127
-0.000939843
-0.00268719
-0.00518011
-0.00828023
-0.0118826
-0.0158803
-0.0201704
-0.0246597
-0.0292659
-0.0339185
-0.0385586
-0.0431386
-0.0476216
-0.0519803
-0.0561961
-0.060258
-0.0641615
-0.0679077
-0.0715026
-0.0749558
-0.0782805
-0.0814921
-0.0846083
-0.0876485
-0.0906332
-0.0935837
-0.096522
-0.0994701
-0.10245
-0.105484
-0.108594
-0.111799
-0.11512
-0.118573
-0.122177
-0.125943
-0.129885
-0.134009
-0.13832
-0.142817
-0.147493
-0.152335
-0.157321
-0.162418
-0.167585
-0.172764
-0.177882
-0.18285
-0.187554
-0.191862
-0.195616
-0.19863
-0.200698
-0.201588
-0.201055
-0.198845
-0.194714
-0.188442
-0.179864
-0.168893
-0.155551
-0.139998
-0.122556
-0.103715
-0.0841318
-0.0646056
-0.0460419
-0.0293813
-0.0155322
-0.00556075
-0.000850721
-0.000139039
-0.000953398
-0.00272352
-0.00524046
-0.00835521
-0.0119526
-0.015916
-0.0201347
-0.0245092
-0.0289531
-0.0333936
-0.0377711
-0.0420388
-0.0461615
-0.0501148
-0.0538834
-0.0574597
-0.0608434
-0.0640395
-0.0670578
-0.0699121
-0.0726191
-0.0751982
-0.0776705
-0.080059
-0.0823874
-0.0846803
-0.0869631
-0.089261
-0.0915996
-0.094004
-0.096499
-0.0991086
-0.101856
-0.104764
-0.107851
-0.111137
-0.114639
-0.118368
-0.122335
-0.126546
-0.131
-0.135691
-0.140606
-0.145721
-0.151004
-0.156406
-0.161865
-0.167301
-0.172612
-0.177672
-0.182329
-0.186401
-0.189678
-0.19192
-0.192864
-0.192229
-0.18973
-0.185098
-0.178108
-0.168602
-0.156532
-0.141995
-0.125258
-0.106781
-0.0872229
-0.0674172
-0.0483376
-0.0310206
-0.0164869
-0.00593831
-0.000918132
-0.000143303
-0.000981454
-0.00279845
-0.00537
-0.00853209
-0.0121558
-0.0161125
-0.0202811
-0.0245547
-0.0288422
-0.0330682
-0.0371728
-0.0411105
-0.0448489
-0.048367
-0.0516535
-0.0547057
-0.0575278
-0.0601294
-0.0625251
-0.0647329
-0.066774
-0.0686717
-0.070451
-0.0721383
-0.073761
-0.0753472
-0.0769251
-0.0785234
-0.0801707
-0.0818954
-0.0837255
-0.0856885
-0.087811
-0.0901187
-0.092636
-0.0953856
-0.0983883
-0.101662
-0.105223
-0.109081
-0.113245
-0.117715
-0.122485
-0.127542
-0.132861
-0.138407
-0.144127
-0.149954
-0.155796
-0.161538
-0.167039
-0.172123
-0.176583
-0.180174
-0.182621
-0.18362
-0.182852
-0.179998
-0.17477
-0.166937
-0.156373
-0.143093
-0.127298
-0.109403
-0.0900526
-0.0701051
-0.0505997
-0.0326721
-0.0174655
-0.00633129
-0.000989719
-0.000150569
-0.00102786
-0.00292203
-0.00558641
-0.00883642
-0.0125254
-0.016509
-0.0206536
-0.0248437
-0.0289825
-0.0329921
-0.036813
-0.0404018
-0.0437296
-0.0467801
-0.0495473
-0.0520341
-0.0542501
-0.0562107
-0.0579357
-0.0594481
-0.0607737
-0.0619403
-0.0629769
-0.0639138
-0.0647819
-0.0656125
-0.0664372
-0.0672878
-0.0681959
-0.0691929
-0.0703098
-0.0715772
-0.0730252
-0.0746826
-0.0765776
-0.0787369
-0.0811854
-0.0839461
-0.0870395
-0.0904828
-0.0942893
-0.0984675
-0.10302
-0.107942
-0.113219
-0.118825
-0.124722
-0.130854
-0.137143
-0.143489
-0.149761
-0.155796
-0.161392
-0.166308
-0.170263
-0.172935
-0.173974
-0.173019
-0.169716
-0.16376
-0.154935
-0.143167
-0.128571
-0.111498
-0.0925617
-0.0726325
-0.0528089
-0.0343284
-0.0184663
-0.00674017
-0.00106581
-0.00016164
-0.00109733
-0.00310638
-0.00591078
-0.00929839
-0.0130996
-0.0171505
-0.0213023
-0.0254289
-0.0294277
-0.0332187
-0.0367432
-0.0399613
-0.0428489
-0.0453958
-0.0476026
-0.0494789
-0.0510411
-0.052311
-0.0533144
-0.0540801
-0.0546389
-0.0550234
-0.055267
-0.0554037
-0.0554682
-0.0554952
-0.0555193
-0.0555753
-0.0556977
-0.0559206
-0.056278
-0.0568033
-0.0575294
-0.0584885
-0.0597118
-0.0612298
-0.0630713
-0.0652636
-0.067832
-0.0707992
-0.0741847
-0.0780037
-0.0822666
-0.0869775
-0.0921321
-0.0977165
-0.103704
-0.110052
-0.116699
-0.123559
-0.130518
-0.137427
-0.144097
-0.150295
-0.155739
-0.160099
-0.163002
-0.164044
-0.162816
-0.158931
-0.152082
-0.142088
-0.128964
-0.112977
-0.0946867
-0.07496
-0.0549454
-0.0359823
-0.0194889
-0.00716591
-0.00114683
-0.000177528
-0.00119567
-0.00336627
-0.00636846
-0.00995367
-0.0139231
-0.0180885
-0.0222828
-0.026368
-0.0302353
-0.0338032
-0.0370153
-0.0398364
-0.0422492
-0.0442512
-0.0458513
-0.0470671
-0.047923
-0.0484483
-0.0486757
-0.0486403
-0.0483786
-0.0479281
-0.0473268
-0.046613
-0.0458247
-0.0449999
-0.0441766
-0.043392
-0.0426834
-0.0420876
-0.041641
-0.0413796
-0.0413389
-0.0415539
-0.0420589
-0.0428875
-0.044072
-0.0456438
-0.0476326
-0.050066
-0.0529692
-0.0563641
-0.0602685
-0.0646951
-0.0696494
-0.0751288
-0.0811194
-0.0875931
-0.0945042
-0.101784
-0.109338
-0.117033
-0.124699
-0.132116
-0.13901
-0.14505
-0.149847
-0.152965
-0.15394
-0.152311
-0.147668
-0.139718
-0.128357
-0.113743
-0.0963587
-0.0770455
-0.0569886
-0.0376279
-0.0205336
-0.00761016
-0.00123341
-0.00019952
-0.0013301
-0.00371978
-0.00699001
-0.0108446
-0.0150478
-0.0193816
-0.0236572
-0.0277235
-0.0314655
-0.0348016
-0.0376792
-0.0400702
-0.0419664
-0.0433748
-0.0443145
-0.0448131
-0.0449042
-0.0446256
-0.0440179
-0.0431231
-0.0419838
-0.0406429
-0.0391431
-0.0375268
-0.0358357
-0.034111
-0.0323933
-0.0307227
-0.0291389
-0.0276809
-0.0263874
-0.0252966
-0.0244464
-0.0238742
-0.0236169
-0.0237107
-0.0241915
-0.0250938
-0.0264516
-0.0282969
-0.0306604
-0.0335698
-0.0370502
-0.0411223
-0.0458014
-0.0510956
-0.0570039
-0.0635129
-0.0705934
-0.0781957
-0.086244
-0.0946289
-0.1032
-0.111758
-0.120043
-0.12773
-0.134428
-0.139675
-0.142962
-0.143755
-0.141545
-0.135914
-0.12662
-0.11369
-0.0975021
-0.0788435
-0.0589179
-0.0392605
-0.0216029
-0.00807558
-0.0013264
-0.000229272
-0.00150971
-0.00418925
-0.00781254
-0.0120215
-0.0165341
-0.021096
-0.0254936
-0.0295613
-0.0331791
-0.0362669
-0.038779
-0.040697
-0.0420244
-0.0427807
-0.042997
-0.0427128
-0.0419726
-0.0408239
-0.039316
-0.0374983
-0.0354201
-0.0331301
-0.0306755
-0.028103
-0.0254577
-0.022784
-0.0201251
-0.0175235
-0.0150209
-0.0126584
-0.0104765
-0.00851554
-0.00681517
-0.00541487
-0.00435377
-0.00367065
-0.00340391
-0.00359147
-0.00427058
-0.00547765
-0.0072479
-0.00961497
-0.0126103
-0.0162622
-0.0205952
-0.0256281
-0.0313721
-0.0378286
-0.0449851
-0.0528112
-0.0612526
-0.0702241
-0.0796002
-0.0892056
-0.0988039
-0.108087
-0.116666
-0.124071
-0.129754
-0.133118
-0.133555
-0.130517
-0.12361
-0.112702
-0.0980329
-0.080304
-0.0607121
-0.0408773
-0.0227014
-0.00856629
-0.00142701
-0.000268941
-0.00174603
-0.00480244
-0.00888114
-0.0135441
-0.0184515
-0.0233057
-0.0278647
-0.0319486
-0.0354338
-0.0382452
-0.0403473
-0.0417354
-0.0424281
-0.0424601
-0.0418777
-0.040734
-0.039086
-0.0369922
-0.0345113
-0.0317011
-0.0286177
-0.0253154
-0.0218465
-0.0182616
-0.0146092
-0.0109364
-0.00728894
-0.00371125
-0.00024687
0.00306144
0.00617155
0.00904176
0.0116307
0.0138973
0.0158006
0.0172997
0.0183539
0.0189227
0.0189655
0.0184423
0.0173136
0.0155407
0.0130861
0.00991419
0.0059922
0.00129123
-0.00421201
-0.0105329
-0.0176756
-0.0256294
-0.0343624
-0.0438146
-0.0538889
-0.0644395
-0.0752587
-0.0860637
-0.0964822
-0.106045
-0.114182
-0.120243
-0.123528
-0.123357
-0.119169
-0.110646
-0.0978549
-0.0813705
-0.0623489
-0.0424784
-0.0238373
-0.00908842
-0.00153694
-0.000321373
-0.00205381
-0.00559405
-0.0102508
-0.0154832
-0.0208797
-0.0260916
-0.0308461
-0.0349495
-0.0382785
-0.0407675
-0.0423962
-0.0431783
-0.0431515
-0.04237
-0.0408977
-0.0388036
-0.0361588
-0.0330342
-0.0294988
-0.0256187
-0.0214574
-0.0170749
-0.0125283
-0.00787191
-0.00315743
0.0015656
0.00624948
0.0108481
0.0153164
0.0196104
0.023687
0.0275031
0.0310164
0.0341844
0.0369647
0.0393148
0.0411922
0.0425538
0.0433566
0.0435573
0.0431126
0.0419792
0.040114
0.0374751
0.0340218
0.0297159
0.0245227
0.0184135
0.0113678
0.00337734
-0.00554872
-0.0153769
-0.0260402
-0.0374259
-0.0493616
-0.0615977
-0.0737902
-0.0854845
-0.0961057
-0.104963
-0.111278
-0.114241
-0.113113
-0.107367
-0.096855
-0.0819767
-0.0638038
-0.0440669
-0.0250233
-0.00965097
-0.00165865
-0.000390376
-0.00245213
-0.00660781
-0.0119889
-0.0179221
-0.0239083
-0.0295397
-0.0345109
-0.0386182
-0.0417439
-0.0438386
-0.0449038
-0.0449778
-0.0441229
-0.0424162
-0.0399427
-0.0367898
-0.0330445
-0.0287907
-0.0241082
-0.0190724
-0.0137535
-0.00821742
-0.00252566
0.00326406
0.00909737
0.0149227
0.0206907
0.0263542
0.0318672
0.0371848
0.0422632
0.0470588
0.0515283
0.0556285
0.0593159
0.0625469
0.0652772
0.0674623
0.0690566
0.0700141
0.0702883
0.0698316
0.0685964
0.0665347
0.0635987
0.0597415
0.0549182
0.0490875
0.0422135
0.0342696
0.0252425
0.0151391
0.00399532
-0.00811232
-0.021051
-0.0346127
-0.0484925
-0.0622659
-0.0753699
-0.0870948
-0.0965975
-0.102949
-0.105231
-0.102682
-0.0948952
-0.0820411
-0.0650479
-0.0456493
-0.0262785
-0.010267
-0.00179562
-0.000481134
-0.00296604
-0.00789914
-0.0141775
-0.0209582
-0.0276357
-0.033736
-0.0389224
-0.0429872
-0.0458275
-0.0474193
-0.047795
-0.0470248
-0.0452015
-0.0424302
-0.0388199
-0.034479
-0.0295115
-0.0240154
-0.0180817
-0.0117946
-0.0052314
0.00153695
0.00844497
0.0154321
0.0224418
0.0294211
0.0363199
0.04309
0.0496853
0.0560607
0.0621719
0.0679753
0.0734273
0.0784842
0.0831022
0.0872365
0.0908421
0.0938728
0.0962813
0.0980195
0.0990377
0.0992852
0.0987099
0.0972586
0.0948772
0.0915112
0.0871062
0.0816093
0.0749705
0.0671458
0.0581006
0.0478159
0.0362958
0.0235796
0.00975674
-0.00501286
-0.0204739
-0.036247
-0.0518006
-0.0664288
-0.0792479
-0.0892267
-0.0952688
-0.0963627
-0.0918021
-0.0814581
-0.0660429
-0.0472355
-0.0276298
-0.0109554
-0.00195297
-0.000600846
-0.00362878
-0.00953885
-0.0169171
-0.0247032
-0.0321652
-0.0387581
-0.0441192
-0.0480483
-0.0504705
-0.0514004
-0.0509124
-0.0491177
-0.0461466
-0.0421369
-0.0372253
-0.0315429
-0.0252118
-0.0183445
-0.0110433
-0.00340045
0.00450042
0.0125838
0.0207812
0.02903
0.0372725
0.045455
0.0535271
0.0614409
0.0691504
0.076611
0.0837787
0.0906103
0.0970624
0.103091
0.108653
0.113703
0.118196
0.122083
0.125317
0.127847
0.129622
0.130588
0.13069
0.129869
0.128066
0.125219
0.121267
0.116146
0.109792
0.102146
0.0931545
0.0827723
0.0709732
0.0577588
0.043173
0.0273226
0.0104044
-0.0072623
-0.0251977
-0.0427261
-0.0589524
-0.0727692
-0.0829177
-0.0881273
-0.08735
-0.0800852
-0.0667339
-0.0488369
-0.0291151
-0.0117435
-0.00213823
-0.000759773
-0.00448536
-0.0116182
-0.0203293
-0.029282
-0.0375969
-0.0446587
-0.050092
-0.0537226
-0.0555231
-0.0555638
-0.0539751
-0.05092
-0.0465737
-0.0411116
-0.0347011
-0.0274971
-0.0196406
-0.011258
-0.0024617
0.00664848
0.015984
0.0254662
0.0350247
0.044596
0.0541222
0.0635502
0.0728303
0.0819155
0.090761
0.0993231
0.107559
0.115427
0.122883
0.129886
0.136392
0.142355
0.14773
0.152469
0.156524
0.159842
0.162371
0.164054
0.164832
0.164645
0.163428
0.161113
0.157631
0.152911
0.146877
0.139455
0.130574
0.120167
0.108177
0.0945691
0.0793417
0.0625452
0.0443102
0.0248834
0.00467162
-0.0157081
-0.0353849
-0.0532118
-0.0677958
-0.0776121
-0.0812382
-0.0777216
-0.0670352
-0.0504624
-0.0307856
-0.0126709
-0.00236282
-0.00097302
-0.005598
-0.0142557
-0.0245606
-0.0348264
-0.04401
-0.0514374
-0.0567449
-0.0598138
-0.060691
-0.0595251
-0.0565195
-0.0519004
-0.0458955
-0.038722
-0.0305798
-0.0216481
-0.0120857
-0.00203125
0.00839409
0.0190852
0.0299507
0.0409103
0.0518938
0.0628383
0.0736874
0.0843897
0.0948975
0.105166
0.115152
0.124815
0.134112
0.143005
0.151451
0.15941
0.166838
0.173692
0.179926
0.185493
0.190343
0.194424
0.197682
0.200059
0.201495
0.201924
0.20128
0.19949
0.196478
0.192165
0.186468
0.179299
0.170571
0.160197
0.148094
0.134191
0.118443
0.100841
0.0814464
0.0604211
0.0380802
0.0149516
-0.00815851
-0.0301118
-0.0494257
-0.0643458
-0.0730572
-0.0740761
-0.0668073
-0.0521093
-0.0327092
-0.013796
-0.00264449
-0.00126371
-0.0070549
-0.0176064
-0.0297823
-0.041461
-0.0514315
-0.0589913
-0.0638324
-0.0659346
-0.0654563
-0.0626517
-0.0578163
-0.0512511
-0.043243
-0.0340535
-0.0239143
-0.0130275
-0.00156674
0.0103197
0.0225056
0.0348835
0.047362
0.0598623
0.0723163
0.0846643
0.0968532
0.108835
0.120566
0.132003
0.143109
0.153844
0.16417
0.174049
0.183442
0.192311
0.200614
0.208308
0.21535
0.221692
0.227286
0.232079
0.236017
0.239041
0.241088
0.242094
0.241986
0.240691
0.238127
0.234209
0.228846
0.221941
0.213394
0.203098
0.190949
0.176844
0.160693
0.142435
0.122054
0.0996236
0.075348
0.0496371
0.0231875
-0.00292972
-0.0272067
-0.0477107
-0.0622423
-0.0687191
-0.065817
-0.0537435
-0.0349719
-0.0152059
-0.00301189
-0.00166886
-0.00898468
-0.0218737
-0.0361854
-0.0492707
-0.0597749
-0.0670311
-0.0708574
-0.0713947
-0.0689598
-0.0639448
-0.0567562
-0.0477802
-0.0373653
-0.0258163
-0.0133934
-0.00031634
0.0132316
0.0270981
0.0411569
0.055303
0.069449
0.0835213
0.0974573
0.111203
0.124712
0.13794
0.15085
0.163405
0.17557
0.18731
0.198593
0.209382
0.219643
0.229339
0.238432
0.246882
0.254645
0.261676
0.267929
0.27335
0.277887
0.281479
0.284066
0.285579
0.285946
0.285091
0.28293
0.279372
0.274322
0.267675
0.25932
0.249136
0.236999
0.222779
0.206348
0.187589
0.166418
0.14281
0.11685
0.0887997
0.0592019
0.0289921
-0.000381962
-0.0268939
-0.0480085
-0.0610076
-0.0636714
-0.0552601
-0.0376735
-0.0170313
-0.00351275
-0.00225051
-0.0115802
-0.0273222
-0.0439572
-0.0582317
-0.0687294
-0.0749371
-0.0769084
-0.075029
-0.0698306
-0.0618762
-0.0516988
-0.0397729
-0.0265057
-0.0122374
0.00275217
0.0182353
0.0340283
0.0499832
0.065981
0.081926
0.0977403
0.11336
0.128733
0.143815
0.158565
0.172951
0.186941
0.200506
0.213615
0.226242
0.238357
0.24993
0.26093
0.271324
0.281076
0.29015
0.298505
0.306099
0.312885
0.318813
0.323831
0.32788
0.330899
0.332821
0.333573
0.333078
0.33125
0.327997
0.32322
0.316809
0.308645
0.298598
0.286527
0.272279
0.255693
0.236607
0.214867
0.190353
0.163021
0.132968
0.100536
0.0664525
0.032
-0.000826706
-0.029263
-0.0499766
-0.0597065
-0.0564058
-0.0409084
-0.0194691
-0.00422905
-0.00311702
-0.0151371
-0.0342826
-0.0532157
-0.0680681
-0.0775541
-0.0815162
-0.0804002
-0.0749416
-0.0659455
-0.0541706
-0.0402797
-0.0248269
-0.00826266
0.0090544
0.0268422
0.0448809
0.0630002
0.0810689
0.0989856
0.116672
0.134067
0.151122
0.167801
0.18407
0.199903
0.215278
0.230171
0.244563
0.258431
0.271756
0.284513
0.296679
0.308228
0.319131
0.329356
0.338871
0.347639
0.355619
0.362768
0.369039
0.374381
0.378737
0.382048
0.384248
0.385266
0.385025
0.383439
0.380418
0.375859
0.36965
0.36167
0.35178
0.339829
0.325648
0.309049
0.289829
0.267776
0.242679
0.214367
0.182757
0.147958
0.110415
0.0711267
0.0318882
-0.00448945
-0.0341791
-0.0528074
-0.0566287
-0.0447039
-0.0228089
-0.00530367
-0.00446325
-0.0201106
-0.0431221
-0.0638403
-0.077957
-0.084703
-0.0845934
-0.0786724
-0.0681352
-0.0541027
-0.0375291
-0.0191853
0.000326509
0.0205461
0.0411276
0.0618145
0.0824181
0.102801
0.122865
0.142538
0.161769
0.180523
0.198774
0.216503
0.233696
0.250341
0.266428
0.281948
0.296889
0.311241
0.324989
0.338118
0.35061
0.362446
0.373601
0.384049
0.393762
0.402706
0.410845
0.418138
0.424543
0.43001
0.434487
0.437916
0.440235
0.441374
0.44126
0.439808
0.43693
0.432525
0.426482
0.418678
0.408973
0.397208
0.383206
0.366759
0.347635
0.325572
0.300282
0.271473
0.238885
0.20237
0.162034
0.118465
0.0730582
0.0283974
-0.0114611
-0.0411183
-0.054797
-0.0488625
-0.0274468
-0.0069834
-0.00664117
-0.0271817
-0.0540952
-0.0750584
-0.0859287
-0.0871465
-0.0803446
-0.067387
-0.0500022
-0.0296138
-0.00731834
0.0160726
0.0399742
0.0639748
0.0877898
0.111227
0.13416
0.156509
0.178223
0.199278
0.219659
0.239364
0.258395
0.276758
0.294459
0.311503
0.327897
0.343643
0.358743
0.373194
0.386992
0.40013
0.412596
0.424376
0.435453
0.445806
0.45541
0.464237
0.472255
0.479427
0.485714
0.491071
0.495449
0.498795
0.50105
0.502148
0.50202
0.500587
0.497762
0.49345
0.487544
0.479922
0.470448
0.458963
0.445284
0.429197
0.410449
0.388743
0.363732
0.335021
0.302188
0.26483
0.222678
0.175804
0.124985
0.072223
0.0213453
-0.0215907
-0.0486844
-0.0525855
-0.03382
-0.00967094
-0.010254
-0.0372393
-0.0668255
-0.0844607
-0.0876659
-0.0791818
-0.0622523
-0.0396897
-0.0136976
0.0141305
0.0427032
0.0713007
0.0994652
0.126918
0.1535
0.179131
0.20378
0.227448
0.250154
0.271926
0.292799
0.312808
0.331987
0.350368
0.367979
0.384845
0.400987
0.416421
0.43116
0.445212
0.458581
0.471267
0.483266
0.494569
0.505165
0.515039
0.524169
0.532534
0.540104
0.546849
0.552734
0.557717
0.561756
0.564802
0.566801
0.567693
0.567413
0.56589
0.563043
0.558784
0.553012
0.545613
0.536456
0.52539
0.512234
0.496776
0.478757
0.457862
0.433706
0.405823
0.373658
0.336583
0.293959
0.245287
0.190539
0.13073
0.0688071
0.0106902
-0.0340548
-0.0536097
-0.0420281
-0.013909
-0.0161377
-0.0508528
-0.0786918
-0.0857267
-0.0742043
-0.0504824
-0.0196363
0.014789
0.0504596
0.0859484
0.120443
0.153521
0.184998
0.214828
0.243045
0.269722
0.294954
0.318838
0.34147
0.362941
0.383333
0.40272
0.421166
0.438729
0.455456
0.47139
0.486565
0.501008
0.514742
0.527783
0.540143
0.551827
0.562837
0.573172
0.582823
0.59178
0.600027
0.607547
0.614315
0.620305
0.625487
0.629827
0.633285
0.635819
0.637381
0.63792
0.637377
0.635689
0.632785
0.628584
0.622997
0.61592
0.607235
0.596802
0.584453
0.569986
0.553151
0.533636
0.511045
0.484878
0.4545
0.419119
0.377785
0.329457
0.273208
0.208725
0.13729
0.0634103
-0.00310982
-0.046348
-0.0505322
-0.0199785
-0.0246204
-0.0658513
-0.0802548
-0.0636565
-0.0278808
0.0166904
0.0639918
0.110696
0.155131
0.196609
0.234974
0.270337
0.302923
0.333
0.360832
0.386664
0.410718
0.433184
0.45423
0.473996
0.492606
0.510162
0.526752
0.542449
0.557316
0.571405
0.584758
0.59741
0.60939
0.620718
0.631411
0.641478
0.650926
0.659754
0.667961
0.675539
0.682476
0.688758
0.694368
0.699282
0.703477
0.706923
0.709588
0.711436
0.712429
0.712521
0.711664
0.709804
0.706881
0.702829
0.697569
0.691014
0.683063
0.673592
0.662456
0.649474
0.634421
0.617008
0.596865
0.5735
0.546265
0.514299
0.47647
0.431331
0.377152
0.312166
0.235333
0.148149
0.0578804
-0.0183923
-0.0528646
-0.0262208
-0.0312988
-0.0687278
-0.0436744
0.0154721
0.083679
0.150381
0.211696
0.266445
0.314762
0.357325
0.39494
0.42837
0.458281
0.485231
0.509679
0.531998
0.552492
0.571408
0.588949
0.605279
0.620535
0.634829
0.648254
0.660886
0.67279
0.684017
0.69461
0.704604
0.714026
0.722899
0.731238
0.739054
0.746353
0.753139
0.759411
0.765164
0.770389
0.775077
0.779213
0.782781
0.785761
0.788132
0.789867
0.79094
0.79132
0.790971
0.789858
0.787938
0.785164
0.781484
0.776838
0.771157
0.764361
0.756353
0.747016
0.736203
0.72373
0.709358
0.692771
0.673543
0.651096
0.624623
0.592999
0.554647
0.507387
0.448322
0.374028
0.281704
0.172057
0.0556981
-0.0301854
-0.0232111
-0.000660417
0.000352641
0.104333
0.217905
0.312099
0.388126
0.44978
0.500011
0.54135
0.575871
0.605146
0.630341
0.652318
0.671722
0.689037
0.704633
0.718795
0.731744
0.743655
0.754668
0.764893
0.774422
0.783326
0.791667
0.799492
0.806842
0.813749
0.820239
0.826332
0.832044
0.837388
0.84237
0.846997
0.851271
0.85519
0.858752
0.861951
0.864781
0.867232
0.869293
0.870951
0.872191
0.872997
0.873349
0.873228
0.872611
0.871474
0.869789
0.867525
0.864648
0.861118
0.85689
0.851911
0.846116
0.839425
0.83174
0.822933
0.812839
0.801237
0.787824
0.772178
0.753698
0.73151
0.70431
0.670123
0.62591
0.567062
0.48705
0.376958
0.228427
0.0726437
0.0309695
0.292184
0.379306
0.530607
0.64433
0.714297
0.760017
0.792311
0.816128
0.834335
0.848758
0.860546
0.870427
0.878883
0.886244
0.892742
0.898545
0.903778
0.908536
0.912892
0.916901
0.92061
0.924052
0.927259
0.930251
0.933049
0.935666
0.938116
0.940408
0.942549
0.944544
0.946399
0.948116
0.949696
0.951139
0.952446
0.953613
0.95464
0.955523
0.956258
0.95684
0.957264
0.957525
0.957616
0.957529
0.957257
0.956792
0.956124
0.955242
0.954135
0.952791
0.951193
0.949325
0.947166
0.944692
0.941871
0.938665
0.935023
0.93088
0.926146
0.9207
0.91437
0.906908
0.897942
0.886901
0.872863
0.854247
0.828214
0.789432
0.726146
0.611349
0.435853
0.317985
)
;

boundaryField
{
    movingWall
    {
        type            calculated;
        value           uniform 1;
    }
    fixedWalls
    {
        type            calculated;
        value           uniform 0;
    }
    frontAndBack
    {
        type            empty;
    }
}


// ************************************************************************* //
