/*--------------------------------*- C++ -*----------------------------------*\
  =========                 |
  \\      /  F ield         | OpenFOAM: The Open Source CFD Toolbox
   \\    /   O peration     | Website:  https://openfoam.org
    \\  /    A nd           | Version:  dev
     \\/     M anipulation  |
\*---------------------------------------------------------------------------*/
FoamFile
{
    format      ascii;
    class       volScalarField;
    location    "29.25";
    object      Ux;
}
// * * * * * * * * * * * * * * * * * * * * * * * * * * * * * * * * * * * * * //

dimensions      [0 1 -1 0 0 0 0];

internalField   nonuniform List<scalar> 
5184
(
1.22504e-05
4.50476e-05
8.0259e-05
9.59406e-05
8.21205e-05
3.64307e-05
-4.0577e-05
-0.000146882
-0.000279692
-0.00043595
-0.000612535
-0.000806415
-0.00101472
-0.00123479
-0.00146416
-0.00170058
-0.00194196
-0.00218641
-0.00243213
-0.00267745
-0.00292074
-0.00316047
-0.00339508
-0.00362307
-0.00384291
-0.00405305
-0.00425194
-0.004438
-0.00460966
-0.00476535
-0.00490349
-0.00502257
-0.00512112
-0.00519777
-0.00525127
-0.00528048
-0.00528448
-0.00526252
-0.00521412
-0.00513904
-0.00503734
-0.00490941
-0.00475594
-0.00457798
-0.00437695
-0.0041546
-0.00391301
-0.00365462
-0.00338216
-0.00309862
-0.00280725
-0.00251146
-0.00221484
-0.00192102
-0.0016337
-0.0013565
-0.00109296
-0.000846459
-0.000620137
-0.000416846
-0.000239084
-8.89288e-05
3.20316e-05
0.000122783
0.000182992
0.000213162
0.000214879
0.000191193
0.000147131
9.07859e-05
3.66234e-05
6.2261e-06
2.07996e-05
6.55326e-05
9.46357e-05
7.2745e-05
-1.8979e-05
-0.000187347
-0.000432941
-0.000752543
-0.00114061
-0.00159035
-0.00209444
-0.00264541
-0.00323596
-0.0038591
-0.00450823
-0.00517715
-0.00586005
-0.00655151
-0.00724637
-0.00793976
-0.00862699
-0.00930349
-0.00996479
-0.0106065
-0.0112241
-0.0118134
-0.0123698
-0.0128889
-0.0133664
-0.013798
-0.0141793
-0.0145063
-0.0147751
-0.014982
-0.0151238
-0.0151977
-0.0152013
-0.0151327
-0.014991
-0.0147757
-0.0144871
-0.0141266
-0.0136962
-0.013199
-0.0126389
-0.0120208
-0.0113504
-0.0106344
-0.00988007
-0.00909562
-0.0082897
-0.00747149
-0.00665052
-0.00583653
-0.0050393
-0.0042685
-0.00353351
-0.00284324
-0.00220598
-0.0016292
-0.00111938
-0.000681822
-0.000320433
-3.74993e-05
0.00016661
0.000293816
0.000348867
0.000340033
0.000279801
0.000186021
8.63536e-05
1.96756e-05
1.76144e-05
4.12785e-05
1.95388e-05
-8.40543e-05
-0.000290286
-0.000607905
-0.00103817
-0.00157728
-0.00221805
-0.00295131
-0.00376677
-0.00465373
-0.00560148
-0.00659953
-0.00763786
-0.00870689
-0.00979754
-0.0109012
-0.0120097
-0.0131152
-0.01421
-0.0152869
-0.0163386
-0.0173579
-0.0183378
-0.0192713
-0.0201512
-0.0209707
-0.0217229
-0.022401
-0.0229984
-0.0235089
-0.0239265
-0.0242457
-0.0244617
-0.0245703
-0.0245679
-0.0244522
-0.0242216
-0.0238758
-0.0234157
-0.0228432
-0.0221621
-0.021377
-0.0204942
-0.0195214
-0.0184674
-0.0173425
-0.0161581
-0.0149266
-0.0136613
-0.0123763
-0.011086
-0.00980536
-0.00854922
-0.00733228
-0.00616879
-0.00507228
-0.0040553
-0.00312911
-0.00230346
-0.00158622
-0.000983155
-0.00049748
-0.000129514
0.000123814
0.000269596
0.000319677
0.00029119
0.000207356
0.000102433
2.49718e-05
8.82838e-06
-7.03957e-06
-0.000107614
-0.00032238
-0.00066958
-0.00115762
-0.00178724
-0.00255369
-0.00344841
-0.00446038
-0.00557713
-0.00678544
-0.00807191
-0.00942329
-0.0108267
-0.0122697
-0.0137403
-0.0152272
-0.0167195
-0.0182065
-0.0196781
-0.0211244
-0.0225354
-0.0239017
-0.0252137
-0.0264618
-0.0276368
-0.0287294
-0.0297304
-0.030631
-0.0314226
-0.0320971
-0.0326467
-0.0330645
-0.0333443
-0.0334807
-0.0334697
-0.033308
-0.0329941
-0.0325278
-0.0319104
-0.0311449
-0.0302361
-0.0291904
-0.0280162
-0.0267234
-0.0253237
-0.0238305
-0.0222586
-0.020624
-0.0189441
-0.0172369
-0.0155213
-0.0138163
-0.0121412
-0.0105149
-0.00895588
-0.00748142
-0.00610772
-0.00484927
-0.00371856
-0.0027257
-0.00187802
-0.00117966
-0.000631077
-0.000228576
3.6317e-05
0.000177495
0.000214682
0.000174042
9.30074e-05
2.40228e-05
-2.13046e-06
-6.73026e-05
-0.000264108
-0.000609731
-0.00111666
-0.00179111
-0.00263209
-0.00363322
-0.00478438
-0.00607285
-0.0074843
-0.00900346
-0.0106147
-0.0123026
-0.0140518
-0.0158474
-0.0176751
-0.0195211
-0.0213719
-0.0232148
-0.0250369
-0.0268261
-0.0285703
-0.0302575
-0.0318759
-0.033414
-0.0348602
-0.0362032
-0.037432
-0.0385357
-0.0395041
-0.0403273
-0.0409963
-0.0415027
-0.0418393
-0.0419998
-0.0419795
-0.0417749
-0.0413843
-0.0408077
-0.0400469
-0.0391057
-0.0379901
-0.0367079
-0.0352693
-0.0336862
-0.0319729
-0.0301452
-0.028221
-0.0262194
-0.0241611
-0.0220676
-0.0199615
-0.0178654
-0.0158024
-0.0137951
-0.0118652
-0.0100337
-0.00831972
-0.00674069
-0.00531152
-0.00404433
-0.002948
-0.00202768
-0.00128429
-0.000714085
-0.000308072
-5.14861e-05
7.65479e-05
0.000103533
6.74824e-05
1.96609e-05
-1.36966e-05
-0.000132829
-0.00043579
-0.000924541
-0.00160371
-0.00247586
-0.00353715
-0.00477889
-0.00618897
-0.00775289
-0.00945451
-0.0112768
-0.0132022
-0.0152133
-0.0172927
-0.0194236
-0.0215894
-0.0237743
-0.0259628
-0.0281397
-0.0302903
-0.0324003
-0.0344554
-0.0364417
-0.0383455
-0.040153
-0.041851
-0.0434262
-0.0448658
-0.0461575
-0.0472893
-0.0482501
-0.0490294
-0.0496179
-0.0500074
-0.0501909
-0.0501631
-0.0499202
-0.0494606
-0.0487843
-0.0478936
-0.0467932
-0.0454897
-0.0439925
-0.0423131
-0.0404654
-0.0384654
-0.0363316
-0.0340839
-0.0317445
-0.0293368
-0.0268854
-0.024416
-0.0219544
-0.0195269
-0.0171592
-0.0148765
-0.0127024
-0.0106592
-0.00876663
-0.00704206
-0.00549955
-0.00414959
-0.00299853
-0.00204816
-0.00129519
-0.000730869
-0.000340462
-0.000103017
9.09643e-06
3.24729e-05
1.36164e-05
-2.51844e-05
-0.000199991
-0.000614004
-0.00125274
-0.00211172
-0.00318881
-0.00447643
-0.00596286
-0.00763362
-0.00947215
-0.0114605
-0.0135798
-0.0158109
-0.0181345
-0.0205316
-0.0229834
-0.0254718
-0.0279789
-0.0304874
-0.0329803
-0.035441
-0.0378532
-0.040201
-0.0424684
-0.0446401
-0.0467005
-0.0486347
-0.0504278
-0.0520654
-0.0535336
-0.0548194
-0.05591
-0.0567942
-0.0574615
-0.0579028
-0.0581107
-0.0580793
-0.0578045
-0.0572846
-0.0565198
-0.0555128
-0.0542687
-0.0527951
-0.0511022
-0.0492029
-0.0471126
-0.044849
-0.0424324
-0.0398851
-0.0372314
-0.0344973
-0.0317099
-0.0288978
-0.0260896
-0.0233145
-0.0206012
-0.0179776
-0.0154702
-0.0131038
-0.0109009
-0.00888097
-0.00706015
-0.00545066
-0.00406038
-0.00289228
-0.00194409
-0.00120787
-0.000669671
-0.000309296
-9.99115e-05
-7.73672e-06
6.85616e-06
-3.63356e-05
-0.000266903
-0.000793629
-0.00158538
-0.00262801
-0.00391394
-0.00543122
-0.00716455
-0.00909663
-0.0112086
-0.0134805
-0.0158917
-0.0184213
-0.0210486
-0.0237529
-0.0265139
-0.0293118
-0.0321272
-0.034941
-0.0377348
-0.0404903
-0.0431895
-0.0458149
-0.048349
-0.0507746
-0.0530749
-0.0552332
-0.0572334
-0.0590595
-0.0606966
-0.06213
-0.0633463
-0.0643329
-0.0650786
-0.0655735
-0.0658095
-0.0657804
-0.0654817
-0.0649115
-0.0640701
-0.0629604
-0.0615878
-0.0599606
-0.0580899
-0.0559895
-0.0536759
-0.0511684
-0.0484888
-0.0456612
-0.042712
-0.0396693
-0.0365628
-0.0334231
-0.0302818
-0.0271706
-0.024121
-0.0211634
-0.0183273
-0.0156401
-0.0131265
-0.0108086
-0.00870466
-0.00682885
-0.00519083
-0.00379519
-0.0026411
-0.00172199
-0.00102527
-0.000532146
-0.000217253
-5.04793e-05
-8.83997e-08
-4.70534e-05
-0.000332582
-0.000971669
-0.00191686
-0.00314416
-0.00464019
-0.00638816
-0.00836877
-0.0105615
-0.012945
-0.0154971
-0.0181954
-0.0210174
-0.0239407
-0.0269433
-0.0300034
-0.0330998
-0.0362117
-0.0393188
-0.042401
-0.0454386
-0.0484124
-0.0513033
-0.0540924
-0.0567612
-0.0592914
-0.061665
-0.0638646
-0.0658731
-0.0676742
-0.0692523
-0.0705928
-0.0716823
-0.0725087
-0.0730613
-0.0733316
-0.0733125
-0.0729994
-0.0723901
-0.0714848
-0.0702864
-0.0688005
-0.0670359
-0.065004
-0.0627196
-0.0602
-0.0574656
-0.0545397
-0.0514479
-0.0482182
-0.0448807
-0.0414672
-0.0380108
-0.0345452
-0.0311049
-0.0277238
-0.0244352
-0.0212711
-0.0182617
-0.0154343
-0.0128134
-0.0104198
-0.00826978
-0.00637523
-0.00474267
-0.00337314
-0.00226187
-0.00139814
-0.000764997
-0.000339023
-9.4196e-05
-6.94708e-06
-5.73256e-05
-0.000396546
-0.00114639
-0.00224366
-0.00365461
-0.00535992
-0.00733767
-0.00956429
-0.0120158
-0.0146681
-0.0174968
-0.0204774
-0.0235858
-0.0267982
-0.0300911
-0.0334416
-0.0368271
-0.0402257
-0.0436157
-0.0469759
-0.0502854
-0.0535237
-0.0566704
-0.0597056
-0.0626093
-0.0653622
-0.067945
-0.0703392
-0.0725267
-0.0744899
-0.0762124
-0.0776785
-0.078874
-0.0797858
-0.0804027
-0.0807152
-0.0807159
-0.0803996
-0.0797637
-0.078808
-0.0775354
-0.0759516
-0.0740653
-0.0718884
-0.0694359
-0.0667261
-0.0637801
-0.0606222
-0.0572794
-0.0537812
-0.0501595
-0.046448
-0.0426818
-0.0388971
-0.0351308
-0.0314194
-0.0277991
-0.0243044
-0.0209684
-0.0178214
-0.0148904
-0.0121988
-0.00976568
-0.00760524
-0.00572637
-0.00413237
-0.00282067
-0.00178279
-0.00100398
-0.000463008
-0.00013807
-1.36041e-05
-6.71699e-05
-0.000458566
-0.00131677
-0.00256354
-0.00415565
-0.0060678
-0.00827283
-0.0107427
-0.01345
-0.0163674
-0.0194682
-0.0227261
-0.0261152
-0.0296101
-0.0331862
-0.0368192
-0.0404856
-0.0441623
-0.0478265
-0.0514561
-0.055029
-0.0585237
-0.0619188
-0.0651932
-0.068326
-0.0712967
-0.0740851
-0.0766716
-0.0790371
-0.0811631
-0.0830321
-0.0846276
-0.0859344
-0.0869387
-0.0876284
-0.0879932
-0.0880251
-0.0877183
-0.0870695
-0.0860782
-0.0847468
-0.0830807
-0.0810886
-0.0787824
-0.0761774
-0.0732921
-0.0701483
-0.0667712
-0.0631888
-0.059432
-0.055534
-0.0515305
-0.0474587
-0.0433571
-0.0392648
-0.0352213
-0.0312654
-0.0274348
-0.0237654
-0.0202904
-0.01704
-0.0140406
-0.0113141
-0.0088776
-0.00674263
-0.00491513
-0.00339508
-0.00217656
-0.00124723
-0.000588196
-0.000181774
-2.0033e-05
-7.66104e-05
-0.000518541
-0.00148224
-0.00287509
-0.00464473
-0.00676001
-0.00918852
-0.0118978
-0.0148565
-0.0180345
-0.0214025
-0.0249322
-0.0285959
-0.0323669
-0.0362193
-0.0401277
-0.0440675
-0.0480148
-0.0519458
-0.0558374
-0.0596668
-0.0634114
-0.0670491
-0.0705577
-0.0739157
-0.0771014
-0.0800938
-0.0828725
-0.0854172
-0.0877087
-0.0897285
-0.0914593
-0.092885
-0.0939908
-0.0947637
-0.0951928
-0.0952691
-0.0949859
-0.0943393
-0.0933281
-0.091954
-0.0902221
-0.0881406
-0.085721
-0.0829787
-0.0799323
-0.076604
-0.0730194
-0.0692074
-0.0652001
-0.0610321
-0.0567407
-0.0523652
-0.0479463
-0.0435259
-0.0391459
-0.0348483
-0.0306738
-0.0266615
-0.0228482
-0.0192673
-0.0159485
-0.0129171
-0.0101932
-0.00779156
-0.00572106
-0.00398457
-0.00257891
-0.00149439
-0.00071443
-0.000225309
-2.62602e-05
-8.56686e-05
-0.000576418
-0.0016424
-0.00317731
-0.00512004
-0.00743372
-0.0100808
-0.0130243
-0.0162293
-0.0196624
-0.0232919
-0.0270874
-0.0310194
-0.03506
-0.039182
-0.0433589
-0.0475653
-0.0517762
-0.0559673
-0.0601147
-0.0641948
-0.0681842
-0.0720601
-0.0757996
-0.0793803
-0.0827799
-0.0859765
-0.0889488
-0.0916758
-0.0941374
-0.0963143
-0.0981882
-0.099742
-0.10096
-0.101829
-0.102336
-0.102471
-0.102227
-0.101599
-0.100585
-0.0991855
-0.097405
-0.095251
-0.0927345
-0.0898705
-0.0866773
-0.0831774
-0.0793965
-0.0753644
-0.0711138
-0.0666808
-0.0621043
-0.0574255
-0.0526874
-0.0479345
-0.0432117
-0.038564
-0.0340357
-0.0296693
-0.0255054
-0.0215809
-0.0179295
-0.01458
-0.0115562
-0.00887622
-0.00655238
-0.00459067
-0.00299093
-0.00174618
-0.000842159
-0.000268897
-3.23443e-05
-9.43598e-05
-0.000632162
-0.00179698
-0.00346946
-0.00558016
-0.00808672
-0.0109466
-0.0141184
-0.0175634
-0.0212453
-0.0251299
-0.0291845
-0.0333782
-0.0376816
-0.0420663
-0.0465049
-0.0509712
-0.0554394
-0.0598846
-0.0642822
-0.068608
-0.072838
-0.0769488
-0.080917
-0.0847193
-0.0883329
-0.0917352
-0.0949041
-0.097818
-0.100456
-0.102797
-0.104824
-0.106517
-0.107859
-0.108837
-0.109437
-0.109648
-0.10946
-0.108869
-0.10787
-0.106464
-0.104653
-0.102444
-0.0998481
-0.0968785
-0.0935534
-0.0898951
-0.0859294
-0.0816863
-0.0771994
-0.072506
-0.0676464
-0.0626636
-0.0576032
-0.0525122
-0.0474387
-0.0424312
-0.0375374
-0.0328039
-0.0282751
-0.0239924
-0.0199934
-0.016311
-0.0129732
-0.010002
-0.00741328
-0.00521655
-0.00341488
-0.00200411
-0.000972259
-0.000312908
-3.83634e-05
-0.000102692
-0.000685728
-0.00194572
-0.00375091
-0.00602391
-0.0087171
-0.0117831
-0.0151763
-0.0188543
-0.0227779
-0.0269103
-0.0312169
-0.0356651
-0.040224
-0.0448644
-0.0495579
-0.0542774
-0.0589968
-0.0636903
-0.0683329
-0.0728999
-0.0773671
-0.0817102
-0.0859055
-0.0899292
-0.0937579
-0.0973685
-0.100738
-0.103845
-0.106666
-0.109181
-0.111371
-0.113215
-0.114696
-0.115798
-0.116507
-0.11681
-0.116698
-0.116162
-0.115198
-0.113805
-0.111983
-0.109739
-0.107081
-0.104023
-0.100582
-0.0967796
-0.0926411
-0.0881967
-0.0834808
-0.0785315
-0.0733905
-0.068103
-0.0627165
-0.0572811
-0.0518481
-0.0464695
-0.0411972
-0.036082
-0.0311728
-0.0265154
-0.0221521
-0.0181205
-0.0144531
-0.0111761
-0.00830948
-0.00586659
-0.00385393
-0.00227028
-0.00110591
-0.000357816
-4.44077e-05
-0.000110664
-0.000737055
-0.00208837
-0.00402106
-0.00645017
-0.00932313
-0.0125879
-0.0161948
-0.0200981
-0.0242554
-0.0286276
-0.0331782
-0.037873
-0.0426799
-0.0475685
-0.0525097
-0.0574758
-0.0624399
-0.067376
-0.0722587
-0.0770629
-0.0817639
-0.0863372
-0.0907587
-0.0950041
-0.0990498
-0.102872
-0.106447
-0.109752
-0.112766
-0.115464
-0.117828
-0.119837
-0.121471
-0.122714
-0.12355
-0.123964
-0.123946
-0.123486
-0.122578
-0.121218
-0.119407
-0.117148
-0.114449
-0.111321
-0.107781
-0.103849
-0.0995504
-0.0949155
-0.0899786
-0.0847786
-0.0793586
-0.0737654
-0.0680492
-0.0622628
-0.0564609
-0.0506995
-0.0450347
-0.039522
-0.0342151
-0.0291651
-0.0244193
-0.0200205
-0.016006
-0.0124069
-0.00924783
-0.00654607
-0.0043119
-0.0025472
-0.00124452
-0.000404162
-5.05749e-05
-0.000118272
-0.000786062
-0.00222464
-0.00427927
-0.00685786
-0.00990312
-0.0133587
-0.0171709
-0.0212907
-0.025673
-0.0302763
-0.0350623
-0.0399953
-0.0450418
-0.0501706
-0.055352
-0.0605575
-0.0657599
-0.0709328
-0.0760504
-0.0810876
-0.0860192
-0.0908207
-0.0954675
-0.0999353
-0.1042
-0.108237
-0.112023
-0.115534
-0.118748
-0.12164
-0.12419
-0.126377
-0.12818
-0.129581
-0.130561
-0.131107
-0.131204
-0.130842
-0.130011
-0.128708
-0.126929
-0.124677
-0.121957
-0.11878
-0.115159
-0.111115
-0.106671
-0.101858
-0.0967095
-0.0912653
-0.0855695
-0.0796708
-0.0736217
-0.0674778
-0.0612977
-0.0551413
-0.0490694
-0.0431426
-0.0374199
-0.0319579
-0.0268098
-0.0220239
-0.0176432
-0.0137041
-0.010236
-0.00726094
-0.00479311
-0.0028377
-0.00138961
-0.000452534
-5.69672e-05
-0.000125501
-0.000832643
-0.0023542
-0.00452487
-0.00724584
-0.0104554
-0.0140931
-0.0181015
-0.0224283
-0.0270261
-0.0318511
-0.036863
-0.0420249
-0.0473022
-0.0526626
-0.0580759
-0.0635132
-0.0689469
-0.0743504
-0.0796976
-0.0849631
-0.090122
-0.0951494
-0.100021
-0.104711
-0.109196
-0.113452
-0.117454
-0.121178
-0.1246
-0.127698
-0.130447
-0.132825
-0.134813
-0.136388
-0.137533
-0.13823
-0.138464
-0.138222
-0.137493
-0.136269
-0.134546
-0.132325
-0.129607
-0.126402
-0.122721
-0.118584
-0.114012
-0.109034
-0.103686
-0.0980054
-0.0920389
-0.0858361
-0.079452
-0.0729453
-0.066378
-0.0598146
-0.0533208
-0.0469627
-0.040805
-0.0349107
-0.029339
-0.0241447
-0.0193769
-0.0150778
-0.0112824
-0.0080176
-0.00530217
-0.00314478
-0.00154285
-0.000503555
-6.36897e-05
-0.000132334
-0.000876673
-0.0024767
-0.00475714
-0.00761291
-0.0109782
-0.0147886
-0.0189833
-0.0235072
-0.0283101
-0.0333464
-0.0385741
-0.0439548
-0.0494531
-0.0550359
-0.0606724
-0.0663332
-0.0719905
-0.0776176
-0.0831883
-0.0886773
-0.0940595
-0.09931
-0.104404
-0.109317
-0.114025
-0.118502
-0.122725
-0.126668
-0.130308
-0.13362
-0.13658
-0.139165
-0.141352
-0.143121
-0.144449
-0.145318
-0.145711
-0.145612
-0.145008
-0.143889
-0.142248
-0.140082
-0.137392
-0.134183
-0.130465
-0.126255
-0.121574
-0.116449
-0.110914
-0.105008
-0.0987779
-0.0922746
-0.0855552
-0.0786814
-0.0717193
-0.0647376
-0.0578074
-0.0510006
-0.0443884
-0.0380404
-0.0320227
-0.0263971
-0.0212194
-0.0165385
-0.0123955
-0.00882279
-0.00584395
-0.00347163
-0.00170596
-0.000557865
-7.08489e-05
-0.00013875
-0.000918007
-0.00259171
-0.0049753
-0.00795783
-0.0114696
-0.0154428
-0.0198133
-0.0245233
-0.0295203
-0.0347567
-0.0401891
-0.0457779
-0.0514867
-0.0572817
-0.0631315
-0.0690068
-0.0748793
-0.0807223
-0.0865098
-0.0922163
-0.097817
-0.103287
-0.108602
-0.113737
-0.118668
-0.123369
-0.127816
-0.131985
-0.135849
-0.139385
-0.142568
-0.145373
-0.147776
-0.149754
-0.151285
-0.152347
-0.152921
-0.15299
-0.152536
-0.151548
-0.150015
-0.147931
-0.145295
-0.142108
-0.138379
-0.13412
-0.129352
-0.124099
-0.118394
-0.112276
-0.105793
-0.0989948
-0.0919422
-0.0846995
-0.0773363
-0.0699263
-0.0625461
-0.0552737
-0.0481872
-0.0413635
-0.0348765
-0.0287953
-0.0231835
-0.0180973
-0.0135843
-0.00968342
-0.00642346
-0.00382149
-0.0018807
-0.000616119
-7.85525e-05
-0.000144721
-0.000956488
-0.0026988
-0.00517851
-0.00827927
-0.0119279
-0.0160533
-0.0205883
-0.0254727
-0.0306519
-0.0360765
-0.0417017
-0.0474868
-0.0533945
-0.0593906
-0.0654433
-0.0715228
-0.0776012
-0.0836514
-0.0896478
-0.095565
-0.101378
-0.107063
-0.112595
-0.11795
-0.123103
-0.12803
-0.132705
-0.137103
-0.141199
-0.144968
-0.148383
-0.15142
-0.154054
-0.156259
-0.158011
-0.159287
-0.160065
-0.160324
-0.160047
-0.159216
-0.157819
-0.155846
-0.153293
-0.150157
-0.146443
-0.142163
-0.137332
-0.131974
-0.126119
-0.119807
-0.113083
-0.106
-0.0986195
-0.0910085
-0.0832406
-0.0753942
-0.0675516
-0.0597974
-0.0522173
-0.0448959
-0.0379154
-0.0313534
-0.0252817
-0.0197648
-0.0148578
-0.0106065
-0.00704579
-0.00419767
-0.00206885
-0.000678981
-8.69088e-05
-0.000150221
-0.000991945
-0.00279753
-0.00536593
-0.00857591
-0.0123511
-0.0166173
-0.021305
-0.0263514
-0.0317
-0.0373
-0.0431051
-0.0490738
-0.0551681
-0.0613532
-0.067597
-0.0738697
-0.0801432
-0.0863909
-0.092587
-0.0987067
-0.104726
-0.110619
-0.116364
-0.121935
-0.127309
-0.13246
-0.137363
-0.141994
-0.146327
-0.150335
-0.153993
-0.157274
-0.160151
-0.162598
-0.164589
-0.166098
-0.167102
-0.167577
-0.167501
-0.166855
-0.165623
-0.163791
-0.161351
-0.158296
-0.154629
-0.150357
-0.145491
-0.140055
-0.134075
-0.127589
-0.120641
-0.113287
-0.105587
-0.0976124
-0.0894391
-0.0811508
-0.0728356
-0.0645852
-0.0564929
-0.048652
-0.0411536
-0.0340847
-0.0275263
-0.0215517
-0.0162249
-0.011599
-0.00771602
-0.00460352
-0.00227224
-0.000747121
-9.60268e-05
-0.00015522
-0.0010242
-0.00288741
-0.00553669
-0.00884638
-0.0127373
-0.0171325
-0.0219602
-0.0271553
-0.0326599
-0.0384215
-0.0443929
-0.0505316
-0.0567989
-0.0631598
-0.0695819
-0.0760353
-0.0824922
-0.088926
-0.0953115
-0.101624
-0.10784
-0.113934
-0.119885
-0.125667
-0.131257
-0.13663
-0.141762
-0.146627
-0.151199
-0.155452
-0.159359
-0.162892
-0.166025
-0.168728
-0.170974
-0.172736
-0.173987
-0.174701
-0.174852
-0.174419
-0.173381
-0.17172
-0.169425
-0.166485
-0.162898
-0.158666
-0.153798
-0.148313
-0.142236
-0.135602
-0.128453
-0.120845
-0.11284
-0.104509
-0.0959339
-0.0872015
-0.0784064
-0.0696473
-0.0610259
-0.0526446
-0.0446042
-0.0370018
-0.0299289
-0.0234685
-0.0176941
-0.0126678
-0.00843923
-0.00504235
-0.00249266
-0.000821209
-0.000106016
-0.000159688
-0.00105309
-0.00296798
-0.00568993
-0.00908935
-0.0130845
-0.0175964
-0.0225506
-0.0278807
-0.0335269
-0.0394355
-0.0455585
-0.0518525
-0.0582783
-0.0648006
-0.0713869
-0.0780074
-0.0846343
-0.0912416
-0.0978042
-0.104298
-0.1107
-0.116986
-0.123134
-0.12912
-0.13492
-0.140511
-0.145868
-0.150966
-0.155778
-0.160278
-0.164438
-0.168231
-0.171628
-0.174599
-0.177116
-0.179147
-0.180664
-0.181639
-0.182043
-0.181849
-0.181035
-0.179578
-0.177461
-0.174671
-0.171199
-0.167043
-0.162209
-0.156711
-0.150569
-0.143817
-0.136495
-0.128656
-0.120364
-0.111691
-0.102721
-0.0935465
-0.0842677
-0.0749906
-0.0658253
-0.0568841
-0.0482783
-0.0401162
-0.0325003
-0.0255249
-0.0192741
-0.0138197
-0.00922041
-0.00551746
-0.00273192
-0.000901918
-0.000116988
-0.000163596
-0.00107844
-0.00303881
-0.00582483
-0.00930356
-0.0133911
-0.0180064
-0.0230733
-0.0285236
-0.0342963
-0.0403367
-0.0465956
-0.0530291
-0.0595978
-0.0662659
-0.073001
-0.0797734
-0.0865556
-0.0933219
-0.100048
-0.10671
-0.113285
-0.119751
-0.126085
-0.132265
-0.138267
-0.144069
-0.149645
-0.154971
-0.160021
-0.164767
-0.169184
-0.173241
-0.176908
-0.180157
-0.182955
-0.18527
-0.187072
-0.188328
-0.189008
-0.189082
-0.18852
-0.187299
-0.185395
-0.182791
-0.179472
-0.175432
-0.170671
-0.165197
-0.159029
-0.152194
-0.144731
-0.136691
-0.128136
-0.11914
-0.109789
-0.10018
-0.0904183
-0.0806174
-0.0708967
-0.0613784
-0.0521853
-0.0434376
-0.0352503
-0.02773
-0.0209726
-0.0150612
-0.0100644
-0.00603209
-0.00299182
-0.00098992
-0.000129053
-0.000166917
-0.00110008
-0.00309948
-0.00594064
-0.00948784
-0.0136554
-0.0183605
-0.0235255
-0.0290807
-0.0349641
-0.0411198
-0.0474981
-0.0540545
-0.0607492
-0.0675463
-0.0744134
-0.0813211
-0.0882422
-0.0951513
-0.102025
-0.10884
-0.115574
-0.122205
-0.128713
-0.135074
-0.141267
-0.147268
-0.153055
-0.158602
-0.163884
-0.168874
-0.173544
-0.177865
-0.181808
-0.185339
-0.188428
-0.191039
-0.193141
-0.194697
-0.195675
-0.196041
-0.195762
-0.194808
-0.193152
-0.190771
-0.187645
-0.183763
-0.179117
-0.173712
-0.16756
-0.160684
-0.153119
-0.144912
-0.136125
-0.126832
-0.11712
-0.107089
-0.0968507
-0.0865254
-0.0762414
-0.066132
-0.0563318
-0.0469741
-0.0381874
-0.030092
-0.0227972
-0.0163984
-0.010976
-0.00658944
-0.00327411
-0.00108589
-0.000142326
-0.000169625
-0.0011179
-0.00314962
-0.0060367
-0.00964117
-0.013876
-0.0186568
-0.0239046
-0.0295488
-0.0355262
-0.0417802
-0.0482605
-0.054922
-0.0617247
-0.0686327
-0.0756137
-0.0826385
-0.0896803
-0.0967143
-0.103717
-0.110668
-0.117543
-0.124324
-0.130988
-0.137516
-0.143884
-0.150073
-0.156058
-0.161815
-0.16732
-0.172546
-0.177465
-0.182048
-0.186264
-0.190081
-0.193466
-0.196382
-0.198795
-0.200668
-0.201963
-0.202644
-0.202674
-0.202019
-0.200647
-0.198527
-0.195636
-0.191955
-0.187472
-0.182183
-0.176094
-0.169223
-0.161601
-0.153271
-0.14429
-0.134733
-0.124686
-0.114254
-0.103551
-0.0927061
-0.0818562
-0.0711456
-0.0607216
-0.0507315
-0.0413185
-0.0326181
-0.0247544
-0.0178372
-0.0119596
-0.00719256
-0.00358055
-0.00119048
-0.000156921
-0.000171702
-0.00113176
-0.00318895
-0.00611248
-0.00976273
-0.0140515
-0.0188935
-0.0242087
-0.0299253
-0.0359795
-0.042314
-0.0488778
-0.0556257
-0.0625173
-0.0695169
-0.0765922
-0.0837143
-0.0908569
-0.0979959
-0.105109
-0.112174
-0.119172
-0.126082
-0.132885
-0.13956
-0.146087
-0.152446
-0.158613
-0.164567
-0.170281
-0.175732
-0.18089
-0.185728
-0.190213
-0.194314
-0.197995
-0.201221
-0.203954
-0.206155
-0.207784
-0.208801
-0.209166
-0.20884
-0.207784
-0.205965
-0.203352
-0.199918
-0.195646
-0.190523
-0.184551
-0.177738
-0.17011
-0.161705
-0.152577
-0.142796
-0.13245
-0.121644
-0.110498
-0.0991448
-0.0877323
-0.0764153
-0.0653547
-0.0547127
-0.0446485
-0.0353141
-0.0268502
-0.0193826
-0.0130194
-0.00784443
-0.00391282
-0.00130438
-0.000172955
-0.000173131
-0.0011416
-0.00321728
-0.00616761
-0.00985193
-0.0141813
-0.0190697
-0.0244361
-0.0302082
-0.0363213
-0.0427177
-0.0493459
-0.0561605
-0.0631209
-0.0701914
-0.0773399
-0.084538
-0.0917598
-0.0989819
-0.106183
-0.113341
-0.120439
-0.127457
-0.134376
-0.141177
-0.147842
-0.15435
-0.160681
-0.166811
-0.172719
-0.178378
-0.183763
-0.188843
-0.193588
-0.197966
-0.201941
-0.205477
-0.208534
-0.211071
-0.213046
-0.214417
-0.215139
-0.215168
-0.214463
-0.212982
-0.210688
-0.207549
-0.203539
-0.198638
-0.192838
-0.186142
-0.178567
-0.170143
-0.160921
-0.150967
-0.140365
-0.129222
-0.11766
-0.105819
-0.0938545
-0.0819324
-0.0702276
-0.0589179
-0.04818
-0.0381842
-0.0290894
-0.0210395
-0.0141593
-0.00854784
-0.00427257
-0.00142823
-0.000190547
-0.000173905
-0.00114737
-0.00323449
-0.00620192
-0.00990851
-0.0142649
-0.0191846
-0.024586
-0.0303962
-0.0365499
-0.0429891
-0.0496619
-0.0565225
-0.0635305
-0.07065
-0.0778494
-0.0851005
-0.0923781
-0.0996594
-0.106924
-0.114151
-0.121324
-0.128425
-0.135435
-0.142338
-0.149116
-0.155749
-0.162219
-0.168505
-0.174584
-0.180432
-0.186023
-0.19133
-0.196321
-0.200965
-0.205225
-0.209066
-0.212445
-0.215322
-0.217652
-0.21939
-0.220487
-0.220897
-0.220572
-0.219465
-0.217534
-0.214737
-0.211041
-0.206418
-0.200852
-0.194336
-0.186877
-0.1785
-0.169246
-0.159176
-0.148373
-0.136939
-0.125
-0.112699
-0.100201
-0.0876823
-0.0753316
-0.0633435
-0.0519131
-0.0412307
-0.0314756
-0.0228115
-0.0153828
-0.00930542
-0.0046614
-0.00156268
-0.000209821
-0.000174024
-0.00114909
-0.00324063
-0.00621547
-0.00993253
-0.0143024
-0.0192382
-0.0246581
-0.0304888
-0.0366645
-0.0431268
-0.0498236
-0.056709
-0.0637423
-0.0708879
-0.0781144
-0.0853941
-0.0927023
-0.100017
-0.107318
-0.114588
-0.121809
-0.128964
-0.136038
-0.143015
-0.149877
-0.156609
-0.163191
-0.169605
-0.175829
-0.181841
-0.187616
-0.193128
-0.198345
-0.203238
-0.20777
-0.211905
-0.215601
-0.218816
-0.221504
-0.223616
-0.225104
-0.225914
-0.225996
-0.225298
-0.223768
-0.221361
-0.218032
-0.213747
-0.208478
-0.202209
-0.194937
-0.186678
-0.177462
-0.167345
-0.156402
-0.144735
-0.132466
-0.119746
-0.106742
-0.0936438
-0.0806531
-0.0679819
-0.0558449
-0.044454
-0.0340109
-0.0247019
-0.0166928
-0.0101196
-0.00508079
-0.00170837
-0.000230898
-0.000173496
-0.00114681
-0.00323587
-0.0062086
-0.00992449
-0.0142944
-0.0192313
-0.0246533
-0.0304867
-0.0366656
-0.0431311
-0.0498308
-0.0567188
-0.0637543
-0.070902
-0.0781306
-0.0854129
-0.092725
-0.100046
-0.107356
-0.114638
-0.121877
-0.129057
-0.136163
-0.143182
-0.150098
-0.156896
-0.163559
-0.17007
-0.176409
-0.182556
-0.188487
-0.194176
-0.199596
-0.204715
-0.209499
-0.213912
-0.217913
-0.221458
-0.224501
-0.226992
-0.228878
-0.230105
-0.230617
-0.230356
-0.229266
-0.227293
-0.224385
-0.220497
-0.215591
-0.209641
-0.202631
-0.194567
-0.185468
-0.17538
-0.164372
-0.152538
-0.140001
-0.12691
-0.11344
-0.099789
-0.0861728
-0.0728209
-0.059969
-0.0478518
-0.0366958
-0.0267124
-0.0180918
-0.0109923
-0.00553216
-0.00186592
-0.000253907
-0.000172341
-0.00114066
-0.00322057
-0.00618194
-0.00988535
-0.0142421
-0.0191654
-0.0245732
-0.0303918
-0.0365549
-0.0430033
-0.0496846
-0.0565525
-0.0635665
-0.0706912
-0.0778958
-0.0851534
-0.0924409
-0.0997378
-0.107026
-0.11429
-0.121514
-0.128686
-0.135791
-0.142818
-0.149752
-0.156581
-0.16329
-0.169863
-0.176282
-0.18253
-0.188583
-0.194419
-0.20001
-0.205329
-0.21034
-0.21501
-0.219297
-0.223158
-0.226547
-0.229413
-0.231701
-0.233355
-0.234314
-0.234516
-0.2339
-0.232403
-0.229966
-0.226534
-0.222058
-0.2165
-0.209832
-0.202046
-0.193151
-0.183179
-0.172188
-0.160267
-0.147533
-0.134134
-0.120248
-0.106082
-0.0918648
-0.0778433
-0.0642749
-0.0514191
-0.0395291
-0.028844
-0.0195815
-0.0119256
-0.00601678
-0.00203592
-0.000278975
-0.000170589
-0.00113085
-0.00319527
-0.00613649
-0.00981661
-0.0141476
-0.0190429
-0.0244208
-0.0302071
-0.0363356
-0.0427467
-0.0493879
-0.0562127
-0.0631807
-0.0702566
-0.0774099
-0.0846144
-0.0918474
-0.0990895
-0.106324
-0.113535
-0.12071
-0.127838
-0.134905
-0.141902
-0.148818
-0.155639
-0.162355
-0.168951
-0.175412
-0.181721
-0.187859
-0.193805
-0.199533
-0.205017
-0.210225
-0.215123
-0.219672
-0.22383
-0.227549
-0.23078
-0.233467
-0.23555
-0.236967
-0.237653
-0.237539
-0.236556
-0.234638
-0.231719
-0.227739
-0.222648
-0.216405
-0.208986
-0.200386
-0.190624
-0.179745
-0.167827
-0.154979
-0.141347
-0.127109
-0.112479
-0.0976962
-0.0830263
-0.0687482
-0.0551477
-0.0425071
-0.031096
-0.0211629
-0.0129206
-0.00653578
-0.00221893
-0.000306231
-0.000168284
-0.00111764
-0.00316071
-0.00607362
-0.00972035
-0.0140136
-0.0188675
-0.0242
-0.0299373
-0.0360127
-0.0423665
-0.0489458
-0.0557043
-0.0626013
-0.0696018
-0.0766758
-0.0837974
-0.0909447
-0.0980993
-0.105245
-0.112369
-0.119458
-0.126504
-0.133494
-0.140422
-0.147277
-0.154049
-0.160729
-0.167306
-0.173766
-0.180094
-0.186275
-0.192289
-0.198114
-0.203724
-0.209092
-0.214184
-0.218965
-0.223392
-0.22742
-0.231
-0.234074
-0.236584
-0.238464
-0.239645
-0.240055
-0.23962
-0.238263
-0.235911
-0.232491
-0.227941
-0.222206
-0.215246
-0.20704
-0.197589
-0.186926
-0.175112
-0.162247
-0.14847
-0.133957
-0.118926
-0.103627
-0.0883408
-0.0733694
-0.0590259
-0.0456238
-0.0334663
-0.0228359
-0.0139785
-0.0070901
-0.00241548
-0.000335807
-0.000165485
-0.00110141
-0.0031179
-0.00599516
-0.00959933
-0.013844
-0.0186436
-0.0239166
-0.0295887
-0.035593
-0.0418697
-0.0483657
-0.0550343
-0.0618352
-0.0687333
-0.0756989
-0.082707
-0.0897363
-0.0967693
-0.103791
-0.11079
-0.117755
-0.124678
-0.13155
-0.138366
-0.145116
-0.151795
-0.158395
-0.164906
-0.171318
-0.177619
-0.183797
-0.189833
-0.195709
-0.201403
-0.206889
-0.212136
-0.217111
-0.221774
-0.226082
-0.229986
-0.233431
-0.236356
-0.238695
-0.240377
-0.241327
-0.241464
-0.240705
-0.238968
-0.236169
-0.232233
-0.227089
-0.220681
-0.21297
-0.203939
-0.193602
-0.182005
-0.169232
-0.155412
-0.140716
-0.125362
-0.109608
-0.0937512
-0.078114
-0.0630382
-0.0488706
-0.0359509
-0.0245996
-0.0150995
-0.00768049
-0.00262605
-0.000367833
-0.000162265
-0.00108261
-0.00306807
-0.00590341
-0.00945703
-0.0136434
-0.0183774
-0.0235775
-0.0291692
-0.0350854
-0.0412658
-0.0476572
-0.0542128
-0.060892
-0.0676602
-0.0744881
-0.0813512
-0.0882291
-0.0951052
-0.101966
-0.108801
-0.115601
-0.12236
-0.129071
-0.135729
-0.142329
-0.148868
-0.155338
-0.161735
-0.16805
-0.174275
-0.180399
-0.186408
-0.192287
-0.198016
-0.203572
-0.208929
-0.214056
-0.218916
-0.223468
-0.227665
-0.231454
-0.234775
-0.237563
-0.239744
-0.24124
-0.241966
-0.241835
-0.240754
-0.238631
-0.235375
-0.230903
-0.22514
-0.218028
-0.209531
-0.199639
-0.188379
-0.175819
-0.162071
-0.147298
-0.131715
-0.115584
-0.0992148
-0.0829516
-0.0671647
-0.0522357
-0.0385439
-0.0264518
-0.0162835
-0.00830746
-0.00285105
-0.000402438
-0.000158716
-0.00106182
-0.00301278
-0.00580118
-0.00929777
-0.0134177
-0.0180762
-0.0231915
-0.0286889
-0.0345009
-0.0405667
-0.0468328
-0.0532522
-0.0597845
-0.0663952
-0.0730554
-0.0797413
-0.0864334
-0.0931163
-0.0997779
-0.106409
-0.113002
-0.119553
-0.126057
-0.132511
-0.138914
-0.145262
-0.151554
-0.157785
-0.163951
-0.170047
-0.176065
-0.181994
-0.187822
-0.193534
-0.19911
-0.204527
-0.209757
-0.214769
-0.219523
-0.223976
-0.228076
-0.231766
-0.234982
-0.237649
-0.239689
-0.241014
-0.24153
-0.241139
-0.239738
-0.237225
-0.233501
-0.228473
-0.222064
-0.214214
-0.204892
-0.194099
-0.181883
-0.168335
-0.153607
-0.137903
-0.121489
-0.104682
-0.0878461
-0.0713809
-0.0557042
-0.0412374
-0.0283891
-0.0175297
-0.00897124
-0.00309086
-0.000439752
-0.000154948
-0.00103973
-0.0029539
-0.00569193
-0.00912673
-0.013174
-0.0177489
-0.0227693
-0.0281601
-0.033853
-0.0397869
-0.0459078
-0.0521685
-0.0585286
-0.0649539
-0.0714162
-0.0778922
-0.0843636
-0.0908161
-0.0972391
-0.103625
-0.109968
-0.116266
-0.122517
-0.12872
-0.134875
-0.140982
-0.147043
-0.153055
-0.159019
-0.164931
-0.170786
-0.17658
-0.182302
-0.187941
-0.193481
-0.198904
-0.204186
-0.209298
-0.214206
-0.21887
-0.223241
-0.227266
-0.230881
-0.234014
-0.236586
-0.238507
-0.239681
-0.240003
-0.239362
-0.237646
-0.234738
-0.230532
-0.224926
-0.217839
-0.209212
-0.199023
-0.187291
-0.174085
-0.159536
-0.143837
-0.127248
-0.110094
-0.0927549
-0.0756577
-0.0592575
-0.0440209
-0.0304067
-0.0188365
-0.00967177
-0.00334574
-0.000479901
-0.000151095
-0.00101716
-0.00289365
-0.00557972
-0.00895013
-0.0129207
-0.0174061
-0.0223236
-0.0275972
-0.0331579
-0.0389438
-0.0449004
-0.0509805
-0.0571435
-0.0633558
-0.0695896
-0.0758227
-0.0820378
-0.088222
-0.0943663
-0.100465
-0.106514
-0.112513
-0.118463
-0.124365
-0.130222
-0.136037
-0.141813
-0.147552
-0.153257
-0.158929
-0.164566
-0.170166
-0.175724
-0.181232
-0.186679
-0.19205
-0.197327
-0.202484
-0.207493
-0.212317
-0.216913
-0.221229
-0.225206
-0.228775
-0.231857
-0.234363
-0.236194
-0.237241
-0.237388
-0.23651
-0.23448
-0.231171
-0.226465
-0.220252
-0.21245
-0.203004
-0.191903
-0.17919
-0.164969
-0.149416
-0.13278
-0.115386
-0.0976289
-0.0799604
-0.0628734
-0.0468816
-0.0324982
-0.0202015
-0.0104087
-0.00361591
-0.000523007
-0.000147313
-0.000995089
-0.00283467
-0.0054694
-0.0087753
-0.0126677
-0.0170603
-0.0218693
-0.0270173
-0.0324343
-0.0380577
-0.0438322
-0.0497104
-0.055652
-0.0616237
-0.0675984
-0.0735552
-0.0794779
-0.0853553
-0.09118
-0.0969481
-0.102658
-0.108312
-0.113912
-0.119464
-0.124971
-0.13044
-0.135878
-0.141289
-0.14668
-0.152054
-0.157414
-0.162762
-0.168096
-0.173413
-0.178706
-0.183966
-0.189177
-0.194321
-0.199373
-0.204302
-0.209068
-0.213627
-0.217921
-0.221887
-0.225447
-0.228515
-0.230991
-0.232764
-0.233713
-0.233704
-0.2326
-0.230258
-0.226538
-0.221307
-0.214454
-0.205891
-0.195576
-0.183515
-0.169784
-0.154532
-0.137992
-0.120485
-0.102413
-0.0842495
-0.0665257
-0.0498041
-0.0346557
-0.0216217
-0.0111812
-0.00390151
-0.000569194
-0.000143785
-0.000974663
-0.00278006
-0.00536664
-0.00861083
-0.0124267
-0.0167262
-0.0214237
-0.0264403
-0.0317044
-0.0371522
-0.042728
-0.048384
-0.0540802
-0.0597839
-0.065469
-0.0711158
-0.0767097
-0.0822413
-0.0877051
-0.0930994
-0.0984253
-0.103686
-0.108888
-0.114038
-0.119144
-0.124215
-0.12926
-0.134288
-0.139307
-0.144326
-0.149351
-0.154387
-0.159437
-0.164502
-0.16958
-0.174666
-0.17975
-0.184819
-0.189853
-0.194825
-0.199705
-0.204449
-0.209009
-0.213324
-0.217322
-0.220918
-0.224014
-0.226501
-0.228253
-0.229132
-0.228989
-0.227669
-0.225012
-0.220862
-0.215076
-0.207536
-0.198161
-0.18692
-0.17385
-0.159069
-0.142787
-0.12531
-0.107043
-0.0884798
-0.0701843
-0.0527699
-0.0368697
-0.023093
-0.0119884
-0.00420257
-0.000618582
-0.00014073
-0.000957235
-0.00273347
-0.0052781
-0.00846676
-0.0122111
-0.0164206
-0.021007
-0.025889
-0.0309931
-0.0362543
-0.0416161
-0.0470305
-0.052458
-0.0578665
-0.0632314
-0.0685342
-0.0737625
-0.0789088
-0.0839699
-0.0889463
-0.0938419
-0.0986628
-0.103417
-0.108116
-0.112768
-0.117388
-0.121986
-0.126575
-0.131167
-0.135773
-0.140404
-0.145069
-0.149774
-0.154527
-0.159328
-0.164177
-0.169071
-0.174001
-0.178952
-0.183906
-0.188835
-0.193705
-0.198471
-0.20308
-0.207464
-0.211544
-0.215227
-0.218402
-0.220944
-0.222714
-0.223554
-0.223296
-0.221766
-0.218783
-0.214176
-0.207793
-0.199512
-0.18926
-0.177032
-0.162905
-0.147057
-0.129773
-0.111452
-0.0926005
-0.0738148
-0.0557582
-0.0391289
-0.0246105
-0.0128288
-0.00451909
-0.000671292
-0.000138402
-0.000944393
-0.00269918
-0.00521155
-0.00835477
-0.0120368
-0.0161633
-0.0206423
-0.0253896
-0.0303292
-0.0353947
-0.0405285
-0.0456829
-0.0508187
-0.055905
-0.0609187
-0.0658435
-0.0706689
-0.0753898
-0.0800058
-0.08452
-0.088939
-0.093272
-0.09753
-0.101726
-0.105874
-0.109989
-0.114087
-0.118182
-0.122291
-0.126429
-0.130608
-0.134843
-0.139145
-0.143524
-0.147986
-0.152537
-0.157176
-0.161902
-0.166706
-0.171574
-0.176488
-0.181417
-0.186326
-0.191166
-0.195879
-0.20039
-0.20461
-0.208436
-0.211743
-0.214391
-0.216218
-0.217049
-0.216693
-0.21495
-0.211622
-0.20652
-0.199483
-0.190391
-0.179191
-0.165912
-0.150689
-0.133778
-0.115563
-0.0965556
-0.0773788
-0.0587451
-0.0414205
-0.0261687
-0.0137008
-0.00485098
-0.00072745
-0.000137106
-0.000938008
-0.00268219
-0.0051761
-0.0082885
-0.011922
-0.0159767
-0.0203561
-0.0249718
-0.0297452
-0.0346076
-0.0395011
-0.0443777
-0.0491991
-0.0539361
-0.0585676
-0.0630794
-0.0674639
-0.071719
-0.0758469
-0.0798541
-0.08375
-0.087547
-0.0912593
-0.094903
-0.0984953
-0.102054
-0.105599
-0.109147
-0.112719
-0.116332
-0.120004
-0.123752
-0.127592
-0.131538
-0.1356
-0.139789
-0.144111
-0.148568
-0.153159
-0.157875
-0.162704
-0.167625
-0.172608
-0.177613
-0.182588
-0.187467
-0.192169
-0.196595
-0.200627
-0.204125
-0.206929
-0.208856
-0.209704
-0.209258
-0.207292
-0.203586
-0.197934
-0.190171
-0.180186
-0.167956
-0.153564
-0.137224
-0.119295
-0.100284
-0.0808336
-0.0617041
-0.04373
-0.0277611
-0.0146025
-0.00519817
-0.000787193
-0.000137201
-0.000940299
-0.00268843
-0.00518242
-0.00828381
-0.0118876
-0.0158868
-0.0201785
-0.0246694
-0.0292773
-0.0339315
-0.0385731
-0.0431547
-0.0476393
-0.0519995
-0.0562168
-0.0602801
-0.0641851
-0.0679327
-0.071529
-0.0749836
-0.0783096
-0.0815225
-0.08464
-0.0876815
-0.0906674
-0.0936191
-0.0965585
-0.0995078
-0.102489
-0.105524
-0.108635
-0.111841
-0.115162
-0.118616
-0.12222
-0.125988
-0.129929
-0.134054
-0.138365
-0.142862
-0.147538
-0.15238
-0.157365
-0.162462
-0.167628
-0.172806
-0.177924
-0.18289
-0.187593
-0.191899
-0.19565
-0.198663
-0.200728
-0.201616
-0.20108
-0.198867
-0.194732
-0.188458
-0.179877
-0.168903
-0.155558
-0.140004
-0.12256
-0.103717
-0.0841326
-0.0646057
-0.0460416
-0.0293809
-0.0155318
-0.00556057
-0.000850679
-0.000139121
-0.000953911
-0.00272492
-0.00524306
-0.00835926
-0.0119582
-0.0159234
-0.0201439
-0.0245203
-0.0289661
-0.0334085
-0.0377878
-0.0420573
-0.0461818
-0.0501369
-0.0539072
-0.0574852
-0.0608705
-0.0640682
-0.0670881
-0.0699439
-0.0726524
-0.0752329
-0.0777066
-0.0800964
-0.082426
-0.0847202
-0.0870041
-0.0893032
-0.0916428
-0.0940481
-0.096544
-0.0991545
-0.101903
-0.104811
-0.107899
-0.111186
-0.114687
-0.118417
-0.122384
-0.126594
-0.131048
-0.135739
-0.140654
-0.145769
-0.15105
-0.156452
-0.16191
-0.167345
-0.172654
-0.177712
-0.182367
-0.186437
-0.189712
-0.191952
-0.192893
-0.192254
-0.189752
-0.185118
-0.178124
-0.168615
-0.156543
-0.142003
-0.125263
-0.106785
-0.087225
-0.0674182
-0.0483379
-0.0310205
-0.0164868
-0.0059382
-0.000918098
-0.000143394
-0.000982022
-0.0028
-0.0053729
-0.00853659
-0.0121621
-0.0161207
-0.0202914
-0.0245671
-0.0288567
-0.0330848
-0.0371915
-0.0411313
-0.0448717
-0.0483918
-0.0516803
-0.0547344
-0.0575582
-0.0601616
-0.062559
-0.0647685
-0.0668112
-0.0687104
-0.0704912
-0.0721799
-0.0738039
-0.0753913
-0.0769703
-0.0785697
-0.080218
-0.0819436
-0.0837746
-0.0857383
-0.0878615
-0.0901697
-0.0926875
-0.0954374
-0.0984403
-0.101714
-0.105275
-0.109134
-0.113297
-0.117766
-0.122536
-0.127592
-0.132911
-0.138456
-0.144175
-0.15
-0.15584
-0.161582
-0.16708
-0.172163
-0.17662
-0.180208
-0.182653
-0.183649
-0.182877
-0.18002
-0.174789
-0.166953
-0.156385
-0.143102
-0.127305
-0.109408
-0.0900558
-0.070107
-0.0506006
-0.0326724
-0.0174655
-0.00633124
-0.000989694
-0.000150668
-0.00102848
-0.00292373
-0.00558958
-0.00884135
-0.0125323
-0.016518
-0.020665
-0.0248574
-0.0289984
-0.0330105
-0.0368337
-0.0404248
-0.0437548
-0.0468075
-0.0495769
-0.0520657
-0.0542837
-0.0562463
-0.0579731
-0.0594873
-0.0608146
-0.0619828
-0.0630209
-0.0639593
-0.0648287
-0.0656605
-0.0664864
-0.0673381
-0.0682471
-0.0692449
-0.0703626
-0.0716307
-0.0730791
-0.074737
-0.0766323
-0.0787918
-0.0812404
-0.0840011
-0.0870944
-0.0905375
-0.0943437
-0.0985215
-0.103073
-0.107994
-0.11327
-0.118876
-0.124772
-0.130903
-0.13719
-0.143535
-0.149805
-0.155837
-0.161431
-0.166345
-0.170297
-0.172966
-0.174003
-0.173044
-0.169738
-0.163778
-0.15495
-0.143179
-0.12858
-0.111505
-0.0925662
-0.0726353
-0.0528105
-0.0343291
-0.0184666
-0.0067402
-0.00106579
-0.000161746
-0.001098
-0.00310821
-0.0059142
-0.00930372
-0.0131071
-0.0171603
-0.0213146
-0.0254437
-0.029445
-0.0332386
-0.0367657
-0.0399863
-0.0428764
-0.0454257
-0.0476348
-0.0495134
-0.0510778
-0.0523497
-0.0533551
-0.0541227
-0.0546833
-0.0550695
-0.0553146
-0.0554528
-0.0555187
-0.0555468
-0.0555721
-0.0556291
-0.0557524
-0.0559761
-0.0563341
-0.0568599
-0.0575864
-0.0585458
-0.0597693
-0.0612874
-0.0631288
-0.0653211
-0.0678893
-0.0708561
-0.0742411
-0.0780596
-0.0823219
-0.087032
-0.0921857
-0.0977691
-0.103755
-0.110102
-0.116748
-0.123606
-0.130563
-0.137471
-0.144139
-0.150334
-0.155775
-0.160132
-0.163032
-0.164072
-0.162839
-0.158952
-0.152099
-0.142101
-0.128975
-0.112985
-0.0946923
-0.0749637
-0.0549475
-0.0359835
-0.0194893
-0.00716601
-0.00114683
-0.000177642
-0.00119638
-0.00336822
-0.00637211
-0.00995936
-0.0139311
-0.018099
-0.0222959
-0.0263839
-0.0302539
-0.0338246
-0.0370395
-0.0398632
-0.0422787
-0.0442833
-0.0458859
-0.0471041
-0.0479624
-0.0484899
-0.0487194
-0.048686
-0.0484261
-0.0479774
-0.0473777
-0.0466654
-0.0458784
-0.0450549
-0.0442326
-0.0434489
-0.0427411
-0.042146
-0.0416999
-0.0414389
-0.0413985
-0.0416137
-0.0421188
-0.0429473
-0.0441317
-0.0457032
-0.0476916
-0.0501245
-0.0530271
-0.0564214
-0.0603251
-0.0647507
-0.0697042
-0.0751825
-0.0811719
-0.0876444
-0.0945541
-0.101833
-0.109384
-0.117078
-0.124742
-0.132157
-0.139048
-0.145085
-0.149879
-0.152994
-0.153966
-0.152333
-0.147687
-0.139734
-0.128369
-0.113752
-0.0963654
-0.0770501
-0.0569914
-0.0376295
-0.0205343
-0.00761033
-0.00123342
-0.00019964
-0.00133085
-0.00372184
-0.00699387
-0.0108506
-0.0150563
-0.0193927
-0.0236711
-0.0277403
-0.0314853
-0.0348243
-0.0377048
-0.0400987
-0.0419977
-0.043409
-0.0443514
-0.0448525
-0.044946
-0.0446698
-0.0440644
-0.0431716
-0.0420342
-0.0406951
-0.039197
-0.0375821
-0.0358923
-0.0341688
-0.0324521
-0.0307824
-0.0291993
-0.0277419
-0.0264488
-0.0253583
-0.0245083
-0.0239361
-0.0236786
-0.0237723
-0.0242527
-0.0251546
-0.0265118
-0.0283566
-0.0307193
-0.033628
-0.0371075
-0.0411786
-0.0458567
-0.0511498
-0.0570569
-0.0635646
-0.0706437
-0.0782446
-0.0862911
-0.0946743
-0.103244
-0.111799
-0.120081
-0.127767
-0.134461
-0.139706
-0.14299
-0.143779
-0.141565
-0.135931
-0.126634
-0.113701
-0.0975099
-0.0788489
-0.0589214
-0.0392624
-0.0216038
-0.00807584
-0.00132642
-0.000229398
-0.0015105
-0.0041914
-0.00781657
-0.0120278
-0.016543
-0.0211076
-0.0255081
-0.0295789
-0.0331998
-0.0362907
-0.0388059
-0.040727
-0.0420574
-0.0428166
-0.0430358
-0.0427543
-0.0420166
-0.0408704
-0.0393647
-0.0375492
-0.0354731
-0.0331848
-0.0307319
-0.0281609
-0.0255169
-0.0228443
-0.0201864
-0.0175855
-0.0150836
-0.0127215
-0.01054
-0.00857914
-0.00687878
-0.00547835
-0.00441699
-0.00373349
-0.00346627
-0.00365323
-0.00433166
-0.00553796
-0.00730737
-0.00967351
-0.0126678
-0.0163187
-0.0206506
-0.0256823
-0.0314251
-0.0378802
-0.0450353
-0.05286
-0.0612998
-0.0702695
-0.0796437
-0.0892471
-0.0988432
-0.108124
-0.1167
-0.124102
-0.129782
-0.133143
-0.133576
-0.130535
-0.123625
-0.112714
-0.0980417
-0.0803102
-0.0607161
-0.0408796
-0.0227025
-0.00856662
-0.00142704
-0.000269072
-0.00174685
-0.00480466
-0.0088853
-0.0135506
-0.0184607
-0.0233177
-0.0278798
-0.0319668
-0.0354552
-0.0382699
-0.0403753
-0.0417666
-0.0424624
-0.0424975
-0.041918
-0.0407772
-0.0391318
-0.0370406
-0.0345621
-0.0317541
-0.0286727
-0.0253722
-0.021905
-0.0183216
-0.0146704
-0.0109988
-0.00735218
-0.0037752
-0.000311359
0.0029966
0.00610651
0.0089767
0.0115658
0.0138327
0.0157364
0.017236
0.0182909
0.0188603
0.018904
0.0183817
0.017254
0.0154821
0.0130286
0.00985793
0.00593715
0.00123744
-0.00426449
-0.010584
-0.0177254
-0.0256776
-0.034409
-0.0438596
-0.0539321
-0.0644807
-0.0752979
-0.0861005
-0.0965166
-0.106076
-0.114211
-0.120269
-0.12355
-0.123376
-0.119185
-0.110659
-0.0978645
-0.0813773
-0.0623534
-0.042481
-0.0238386
-0.00908883
-0.00153699
-0.000321508
-0.00205464
-0.00559633
-0.0102551
-0.0154898
-0.020889
-0.0261039
-0.0308615
-0.0349681
-0.0383005
-0.0407929
-0.0424249
-0.0432103
-0.0431868
-0.0424085
-0.0409392
-0.038848
-0.036206
-0.0330841
-0.029551
-0.0256732
-0.021514
-0.0171333
-0.0125884
-0.0079335
-0.00322027
0.00150171
0.00618475
0.0107827
0.0152505
0.0195444
0.0236208
0.0274371
0.0309506
0.034119
0.0368998
0.0392506
0.0411288
0.0424913
0.0432951
0.0434969
0.0430533
0.041921
0.0400571
0.0374195
0.0339675
0.0296629
0.0244711
0.0183633
0.011319
0.0033301
-0.00559442
-0.015421
-0.0260826
-0.0374665
-0.0494002
-0.0616341
-0.0738244
-0.0855161
-0.0961347
-0.104989
-0.111301
-0.11426
-0.11313
-0.107381
-0.0968652
-0.0819841
-0.0638088
-0.0440698
-0.0250248
-0.00965145
-0.00165871
-0.000390513
-0.00245298
-0.0066101
-0.0119932
-0.0179288
-0.0239177
-0.0295521
-0.0345265
-0.0386371
-0.0417662
-0.0438643
-0.0449329
-0.0450103
-0.0441588
-0.0424554
-0.039985
-0.0368351
-0.0330926
-0.0288415
-0.0241615
-0.0191279
-0.0138112
-0.00827698
-0.00258689
0.00320139
0.00903346
0.0148578
0.020625
0.0262879
0.0318005
0.037118
0.0421964
0.0469922
0.051462
0.0555627
0.0592508
0.0624826
0.0652139
0.0674
0.0689954
0.0699541
0.0702295
0.0697742
0.0685404
0.06648
0.0635454
0.0596896
0.0548678
0.0490386
0.0421661
0.0342237
0.0251981
0.0150964
0.00395422
-0.00815168
-0.0210885
-0.0346482
-0.0485259
-0.0622971
-0.0753986
-0.0871207
-0.0966205
-0.102969
-0.105248
-0.102695
-0.0949059
-0.0820489
-0.0650532
-0.0456526
-0.0262801
-0.0102676
-0.0017957
-0.000481271
-0.00296687
-0.00790141
-0.0141818
-0.0209648
-0.027645
-0.0337483
-0.0389379
-0.043006
-0.0458497
-0.0474449
-0.0478242
-0.0470574
-0.0452375
-0.0424695
-0.0388624
-0.0345246
-0.02956
-0.0240666
-0.0181354
-0.0118507
-0.00528957
0.00147689
0.00838324
0.0153689
0.0223774
0.0293558
0.0362538
0.0430234
0.0496184
0.0559936
0.062105
0.0679086
0.0733611
0.0784186
0.0830373
0.0871726
0.0907792
0.093811
0.0962208
0.0979603
0.0989799
0.0992288
0.0986549
0.0972051
0.0948253
0.0914608
0.0870574
0.0815619
0.0749247
0.0671016
0.058058
0.0477748
0.0362563
0.0235418
0.00972066
-0.0050471
-0.0205061
-0.0362772
-0.0518285
-0.0664542
-0.0792706
-0.0892466
-0.0952858
-0.0963767
-0.091813
-0.0814663
-0.0660485
-0.047239
-0.0276316
-0.010956
-0.00195306
-0.000600979
-0.00362959
-0.00954107
-0.0169212
-0.0247097
-0.0321743
-0.0387702
-0.0441344
-0.0480667
-0.0504923
-0.0514257
-0.0509412
-0.0491499
-0.0461823
-0.0421759
-0.0372675
-0.0315882
-0.02526
-0.0183955
-0.0110968
-0.00345633
0.00444241
0.0125239
0.0207197
0.028967
0.0372083
0.0453898
0.0534612
0.0613745
0.0690838
0.0765443
0.0837121
0.0905441
0.0969967
0.103026
0.108589
0.11364
0.118133
0.122022
0.125257
0.127789
0.129566
0.130533
0.130636
0.129817
0.128015
0.125171
0.12122
0.1161
0.109748
0.102104
0.0931138
0.0827331
0.0709357
0.0577229
0.0431387
0.0272901
0.0103736
-0.00729112
-0.0252244
-0.0427506
-0.0589744
-0.0727887
-0.0829345
-0.0881412
-0.0873611
-0.0800935
-0.0667397
-0.0488405
-0.029117
-0.0117441
-0.00213833
-0.000759899
-0.00448613
-0.0116203
-0.0203332
-0.0292881
-0.0376055
-0.0446702
-0.0501065
-0.0537404
-0.0555442
-0.0555882
-0.0540031
-0.0509513
-0.0466085
-0.0411497
-0.0347424
-0.0275415
-0.019688
-0.0113081
-0.00251434
0.00659348
0.0159269
0.0254072
0.034964
0.0445338
0.0540589
0.0634859
0.0727653
0.08185
0.0906952
0.0992573
0.107494
0.115361
0.122819
0.129822
0.136328
0.142293
0.147669
0.15241
0.156466
0.159786
0.162316
0.164
0.16478
0.164595
0.163379
0.161066
0.157586
0.152867
0.146835
0.139415
0.130536
0.12013
0.108141
0.0945353
0.0793095
0.0625146
0.0442814
0.0248562
0.00464637
-0.0157314
-0.0354059
-0.0532305
-0.067812
-0.0776256
-0.0812491
-0.0777299
-0.067041
-0.0504661
-0.0307875
-0.0126715
-0.00236292
-0.000973135
-0.00559871
-0.0142576
-0.0245642
-0.034832
-0.0440181
-0.0514481
-0.0567585
-0.0598305
-0.0607109
-0.0595483
-0.0565461
-0.0519303
-0.0459287
-0.0387586
-0.0306195
-0.0216909
-0.0121313
-0.00207968
0.0083431
0.0190319
0.0298952
0.0408529
0.0518347
0.0627777
0.0736256
0.084327
0.094834
0.105102
0.115088
0.12475
0.134048
0.142941
0.151388
0.159347
0.166776
0.173631
0.179867
0.185435
0.190286
0.194369
0.197629
0.200008
0.201445
0.201876
0.201233
0.199445
0.196435
0.192124
0.186428
0.179261
0.170535
0.160162
0.148061
0.13416
0.118413
0.100813
0.0814197
0.0603959
0.0380567
0.0149299
-0.00817822
-0.0301295
-0.0494411
-0.0643588
-0.0730678
-0.0740843
-0.0668131
-0.052113
-0.0327112
-0.0137967
-0.0026446
-0.00126381
-0.00705551
-0.017608
-0.0297854
-0.041466
-0.0514387
-0.0590009
-0.0638447
-0.0659499
-0.0654746
-0.0626731
-0.0578409
-0.051279
-0.0432742
-0.0340878
-0.0239517
-0.0130679
-0.00161003
0.0102737
0.022457
0.0348326
0.0473089
0.0598073
0.0722595
0.0846061
0.0967937
0.108775
0.120504
0.131942
0.143047
0.153781
0.164108
0.173987
0.183381
0.192251
0.200554
0.20825
0.215293
0.221636
0.227231
0.232026
0.235966
0.238991
0.24104
0.242048
0.241942
0.240648
0.238086
0.23417
0.228809
0.221906
0.21336
0.203066
0.190919
0.176815
0.160666
0.142409
0.12203
0.0996007
0.0753267
0.0496173
0.0231694
-0.002946
-0.027221
-0.0477229
-0.0622523
-0.0687269
-0.0658227
-0.0537471
-0.0349738
-0.0152066
-0.00301201
-0.00166894
-0.00898517
-0.0218751
-0.036188
-0.0492749
-0.059781
-0.0670394
-0.0708681
-0.0714081
-0.0689759
-0.0639639
-0.0567783
-0.0478054
-0.0373937
-0.0258477
-0.0134278
-0.000353683
0.0131915
0.0270553
0.0411115
0.0552553
0.0693991
0.0834694
0.0974037
0.111148
0.124655
0.137883
0.150792
0.163346
0.175511
0.187251
0.198533
0.209323
0.219585
0.229281
0.238375
0.246826
0.25459
0.261623
0.267877
0.2733
0.277838
0.281432
0.28402
0.285535
0.285905
0.285051
0.282892
0.279336
0.274288
0.267642
0.259289
0.249107
0.236972
0.222753
0.206323
0.187566
0.166397
0.14279
0.11683
0.088782
0.0591857
0.0289774
-0.000394984
-0.0269052
-0.0480178
-0.0610149
-0.0636767
-0.0552636
-0.0376754
-0.017032
-0.00351287
-0.00225056
-0.0115806
-0.0273232
-0.0439591
-0.0582349
-0.0687342
-0.0749438
-0.0769172
-0.0750401
-0.0698443
-0.0618926
-0.051718
-0.039795
-0.0265307
-0.0122653
0.0027214
0.0182017
0.033992
0.0499442
0.0659396
0.0818822
0.0976944
0.113312
0.128684
0.143763
0.158513
0.172898
0.186887
0.20045
0.21356
0.226186
0.238301
0.249874
0.260874
0.271269
0.281022
0.290097
0.298453
0.306048
0.312835
0.318765
0.323785
0.327836
0.330856
0.33278
0.333534
0.33304
0.331214
0.327964
0.323189
0.316779
0.308617
0.298572
0.286502
0.272256
0.255672
0.236587
0.214848
0.190335
0.163004
0.132952
0.100522
0.0664396
0.0319884
-0.000836719
-0.0292714
-0.0499833
-0.0597114
-0.0564091
-0.0409102
-0.0194698
-0.00422916
-0.00311703
-0.0151372
-0.0342832
-0.0532169
-0.0680702
-0.0775575
-0.081521
-0.0804068
-0.0749502
-0.0659564
-0.0541839
-0.0402954
-0.0248454
-0.00828379
0.00903055
0.0268156
0.0448516
0.0629683
0.0810344
0.0989486
0.116633
0.134025
0.151079
0.167755
0.184023
0.199855
0.215228
0.230121
0.244511
0.258379
0.271704
0.284461
0.296627
0.308176
0.319079
0.329306
0.338822
0.34759
0.355572
0.362722
0.368995
0.374338
0.378696
0.382009
0.384211
0.38523
0.384991
0.383407
0.380387
0.37583
0.369624
0.361645
0.351757
0.339807
0.325627
0.30903
0.289812
0.26776
0.242664
0.214353
0.182744
0.147946
0.110404
0.0711169
0.0318796
-0.00449678
-0.0341851
-0.0528118
-0.0566317
-0.0447055
-0.0228095
-0.00530378
-0.00446322
-0.0201105
-0.0431222
-0.0638407
-0.077958
-0.0847048
-0.0845964
-0.0786767
-0.0681412
-0.0541105
-0.037539
-0.0191974
0.000312014
0.0205291
0.0411081
0.0617924
0.0823935
0.102774
0.122835
0.142506
0.161735
0.180487
0.198735
0.216463
0.233654
0.250297
0.266384
0.281902
0.296843
0.311193
0.324941
0.33807
0.350562
0.362398
0.373553
0.384002
0.393716
0.402661
0.410801
0.418096
0.424502
0.429971
0.434449
0.43788
0.440201
0.441342
0.441229
0.439779
0.436903
0.4325
0.426459
0.418656
0.408952
0.39719
0.383189
0.366743
0.347621
0.325558
0.30027
0.271462
0.238874
0.20236
0.162025
0.118457
0.073051
0.0283912
-0.0114662
-0.0411221
-0.0547997
-0.048864
-0.0274474
-0.00698351
-0.0066411
-0.0271815
-0.0540948
-0.075058
-0.0859285
-0.0871468
-0.0803456
-0.0673891
-0.0500055
-0.0296186
-0.00732486
0.0160642
0.0399637
0.0639621
0.0877748
0.11121
0.134141
0.156486
0.178199
0.199251
0.21963
0.239333
0.258362
0.276723
0.294422
0.311465
0.327858
0.343603
0.358701
0.373152
0.386949
0.400086
0.412552
0.424333
0.43541
0.445764
0.455369
0.464196
0.472215
0.479388
0.485677
0.491035
0.495415
0.498763
0.501019
0.502119
0.501993
0.500561
0.497738
0.493428
0.487524
0.479904
0.470431
0.458948
0.44527
0.429185
0.410438
0.388732
0.363722
0.335012
0.30218
0.264823
0.222671
0.175797
0.124979
0.0722181
0.0213412
-0.0215939
-0.0486866
-0.0525868
-0.0338205
-0.00967104
-0.0102539
-0.0372389
-0.0668247
-0.0844596
-0.0876648
-0.0791808
-0.0622516
-0.0396896
-0.0136985
0.0141285
0.0426998
0.0712958
0.0994585
0.126909
0.15349
0.179118
0.203765
0.227431
0.250134
0.271904
0.292775
0.312782
0.331959
0.350338
0.367947
0.384812
0.400953
0.416386
0.431124
0.445175
0.458543
0.471229
0.483227
0.494531
0.505127
0.515001
0.524132
0.532498
0.540069
0.546815
0.552701
0.557686
0.561727
0.564774
0.566774
0.567668
0.56739
0.565868
0.563023
0.558766
0.552995
0.545598
0.536442
0.525377
0.512224
0.496767
0.478748
0.457854
0.433699
0.405816
0.373652
0.336578
0.293954
0.245283
0.190534
0.130726
0.0688039
0.0106877
-0.0340566
-0.0536107
-0.0420285
-0.0139091
-0.0161375
-0.0508523
-0.0786908
-0.0857252
-0.0742024
-0.0504803
-0.0196342
0.0147907
0.0504608
0.0859488
0.120443
0.15352
0.184995
0.214823
0.243038
0.269714
0.294943
0.318825
0.341455
0.362924
0.383314
0.402699
0.421143
0.438704
0.45543
0.471363
0.486536
0.500978
0.514711
0.527751
0.54011
0.551794
0.562805
0.573139
0.582791
0.591748
0.599996
0.607516
0.614285
0.620277
0.62546
0.6298
0.63326
0.635795
0.637359
0.6379
0.637359
0.635672
0.632769
0.62857
0.622984
0.615909
0.607225
0.596793
0.584446
0.56998
0.553145
0.53363
0.511041
0.484874
0.454497
0.419115
0.377782
0.329454
0.273206
0.208723
0.137288
0.0634085
-0.00311118
-0.0463488
-0.0505326
-0.0199785
-0.0246202
-0.0658508
-0.0802537
-0.0636548
-0.0278786
0.016693
0.0639946
0.110699
0.155134
0.196611
0.234976
0.270337
0.302923
0.332998
0.360828
0.386659
0.41071
0.433175
0.454219
0.473984
0.492592
0.510146
0.526734
0.542429
0.557295
0.571382
0.584734
0.597386
0.609365
0.620692
0.631385
0.641452
0.650899
0.659728
0.667935
0.675512
0.68245
0.688733
0.694344
0.699259
0.703455
0.706902
0.709568
0.711418
0.712412
0.712505
0.711649
0.709791
0.70687
0.702818
0.69756
0.691007
0.683056
0.673586
0.662451
0.64947
0.634417
0.617006
0.596862
0.573497
0.546263
0.514297
0.476469
0.43133
0.37715
0.312165
0.235332
0.148147
0.0578795
-0.0183929
-0.0528649
-0.0262208
-0.0312987
-0.0687274
-0.0436734
0.0154736
0.0836812
0.150384
0.211699
0.266448
0.314766
0.357328
0.394942
0.428372
0.458282
0.485231
0.509678
0.531995
0.552488
0.571402
0.588941
0.60527
0.620525
0.634817
0.648241
0.660872
0.672774
0.684
0.694592
0.704585
0.714007
0.722879
0.731218
0.739033
0.746333
0.753119
0.759391
0.765144
0.77037
0.775059
0.779196
0.782764
0.785746
0.788117
0.789853
0.790927
0.791308
0.790961
0.789849
0.787929
0.785156
0.781477
0.776832
0.771153
0.764357
0.75635
0.747013
0.736201
0.723729
0.709357
0.69277
0.673543
0.651095
0.624622
0.592998
0.554646
0.507386
0.448322
0.374027
0.281703
0.172057
0.0556977
-0.0301856
-0.0232111
-0.000660393
0.000352843
0.104333
0.217906
0.312101
0.388128
0.449782
0.500014
0.541353
0.575873
0.605148
0.630343
0.65232
0.671723
0.689037
0.704632
0.718793
0.731741
0.743651
0.754663
0.764887
0.774414
0.783318
0.791658
0.799482
0.806832
0.813738
0.820227
0.82632
0.832032
0.837375
0.842358
0.846985
0.851258
0.855177
0.85874
0.86194
0.86477
0.867222
0.869283
0.870942
0.872183
0.872989
0.873342
0.873222
0.872606
0.871469
0.869784
0.867521
0.864644
0.861116
0.856889
0.85191
0.846115
0.839425
0.83174
0.822933
0.81284
0.801237
0.787824
0.772178
0.753698
0.73151
0.70431
0.670123
0.62591
0.567062
0.48705
0.376958
0.228427
0.0726436
0.0309694
0.292184
0.379306
0.530607
0.644331
0.714297
0.760018
0.792312
0.81613
0.834336
0.84876
0.860547
0.870428
0.878884
0.886244
0.892742
0.898544
0.903777
0.908535
0.91289
0.916899
0.920607
0.92405
0.927255
0.930248
0.933045
0.935662
0.938112
0.940403
0.942544
0.94454
0.946395
0.948111
0.949691
0.951135
0.952441
0.953609
0.954636
0.955519
0.956254
0.956836
0.957261
0.957522
0.957613
0.957527
0.957256
0.956791
0.956122
0.955241
0.954135
0.95279
0.951193
0.949325
0.947166
0.944692
0.941871
0.938665
0.935023
0.93088
0.926147
0.920701
0.914371
0.906908
0.897942
0.886902
0.872863
0.854247
0.828214
0.789432
0.726146
0.611349
0.435853
0.317985
)
;

boundaryField
{
    movingWall
    {
        type            calculated;
        value           uniform 1;
    }
    fixedWalls
    {
        type            calculated;
        value           uniform 0;
    }
    frontAndBack
    {
        type            empty;
    }
}


// ************************************************************************* //
