/*--------------------------------*- C++ -*----------------------------------*\
  =========                 |
  \\      /  F ield         | OpenFOAM: The Open Source CFD Toolbox
   \\    /   O peration     | Website:  https://openfoam.org
    \\  /    A nd           | Version:  dev
     \\/     M anipulation  |
\*---------------------------------------------------------------------------*/
FoamFile
{
    format      ascii;
    class       volScalarField;
    location    "28.35";
    object      Ux;
}
// * * * * * * * * * * * * * * * * * * * * * * * * * * * * * * * * * * * * * //

dimensions      [0 1 -1 0 0 0 0];

internalField   nonuniform List<scalar> 
5184
(
1.22488e-05
4.50436e-05
8.02543e-05
9.59331e-05
8.21103e-05
3.6419e-05
-4.05874e-05
-0.000146889
-0.000279694
-0.000435944
-0.000612521
-0.00080639
-0.00101469
-0.00123474
-0.0014641
-0.0017005
-0.00194188
-0.00218631
-0.00243202
-0.00267732
-0.00292061
-0.00316031
-0.00339492
-0.00362289
-0.00384272
-0.00405284
-0.00425172
-0.00443778
-0.00460943
-0.0047651
-0.00490324
-0.00502231
-0.00512086
-0.00519751
-0.00525099
-0.00528021
-0.0052842
-0.00526225
-0.00521385
-0.00513878
-0.00503709
-0.00490916
-0.0047557
-0.00457776
-0.00437675
-0.00415441
-0.00391284
-0.00365447
-0.00338202
-0.0030985
-0.00280714
-0.00251137
-0.00221477
-0.00192097
-0.00163365
-0.00135647
-0.00109294
-0.000846455
-0.000620143
-0.00041686
-0.000239104
-8.89525e-05
3.20054e-05
0.000122756
0.000182966
0.00021314
0.000214861
0.000191179
0.000147122
9.07828e-05
3.6625e-05
6.22734e-06
2.07973e-05
6.55268e-05
9.46262e-05
7.27312e-05
-1.89946e-05
-0.000187361
-0.000432947
-0.000752535
-0.00114058
-0.00159031
-0.00209437
-0.00264531
-0.00323583
-0.00385894
-0.00450803
-0.00517691
-0.00585978
-0.00655119
-0.00724602
-0.00793937
-0.00862656
-0.00930302
-0.00996429
-0.0106059
-0.0112236
-0.0118128
-0.0123691
-0.0128882
-0.0133657
-0.0137972
-0.0141785
-0.0145055
-0.0147743
-0.0149812
-0.015123
-0.0151969
-0.0152005
-0.015132
-0.0149902
-0.0147749
-0.0144864
-0.0141259
-0.0136955
-0.0131983
-0.0126383
-0.0120202
-0.0113499
-0.0106339
-0.00987964
-0.00909524
-0.00828937
-0.0074712
-0.00665028
-0.00583634
-0.00503915
-0.00426839
-0.00353343
-0.0028432
-0.00220597
-0.00162921
-0.00111941
-0.000681864
-0.000320483
-3.75534e-05
0.000166556
0.000293766
0.000348824
0.000339996
0.000279774
0.000186005
8.63531e-05
1.9678e-05
1.76128e-05
4.1273e-05
1.9529e-05
-8.40655e-05
-0.000290294
-0.000607903
-0.00103815
-0.00157723
-0.00221798
-0.0029512
-0.00376662
-0.00465354
-0.00560123
-0.00659923
-0.0076375
-0.00870647
-0.00979706
-0.0109007
-0.0120091
-0.0131145
-0.0142093
-0.0152861
-0.0163377
-0.017357
-0.0183369
-0.0192702
-0.0201501
-0.0209696
-0.0217217
-0.0223998
-0.0229972
-0.0235076
-0.0239252
-0.0242444
-0.0244604
-0.0245689
-0.0245666
-0.0244509
-0.0242203
-0.0238746
-0.0234144
-0.0228421
-0.022161
-0.0213759
-0.0204932
-0.0195204
-0.0184665
-0.0173417
-0.0161574
-0.014926
-0.0136608
-0.0123758
-0.0110856
-0.00980501
-0.00854893
-0.00733206
-0.00616863
-0.00507218
-0.00405524
-0.00312909
-0.00230346
-0.00158626
-0.000983205
-0.000497541
-0.000129578
0.000123752
0.000269541
0.000319632
0.000291156
0.000207333
0.000102426
2.49724e-05
8.82767e-06
-7.04227e-06
-0.000107618
-0.000322381
-0.00066957
-0.00115759
-0.00178718
-0.0025536
-0.00344827
-0.00446019
-0.00557688
-0.00678512
-0.00807153
-0.00942283
-0.0108261
-0.012269
-0.0137396
-0.0152264
-0.0167186
-0.0182056
-0.0196771
-0.0211232
-0.0225342
-0.0239004
-0.0252123
-0.0264604
-0.0276353
-0.0287278
-0.0297287
-0.0306293
-0.0314209
-0.0320953
-0.0326449
-0.0330627
-0.0333425
-0.0334789
-0.0334678
-0.0333062
-0.0329924
-0.0325261
-0.0319087
-0.0311433
-0.0302345
-0.029189
-0.0280148
-0.0267221
-0.0253225
-0.0238294
-0.0222576
-0.0206231
-0.0189433
-0.0172362
-0.0155207
-0.0138158
-0.0121408
-0.0105146
-0.00895561
-0.00748123
-0.00610759
-0.00484919
-0.00371853
-0.0027257
-0.00187805
-0.00117971
-0.000631137
-0.000228639
3.62586e-05
0.000177448
0.000214648
0.000174019
9.29978e-05
2.4022e-05
-2.13078e-06
-6.73025e-05
-0.000264105
-0.000609715
-0.00111663
-0.00179105
-0.00263198
-0.00363306
-0.00478416
-0.00607257
-0.00748393
-0.00900301
-0.0106142
-0.012302
-0.014051
-0.0158465
-0.0176741
-0.01952
-0.0213708
-0.0232135
-0.0250355
-0.0268246
-0.0285687
-0.0302558
-0.0318741
-0.0334121
-0.0348583
-0.0362012
-0.0374299
-0.0385336
-0.0395019
-0.0403251
-0.040994
-0.0415004
-0.0418369
-0.0419975
-0.0419772
-0.0417726
-0.0413821
-0.0408055
-0.0400447
-0.0391037
-0.0379881
-0.036706
-0.0352675
-0.0336846
-0.0319713
-0.0301438
-0.0282197
-0.0262182
-0.02416
-0.0220667
-0.0199606
-0.0178647
-0.0158018
-0.0137946
-0.0118648
-0.0100334
-0.0083195
-0.00674054
-0.00531143
-0.00404429
-0.002948
-0.0020277
-0.00128433
-0.000714135
-0.000308123
-5.15305e-05
7.65158e-05
0.000103512
6.7473e-05
1.96592e-05
-1.36966e-05
-0.000132825
-0.000435775
-0.000924507
-0.00160365
-0.00247575
-0.00353699
-0.00477866
-0.00618866
-0.0077525
-0.00945403
-0.0112762
-0.0132015
-0.0152125
-0.0172918
-0.0194225
-0.0215882
-0.023773
-0.0259613
-0.0281381
-0.0302886
-0.0323985
-0.0344535
-0.0364397
-0.0383433
-0.0401507
-0.0418486
-0.0434237
-0.0448633
-0.0461549
-0.0472866
-0.0482474
-0.0490267
-0.0496152
-0.0500046
-0.0501881
-0.0501603
-0.0499175
-0.0494579
-0.0487816
-0.0478911
-0.0467907
-0.0454873
-0.0439903
-0.042311
-0.0404634
-0.0384636
-0.0363298
-0.0340823
-0.0317431
-0.0293355
-0.0268843
-0.0244149
-0.0219535
-0.0195261
-0.0171586
-0.014876
-0.012702
-0.0106588
-0.00876639
-0.00704189
-0.00549945
-0.00414954
-0.00299852
-0.00204817
-0.00129522
-0.000730905
-0.000340497
-0.000103045
9.07819e-06
3.24643e-05
1.36143e-05
-2.51841e-05
-0.000199984
-0.000613978
-0.00125268
-0.00211162
-0.00318865
-0.0044762
-0.00596255
-0.00763322
-0.00947165
-0.0114599
-0.013579
-0.01581
-0.0181335
-0.0205304
-0.0229821
-0.0254704
-0.0279773
-0.0304857
-0.0329784
-0.0354389
-0.037851
-0.0401986
-0.042466
-0.0446375
-0.0466978
-0.0486319
-0.0504248
-0.0520624
-0.0535306
-0.0548162
-0.0559069
-0.056791
-0.0574582
-0.0578996
-0.0581075
-0.058076
-0.0578013
-0.0572815
-0.0565168
-0.0555098
-0.0542658
-0.0527923
-0.0510996
-0.0492004
-0.0471102
-0.0448468
-0.0424303
-0.0398832
-0.0372297
-0.0344957
-0.0317085
-0.0288965
-0.0260885
-0.0233136
-0.0206004
-0.0179769
-0.0154696
-0.0131034
-0.0109006
-0.00888072
-0.00705997
-0.00545056
-0.00406032
-0.00289226
-0.00194409
-0.00120788
-0.000669692
-0.000309316
-9.99262e-05
-7.74424e-06
6.85399e-06
-3.63343e-05
-0.000266892
-0.000793591
-0.0015853
-0.00262787
-0.00391373
-0.00543092
-0.00716416
-0.00909612
-0.011208
-0.0134797
-0.0158908
-0.0184203
-0.0210474
-0.0237515
-0.0265124
-0.0293101
-0.0321253
-0.034939
-0.0377326
-0.0404879
-0.043187
-0.0458122
-0.0483461
-0.0507716
-0.0530718
-0.05523
-0.05723
-0.0590561
-0.0606931
-0.0621264
-0.0633427
-0.0643292
-0.0650749
-0.0655698
-0.0658058
-0.0657767
-0.0654781
-0.0649079
-0.0640666
-0.062957
-0.0615845
-0.0599575
-0.0580869
-0.0559866
-0.0536732
-0.0511658
-0.0484864
-0.045659
-0.04271
-0.0396675
-0.0365611
-0.0334216
-0.0302805
-0.0271695
-0.02412
-0.0211626
-0.0183267
-0.0156395
-0.0131261
-0.0108083
-0.00870441
-0.00682868
-0.00519071
-0.00379512
-0.00264107
-0.00172198
-0.00102528
-0.000532156
-0.000217262
-5.04848e-05
-9.02151e-08
-4.70508e-05
-0.000332565
-0.000971618
-0.00191676
-0.00314398
-0.00463993
-0.0063878
-0.00836829
-0.0105609
-0.0129443
-0.0154962
-0.0181944
-0.0210162
-0.0239393
-0.0269417
-0.0300016
-0.0330978
-0.0362096
-0.0393165
-0.0423985
-0.0454359
-0.0484096
-0.0513003
-0.0540892
-0.0567578
-0.0592879
-0.0616614
-0.0638608
-0.0658692
-0.0676702
-0.0692483
-0.0705887
-0.0716782
-0.0725045
-0.0730572
-0.0733274
-0.0733084
-0.0729954
-0.0723862
-0.0714809
-0.0702826
-0.0687968
-0.0670323
-0.0650006
-0.0627163
-0.0601969
-0.0574627
-0.054537
-0.0514454
-0.0482159
-0.0448786
-0.0414653
-0.038009
-0.0345437
-0.0311035
-0.0277226
-0.0244342
-0.0212703
-0.018261
-0.0154337
-0.012813
-0.0104194
-0.00826954
-0.00637506
-0.00474256
-0.00337307
-0.00226183
-0.00139812
-0.000764996
-0.000339026
-9.41988e-05
-6.94828e-06
-5.7322e-05
-0.000396523
-0.00114632
-0.00224353
-0.0036544
-0.00535961
-0.00733724
-0.00956373
-0.0120151
-0.0146673
-0.0174957
-0.0204761
-0.0235844
-0.0267966
-0.0300893
-0.0334396
-0.0368249
-0.0402233
-0.0436131
-0.0469731
-0.0502824
-0.0535205
-0.0566671
-0.059702
-0.0626056
-0.0653583
-0.067941
-0.0703351
-0.0725224
-0.0744856
-0.076208
-0.077674
-0.0788694
-0.0797812
-0.0803981
-0.0807107
-0.0807114
-0.0803952
-0.0797593
-0.0788037
-0.0775313
-0.0759476
-0.0740614
-0.0718846
-0.0694323
-0.0667227
-0.0637769
-0.0606192
-0.0572766
-0.0537787
-0.0501572
-0.0464458
-0.0426798
-0.0388954
-0.0351292
-0.0314181
-0.0277979
-0.0243035
-0.0209676
-0.0178207
-0.0148898
-0.0121984
-0.00976536
-0.007605
-0.00572621
-0.00413226
-0.0028206
-0.00178276
-0.00100396
-0.000463004
-0.00013807
-1.36046e-05
-6.71659e-05
-0.000458539
-0.0013167
-0.00256339
-0.0041554
-0.00606743
-0.00827233
-0.0107421
-0.0134492
-0.0163664
-0.0194671
-0.0227247
-0.0261136
-0.0296083
-0.0331841
-0.036817
-0.0404832
-0.0441596
-0.0478236
-0.051453
-0.0550257
-0.0585202
-0.0619151
-0.0651893
-0.0683219
-0.0712924
-0.0740807
-0.0766671
-0.0790325
-0.0811584
-0.0830273
-0.0846227
-0.0859295
-0.0869337
-0.0876234
-0.0879883
-0.0880202
-0.0877135
-0.0870647
-0.0860735
-0.0847422
-0.0830763
-0.0810843
-0.0787783
-0.0761735
-0.0732883
-0.0701448
-0.0667679
-0.0631857
-0.0594291
-0.0555314
-0.0515281
-0.0474565
-0.0433551
-0.0392631
-0.0352198
-0.0312641
-0.0274337
-0.0237644
-0.0202896
-0.0170393
-0.0140401
-0.0113137
-0.0088773
-0.00674242
-0.00491498
-0.00339499
-0.00217651
-0.00124721
-0.000588185
-0.000181771
-2.0033e-05
-7.66061e-05
-0.000518509
-0.00148215
-0.00287491
-0.00464445
-0.00675959
-0.00918795
-0.011897
-0.0148556
-0.0180334
-0.0214012
-0.0249306
-0.0285941
-0.0323649
-0.036217
-0.0401252
-0.0440648
-0.0480118
-0.0519426
-0.055834
-0.0596632
-0.0634076
-0.0670451
-0.0705535
-0.0739112
-0.0770968
-0.0800891
-0.0828676
-0.0854122
-0.0877036
-0.0897233
-0.0914541
-0.0928797
-0.0939854
-0.0947584
-0.0951875
-0.0952638
-0.0949807
-0.0943342
-0.0933231
-0.0919492
-0.0902174
-0.088136
-0.0857166
-0.0829745
-0.0799283
-0.0766002
-0.0730158
-0.0692041
-0.0651969
-0.0610292
-0.0567381
-0.0523628
-0.0479442
-0.0435239
-0.0391442
-0.0348468
-0.0306725
-0.0266604
-0.0228473
-0.0192665
-0.0159479
-0.0129166
-0.0101928
-0.00779129
-0.00572088
-0.00398444
-0.00257884
-0.00149436
-0.000714413
-0.000225305
-2.62599e-05
-8.56637e-05
-0.000576383
-0.0016423
-0.00317711
-0.00511972
-0.00743325
-0.0100802
-0.0130235
-0.0162283
-0.0196612
-0.0232905
-0.0270857
-0.0310175
-0.0350579
-0.0391795
-0.0433562
-0.0475623
-0.051773
-0.0559639
-0.060111
-0.0641909
-0.0681801
-0.0720558
-0.0757951
-0.0793756
-0.082775
-0.0859714
-0.0889436
-0.0916705
-0.094132
-0.0963088
-0.0981826
-0.0997363
-0.100954
-0.101823
-0.10233
-0.102465
-0.102221
-0.101594
-0.10058
-0.0991803
-0.0973999
-0.0952461
-0.0927298
-0.0898659
-0.086673
-0.0831733
-0.0793927
-0.0753607
-0.0711104
-0.0666777
-0.0621014
-0.0574229
-0.052685
-0.0479323
-0.0432098
-0.0385623
-0.0340342
-0.0296681
-0.0255043
-0.0215801
-0.0179288
-0.0145794
-0.0115557
-0.0088759
-0.00655215
-0.00459051
-0.00299083
-0.00174613
-0.000842135
-0.000268891
-3.23437e-05
-9.43539e-05
-0.000632122
-0.00179686
-0.00346924
-0.0055798
-0.0080862
-0.0109459
-0.0141175
-0.0175623
-0.021244
-0.0251283
-0.0291826
-0.0333761
-0.0376792
-0.0420636
-0.046502
-0.050968
-0.055436
-0.059881
-0.0642783
-0.0686038
-0.0728336
-0.0769442
-0.0809121
-0.0847142
-0.0883276
-0.0917298
-0.0948986
-0.0978123
-0.10045
-0.102792
-0.104818
-0.106511
-0.107853
-0.108831
-0.109431
-0.109642
-0.109454
-0.108863
-0.107864
-0.106458
-0.104647
-0.102439
-0.099843
-0.0968736
-0.0935488
-0.0898907
-0.0859253
-0.0816824
-0.0771958
-0.0725026
-0.0676432
-0.0626608
-0.0576006
-0.0525099
-0.0474367
-0.0424293
-0.0375358
-0.0328025
-0.0282739
-0.0239914
-0.0199926
-0.0163104
-0.0129727
-0.0100016
-0.00741301
-0.00521636
-0.00341476
-0.00200404
-0.000972229
-0.000312899
-3.83624e-05
-0.000102685
-0.000685683
-0.00194559
-0.00375067
-0.00602352
-0.00871653
-0.0117824
-0.0151753
-0.0188531
-0.0227765
-0.0269086
-0.0312149
-0.0356628
-0.0402215
-0.0448616
-0.0495548
-0.0542741
-0.0589931
-0.0636864
-0.0683287
-0.0728955
-0.0773624
-0.0817053
-0.0859004
-0.0899239
-0.0937525
-0.0973629
-0.100732
-0.103839
-0.10666
-0.109175
-0.111364
-0.113208
-0.11469
-0.115792
-0.116501
-0.116804
-0.116692
-0.116156
-0.115192
-0.113799
-0.111977
-0.109734
-0.107076
-0.104018
-0.100577
-0.096775
-0.0926367
-0.0881926
-0.0834769
-0.0785279
-0.0733872
-0.0680999
-0.0627137
-0.0572786
-0.0518458
-0.0464675
-0.0411955
-0.0360805
-0.0311715
-0.0265143
-0.0221512
-0.0181198
-0.0144525
-0.0111756
-0.00830916
-0.00586637
-0.00385379
-0.0022702
-0.00110588
-0.000357804
-4.44062e-05
-0.000110657
-0.000737007
-0.00208823
-0.00402079
-0.00644975
-0.00932252
-0.0125871
-0.0161938
-0.0200968
-0.0242538
-0.0286258
-0.0331761
-0.0378707
-0.0426773
-0.0475655
-0.0525064
-0.0574722
-0.0624361
-0.0673719
-0.0722544
-0.0770583
-0.081759
-0.0863321
-0.0907533
-0.0949986
-0.099044
-0.102866
-0.106441
-0.109746
-0.112759
-0.115458
-0.117822
-0.11983
-0.121464
-0.122707
-0.123543
-0.123958
-0.12394
-0.12348
-0.122572
-0.121212
-0.119401
-0.117142
-0.114443
-0.111315
-0.107775
-0.103844
-0.0995457
-0.0949111
-0.0899745
-0.0847748
-0.079355
-0.0737621
-0.0680462
-0.06226
-0.0564584
-0.0506973
-0.0450328
-0.0395203
-0.0342137
-0.0291639
-0.0244183
-0.0200197
-0.0160053
-0.0124065
-0.00924747
-0.00654582
-0.00431174
-0.00254711
-0.00124447
-0.000404147
-5.0573e-05
-0.000118264
-0.000786009
-0.00222449
-0.00427898
-0.00685741
-0.00990247
-0.0133578
-0.0171698
-0.0212893
-0.0256713
-0.0302744
-0.0350601
-0.0399928
-0.045039
-0.0501675
-0.0553485
-0.0605538
-0.0657559
-0.0709285
-0.0760459
-0.0810827
-0.0860141
-0.0908154
-0.095462
-0.0999295
-0.104194
-0.108231
-0.112017
-0.115528
-0.118741
-0.121634
-0.124184
-0.12637
-0.128173
-0.129574
-0.130555
-0.1311
-0.131198
-0.130835
-0.130005
-0.128702
-0.126923
-0.124671
-0.121951
-0.118774
-0.115154
-0.111109
-0.106666
-0.101853
-0.0967051
-0.0912612
-0.0855658
-0.0796673
-0.0736185
-0.0674749
-0.0612951
-0.055139
-0.0490674
-0.0431408
-0.0374183
-0.0319566
-0.0268087
-0.0220231
-0.0176425
-0.0137036
-0.0102356
-0.00726066
-0.00479292
-0.00283759
-0.00138956
-0.000452517
-5.6965e-05
-0.000125493
-0.000832587
-0.00235405
-0.00452457
-0.00724536
-0.0104547
-0.0140921
-0.0181003
-0.0224269
-0.0270244
-0.0318491
-0.0368607
-0.0420223
-0.0472992
-0.0526594
-0.0580724
-0.0635094
-0.0689428
-0.0743459
-0.0796929
-0.0849581
-0.0901168
-0.0951439
-0.100015
-0.104705
-0.10919
-0.113446
-0.117448
-0.121172
-0.124594
-0.127691
-0.13044
-0.132819
-0.134806
-0.136381
-0.137526
-0.138223
-0.138457
-0.138215
-0.137486
-0.136262
-0.13454
-0.132319
-0.129601
-0.126396
-0.122716
-0.118578
-0.114007
-0.109029
-0.103681
-0.0980012
-0.0920349
-0.0858325
-0.0794486
-0.0729422
-0.0663752
-0.0598121
-0.0533186
-0.0469607
-0.0408034
-0.0349093
-0.0293379
-0.0241438
-0.0193761
-0.0150772
-0.0112819
-0.00801729
-0.00530196
-0.00314466
-0.0015428
-0.000503535
-6.36871e-05
-0.000132325
-0.000876614
-0.00247653
-0.00475683
-0.00761241
-0.0109774
-0.0147876
-0.0189821
-0.0235057
-0.0283084
-0.0333443
-0.0385717
-0.0439521
-0.0494501
-0.0550326
-0.0606687
-0.0663292
-0.0719863
-0.077613
-0.0831835
-0.0886722
-0.0940541
-0.0993044
-0.104398
-0.109311
-0.114019
-0.118496
-0.122718
-0.126662
-0.130301
-0.133613
-0.136573
-0.139158
-0.141345
-0.143113
-0.144442
-0.145311
-0.145704
-0.145605
-0.145001
-0.143882
-0.142241
-0.140076
-0.137386
-0.134177
-0.130459
-0.126249
-0.121568
-0.116444
-0.110909
-0.105004
-0.0987737
-0.0922707
-0.0855516
-0.0786782
-0.0717163
-0.0647349
-0.0578051
-0.0509985
-0.0443866
-0.0380389
-0.0320215
-0.0263961
-0.0212186
-0.0165379
-0.012395
-0.00882245
-0.00584372
-0.00347149
-0.0017059
-0.000557843
-7.0846e-05
-0.00013874
-0.000917946
-0.00259154
-0.00497497
-0.00795731
-0.0114689
-0.0154418
-0.0198121
-0.0245218
-0.0295185
-0.0347546
-0.0401867
-0.0457751
-0.0514836
-0.0572782
-0.0631278
-0.0690027
-0.074875
-0.0807177
-0.0865048
-0.0922111
-0.0978115
-0.103281
-0.108596
-0.113731
-0.118661
-0.123362
-0.12781
-0.131978
-0.135842
-0.139378
-0.142561
-0.145366
-0.147769
-0.149747
-0.151278
-0.15234
-0.152914
-0.152982
-0.152529
-0.151541
-0.150008
-0.147925
-0.145289
-0.142102
-0.138373
-0.134115
-0.129346
-0.124093
-0.118389
-0.112272
-0.105788
-0.0989908
-0.0919385
-0.0846961
-0.0773332
-0.0699236
-0.0625436
-0.0552715
-0.0481853
-0.0413619
-0.0348751
-0.0287942
-0.0231826
-0.0180966
-0.0135838
-0.00968305
-0.00642322
-0.00382134
-0.00188062
-0.000616095
-7.85493e-05
-0.000144711
-0.000956425
-0.00269863
-0.00517818
-0.00827874
-0.0119271
-0.0160522
-0.0205871
-0.0254711
-0.03065
-0.0360743
-0.0416992
-0.0474839
-0.0533913
-0.0593871
-0.0654395
-0.0715187
-0.0775967
-0.0836467
-0.0896428
-0.0955597
-0.101373
-0.107057
-0.112589
-0.117944
-0.123097
-0.128023
-0.132698
-0.137096
-0.141192
-0.144961
-0.148376
-0.151413
-0.154047
-0.156251
-0.158003
-0.15928
-0.160058
-0.160317
-0.16004
-0.159209
-0.157812
-0.15584
-0.153286
-0.150151
-0.146437
-0.142157
-0.137326
-0.131968
-0.126114
-0.119802
-0.113078
-0.105996
-0.0986156
-0.0910049
-0.0832373
-0.0753912
-0.067549
-0.0597951
-0.0522153
-0.0448942
-0.0379139
-0.0313522
-0.0252808
-0.019764
-0.0148573
-0.0106061
-0.00704552
-0.00419751
-0.00206877
-0.000678955
-8.69053e-05
-0.000150211
-0.000991881
-0.00279735
-0.00536559
-0.00857537
-0.0123503
-0.0166163
-0.0213037
-0.0263498
-0.0316981
-0.0372977
-0.0431026
-0.049071
-0.0551649
-0.0613497
-0.0675932
-0.0738656
-0.0801388
-0.0863861
-0.092582
-0.0987014
-0.10472
-0.110613
-0.116358
-0.121929
-0.127302
-0.132453
-0.137357
-0.141987
-0.14632
-0.150328
-0.153986
-0.157266
-0.160143
-0.16259
-0.164582
-0.166091
-0.167095
-0.16757
-0.167494
-0.166848
-0.165616
-0.163785
-0.161344
-0.15829
-0.154623
-0.150351
-0.145486
-0.140049
-0.13407
-0.127584
-0.120637
-0.113283
-0.105583
-0.0976087
-0.0894357
-0.0811477
-0.0728329
-0.0645828
-0.0564908
-0.0486502
-0.0411521
-0.0340834
-0.0275253
-0.0215509
-0.0162243
-0.0115986
-0.00771573
-0.00460335
-0.00227215
-0.000747093
-9.60229e-05
-0.00015521
-0.00102414
-0.00288723
-0.00553635
-0.00884583
-0.0127365
-0.0171315
-0.0219589
-0.0271537
-0.032658
-0.0384193
-0.0443904
-0.0505287
-0.0567957
-0.0631562
-0.069578
-0.0760312
-0.0824878
-0.0889213
-0.0953064
-0.101619
-0.107834
-0.113929
-0.119879
-0.125661
-0.131251
-0.136624
-0.141755
-0.14662
-0.151192
-0.155445
-0.159352
-0.162885
-0.166017
-0.168721
-0.170967
-0.172729
-0.17398
-0.174693
-0.174845
-0.174412
-0.173374
-0.171714
-0.169418
-0.166479
-0.162892
-0.15866
-0.153793
-0.148308
-0.142231
-0.135597
-0.128449
-0.120841
-0.112836
-0.104506
-0.0959304
-0.0871984
-0.0784036
-0.0696448
-0.0610237
-0.0526427
-0.0446025
-0.0370005
-0.0299278
-0.0234677
-0.0176935
-0.0126674
-0.00843892
-0.00504216
-0.00249257
-0.000821178
-0.000106012
-0.000159678
-0.00105303
-0.0029678
-0.00568959
-0.00908881
-0.0130838
-0.0175953
-0.0225493
-0.0278791
-0.033525
-0.0394333
-0.045556
-0.0518496
-0.0582751
-0.0647971
-0.0713831
-0.0780033
-0.0846299
-0.0912369
-0.0977992
-0.104293
-0.110694
-0.11698
-0.123128
-0.129114
-0.134914
-0.140505
-0.145861
-0.150959
-0.155771
-0.160271
-0.164431
-0.168224
-0.171621
-0.174592
-0.177108
-0.17914
-0.180657
-0.181632
-0.182036
-0.181843
-0.181028
-0.179572
-0.177455
-0.174664
-0.171193
-0.167037
-0.162204
-0.156705
-0.150564
-0.143812
-0.13649
-0.128652
-0.120359
-0.111687
-0.102717
-0.0935433
-0.0842648
-0.074988
-0.0658231
-0.0568821
-0.0482766
-0.0401148
-0.0324991
-0.025524
-0.0192734
-0.0138192
-0.00922008
-0.00551726
-0.00273183
-0.000901884
-0.000116983
-0.000163586
-0.00107837
-0.00303863
-0.00582449
-0.00930303
-0.0133904
-0.0180054
-0.023072
-0.028522
-0.0342944
-0.0403345
-0.0465931
-0.0530263
-0.0595947
-0.0662624
-0.0729972
-0.0797693
-0.0865513
-0.0933173
-0.100043
-0.106705
-0.11328
-0.119745
-0.126079
-0.132259
-0.138261
-0.144062
-0.149638
-0.154964
-0.160014
-0.164761
-0.169177
-0.173234
-0.176901
-0.18015
-0.182948
-0.185263
-0.187065
-0.188321
-0.189001
-0.189075
-0.188514
-0.187293
-0.185389
-0.182784
-0.179466
-0.175426
-0.170665
-0.165192
-0.159024
-0.152189
-0.144727
-0.136687
-0.128132
-0.119136
-0.109786
-0.100177
-0.0904153
-0.0806147
-0.0708943
-0.0613764
-0.0521835
-0.0434362
-0.0352491
-0.027729
-0.0209719
-0.0150607
-0.0100641
-0.00603188
-0.00299171
-0.000989884
-0.000129048
-0.000166907
-0.00110002
-0.0030993
-0.00594031
-0.00948732
-0.0136547
-0.0183595
-0.0235242
-0.0290792
-0.0349622
-0.0411176
-0.0474956
-0.0540517
-0.0607461
-0.0675429
-0.0744097
-0.0813171
-0.0882379
-0.0951468
-0.10202
-0.108834
-0.115568
-0.1222
-0.128707
-0.135068
-0.141261
-0.147262
-0.153048
-0.158595
-0.163877
-0.168867
-0.173537
-0.177859
-0.181801
-0.185332
-0.188421
-0.191033
-0.193134
-0.194691
-0.195669
-0.196034
-0.195755
-0.194802
-0.193146
-0.190765
-0.187639
-0.183757
-0.179112
-0.173707
-0.167555
-0.160679
-0.153114
-0.144908
-0.136121
-0.126828
-0.117117
-0.107086
-0.0968477
-0.0865226
-0.076239
-0.0661299
-0.05633
-0.0469726
-0.0381862
-0.030091
-0.0227964
-0.0163979
-0.0109756
-0.00658921
-0.003274
-0.00108585
-0.000142321
-0.000169616
-0.00111784
-0.00314945
-0.00603637
-0.00964066
-0.0138752
-0.0186558
-0.0239034
-0.0295473
-0.0355244
-0.0417781
-0.0482581
-0.0549193
-0.0617217
-0.0686294
-0.0756101
-0.0826346
-0.0896761
-0.0967099
-0.103713
-0.110663
-0.117538
-0.124318
-0.130983
-0.13751
-0.143879
-0.150067
-0.156052
-0.161809
-0.167314
-0.17254
-0.177459
-0.182042
-0.186258
-0.190075
-0.193459
-0.196376
-0.198789
-0.200661
-0.201957
-0.202638
-0.202668
-0.202013
-0.200641
-0.198521
-0.195631
-0.19195
-0.187466
-0.182177
-0.176089
-0.169219
-0.161596
-0.153266
-0.144286
-0.134729
-0.124683
-0.11425
-0.103548
-0.0927033
-0.0818538
-0.0711434
-0.0607197
-0.0507299
-0.0413172
-0.0326171
-0.0247536
-0.0178366
-0.0119592
-0.00719233
-0.00358043
-0.00119044
-0.000156915
-0.000171693
-0.0011317
-0.00318879
-0.00611217
-0.00976223
-0.0140508
-0.0188926
-0.0242075
-0.0299239
-0.0359778
-0.0423119
-0.0488755
-0.0556231
-0.0625145
-0.0695137
-0.0765887
-0.0837105
-0.0908529
-0.0979916
-0.105104
-0.11217
-0.119167
-0.126077
-0.13288
-0.139555
-0.146082
-0.15244
-0.158607
-0.164561
-0.170275
-0.175726
-0.180884
-0.185722
-0.190207
-0.194308
-0.197989
-0.201215
-0.203948
-0.206149
-0.207778
-0.208795
-0.20916
-0.208834
-0.207779
-0.20596
-0.203346
-0.199913
-0.19564
-0.190518
-0.184546
-0.177734
-0.170106
-0.161701
-0.152573
-0.142792
-0.132447
-0.121641
-0.110494
-0.099142
-0.0877298
-0.0764131
-0.0653529
-0.0547111
-0.0446471
-0.035313
-0.0268494
-0.019382
-0.013019
-0.00784418
-0.00391269
-0.00130434
-0.000172949
-0.000173123
-0.00114154
-0.00321712
-0.00616731
-0.00985146
-0.0141807
-0.0190688
-0.024435
-0.0302068
-0.0363197
-0.0427158
-0.0493437
-0.056158
-0.0631182
-0.0701884
-0.0773366
-0.0845344
-0.091756
-0.0989779
-0.106178
-0.113337
-0.120435
-0.127452
-0.134371
-0.141172
-0.147837
-0.154345
-0.160675
-0.166806
-0.172713
-0.178373
-0.183757
-0.188837
-0.193582
-0.19796
-0.201935
-0.205471
-0.208528
-0.211065
-0.213041
-0.214411
-0.215133
-0.215163
-0.214458
-0.212977
-0.210683
-0.207544
-0.203534
-0.198633
-0.192833
-0.186137
-0.178562
-0.170139
-0.160917
-0.150963
-0.140362
-0.129219
-0.117657
-0.105817
-0.093852
-0.0819302
-0.0702256
-0.0589163
-0.0481787
-0.0381831
-0.0290886
-0.0210389
-0.0141589
-0.00854759
-0.00427244
-0.00142818
-0.000190541
-0.000173898
-0.00114732
-0.00323434
-0.00620164
-0.00990806
-0.0142643
-0.0191837
-0.0245849
-0.0303948
-0.0365484
-0.0429872
-0.0496598
-0.0565202
-0.0635279
-0.0706471
-0.0778463
-0.0850971
-0.0923745
-0.0996556
-0.10692
-0.114147
-0.12132
-0.12842
-0.13543
-0.142333
-0.149111
-0.155744
-0.162214
-0.1685
-0.174579
-0.180427
-0.186018
-0.191325
-0.196316
-0.200959
-0.20522
-0.20906
-0.21244
-0.215317
-0.217647
-0.219385
-0.220482
-0.220892
-0.220567
-0.21946
-0.217529
-0.214732
-0.211036
-0.206414
-0.200848
-0.194331
-0.186873
-0.178496
-0.169242
-0.159172
-0.148369
-0.136936
-0.124997
-0.112697
-0.100199
-0.0876801
-0.0753296
-0.0633418
-0.0519118
-0.0412296
-0.0314747
-0.0228109
-0.0153823
-0.00930516
-0.00466126
-0.00156263
-0.000209814
-0.000174017
-0.00114904
-0.00324049
-0.00621522
-0.00993212
-0.0143018
-0.0192374
-0.0246571
-0.0304876
-0.0366631
-0.0431252
-0.0498217
-0.0567068
-0.0637399
-0.0708853
-0.0781115
-0.085391
-0.092699
-0.100014
-0.107315
-0.114584
-0.121805
-0.12896
-0.136034
-0.14301
-0.149873
-0.156604
-0.163186
-0.1696
-0.175824
-0.181836
-0.187611
-0.193123
-0.198341
-0.203233
-0.207765
-0.2119
-0.215596
-0.218811
-0.221499
-0.223612
-0.225099
-0.22591
-0.225992
-0.225293
-0.223764
-0.221356
-0.218028
-0.213743
-0.208474
-0.202205
-0.194933
-0.186674
-0.177458
-0.167341
-0.156399
-0.144731
-0.132464
-0.119743
-0.10674
-0.0936416
-0.0806512
-0.0679802
-0.0558436
-0.0444529
-0.03401
-0.0247012
-0.0166924
-0.0101193
-0.00508065
-0.00170832
-0.000230891
-0.00017349
-0.00114676
-0.00323575
-0.00620837
-0.00992412
-0.0142938
-0.0192306
-0.0246524
-0.0304856
-0.0366643
-0.0431295
-0.0498291
-0.0567168
-0.0637521
-0.0708996
-0.078128
-0.0854101
-0.092722
-0.100042
-0.107352
-0.114634
-0.121873
-0.129053
-0.136159
-0.143178
-0.150094
-0.156892
-0.163555
-0.170066
-0.176405
-0.182551
-0.188482
-0.194172
-0.199591
-0.204711
-0.209495
-0.213908
-0.217909
-0.221454
-0.224497
-0.226988
-0.228874
-0.230101
-0.230613
-0.230352
-0.229262
-0.227289
-0.224381
-0.220493
-0.215587
-0.209637
-0.202628
-0.194563
-0.185465
-0.175377
-0.164369
-0.152535
-0.139998
-0.126908
-0.113438
-0.0997868
-0.0861709
-0.0728193
-0.0599676
-0.0478507
-0.036695
-0.0267118
-0.0180914
-0.0109921
-0.00553202
-0.00186587
-0.000253899
-0.000172335
-0.00114062
-0.00322046
-0.00618173
-0.00988502
-0.0142416
-0.0191647
-0.0245724
-0.0303908
-0.0365537
-0.0430019
-0.049683
-0.0565507
-0.0635645
-0.070689
-0.0778934
-0.0851509
-0.0924382
-0.0997349
-0.107023
-0.114287
-0.121511
-0.128682
-0.135788
-0.142814
-0.149749
-0.156577
-0.163286
-0.169859
-0.176279
-0.182526
-0.188579
-0.194415
-0.200007
-0.205325
-0.210337
-0.215006
-0.219293
-0.223155
-0.226544
-0.22941
-0.231698
-0.233351
-0.23431
-0.234513
-0.233896
-0.2324
-0.229963
-0.226531
-0.222055
-0.216496
-0.209829
-0.202043
-0.193148
-0.183176
-0.172186
-0.160264
-0.14753
-0.134131
-0.120246
-0.10608
-0.0918629
-0.0778418
-0.0642736
-0.051418
-0.0395282
-0.0288434
-0.0195811
-0.0119253
-0.00601663
-0.00203587
-0.000278967
-0.000170584
-0.00113081
-0.00319518
-0.00613631
-0.00981632
-0.0141472
-0.0190424
-0.0244201
-0.0302063
-0.0363345
-0.0427455
-0.0493865
-0.0562112
-0.063179
-0.0702547
-0.0774078
-0.0846122
-0.091845
-0.099087
-0.106321
-0.113532
-0.120708
-0.127835
-0.134902
-0.141899
-0.148814
-0.155636
-0.162352
-0.168948
-0.175409
-0.181718
-0.187856
-0.193802
-0.19953
-0.205014
-0.210222
-0.21512
-0.219669
-0.223827
-0.227547
-0.230777
-0.233464
-0.235547
-0.236965
-0.23765
-0.237536
-0.236554
-0.234635
-0.231716
-0.227737
-0.222645
-0.216402
-0.208983
-0.200383
-0.190621
-0.179743
-0.167825
-0.154977
-0.141344
-0.127107
-0.112477
-0.0976945
-0.0830248
-0.0687469
-0.0551466
-0.0425062
-0.0310954
-0.0211624
-0.0129204
-0.00653563
-0.00221888
-0.000306223
-0.00016828
-0.00111761
-0.00316064
-0.00607348
-0.00972011
-0.0140133
-0.018867
-0.0241995
-0.0299366
-0.0360118
-0.0423654
-0.0489447
-0.055703
-0.0625998
-0.0696002
-0.076674
-0.0837955
-0.0909427
-0.0980972
-0.105243
-0.112367
-0.119456
-0.126501
-0.133492
-0.140419
-0.147274
-0.154047
-0.160727
-0.167303
-0.173763
-0.180092
-0.186273
-0.192286
-0.198111
-0.203722
-0.20909
-0.214182
-0.218962
-0.22339
-0.227418
-0.230997
-0.234072
-0.236582
-0.238462
-0.239643
-0.240053
-0.239618
-0.238261
-0.235908
-0.232489
-0.227939
-0.222204
-0.215244
-0.207037
-0.197587
-0.186923
-0.17511
-0.162245
-0.148468
-0.133955
-0.118924
-0.103625
-0.0883393
-0.0733682
-0.0590249
-0.045623
-0.0334656
-0.0228354
-0.0139782
-0.00708995
-0.00241543
-0.000335799
-0.000165482
-0.00110139
-0.00311784
-0.00599505
-0.00959914
-0.0138437
-0.0186433
-0.0239161
-0.0295881
-0.0355923
-0.0418689
-0.0483647
-0.0550333
-0.061834
-0.068732
-0.0756975
-0.0827055
-0.0897347
-0.0967676
-0.103789
-0.110788
-0.117753
-0.124676
-0.131548
-0.138364
-0.145114
-0.151793
-0.158393
-0.164904
-0.171316
-0.177618
-0.183795
-0.189831
-0.195708
-0.201402
-0.206887
-0.212134
-0.217109
-0.221773
-0.226081
-0.229985
-0.233429
-0.236354
-0.238693
-0.240376
-0.241326
-0.241462
-0.240704
-0.238966
-0.236168
-0.232231
-0.227087
-0.220679
-0.212968
-0.203937
-0.1936
-0.182003
-0.16923
-0.15541
-0.140714
-0.12536
-0.109607
-0.0937498
-0.0781128
-0.0630372
-0.0488698
-0.0359502
-0.0245991
-0.0150992
-0.00768035
-0.002626
-0.000367824
-0.000162263
-0.0010826
-0.00306803
-0.00590333
-0.0094569
-0.0136432
-0.0183772
-0.0235771
-0.0291688
-0.0350849
-0.0412652
-0.0476565
-0.0542119
-0.0608911
-0.0676592
-0.0744871
-0.08135
-0.0882278
-0.0951039
-0.101965
-0.1088
-0.1156
-0.122358
-0.129069
-0.135727
-0.142328
-0.148866
-0.155337
-0.161733
-0.168049
-0.174274
-0.180398
-0.186407
-0.192286
-0.198015
-0.203571
-0.208928
-0.214055
-0.218915
-0.223467
-0.227665
-0.231454
-0.234775
-0.237562
-0.239743
-0.241239
-0.241965
-0.241834
-0.240753
-0.23863
-0.235374
-0.230902
-0.225139
-0.218027
-0.209529
-0.199637
-0.188378
-0.175817
-0.162069
-0.147296
-0.131713
-0.115583
-0.0992135
-0.0829505
-0.0671638
-0.0522349
-0.0385433
-0.0264514
-0.0162832
-0.00830732
-0.002851
-0.00040243
-0.000158715
-0.00106182
-0.00301276
-0.00580114
-0.00929769
-0.0134176
-0.0180761
-0.0231913
-0.0286887
-0.0345006
-0.0405663
-0.0468324
-0.0532517
-0.0597839
-0.0663945
-0.0730547
-0.0797405
-0.0864326
-0.0931155
-0.099777
-0.106408
-0.113001
-0.119552
-0.126056
-0.132511
-0.138913
-0.145262
-0.151553
-0.157784
-0.163951
-0.170047
-0.176064
-0.181993
-0.187822
-0.193534
-0.19911
-0.204527
-0.209757
-0.214769
-0.219523
-0.223976
-0.228076
-0.231766
-0.234982
-0.237649
-0.239689
-0.241014
-0.24153
-0.241138
-0.239737
-0.237225
-0.2335
-0.228473
-0.222063
-0.214213
-0.204891
-0.194098
-0.181881
-0.168334
-0.153605
-0.137902
-0.121487
-0.10468
-0.0878451
-0.0713801
-0.0557035
-0.0412368
-0.0283887
-0.0175294
-0.0089711
-0.0030908
-0.000439744
-0.000154949
-0.00103973
-0.0029539
-0.00569192
-0.00912672
-0.013174
-0.0177488
-0.0227692
-0.02816
-0.0338529
-0.0397868
-0.0459076
-0.0521683
-0.0585283
-0.0649536
-0.0714158
-0.0778918
-0.0843632
-0.0908157
-0.0972387
-0.103625
-0.109968
-0.116266
-0.122516
-0.128719
-0.134875
-0.140982
-0.147043
-0.153055
-0.159019
-0.164931
-0.170787
-0.17658
-0.182302
-0.187941
-0.193482
-0.198905
-0.204187
-0.209299
-0.214207
-0.218871
-0.223242
-0.227267
-0.230882
-0.234015
-0.236587
-0.238508
-0.239682
-0.240004
-0.239363
-0.237646
-0.234738
-0.230531
-0.224925
-0.217838
-0.209212
-0.199023
-0.18729
-0.174084
-0.159535
-0.143836
-0.127247
-0.110093
-0.092754
-0.0756569
-0.0592568
-0.0440204
-0.0304063
-0.0188362
-0.00967164
-0.00334569
-0.000479892
-0.000151097
-0.00101717
-0.00289367
-0.00557975
-0.00895018
-0.0129207
-0.0174061
-0.0223237
-0.0275973
-0.0331579
-0.0389439
-0.0449005
-0.0509805
-0.0571436
-0.0633559
-0.0695897
-0.0758227
-0.0820378
-0.0882221
-0.0943664
-0.100465
-0.106514
-0.112513
-0.118463
-0.124365
-0.130222
-0.136037
-0.141813
-0.147553
-0.153258
-0.15893
-0.164567
-0.170167
-0.175725
-0.181233
-0.18668
-0.192052
-0.197328
-0.202486
-0.207495
-0.212319
-0.216914
-0.22123
-0.225208
-0.228777
-0.231858
-0.234364
-0.236195
-0.237243
-0.237389
-0.236511
-0.23448
-0.231172
-0.226465
-0.220252
-0.21245
-0.203003
-0.191903
-0.17919
-0.164968
-0.149415
-0.132779
-0.115385
-0.0976282
-0.0799598
-0.0628728
-0.0468812
-0.0324978
-0.0202013
-0.0104085
-0.00361587
-0.000522999
-0.000147315
-0.000995104
-0.00283471
-0.00546947
-0.00877541
-0.0126678
-0.0170605
-0.0218695
-0.0270176
-0.0324346
-0.038058
-0.0438325
-0.0497107
-0.0556524
-0.0616241
-0.0675989
-0.0735556
-0.0794784
-0.0853559
-0.0911806
-0.0969488
-0.102659
-0.108313
-0.113913
-0.119465
-0.124972
-0.130441
-0.135879
-0.141291
-0.146681
-0.152055
-0.157416
-0.162763
-0.168098
-0.173415
-0.178708
-0.183968
-0.18918
-0.194324
-0.199375
-0.204304
-0.209071
-0.213629
-0.217924
-0.221889
-0.22545
-0.228517
-0.230993
-0.232766
-0.233714
-0.233706
-0.232602
-0.230259
-0.226539
-0.221308
-0.214454
-0.205891
-0.195576
-0.183515
-0.169784
-0.154531
-0.137992
-0.120484
-0.102412
-0.084249
-0.0665252
-0.0498037
-0.0346554
-0.0216215
-0.0111811
-0.00390146
-0.000569186
-0.000143789
-0.000974686
-0.00278012
-0.00536675
-0.008611
-0.0124269
-0.0167265
-0.0214241
-0.0264407
-0.0317048
-0.0371527
-0.0427285
-0.0483846
-0.0540809
-0.0597846
-0.0654699
-0.0711167
-0.0767107
-0.0822423
-0.0877062
-0.0931006
-0.0984265
-0.103688
-0.10889
-0.11404
-0.119146
-0.124217
-0.129262
-0.13429
-0.139309
-0.144328
-0.149353
-0.154389
-0.159439
-0.164504
-0.169583
-0.174669
-0.179753
-0.184822
-0.189856
-0.194828
-0.199708
-0.204452
-0.209012
-0.213327
-0.217324
-0.22092
-0.224017
-0.226504
-0.228255
-0.229134
-0.228991
-0.227671
-0.225013
-0.220863
-0.215077
-0.207537
-0.198161
-0.18692
-0.17385
-0.159069
-0.142787
-0.12531
-0.107043
-0.0884794
-0.0701839
-0.0527696
-0.0368694
-0.0230928
-0.0119883
-0.00420253
-0.000618574
-0.000140735
-0.000957266
-0.00273355
-0.00527825
-0.00846699
-0.0122114
-0.016421
-0.0210075
-0.0258896
-0.0309938
-0.0362551
-0.0416169
-0.0470315
-0.052459
-0.0578676
-0.0632326
-0.0685355
-0.0737639
-0.0789103
-0.0839714
-0.088948
-0.0938437
-0.0986647
-0.103419
-0.108118
-0.112771
-0.11739
-0.121988
-0.126577
-0.131169
-0.135776
-0.140407
-0.145072
-0.149778
-0.15453
-0.159331
-0.164181
-0.169075
-0.174004
-0.178956
-0.183909
-0.188839
-0.193708
-0.198475
-0.203083
-0.207468
-0.211548
-0.21523
-0.218405
-0.220947
-0.222716
-0.223556
-0.223299
-0.221768
-0.218784
-0.214178
-0.207794
-0.199512
-0.18926
-0.177032
-0.162905
-0.147057
-0.129773
-0.111452
-0.0926003
-0.0738145
-0.055758
-0.0391287
-0.0246104
-0.0128287
-0.00451905
-0.000671284
-0.000138408
-0.00094443
-0.00269928
-0.00521174
-0.00835506
-0.0120372
-0.0161638
-0.020643
-0.0253903
-0.0303301
-0.0353957
-0.0405297
-0.0456842
-0.05082
-0.0559065
-0.0609203
-0.0658452
-0.0706707
-0.0753918
-0.0800078
-0.0845222
-0.0889414
-0.0932744
-0.0975326
-0.101729
-0.105877
-0.109992
-0.11409
-0.118186
-0.122295
-0.126432
-0.130612
-0.134847
-0.139149
-0.143528
-0.14799
-0.152541
-0.15718
-0.161906
-0.16671
-0.171579
-0.176492
-0.181421
-0.18633
-0.191171
-0.195883
-0.200394
-0.204614
-0.20844
-0.211747
-0.214394
-0.216221
-0.217052
-0.216695
-0.214952
-0.211624
-0.206522
-0.199484
-0.190392
-0.179192
-0.165912
-0.150689
-0.133778
-0.115563
-0.0965555
-0.0773787
-0.058745
-0.0414203
-0.0261686
-0.0137007
-0.00485095
-0.000727443
-0.000137113
-0.000938052
-0.00268231
-0.00517633
-0.00828885
-0.0119225
-0.0159774
-0.0203569
-0.0249728
-0.0297463
-0.0346089
-0.0395025
-0.0443792
-0.0492008
-0.053938
-0.0585695
-0.0630815
-0.0674662
-0.0717214
-0.0758495
-0.0798568
-0.0837529
-0.08755
-0.0912624
-0.0949063
-0.0984987
-0.102058
-0.105602
-0.109151
-0.112723
-0.116336
-0.120008
-0.123757
-0.127597
-0.131542
-0.135605
-0.139794
-0.144116
-0.148573
-0.153164
-0.15788
-0.162709
-0.16763
-0.172613
-0.177618
-0.182592
-0.187471
-0.192174
-0.1966
-0.200631
-0.204129
-0.206932
-0.208859
-0.209707
-0.20926
-0.207295
-0.203588
-0.197936
-0.190172
-0.180187
-0.167957
-0.153565
-0.137225
-0.119296
-0.100284
-0.0808336
-0.061704
-0.0437299
-0.0277611
-0.0146024
-0.00519814
-0.000787187
-0.000137209
-0.00094035
-0.00268857
-0.00518268
-0.00828422
-0.0118882
-0.0158876
-0.0201794
-0.0246705
-0.0292785
-0.0339329
-0.0385748
-0.0431566
-0.0476413
-0.0520017
-0.0562191
-0.0602827
-0.0641878
-0.0679356
-0.071532
-0.0749868
-0.0783129
-0.081526
-0.0846437
-0.0876853
-0.0906714
-0.0936232
-0.0965628
-0.0995122
-0.102494
-0.105529
-0.108639
-0.111845
-0.115167
-0.118621
-0.122225
-0.125993
-0.129935
-0.134059
-0.138371
-0.142867
-0.147544
-0.152385
-0.15737
-0.162467
-0.167633
-0.172811
-0.177929
-0.182894
-0.187597
-0.191903
-0.195654
-0.198667
-0.200732
-0.201619
-0.201083
-0.19887
-0.194735
-0.18846
-0.179879
-0.168904
-0.155559
-0.140004
-0.12256
-0.103718
-0.0841327
-0.0646057
-0.0460415
-0.0293808
-0.0155318
-0.00556055
-0.000850674
-0.00013913
-0.000953969
-0.00272508
-0.00524336
-0.00835973
-0.0119589
-0.0159243
-0.020145
-0.0245216
-0.0289676
-0.0334102
-0.0377897
-0.0420594
-0.0461842
-0.0501394
-0.0539099
-0.0574881
-0.0608736
-0.0640715
-0.0670916
-0.0699475
-0.0726562
-0.0752369
-0.0777108
-0.0801007
-0.0824305
-0.0847249
-0.0870089
-0.0893081
-0.0916478
-0.0940533
-0.0965493
-0.0991598
-0.101908
-0.104816
-0.107904
-0.111191
-0.114693
-0.118422
-0.12239
-0.1266
-0.131054
-0.135745
-0.140659
-0.145774
-0.151056
-0.156457
-0.161915
-0.16735
-0.172659
-0.177717
-0.182372
-0.186442
-0.189716
-0.191955
-0.192896
-0.192257
-0.189755
-0.18512
-0.178126
-0.168616
-0.156544
-0.142004
-0.125264
-0.106785
-0.0872252
-0.0674183
-0.0483379
-0.0310205
-0.0164868
-0.00593818
-0.000918094
-0.000143405
-0.000982086
-0.00280018
-0.00537323
-0.00853711
-0.0121629
-0.0161217
-0.0202926
-0.0245685
-0.0288584
-0.0330867
-0.0371937
-0.0411337
-0.0448744
-0.0483946
-0.0516833
-0.0547377
-0.0575617
-0.0601653
-0.0625629
-0.0647726
-0.0668155
-0.0687149
-0.0704958
-0.0721847
-0.0738089
-0.0753964
-0.0769756
-0.0785751
-0.0802236
-0.0819493
-0.0837803
-0.0857441
-0.0878674
-0.0901757
-0.0926935
-0.0954435
-0.0984464
-0.101721
-0.105281
-0.10914
-0.113303
-0.117772
-0.122542
-0.127598
-0.132917
-0.138461
-0.144181
-0.150005
-0.155846
-0.161587
-0.167085
-0.172167
-0.176624
-0.180212
-0.182656
-0.183652
-0.18288
-0.180023
-0.174791
-0.166955
-0.156387
-0.143104
-0.127306
-0.109409
-0.0900562
-0.0701072
-0.0506007
-0.0326725
-0.0174655
-0.00633124
-0.000989692
-0.000150679
-0.00102855
-0.00292392
-0.00558995
-0.00884192
-0.0125331
-0.0165191
-0.0206663
-0.0248589
-0.0290003
-0.0330126
-0.0368361
-0.0404274
-0.0437577
-0.0468107
-0.0495803
-0.0520694
-0.0542876
-0.0562504
-0.0579774
-0.0594918
-0.0608193
-0.0619877
-0.063026
-0.0639645
-0.0648341
-0.0656661
-0.0664922
-0.0673439
-0.0682531
-0.069251
-0.0703687
-0.0716369
-0.0730854
-0.0747433
-0.0766387
-0.0787982
-0.0812468
-0.0840076
-0.0871009
-0.0905439
-0.0943501
-0.0985278
-0.10308
-0.108001
-0.113277
-0.118882
-0.124778
-0.130908
-0.137196
-0.14354
-0.14981
-0.155842
-0.161436
-0.16635
-0.170301
-0.17297
-0.174006
-0.173047
-0.16974
-0.16378
-0.154952
-0.14318
-0.128581
-0.111506
-0.0925667
-0.0726356
-0.0528107
-0.0343292
-0.0184666
-0.0067402
-0.00106579
-0.000161758
-0.00109807
-0.00310842
-0.0059146
-0.00930433
-0.013108
-0.0171614
-0.021316
-0.0254454
-0.029447
-0.0332409
-0.0367683
-0.0399892
-0.0428795
-0.0454291
-0.0476386
-0.0495174
-0.051082
-0.0523542
-0.0533598
-0.0541276
-0.0546885
-0.0550748
-0.0553201
-0.0554585
-0.0555245
-0.0555529
-0.0555783
-0.0556354
-0.0557587
-0.0559825
-0.0563407
-0.0568666
-0.0575931
-0.0585525
-0.0597761
-0.0612941
-0.0631356
-0.0653278
-0.067896
-0.0708628
-0.0742477
-0.0780661
-0.0823284
-0.0870384
-0.092192
-0.0977753
-0.103761
-0.110108
-0.116753
-0.123612
-0.130569
-0.137476
-0.144143
-0.150339
-0.15578
-0.160136
-0.163036
-0.164075
-0.162842
-0.158954
-0.152101
-0.142103
-0.128976
-0.112986
-0.094693
-0.0749642
-0.0549478
-0.0359836
-0.0194894
-0.00716602
-0.00114683
-0.000177654
-0.00119646
-0.00336844
-0.00637253
-0.00996003
-0.013932
-0.0181002
-0.0222975
-0.0263857
-0.0302561
-0.0338271
-0.0370423
-0.0398663
-0.0422822
-0.0442871
-0.0458899
-0.0471084
-0.047967
-0.0484948
-0.0487245
-0.0486913
-0.0484317
-0.0479831
-0.0473837
-0.0466715
-0.0458847
-0.0450613
-0.0442391
-0.0434556
-0.0427479
-0.0421528
-0.0417068
-0.0414459
-0.0414055
-0.0416207
-0.0421258
-0.0429543
-0.0441386
-0.0457101
-0.0476985
-0.0501313
-0.0530339
-0.0564281
-0.0603317
-0.0647573
-0.0697106
-0.0751888
-0.0811781
-0.0876504
-0.0945599
-0.101838
-0.10939
-0.117083
-0.124747
-0.132161
-0.139053
-0.145089
-0.149883
-0.152998
-0.153969
-0.152336
-0.147689
-0.139736
-0.128371
-0.113753
-0.0963662
-0.0770506
-0.0569918
-0.0376296
-0.0205344
-0.00761035
-0.00123342
-0.000199654
-0.00133094
-0.00372208
-0.00699432
-0.0108513
-0.0150573
-0.019394
-0.0236728
-0.0277423
-0.0314876
-0.0348269
-0.0377078
-0.0401021
-0.0420014
-0.0434129
-0.0443557
-0.0448571
-0.0449509
-0.044675
-0.0440698
-0.0431772
-0.0420401
-0.0407012
-0.0392033
-0.0375886
-0.0358989
-0.0341755
-0.032459
-0.0307894
-0.0292064
-0.027749
-0.026456
-0.0253656
-0.0245155
-0.0239433
-0.0236858
-0.0237795
-0.0242598
-0.0251617
-0.0265189
-0.0283636
-0.0307262
-0.0336348
-0.0371142
-0.0411852
-0.0458631
-0.0511561
-0.0570631
-0.0635706
-0.0706496
-0.0782503
-0.0862967
-0.0946796
-0.103249
-0.111804
-0.120086
-0.127771
-0.134465
-0.139709
-0.142993
-0.143782
-0.141568
-0.135933
-0.126635
-0.113702
-0.0975108
-0.0788495
-0.0589218
-0.0392626
-0.0216039
-0.00807587
-0.00132643
-0.000229412
-0.00151059
-0.00419165
-0.00781704
-0.0120286
-0.016544
-0.021109
-0.0255098
-0.029581
-0.0332022
-0.0362935
-0.038809
-0.0407305
-0.0420612
-0.0428208
-0.0430403
-0.0427591
-0.0420217
-0.0408758
-0.0393704
-0.0375552
-0.0354792
-0.0331912
-0.0307385
-0.0281676
-0.0255238
-0.0228514
-0.0201935
-0.0175928
-0.0150909
-0.0127289
-0.0105474
-0.00858658
-0.00688622
-0.00548577
-0.00442438
-0.00374084
-0.00347356
-0.00366046
-0.00433881
-0.00554502
-0.00731433
-0.00968036
-0.0126746
-0.0163254
-0.0206571
-0.0256887
-0.0314313
-0.0378863
-0.0450412
-0.0528657
-0.0613053
-0.0702748
-0.0796488
-0.0892519
-0.0988478
-0.108128
-0.116704
-0.124106
-0.129786
-0.133146
-0.133579
-0.130537
-0.123627
-0.112715
-0.0980427
-0.0803109
-0.0607166
-0.0408798
-0.0227026
-0.00856666
-0.00142705
-0.000269087
-0.00174694
-0.00480492
-0.00888579
-0.0135514
-0.0184617
-0.0233191
-0.0278815
-0.0319689
-0.0354577
-0.0382728
-0.0403785
-0.0417702
-0.0424664
-0.0425018
-0.0419227
-0.0407822
-0.0391372
-0.0370462
-0.034568
-0.0317603
-0.0286791
-0.0253789
-0.0219119
-0.0183286
-0.0146776
-0.0110061
-0.00735958
-0.00378269
-0.000318906
0.00298901
0.0060989
0.00896909
0.0115582
0.0138251
0.0157288
0.0172285
0.0182835
0.018853
0.0188968
0.0183746
0.017247
0.0154753
0.0130219
0.00985135
0.00593072
0.00123115
-0.00427063
-0.01059
-0.0177312
-0.0256833
-0.0344145
-0.0438649
-0.0539372
-0.0644855
-0.0753025
-0.0861048
-0.0965207
-0.10608
-0.114214
-0.120272
-0.123553
-0.123378
-0.119186
-0.11066
-0.0978656
-0.0813781
-0.0623539
-0.0424813
-0.0238387
-0.00908888
-0.001537
-0.000321523
-0.00205474
-0.00559659
-0.0102556
-0.0154906
-0.0208901
-0.0261054
-0.0308633
-0.0349703
-0.0383031
-0.0407958
-0.0424283
-0.043214
-0.0431909
-0.042413
-0.040944
-0.0388532
-0.0362116
-0.0330899
-0.0295571
-0.0256796
-0.0215206
-0.0171402
-0.0125955
-0.00794072
-0.00322763
0.00149423
0.00617717
0.010775
0.0152428
0.0195366
0.0236131
0.0274293
0.0309429
0.0341113
0.0368922
0.0392431
0.0411213
0.042484
0.0432879
0.0434898
0.0430463
0.0419142
0.0400505
0.037413
0.0339612
0.0296567
0.024465
0.0183574
0.0113133
0.00332457
-0.00559976
-0.0154262
-0.0260875
-0.0374712
-0.0494047
-0.0616384
-0.0738284
-0.0855198
-0.0961381
-0.104992
-0.111304
-0.114263
-0.113132
-0.107382
-0.0968664
-0.081985
-0.0638094
-0.0440702
-0.025025
-0.00965151
-0.00165872
-0.00039053
-0.00245308
-0.00661037
-0.0119937
-0.0179296
-0.0239188
-0.0295536
-0.0345283
-0.0386393
-0.0417688
-0.0438673
-0.0449364
-0.0450141
-0.044163
-0.04246
-0.0399899
-0.0368404
-0.0330983
-0.0288474
-0.0241678
-0.0191345
-0.0138179
-0.00828397
-0.00259407
0.00319404
0.00902597
0.0148502
0.0206173
0.0262802
0.0317927
0.0371102
0.0421886
0.0469844
0.0514543
0.055555
0.0592432
0.0624751
0.0652065
0.0673927
0.0689882
0.0699471
0.0702227
0.0697675
0.0685338
0.0664736
0.0635392
0.0596836
0.054862
0.0490328
0.0421605
0.0342183
0.0251929
0.0150914
0.00394941
-0.00815628
-0.0210929
-0.0346524
-0.0485298
-0.0623007
-0.0754019
-0.0871238
-0.0966232
-0.102972
-0.10525
-0.102697
-0.0949071
-0.0820498
-0.0650538
-0.0456529
-0.0262803
-0.0102676
-0.00179571
-0.000481288
-0.00296697
-0.00790168
-0.0141823
-0.0209656
-0.0276461
-0.0337498
-0.0389397
-0.0430082
-0.0458523
-0.047448
-0.0478276
-0.0470612
-0.0452418
-0.0424741
-0.0388674
-0.0345299
-0.0295657
-0.0240726
-0.0181418
-0.0118573
-0.0052964
0.00146983
0.00837599
0.0153615
0.0223699
0.0293481
0.036246
0.0430156
0.0496105
0.0559858
0.0620971
0.0679008
0.0733533
0.078411
0.0830297
0.0871651
0.0907719
0.0938038
0.0962137
0.0979534
0.0989731
0.0992222
0.0986485
0.0971989
0.0948192
0.0914549
0.0870516
0.0815564
0.0749194
0.0670964
0.058053
0.04777
0.0362517
0.0235374
0.00971645
-0.0050511
-0.0205099
-0.0362807
-0.0518317
-0.0664572
-0.0792733
-0.0892489
-0.0952878
-0.0963783
-0.0918143
-0.0814672
-0.0660492
-0.0472394
-0.0276318
-0.0109561
-0.00195307
-0.000600995
-0.00362969
-0.00954133
-0.0169217
-0.0247105
-0.0321754
-0.0387716
-0.0441361
-0.0480689
-0.0504949
-0.0514287
-0.0509446
-0.0491537
-0.0461865
-0.0421805
-0.0372725
-0.0315935
-0.0252657
-0.0184015
-0.0111031
-0.0034629
0.00443559
0.0125169
0.0207124
0.0289596
0.0372007
0.0453822
0.0534534
0.0613667
0.0690759
0.0765364
0.0837043
0.0905363
0.096989
0.103019
0.108582
0.113633
0.118126
0.122015
0.12525
0.127782
0.129559
0.130527
0.13063
0.129811
0.128009
0.125165
0.121215
0.116095
0.109743
0.102099
0.0931091
0.0827286
0.0709313
0.0577187
0.0431347
0.0272863
0.01037
-0.00729448
-0.0252276
-0.0427534
-0.058977
-0.0727909
-0.0829364
-0.0881428
-0.0873624
-0.0800945
-0.0667403
-0.0488409
-0.0291172
-0.0117442
-0.00213834
-0.000759914
-0.00448622
-0.0116205
-0.0203337
-0.0292889
-0.0376066
-0.0446716
-0.0501082
-0.0537425
-0.0555466
-0.0555911
-0.0540064
-0.050955
-0.0466126
-0.0411542
-0.0347472
-0.0275467
-0.0196935
-0.011314
-0.00252054
0.006587
0.0159202
0.0254003
0.0349569
0.0445265
0.0540514
0.0634784
0.0727576
0.0818423
0.0906875
0.0992496
0.107486
0.115354
0.122811
0.129815
0.136321
0.142285
0.147662
0.152403
0.156459
0.159779
0.162309
0.163994
0.164774
0.164589
0.163373
0.161061
0.157581
0.152862
0.14683
0.139411
0.130531
0.120125
0.108137
0.0945314
0.0793058
0.0625111
0.044278
0.0248531
0.00464343
-0.0157341
-0.0354084
-0.0532327
-0.0678139
-0.0776272
-0.0812504
-0.0777308
-0.0670417
-0.0504665
-0.0307878
-0.0126716
-0.00236293
-0.000973149
-0.00559879
-0.0142578
-0.0245646
-0.0348327
-0.044019
-0.0514494
-0.0567601
-0.0598324
-0.0607133
-0.0595511
-0.0565492
-0.0519338
-0.0459326
-0.0387629
-0.0306242
-0.021696
-0.0121367
-0.0020854
0.00833708
0.0190256
0.0298886
0.0408462
0.0518277
0.0627706
0.0736184
0.0843196
0.0948266
0.105094
0.11508
0.124743
0.134041
0.142934
0.151381
0.15934
0.166769
0.173624
0.17986
0.185428
0.19028
0.194363
0.197623
0.200002
0.201439
0.20187
0.201228
0.19944
0.19643
0.192119
0.186424
0.179257
0.170531
0.160158
0.148057
0.134156
0.118409
0.10081
0.0814165
0.060393
0.038054
0.0149274
-0.00818052
-0.0301315
-0.0494429
-0.0643603
-0.073069
-0.0740852
-0.0668138
-0.0521134
-0.0327114
-0.0137968
-0.00264462
-0.00126382
-0.00705558
-0.0176082
-0.0297858
-0.0414666
-0.0514395
-0.0590021
-0.0638462
-0.0659517
-0.0654767
-0.0626757
-0.0578438
-0.0512823
-0.0432778
-0.0340918
-0.0239562
-0.0130727
-0.00161515
0.0102682
0.0224513
0.0348266
0.0473026
0.0598008
0.0722528
0.0845992
0.0967867
0.108767
0.120497
0.131934
0.143039
0.153774
0.1641
0.17398
0.183374
0.192243
0.200547
0.208243
0.215286
0.22163
0.227225
0.23202
0.23596
0.238985
0.241035
0.242042
0.241937
0.240643
0.238082
0.234166
0.228805
0.221902
0.213356
0.203063
0.190915
0.176812
0.160663
0.142406
0.122027
0.099598
0.0753242
0.049615
0.0231673
-0.0029479
-0.0272227
-0.0477244
-0.0622535
-0.0687278
-0.0658233
-0.0537475
-0.034974
-0.0152067
-0.00301202
-0.00166895
-0.00898523
-0.0218752
-0.0361883
-0.0492754
-0.0597817
-0.0670404
-0.0708694
-0.0714097
-0.0689779
-0.0639662
-0.056781
-0.0478084
-0.037397
-0.0258514
-0.0134319
-0.000358108
0.0131867
0.0270502
0.0411062
0.0552497
0.0693932
0.0834633
0.0973974
0.111142
0.124649
0.137876
0.150785
0.163339
0.175504
0.187244
0.198526
0.209316
0.219578
0.229275
0.238369
0.246819
0.254583
0.261617
0.26787
0.273294
0.277832
0.281427
0.284015
0.28553
0.2859
0.285046
0.282887
0.279332
0.274284
0.267639
0.259285
0.249104
0.236968
0.22275
0.20632
0.187563
0.166394
0.142788
0.116828
0.08878
0.0591838
0.0289757
-0.000396503
-0.0269065
-0.0480189
-0.0610158
-0.0636773
-0.055264
-0.0376757
-0.0170321
-0.00351288
-0.00225056
-0.0115806
-0.0273233
-0.0439594
-0.0582353
-0.0687348
-0.0749446
-0.0769182
-0.0750414
-0.069846
-0.0618946
-0.0517202
-0.0397976
-0.0265336
-0.0122686
0.00271774
0.0181977
0.0339876
0.0499396
0.0659347
0.081877
0.0976889
0.113307
0.128678
0.143757
0.158506
0.172891
0.18688
0.200444
0.213553
0.226179
0.238294
0.249867
0.260868
0.271262
0.281016
0.290091
0.298447
0.306042
0.31283
0.31876
0.323779
0.32783
0.330851
0.332775
0.33353
0.333036
0.33121
0.32796
0.323185
0.316776
0.308614
0.298569
0.286499
0.272253
0.255669
0.236584
0.214846
0.190333
0.163002
0.13295
0.10052
0.0664381
0.0319871
-0.000837887
-0.0292724
-0.0499841
-0.059712
-0.0564095
-0.0409104
-0.0194699
-0.00422918
-0.00311703
-0.0151372
-0.0342832
-0.053217
-0.0680705
-0.0775579
-0.0815216
-0.0804076
-0.0749513
-0.0659577
-0.0541854
-0.0402973
-0.0248476
-0.0082863
0.0090277
0.0268124
0.0448481
0.0629645
0.0810303
0.0989442
0.116628
0.13402
0.151074
0.16775
0.184017
0.199849
0.215222
0.230115
0.244505
0.258373
0.271697
0.284455
0.296621
0.30817
0.319073
0.3293
0.338816
0.347585
0.355566
0.362717
0.368989
0.374333
0.378691
0.382004
0.384206
0.385226
0.384987
0.383403
0.380384
0.375827
0.36962
0.361642
0.351754
0.339805
0.325625
0.309028
0.28981
0.267758
0.242662
0.214351
0.182742
0.147944
0.110403
0.0711157
0.0318786
-0.00449764
-0.0341857
-0.0528123
-0.0566321
-0.0447057
-0.0228096
-0.00530379
-0.00446322
-0.0201105
-0.0431222
-0.0638407
-0.0779581
-0.084705
-0.0845967
-0.0786773
-0.0681419
-0.0541114
-0.0375402
-0.0191988
0.000310277
0.0205271
0.0411058
0.0617898
0.0823906
0.102771
0.122832
0.142502
0.161731
0.180482
0.198731
0.216458
0.233649
0.250292
0.266378
0.281897
0.296837
0.311188
0.324935
0.338064
0.350556
0.362392
0.373548
0.383997
0.393711
0.402656
0.410796
0.418091
0.424497
0.429966
0.434445
0.437876
0.440196
0.441338
0.441225
0.439776
0.4369
0.432497
0.426456
0.418654
0.40895
0.397188
0.383187
0.366742
0.347619
0.325557
0.300268
0.27146
0.238873
0.202359
0.162024
0.118456
0.0730502
0.0283905
-0.0114668
-0.0411225
-0.0548
-0.0488641
-0.0274475
-0.00698352
-0.0066411
-0.0271814
-0.0540948
-0.0750579
-0.0859285
-0.0871468
-0.0803457
-0.0673893
-0.0500059
-0.0296192
-0.00732565
0.0160631
0.0399625
0.0639606
0.087773
0.111208
0.134138
0.156484
0.178196
0.199248
0.219626
0.239329
0.258358
0.276719
0.294418
0.311461
0.327853
0.343598
0.358696
0.373146
0.386944
0.400081
0.412547
0.424328
0.435405
0.445759
0.455364
0.464192
0.47221
0.479384
0.485672
0.491031
0.495411
0.498759
0.501015
0.502116
0.50199
0.500558
0.497736
0.493426
0.487521
0.479902
0.470429
0.458946
0.445269
0.429183
0.410436
0.388731
0.363721
0.335011
0.302179
0.264822
0.22267
0.175797
0.124979
0.0722175
0.0213407
-0.0215943
-0.0486869
-0.052587
-0.0338205
-0.00967105
-0.0102539
-0.0372388
-0.0668246
-0.0844595
-0.0876646
-0.0791807
-0.0622515
-0.0396896
-0.0136986
0.0141282
0.0426994
0.0712952
0.0994577
0.126908
0.153488
0.179117
0.203764
0.227429
0.250132
0.271902
0.292772
0.312779
0.331956
0.350334
0.367944
0.384808
0.400948
0.416381
0.431119
0.445171
0.458539
0.471224
0.483223
0.494526
0.505123
0.514997
0.524128
0.532493
0.540065
0.546811
0.552697
0.557683
0.561723
0.564771
0.566771
0.567665
0.567387
0.565866
0.563021
0.558764
0.552993
0.545596
0.536441
0.525376
0.512222
0.496766
0.478747
0.457853
0.433698
0.405816
0.373651
0.336577
0.293953
0.245282
0.190534
0.130726
0.0688036
0.0106874
-0.0340568
-0.0536109
-0.0420286
-0.0139091
-0.0161375
-0.0508522
-0.0786907
-0.085725
-0.0742022
-0.0504801
-0.019634
0.0147909
0.0504609
0.0859488
0.120443
0.153519
0.184994
0.214822
0.243037
0.269713
0.294942
0.318824
0.341454
0.362922
0.383312
0.402696
0.421141
0.438701
0.455427
0.471359
0.486532
0.500974
0.514707
0.527748
0.540106
0.55179
0.562801
0.573135
0.582787
0.591744
0.599992
0.607512
0.614282
0.620273
0.625457
0.629797
0.633257
0.635793
0.637357
0.637897
0.637356
0.63567
0.632767
0.628568
0.622982
0.615908
0.607224
0.596792
0.584445
0.569979
0.553145
0.53363
0.51104
0.484874
0.454496
0.419115
0.377782
0.329454
0.273205
0.208722
0.137287
0.0634083
-0.00311133
-0.0463489
-0.0505326
-0.0199785
-0.0246202
-0.0658507
-0.0802536
-0.0636546
-0.0278783
0.0166933
0.0639949
0.110699
0.155134
0.196611
0.234976
0.270337
0.302923
0.332998
0.360827
0.386658
0.41071
0.433174
0.454217
0.473982
0.49259
0.510144
0.526732
0.542427
0.557293
0.57138
0.584732
0.597383
0.609362
0.620689
0.631381
0.641448
0.650896
0.659724
0.667931
0.675509
0.682447
0.688731
0.694341
0.699256
0.703452
0.706899
0.709566
0.711416
0.71241
0.712503
0.711648
0.70979
0.706869
0.702817
0.697559
0.691006
0.683055
0.673585
0.66245
0.649469
0.634417
0.617005
0.596862
0.573497
0.546262
0.514297
0.476468
0.431329
0.37715
0.312164
0.235332
0.148147
0.0578794
-0.0183929
-0.0528649
-0.0262208
-0.0312987
-0.0687274
-0.0436733
0.0154738
0.0836814
0.150384
0.211699
0.266449
0.314766
0.357328
0.394943
0.428372
0.458282
0.485231
0.509677
0.531995
0.552487
0.571402
0.588941
0.605269
0.620524
0.634816
0.648239
0.66087
0.672773
0.683998
0.69459
0.704583
0.714005
0.722877
0.731215
0.739031
0.746331
0.753117
0.759389
0.765142
0.770368
0.775057
0.779194
0.782762
0.785744
0.788115
0.789852
0.790926
0.791306
0.79096
0.789847
0.787928
0.785155
0.781476
0.776832
0.771152
0.764357
0.75635
0.747013
0.736201
0.723729
0.709357
0.69277
0.673543
0.651095
0.624622
0.592998
0.554646
0.507386
0.448322
0.374027
0.281703
0.172057
0.0556977
-0.0301856
-0.0232111
-0.000660392
0.000352868
0.104333
0.217906
0.312101
0.388128
0.449783
0.500014
0.541353
0.575874
0.605149
0.630343
0.65232
0.671723
0.689037
0.704632
0.718793
0.731741
0.743651
0.754662
0.764886
0.774413
0.783317
0.791657
0.799481
0.80683
0.813737
0.820226
0.826318
0.83203
0.837374
0.842356
0.846983
0.851256
0.855176
0.858738
0.861938
0.864769
0.86722
0.869282
0.870941
0.872181
0.872988
0.873341
0.873221
0.872605
0.871468
0.869784
0.867521
0.864644
0.861115
0.856888
0.85191
0.846115
0.839424
0.83174
0.822933
0.81284
0.801237
0.787824
0.772178
0.753698
0.73151
0.70431
0.670123
0.62591
0.567062
0.48705
0.376958
0.228427
0.0726436
0.0309694
0.292184
0.379306
0.530607
0.644331
0.714298
0.760018
0.792312
0.81613
0.834336
0.84876
0.860547
0.870428
0.878884
0.886244
0.892742
0.898544
0.903777
0.908535
0.91289
0.916899
0.920607
0.924049
0.927255
0.930247
0.933044
0.935662
0.938111
0.940403
0.942544
0.944539
0.946394
0.948111
0.949691
0.951134
0.952441
0.953609
0.954636
0.955519
0.956254
0.956836
0.957261
0.957522
0.957613
0.957527
0.957255
0.95679
0.956122
0.955241
0.954134
0.95279
0.951193
0.949325
0.947166
0.944692
0.941871
0.938665
0.935023
0.93088
0.926147
0.920701
0.914371
0.906908
0.897942
0.886902
0.872863
0.854247
0.828214
0.789432
0.726146
0.611349
0.435853
0.317985
)
;

boundaryField
{
    movingWall
    {
        type            calculated;
        value           uniform 1;
    }
    fixedWalls
    {
        type            calculated;
        value           uniform 0;
    }
    frontAndBack
    {
        type            empty;
    }
}


// ************************************************************************* //
