/*--------------------------------*- C++ -*----------------------------------*\
  =========                 |
  \\      /  F ield         | OpenFOAM: The Open Source CFD Toolbox
   \\    /   O peration     | Website:  https://openfoam.org
    \\  /    A nd           | Version:  dev
     \\/     M anipulation  |
\*---------------------------------------------------------------------------*/
FoamFile
{
    format      ascii;
    class       volScalarField;
    location    "28.35";
    object      Uy;
}
// * * * * * * * * * * * * * * * * * * * * * * * * * * * * * * * * * * * * * //

dimensions      [0 1 -1 0 0 0 0];

internalField   nonuniform List<scalar> 
5184
(
-1.27808e-05
-2.0927e-05
-1.72596e-05
-8.19852e-06
2.66854e-06
1.36163e-05
2.38431e-05
3.30436e-05
4.10994e-05
4.80165e-05
5.3856e-05
5.87026e-05
6.26489e-05
6.57866e-05
6.82007e-05
6.99661e-05
7.11468e-05
7.17952e-05
7.19525e-05
7.16483e-05
7.0902e-05
6.9724e-05
6.8117e-05
6.60781e-05
6.36002e-05
6.06735e-05
5.72877e-05
5.34329e-05
4.91022e-05
4.42924e-05
3.90061e-05
3.32527e-05
2.70492e-05
2.04217e-05
1.34057e-05
6.04698e-06
-1.59828e-06
-9.46367e-06
-1.74727e-05
-2.55397e-05
-3.35701e-05
-4.14624e-05
-4.91094e-05
-5.64001e-05
-6.3222e-05
-6.94633e-05
-7.50154e-05
-7.97751e-05
-8.36479e-05
-8.65497e-05
-8.84102e-05
-8.91741e-05
-8.88034e-05
-8.72785e-05
-8.45989e-05
-8.0784e-05
-7.58729e-05
-6.9924e-05
-6.30151e-05
-5.52421e-05
-4.67195e-05
-3.75801e-05
-2.79788e-05
-1.80978e-05
-8.16224e-06
1.53255e-06
1.05629e-05
1.8292e-05
2.37082e-05
2.51207e-05
1.98443e-05
6.24337e-06
-4.59875e-05
-6.57703e-05
-4.058e-05
7.62545e-06
6.5669e-05
0.000125974
0.000184268
0.000238303
0.000286941
0.000329741
0.000366662
0.000397895
0.000423751
0.000444597
0.00046081
0.000472749
0.000480736
0.000485046
0.000485904
0.00048348
0.000477896
0.000469228
0.000457515
0.000442766
0.000424969
0.000404101
0.000380138
0.000353062
0.000322873
0.0002896
0.000253302
0.000214082
0.000172089
0.000127527
8.06557e-05
3.1793e-05
-1.86817e-05
-7.03306e-05
-0.000122659
-0.000175119
-0.000227117
-0.000278022
-0.000327171
-0.000373887
-0.000417484
-0.000457289
-0.000492648
-0.000522948
-0.000547626
-0.000566188
-0.000578222
-0.000583409
-0.000581532
-0.000572489
-0.000556296
-0.00053309
-0.000503135
-0.000466821
-0.000424662
-0.000377298
-0.000325497
-0.000270165
-0.000212361
-0.000153338
-9.4606e-05
-3.80432e-05
1.38916e-05
5.78935e-05
8.93715e-05
0.000101831
8.65012e-05
3.64839e-05
-8.13422e-05
-9.50577e-05
-1.91491e-05
0.00010591
0.000254615
0.000410524
0.000563331
0.0007069
0.000837784
0.000954278
0.00105579
0.0011424
0.00121464
0.00127323
0.00131899
0.00135275
0.00137526
0.00138721
0.00138917
0.00138156
0.00136473
0.00133889
0.00130418
0.00126065
0.00120831
0.00114717
0.0010772
0.000998418
0.000910894
0.000814763
0.000710257
0.000597722
0.00047763
0.000350597
0.000217387
7.89248e-05
-6.37111e-05
-0.000209285
-0.000356415
-0.000503583
-0.000649154
-0.000791397
-0.000928508
-0.00105865
-0.00117996
-0.00129063
-0.00138891
-0.00147314
-0.00154183
-0.00159366
-0.00162754
-0.00164263
-0.00163835
-0.00161446
-0.00157103
-0.00150845
-0.00142748
-0.00132921
-0.00121509
-0.00108692
-0.000946883
-0.00079754
-0.000641898
-0.00048349
-0.000326512
-0.000176053
-3.8427e-05
7.8351e-05
0.000163986
0.000205315
0.000186229
9.03764e-05
-9.77369e-05
-7.31413e-05
8.47722e-05
0.000318318
0.000590003
0.000874205
0.0011539
0.0014183
0.00166094
0.00187829
0.00206879
0.00223218
0.00236904
0.00248039
0.00256751
0.00263173
0.00267432
0.00269645
0.00269909
0.00268303
0.00264887
0.00259703
0.00252779
0.0024413
0.00233764
0.00221686
0.00207902
0.00192421
0.00175265
0.00156469
0.00136086
0.00114188
0.000908737
0.000662663
0.000405173
0.000138068
-0.000136564
-0.000416352
-0.000698664
-0.000980621
-0.00125914
-0.00153096
-0.00179271
-0.00204095
-0.00227223
-0.00248317
-0.00267051
-0.00283121
-0.00296249
-0.00306193
-0.00312751
-0.00315769
-0.00315144
-0.00310831
-0.00302846
-0.00291266
-0.00276235
-0.00257963
-0.00236725
-0.00212867
-0.00186803
-0.00159024
-0.00130099
-0.00100697
-0.00071599
-0.000437316
-0.000182095
3.60685e-05
0.000200459
0.000290688
0.000282463
0.000147247
-8.43853e-05
2.09115e-05
0.000295425
0.000667935
0.00109064
0.00152964
0.0019615
0.00237074
0.00274765
0.00308659
0.0033848
0.00364145
0.00385699
0.00403269
0.00417018
0.0042713
0.00433783
0.00437143
0.00437351
0.00434524
0.00428755
0.00420108
0.00408629
0.00394348
0.00377285
0.00357454
0.00334875
0.00309575
0.00281598
0.00251011
0.00217908
0.00182416
0.00144701
0.00104967
0.000634627
0.000204797
-0.00023646
-0.000685358
-0.00113771
-0.00158896
-0.00203424
-0.00246844
-0.00288626
-0.00328232
-0.00365125
-0.00398776
-0.00428681
-0.00454365
-0.00475398
-0.00491403
-0.00502069
-0.00507156
-0.00506507
-0.00500054
-0.00487823
-0.00469939
-0.0044663
-0.00418229
-0.00385171
-0.00348005
-0.00307387
-0.00264089
-0.00219013
-0.00173198
-0.00127849
-0.000843704
-0.000444112
-9.92703e-05
0.000167489
0.000328436
0.000350843
0.00019408
-3.74987e-05
0.000197373
0.000626839
0.00117017
0.00177143
0.00238977
0.00299613
0.00357073
0.00410071
0.00457832
0.00499948
0.0053627
0.00566823
0.00591742
0.00611226
0.00625502
0.00634797
0.00639325
0.00639272
0.00634795
0.00626018
0.00613034
0.00595909
0.00574692
0.00549416
0.00520115
0.00486826
0.00449602
0.0040852
0.00363688
0.00315256
0.00263419
0.00208424
0.00150578
0.000902426
0.00027845
-0.00036129
-0.00101134
-0.0016657
-0.00231787
-0.00296092
-0.00358757
-0.00419034
-0.00476161
-0.00529378
-0.00577941
-0.00621138
-0.00658302
-0.00688826
-0.0071218
-0.00727926
-0.00735727
-0.00735362
-0.00726735
-0.00709886
-0.00684992
-0.00652377
-0.00612514
-0.00566026
-0.0051369
-0.0045644
-0.00395374
-0.00331762
-0.00267064
-0.00202951
-0.00141342
-0.000844511
-0.000348455
4.47747e-05
0.000300242
0.000377142
0.000224439
4.4121e-05
0.000461249
0.00108693
0.00183442
0.00264189
0.0034631
0.00426442
0.00502241
0.00572146
0.0063519
0.00690839
0.00738879
0.00779309
0.00812275
0.00838001
0.00856754
0.00868809
0.00874424
0.00873831
0.00867226
0.00854763
0.00836566
0.00812725
0.00783307
0.00748369
0.00707964
0.00662156
0.0061103
0.00554704
0.00493339
0.00427151
0.00356417
0.00281481
0.00202764
0.00120765
0.00036061
-0.000506912
-0.00138758
-0.00227336
-0.00315557
-0.00402496
-0.00487189
-0.00568641
-0.00645841
-0.00717784
-0.00783487
-0.00842006
-0.00892458
-0.00934042
-0.00966056
-0.00987918
-0.00999183
-0.00999555
-0.00988907
-0.00967288
-0.00934931
-0.00892266
-0.00839918
-0.00778712
-0.00709682
-0.00634063
-0.00553309
-0.00469092
-0.00383321
-0.00298166
-0.00216086
-0.00139872
-0.000727097
-0.000182473
0.000193351
0.000352262
0.000234893
0.00016047
0.000814406
0.00167947
0.0026657
0.0037074
0.00475456
0.00577013
0.00672786
0.00760994
0.0084051
0.00910702
0.00971297
0.0102228
0.0106379
0.010961
0.0111951
0.0113432
0.0114086
0.0113938
0.0113013
0.0111329
0.0108901
0.0105741
0.0101859
0.00972609
0.00919561
0.00859537
0.00792663
0.00719105
0.00639086
0.00552897
0.00460909
0.00363577
0.00261451
0.00155178
0.000455037
-0.000667276
-0.00180577
-0.00295018
-0.00408944
-0.00521182
-0.00630506
-0.00735654
-0.00835347
-0.00928313
-0.0101331
-0.0108913
-0.0115467
-0.012089
-0.0125095
-0.0128005
-0.0129566
-0.0129738
-0.0128504
-0.0125871
-0.0121868
-0.0116547
-0.0109988
-0.0102294
-0.00935963
-0.00840505
-0.00738393
-0.00631728
-0.0052289
-0.00414567
-0.00309771
-0.00211881
-0.00124693
-0.000524875
-8.39792e-07
0.000270636
0.000223735
0.000310914
0.00125676
0.00240543
0.00366585
0.00497028
0.00626638
0.00751492
0.00868769
0.00976537
0.0107356
0.0115913
0.0123295
0.0129499
0.0134541
0.0138451
0.0141262
0.0143011
0.0143732
0.0143457
0.0142213
0.0140021
0.0136901
0.0132865
0.0127926
0.0122095
0.0115381
0.0107799
0.00993654
0.00901021
0.00800386
0.00692125
0.00576709
0.00454716
0.00326836
0.00193876
0.000567637
-0.000834555
-0.00225623
-0.00368472
-0.00510645
-0.006507
-0.00787133
-0.00918397
-0.0104293
-0.0115916
-0.0126557
-0.0136069
-0.0144315
-0.0151169
-0.0156522
-0.0160282
-0.0162379
-0.0162763
-0.0161414
-0.0158336
-0.0153564
-0.0147161
-0.0139224
-0.0129878
-0.0119281
-0.0107624
-0.00951273
-0.00820461
-0.00686673
-0.00553124
-0.00423391
-0.00301443
-0.0019168
-0.00098989
-0.000287851
0.000129158
0.000190317
0.000494548
0.00178706
0.00326393
0.00483451
0.0064305
0.00799862
0.00949853
0.010901
0.012186
0.0133405
0.0143572
0.015233
0.0159678
0.0165635
0.0170234
0.0173513
0.0175513
0.0176273
0.0175828
0.0174208
0.0171441
0.0167545
0.0162538
0.0156435
0.0149248
0.0140992
0.0131684
0.0121346
0.0110006
0.00977001
0.0084476
0.00703914
0.0055517
0.00399367
0.00237482
0.000706348
-0.000999185
-0.00272786
-0.00446453
-0.00619292
-0.00789581
-0.00955522
-0.0111527
-0.0126694
-0.0140869
-0.0153867
-0.0165512
-0.0175641
-0.0184102
-0.0190763
-0.0195512
-0.0198262
-0.0198955
-0.019756
-0.0194084
-0.0188562
-0.0181071
-0.0171721
-0.016066
-0.0148077
-0.0134194
-0.0119274
-0.0103616
-0.00875583
-0.00714758
-0.00557834
-0.0040937
-0.00274364
-0.0015829
-0.000671224
-7.37884e-05
0.000134556
0.000710339
0.00240341
0.00425288
0.0061697
0.00808627
0.00994951
0.011719
0.0133656
0.0148689
0.0162162
0.0174003
0.0184182
0.0192703
0.0199591
0.0204881
0.0208619
0.0210849
0.0211614
0.0210956
0.0208907
0.0205496
0.0200748
0.0194681
0.0187312
0.0178658
0.0168736
0.0157568
0.0145181
0.0131608
0.0116895
0.0101098
0.0084287
0.00665451
0.0047972
0.00286831
0.000881019
-0.00114992
-0.00320818
-0.00527601
-0.00733436
-0.00936308
-0.0113411
-0.0132468
-0.0150583
-0.0167535
-0.0183112
-0.0197104
-0.0209318
-0.0219575
-0.0227718
-0.0233612
-0.0237153
-0.0238268
-0.023692
-0.023311
-0.0226878
-0.0218308
-0.0207527
-0.0194706
-0.018006
-0.0163847
-0.0146372
-0.0127979
-0.0109058
-0.0090039
-0.00713941
-0.00536391
-0.0037333
-0.0023081
-0.0011534
-0.000339039
5.66203e-05
0.000957209
0.00310352
0.00536939
0.00766834
0.00993445
0.0121159
0.0141732
0.0160778
0.0178103
0.0193584
0.0207155
0.0218795
0.0228514
0.0236341
0.0242321
0.0246504
0.024894
0.0249678
0.0248762
0.024623
0.0242113
0.0236439
0.0229229
0.0220504
0.0210281
0.0198582
0.0185432
0.0170864
0.0154919
0.0137649
0.0119121
0.00994148
0.00786287
0.00568777
0.00342952
0.00110331
-0.00127387
-0.00368323
-0.00610435
-0.00851531
-0.0108929
-0.013213
-0.0154505
-0.0175803
-0.0195768
-0.0214153
-0.0230716
-0.0245232
-0.0257491
-0.0267307
-0.0274523
-0.0279012
-0.0280686
-0.0279496
-0.0275437
-0.0268553
-0.0258933
-0.0246719
-0.0232102
-0.0215328
-0.0196689
-0.017653
-0.0155244
-0.0133271
-0.0111098
-0.00892567
-0.00683219
-0.00489128
-0.00316922
-0.00173639
-0.000667158
-4.32722e-05
0.00123407
0.00388482
0.00661004
0.0093265
0.0119708
0.0144934
0.0168565
0.0190332
0.0210053
0.0227619
0.0242975
0.0256111
0.0267046
0.027582
0.0282485
0.0287097
0.0289715
0.0290392
0.0289177
0.0286112
0.0281233
0.0274567
0.026614
0.0255974
0.0244091
0.0230516
0.0215277
0.0198412
0.0179969
0.0160008
0.0138605
0.0115852
0.00918602
0.00667611
0.00407055
0.00138656
-0.00135659
-0.00413764
-0.00693347
-0.00971924
-0.0124686
-0.0151542
-0.0177475
-0.0202197
-0.0225418
-0.0246854
-0.0266229
-0.0283279
-0.0297764
-0.0309467
-0.0318201
-0.0323818
-0.0326208
-0.032531
-0.0321111
-0.0313651
-0.0303026
-0.0289391
-0.0272959
-0.0253999
-0.0232841
-0.0209871
-0.018553
-0.0160311
-0.0134758
-0.0109462
-0.008506
-0.00622326
-0.00417008
-0.00242226
-0.00105879
-0.000164988
0.00153982
0.00474463
0.00797102
0.0111397
0.0141905
0.0170767
0.0197634
0.0222259
0.024448
0.0264206
0.02814
0.0296066
0.0308235
0.0317961
0.0325304
0.0330332
0.0333108
0.0333693
0.0332142
0.0328499
0.0322804
0.0315089
0.030538
0.0293702
0.028008
0.0264541
0.0247119
0.0227855
0.0206804
0.0184033
0.0159628
0.0133692
0.0106349
0.00777457
0.0048051
0.00174569
-0.00138214
-0.00455466
-0.00774602
-0.0109284
-0.0140724
-0.0171471
-0.0201206
-0.0229603
-0.0256335
-0.0281079
-0.0303519
-0.0323357
-0.0340314
-0.0354138
-0.0364613
-0.0371561
-0.037485
-0.0374402
-0.0370191
-0.0362254
-0.0350689
-0.0335662
-0.0317402
-0.0296208
-0.0272444
-0.0246536
-0.0218974
-0.0190306
-0.0161133
-0.013211
-0.0103936
-0.00773554
-0.00531503
-0.00321351
-0.00151492
-0.000308564
0.00187336
0.00568011
0.00944821
0.0131028
0.0165877
0.0198599
0.0228877
0.0256494
0.0281317
0.0303278
0.0322362
0.033859
0.0352012
0.0362695
0.0370712
0.0376141
0.0379055
0.0379521
0.03776
0.0373341
0.0366786
0.0357971
0.0346925
0.0333675
0.0318247
0.0300672
0.0280987
0.0259238
0.0235485
0.0209802
0.0182283
0.0153043
0.0122218
0.00899696
0.00564831
0.00219702
-0.0013332
-0.00491616
-0.00852331
-0.0121239
-0.0156853
-0.0191731
-0.0225518
-0.0257849
-0.0288359
-0.0316683
-0.0342464
-0.0365362
-0.0385059
-0.0401264
-0.0413727
-0.0422237
-0.0426635
-0.042682
-0.0422751
-0.0414457
-0.0402036
-0.038566
-0.0365577
-0.034211
-0.0315655
-0.0286681
-0.0255728
-0.0223398
-0.0190354
-0.0157314
-0.0125044
-0.00943545
-0.00660927
-0.00411335
-0.00203704
-0.000474268
0.00223357
0.00668828
0.0110372
0.0152103
0.0191562
0.022836
0.0262222
0.0292965
0.0320491
0.034476
0.0365784
0.0383608
0.0398301
0.0409948
0.0418637
0.0424456
0.0427491
0.0427816
0.0425498
0.0420591
0.0413141
0.0403187
0.0390759
0.0375888
0.0358601
0.0338932
0.0316919
0.0292614
0.026608
0.02374
0.0206673
0.0174025
0.0139603
0.0103583
0.00661654
0.00275813
-0.00119115
-0.00520272
-0.00924537
-0.0132854
-0.0172869
-0.0212121
-0.0250217
-0.0286753
-0.0321321
-0.0353512
-0.0382927
-0.0409181
-0.0431911
-0.0450785
-0.046551
-0.0475841
-0.0481586
-0.0482616
-0.047887
-0.0470365
-0.0457194
-0.0439532
-0.0417643
-0.0391871
-0.0362647
-0.0330481
-0.0295961
-0.0259747
-0.0222566
-0.0185202
-0.0148491
-0.0113316
-0.00805914
-0.00512591
-0.00262729
-0.000662634
0.00261928
0.00776604
0.0127333
0.0174565
0.0218893
0.0259978
0.0297589
0.033159
0.0361917
0.0388568
0.0411584
0.0431038
0.0447023
0.0459642
0.0469003
0.0475207
0.0478351
0.0478518
0.0475782
0.0470204
0.0461833
0.045071
0.0436868
0.042034
0.0401154
0.0379346
0.0354958
0.0328042
0.0298667
0.026692
0.0232908
0.0196765
0.0158648
0.0118744
0.00772712
0.00344761
-0.0009363
-0.00539376
-0.00989096
-0.0143913
-0.0188558
-0.0232429
-0.0275097
-0.0316116
-0.0355034
-0.0391398
-0.042476
-0.0454688
-0.048077
-0.0502628
-0.0519921
-0.0532363
-0.0539724
-0.0541841
-0.0538629
-0.0530085
-0.0516294
-0.0497431
-0.0473769
-0.0445675
-0.0413609
-0.0378124
-0.0339858
-0.029953
-0.0257932
-0.0215919
-0.0174403
-0.013434
-0.00967228
-0.00625638
-0.00328856
-0.000874495
0.00302929
0.00891013
0.0145316
0.019835
0.0247796
0.029337
0.0334894
0.0372279
0.0405505
0.043461
0.0459671
0.048079
0.049809
0.0511695
0.0521731
0.0528318
0.0531564
0.0531563
0.0528397
0.0522133
0.0512823
0.0500513
0.0485238
0.046703
0.044592
0.0421945
0.0395148
0.0365584
0.0333324
0.0298459
0.0261102
0.0221393
0.01795
0.0135619
0.00899807
0.00428489
-0.000548027
-0.00546766
-0.0104377
-0.0154188
-0.0203687
-0.0252425
-0.0299932
-0.0345722
-0.0389297
-0.0430155
-0.0467798
-0.0501741
-0.0531521
-0.0556705
-0.0576904
-0.059178
-0.0601059
-0.060454
-0.0602105
-0.0593726
-0.0579472
-0.0559515
-0.0534134
-0.0503713
-0.0468743
-0.0429817
-0.0387623
-0.0342942
-0.0296634
-0.024963
-0.0202921
-0.0157546
-0.0114577
-0.00751111
-0.00402452
-0.001111
0.00346234
0.0101171
0.0164268
0.022339
0.0278193
0.0328451
0.0374044
0.0414936
0.0451157
0.0482788
0.0509946
0.0532769
0.0551407
0.0566013
0.0576734
0.0583707
0.0587054
0.0586883
0.0583282
0.0576325
0.0566071
0.0552567
0.0535849
0.0515953
0.0492909
0.0466754
0.0437532
0.0405299
0.0370128
0.0332112
0.029137
0.0248044
0.020231
0.0154374
0.0104478
0.00528988
-5.04461e-06
-0.00540196
-0.0108623
-0.0163439
-0.0218014
-0.0271865
-0.0324483
-0.0375339
-0.0423886
-0.0469574
-0.0511851
-0.0550175
-0.0584025
-0.061291
-0.0636383
-0.065405
-0.0665587
-0.0670744
-0.0669364
-0.0661387
-0.064686
-0.0625946
-0.0598923
-0.056619
-0.0528265
-0.0485779
-0.0439476
-0.0390196
-0.0338873
-0.0286518
-0.0234206
-0.0183066
-0.0134262
-0.00889769
-0.00483968
-0.00137361
0.00391711
0.0113834
0.0184134
0.0249616
0.031
0.0365128
0.041494
0.0459458
0.0498766
0.0532995
0.0562303
0.0586867
0.0606872
0.0622498
0.0633916
0.0641283
0.0644738
0.06444
0.0640369
0.0632723
0.0621529
0.0606834
0.0588679
0.0567098
0.0542124
0.0513792
0.0482145
0.0447241
0.0409151
0.0367971
0.032382
0.0276845
0.0227226
0.0175177
0.0120948
0.0064827
0.000714312
-0.00517364
-0.0111404
-0.0171413
-0.0231281
-0.0290489
-0.034849
-0.0404711
-0.0458557
-0.0509425
-0.0556706
-0.0599797
-0.0638115
-0.0671105
-0.0698255
-0.0719109
-0.073328
-0.0740466
-0.0740459
-0.0733159
-0.0718585
-0.069688
-0.066832
-0.0633311
-0.0592396
-0.0546245
-0.0495652
-0.0441524
-0.0384869
-0.0326784
-0.0268438
-0.0211054
-0.0155897
-0.010425
-0.00573942
-0.00166413
0.00439219
0.0127051
0.0204856
0.0276951
0.034313
0.0403302
0.0457475
0.0505733
0.0548219
0.0585115
0.0616626
0.0642973
0.0664374
0.0681042
0.0693175
0.070095
0.0704524
0.0704031
0.069958
0.0691259
0.0679137
0.0663268
0.0643693
0.0620446
0.059356
0.0563069
0.0529015
0.0491454
0.0450456
0.0406117
0.0358554
0.0307917
0.0254389
0.0198188
0.013957
0.00788331
0.00163175
-0.00475938
-0.0112474
-0.0177853
-0.024322
-0.0308023
-0.0371677
-0.0433563
-0.0493041
-0.0549448
-0.0602119
-0.0650385
-0.0693596
-0.0731125
-0.0762389
-0.0786861
-0.0804084
-0.0813692
-0.0815418
-0.0809113
-0.0794758
-0.0772468
-0.0742507
-0.0705287
-0.0661368
-0.0611458
-0.0556401
-0.0497173
-0.0434861
-0.0370653
-0.0305816
-0.0241682
-0.0179623
-0.0121032
-0.00673001
-0.00198472
0.00488609
0.0140782
0.022637
0.0305316
0.0377488
0.0442869
0.0501538
0.0553645
0.0599394
0.0639024
0.0672793
0.0700962
0.0723792
0.0741528
0.0754396
0.0762598
0.076631
0.0765679
0.0760828
0.0751852
0.0738827
0.072181
0.0700844
0.0675963
0.0647198
0.0614582
0.0578155
0.0537969
0.0494092
0.0446617
0.0395661
0.0341371
0.0283931
0.0223559
0.0160518
0.00951106
0.00276862
-0.00413594
-0.0111583
-0.0182493
-0.0253552
-0.0324179
-0.0393749
-0.0461601
-0.0527043
-0.0589358
-0.0647817
-0.0701684
-0.0750234
-0.0792765
-0.0828613
-0.0857172
-0.0877908
-0.0890376
-0.0894242
-0.0889297
-0.087547
-0.0852843
-0.0821657
-0.0782322
-0.0735412
-0.0681667
-0.0621984
-0.0557406
-0.0489104
-0.0418364
-0.034656
-0.0275139
-0.0205594
-0.0139439
-0.00781863
-0.00233784
0.00539722
0.0154984
0.0248612
0.0334627
0.0412975
0.0483718
0.0547008
0.0603066
0.0652162
0.0694592
0.0730669
0.0760703
0.0784996
0.0803828
0.0817456
0.0826107
0.0829979
0.0829235
0.082401
0.081441
0.0800516
0.0782387
0.076007
0.0733599
0.0703002
0.066831
0.062956
0.0586798
0.0540091
0.0489524
0.0435212
0.0377299
0.0315965
0.0251429
0.0183952
0.0113843
0.00414548
-0.00328058
-0.0108482
-0.0185066
-0.0261996
-0.0338659
-0.0414398
-0.0488508
-0.0560246
-0.0628839
-0.0693492
-0.0753399
-0.0807756
-0.0855778
-0.0896715
-0.092987
-0.0954619
-0.0970433
-0.0976895
-0.0973724
-0.0960788
-0.0938119
-0.0905929
-0.0864614
-0.0814757
-0.0757127
-0.0692671
-0.0622499
-0.0547871
-0.0470177
-0.0390907
-0.0311633
-0.0233981
-0.0159599
-0.00901333
-0.00272633
0.00592392
0.0169612
0.0271511
0.0364794
0.0449487
0.0525732
0.059376
0.0653865
0.0706384
0.0751678
0.0790114
0.0822055
0.0847844
0.0867802
0.0882217
0.0891346
0.0895405
0.0894578
0.0889013
0.0878824
0.0864101
0.0844908
0.0821291
0.0793284
0.0760916
0.0724211
0.0683203
0.0637933
0.058846
0.0534865
0.0477256
0.0415771
0.0350585
0.0281913
0.0210015
0.0135197
0.00578161
-0.00217154
-0.0102931
-0.0185307
-0.0268262
-0.0351158
-0.0433303
-0.051395
-0.0592308
-0.0667547
-0.0738805
-0.0805201
-0.0865849
-0.0919875
-0.0966433
-0.100473
-0.103404
-0.105373
-0.10633
-0.106237
-0.105074
-0.102838
-0.0995458
-0.0952345
-0.0899626
-0.0838091
-0.0768734
-0.0692736
-0.0611448
-0.0526367
-0.0439112
-0.035139
-0.0264971
-0.0181654
-0.0103231
-0.00315334
0.00646443
0.0184618
0.0294997
0.0395726
0.0486915
0.056879
0.0641662
0.0705901
0.0761916
0.0810133
0.0850977
0.0884864
0.0912185
0.09333
0.0948533
0.0958167
0.0962446
0.096157
0.0955701
0.0944968
0.0929465
0.0909261
0.0884405
0.085493
0.082086
0.078222
0.0739033
0.0691337
0.0639183
0.0582643
0.0521817
0.0456833
0.0387861
0.0315107
0.0238826
0.0159319
0.00769446
-0.000788537
-0.00946977
-0.0182958
-0.0272068
-0.0361367
-0.0450132
-0.0537578
-0.0622867
-0.070511
-0.078338
-0.0856718
-0.0924152
-0.0984714
-0.103745
-0.108147
-0.111593
-0.114008
-0.115332
-0.115516
-0.114532
-0.112367
-0.109035
-0.104567
-0.0990224
-0.0924803
-0.0850448
-0.0768408
-0.0680129
-0.0587225
-0.0491447
-0.0394652
-0.0298769
-0.0205758
-0.0117578
-0.0036224
0.00701689
0.0199952
0.0318993
0.0427325
0.0525144
0.0612763
0.0690575
0.0759028
0.0818606
0.08698
0.0913098
0.0948971
0.0977857
0.100016
0.101624
0.102641
0.103094
0.103006
0.102393
0.10127
0.0996467
0.0975314
0.0949287
0.0918419
0.0882731
0.0842243
0.0796972
0.0746948
0.0692213
0.0632829
0.0568885
0.05005
0.042783
0.0351074
0.0270476
0.0186331
0.00989909
0.000886617
-0.00835686
-0.0177773
-0.0273136
-0.0368978
-0.046455
-0.0559032
-0.065154
-0.0741131
-0.0826809
-0.0907539
-0.098226
-0.10499
-0.110941
-0.115975
-0.119999
-0.122924
-0.124676
-0.125197
-0.124445
-0.1224
-0.119067
-0.114473
-0.108674
-0.10175
-0.0938081
-0.0849809
-0.0754221
-0.0653052
-0.0548198
-0.0441677
-0.0335592
-0.023208
-0.0133281
-0.00413736
0.00757939
0.0215564
0.0343421
0.045949
0.0564056
0.0657519
0.0740355
0.0813094
0.0876293
0.0930514
0.0976309
0.10142
0.104469
0.106821
0.108517
0.109591
0.110073
0.109986
0.109352
0.108184
0.106495
0.104291
0.101579
0.0983609
0.0946395
0.0904157
0.0856909
0.0804669
0.0747469
0.0685359
0.0618417
0.0546748
0.0470495
0.0389843
0.0305024
0.0216321
0.0124076
0.00286945
-0.00693531
-0.0169524
-0.0271202
-0.0373692
-0.0476223
-0.0577945
-0.0677932
-0.0775189
-0.0868654
-0.0957215
-0.103972
-0.111499
-0.118186
-0.123918
-0.128586
-0.132088
-0.134337
-0.135259
-0.134801
-0.132931
-0.129644
-0.124961
-0.118932
-0.111638
-0.103189
-0.0937227
-0.0834028
-0.0724158
-0.0609663
-0.0492738
-0.0375672
-0.02608
-0.0150457
-0.00470242
0.00814994
0.0231399
0.03682
0.0492119
0.060353
0.0702921
0.0790854
0.0867941
0.0934813
0.0992105
0.104043
0.108038
0.111249
0.113726
0.115512
0.116646
0.11716
0.117081
0.116429
0.115222
0.113472
0.111187
0.108373
0.105033
0.101169
0.0967809
0.0918699
0.0864366
0.0804832
0.0740133
0.0670331
0.0595518
0.0515819
0.0431404
0.0342487
0.0249338
0.0152286
0.00517218
-0.00518898
-0.0158011
-0.0266022
-0.0375223
-0.0484824
-0.059395
-0.0701639
-0.0806847
-0.0908451
-0.100526
-0.109603
-0.117949
-0.125433
-0.131928
-0.137309
-0.141461
-0.144279
-0.145675
-0.14558
-0.143948
-0.140762
-0.136034
-0.129808
-0.122164
-0.113211
-0.103094
-0.0919858
-0.0800858
-0.0676152
-0.0548119
-0.0419254
-0.0292108
-0.016923
-0.00532213
0.00872649
0.0247404
0.0393248
0.0525105
0.0643441
0.0748829
0.084192
0.0923404
0.0993993
0.105439
0.110528
0.114731
0.118107
0.120711
0.122591
0.123787
0.124336
0.124267
0.123603
0.122362
0.120557
0.118198
0.115291
0.111838
0.107841
0.103301
0.0982162
0.0925871
0.0864146
0.0797008
0.0724503
0.0646705
0.0563721
0.0475701
0.0382842
0.0285392
0.0183663
0.00780312
-0.00310538
-0.0143063
-0.0257382
-0.0373307
-0.049004
-0.0606687
-0.0722256
-0.0835658
-0.0945714
-0.105116
-0.115067
-0.124284
-0.132626
-0.139951
-0.146119
-0.150997
-0.154463
-0.15641
-0.156753
-0.15543
-0.152409
-0.14769
-0.141309
-0.133341
-0.123895
-0.113121
-0.101201
-0.088347
-0.0747979
-0.0608116
-0.0466597
-0.0326208
-0.0189734
-0.00600135
0.00930698
0.0263522
0.041848
0.0558342
0.0683661
0.0795101
0.0893395
0.0979318
0.105366
0.111719
0.117067
0.12148
0.125023
0.127756
0.12973
0.130992
0.131579
0.131524
0.130851
0.129581
0.127728
0.125302
0.122309
0.118753
0.114634
0.109953
0.104708
0.0988974
0.0925211
0.0855798
0.0780762
0.0700158
0.0614073
0.0522634
0.0426014
0.0324442
0.0218206
0.010766
-0.000676268
-0.012455
-0.0245098
-0.036771
-0.0491583
-0.0615813
-0.0739383
-0.0861171
-0.0979945
-0.109438
-0.120304
-0.130444
-0.139704
-0.147926
-0.154955
-0.160638
-0.164835
-0.167419
-0.168285
-0.167351
-0.164567
-0.159921
-0.153435
-0.145178
-0.135259
-0.123828
-0.111076
-0.0972304
-0.0825462
-0.0673031
-0.0517969
-0.0363313
-0.0212109
-0.00674533
0.00988932
0.02797
0.0443813
0.0591721
0.0724065
0.0841593
0.0945123
0.103551
0.111363
0.118031
0.123639
0.128264
0.131975
0.134838
0.136909
0.138237
0.138864
0.138825
0.138148
0.136853
0.134957
0.132471
0.129401
0.125751
0.121521
0.116712
0.111319
0.105342
0.0987786
0.0916273
0.0838893
0.0755679
0.0666695
0.0572046
0.0471879
0.0366396
0.0255858
0.0140596
0.00210167
-0.0102388
-0.0229034
-0.0358235
-0.0489195
-0.0621006
-0.0752639
-0.0882941
-0.101064
-0.113435
-0.125255
-0.136367
-0.146601
-0.155787
-0.16375
-0.170321
-0.175336
-0.178648
-0.180127
-0.17967
-0.177208
-0.172707
-0.166179
-0.15768
-0.147314
-0.135234
-0.121638
-0.106766
-0.0908917
-0.0743173
-0.0573644
-0.0403646
-0.0236503
-0.00755961
0.0104714
0.0295882
0.0469164
0.0625137
0.0764525
0.0888161
0.0996946
0.109182
0.117371
0.124356
0.130225
0.135061
0.138941
0.141934
0.144102
0.145497
0.146166
0.146146
0.145466
0.144151
0.142217
0.139677
0.136538
0.132803
0.128473
0.123547
0.118021
0.111893
0.105159
0.0978156
0.089863
0.0813017
0.0721359
0.0623733
0.0520258
0.0411106
0.029651
0.017677
0.00522627
-0.00765476
-0.0209101
-0.0344731
-0.048266
-0.0621982
-0.0761665
-0.0900542
-0.10373
-0.117051
-0.129858
-0.141983
-0.153245
-0.163458
-0.17243
-0.179971
-0.185895
-0.19003
-0.192221
-0.19234
-0.190292
-0.186023
-0.179525
-0.170841
-0.160067
-0.147356
-0.13291
-0.116983
-0.0998654
-0.081885
-0.0633906
-0.0447438
-0.0263074
-0.00845009
0.0110513
0.0312014
0.0494452
0.0658484
0.0804917
0.0934664
0.104871
0.114806
0.123374
0.130675
0.136804
0.141851
0.145898
0.14902
0.151284
0.152747
0.153458
0.153457
0.152778
0.151445
0.149478
0.146889
0.143687
0.139876
0.135456
0.130425
0.12478
0.118516
0.111628
0.104113
0.0959662
0.0871875
0.0777782
0.0677431
0.0570912
0.0458366
0.0339991
0.0216053
0.00868939
-0.00470555
-0.0185267
-0.0327104
-0.0471811
-0.06185
-0.0766145
-0.0913572
-0.105945
-0.120231
-0.134049
-0.147223
-0.159561
-0.170861
-0.180913
-0.189507
-0.196432
-0.20149
-0.204498
-0.205299
-0.20377
-0.199829
-0.193447
-0.184648
-0.173518
-0.160204
-0.144912
-0.127906
-0.109497
-0.0900369
-0.0699042
-0.0494925
-0.0291982
-0.00942296
0.011627
0.0328045
0.0519598
0.0691663
0.0845122
0.0980965
0.110025
0.120407
0.129352
0.136967
0.143354
0.14861
0.152822
0.156072
0.15843
0.159959
0.160711
0.16073
0.160051
0.158703
0.156705
0.154072
0.150814
0.146934
0.142433
0.13731
0.131558
0.125174
0.118151
0.110482
0.102163
0.0931904
0.0835629
0.0732825
0.0623551
0.0507912
0.0386071
0.0258254
0.0124765
-0.00140041
-0.0157566
-0.0305319
-0.0456541
-0.0610372
-0.0765805
-0.0921673
-0.107664
-0.12292
-0.137766
-0.152017
-0.165471
-0.177911
-0.189112
-0.198839
-0.206858
-0.212942
-0.216877
-0.218474
-0.217578
-0.214076
-0.207909
-0.19908
-0.187658
-0.173781
-0.157657
-0.139558
-0.119815
-0.0988031
-0.0769337
-0.0546351
-0.0323396
-0.0104847
0.0121968
0.0343928
0.0544529
0.0724577
0.0885024
0.102693
0.115143
0.12597
0.135288
0.143214
0.149856
0.155316
0.15969
0.163064
0.165513
0.167104
0.167895
0.167932
0.167253
0.16589
0.163864
0.161191
0.157881
0.15394
0.149367
0.144161
0.138316
0.131827
0.124685
0.116883
0.108413
0.0992707
0.0894516
0.0789546
0.0677824
0.055942
0.0434455
0.0303118
0.0165666
0.0022447
-0.0126096
-0.0279409
-0.043681
-0.0597477
-0.0760436
-0.092454
-0.108846
-0.125068
-0.140948
-0.156295
-0.170896
-0.184523
-0.196933
-0.207869
-0.217074
-0.224288
-0.229265
-0.23178
-0.231641
-0.228699
-0.222861
-0.214102
-0.202467
-0.188083
-0.171154
-0.151958
-0.130843
-0.108212
-0.0845076
-0.0601962
-0.0357489
-0.0116422
0.0127588
0.0359617
0.0569178
0.075714
0.0924518
0.107244
0.120211
0.131477
0.141164
0.149396
0.156287
0.161947
0.166477
0.169969
0.172504
0.174154
0.174979
0.175031
0.174351
0.172972
0.170918
0.168207
0.164849
0.160852
0.156215
0.150936
0.145011
0.13843
0.131186
0.12327
0.114672
0.105385
0.095401
0.0847174
0.0733329
0.0612508
0.0484793
0.0350325
0.0209318
0.00620686
-0.00910322
-0.0249481
-0.0412649
-0.0579764
-0.0749894
-0.0921929
-0.109457
-0.12663
-0.143538
-0.159987
-0.175757
-0.190607
-0.204279
-0.216496
-0.226972
-0.23542
-0.241557
-0.245118
-0.245869
-0.243621
-0.238241
-0.229667
-0.217917
-0.203097
-0.185403
-0.165118
-0.142605
-0.118291
-0.0926538
-0.0662004
-0.0394438
-0.0129026
0.0133118
0.0375075
0.0593487
0.0789275
0.0963509
0.111738
0.125216
0.136914
0.146964
0.155494
0.162628
0.16848
0.173159
0.176762
0.179376
0.181077
0.181932
0.181993
0.181308
0.17991
0.177827
0.175078
0.171676
0.167627
0.162933
0.15759
0.151594
0.144937
0.137607
0.129596
0.120892
0.111484
0.101364
0.0905243
0.0789613
0.0666743
0.0536671
0.0399495
0.0255378
0.0104562
-0.00526187
-0.0215719
-0.0384171
-0.0557262
-0.0734117
-0.0913678
-0.109468
-0.127565
-0.145485
-0.16303
-0.179977
-0.196076
-0.211052
-0.224611
-0.236442
-0.246223
-0.253637
-0.258375
-0.260159
-0.258751
-0.253971
-0.245714
-0.233964
-0.218798
-0.200398
-0.179046
-0.155117
-0.129063
-0.101399
-0.0726723
-0.0434424
-0.014273
0.0138545
0.0390271
0.0617407
0.0820916
0.100192
0.116165
0.130145
0.142268
0.152672
0.161492
0.168858
0.174893
0.179711
0.183416
0.1861
0.187844
0.18872
0.188784
0.188087
0.186667
0.184552
0.181765
0.178318
0.17422
0.169473
0.164075
0.158019
0.151297
0.143898
0.13581
0.12702
0.117517
0.107289
0.0963246
0.0846178
0.0721639
0.0589626
0.0450189
0.0303438
0.0149558
-0.00111752
-0.0178384
-0.0351568
-0.0530085
-0.0713129
-0.0899707
-0.108862
-0.127842
-0.146743
-0.165366
-0.183485
-0.200843
-0.217154
-0.232106
-0.245363
-0.256573
-0.265378
-0.271428
-0.274392
-0.27398
-0.269957
-0.262169
-0.250552
-0.23515
-0.216121
-0.193741
-0.168392
-0.140551
-0.110768
-0.0796359
-0.0477627
-0.0157612
0.014386
0.0405182
0.0640902
0.0852014
0.103967
0.120517
0.134989
0.147526
0.158273
0.167372
0.174959
0.181165
0.18611
0.189905
0.192647
0.194423
0.195309
0.195368
0.194652
0.193202
0.191051
0.188222
0.184731
0.180585
0.175789
0.170341
0.164234
0.157459
0.150005
0.141858
0.133005
0.12343
0.113121
0.102064
0.0902487
0.077667
0.0643145
0.0501912
0.0353031
0.0196626
0.00329076
-0.0137816
-0.0315118
-0.0498437
-0.0687046
-0.0880034
-0.107628
-0.12744
-0.147277
-0.166944
-0.186214
-0.204828
-0.222489
-0.238871
-0.253615
-0.266339
-0.276647
-0.284141
-0.288437
-0.289185
-0.286092
-0.278939
-0.267609
-0.252101
-0.232543
-0.209192
-0.182436
-0.152771
-0.120784
-0.0871146
-0.0524229
-0.0173748
0.0149058
0.0419794
0.0663951
0.0882537
0.107674
0.124788
0.13974
0.152679
0.163755
0.173119
0.180913
0.187275
0.192332
0.196201
0.198987
0.200782
0.201667
0.201708
0.200963
0.199475
0.197281
0.194406
0.190866
0.186674
0.181831
0.176337
0.170187
0.163369
0.155874
0.147685
0.138788
0.129166
0.118804
0.107685
0.095797
0.0831272
0.0696673
0.0554127
0.0403637
0.0245272
0.00791724
-0.0094426
-0.0275178
-0.0462607
-0.0656079
-0.0854776
-0.105767
-0.126347
-0.147062
-0.167724
-0.188109
-0.207957
-0.226967
-0.2448
-0.261077
-0.275389
-0.287301
-0.296368
-0.302149
-0.304231
-0.302248
-0.295915
-0.285048
-0.269589
-0.249621
-0.22538
-0.197247
-0.165736
-0.131468
-0.0951306
-0.0574411
-0.0191217
0.015414
0.0434107
0.0686549
0.0912475
0.111308
0.128974
0.144392
0.157717
0.169107
0.178718
0.186702
0.193202
0.198353
0.20228
0.205092
0.20689
0.207757
0.207767
0.20698
0.205445
0.203199
0.20027
0.196679
0.192437
0.187548
0.182012
0.175824
0.168974
0.161449
0.153234
0.144313
0.134667
0.124278
0.11313
0.101204
0.0884854
0.0749623
0.0606252
0.0454693
0.0294951
0.0127101
-0.00486979
-0.0232185
-0.0422976
-0.0620536
-0.0824154
-0.103291
-0.124562
-0.146083
-0.167676
-0.189122
-0.210166
-0.230505
-0.24979
-0.26763
-0.283588
-0.297195
-0.307956
-0.315373
-0.318963
-0.318285
-0.312972
-0.302764
-0.287531
-0.267302
-0.242274
-0.212816
-0.179452
-0.142836
-0.103705
-0.062835
-0.02101
0.015911
0.0448135
0.0708716
0.0941842
0.114872
0.133074
0.148942
0.162636
0.17432
0.184159
0.19231
0.198927
0.204151
0.208114
0.210933
0.212713
0.213546
0.213508
0.212664
0.211068
0.208759
0.20577
0.20212
0.197825
0.192889
0.187314
0.181093
0.174218
0.166675
0.158449
0.149522
0.139874
0.129485
0.118336
0.106407
0.0936803
0.0801384
0.0657681
0.0505595
0.0345073
0.0176123
-0.000117574
-0.0186647
-0.0380004
-0.0580818
-0.0788493
-0.100223
-0.122097
-0.14434
-0.166784
-0.189221
-0.211403
-0.23303
-0.253751
-0.273161
-0.290806
-0.30618
-0.318746
-0.327943
-0.333217
-0.334044
-0.329966
-0.320633
-0.305829
-0.285513
-0.25983
-0.229123
-0.19392
-0.154901
-0.112856
-0.0686219
-0.0230479
0.0163979
0.0461908
0.0730491
0.0970685
0.118369
0.13709
0.153389
0.167432
0.179388
0.18943
0.197725
0.204433
0.209705
0.213679
0.216481
0.218221
0.218998
0.218892
0.217975
0.216302
0.213919
0.210857
0.207142
0.202788
0.197804
0.192189
0.18594
0.179047
0.171496
0.163272
0.154356
0.144727
0.134364
0.123245
0.111347
0.0986497
0.0851327
0.0707783
0.0555716
0.0395015
0.0225623
0.0047543
-0.0139137
-0.0334227
-0.0537412
-0.0748216
-0.0965973
-0.118978
-0.141845
-0.165045
-0.188386
-0.211628
-0.234482
-0.256598
-0.277566
-0.296914
-0.314111
-0.328574
-0.339686
-0.346816
-0.349352
-0.346736
-0.338513
-0.324367
-0.304166
-0.277989
-0.246138
-0.209132
-0.167674
-0.122601
-0.0748182
-0.0252433
0.0168767
0.0475476
0.0751947
0.0999081
0.121806
0.141029
0.157738
0.172105
0.184307
0.194524
0.202933
0.209703
0.214993
0.21895
0.221706
0.223381
0.224077
0.223882
0.222872
0.221105
0.218631
0.215486
0.211696
0.207278
0.20224
0.196586
0.190311
0.183405
0.175856
0.167647
0.158759
0.149169
0.138856
0.127794
0.115961
0.103331
0.0898819
0.0755916
0.0604407
0.0444127
0.0274954
0.00968175
-0.00902804
-0.028625
-0.0490886
-0.0703844
-0.0924597
-0.11524
-0.138622
-0.162471
-0.186611
-0.210819
-0.234817
-0.258264
-0.28075
-0.301796
-0.320846
-0.33728
-0.350425
-0.359574
-0.364022
-0.363104
-0.356243
-0.343008
-0.323156
-0.296678
-0.263818
-0.225071
-0.181155
-0.132955
-0.0814398
-0.0276047
0.01735
0.0488911
0.0773187
0.102715
0.125195
0.1449
0.161995
0.176658
0.189075
0.199435
0.207924
0.214722
0.219995
0.223901
0.226581
0.22816
0.228748
0.228439
0.227312
0.225433
0.222852
0.219609
0.215733
0.211242
0.206148
0.200452
0.194153
0.18724
0.179701
0.171519
0.162673
0.153142
0.142902
0.131926
0.120188
0.107662
0.0943229
0.0801438
0.0651015
0.0491746
0.0323446
0.0145975
-0.00407472
-0.0236729
-0.0441879
-0.0655978
-0.0878649
-0.110931
-0.134711
-0.159089
-0.18391
-0.208969
-0.234006
-0.258696
-0.282636
-0.305343
-0.32625
-0.344704
-0.35998
-0.371298
-0.377857
-0.378875
-0.373645
-0.361596
-0.342358
-0.315807
-0.282106
-0.241712
-0.195344
-0.143928
-0.0885014
-0.03014
0.0178217
0.0502314
0.0794354
0.105505
0.128552
0.148719
0.166173
0.1811
0.193696
0.20416
0.212689
0.219473
0.224691
0.228508
0.231075
0.232524
0.232973
0.232522
0.231255
0.22924
0.226534
0.223179
0.219205
0.214634
0.209476
0.203737
0.197414
0.190498
0.182977
0.174832
0.166045
0.15659
0.146444
0.13558
0.123969
0.111583
0.0983933
0.084371
0.0694887
0.0537202
0.0370416
0.0194323
0.00087622
-0.0186367
-0.0391083
-0.0605295
-0.0828773
-0.10611
-0.130163
-0.15494
-0.180308
-0.206088
-0.23204
-0.25786
-0.283161
-0.307467
-0.330203
-0.350695
-0.368174
-0.381791
-0.390648
-0.39384
-0.390519
-0.379956
-0.361626
-0.335266
-0.300933
-0.259018
-0.21023
-0.155528
-0.0960169
-0.0328576
0.0182967
0.0515815
0.0815636
0.108302
0.131901
0.152505
0.170287
0.185441
0.198175
0.208698
0.217221
0.223945
0.229061
0.232746
0.235158
0.23644
0.236716
0.236091
0.234656
0.232483
0.229632
0.226148
0.222063
0.217402
0.212175
0.20639
0.200044
0.193129
0.185632
0.177535
0.168819
0.159459
0.149429
0.138702
0.127247
0.115034
0.102033
0.0882108
0.0735379
0.0579833
0.0415182
0.0241158
0.00575285
-0.0135895
-0.0339236
-0.0552528
-0.0775684
-0.100846
-0.12504
-0.150078
-0.17585
-0.202203
-0.228927
-0.255741
-0.282282
-0.308091
-0.332596
-0.355112
-0.374836
-0.390855
-0.402179
-0.407779
-0.40665
-0.397891
-0.380794
-0.354928
-0.32021
-0.276942
-0.225798
-0.167759
-0.103999
-0.0357657
0.0187816
0.0529586
0.0837276
0.111131
0.135269
0.156285
0.17436
0.189698
0.202519
0.213049
0.221511
0.228122
0.233085
0.236588
0.2388
0.239872
0.239937
0.239105
0.237472
0.235116
0.232099
0.228468
0.224259
0.219497
0.214196
0.208361
0.201992
0.195082
0.187616
0.179578
0.170946
0.161697
0.151804
0.141237
0.129966
0.117958
0.105182
0.0916027
0.0771862
0.0618986
0.0457065
0.0285779
0.0104825
-0.00860632
-0.0287106
-0.0498454
-0.0720163
-0.0952154
-0.119417
-0.14457
-0.170593
-0.197361
-0.224693
-0.252343
-0.279978
-0.307162
-0.333341
-0.35783
-0.379802
-0.398295
-0.412231
-0.420457
-0.421805
-0.415183
-0.399673
-0.374643
-0.339835
-0.295423
-0.242023
-0.180623
-0.112459
-0.0388725
0.0192845
0.054384
0.0859579
0.114029
0.138692
0.160091
0.178418
0.193889
0.206741
0.217216
0.225556
0.231992
0.236742
0.240007
0.241967
0.242783
0.242594
0.241519
0.239657
0.23709
0.233885
0.23009
0.225744
0.220871
0.215488
0.209602
0.203211
0.196308
0.18888
0.18091
0.172376
0.163254
0.153517
0.143134
0.132073
0.120302
0.107786
0.0944884
0.0803732
0.065403
0.0495406
0.0327492
0.0149929
-0.00376239
-0.0235474
-0.044388
-0.0663029
-0.0893002
-0.113373
-0.138494
-0.164608
-0.19162
-0.219385
-0.247692
-0.276247
-0.304647
-0.332369
-0.358738
-0.382923
-0.403922
-0.420584
-0.431633
-0.435736
-0.431594
-0.418053
-0.394241
-0.359682
-0.314386
-0.258872
-0.194116
-0.121408
-0.0421868
0.0198159
0.0558848
0.0882926
0.11704
0.142213
0.163964
0.182494
0.198038
0.210853
0.221203
0.229347
0.235537
0.240007
0.242971
0.244622
0.245131
0.244643
0.243285
0.241162
0.238357
0.23494
0.230964
0.226466
0.221474
0.216004
0.210063
0.203651
0.196759
0.189377
0.181485
0.173062
0.164083
0.15452
0.144343
0.133519
0.122014
0.109791
0.0968126
0.0830409
0.0684357
0.0529566
0.0365627
0.0192131
0.000867651
-0.0185123
-0.0389622
-0.0605129
-0.0831873
-0.106997
-0.131936
-0.157977
-0.185055
-0.213064
-0.241832
-0.271109
-0.300537
-0.329632
-0.357749
-0.384064
-0.407559
-0.427019
-0.441059
-0.448181
-0.446865
-0.435698
-0.413526
-0.379609
-0.33374
-0.276303
-0.20823
-0.130856
-0.0457175
0.0203887
0.0574945
0.0907787
0.120216
0.145887
0.167951
0.186627
0.202174
0.214872
0.225012
0.232877
0.23874
0.242853
0.245446
0.246725
0.246871
0.246037
0.244355
0.241934
0.238864
0.235213
0.231037
0.226375
0.221255
0.215693
0.209696
0.203265
0.19639
0.18906
0.181257
0.172958
0.164138
0.154769
0.14482
0.134257
0.123044
0.111146
0.0985227
0.0851342
0.0709387
0.0558932
0.0399535
0.0230746
0.00521107
-0.0136823
-0.0336495
-0.0547317
-0.0769654
-0.100379
-0.124988
-0.15079
-0.177753
-0.205807
-0.234825
-0.264606
-0.294845
-0.325107
-0.354795
-0.383112
-0.409039
-0.431323
-0.448485
-0.458865
-0.460718
-0.452347
-0.432277
-0.399448
-0.353379
-0.294264
-0.222955
-0.140812
-0.0494745
0.0210195
0.0592547
0.0934739
0.123622
0.149775
0.172107
0.190861
0.206325
0.218813
0.228644
0.236133
0.241576
0.245246
0.247391
0.248229
0.247951
0.24672
0.244671
0.241919
0.238553
0.234647
0.230255
0.225418
0.220162
0.214505
0.208453
0.202005
0.195154
0.187886
0.180182
0.172021
0.163377
0.15422
0.144519
0.13424
0.123348
0.111804
0.0995691
0.0866013
0.0728576
0.0582928
0.0428604
0.026512
0.00919805
-0.00913197
-0.0285291
-0.0490436
-0.0707236
-0.0936126
-0.117746
-0.143144
-0.169807
-0.197703
-0.226749
-0.256798
-0.287604
-0.318796
-0.349834
-0.379972
-0.408216
-0.433295
-0.453658
-0.467502
-0.472854
-0.467713
-0.450244
-0.419006
-0.373176
-0.312691
-0.238275
-0.151288
-0.0534687
0.0217285
0.0612171
0.0964486
0.127335
0.153953
0.176497
0.195244
0.210523
0.222688
0.232096
0.239097
0.244014
0.247145
0.248756
0.249079
0.248314
0.246631
0.244172
0.241053
0.237365
0.233183
0.228561
0.223538
0.218142
0.212389
0.206283
0.199825
0.193004
0.185808
0.178217
0.170208
0.161755
0.152829
0.143398
0.133427
0.122881
0.11172
0.0999055
0.0873939
0.0741412
0.0601013
0.0452256
0.0294637
0.0127627
-0.00493202
-0.023677
-0.04353
-0.0645488
-0.08679
-0.110306
-0.135139
-0.16132
-0.18885
-0.217696
-0.247763
-0.278872
-0.310722
-0.342849
-0.374577
-0.40496
-0.432743
-0.456331
-0.473798
-0.482954
-0.481481
-0.467145
-0.438062
-0.392983
-0.33151
-0.254172
-0.162294
-0.0577129
0.0225417
0.0634454
0.0997885
0.131447
0.158506
0.181192
0.199829
0.214798
0.226505
0.235357
0.241739
0.246012
0.248497
0.24948
0.249207
0.247889
0.245701
0.242787
0.239267
0.235232
0.230756
0.225891
0.220677
0.215139
0.20929
0.203137
0.196675
0.189895
0.182783
0.175319
0.167478
0.159234
0.150559
0.141418
0.131779
0.121603
0.110854
0.0994892
0.0874671
0.0747428
0.0612691
0.0469965
0.0318732
0.0158442
-0.00114812
-0.0191643
-0.0382676
-0.0585239
-0.0800003
-0.102763
-0.126876
-0.152394
-0.179355
-0.207767
-0.237593
-0.268722
-0.300932
-0.333849
-0.366882
-0.399167
-0.429495
-0.456261
-0.477452
-0.490679
-0.493306
-0.482663
-0.456359
-0.412627
-0.350632
-0.270624
-0.173847
-0.0622228
0.0234913
0.0660187
0.103598
0.136068
0.163534
0.18627
0.204667
0.219174
0.230264
0.2384
0.244017
0.24751
0.249232
0.249486
0.248534
0.246593
0.243845
0.240436
0.236483
0.232079
0.227294
0.222179
0.216771
0.211092
0.205154
0.198961
0.192507
0.185781
0.178768
0.171445
0.163791
0.155775
0.14737
0.138542
0.129257
0.119478
0.109166
0.0982814
0.086781
0.0746202
0.0617517
0.0481257
0.0336897
0.0183877
0.00216043
-0.0150554
-0.0333269
-0.0527257
-0.0733271
-0.0952095
-0.118453
-0.143134
-0.169323
-0.19707
-0.226392
-0.257245
-0.289496
-0.322865
-0.356873
-0.390759
-0.423396
-0.453217
-0.47816
-0.495673
-0.502809
-0.496442
-0.473602
-0.431902
-0.36995
-0.287606
-0.185964
-0.067018
0.0246186
0.0690352
0.108003
0.141327
0.169147
0.191813
0.209805
0.223664
0.233945
0.241181
0.245863
0.248428
0.249258
0.248678
0.246959
0.244328
0.240967
0.237023
0.232612
0.227822
0.222719
0.217352
0.211752
0.205939
0.199923
0.193702
0.18727
0.180615
0.173718
0.166557
0.159108
0.151342
0.143229
0.134736
0.125829
0.116472
0.106625
0.0962487
0.085301
0.0737374
0.0615112
0.0485728
0.0348698
0.0203463
0.00494234
-0.0114065
-0.0287698
-0.0472227
-0.0668462
-0.0877277
-0.10996
-0.13364
-0.158862
-0.185717
-0.21427
-0.244547
-0.2765
-0.309957
-0.344562
-0.379683
-0.414318
-0.446981
-0.475617
-0.497558
-0.509576
-0.508074
-0.489446
-0.450566
-0.389338
-0.305093
-0.198675
-0.0721242
0.0259759
0.0726172
0.113157
0.147371
0.175466
0.197901
0.215279
0.228261
0.237504
0.243626
0.247182
0.248655
0.248456
0.24693
0.244359
0.240972
0.236952
0.232442
0.227552
0.222366
0.216944
0.211329
0.205547
0.199614
0.193535
0.187305
0.180916
0.174351
0.167592
0.160616
0.153395
0.145901
0.138105
0.129972
0.121468
0.112558
0.103203
0.0933641
0.0829996
0.0720661
0.0605177
0.048306
0.0353793
0.0216825
0.00715619
-0.00826394
-0.024648
-0.042073
-0.0606233
-0.0803921
-0.101482
-0.124003
-0.148075
-0.173817
-0.201343
-0.230741
-0.262049
-0.295206
-0.329989
-0.365922
-0.40216
-0.437356
-0.469523
-0.495942
-0.513153
-0.5171
-0.503485
-0.468326
-0.408642
-0.323052
-0.212016
-0.0775754
0.0276309
0.0769179
0.119242
0.154371
0.182619
0.204605
0.221101
0.232923
0.240856
0.245619
0.247836
0.248039
0.24667
0.244088
0.240583
0.236382
0.231664
0.226565
0.221187
0.215606
0.209873
0.204024
0.19808
0.192048
0.185929
0.179715
0.173394
0.166948
0.160353
0.153587
0.146621
0.139427
0.131973
0.124226
0.116153
0.107718
0.0988829
0.0896102
0.0798594
0.0695882
0.0587522
0.0473045
0.0351951
0.0223705
0.00877273
-0.00566122
-0.0210006
-0.0373221
-0.0547115
-0.0732648
-0.0930901
-0.114309
-0.137056
-0.161478
-0.187727
-0.21595
-0.246264
-0.278716
-0.313227
-0.349492
-0.38686
-0.424172
-0.459588
-0.490418
-0.513046
-0.522994
-0.51524
-0.484823
-0.427672
-0.341449
-0.226042
-0.0834182
0.0296714
0.0821292
0.126481
0.162516
0.19073
0.211971
0.227242
0.237557
0.24386
0.246982
0.247628
0.246376
0.243695
0.239954
0.235443
0.230383
0.224944
0.219249
0.213389
0.207427
0.201405
0.195349
0.18927
0.183171
0.177046
0.170883
0.164663
0.158367
0.15197
0.145446
0.138766
0.131902
0.12482
0.117489
0.109876
0.101944
0.0936587
0.0849822
0.0758759
0.0662991
0.0562094
0.045562
0.0343091
0.0223995
0.00977767
-0.00361693
-0.0178514
-0.0330006
-0.0491492
-0.0663935
-0.0848442
-0.104628
-0.125892
-0.148801
-0.173539
-0.2003
-0.229274
-0.260613
-0.294377
-0.330446
-0.368392
-0.407298
-0.445544
-0.480574
-0.508718
-0.525153
-0.524135
-0.499609
-0.446178
-0.360238
-0.240826
-0.0897175
0.0322137
0.0884941
0.135134
0.17201
0.199903
0.219997
0.233603
0.24199
0.24629
0.247462
0.24629
0.243397
0.239271
0.234283
0.228714
0.222772
0.216609
0.210331
0.204013
0.197704
0.191432
0.185211
0.179043
0.172921
0.166834
0.160764
0.154688
0.148584
0.142424
0.13618
0.129823
0.123323
0.116648
0.109765
0.102643
0.0952469
0.0875421
0.0794929
0.0710625
0.0622123
0.0529023
0.0430902
0.0327311
0.0217767
0.0101749
-0.00213162
-0.0152065
-0.0291214
-0.0439579
-0.05981
-0.0767875
-0.0950192
-0.114657
-0.135878
-0.158888
-0.183921
-0.211225
-0.241045
-0.273576
-0.308885
-0.346785
-0.386649
-0.427157
-0.466001
-0.499593
-0.522887
-0.529474
-0.512116
-0.463831
-0.379353
-0.256471
-0.0965647
0.035414
0.0963208
0.145507
0.183054
0.210195
0.228595
0.23998
0.245933
0.247805
0.246692
0.243456
0.238752
0.233072
0.226778
0.220131
0.213314
0.206454
0.199637
0.192914
0.186315
0.179853
0.173528
0.167331
0.161247
0.155256
0.149333
0.143455
0.137592
0.131716
0.125798
0.119806
0.113711
0.10748
0.101083
0.0944871
0.0876599
0.0805684
0.0731787
0.0654561
0.0573647
0.048867
0.0399239
0.0304937
0.0205319
0.00999016
-0.0011846
-0.0130516
-0.0256777
-0.03914
-0.053528
-0.0689476
-0.0855251
-0.103412
-0.122792
-0.143883
-0.166944
-0.192269
-0.220182
-0.250996
-0.284959
-0.322131
-0.362209
-0.404249
-0.446313
-0.485065
-0.515415
-0.530409
-0.521606
-0.480174
-0.398687
-0.273116
-0.104093
0.0394878
0.106003
0.157946
0.195817
0.221564
0.237535
0.246
0.248926
0.247907
0.244173
0.238645
0.231995
0.224698
0.217087
0.209388
0.20175
0.194265
0.186988
0.179946
0.173145
0.16658
0.160236
0.154092
0.148123
0.1423
0.136595
0.130978
0.125417
0.119881
0.11434
0.108762
0.103117
0.0973739
0.0915017
0.08547
0.0792477
0.0728037
0.0661065
0.0591237
0.0518225
0.0441685
0.0361258
0.0276568
0.0187209
0.00927444
-0.000730915
-0.011349
-0.022641
-0.0346778
-0.0475427
-0.061335
-0.076175
-0.0922097
-0.10962
-0.128628
-0.149505
-0.172577
-0.198222
-0.226854
-0.258878
-0.294599
-0.334051
-0.376726
-0.421181
-0.464521
-0.501856
-0.525911
-0.527112
-0.494556
-0.418055
-0.290943
-0.112497
0.0447414
0.118044
0.172819
0.210379
0.233786
0.246353
0.251047
0.250279
0.245892
0.239231
0.231244
0.222582
0.213679
0.204814
0.19616
0.187816
0.179833
0.172226
0.164993
0.158114
0.151565
0.145314
0.139326
0.133568
0.128004
0.122599
0.117318
0.112129
0.106997
0.101893
0.0967832
0.0916385
0.0864287
0.0811243
0.0756963
0.0701157
0.0643538
0.0583816
0.0521696
0.0456882
0.0389063
0.0317922
0.024312
0.01643
0.00810726
-0.000698977
-0.0100366
-0.0199602
-0.0305333
-0.0418313
-0.0539448
-0.0669851
-0.0810899
-0.0964316
-0.113227
-0.131747
-0.152331
-0.175391
-0.201411
-0.230926
-0.264455
-0.302364
-0.344619
-0.390375
-0.437383
-0.481257
-0.514738
-0.527356
-0.506019
-0.437113
-0.310176
-0.122074
0.0516261
0.133084
0.190466
0.226612
0.246315
0.254219
0.254145
0.248986
0.240803
0.231
0.2205
0.209882
0.1995
0.18955
0.180131
0.171279
0.162992
0.155244
0.147997
0.141207
0.134825
0.128806
0.123103
0.117672
0.112471
0.107461
0.102604
0.097864
0.0932081
0.0886039
0.0840207
0.079429
0.0748003
0.0701071
0.0653223
0.0604196
0.0553726
0.0501555
0.044742
0.0391059
0.03322
0.0270565
0.0205862
0.013778
0.00659839
-0.000989535
-0.00902717
-0.0175619
-0.0266492
-0.036355
-0.0467599
-0.0579631
-0.0700896
-0.0832978
-0.0977904
-0.113828
-0.131742
-0.151956
-0.174992
-0.201471
-0.232084
-0.267494
-0.308136
-0.353834
-0.403179
-0.45263
-0.495427
-0.520654
-0.513143
-0.455217
-0.331059
-0.133287
0.060836
0.151915
0.211066
0.243968
0.25806
0.259747
0.253831
0.243652
0.231397
0.218431
0.205558
0.193226
0.181655
0.17093
0.161056
0.151992
0.143678
0.136042
0.129012
0.122516
0.116488
0.110867
0.105596
0.100624
0.0959044
0.0913936
0.0870527
0.0828455
0.0787385
0.0747004
0.0707018
0.0667149
0.0627135
0.0586722
0.0545668
0.0503736
0.0460696
0.0416321
0.0370384
0.0322659
0.0272917
0.0220921
0.0166425
0.0109169
0.00488726
-0.00147719
-0.00821112
-0.0153543
-0.0229534
-0.0310644
-0.0397563
-0.0491146
-0.0592484
-0.0702975
-0.0824438
-0.0959249
-0.111052
-0.128232
-0.147989
-0.170984
-0.198016
-0.229979
-0.267726
-0.311763
-0.361659
-0.415069
-0.466326
-0.504817
-0.513807
-0.471162
-0.353762
-0.146866
0.0734758
0.175436
0.234346
0.261091
0.267029
0.260743
0.24801
0.232447
0.216176
0.200356
0.185558
0.172012
0.159761
0.148746
0.138863
0.129992
0.122009
0.114802
0.108266
0.102307
0.0968445
0.0918055
0.0871271
0.0827537
0.0786362
0.0747309
0.0709988
0.0674047
0.0639167
0.0605055
0.0571441
0.0538076
0.0504723
0.0471161
0.0437178
0.0402572
0.0367147
0.0330711
0.0293077
0.0254058
0.0213464
0.0171105
0.0126781
0.00802824
0.00313852
-0.00201582
-0.00746257
-0.0132337
-0.0193671
-0.0259083
-0.0329136
-0.040454
-0.0486204
-0.0575307
-0.0673404
-0.0782556
-0.0905518
-0.104597
-0.120884
-0.140058
-0.162955
-0.190602
-0.224166
-0.264759
-0.312971
-0.367934
-0.425736
-0.47711
-0.50489
-0.482722
-0.378125
-0.163951
0.0913207
0.204417
0.25895
0.275166
0.269866
0.25397
0.233915
0.213201
0.193556
0.175706
0.15985
0.145924
0.133751
0.123117
0.113808
0.105628
0.0984035
0.0919861
0.0862494
0.0810866
0.0764075
0.072136
0.0682069
0.0645651
0.0611626
0.0579581
0.0549153
0.052002
0.0491896
0.0464524
0.043767
0.0411118
0.0384671
0.0358144
0.0331361
0.0304158
0.0276377
0.0247864
0.0218472
0.0188053
0.0156462
0.0123549
0.00891626
0.00531431
0.00153193
-0.00244969
-0.00665168
-0.0110985
-0.015819
-0.0208486
-0.0262308
-0.0320214
-0.038292
-0.0451368
-0.0526809
-0.0610928
-0.0706006
-0.0815163
-0.0942667
-0.109435
-0.127811
-0.150439
-0.178645
-0.213974
-0.25792
-0.311202
-0.372243
-0.434415
-0.482006
-0.485943
-0.403028
-0.186191
0.117234
0.238722
0.281157
0.280906
0.261345
0.235092
0.208352
0.183802
0.162319
0.143948
0.128397
0.115269
0.104165
0.0947332
0.0866712
0.079731
0.0737103
0.0684451
0.0638026
0.0596751
0.0559744
0.0526284
0.0495771
0.0467707
0.0441669
0.0417299
0.0394289
0.037237
0.0351306
0.0330889
0.0310931
0.0291262
0.0271727
0.0252183
0.0232497
0.0212543
0.0192203
0.0171364
0.0149917
0.0127754
0.010477
0.0080859
0.00559123
0.00298165
0.000245082
-0.00263173
-0.00566376
-0.00886833
-0.0122661
-0.0158824
-0.0197487
-0.0239057
-0.0284059
-0.0333189
-0.0387384
-0.0447912
-0.0516519
-0.0595626
-0.0688622
-0.0800271
-0.0937284
-0.110905
-0.132851
-0.161278
-0.198277
-0.245961
-0.305348
-0.373707
-0.439408
-0.474159
-0.425181
-0.215876
0.156131
0.275089
0.291984
0.268807
0.233907
0.199027
0.168432
0.14302
0.122382
0.10574
0.092306
0.0814002
0.0724735
0.0650958
0.0589351
0.0537362
0.0493024
0.0454819
0.0421561
0.0392321
0.0366362
0.0343092
0.0322033
0.0302794
0.028505
0.0268529
0.0253002
0.0238271
0.0224165
0.0210534
0.0197244
0.0184177
0.0171225
0.0158289
0.0145278
0.0132108
0.0118701
0.010498
0.00908741
0.00763137
0.00612305
0.00455564
0.00292223
0.00121563
-0.000571807
-0.00244844
-0.00442379
-0.00650888
-0.00871697
-0.0110643
-0.0135716
-0.0162651
-0.0191798
-0.0223617
-0.0258736
-0.0298009
-0.0342626
-0.0394257
-0.0455277
-0.0529107
-0.0620715
-0.0737377
-0.0889768
-0.109342
-0.137031
-0.174952
-0.226329
-0.292941
-0.370146
-0.436581
-0.436771
-0.256244
0.213989
0.300599
0.272376
0.223957
0.178793
0.14195
0.113583
0.0922025
0.0761062
0.0638878
0.0544966
0.0471726
0.0413722
0.036707
0.0328985
0.0297446
0.0270973
0.0248466
0.0229096
0.0212232
0.0197384
0.018417
0.0172285
0.0161484
0.0151566
0.0142367
0.0133748
0.0125591
0.0117797
0.0110277
0.0102955
0.00957619
0.00886371
0.00815249
0.00743747
0.00671395
0.00597759
0.00522428
0.00445016
0.00365147
0.0028246
0.00196595
0.00107188
0.000138607
-0.000837835
-0.00186187
-0.00293848
-0.00407351
-0.00527405
-0.00654886
-0.00790912
-0.00936929
-0.0109485
-0.0126724
-0.0145757
-0.0167065
-0.0191319
-0.0219469
-0.0252883
-0.0293563
-0.0344491
-0.0410184
-0.0497613
-0.0617701
-0.0787735
-0.103491
-0.140014
-0.193639
-0.268269
-0.357424
-0.419017
-0.305816
0.266009
0.275956
0.198597
0.138936
0.0984648
0.0710665
0.0526645
0.0402608
0.0317401
0.025733
0.0213808
0.0181422
0.0156705
0.0137398
0.0121994
0.0109469
0.00991081
0.00904025
0.00829813
0.00765695
0.00709592
0.00659904
0.00615383
0.00575036
0.00538063
0.00503809
0.00471731
0.00441374
0.00412347
0.00384314
0.00356982
0.00330092
0.00303413
0.00276737
0.00249874
0.00222653
0.00194912
0.00166503
0.00137286
0.00107125
0.000758925
0.000434593
9.69646e-05
-0.000255214
-0.000623417
-0.00100922
-0.00141442
-0.00184112
-0.00229193
-0.00277013
-0.00327993
-0.00382684
-0.00441818
-0.00506386
-0.00577737
-0.00657739
-0.00749015
-0.008553
-0.00982011
-0.0113716
-0.0133289
-0.0158809
-0.0193308
-0.0241843
-0.0313195
-0.0423285
-0.0601788
-0.0903349
-0.141897
-0.2255
-0.331008
-0.319485
0.142935
0.125432
0.0767436
0.0457848
0.028022
0.017653
0.0115782
0.00799236
0.00581832
0.00444645
0.00354121
0.00291655
0.00246696
0.00213095
0.00187152
0.00166558
0.0014982
0.00135934
0.00124202
0.00114129
0.00105348
0.00097586
0.000906327
0.000843233
0.000785267
0.000731365
0.000680649
0.000632386
0.000585952
0.00054081
0.000496495
0.000452596
0.000408748
0.000364624
0.00031993
0.000274396
0.000227778
0.000179848
0.000130395
7.92173e-05
2.61229e-05
-2.90829e-05
-8.66022e-05
-0.000146545
-0.0002092
-0.000274807
-0.00034364
-0.00041604
-0.000492441
-0.000573399
-0.000659647
-0.00075216
-0.000852251
-0.000961704
-0.00108297
-0.00121946
-0.00137596
-0.00155931
-0.00177952
-0.00205145
-0.00239797
-0.0028555
-0.00348473
-0.00439277
-0.00578227
-0.00806643
-0.0121427
-0.0200324
-0.0362275
-0.069559
-0.12766
-0.152141
)
;

boundaryField
{
    movingWall
    {
        type            calculated;
        value           uniform 0;
    }
    fixedWalls
    {
        type            calculated;
        value           uniform 0;
    }
    frontAndBack
    {
        type            empty;
    }
}


// ************************************************************************* //
