/*--------------------------------*- C++ -*----------------------------------*\
  =========                 |
  \\      /  F ield         | OpenFOAM: The Open Source CFD Toolbox
   \\    /   O peration     | Website:  https://openfoam.org
    \\  /    A nd           | Version:  dev
     \\/     M anipulation  |
\*---------------------------------------------------------------------------*/
FoamFile
{
    format      ascii;
    class       volScalarField;
    location    "32.85";
    object      Ux;
}
// * * * * * * * * * * * * * * * * * * * * * * * * * * * * * * * * * * * * * //

dimensions      [0 1 -1 0 0 0 0];

internalField   nonuniform List<scalar> 
5184
(
1.23203e-05
4.51632e-05
8.03378e-05
9.59981e-05
8.21698e-05
3.64761e-05
-4.05386e-05
-0.000146857
-0.000279687
-0.000435969
-0.000612581
-0.000806491
-0.00101483
-0.00123494
-0.00146435
-0.0017008
-0.00194223
-0.00218672
-0.00243249
-0.00267784
-0.00292118
-0.00316095
-0.00339561
-0.00362364
-0.00384352
-0.0040537
-0.00425263
-0.00443873
-0.00461042
-0.00476613
-0.0049043
-0.0050234
-0.00512197
-0.00519864
-0.00525213
-0.00528135
-0.00528534
-0.00526338
-0.00521496
-0.00513986
-0.00503814
-0.00491017
-0.00475667
-0.00457867
-0.0043776
-0.0041552
-0.00391356
-0.00365512
-0.0033826
-0.00309901
-0.00280758
-0.00251174
-0.00221506
-0.0019212
-0.00163382
-0.00135658
-0.001093
-0.000846462
-0.000620109
-0.000416793
-0.000239012
-8.8844e-05
3.2123e-05
0.000122875
0.00018308
0.000213241
0.000214944
0.000191242
0.000147164
9.08063e-05
3.66335e-05
6.2286e-06
2.08474e-05
6.56332e-05
9.47381e-05
7.28402e-05
-1.88979e-05
-0.000187288
-0.000432914
-0.000752559
-0.00114068
-0.0015905
-0.00209467
-0.00264573
-0.00323638
-0.00385963
-0.00450887
-0.00517791
-0.00586094
-0.00655251
-0.0072475
-0.00794102
-0.00862838
-0.009305
-0.00996643
-0.0106082
-0.011226
-0.0118154
-0.0123719
-0.0128911
-0.0133687
-0.0138003
-0.0141817
-0.0145088
-0.0147776
-0.0149846
-0.0151264
-0.0152003
-0.0152038
-0.0151353
-0.0149935
-0.0147781
-0.0144895
-0.0141288
-0.0136984
-0.013201
-0.0126408
-0.0120226
-0.011352
-0.0106359
-0.00988143
-0.00909682
-0.00829074
-0.00747238
-0.00665126
-0.00583713
-0.00503977
-0.00426884
-0.00353373
-0.00284336
-0.00220601
-0.00162916
-0.00111928
-0.000681677
-0.00032026
-3.73147e-05
0.000166794
0.000293987
0.000349015
0.000340147
0.000279878
0.000186063
8.63781e-05
1.96843e-05
1.76386e-05
4.13404e-05
1.96191e-05
-8.39727e-05
-0.000290227
-0.000607889
-0.00103822
-0.0015774
-0.00221828
-0.00295165
-0.00376726
-0.00465438
-0.00560228
-0.00660052
-0.00763903
-0.00870825
-0.0097991
-0.010903
-0.0120117
-0.0131173
-0.0142124
-0.0152895
-0.0163414
-0.0173609
-0.018341
-0.0192746
-0.0201547
-0.0209744
-0.0217267
-0.0224049
-0.0230024
-0.023513
-0.0239307
-0.0242499
-0.024466
-0.0245745
-0.0245721
-0.0244564
-0.0242257
-0.0238798
-0.0234195
-0.022847
-0.0221656
-0.0213804
-0.0204974
-0.0195243
-0.0184702
-0.0173451
-0.0161604
-0.0149287
-0.0136631
-0.0123778
-0.0110873
-0.00980645
-0.00855009
-0.00733295
-0.00616928
-0.00507261
-0.00405548
-0.00312917
-0.00230341
-0.0015861
-0.00098298
-0.000497274
-0.000129297
0.000124023
0.000269783
0.00031983
0.000291297
0.000207415
0.00010246
2.49796e-05
8.84237e-06
-7.00305e-06
-0.000107568
-0.000322346
-0.000669583
-0.00115769
-0.00178741
-0.00255398
-0.00344885
-0.004461
-0.00557793
-0.00678646
-0.00807317
-0.00942479
-0.0108284
-0.0122717
-0.0137426
-0.0152298
-0.0167223
-0.0182097
-0.0196816
-0.0211281
-0.0225394
-0.0239059
-0.0252181
-0.0264665
-0.0276417
-0.0287345
-0.0297357
-0.0306365
-0.0314282
-0.0321028
-0.0326525
-0.0330704
-0.0333502
-0.0334866
-0.0334755
-0.0333138
-0.0329998
-0.0325333
-0.0319158
-0.0311501
-0.030241
-0.0291951
-0.0280206
-0.0267275
-0.0253276
-0.0238341
-0.0222618
-0.0206269
-0.0189467
-0.0172392
-0.0155232
-0.0138179
-0.0121426
-0.010516
-0.0089567
-0.00748202
-0.00610812
-0.00484949
-0.00371864
-0.00272567
-0.00187791
-0.00117949
-0.000630878
-0.000228372
3.65065e-05
0.000177656
0.000214802
0.000174112
9.30355e-05
2.40291e-05
-2.12211e-06
-6.72849e-05
-0.000264101
-0.000609759
-0.00111676
-0.00179131
-0.00263242
-0.00363372
-0.00478508
-0.00607378
-0.00748547
-0.00900491
-0.0106165
-0.0123047
-0.0140542
-0.0158501
-0.0176782
-0.0195245
-0.0213757
-0.0232189
-0.0250414
-0.0268309
-0.0285754
-0.0302629
-0.0318817
-0.0334201
-0.0348665
-0.0362098
-0.0374388
-0.0385427
-0.0395113
-0.0403346
-0.0410037
-0.0415101
-0.0418467
-0.0420072
-0.0419869
-0.0417822
-0.0413915
-0.0408147
-0.0400537
-0.0391123
-0.0379964
-0.0367139
-0.0352749
-0.0336915
-0.0319778
-0.0301498
-0.0282252
-0.0262232
-0.0241644
-0.0220706
-0.0199641
-0.0178677
-0.0158043
-0.0137966
-0.0118664
-0.0100346
-0.0083204
-0.00674114
-0.00531178
-0.00404445
-0.002948
-0.00202759
-0.00128415
-0.000713918
-0.000307907
-5.13396e-05
7.66623e-05
0.000103604
6.75121e-05
1.96668e-05
-1.36938e-05
-0.00013283
-0.000435822
-0.000924641
-0.00160391
-0.0024762
-0.00353767
-0.00477962
-0.00618996
-0.00775416
-0.0094561
-0.0112787
-0.0132045
-0.0152159
-0.0172958
-0.019427
-0.0215933
-0.0237786
-0.0259675
-0.0281448
-0.0302959
-0.0324062
-0.0344618
-0.0364485
-0.0383525
-0.0401604
-0.0418587
-0.0434342
-0.0448741
-0.046166
-0.047298
-0.0482589
-0.0490384
-0.0496269
-0.0500164
-0.0501999
-0.050172
-0.049929
-0.0494692
-0.0487927
-0.0479018
-0.0468011
-0.0454973
-0.0439998
-0.04232
-0.0404718
-0.0384715
-0.0363371
-0.0340891
-0.0317492
-0.029341
-0.0268892
-0.0244193
-0.0219572
-0.0195293
-0.0171613
-0.0148781
-0.0127037
-0.0106602
-0.00876736
-0.00704255
-0.00549985
-0.00414973
-0.00299856
-0.0020481
-0.00129509
-0.000730748
-0.000340345
-0.000102921
9.16026e-06
3.25015e-05
1.36222e-05
-2.51867e-05
-0.000200013
-0.00061408
-0.00125291
-0.00211204
-0.00318931
-0.00447716
-0.00596386
-0.00763493
-0.0094738
-0.0114625
-0.0135822
-0.0158137
-0.0181378
-0.0205353
-0.0229877
-0.0254765
-0.0279841
-0.0304931
-0.0329864
-0.0354476
-0.0378603
-0.0402085
-0.0424764
-0.0446485
-0.0467093
-0.0486438
-0.0504372
-0.0520751
-0.0535436
-0.0548295
-0.0559203
-0.0568046
-0.057472
-0.0579133
-0.0581212
-0.0580896
-0.0578148
-0.0572947
-0.0565297
-0.0555224
-0.0542779
-0.0528039
-0.0511107
-0.049211
-0.0471202
-0.0448561
-0.042439
-0.0398912
-0.037237
-0.0345023
-0.0317145
-0.0289018
-0.0260931
-0.0233175
-0.0206038
-0.0179797
-0.0154719
-0.0131052
-0.0109019
-0.00888173
-0.00706067
-0.00545099
-0.00406055
-0.00289234
-0.00194407
-0.00120781
-0.000669595
-0.000309226
-9.98618e-05
-7.71262e-06
6.86159e-06
-3.63413e-05
-0.000266944
-0.000793752
-0.00158564
-0.00262844
-0.00391461
-0.00543217
-0.00716583
-0.00909827
-0.0112106
-0.0134829
-0.0158946
-0.0184247
-0.0210525
-0.0237574
-0.0265189
-0.0293173
-0.0321332
-0.0349477
-0.037742
-0.040498
-0.0431977
-0.0458236
-0.0483582
-0.0507843
-0.053085
-0.0552437
-0.0572442
-0.0590706
-0.0607079
-0.0621416
-0.063358
-0.0643448
-0.0650905
-0.0655854
-0.0658214
-0.0657922
-0.0654933
-0.0649229
-0.0640813
-0.0629712
-0.0615983
-0.0599708
-0.0580996
-0.0559987
-0.0536846
-0.0511766
-0.0484964
-0.0456683
-0.0427185
-0.0396752
-0.036568
-0.0334278
-0.030286
-0.0271742
-0.0241241
-0.021166
-0.0183295
-0.0156418
-0.0131279
-0.0108097
-0.00870543
-0.00682938
-0.00519117
-0.00379538
-0.00264119
-0.001722
-0.00102525
-0.000532109
-0.00021722
-5.04615e-05
-8.38766e-08
-4.70607e-05
-0.000332639
-0.000971838
-0.0019172
-0.00314472
-0.00464104
-0.00638934
-0.00837033
-0.0105635
-0.0129475
-0.0155001
-0.0181989
-0.0210214
-0.0239453
-0.0269485
-0.0300092
-0.0331062
-0.0362187
-0.0393264
-0.0424092
-0.0454474
-0.0484218
-0.0513132
-0.0541028
-0.056772
-0.0593027
-0.0616767
-0.0638767
-0.0658855
-0.0676869
-0.0692652
-0.0706059
-0.0716956
-0.072522
-0.0730747
-0.0733448
-0.0733256
-0.0730124
-0.0724029
-0.0714973
-0.0702985
-0.0688123
-0.0670472
-0.0650149
-0.0627299
-0.0602097
-0.0574748
-0.0545483
-0.0514558
-0.0482255
-0.0448874
-0.0414733
-0.0380162
-0.0345501
-0.0311091
-0.0277274
-0.0244383
-0.0212738
-0.0182638
-0.015436
-0.0128148
-0.0104208
-0.00827054
-0.00637576
-0.00474301
-0.00337334
-0.00226196
-0.00139817
-0.000764996
-0.000339009
-9.41853e-05
-6.94371e-06
-5.73346e-05
-0.000396617
-0.0011466
-0.00224408
-0.0036553
-0.00536095
-0.00733908
-0.00956614
-0.0120182
-0.014671
-0.0175002
-0.0204814
-0.0235904
-0.0268034
-0.030097
-0.0334481
-0.0368343
-0.0402336
-0.0436242
-0.0469851
-0.0502952
-0.0535341
-0.0566814
-0.0597171
-0.0626214
-0.0653747
-0.067958
-0.0703526
-0.0725404
-0.074504
-0.0762267
-0.077693
-0.0788886
-0.0798005
-0.0804174
-0.0807298
-0.0807304
-0.0804139
-0.0797777
-0.0788218
-0.0775488
-0.0759646
-0.0740778
-0.0719004
-0.0694473
-0.0667369
-0.0637903
-0.0606318
-0.0572883
-0.0537895
-0.0501671
-0.0464548
-0.0426879
-0.0389026
-0.0351357
-0.0314237
-0.0278027
-0.0243075
-0.020971
-0.0178235
-0.0148921
-0.0122001
-0.00976668
-0.00760596
-0.00572687
-0.00413269
-0.00282086
-0.00178288
-0.00100402
-0.000463015
-0.000138067
-1.3602e-05
-6.71817e-05
-0.000458654
-0.00131703
-0.00256405
-0.00415647
-0.006069
-0.00827447
-0.0107449
-0.0134527
-0.0163707
-0.0194721
-0.0227306
-0.0261204
-0.029616
-0.0331927
-0.0368265
-0.0404936
-0.044171
-0.047836
-0.0514662
-0.0550399
-0.0585352
-0.0619309
-0.0652058
-0.0683392
-0.0713104
-0.0740993
-0.0766863
-0.0790521
-0.0811784
-0.0830476
-0.0846433
-0.0859503
-0.0869546
-0.0876443
-0.0880091
-0.0880409
-0.0877338
-0.0870847
-0.0860931
-0.0847613
-0.0830948
-0.0811022
-0.0787955
-0.0761899
-0.0733039
-0.0701596
-0.0667818
-0.0631987
-0.0594411
-0.0555424
-0.0515382
-0.0474656
-0.0433633
-0.0392703
-0.0352262
-0.0312697
-0.0274384
-0.0237684
-0.0202929
-0.017042
-0.0140422
-0.0113154
-0.00887853
-0.0067433
-0.00491558
-0.00339537
-0.00217672
-0.00124731
-0.000588225
-0.000181779
-2.00323e-05
-7.66258e-05
-0.000518645
-0.00148254
-0.00287567
-0.00464568
-0.00676138
-0.00919039
-0.0119002
-0.0148595
-0.0180381
-0.0214068
-0.0249372
-0.0286016
-0.0323734
-0.0362265
-0.0401357
-0.0440763
-0.0480243
-0.0519561
-0.0558484
-0.0596785
-0.0634239
-0.0670622
-0.0705715
-0.07393
-0.0771162
-0.0801092
-0.0828882
-0.0854333
-0.0877251
-0.0897453
-0.0914763
-0.092902
-0.0940079
-0.0947809
-0.0952099
-0.095286
-0.0950026
-0.0943557
-0.0933442
-0.0919697
-0.0902373
-0.0881553
-0.0857352
-0.0829923
-0.0799452
-0.0766162
-0.0730309
-0.0692182
-0.06521
-0.0610413
-0.0567492
-0.0523729
-0.0479532
-0.043532
-0.0391513
-0.034853
-0.0306778
-0.026665
-0.0228511
-0.0192697
-0.0159504
-0.0129186
-0.0101943
-0.0077924
-0.00572165
-0.00398495
-0.00257914
-0.00149452
-0.000714481
-0.000225322
-2.62608e-05
-8.56873e-05
-0.000576539
-0.00164274
-0.00317797
-0.0051211
-0.00743526
-0.0100829
-0.013027
-0.0162326
-0.0196664
-0.0232967
-0.0270929
-0.0310258
-0.0350671
-0.0391899
-0.0433676
-0.0475748
-0.0517866
-0.0559785
-0.0601266
-0.0642074
-0.0681976
-0.0720742
-0.0758144
-0.0793956
-0.0827958
-0.0859929
-0.0889656
-0.0916931
-0.094155
-0.0963321
-0.0982062
-0.0997601
-0.100978
-0.101847
-0.102354
-0.102489
-0.102245
-0.101617
-0.100602
-0.0992023
-0.0974213
-0.0952667
-0.0927497
-0.089885
-0.0866912
-0.0831905
-0.0794089
-0.075376
-0.0711246
-0.0666908
-0.0621135
-0.0574339
-0.052695
-0.0479413
-0.0432177
-0.0385693
-0.0340403
-0.0296733
-0.0255087
-0.0215837
-0.0179317
-0.0145818
-0.0115575
-0.00887723
-0.0065531
-0.00459115
-0.00299123
-0.00174635
-0.000842232
-0.000268918
-3.23461e-05
-9.43807e-05
-0.000632298
-0.00179736
-0.00347019
-0.00558134
-0.00808841
-0.0109489
-0.0141213
-0.017567
-0.0212497
-0.025135
-0.0291905
-0.0333851
-0.0376893
-0.0420748
-0.0465143
-0.0509814
-0.0554505
-0.0598965
-0.0642949
-0.0686215
-0.0728523
-0.0769638
-0.0809326
-0.0847355
-0.0883497
-0.0917526
-0.0949219
-0.0978362
-0.100474
-0.102816
-0.104843
-0.106536
-0.107879
-0.108857
-0.109456
-0.109667
-0.109479
-0.108887
-0.107888
-0.106481
-0.10467
-0.102461
-0.0998642
-0.0968939
-0.0935682
-0.0899091
-0.0859427
-0.0816988
-0.0772111
-0.0725168
-0.0676563
-0.0626728
-0.0576115
-0.0525197
-0.0474454
-0.042437
-0.0375425
-0.0328083
-0.0282788
-0.0239955
-0.0199959
-0.0163131
-0.0129748
-0.0100032
-0.00741414
-0.00521713
-0.00341525
-0.00200432
-0.000972355
-0.000312937
-3.83662e-05
-0.000102714
-0.000685877
-0.00194614
-0.00375171
-0.00602519
-0.00871894
-0.0117856
-0.0151795
-0.0188583
-0.0227826
-0.0269158
-0.0312233
-0.0356724
-0.0402322
-0.0448735
-0.0495678
-0.0542883
-0.0590085
-0.0637029
-0.0683463
-0.0729142
-0.0773821
-0.081726
-0.085922
-0.0899463
-0.0937757
-0.0973868
-0.100757
-0.103864
-0.106685
-0.109201
-0.111391
-0.113235
-0.114716
-0.115818
-0.116527
-0.11683
-0.116718
-0.116181
-0.115217
-0.113823
-0.112001
-0.109757
-0.107098
-0.10404
-0.100598
-0.0967945
-0.0926552
-0.08821
-0.0834933
-0.0785431
-0.0734012
-0.0681128
-0.0627255
-0.0572892
-0.0518553
-0.0464759
-0.0412028
-0.0360869
-0.0311769
-0.0265188
-0.0221549
-0.0181228
-0.0144549
-0.0111774
-0.00831047
-0.00586727
-0.00385437
-0.00227053
-0.00110603
-0.000357852
-4.44116e-05
-0.000110689
-0.000737216
-0.00208882
-0.00402192
-0.00645155
-0.00932511
-0.0125906
-0.0161982
-0.0201023
-0.0242604
-0.0286335
-0.033185
-0.0378808
-0.0426886
-0.0475781
-0.0525202
-0.0574872
-0.0624523
-0.0673893
-0.0722728
-0.0770779
-0.0817796
-0.0863537
-0.0907759
-0.095022
-0.0990682
-0.102891
-0.106467
-0.109772
-0.112786
-0.115485
-0.117849
-0.119857
-0.121492
-0.122735
-0.12357
-0.123985
-0.123967
-0.123506
-0.122598
-0.121238
-0.119426
-0.117166
-0.114466
-0.111338
-0.107797
-0.103864
-0.0995652
-0.0949295
-0.0899918
-0.0847909
-0.07937
-0.0737759
-0.0680588
-0.0622715
-0.0564687
-0.0507064
-0.0450408
-0.0395273
-0.0342196
-0.0291689
-0.0244225
-0.020023
-0.016008
-0.0124085
-0.00924897
-0.00654686
-0.00431241
-0.0025475
-0.00124466
-0.000404205
-5.05799e-05
-0.000118298
-0.000786233
-0.00222512
-0.00428019
-0.00685933
-0.00990523
-0.0133615
-0.0171745
-0.0212951
-0.0256783
-0.0302826
-0.0350695
-0.0400034
-0.0450509
-0.0501807
-0.055363
-0.0605694
-0.0657728
-0.0709466
-0.0760652
-0.0811031
-0.0860356
-0.0908378
-0.0954854
-0.0999538
-0.104219
-0.108257
-0.112043
-0.115555
-0.118768
-0.121662
-0.124212
-0.126399
-0.128202
-0.129602
-0.130583
-0.131129
-0.131226
-0.130863
-0.130032
-0.128728
-0.126949
-0.124696
-0.121976
-0.118797
-0.115176
-0.111131
-0.106687
-0.101873
-0.0967234
-0.0912783
-0.0855816
-0.079682
-0.0736319
-0.0674871
-0.0613061
-0.0551488
-0.049076
-0.0431483
-0.0374248
-0.0319621
-0.0268133
-0.0220268
-0.0176455
-0.0137058
-0.0102373
-0.00726183
-0.00479369
-0.00283803
-0.00138978
-0.000452585
-5.69734e-05
-0.000125529
-0.000832824
-0.00235471
-0.00452584
-0.00724738
-0.0104576
-0.014096
-0.0181052
-0.022433
-0.0270317
-0.0318576
-0.0368705
-0.0420334
-0.0473116
-0.0526731
-0.0580874
-0.0635257
-0.0689603
-0.0743647
-0.0797128
-0.0849792
-0.0901389
-0.0951671
-0.100039
-0.10473
-0.109216
-0.113472
-0.117475
-0.121199
-0.124622
-0.127719
-0.130469
-0.132848
-0.134835
-0.136411
-0.137556
-0.138252
-0.138486
-0.138243
-0.137514
-0.13629
-0.134567
-0.132345
-0.129626
-0.12642
-0.122739
-0.118601
-0.114028
-0.10905
-0.1037
-0.0980191
-0.0920516
-0.0858479
-0.0794628
-0.0729551
-0.0663869
-0.0598226
-0.0533279
-0.0469688
-0.0408103
-0.0349152
-0.0293428
-0.0241478
-0.0193793
-0.0150797
-0.0112838
-0.0080186
-0.00530282
-0.00314516
-0.00154304
-0.000503614
-6.36969e-05
-0.000132364
-0.000876863
-0.00247723
-0.00475816
-0.00761452
-0.0109805
-0.0147917
-0.0189872
-0.023512
-0.0283159
-0.0333531
-0.0385818
-0.0439636
-0.0494629
-0.0550467
-0.0606842
-0.066346
-0.0720043
-0.0776323
-0.0832039
-0.0886938
-0.0940768
-0.0993281
-0.104423
-0.109337
-0.114045
-0.118523
-0.122746
-0.12669
-0.13033
-0.133642
-0.136602
-0.139188
-0.141375
-0.143143
-0.144472
-0.145341
-0.145733
-0.145634
-0.14503
-0.14391
-0.142269
-0.140102
-0.137411
-0.134202
-0.130484
-0.126273
-0.121591
-0.116465
-0.110929
-0.105022
-0.0987912
-0.0922869
-0.0855666
-0.0786919
-0.0717287
-0.0647461
-0.0578149
-0.0510072
-0.0443941
-0.0380453
-0.0320268
-0.0264005
-0.0212221
-0.0165406
-0.0123971
-0.00882389
-0.00584467
-0.00347205
-0.00170617
-0.000557931
-7.08573e-05
-0.00013878
-0.000918205
-0.00259226
-0.00497635
-0.00795949
-0.011472
-0.015446
-0.0198174
-0.0245283
-0.0295263
-0.0347637
-0.0401971
-0.0457869
-0.0514967
-0.0572927
-0.0631436
-0.0690198
-0.0748934
-0.0807373
-0.0865257
-0.0922331
-0.0978346
-0.103305
-0.108621
-0.113757
-0.118688
-0.12339
-0.127838
-0.132007
-0.135872
-0.139408
-0.142591
-0.145396
-0.147799
-0.149777
-0.151308
-0.15237
-0.152944
-0.153012
-0.152558
-0.151569
-0.150036
-0.147952
-0.145315
-0.142128
-0.138398
-0.134138
-0.129369
-0.124115
-0.11841
-0.112291
-0.105806
-0.0990077
-0.0919541
-0.0847104
-0.0773463
-0.0699353
-0.0625541
-0.0552807
-0.0481933
-0.0413688
-0.0348808
-0.0287989
-0.0231864
-0.0180995
-0.013586
-0.00968462
-0.00642426
-0.00382196
-0.00188093
-0.000616194
-7.8562e-05
-0.000144753
-0.000956691
-0.00269937
-0.00517959
-0.00828098
-0.0119303
-0.0160565
-0.0205925
-0.0254778
-0.0306579
-0.0360835
-0.0417098
-0.0474959
-0.0534047
-0.0594018
-0.0654555
-0.0715361
-0.0776154
-0.0836666
-0.0896639
-0.0955819
-0.101396
-0.107082
-0.112615
-0.11797
-0.123124
-0.128051
-0.132726
-0.137125
-0.141221
-0.14499
-0.148406
-0.151444
-0.154077
-0.156282
-0.158034
-0.15931
-0.160088
-0.160347
-0.160069
-0.159238
-0.157841
-0.155868
-0.153313
-0.150177
-0.146463
-0.142181
-0.13735
-0.131991
-0.126135
-0.119822
-0.113097
-0.106013
-0.0986318
-0.0910199
-0.083251
-0.0754035
-0.0675599
-0.0598048
-0.0522238
-0.0449015
-0.03792
-0.0313572
-0.0252848
-0.0197672
-0.0148596
-0.0106078
-0.00704665
-0.00419819
-0.0020691
-0.000679064
-8.69196e-05
-0.000150253
-0.000992152
-0.0027981
-0.00536703
-0.00857764
-0.0123536
-0.0166206
-0.0213092
-0.0263565
-0.0317062
-0.0373071
-0.0431133
-0.0490831
-0.0551784
-0.0613645
-0.0676093
-0.073883
-0.0801576
-0.0864062
-0.0926032
-0.0987238
-0.104743
-0.110638
-0.116383
-0.121955
-0.127329
-0.132481
-0.137385
-0.142016
-0.14635
-0.150358
-0.154016
-0.157297
-0.160174
-0.162621
-0.164612
-0.166122
-0.167125
-0.1676
-0.167524
-0.166878
-0.165645
-0.163813
-0.161371
-0.158317
-0.154649
-0.150375
-0.14551
-0.140072
-0.134091
-0.127604
-0.120656
-0.113301
-0.1056
-0.0976242
-0.0894499
-0.0811605
-0.0728444
-0.064593
-0.0564997
-0.0486579
-0.0411585
-0.0340888
-0.0275296
-0.0215543
-0.0162268
-0.0116004
-0.00771695
-0.00460408
-0.00227251
-0.000747212
-9.60389e-05
-0.000155252
-0.00102441
-0.00288799
-0.00553779
-0.00884812
-0.0127397
-0.0171359
-0.0219644
-0.0271605
-0.0326661
-0.0384287
-0.0444011
-0.0505408
-0.0568092
-0.0631711
-0.0695942
-0.0760487
-0.0825065
-0.0889413
-0.0953276
-0.101641
-0.107857
-0.113953
-0.119904
-0.125687
-0.131278
-0.136651
-0.141784
-0.146649
-0.151222
-0.155475
-0.159382
-0.162915
-0.166048
-0.168751
-0.170997
-0.172759
-0.17401
-0.174723
-0.174874
-0.174441
-0.173402
-0.171742
-0.169446
-0.166505
-0.162917
-0.158685
-0.153817
-0.148331
-0.142253
-0.135617
-0.128469
-0.120859
-0.112853
-0.104522
-0.095945
-0.0872116
-0.0784155
-0.0696554
-0.061033
-0.0526507
-0.0446093
-0.0370061
-0.0299323
-0.0234713
-0.0176962
-0.0126693
-0.00844023
-0.00504295
-0.00249296
-0.000821308
-0.00010603
-0.000159721
-0.0010533
-0.00296856
-0.00569103
-0.0090911
-0.013087
-0.0175997
-0.0225548
-0.0278858
-0.033533
-0.0394427
-0.0455667
-0.0518617
-0.0582886
-0.0648118
-0.0713991
-0.0780206
-0.0846485
-0.0912567
-0.0978202
-0.104315
-0.110717
-0.117004
-0.123153
-0.129139
-0.134941
-0.140532
-0.145889
-0.150987
-0.1558
-0.1603
-0.164461
-0.168254
-0.171651
-0.174622
-0.177138
-0.17917
-0.180687
-0.181661
-0.182065
-0.181871
-0.181057
-0.179599
-0.177482
-0.174691
-0.171218
-0.167062
-0.162228
-0.156728
-0.150586
-0.143833
-0.13651
-0.12867
-0.120377
-0.111703
-0.102732
-0.093557
-0.0842771
-0.0749989
-0.0658327
-0.0568905
-0.0482837
-0.0401207
-0.0325039
-0.0255278
-0.0192763
-0.0138213
-0.00922148
-0.0055181
-0.00273224
-0.000902025
-0.000117003
-0.000163628
-0.00107864
-0.00303938
-0.00582592
-0.00930529
-0.0133936
-0.0180097
-0.0230775
-0.0285287
-0.0343024
-0.0403437
-0.0466037
-0.0530382
-0.0596079
-0.066277
-0.0730131
-0.0797865
-0.0865696
-0.0933368
-0.100064
-0.106726
-0.113302
-0.119769
-0.126104
-0.132284
-0.138287
-0.144089
-0.149666
-0.154992
-0.160042
-0.164789
-0.169206
-0.173263
-0.176931
-0.180179
-0.182977
-0.185293
-0.187094
-0.18835
-0.18903
-0.189103
-0.188542
-0.18732
-0.185416
-0.182811
-0.179491
-0.175451
-0.170689
-0.165215
-0.159046
-0.15221
-0.144747
-0.136706
-0.128149
-0.119153
-0.109801
-0.100191
-0.0904279
-0.080626
-0.0709043
-0.061385
-0.0521909
-0.0434423
-0.0352541
-0.027733
-0.0209749
-0.0150629
-0.0100656
-0.00603278
-0.00299216
-0.000990035
-0.000129069
-0.000166948
-0.00110029
-0.00310004
-0.00594171
-0.00948953
-0.0136578
-0.0183637
-0.0235296
-0.0290857
-0.03497
-0.0411267
-0.047506
-0.0540634
-0.0607591
-0.0675571
-0.0744252
-0.0813339
-0.0882558
-0.0951658
-0.10204
-0.108856
-0.11559
-0.122223
-0.128731
-0.135093
-0.141286
-0.147288
-0.153075
-0.158622
-0.163905
-0.168895
-0.173565
-0.177887
-0.181829
-0.185361
-0.188449
-0.191061
-0.193162
-0.194719
-0.195696
-0.196062
-0.195782
-0.194828
-0.193172
-0.19079
-0.187664
-0.183781
-0.179135
-0.17373
-0.167577
-0.1607
-0.153134
-0.144927
-0.136139
-0.126845
-0.117132
-0.1071
-0.0968605
-0.0865342
-0.0762493
-0.0661388
-0.0563376
-0.046979
-0.0381914
-0.0300952
-0.0227996
-0.0164002
-0.0109772
-0.00659016
-0.00327448
-0.00108601
-0.000142343
-0.000169656
-0.00111809
-0.00315017
-0.00603773
-0.00964281
-0.0138783
-0.0186599
-0.0239086
-0.0295537
-0.035532
-0.0417869
-0.0482681
-0.0549306
-0.0617343
-0.0686432
-0.0756252
-0.0826508
-0.0896935
-0.0967284
-0.103732
-0.110683
-0.11756
-0.124341
-0.131006
-0.137534
-0.143903
-0.150092
-0.156077
-0.161835
-0.16734
-0.172566
-0.177486
-0.182069
-0.186285
-0.190102
-0.193486
-0.196403
-0.198816
-0.200688
-0.201983
-0.202664
-0.202694
-0.202039
-0.200666
-0.198546
-0.195655
-0.191973
-0.187489
-0.1822
-0.176111
-0.169239
-0.161616
-0.153285
-0.144304
-0.134745
-0.124698
-0.114265
-0.103561
-0.092715
-0.0818642
-0.0711525
-0.0607275
-0.0507365
-0.0413226
-0.0326214
-0.0247569
-0.017839
-0.0119608
-0.00719332
-0.00358093
-0.00119061
-0.000156939
-0.000171731
-0.00113195
-0.00318948
-0.00611347
-0.0097643
-0.0140538
-0.0188965
-0.0242125
-0.02993
-0.035985
-0.0423204
-0.0488852
-0.055634
-0.0625266
-0.069527
-0.0766032
-0.0837261
-0.0908696
-0.0980093
-0.105123
-0.112189
-0.119188
-0.126099
-0.132902
-0.139577
-0.146105
-0.152464
-0.158632
-0.164585
-0.170301
-0.175751
-0.18091
-0.185748
-0.190233
-0.194334
-0.198015
-0.201241
-0.203974
-0.206175
-0.207804
-0.208821
-0.209185
-0.208859
-0.207803
-0.205984
-0.20337
-0.199936
-0.195663
-0.19054
-0.184567
-0.177754
-0.170125
-0.161719
-0.15259
-0.142809
-0.132462
-0.121655
-0.110508
-0.0991538
-0.0877403
-0.0764224
-0.0653609
-0.0547179
-0.0446527
-0.0353175
-0.0268528
-0.0193845
-0.0130207
-0.00784522
-0.00391322
-0.00130452
-0.000172974
-0.000173159
-0.00114178
-0.00321777
-0.00616855
-0.00985343
-0.0141835
-0.0190725
-0.0244397
-0.0302126
-0.0363266
-0.0427238
-0.049353
-0.0561684
-0.0631297
-0.070201
-0.0773504
-0.0845493
-0.0917718
-0.0989947
-0.106196
-0.113356
-0.120454
-0.127472
-0.134392
-0.141194
-0.147859
-0.154367
-0.160698
-0.166829
-0.172737
-0.178396
-0.183781
-0.188861
-0.193607
-0.197985
-0.20196
-0.205495
-0.208552
-0.211089
-0.213065
-0.214435
-0.215157
-0.215186
-0.21448
-0.212999
-0.210705
-0.207566
-0.203555
-0.198654
-0.192853
-0.186157
-0.178581
-0.170157
-0.160934
-0.150979
-0.140377
-0.129233
-0.11767
-0.105828
-0.0938626
-0.0819395
-0.0702337
-0.0589231
-0.0481843
-0.0381877
-0.0290921
-0.0210414
-0.0141606
-0.00854867
-0.00427299
-0.00142837
-0.000190568
-0.000173931
-0.00114754
-0.00323495
-0.0062028
-0.0099099
-0.0142669
-0.0191872
-0.0245894
-0.0304003
-0.0365549
-0.0429948
-0.0496684
-0.0565299
-0.0635387
-0.070659
-0.0778592
-0.0851111
-0.0923894
-0.0996714
-0.106936
-0.114165
-0.121338
-0.128439
-0.13545
-0.142353
-0.149131
-0.155765
-0.162236
-0.168522
-0.174601
-0.180449
-0.18604
-0.191347
-0.196338
-0.200982
-0.205242
-0.209082
-0.212462
-0.215339
-0.217669
-0.219407
-0.220504
-0.220914
-0.220588
-0.219481
-0.217549
-0.214753
-0.211056
-0.206433
-0.200867
-0.19435
-0.186891
-0.178513
-0.169258
-0.159188
-0.148384
-0.136949
-0.125009
-0.112708
-0.100209
-0.0876894
-0.0753378
-0.0633487
-0.0519175
-0.0412343
-0.0314783
-0.0228136
-0.0153842
-0.00930628
-0.00466184
-0.00156283
-0.000209843
-0.000174048
-0.00114924
-0.00324105
-0.00621628
-0.00993382
-0.0143043
-0.0192407
-0.0246613
-0.0304926
-0.0366691
-0.0431322
-0.0498298
-0.0567158
-0.0637499
-0.0708963
-0.0781235
-0.0854039
-0.0927128
-0.100028
-0.10733
-0.1146
-0.121822
-0.128977
-0.136052
-0.143029
-0.149892
-0.156623
-0.163206
-0.16962
-0.175844
-0.181856
-0.187632
-0.193143
-0.198361
-0.203253
-0.207786
-0.21192
-0.215616
-0.218831
-0.221519
-0.223631
-0.225119
-0.225929
-0.226011
-0.225312
-0.223783
-0.221375
-0.218046
-0.213761
-0.208492
-0.202222
-0.19495
-0.18669
-0.177474
-0.167356
-0.156413
-0.144745
-0.132476
-0.119755
-0.10675
-0.0936508
-0.0806593
-0.0679871
-0.0558494
-0.0444576
-0.0340137
-0.0247039
-0.0166942
-0.0101204
-0.00508125
-0.00170853
-0.000230921
-0.000173517
-0.00114694
-0.00323626
-0.00620933
-0.00992565
-0.014296
-0.0192335
-0.0246562
-0.0304902
-0.0366698
-0.0431359
-0.0498364
-0.056725
-0.0637613
-0.0709096
-0.0781389
-0.0854219
-0.0927345
-0.100056
-0.107366
-0.114649
-0.121888
-0.129069
-0.136176
-0.143195
-0.150111
-0.156909
-0.163572
-0.170083
-0.176423
-0.182569
-0.1885
-0.19419
-0.199609
-0.204728
-0.209513
-0.213926
-0.217927
-0.221472
-0.224515
-0.227005
-0.228891
-0.230118
-0.23063
-0.230369
-0.229279
-0.227306
-0.224398
-0.22051
-0.215603
-0.209653
-0.202643
-0.194578
-0.185479
-0.175391
-0.164382
-0.152548
-0.14001
-0.126919
-0.113448
-0.0997958
-0.0861788
-0.0728261
-0.0599734
-0.0478554
-0.0366987
-0.0267145
-0.0180933
-0.0109932
-0.00553263
-0.00186608
-0.000253931
-0.000172359
-0.00114078
-0.00322091
-0.00618259
-0.00988638
-0.0142436
-0.0191674
-0.0245758
-0.0303949
-0.0365586
-0.0430076
-0.0496896
-0.0565581
-0.0635727
-0.070698
-0.0779032
-0.0851614
-0.0924494
-0.0997468
-0.107036
-0.1143
-0.121524
-0.128696
-0.135802
-0.142829
-0.149764
-0.156593
-0.163302
-0.169875
-0.176294
-0.182541
-0.188595
-0.194431
-0.200022
-0.20534
-0.210352
-0.215021
-0.219308
-0.22317
-0.226559
-0.229424
-0.231713
-0.233366
-0.234325
-0.234527
-0.233911
-0.232414
-0.229977
-0.226545
-0.222069
-0.21651
-0.209843
-0.202057
-0.193161
-0.183189
-0.172198
-0.160276
-0.147541
-0.134142
-0.120255
-0.106089
-0.0918707
-0.0778485
-0.0642793
-0.0514226
-0.0395319
-0.0288461
-0.019583
-0.0119265
-0.00601726
-0.00203609
-0.000279
-0.000170604
-0.00113095
-0.00319555
-0.00613704
-0.00981749
-0.0141488
-0.0190446
-0.024423
-0.0302098
-0.0363388
-0.0427505
-0.0493922
-0.0562176
-0.0631862
-0.0702626
-0.0774164
-0.0846214
-0.0918548
-0.0990973
-0.106332
-0.113544
-0.120719
-0.127847
-0.134915
-0.141912
-0.148827
-0.155649
-0.162365
-0.168961
-0.175422
-0.181731
-0.187869
-0.193815
-0.199543
-0.205027
-0.210234
-0.215132
-0.219681
-0.223839
-0.227559
-0.230789
-0.233476
-0.235559
-0.236977
-0.237662
-0.237548
-0.236565
-0.234647
-0.231728
-0.227749
-0.222657
-0.216414
-0.208995
-0.200395
-0.190633
-0.179754
-0.167835
-0.154987
-0.141354
-0.127116
-0.112485
-0.0977019
-0.0830313
-0.0687524
-0.0551512
-0.0425099
-0.0310981
-0.0211643
-0.0129216
-0.00653626
-0.0022191
-0.000306257
-0.000168296
-0.00111772
-0.00316094
-0.00607407
-0.00972107
-0.0140147
-0.0188689
-0.0242019
-0.0299396
-0.0360154
-0.0423696
-0.0489495
-0.0557084
-0.0626059
-0.0696069
-0.0766812
-0.0838033
-0.090951
-0.0981059
-0.105252
-0.112376
-0.119466
-0.126511
-0.133502
-0.14043
-0.147285
-0.154057
-0.160737
-0.167314
-0.173774
-0.180102
-0.186283
-0.192297
-0.198121
-0.203732
-0.209099
-0.214192
-0.218972
-0.223399
-0.227427
-0.231007
-0.234081
-0.236591
-0.238471
-0.239652
-0.240062
-0.239627
-0.23827
-0.235918
-0.232499
-0.227949
-0.222214
-0.215254
-0.207047
-0.197597
-0.186933
-0.175119
-0.162254
-0.148477
-0.133964
-0.118932
-0.103632
-0.0883455
-0.0733735
-0.0590293
-0.0456265
-0.0334683
-0.0228373
-0.0139794
-0.00709058
-0.00241566
-0.000335834
-0.000165493
-0.00110147
-0.00311807
-0.00599551
-0.00959988
-0.0138448
-0.0186447
-0.023918
-0.0295904
-0.0355951
-0.0418722
-0.0483686
-0.0550376
-0.0618388
-0.0687373
-0.0757034
-0.0827117
-0.0897414
-0.0967746
-0.103797
-0.110796
-0.117761
-0.124684
-0.131557
-0.138372
-0.145123
-0.151801
-0.158401
-0.164912
-0.171324
-0.177625
-0.183803
-0.189839
-0.195715
-0.201409
-0.206894
-0.212141
-0.217116
-0.221779
-0.226087
-0.229991
-0.233435
-0.23636
-0.2387
-0.240382
-0.241332
-0.241469
-0.240711
-0.238973
-0.236175
-0.232238
-0.227095
-0.220687
-0.212976
-0.203946
-0.193609
-0.182011
-0.169238
-0.155418
-0.140722
-0.125367
-0.109613
-0.0937556
-0.0781178
-0.0630415
-0.0488732
-0.0359529
-0.024601
-0.0151004
-0.00768097
-0.00262622
-0.00036786
-0.00016227
-0.00108265
-0.00306819
-0.00590364
-0.00945741
-0.013644
-0.0183782
-0.0235785
-0.0291705
-0.0350869
-0.0412677
-0.0476594
-0.0542152
-0.0608947
-0.0676632
-0.0744914
-0.0813547
-0.0882328
-0.0951091
-0.10197
-0.108805
-0.115606
-0.122364
-0.129075
-0.135733
-0.142334
-0.148872
-0.155342
-0.161739
-0.168054
-0.174279
-0.180402
-0.186412
-0.19229
-0.198019
-0.203575
-0.208932
-0.214058
-0.218918
-0.223471
-0.227668
-0.231457
-0.234778
-0.237565
-0.239746
-0.241242
-0.241969
-0.241838
-0.240757
-0.238634
-0.235379
-0.230907
-0.225144
-0.218033
-0.209535
-0.199644
-0.188384
-0.175824
-0.162076
-0.147303
-0.131719
-0.115588
-0.0992188
-0.0829552
-0.0671677
-0.0522382
-0.0385458
-0.0264532
-0.0162844
-0.00830794
-0.00285123
-0.000402466
-0.000158717
-0.00106184
-0.00301284
-0.0058013
-0.00929797
-0.0134181
-0.0180767
-0.0231921
-0.0286897
-0.0345018
-0.0405679
-0.0468342
-0.0532538
-0.0597863
-0.0663971
-0.0730575
-0.0797435
-0.0864358
-0.0931188
-0.0997805
-0.106412
-0.113005
-0.119556
-0.12606
-0.132514
-0.138917
-0.145265
-0.151556
-0.157787
-0.163953
-0.170049
-0.176066
-0.181995
-0.187823
-0.193534
-0.19911
-0.204527
-0.209758
-0.214769
-0.219523
-0.223976
-0.228076
-0.231766
-0.234982
-0.237649
-0.239689
-0.241014
-0.241531
-0.24114
-0.239739
-0.237227
-0.233503
-0.228476
-0.222067
-0.214217
-0.204895
-0.194103
-0.181887
-0.16834
-0.153611
-0.137907
-0.121492
-0.104685
-0.0878493
-0.0713837
-0.0557065
-0.0412392
-0.0283904
-0.0175305
-0.0089717
-0.00309103
-0.00043978
-0.000154947
-0.00103972
-0.00295389
-0.00569192
-0.00912674
-0.0131741
-0.017749
-0.0227695
-0.0281603
-0.0338534
-0.0397874
-0.0459084
-0.0521692
-0.0585294
-0.0649548
-0.0714171
-0.0778932
-0.0843646
-0.0908172
-0.0972402
-0.103626
-0.109969
-0.116267
-0.122518
-0.12872
-0.134875
-0.140983
-0.147043
-0.153055
-0.159018
-0.16493
-0.170786
-0.176579
-0.1823
-0.187939
-0.19348
-0.198902
-0.204184
-0.209296
-0.214204
-0.218867
-0.223239
-0.227264
-0.230878
-0.234012
-0.236584
-0.238506
-0.23968
-0.240002
-0.239362
-0.237645
-0.234739
-0.230532
-0.224927
-0.21784
-0.209214
-0.199026
-0.187294
-0.174088
-0.159539
-0.14384
-0.127251
-0.110097
-0.0927577
-0.0756602
-0.0592596
-0.0440226
-0.0304079
-0.0188373
-0.00967221
-0.0033459
-0.000479928
-0.00015109
-0.00101713
-0.00289357
-0.00557959
-0.00894995
-0.0129205
-0.0174058
-0.0223233
-0.0275969
-0.0331576
-0.0389435
-0.0449001
-0.0509802
-0.0571433
-0.0633556
-0.0695893
-0.0758224
-0.0820374
-0.0882216
-0.0943658
-0.100464
-0.106513
-0.112512
-0.118462
-0.124363
-0.13022
-0.136035
-0.141811
-0.14755
-0.153255
-0.158926
-0.164563
-0.170162
-0.17572
-0.181228
-0.186675
-0.192046
-0.197322
-0.20248
-0.207488
-0.212312
-0.216908
-0.221224
-0.225201
-0.22877
-0.231853
-0.234359
-0.23619
-0.237238
-0.237385
-0.236507
-0.234478
-0.23117
-0.226464
-0.220252
-0.21245
-0.203005
-0.191905
-0.179192
-0.164971
-0.149418
-0.132782
-0.115388
-0.0976313
-0.0799626
-0.0628752
-0.0468832
-0.0324993
-0.0202023
-0.0104091
-0.00361607
-0.000523034
-0.000147303
-0.000995035
-0.00283453
-0.00546914
-0.00877493
-0.0126672
-0.0170597
-0.0218685
-0.0270165
-0.0324334
-0.0380566
-0.0438311
-0.0497091
-0.0556507
-0.0616222
-0.0675969
-0.0735535
-0.0794761
-0.0853534
-0.091178
-0.0969459
-0.102656
-0.10831
-0.11391
-0.11946
-0.124967
-0.130437
-0.135874
-0.141285
-0.146675
-0.152049
-0.157409
-0.162756
-0.16809
-0.173407
-0.1787
-0.183959
-0.18917
-0.194314
-0.199366
-0.204294
-0.209061
-0.213619
-0.217914
-0.22188
-0.225441
-0.228509
-0.230985
-0.232759
-0.233707
-0.2337
-0.232596
-0.230255
-0.226535
-0.221306
-0.214452
-0.205891
-0.195576
-0.183516
-0.169785
-0.154533
-0.137994
-0.120487
-0.102414
-0.0842513
-0.0665273
-0.0498054
-0.0346567
-0.0216224
-0.0111816
-0.00390166
-0.00056922
-0.000143772
-0.000974586
-0.00277985
-0.00536627
-0.00861026
-0.0124259
-0.0167252
-0.0214225
-0.0264389
-0.0317027
-0.0371504
-0.0427259
-0.0483818
-0.0540778
-0.0597813
-0.0654663
-0.0711128
-0.0767065
-0.0822379
-0.0877015
-0.0930955
-0.0984211
-0.103682
-0.108884
-0.114033
-0.119139
-0.124209
-0.129254
-0.134281
-0.139301
-0.144319
-0.149343
-0.154379
-0.159429
-0.164493
-0.169571
-0.174657
-0.179741
-0.18481
-0.189843
-0.194816
-0.199695
-0.20444
-0.209
-0.213315
-0.217313
-0.220909
-0.224006
-0.226493
-0.228246
-0.229125
-0.228983
-0.227664
-0.225007
-0.220858
-0.215073
-0.207534
-0.198159
-0.186919
-0.17385
-0.15907
-0.142788
-0.125311
-0.107045
-0.0884811
-0.0701856
-0.052771
-0.0368705
-0.0230936
-0.0119888
-0.00420271
-0.000618607
-0.000140713
-0.000957134
-0.0027332
-0.0052776
-0.008466
-0.0122101
-0.0164193
-0.0210054
-0.025887
-0.0309908
-0.0362517
-0.0416132
-0.0470274
-0.0524545
-0.0578628
-0.0632273
-0.0685299
-0.0737579
-0.0789039
-0.0839646
-0.0889408
-0.093836
-0.0986566
-0.103411
-0.108109
-0.112761
-0.11738
-0.121978
-0.126566
-0.131158
-0.135764
-0.140394
-0.145059
-0.149764
-0.154516
-0.159317
-0.164166
-0.16906
-0.173989
-0.178941
-0.183894
-0.188823
-0.193693
-0.19846
-0.203069
-0.207453
-0.211533
-0.215216
-0.218392
-0.220935
-0.222705
-0.223546
-0.223289
-0.221759
-0.218777
-0.214172
-0.207789
-0.199509
-0.189258
-0.177031
-0.162905
-0.147057
-0.129773
-0.111453
-0.0926014
-0.0738157
-0.0557591
-0.0391296
-0.024611
-0.0128291
-0.00451921
-0.000671315
-0.000138382
-0.000944268
-0.00269884
-0.00521093
-0.00835382
-0.0120355
-0.0161616
-0.0206402
-0.0253871
-0.0303263
-0.0353913
-0.0405248
-0.0456788
-0.0508142
-0.0559001
-0.0609135
-0.0658378
-0.0706628
-0.0753834
-0.079999
-0.0845128
-0.0889315
-0.093264
-0.0975216
-0.101717
-0.105865
-0.10998
-0.114077
-0.118172
-0.12228
-0.126417
-0.130597
-0.134832
-0.139133
-0.143511
-0.147973
-0.152523
-0.157163
-0.161888
-0.166692
-0.171561
-0.176474
-0.181404
-0.186313
-0.191153
-0.195866
-0.200377
-0.204598
-0.208424
-0.211732
-0.21438
-0.216209
-0.21704
-0.216685
-0.214943
-0.211616
-0.206515
-0.199479
-0.190388
-0.179188
-0.16591
-0.150688
-0.133778
-0.115563
-0.096556
-0.0773793
-0.0587457
-0.041421
-0.0261691
-0.0137011
-0.00485109
-0.000727471
-0.000137082
-0.00093786
-0.00268179
-0.00517536
-0.00828736
-0.0119204
-0.0159746
-0.0203535
-0.0249687
-0.0297416
-0.0346035
-0.0394965
-0.0443726
-0.0491936
-0.0539301
-0.0585611
-0.0630724
-0.0674565
-0.0717111
-0.0758386
-0.0798453
-0.0837408
-0.0875373
-0.0912492
-0.0948924
-0.0984842
-0.102043
-0.105587
-0.109135
-0.112706
-0.116319
-0.119991
-0.123739
-0.127578
-0.131523
-0.135586
-0.139774
-0.144096
-0.148553
-0.153143
-0.15786
-0.162689
-0.16761
-0.172593
-0.177598
-0.182573
-0.187453
-0.192155
-0.196582
-0.200614
-0.204113
-0.206917
-0.208845
-0.209694
-0.209249
-0.207284
-0.203579
-0.197929
-0.190166
-0.180183
-0.167953
-0.153562
-0.137223
-0.119295
-0.100283
-0.0808338
-0.0617044
-0.0437304
-0.0277614
-0.0146027
-0.00519825
-0.000787211
-0.000137173
-0.000940129
-0.00268797
-0.00518156
-0.00828248
-0.0118858
-0.0158844
-0.0201755
-0.0246658
-0.029273
-0.0339267
-0.0385677
-0.0431487
-0.0476327
-0.0519923
-0.0562091
-0.0602719
-0.0641763
-0.0679234
-0.0715192
-0.0749733
-0.0782987
-0.0815111
-0.0846282
-0.0876692
-0.0906546
-0.0936059
-0.0965448
-0.0994937
-0.102475
-0.105509
-0.108619
-0.111825
-0.115146
-0.1186
-0.122204
-0.125971
-0.129913
-0.134037
-0.138348
-0.142845
-0.147521
-0.152363
-0.157348
-0.162446
-0.167612
-0.17279
-0.177908
-0.182874
-0.187578
-0.191885
-0.195637
-0.198651
-0.200717
-0.201606
-0.201071
-0.198859
-0.194725
-0.188452
-0.179872
-0.168899
-0.155555
-0.140002
-0.122558
-0.103717
-0.0841323
-0.0646057
-0.0460417
-0.029381
-0.0155319
-0.00556063
-0.000850694
-0.00013909
-0.00095372
-0.0027244
-0.00524209
-0.00835776
-0.0119561
-0.0159207
-0.0201405
-0.0245162
-0.0289613
-0.0334029
-0.0377816
-0.0420504
-0.0461743
-0.0501287
-0.0538983
-0.0574757
-0.0608604
-0.0640575
-0.0670768
-0.069932
-0.07264
-0.0752199
-0.0776931
-0.0800824
-0.0824115
-0.0847053
-0.0869888
-0.0892874
-0.0916266
-0.0940316
-0.0965271
-0.0991373
-0.101885
-0.104793
-0.107881
-0.111167
-0.114669
-0.118398
-0.122366
-0.126576
-0.13103
-0.135721
-0.140636
-0.145751
-0.151033
-0.156434
-0.161893
-0.167328
-0.172638
-0.177697
-0.182353
-0.186424
-0.189699
-0.19194
-0.192882
-0.192244
-0.189744
-0.18511
-0.178118
-0.16861
-0.156539
-0.142
-0.125261
-0.106783
-0.0872242
-0.0674178
-0.0483378
-0.0310205
-0.0164868
-0.00593824
-0.000918111
-0.00014336
-0.00098181
-0.00279943
-0.00537182
-0.00853491
-0.0121598
-0.0161177
-0.0202875
-0.0245625
-0.0288513
-0.0330786
-0.0371845
-0.0411236
-0.0448632
-0.0483825
-0.0516703
-0.0547237
-0.0575468
-0.0601496
-0.0625463
-0.0647552
-0.0667973
-0.0686959
-0.0704761
-0.0721643
-0.0737879
-0.0753747
-0.0769534
-0.0785523
-0.0802003
-0.0819255
-0.0837561
-0.0857196
-0.0878425
-0.0901506
-0.0926681
-0.095418
-0.0984208
-0.101695
-0.105255
-0.109114
-0.113277
-0.117747
-0.122517
-0.127573
-0.132892
-0.138437
-0.144157
-0.149983
-0.155824
-0.161565
-0.167065
-0.172148
-0.176606
-0.180195
-0.182641
-0.183638
-0.182868
-0.180012
-0.174781
-0.166947
-0.15638
-0.143099
-0.127302
-0.109407
-0.0900546
-0.0701063
-0.0506003
-0.0326723
-0.0174655
-0.00633126
-0.000989703
-0.00015063
-0.00102825
-0.0029231
-0.0055884
-0.00883951
-0.0125297
-0.0165146
-0.0206607
-0.0248523
-0.0289925
-0.0330036
-0.036826
-0.0404162
-0.0437454
-0.0467972
-0.0495658
-0.0520539
-0.0542712
-0.056233
-0.0579591
-0.0594726
-0.0607993
-0.0619669
-0.0630044
-0.0639422
-0.0648111
-0.0656425
-0.066468
-0.0673192
-0.0682279
-0.0692254
-0.0703427
-0.0716106
-0.0730588
-0.0747166
-0.0766118
-0.0787711
-0.0812197
-0.0839805
-0.0870738
-0.0905169
-0.0943232
-0.0985012
-0.103053
-0.107975
-0.113251
-0.118857
-0.124754
-0.130884
-0.137173
-0.143517
-0.149788
-0.155822
-0.161416
-0.166331
-0.170284
-0.172954
-0.173992
-0.173034
-0.169729
-0.163771
-0.154945
-0.143174
-0.128576
-0.111502
-0.0925645
-0.0726343
-0.0528099
-0.0343288
-0.0184665
-0.00674019
-0.0010658
-0.000161706
-0.00109775
-0.00310753
-0.00591293
-0.00930172
-0.0131043
-0.0171566
-0.02131
-0.0254382
-0.0294385
-0.0332312
-0.0367573
-0.0399769
-0.0428661
-0.0454145
-0.0476228
-0.0495005
-0.0510641
-0.0523353
-0.0533399
-0.0541067
-0.0546667
-0.0550522
-0.0552967
-0.0554344
-0.0554997
-0.0555275
-0.0555523
-0.0556089
-0.0557318
-0.0559552
-0.056313
-0.0568387
-0.057565
-0.0585243
-0.0597477
-0.0612657
-0.0631072
-0.0652995
-0.0678678
-0.0708347
-0.0742199
-0.0780386
-0.0823011
-0.0870115
-0.0921656
-0.0977493
-0.103736
-0.110083
-0.116729
-0.123588
-0.130546
-0.137454
-0.144123
-0.15032
-0.155762
-0.16012
-0.163021
-0.164061
-0.16283
-0.158944
-0.152092
-0.142096
-0.128971
-0.112982
-0.0946902
-0.0749623
-0.0549467
-0.035983
-0.0194892
-0.00716597
-0.00114683
-0.000177599
-0.00119611
-0.00336749
-0.00637074
-0.00995723
-0.0139281
-0.018095
-0.022291
-0.026378
-0.030247
-0.0338166
-0.0370304
-0.0398532
-0.0422677
-0.0442713
-0.0458729
-0.0470902
-0.0479476
-0.0484743
-0.0487031
-0.0486689
-0.0484083
-0.0479589
-0.0473586
-0.0466457
-0.0458582
-0.0450343
-0.0442115
-0.0434275
-0.0427194
-0.042124
-0.0416778
-0.0414166
-0.0413761
-0.0415912
-0.0420963
-0.0429248
-0.0441092
-0.0456809
-0.0476694
-0.0501025
-0.0530054
-0.0563999
-0.0603038
-0.0647298
-0.0696836
-0.0751624
-0.0811522
-0.0876251
-0.0945353
-0.101815
-0.109367
-0.117061
-0.124726
-0.132141
-0.139034
-0.145072
-0.149867
-0.152983
-0.153956
-0.152325
-0.14768
-0.139728
-0.128365
-0.113749
-0.0963629
-0.0770484
-0.0569904
-0.0376289
-0.0205341
-0.00761027
-0.00123342
-0.000199595
-0.00133057
-0.00372106
-0.00699242
-0.0108484
-0.0150531
-0.0193885
-0.0236659
-0.027734
-0.0314779
-0.0348158
-0.0376952
-0.040088
-0.041986
-0.0433962
-0.0443376
-0.0448377
-0.0449303
-0.0446533
-0.0440469
-0.0431534
-0.0420153
-0.0406755
-0.0391768
-0.0375614
-0.035871
-0.0341471
-0.03243
-0.03076
-0.0291766
-0.027719
-0.0264257
-0.0253352
-0.0244851
-0.0239128
-0.0236554
-0.0237491
-0.0242297
-0.0251318
-0.0264892
-0.0283342
-0.0306971
-0.0336061
-0.037086
-0.0411575
-0.0458359
-0.0511294
-0.057037
-0.0635451
-0.0706248
-0.0782262
-0.0862734
-0.0946572
-0.103227
-0.111783
-0.120067
-0.127753
-0.134449
-0.139694
-0.142979
-0.14377
-0.141558
-0.135924
-0.126629
-0.113697
-0.097507
-0.0788469
-0.0589201
-0.0392617
-0.0216034
-0.00807574
-0.00132642
-0.000229351
-0.00151021
-0.00419059
-0.00781505
-0.0120255
-0.0165396
-0.0211032
-0.0255027
-0.0295723
-0.033192
-0.0362818
-0.0387958
-0.0407158
-0.042045
-0.0428031
-0.0430212
-0.0427387
-0.0420001
-0.0408529
-0.0393464
-0.0375301
-0.0354532
-0.0331642
-0.0307107
-0.0281391
-0.0254947
-0.0228216
-0.0201633
-0.0175622
-0.01506
-0.0126978
-0.0105161
-0.00855523
-0.00685487
-0.00545449
-0.00439323
-0.00370987
-0.00344284
-0.00363002
-0.00430871
-0.0055153
-0.00728503
-0.00965152
-0.0126462
-0.0162975
-0.0206298
-0.0256619
-0.0314052
-0.0378608
-0.0450165
-0.0528416
-0.0612821
-0.0702524
-0.0796273
-0.0892315
-0.0988284
-0.10811
-0.116687
-0.12409
-0.129772
-0.133133
-0.133568
-0.130528
-0.12362
-0.11271
-0.0980384
-0.0803078
-0.0607146
-0.0408787
-0.0227021
-0.0085665
-0.00142703
-0.000269022
-0.00174654
-0.00480383
-0.00888373
-0.0135482
-0.0184572
-0.0233132
-0.0278741
-0.03196
-0.0354472
-0.0382606
-0.0403648
-0.0417549
-0.0424495
-0.0424834
-0.0419029
-0.0407609
-0.0391146
-0.0370224
-0.034543
-0.0317342
-0.028652
-0.0253509
-0.021883
-0.018299
-0.0146474
-0.0109753
-0.0073284
-0.00375115
-0.000287107
0.00302098
0.00613097
0.00900116
0.0115902
0.013857
0.0157605
0.0172599
0.0183146
0.0188837
0.0189271
0.0184045
0.0172764
0.0155041
0.0130502
0.00987906
0.00595783
0.00125764
-0.00424479
-0.0105648
-0.0177067
-0.0256595
-0.0343915
-0.0438427
-0.0539159
-0.0644652
-0.0752832
-0.0860867
-0.0965037
-0.106064
-0.1142
-0.120259
-0.123542
-0.123369
-0.119179
-0.110654
-0.0978609
-0.0813748
-0.0623517
-0.04248
-0.0238381
-0.00908867
-0.00153697
-0.000321456
-0.00205433
-0.00559547
-0.0102535
-0.0154873
-0.0208855
-0.0260993
-0.0308557
-0.0349611
-0.0382922
-0.0407833
-0.0424141
-0.0431982
-0.0431736
-0.042394
-0.0409236
-0.0388313
-0.0361883
-0.0330653
-0.0295314
-0.0256527
-0.0214927
-0.0171114
-0.0125658
-0.00791033
-0.00319663
0.00152575
0.0062091
0.0108073
0.0152753
0.0195692
0.0236457
0.0274619
0.0309753
0.0341436
0.0369242
0.0392748
0.0411526
0.0425148
0.0433182
0.0435196
0.0430756
0.0419429
0.0400785
0.0374404
0.0339879
0.0296828
0.0244904
0.0183821
0.0113373
0.00334783
-0.00557726
-0.0154045
-0.0260667
-0.0374513
-0.0493857
-0.0616205
-0.0738116
-0.0855043
-0.0961238
-0.10498
-0.111292
-0.114253
-0.113123
-0.107376
-0.0968613
-0.0819813
-0.0638069
-0.0440687
-0.0250242
-0.00965127
-0.00165869
-0.000390461
-0.00245266
-0.00660924
-0.0119916
-0.0179263
-0.0239141
-0.0295474
-0.0345206
-0.03863
-0.0417578
-0.0438546
-0.044922
-0.0449981
-0.0441453
-0.0424406
-0.0399691
-0.0368181
-0.0330745
-0.0288223
-0.0241414
-0.019107
-0.0137895
-0.00825456
-0.00256384
0.00322498
0.00905752
0.0148822
0.0206498
0.0263129
0.0318256
0.0371432
0.0422216
0.0470172
0.051487
0.0555875
0.0592753
0.0625068
0.0652377
0.0674234
0.0690184
0.0699767
0.0702516
0.0697958
0.0685614
0.0665006
0.0635654
0.0597091
0.0548867
0.0490569
0.0421839
0.0342409
0.0252148
0.0151124
0.00396965
-0.0081369
-0.0210744
-0.0346349
-0.0485134
-0.0622854
-0.0753878
-0.087111
-0.0966119
-0.102962
-0.105242
-0.10269
-0.0949019
-0.082046
-0.0650512
-0.0456513
-0.0262795
-0.0102674
-0.00179567
-0.00048122
-0.00296656
-0.00790056
-0.0141802
-0.0209623
-0.0276415
-0.0337437
-0.0389321
-0.0429989
-0.0458413
-0.0474353
-0.0478132
-0.0470451
-0.045224
-0.0424547
-0.0388464
-0.0345074
-0.0295417
-0.0240473
-0.0181152
-0.0118296
-0.00526766
0.00149951
0.00840649
0.0153927
0.0224017
0.0293804
0.0362787
0.0430485
0.0496436
0.0560189
0.0621302
0.0679337
0.073386
0.0784433
0.0830617
0.0871966
0.0908029
0.0938342
0.0962436
0.0979825
0.0990016
0.09925
0.0986756
0.0972252
0.0948448
0.0914797
0.0870757
0.0815797
0.0749419
0.0671182
0.058074
0.0477902
0.0362712
0.023556
0.00973421
-0.00503425
-0.020494
-0.0362658
-0.051818
-0.0664447
-0.0792621
-0.0892391
-0.0952794
-0.0963715
-0.0918089
-0.0814632
-0.0660464
-0.0472377
-0.0276309
-0.0109558
-0.00195303
-0.00060093
-0.00362929
-0.00954023
-0.0169196
-0.0247073
-0.0321709
-0.0387656
-0.0441286
-0.0480598
-0.0504841
-0.0514162
-0.0509304
-0.0491378
-0.0461688
-0.0421612
-0.0372516
-0.0315711
-0.0252419
-0.0183763
-0.0110766
-0.00343527
0.00446428
0.0125465
0.0207429
0.0289908
0.0372325
0.0454144
0.053486
0.0613995
0.0691089
0.0765694
0.0837372
0.090569
0.0970214
0.103051
0.108613
0.113664
0.118157
0.122045
0.12528
0.127811
0.129587
0.130554
0.130656
0.129836
0.128034
0.125189
0.121238
0.116117
0.109765
0.10212
0.0931291
0.0827478
0.0709498
0.0577364
0.0431516
0.0273023
0.0103852
-0.0072803
-0.0252144
-0.0427414
-0.0589661
-0.0727813
-0.0829282
-0.0881359
-0.0873569
-0.0800904
-0.0667375
-0.0488391
-0.0291163
-0.0117439
-0.00213829
-0.000759852
-0.00448584
-0.0116195
-0.0203318
-0.0292858
-0.0376023
-0.0446659
-0.050101
-0.0537337
-0.0555362
-0.055579
-0.0539925
-0.0509395
-0.0465953
-0.0411353
-0.0347268
-0.0275248
-0.0196701
-0.0112892
-0.00249448
0.00661423
0.0159484
0.0254295
0.0349869
0.0445573
0.0540828
0.0635102
0.0727898
0.0818747
0.09072
0.0992821
0.107518
0.115386
0.122843
0.129846
0.136352
0.142316
0.147692
0.152432
0.156488
0.159807
0.162337
0.16402
0.1648
0.164614
0.163397
0.161084
0.157603
0.152884
0.146851
0.13943
0.13055
0.120144
0.108155
0.094548
0.0793216
0.0625261
0.0442922
0.0248664
0.00465585
-0.0157227
-0.035398
-0.0532235
-0.0678059
-0.0776205
-0.081245
-0.0777267
-0.0670388
-0.0504647
-0.0307868
-0.0126713
-0.00236288
-0.000973092
-0.00559844
-0.0142569
-0.0245628
-0.0348299
-0.044015
-0.051444
-0.0567534
-0.0598242
-0.0607034
-0.0595396
-0.0565361
-0.051919
-0.0459162
-0.0387448
-0.0306045
-0.0216748
-0.0121141
-0.0020614
0.00836235
0.019052
0.0299161
0.0408746
0.051857
0.0628006
0.0736489
0.0843506
0.094858
0.105126
0.115112
0.124775
0.134072
0.142965
0.151412
0.159371
0.1668
0.173654
0.179889
0.185457
0.190308
0.19439
0.197649
0.200027
0.201464
0.201894
0.201251
0.199462
0.196451
0.192139
0.186443
0.179275
0.170549
0.160175
0.148073
0.134172
0.118424
0.100824
0.0814297
0.0604054
0.0380655
0.0149381
-0.00817083
-0.0301228
-0.0494353
-0.0643539
-0.0730638
-0.0740812
-0.0668109
-0.0521116
-0.0327105
-0.0137965
-0.00264456
-0.00126377
-0.00705528
-0.0176074
-0.0297842
-0.0414641
-0.0514359
-0.0589973
-0.06384
-0.0659441
-0.0654677
-0.0626651
-0.0578316
-0.0512685
-0.0432624
-0.0340748
-0.0239376
-0.0130527
-0.00159367
0.0102911
0.0224754
0.0348518
0.047329
0.059828
0.072281
0.084628
0.0968162
0.108797
0.120527
0.131965
0.14307
0.153805
0.164131
0.17401
0.183404
0.192273
0.200577
0.208272
0.215314
0.221657
0.227252
0.232046
0.235985
0.23901
0.241058
0.242065
0.241959
0.240664
0.238102
0.234185
0.228823
0.221919
0.213373
0.203078
0.19093
0.176826
0.160676
0.142419
0.122039
0.0996093
0.0753347
0.0496248
0.0231762
-0.00293989
-0.0272157
-0.0477184
-0.0622485
-0.0687239
-0.0658206
-0.0537457
-0.0349731
-0.0152063
-0.00301196
-0.00166891
-0.00898499
-0.0218745
-0.036187
-0.0492733
-0.0597787
-0.0670362
-0.0708641
-0.071403
-0.0689698
-0.0639566
-0.0567699
-0.0477958
-0.0373829
-0.0258358
-0.0134148
-0.000339557
0.0132067
0.0270715
0.0411287
0.0552733
0.069418
0.083489
0.097424
0.111169
0.124677
0.137905
0.150814
0.163368
0.175533
0.187273
0.198556
0.209345
0.219607
0.229303
0.238397
0.246847
0.254611
0.261643
0.267896
0.273319
0.277856
0.28145
0.284037
0.285551
0.28592
0.285066
0.282906
0.27935
0.274301
0.267655
0.2593
0.249118
0.236982
0.222763
0.206332
0.187575
0.166405
0.142798
0.116838
0.0887886
0.0591918
0.0289829
-0.000390098
-0.026901
-0.0480143
-0.0610122
-0.0636747
-0.0552623
-0.0376747
-0.0170318
-0.00351282
-0.00225054
-0.0115804
-0.0273228
-0.0439584
-0.0582337
-0.0687324
-0.0749413
-0.0769138
-0.0750359
-0.0698391
-0.0618864
-0.0517107
-0.0397866
-0.0265212
-0.0122547
0.00273305
0.0182144
0.0340057
0.049959
0.0659553
0.0818988
0.0977118
0.113331
0.128702
0.143783
0.158533
0.172918
0.186907
0.200471
0.213581
0.226207
0.238322
0.249895
0.260895
0.271289
0.281042
0.290117
0.298473
0.306067
0.312854
0.318783
0.323802
0.327852
0.330873
0.332795
0.333549
0.333054
0.331228
0.327976
0.3232
0.316791
0.308628
0.298582
0.286511
0.272264
0.25568
0.236594
0.214855
0.190342
0.16301
0.132958
0.100527
0.0664444
0.0319928
-0.000832963
-0.0292683
-0.0499808
-0.0597096
-0.0564079
-0.0409095
-0.0194695
-0.00422912
-0.00311703
-0.0151371
-0.034283
-0.0532164
-0.0680694
-0.0775562
-0.0815192
-0.0804043
-0.0749469
-0.0659523
-0.0541788
-0.0402894
-0.0248384
-0.00827577
0.00903959
0.0268257
0.0448627
0.0629804
0.0810475
0.0989626
0.116647
0.134041
0.151096
0.167773
0.184041
0.199873
0.215247
0.23014
0.244531
0.258399
0.271723
0.284481
0.296647
0.308196
0.319099
0.329325
0.33884
0.347609
0.35559
0.36274
0.369011
0.374354
0.378711
0.382024
0.384225
0.385244
0.385004
0.383419
0.380399
0.375841
0.369634
0.361654
0.351766
0.339816
0.325635
0.309037
0.289818
0.267766
0.24267
0.214358
0.182749
0.14795
0.110408
0.0711206
0.0318828
-0.00449403
-0.0341828
-0.0528102
-0.0566306
-0.0447049
-0.0228093
-0.00530374
-0.00446323
-0.0201105
-0.0431222
-0.0638405
-0.0779576
-0.0847041
-0.0845952
-0.0786751
-0.0681389
-0.0541075
-0.0375352
-0.0191928
0.000317528
0.0205356
0.0411155
0.0618008
0.0824028
0.102784
0.122846
0.142518
0.161748
0.1805
0.19875
0.216478
0.23367
0.250314
0.266401
0.28192
0.29686
0.311211
0.324959
0.338088
0.35058
0.362416
0.373571
0.38402
0.393733
0.402678
0.410817
0.418112
0.424517
0.429985
0.434463
0.437894
0.440214
0.441354
0.44124
0.43979
0.436913
0.432509
0.426468
0.418664
0.40896
0.397197
0.383195
0.366749
0.347626
0.325563
0.300274
0.271466
0.238878
0.202364
0.162029
0.11846
0.0730537
0.0283935
-0.0114643
-0.0411207
-0.0547987
-0.0488634
-0.0274472
-0.00698347
-0.00664113
-0.0271815
-0.0540949
-0.0750581
-0.0859286
-0.0871467
-0.0803452
-0.0673883
-0.0500042
-0.0296168
-0.00732237
0.0160674
0.0399678
0.0639669
0.0877805
0.111216
0.134148
0.156495
0.178208
0.199261
0.219641
0.239345
0.258375
0.276736
0.294436
0.31148
0.327873
0.343618
0.358717
0.373168
0.386965
0.400103
0.412569
0.424349
0.435427
0.44578
0.455384
0.464212
0.47223
0.479403
0.485691
0.491049
0.495428
0.498775
0.50103
0.50213
0.502003
0.500571
0.497747
0.493436
0.487531
0.479911
0.470437
0.458954
0.445276
0.429189
0.410442
0.388736
0.363726
0.335016
0.302183
0.264826
0.222673
0.1758
0.124981
0.0722199
0.0213427
-0.0215927
-0.0486858
-0.0525863
-0.0338203
-0.009671
-0.0102539
-0.037239
-0.066825
-0.08446
-0.0876652
-0.0791812
-0.0622518
-0.0396896
-0.0136981
0.0141293
0.0427011
0.0712977
0.0994611
0.126913
0.153494
0.179123
0.203771
0.227438
0.250142
0.271913
0.292784
0.312792
0.33197
0.350349
0.367959
0.384824
0.400966
0.416399
0.431138
0.445189
0.458558
0.471243
0.483242
0.494545
0.505142
0.515015
0.524146
0.532511
0.540082
0.546828
0.552713
0.557698
0.561738
0.564785
0.566784
0.567677
0.567399
0.565877
0.563031
0.558773
0.553001
0.545603
0.536447
0.525382
0.512228
0.49677
0.478752
0.457857
0.433702
0.405819
0.373654
0.33658
0.293955
0.245285
0.190536
0.130727
0.0688051
0.0106886
-0.0340559
-0.0536103
-0.0420283
-0.013909
-0.0161376
-0.0508525
-0.0786912
-0.0857257
-0.0742031
-0.0504811
-0.019635
0.0147901
0.0504603
0.0859487
0.120443
0.15352
0.184996
0.214825
0.24304
0.269717
0.294947
0.31883
0.341461
0.362931
0.383321
0.402707
0.421152
0.438713
0.45544
0.471373
0.486547
0.500989
0.514723
0.527763
0.540122
0.551806
0.562817
0.573151
0.582803
0.59176
0.600008
0.607528
0.614296
0.620287
0.62547
0.62981
0.633269
0.635804
0.637368
0.637907
0.637366
0.635679
0.632775
0.628575
0.622989
0.615913
0.607229
0.596797
0.584449
0.569982
0.553147
0.533632
0.511042
0.484876
0.454498
0.419117
0.377783
0.329455
0.273207
0.208724
0.137288
0.0634092
-0.00311067
-0.0463485
-0.0505325
-0.0199785
-0.0246203
-0.065851
-0.0802541
-0.0636554
-0.0278794
0.016692
0.0639935
0.110698
0.155133
0.19661
0.234975
0.270337
0.302923
0.332999
0.360829
0.386661
0.410713
0.433179
0.454223
0.473989
0.492597
0.510152
0.526741
0.542437
0.557303
0.571391
0.584743
0.597395
0.609374
0.620702
0.631395
0.641462
0.650909
0.659738
0.667945
0.675522
0.68246
0.688743
0.694353
0.699268
0.703463
0.70691
0.709576
0.711425
0.712418
0.712511
0.711655
0.709796
0.706874
0.702822
0.697563
0.69101
0.683058
0.673588
0.662453
0.649471
0.634418
0.617007
0.596863
0.573498
0.546263
0.514298
0.476469
0.43133
0.377151
0.312165
0.235333
0.148148
0.0578798
-0.0183926
-0.0528648
-0.0262208
-0.0312988
-0.0687276
-0.0436738
0.015473
0.0836803
0.150383
0.211698
0.266447
0.314764
0.357327
0.394941
0.428371
0.458282
0.485231
0.509678
0.531996
0.552489
0.571405
0.588944
0.605274
0.620529
0.634822
0.648246
0.660878
0.67278
0.684006
0.694599
0.704592
0.714015
0.722887
0.731225
0.739041
0.746341
0.753127
0.759399
0.765152
0.770378
0.775066
0.779202
0.782771
0.785752
0.788123
0.789859
0.790932
0.791312
0.790965
0.789852
0.787932
0.785159
0.78148
0.776834
0.771154
0.764359
0.756351
0.747014
0.736202
0.72373
0.709358
0.69277
0.673543
0.651095
0.624622
0.592998
0.554647
0.507386
0.448322
0.374027
0.281703
0.172057
0.0556978
-0.0301855
-0.0232111
-0.000660399
0.000352771
0.104333
0.217906
0.3121
0.388127
0.449781
0.500013
0.541352
0.575872
0.605148
0.630342
0.652319
0.671722
0.689037
0.704633
0.718794
0.731742
0.743653
0.754665
0.764889
0.774417
0.783321
0.791661
0.799486
0.806836
0.813742
0.820232
0.826325
0.832037
0.83738
0.842363
0.846989
0.851263
0.855182
0.858744
0.861944
0.864774
0.867226
0.869287
0.870945
0.872186
0.872992
0.873345
0.873224
0.872608
0.871471
0.869786
0.867522
0.864646
0.861116
0.856889
0.85191
0.846115
0.839425
0.83174
0.822933
0.81284
0.801237
0.787824
0.772178
0.753698
0.73151
0.70431
0.670123
0.62591
0.567062
0.48705
0.376958
0.228427
0.0726436
0.0309695
0.292184
0.379306
0.530607
0.644331
0.714297
0.760017
0.792312
0.816129
0.834336
0.848759
0.860547
0.870428
0.878884
0.886244
0.892742
0.898545
0.903778
0.908536
0.912891
0.9169
0.920608
0.924051
0.927257
0.930249
0.933046
0.935664
0.938113
0.940405
0.942546
0.944542
0.946396
0.948113
0.949693
0.951136
0.952443
0.953611
0.954638
0.95552
0.956255
0.956838
0.957262
0.957523
0.957614
0.957528
0.957256
0.956791
0.956123
0.955241
0.954135
0.95279
0.951193
0.949325
0.947166
0.944692
0.941871
0.938665
0.935023
0.93088
0.926146
0.920701
0.914371
0.906908
0.897942
0.886901
0.872863
0.854247
0.828214
0.789432
0.726146
0.611349
0.435853
0.317985
)
;

boundaryField
{
    movingWall
    {
        type            calculated;
        value           uniform 1;
    }
    fixedWalls
    {
        type            calculated;
        value           uniform 0;
    }
    frontAndBack
    {
        type            empty;
    }
}


// ************************************************************************* //
