/*--------------------------------*- C++ -*----------------------------------*\
  =========                 |
  \\      /  F ield         | OpenFOAM: The Open Source CFD Toolbox
   \\    /   O peration     | Website:  https://openfoam.org
    \\  /    A nd           | Version:  dev
     \\/     M anipulation  |
\*---------------------------------------------------------------------------*/
FoamFile
{
    format      ascii;
    class       volScalarField;
    location    "19.8";
    object      p;
}
// * * * * * * * * * * * * * * * * * * * * * * * * * * * * * * * * * * * * * //

dimensions      [0 2 -2 0 0 0 0];

internalField   nonuniform List<scalar> 
5184
(
-1.15722e-06
-1.45532e-05
-0.000100748
-0.000253534
-0.000452735
-0.000681123
-0.000924465
-0.00117084
-0.00141109
-0.00163809
-0.00184642
-0.00203208
-0.00219213
-0.00232447
-0.00242763
-0.00250061
-0.00254273
-0.00255357
-0.00253285
-0.0024804
-0.00239614
-0.00228004
-0.00213218
-0.00195267
-0.00174176
-0.00149984
-0.00122745
-0.000925328
-0.000594478
-0.00023617
0.000148011
0.00055614
0.000985925
0.0014347
0.00189939
0.00237657
0.00286243
0.00335279
0.0038432
0.00432891
0.004805
0.00526639
0.00570796
0.00612464
0.00651148
0.00686378
0.00717718
0.00744774
0.00767211
0.00784755
0.00797206
0.00804442
0.00806429
0.00803223
0.00794973
0.00781924
0.00764414
0.00742874
0.00717824
0.00689869
0.00659695
0.00628062
0.00595799
0.00563802
0.00533024
0.00504475
0.00479202
0.00458266
0.00442665
0.00433243
0.00430547
0.00433269
1.05772e-05
-2.18219e-06
-7.68076e-05
-0.000204472
-0.000369563
-0.000559603
-0.000763675
-0.000972196
-0.00117725
-0.00137245
-0.00155276
-0.00171428
-0.00185405
-0.00196983
-0.00205999
-0.00212333
-0.00215899
-0.00216638
-0.00214507
-0.00209477
-0.00201531
-0.0019066
-0.00176865
-0.00160158
-0.0014056
-0.00118109
-0.000928567
-0.000648772
-0.000342665
-1.14623e-05
0.000343329
0.000719891
0.00111608
0.00152939
0.00195701
0.00239573
0.00284206
0.00329217
0.00374198
0.00418717
0.00462325
0.00504561
0.00544963
0.00583073
0.00618444
0.00650656
0.00679318
0.00704082
0.00724652
0.00740787
0.00752317
0.00759142
0.00761242
0.00758678
0.00751599
0.00740237
0.00724908
0.00706015
0.00684035
0.00659524
0.00633106
0.00605467
0.00577351
0.00549549
0.00522892
0.00498236
0.00476446
0.00458361
0.00444709
0.00436085
0.00433228
0.00435982
9.68207e-05
7.21059e-05
-3.18615e-06
-0.000120625
-0.000268176
-0.000436206
-0.000616013
-0.000799774
-0.0009808
-0.00115354
-0.0013135
-0.00145708
-0.00158148
-0.00168454
-0.00176461
-0.00182045
-0.00185114
-0.00185599
-0.00183451
-0.00178634
-0.00171124
-0.00160906
-0.00147976
-0.00132342
-0.00114023
-0.000930509
-0.000694749
-0.000433633
-0.000148061
0.000160823
0.000491608
0.000842591
0.00121176
0.0015968
0.00199504
0.00240353
0.002819
0.00323791
0.00365644
0.00407059
0.00447619
0.00486898
0.00524467
0.00559903
0.00592794
0.00622752
0.00649419
0.00672475
0.00691649
0.00706724
0.00717549
0.00724037
0.00726176
0.00724031
0.00717747
0.00707545
0.00693726
0.00676668
0.00656818
0.00634692
0.00610865
0.00585967
0.00560672
0.00535692
0.00511762
0.00489629
0.00470038
0.00453696
0.00441205
0.00433088
0.00430308
0.00433364
0.000251658
0.000200288
0.000112556
-6.27779e-06
-0.000148545
-0.000306474
-0.000472944
-0.000641594
-0.000806896
-0.000964166
-0.00110954
-0.00123987
-0.00135267
-0.00144597
-0.00151825
-0.00156833
-0.0015953
-0.00159848
-0.00157735
-0.00153151
-0.00146068
-0.00136467
-0.0012434
-0.00109688
-0.000925251
-0.000728775
-0.000507879
-0.000263168
4.54191e-06
0.000294202
0.000604509
0.000933885
0.00128046
0.00164206
0.00201622
0.00240014
0.00279076
0.00318476
0.00357854
0.00396833
0.0043502
0.00472013
0.00507407
0.00540801
0.00571809
0.00600062
0.00625222
0.00646989
0.00665107
0.00679375
0.00689648
0.00695849
0.0069797
0.00696077
0.00690307
0.00680876
0.00668071
0.00652248
0.00633831
0.00613305
0.00591206
0.00568118
0.00544662
0.00521486
0.00499255
0.00478635
0.00460288
0.00444839
0.00432834
0.00424775
0.0042167
0.00424187
0.00045615
0.000367619
0.000259127
0.000131571
-1.25976e-05
-0.000167221
-0.000326534
-0.00048554
-0.00063984
-0.000785638
-0.000919752
-0.00103957
-0.00114299
-0.00122833
-0.00129425
-0.00133971
-0.00136387
-0.00136611
-0.00134589
-0.00130282
-0.00123659
-0.00114697
-0.00103382
-0.000897095
-0.00073687
-0.000553331
-0.000346816
-0.00011784
0.000132886
0.000404427
0.000695605
0.00100498
0.00133082
0.00167112
0.00202357
0.00238555
0.00275419
0.00312633
0.00349859
0.00386738
0.00422896
0.0045795
0.00491512
0.00523199
0.0055264
0.00579483
0.00603402
0.0062411
0.00641359
0.00654957
0.00664766
0.00670711
0.00672785
0.0067105
0.00665641
0.00656763
0.00644691
0.00629764
0.00612385
0.00593011
0.00572146
0.00550334
0.0052815
0.00506189
0.00485055
0.00465349
0.00447664
0.0043256
0.00420533
0.0041206
0.00408019
0.00408994
0.00069414
0.000562231
0.000427208
0.000285342
0.000133623
-2.31822e-05
-0.000180471
-0.000334507
-0.000481963
-0.000619915
-0.000745888
-0.000857837
-0.000954092
-0.00103331
-0.0010944
-0.00113649
-0.00115889
-0.00116101
-0.00114238
-0.00110261
-0.00104137
-0.000958398
-0.000853498
-0.000726568
-0.000577593
-0.000406674
-0.000214048
-1.20099e-07
0.000234517
0.000489059
0.000762463
0.00105343
0.0013604
0.00168149
0.00201457
0.00235719
0.00270664
0.00305991
0.00341378
0.00376483
0.00410944
0.00444394
0.00476456
0.00506761
0.00534945
0.00560666
0.00583606
0.00603483
0.00620054
0.00633129
0.0064257
0.00648304
0.0065032
0.00648676
0.00643501
0.0063499
0.00623406
0.00609075
0.0059238
0.00573756
0.00553679
0.0053266
0.00511235
0.00489956
0.00469376
0.00450043
0.0043249
0.00417222
0.00404695
0.00395348
0.0038983
0.00388515
0.000951843
0.000773256
0.000607904
0.000447569
0.000283884
0.000120451
-3.91104e-05
-0.000192203
-0.000336498
-0.000469908
-0.000590658
-0.000697277
-0.000788563
-0.000863534
-0.00092139
-0.00096147
-0.000983221
-0.00098617
-0.0009699
-0.000934037
-0.000878245
-0.000802231
-0.000705751
-0.000588626
-0.000450754
-0.000292134
-0.000112891
8.66938e-05
0.000306161
0.000544846
0.000801854
0.00107604
0.00136599
0.00166999
0.00198605
0.00231187
0.00264489
0.00298225
0.00332086
0.00365738
0.00398834
0.00431013
0.00461908
0.00491153
0.00518392
0.00543283
0.00565511
0.00584793
0.00600887
0.00613598
0.00622786
0.00628373
0.00630343
0.00628747
0.00623706
0.00615406
0.00604099
0.00590098
0.0057377
0.00555531
0.00535834
0.00515166
0.0049403
0.00472941
0.00452415
0.00432956
0.00415048
0.00399148
0.00385681
0.00375048
0.00367618
0.00363512
0.00121716
0.000990563
0.000792629
0.000610971
0.000432116
0.0002587
9.35137e-05
-6.18745e-05
-0.00020606
-0.000337744
-0.000455828
-0.000559411
-0.000647761
-0.00072028
-0.000776466
-0.00081589
-0.000838168
-0.000842944
-0.00082987
-0.000798603
-0.000748806
-0.000680156
-0.000592352
-0.000485139
-0.000358316
-0.000211773
-4.55098e-05
0.000140328
0.000345426
0.000569268
0.000811117
0.00106998
0.00134461
0.00163344
0.00193462
0.00224602
0.00256518
0.00288937
0.00321559
0.00354061
0.00386101
0.00417323
0.00447364
0.00475859
0.0050245
0.00526795
0.00548574
0.00567499
0.0058332
0.00595838
0.00604903
0.00610429
0.0061239
0.00610831
0.00605861
0.00597657
0.00586461
0.00572572
0.00556346
0.00538182
0.00518517
0.00497815
0.00476556
0.00455229
0.00434317
0.00414291
0.00395598
0.00378655
0.00363862
0.00351593
0.00341919
0.00334698
0.00147983
0.00120501
0.000973331
0.000768519
0.000572272
0.000386426
0.000213063
5.28261e-05
-9.37323e-05
-0.000226053
-0.00034368
-0.000446267
-0.000533543
-0.000605293
-0.000661323
-0.00070144
-0.000725439
-0.000733087
-0.000724113
-0.00069821
-0.000655041
-0.000594247
-0.000515472
-0.000418374
-0.000302651
-0.00016807
-1.44989e-05
0.000158065
0.00034946
0.000559333
0.000787107
0.00103196
0.00129278
0.00156818
0.00185645
0.00215558
0.00246324
0.00277679
0.00309332
0.00340965
0.00372241
0.00402805
0.00432292
0.00460334
0.0048657
0.00510649
0.00532242
0.00551051
0.00566816
0.00579325
0.00588416
0.00593991
0.00596013
0.00594512
0.00589588
0.00581407
0.00570199
0.00556254
0.00539914
0.00521567
0.00501637
0.00480571
0.00458834
0.00436893
0.0041521
0.00394231
0.00374375
0.00356029
0.0033958
0.0032538
0.00313211
0.00302678
0.00173088
0.00140835
0.00114252
0.000913492
0.000698393
0.000498385
0.000314946
0.000147875
-3.05778e-06
-0.000137983
-0.000257054
-0.000360449
-0.000448348
-0.000520908
-0.000578237
-0.000620378
-0.000647305
-0.000658907
-0.000654993
-0.000635292
-0.000599462
-0.00054711
-0.00047781
-0.000391134
-0.000286667
-0.000164048
-2.29988e-05
0.000136637
0.000314864
0.000511497
0.000726129
0.000958103
0.00120648
0.00147002
0.00174716
0.00203601
0.00233435
0.00263963
0.00294899
0.00325931
0.00356721
0.00386913
0.00416138
0.00444021
0.00470191
0.00494285
0.00515962
0.00534909
0.00550849
0.00563552
0.00572844
0.00578606
0.00580787
0.00579403
0.0057454
0.00566349
0.00555051
0.00540925
0.00524303
0.00505563
0.00485118
0.00463408
0.00440884
0.00418001
0.00395208
0.00372936
0.00351583
0.00331519
0.00313126
0.0029675
0.00281894
0.00267927
0.0019624
0.0015931
0.00129324
0.00103949
0.000804668
0.000589336
0.00039445
0.000219035
6.21363e-05
-7.70186e-05
-0.000199153
-0.000304947
-0.000395008
-0.000469848
-0.000529867
-0.000575338
-0.000606404
-0.000623076
-0.000625235
-0.00061264
-0.000584942
-0.000541704
-0.00048243
-0.000406591
-0.000313655
-0.000203121
-7.45581e-05
7.23573e-05
0.000237802
0.000421768
0.000624029
0.000844102
0.00108122
0.00133429
0.0016019
0.00188228
0.00217331
0.00247252
0.00277711
0.00308395
0.00338966
0.00369065
0.00398315
0.0042633
0.00452725
0.00477123
0.00499164
0.00518515
0.0053488
0.00548007
0.00557699
0.00563818
0.00566293
0.00565121
0.00560372
0.00552182
0.0054076
0.00526373
0.00509345
0.00490047
0.00468885
0.00446294
0.00422718
0.00398609
0.00374407
0.00350539
0.00327395
0.00305333
0.00284746
0.00265983
0.00248287
0.00230804
0.00216725
0.00175237
0.00141897
0.00114044
0.000885459
0.00065409
0.00044681
0.000261931
9.78218e-05
-4.68906e-05
-0.000173466
-0.000283055
-0.00037667
-0.00045516
-0.000519199
-0.000569276
-0.000605697
-0.000628581
-0.000637875
-0.000633359
-0.000614668
-0.000581314
-0.000532722
-0.000468256
-0.000387256
-0.000289071
-0.000173105
-3.88609e-05
0.000114022
0.000285724
0.000476205
0.000685167
0.000912013
0.00115582
0.00141532
0.00168886
0.00197442
0.00226961
0.00257164
0.00287743
0.00318355
0.00348633
0.0037819
0.0040663
0.00433547
0.00458547
0.00481246
0.00501288
0.0051835
0.00532156
0.0054248
0.00549161
0.00552102
0.00551279
0.00546739
0.00538605
0.00527069
0.00512387
0.00494875
0.00474898
0.00452859
0.00429191
0.00404339
0.00378755
0.00352884
0.00327151
0.0030195
0.00277641
0.00254635
0.00233299
0.0021263
0.00191563
0.00233889
0.00187981
0.0015136
0.00121053
0.000935307
0.000687534
0.000467253
0.000272106
9.98268e-05
-5.15225e-05
-0.000183707
-0.00029832
-0.000396753
-0.000480171
-0.000549503
-0.000605439
-0.000648432
-0.000678701
-0.000696243
-0.000700849
-0.000692128
-0.000669533
-0.000632398
-0.000579971
-0.000511452
-0.000426032
-0.000322941
-0.000201493
-6.11341e-05
9.85138e-05
0.000277609
0.000476047
0.000693415
0.000928962
0.00118156
0.0014497
0.00173145
0.00202449
0.00232608
0.00263311
0.00294212
0.00324937
0.00355086
0.00384245
0.00411991
0.00437902
0.00461571
0.00482612
0.00500672
0.00515442
0.00526666
0.00534151
0.00537772
0.00537476
0.00533289
0.00525311
0.00513717
0.00498752
0.00480723
0.0045999
0.00436956
0.00412055
0.0038574
0.00358469
0.00330696
0.0030286
0.00275364
0.00248578
0.00222946
0.00198864
0.00175093
0.00150371
0.00247125
0.00196947
0.00157138
0.00124423
0.000948934
0.000684659
0.000451035
0.000245069
6.389e-05
-9.49724e-05
-0.00023376
-0.000354485
-0.000458891
-0.000548438
-0.000624291
-0.000687322
-0.000738115
-0.000776973
-0.000803931
-0.000818779
-0.000821086
-0.000810235
-0.00078546
-0.000745882
-0.000690548
-0.00061848
-0.000528722
-0.00042039
-0.000292723
-0.000145132
2.27523e-05
0.00021103
0.000419485
0.000647545
0.000894247
0.00115821
0.00143762
0.00173022
0.00203331
0.00234377
0.0026581
0.00297245
0.00328268
0.00358447
0.00387335
0.00414484
0.00439456
0.00461829
0.00481216
0.00497271
0.00509701
0.00518276
0.00522835
0.00523295
0.0051965
0.00511977
0.00500432
0.00485244
0.00466711
0.00445189
0.00421083
0.00394834
0.00366903
0.00337764
0.00307888
0.00277732
0.0024772
0.00218245
0.0018979
0.00162792
0.00135787
0.00107318
0.00255863
0.00201573
0.00158683
0.00123624
0.000921244
0.000640576
0.000393475
0.000176335
-1.42902e-05
-0.00018138
-0.000327628
-0.000455436
-0.000566883
-0.000663699
-0.000747268
-0.000818624
-0.000878462
-0.000927153
-0.000964757
-0.000991048
-0.00100555
-0.00100755
-0.000996177
-0.000970412
-0.000929141
-0.000871202
-0.00079544
-0.000700761
-0.000586181
-0.000450887
-0.000294283
-0.000116051
8.38053e-05
0.000304909
0.000546471
0.000807262
0.00108558
0.00137926
0.00168563
0.00200159
0.00232356
0.0026476
0.00296941
0.00328446
0.00358803
0.00387532
0.0041416
0.00438228
0.00459306
0.00477006
0.00490991
0.00500988
0.00506794
0.00508287
0.00505427
0.00498263
0.00486924
0.00471624
0.0045265
0.00430353
0.00405142
0.00377466
0.00347802
0.00316644
0.00284487
0.00251816
0.00219085
0.00186715
0.00155245
0.00125157
0.000947714
0.000624376
0.00259562
0.00201329
0.00155474
0.0011815
0.000847323
0.000550533
0.000289979
6.1464e-05
-0.000139012
-0.000314916
-0.000469372
-0.000605151
-0.00072464
-0.000829825
-0.000922284
-0.0010032
-0.00107335
-0.00113317
-0.00118272
-0.00122175
-0.00124971
-0.00126581
-0.00126904
-0.00125823
-0.00123209
-0.00118927
-0.00112839
-0.00104814
-0.000947295
-0.000824802
-0.000679822
-0.000511797
-0.000320505
-0.000106105
0.000130807
0.000389168
0.000667418
0.000963476
0.00127474
0.00159809
0.00192993
0.00226619
0.00260242
0.00293385
0.00325547
0.00356217
0.00384881
0.00411036
0.00434206
0.00453952
0.00469888
0.00481689
0.00489105
0.00491967
0.00490195
0.00483799
0.00472882
0.00457636
0.00438335
0.00415326
0.00389021
0.0035988
0.003284
0.00295101
0.0026051
0.00225147
0.00189503
0.00154041
0.00119359
0.000860007
0.000520666
0.000157134
0.00257708
0.00195709
0.00147018
0.00107516
0.000722453
0.000409932
0.00013607
-0.000103905
-0.000314529
-0.000499741
-0.000663072
-0.000807644
-0.000936135
-0.00105076
-0.00115328
-0.001245
-0.00132678
-0.00139908
-0.00146197
-0.00151513
-0.00155796
-0.00158955
-0.00160874
-0.00161422
-0.00160449
-0.00157799
-0.00153313
-0.00146835
-0.00138217
-0.00127327
-0.00114056
-0.000983219
-0.000800766
-0.00059313
-0.000360683
-0.000104298
0.000174624
0.000474121
0.000791662
0.00112415
0.00146795
0.00181888
0.00217234
0.00252331
0.00286649
0.00319638
0.00350741
0.00379408
0.0040511
0.0042735
0.00445684
0.00459728
0.00469176
0.00473804
0.00473483
0.00468181
0.00457965
0.00443
0.00423543
0.00399937
0.00372596
0.00341995
0.00308653
0.00273121
0.00235964
0.00197747
0.00159008
0.00120257
0.000821628
0.000453393
7.66418e-05
-0.000329033
0.00249814
0.00184234
0.00132843
0.000912627
0.000542111
0.000214345
-7.25876e-05
-0.000324021
-0.000545014
-0.000739957
-0.000912775
-0.00106692
-0.00120535
-0.00133049
-0.00144425
-0.00154805
-0.00164281
-0.00172902
-0.00180671
-0.00187553
-0.00193477
-0.00198339
-0.0020201
-0.00204339
-0.00205157
-0.00204287
-0.00201544
-0.00196745
-0.00189717
-0.00180299
-0.00168353
-0.00153769
-0.0013647
-0.00116423
-0.00093641
-0.00068188
-0.000401857
-9.81524e-05
0.000226802
0.000569952
0.000927631
0.00129559
0.00166905
0.00204275
0.00241107
0.00276811
0.00310784
0.00342421
0.00371134
0.00396363
0.00417596
0.00434383
0.0044635
0.0045321
0.00454774
0.0045096
0.00441792
0.00427402
0.00408025
0.00383995
0.0035573
0.00323718
0.00288507
0.00250681
0.00210852
0.00169636
0.00127624
0.000853865
0.000436723
3.1727e-05
-0.000384642
-0.000834849
0.00235412
0.00166448
0.00112503
0.000689501
0.000301989
-4.04626e-05
-0.000340161
-0.000602991
-0.000834519
-0.00103957
-0.00122246
-0.00138694
-0.00153622
-0.00167294
-0.00179915
-0.00191635
-0.00202552
-0.00212714
-0.00222122
-0.00230733
-0.00238465
-0.00245203
-0.002508
-0.00255086
-0.00257872
-0.00258954
-0.00258123
-0.00255169
-0.00249887
-0.00242088
-0.00231602
-0.00218287
-0.00202037
-0.00182786
-0.00160521
-0.00135279
-0.0010716
-0.00076325
-0.000430052
-7.49801e-05
0.000298305
0.000685483
0.00108162
0.00148123
0.00187835
0.00226666
0.00263963
0.00299062
0.00331308
0.00360071
0.00384763
0.00404856
0.00419899
0.0042953
0.00433492
0.00431639
0.00423943
0.00410495
0.00391504
0.00367289
0.00338269
0.00304948
0.00267902
0.00227756
0.00185173
0.00140827
0.000953747
0.000494513
3.89785e-05
-0.000405072
-0.000863572
-0.00136116
0.00214063
0.00141922
0.00085578
0.000401644
-1.99004e-06
-0.000358513
-0.000670622
-0.000944744
-0.00118694
-0.00140246
-0.00159597
-0.00177154
-0.00193261
-0.002082
-0.00222189
-0.00235386
-0.00247892
-0.00259755
-0.0027097
-0.00281487
-0.00291213
-0.00300017
-0.00307735
-0.00314177
-0.00319131
-0.00322368
-0.0032365
-0.00322738
-0.00319396
-0.00313402
-0.0030455
-0.00292666
-0.00277608
-0.00259277
-0.00237626
-0.00212663
-0.00184461
-0.00153158
-0.00118967
-0.000821727
-0.000431385
-2.29982e-05
0.000398368
0.000826996
0.0012566
0.00168043
0.00209139
0.00248223
0.00284567
0.00317461
0.00346232
0.00370264
0.00389015
0.00402038
0.00408992
0.00409658
0.00403943
0.00391889
0.00373668
0.0034958
0.0032004
0.00285568
0.0024677
0.00204316
0.00158924
0.00111338
0.000622837
0.000124739
-0.000371488
-0.000857086
-0.00136055
-0.00190885
0.00185353
0.00110254
0.000516724
4.51765e-05
-0.000373654
-0.00074359
-0.00106772
-0.001353
-0.00160598
-0.0018323
-0.002037
-0.00222441
-0.00239822
-0.0025614
-0.00271625
-0.00286441
-0.00300693
-0.00314426
-0.00327629
-0.00340243
-0.00352163
-0.00363242
-0.00373298
-0.0038212
-0.0038947
-0.00395093
-0.00398722
-0.00400086
-0.00398915
-0.00394951
-0.00387952
-0.00377705
-0.00364029
-0.00346789
-0.00325898
-0.00301331
-0.00273126
-0.00241395
-0.00206327
-0.00168191
-0.00127339
-0.000842081
-0.00039314
6.75078e-05
0.000533252
0.0009969
0.0014508
0.00188702
0.00229748
0.00267421
0.00300953
0.00329627
0.00352799
0.0036992
0.00380553
0.00384389
0.0038126
0.00371143
0.00354165
0.00330598
0.00300849
0.0026545
0.00225037
0.00180329
0.00132108
0.000811904
0.000283839
-0.000255139
-0.00079447
-0.00132431
-0.00187592
-0.00247874
0.00148895
0.000710698
0.00010421
-0.0003835
-0.000816556
-0.00119921
-0.00153496
-0.00183125
-0.00209511
-0.00233258
-0.00254902
-0.00274905
-0.00293656
-0.00311468
-0.00328581
-0.00345166
-0.00361328
-0.00377109
-0.00392492
-0.00407408
-0.00421739
-0.00435322
-0.00447955
-0.00459403
-0.00469405
-0.00477677
-0.00483921
-0.00487832
-0.00489103
-0.00487438
-0.00482556
-0.004742
-0.00462148
-0.0044622
-0.00426289
-0.00402286
-0.00374213
-0.00342146
-0.00306245
-0.00266756
-0.00224016
-0.00178457
-0.00130598
-0.000810517
-0.000305076
0.000202708
0.000704607
0.00119196
0.00165586
0.00208736
0.00247773
0.00281865
0.00310254
0.00332272
0.00347369
0.00355131
0.00355296
0.00347762
0.00332599
0.0031004
0.00280477
0.00244449
0.00202623
0.00155767
0.00104733
0.000504183
-6.27885e-05
-0.000644657
-0.0012296
-0.00180659
-0.00240984
-0.00307148
0.00104333
0.000240251
-0.000385112
-0.000887682
-0.00133396
-0.00172861
-0.00207554
-0.00238269
-0.00265753
-0.00290649
-0.00313524
-0.00334868
-0.00355089
-0.00374513
-0.00393392
-0.00411901
-0.00430144
-0.0044816
-0.00465928
-0.00483365
-0.0050034
-0.00516673
-0.00532143
-0.00546491
-0.00559429
-0.00570644
-0.00579804
-0.0058657
-0.00590597
-0.00591545
-0.0058909
-0.00582931
-0.00572796
-0.00558459
-0.00539743
-0.00516532
-0.00488783
-0.0045653
-0.00419896
-0.00379097
-0.00334449
-0.00286369
-0.00235377
-0.00182097
-0.00127247
-0.000716316
-0.000161318
0.000383118
0.000907184
0.00140089
0.00185434
0.00225796
0.00260282
0.00288092
0.00308543
0.00321096
0.00325376
0.00321187
0.00308522
0.00287563
0.00258677
0.00222405
0.00179439
0.00130602
0.000768156
0.000190694
-0.000416399
-0.00104313
-0.00167628
-0.0023035
-0.00296223
-0.0036875
0.000513457
-0.000311896
-0.000954263
-0.00147034
-0.00192879
-0.00233471
-0.00269237
-0.00301021
-0.00329613
-0.00355693
-0.00379858
-0.00402623
-0.00424414
-0.00445574
-0.0046636
-0.00486952
-0.00507455
-0.00527904
-0.00548269
-0.00568459
-0.00588327
-0.00607675
-0.00626262
-0.00643806
-0.00659991
-0.00674472
-0.00686886
-0.00696853
-0.00703989
-0.0070791
-0.00708243
-0.00704638
-0.00696771
-0.0068436
-0.00667176
-0.00645048
-0.0061788
-0.00585656
-0.00548453
-0.00506449
-0.00459929
-0.0040929
-0.00355044
-0.0029782
-0.00238357
-0.001775
-0.00116186
-0.000554311
3.68872e-05
0.000600637
0.00112576
0.00160128
0.00201679
0.00236275
0.0026308
0.00281408
0.0029075
0.00290791
0.0028143
0.00262781
0.00235173
0.00199138
0.00155392
0.00104808
0.000483857
-0.000127889
-0.000776095
-0.00144959
-0.0021336
-0.00281432
-0.00353268
-0.00432686
-0.000103519
-0.000948479
-0.0016059
-0.00213409
-0.00260364
-0.00302005
-0.003388
-0.00371637
-0.00401347
-0.00428646
-0.0045416
-0.00478427
-0.00501893
-0.00524911
-0.00547748
-0.00570588
-0.00593536
-0.00616621
-0.00639807
-0.00662991
-0.00686013
-0.00708657
-0.00730661
-0.00751719
-0.00771487
-0.00789588
-0.00805624
-0.00819176
-0.00829816
-0.00837113
-0.00840644
-0.00840003
-0.00834811
-0.00824725
-0.00809453
-0.00788766
-0.00762504
-0.00730594
-0.00693057
-0.00650024
-0.00601738
-0.00548566
-0.00491003
-0.00429674
-0.00365335
-0.00298861
-0.00231247
-0.00163582
-0.000970392
-0.000328469
0.000277399
0.000834713
0.00133139
0.00175614
0.00209886
0.00235098
0.00250578
0.00255871
0.00250757
0.0023526
0.00209654
0.00174451
0.00130381
0.000783674
0.000194883
-0.000450651
-0.00114067
-0.0018627
-0.00260025
-0.00333789
-0.00412035
-0.00498921
-0.000810051
-0.00167184
-0.00234231
-0.00288118
-0.00336072
-0.00378686
-0.00416462
-0.00450334
-0.00481171
-0.00509724
-0.00536646
-0.00562497
-0.0058774
-0.00612742
-0.00637777
-0.00663031
-0.0068861
-0.0071454
-0.00740776
-0.00767206
-0.00793653
-0.00819888
-0.00845625
-0.00870534
-0.00894243
-0.00916344
-0.00936402
-0.00953956
-0.00968533
-0.00979654
-0.0098684
-0.00989627
-0.00987573
-0.0098027
-0.00967359
-0.00948539
-0.00923582
-0.00892346
-0.00854788
-0.00810979
-0.00761109
-0.00705505
-0.00644633
-0.00579105
-0.00509681
-0.00437263
-0.00362894
-0.00287737
-0.00213063
-0.00140221
-0.000706139
-5.65749e-05
0.000532562
0.00104803
0.0014777
0.00181101
0.00203937
0.0021565
0.00215873
0.00204515
0.00181774
0.00148123
0.00104299
0.000512669
-9.81264e-05
-0.000776384
-0.00150855
-0.00228069
-0.00307444
-0.00387254
-0.00472386
-0.00567365
-0.00160816
-0.00248391
-0.00316536
-0.00371343
-0.00420184
-0.00463691
-0.005024
-0.00537289
-0.00569263
-0.00599102
-0.00627488
-0.00655004
-0.00682127
-0.00709236
-0.00736613
-0.00764448
-0.00792847
-0.00821831
-0.0085135
-0.0088128
-0.00911433
-0.00941561
-0.00971359
-0.0100047
-0.010285
-0.01055
-0.0107951
-0.0110151
-0.011205
-0.0113593
-0.0114727
-0.01154
-0.011556
-0.011516
-0.0114157
-0.0112511
-0.0110193
-0.0107181
-0.0103463
-0.0099038
-0.00939196
-0.00881346
-0.00817255
-0.0074751
-0.00672864
-0.00594236
-0.00512708
-0.00429511
-0.00346013
-0.00263688
-0.00184091
-0.00108817
-0.000394586
0.000224416
0.00075444
0.00118263
0.00149816
0.00169271
0.0017608
0.00170009
0.00151148
0.00119915
0.000770325
0.000235047
-0.000394298
-0.00110353
-0.0018777
-0.00270128
-0.00355379
-0.00441599
-0.0053412
-0.00637863
-0.00249939
-0.00338616
-0.00407648
-0.00463226
-0.0051284
-0.00557158
-0.00596753
-0.00632637
-0.00665752
-0.00696909
-0.00726814
-0.0075607
-0.0078517
-0.00814506
-0.00844366
-0.00874945
-0.00906348
-0.00938595
-0.00971628
-0.0100532
-0.0103946
-0.0107378
-0.0110798
-0.0114166
-0.011744
-0.0120572
-0.0123512
-0.0126205
-0.0128594
-0.0130621
-0.0132225
-0.0133348
-0.0133931
-0.0133919
-0.0133261
-0.0131908
-0.0129823
-0.0126975
-0.0123342
-0.0118916
-0.0113702
-0.0107721
-0.0101008
-0.00936196
-0.00856277
-0.00771251
-0.00682226
-0.00590497
-0.00497518
-0.00404892
-0.0031433
-0.00227615
-0.00146559
-0.000729413
-8.45811e-05
0.000453432
0.000871221
0.00115802
0.00130617
0.00131151
0.00117356
0.000895639
0.000484669
-4.90854e-05
-0.000692477
-0.00143013
-0.00224558
-0.00312157
-0.00403528
-0.00496524
-0.00596961
-0.00710184
-0.0034848
-0.00437961
-0.00507667
-0.00563864
-0.00614136
-0.00659183
-0.0069961
-0.00736467
-0.00770726
-0.00803227
-0.00834698
-0.00865763
-0.00896932
-0.00928605
-0.00961081
-0.00994559
-0.0102914
-0.0106485
-0.0110163
-0.0113932
-0.0117773
-0.0121657
-0.012555
-0.0129411
-0.0133196
-0.0136853
-0.0140329
-0.0143564
-0.0146496
-0.0149061
-0.0151193
-0.0152826
-0.0153894
-0.0154333
-0.0154083
-0.0153088
-0.0151298
-0.0148673
-0.0145183
-0.0140808
-0.0135545
-0.0129405
-0.0122418
-0.0114633
-0.0106119
-0.00969667
-0.00872897
-0.00772215
-0.0066916
-0.00565454
-0.00462967
-0.0036368
-0.00269634
-0.0018287
-0.00105366
-0.000389664
0.000146911
0.000542425
0.0007866
0.000873009
0.000799414
0.000567909
0.000184845
-0.000339456
-0.000991174
-0.00175372
-0.00260903
-0.00353795
-0.00451506
-0.00551643
-0.00660544
-0.00784006
-0.00456496
-0.00546479
-0.00616644
-0.00673309
-0.00724122
-0.00769813
-0.0081102
-0.00848821
-0.00884221
-0.00918083
-0.00951161
-0.00984095
-0.0101741
-0.0105152
-0.0108674
-0.0112325
-0.0116118
-0.0120055
-0.0124127
-0.0128322
-0.0132616
-0.0136981
-0.014138
-0.0145771
-0.0150107
-0.0154333
-0.0158391
-0.0162218
-0.0165746
-0.0168907
-0.0171627
-0.0173834
-0.0175452
-0.017641
-0.0176638
-0.0176069
-0.0174644
-0.0172311
-0.0169028
-0.0164766
-0.015951
-0.0153261
-0.0146039
-0.0137887
-0.0128867
-0.0119068
-0.0108602
-0.00976062
-0.00862417
-0.00746917
-0.00631588
-0.00518612
-0.0041027
-0.00308885
-0.00216744
-0.00136022
-0.000686956
-0.000164637
0.000193333
0.000377767
0.000384173
0.000213015
-0.000130277
-0.000635567
-0.00128849
-0.00207128
-0.00296417
-0.00394596
-0.00498838
-0.00606474
-0.00724401
-0.00858902
-0.00573988
-0.00664175
-0.00734584
-0.00791568
-0.00842805
-0.00889055
-0.00930982
-0.00969695
-0.0100622
-0.0104146
-0.0107617
-0.0111102
-0.0114654
-0.0118318
-0.0122123
-0.0126091
-0.0130233
-0.0134552
-0.0139039
-0.0143681
-0.0148454
-0.0153328
-0.0158266
-0.0163222
-0.0168147
-0.0172984
-0.0177671
-0.0182141
-0.018632
-0.0190135
-0.0193505
-0.019635
-0.0198587
-0.0200135
-0.0200914
-0.0200847
-0.0199862
-0.0197896
-0.0194895
-0.0190816
-0.0185633
-0.0179334
-0.017193
-0.0163452
-0.0153956
-0.0143524
-0.0132268
-0.0120324
-0.010786
-0.00950685
-0.00821669
-0.00693931
-0.00570004
-0.00452504
-0.00344054
-0.00247195
-0.00164286
-0.000974097
-0.000482759
-0.00018137
-7.72409e-05
-0.000172048
-0.000461719
-0.000936623
-0.00158206
-0.00237911
-0.0033063
-0.0043402
-0.00544942
-0.00660418
-0.00787948
-0.00934325
-0.00700906
-0.00791002
-0.00861448
-0.009186
-0.00970146
-0.0101687
-0.0105945
-0.0109904
-0.0113667
-0.0117327
-0.0120963
-0.0124642
-0.012842
-0.0132341
-0.0136438
-0.0140732
-0.0145236
-0.0149951
-0.015487
-0.0159979
-0.0165254
-0.0170663
-0.0176168
-0.0181723
-0.0187275
-0.0192764
-0.0198125
-0.0203286
-0.0208171
-0.0212697
-0.021678
-0.0220329
-0.0223256
-0.0225467
-0.0226874
-0.0227387
-0.0226923
-0.0225405
-0.0222766
-0.021895
-0.0213915
-0.0207638
-0.0200115
-0.0191366
-0.0181436
-0.0170402
-0.0158367
-0.0145469
-0.0131878
-0.0117795
-0.010345
-0.00891013
-0.00750258
-0.00615163
-0.00488709
-0.00373833
-0.00273322
-0.00189697
-0.00125096
-0.000811704
-0.000589986
-0.000590243
-0.000810292
-0.00124143
-0.00186888
-0.00267273
-0.00362977
-0.00471417
-0.00589113
-0.00712748
-0.0085046
-0.0100958
-0.00837143
-0.00926866
-0.00997146
-0.0105432
-0.0110606
-0.0115316
-0.0119634
-0.0123674
-0.0127545
-0.0131339
-0.0135138
-0.0139012
-0.0143018
-0.01472
-0.0151593
-0.0156221
-0.0161094
-0.0166216
-0.0171581
-0.0177173
-0.0182969
-0.0188936
-0.0195035
-0.0201218
-0.020743
-0.021361
-0.0219688
-0.0225588
-0.0231229
-0.0236524
-0.024138
-0.02457
-0.0249386
-0.0252336
-0.0254448
-0.0255623
-0.0255764
-0.0254781
-0.0252592
-0.0249125
-0.0244323
-0.0238148
-0.0230581
-0.0221628
-0.0211322
-0.0199729
-0.0186944
-0.0173102
-0.0158373
-0.0142963
-0.0127114
-0.0111101
-0.00952274
-0.00798155
-0.00652011
-0.00517207
-0.00396999
-0.00294399
-0.0021204
-0.00152044
-0.00115911
-0.00104433
-0.00117646
-0.00154825
-0.00214525
-0.00294674
-0.00392779
-0.00506008
-0.00630507
-0.00762585
-0.00911058
-0.0108383
-0.00982544
-0.0107162
-0.0114155
-0.0119861
-0.0125043
-0.0129782
-0.0134151
-0.0138267
-0.014224
-0.0146164
-0.0150123
-0.0154189
-0.015842
-0.0162864
-0.0167554
-0.0172517
-0.0177765
-0.0183301
-0.018912
-0.0195208
-0.0201539
-0.0208082
-0.0214797
-0.0221634
-0.0228537
-0.0235441
-0.0242274
-0.0248958
-0.0255404
-0.0261521
-0.0267209
-0.0272364
-0.0276877
-0.0280639
-0.0283536
-0.0285455
-0.0286288
-0.0285929
-0.028428
-0.0281254
-0.0276778
-0.0270795
-0.026327
-0.0254193
-0.0243582
-0.0231489
-0.0218
-0.0203241
-0.0187379
-0.0170624
-0.0153227
-0.0135479
-0.0117703
-0.0100255
-0.00835086
-0.00678449
-0.00536405
-0.00412514
-0.00309968
-0.00231438
-0.00178929
-0.00153666
-0.00156016
-0.00185468
-0.00240657
-0.00319463
-0.0041923
-0.00536868
-0.0066812
-0.00808879
-0.00968683
-0.0115603
-0.011369
-0.0122509
-0.0129448
-0.013513
-0.0140309
-0.0145067
-0.0149479
-0.0153663
-0.0157731
-0.0161778
-0.0165891
-0.0170142
-0.0174594
-0.0179293
-0.0184278
-0.0189573
-0.0195195
-0.0201147
-0.0207425
-0.0214014
-0.022089
-0.0228023
-0.0235369
-0.0242881
-0.0250499
-0.0258157
-0.026578
-0.0273285
-0.028058
-0.0287568
-0.0294142
-0.0300192
-0.03056
-0.0310244
-0.0314002
-0.0316748
-0.0318358
-0.0318713
-0.0317699
-0.0315211
-0.0311158
-0.0305464
-0.0298077
-0.0288967
-0.0278135
-0.0265617
-0.0251484
-0.0235854
-0.0218886
-0.0200789
-0.0181819
-0.0162279
-0.0142516
-0.0122912
-0.010388
-0.00858478
-0.00692462
-0.00544907
-0.00419635
-0.00319948
-0.00248448
-0.00206887
-0.00196057
-0.0021574
-0.00264717
-0.00340861
-0.00441374
-0.00562904
-0.00700761
-0.00850385
-0.0102207
-0.0122494
-0.0129995
-0.0138703
-0.0145573
-0.0151219
-0.0156384
-0.0161152
-0.0165598
-0.016984
-0.0173993
-0.0178153
-0.0182409
-0.0186836
-0.0191497
-0.0196443
-0.0201712
-0.0207333
-0.0213322
-0.0219685
-0.0226418
-0.0233509
-0.0240934
-0.0248662
-0.0256651
-0.0264851
-0.0273203
-0.0281637
-0.0290077
-0.0298436
-0.0306618
-0.0314521
-0.0322031
-0.032903
-0.0335392
-0.0340986
-0.0345677
-0.0349328
-0.03518
-0.0352959
-0.0352673
-0.0350821
-0.0347292
-0.0341991
-0.0334844
-0.0325802
-0.0314845
-0.030199
-0.0287292
-0.0270855
-0.0252826
-0.0233411
-0.0212866
-0.0191503
-0.0169685
-0.0147824
-0.0126367
-0.0105792
-0.00865842
-0.00692243
-0.00541637
-0.0041804
-0.00324752
-0.00264156
-0.00237579
-0.00245192
-0.00286003
-0.00357937
-0.00458082
-0.00582831
-0.00727032
-0.00885632
-0.0106973
-0.0128907
-0.0147139
-0.0155718
-0.0162505
-0.0168105
-0.0173247
-0.0178014
-0.0182482
-0.0186772
-0.0190997
-0.0195257
-0.0199641
-0.0204228
-0.0209083
-0.0214259
-0.0219797
-0.0225728
-0.0232071
-0.0238833
-0.0246013
-0.0253599
-0.0261569
-0.0269891
-0.0278525
-0.028742
-0.0296516
-0.0305742
-0.0315019
-0.0324257
-0.0333357
-0.034221
-0.0350697
-0.0358693
-0.0366064
-0.0372668
-0.037836
-0.0382988
-0.0386402
-0.038845
-0.0388985
-0.0387866
-0.0384962
-0.0380159
-0.0373359
-0.0364493
-0.0353517
-0.0340427
-0.0325258
-0.0308095
-0.0289073
-0.0268385
-0.0246285
-0.022309
-0.0199176
-0.0174978
-0.0150978
-0.01277
-0.0105689
-0.00854905
-0.00676333
-0.00525985
-0.00407957
-0.00325386
-0.0028025
-0.00273228
-0.00303654
-0.00369578
-0.00468025
-0.00595142
-0.00745296
-0.009129
-0.0110989
-0.0134667
-0.0165089
-0.0173525
-0.0180218
-0.0185762
-0.0190872
-0.0195628
-0.0200108
-0.0204431
-0.0208711
-0.0213052
-0.0217545
-0.022227
-0.0227297
-0.023268
-0.0238465
-0.0244685
-0.025136
-0.0258502
-0.026611
-0.0274176
-0.0282677
-0.0291585
-0.0300858
-0.0310446
-0.0320289
-0.0330313
-0.0340439
-0.0350573
-0.0360612
-0.0370442
-0.037994
-0.0388973
-0.0397398
-0.0405064
-0.0411815
-0.0417487
-0.0421915
-0.0424933
-0.0426375
-0.0426082
-0.0423904
-0.0419703
-0.041336
-0.0404781
-0.0393899
-0.0380685
-0.0365151
-0.034736
-0.0327429
-0.0305537
-0.0281929
-0.025692
-0.0230894
-0.0204305
-0.0177668
-0.0151549
-0.0126551
-0.0103291
-0.00823774
-0.00643788
-0.00497955
-0.00390289
-0.00323551
-0.00299065
-0.00316611
-0.00374463
-0.00469641
-0.00598077
-0.00753644
-0.00930179
-0.011405
-0.0139567
-0.0183808
-0.019209
-0.0198684
-0.0204166
-0.0209235
-0.0213969
-0.0218446
-0.0222785
-0.0227101
-0.02315
-0.0236076
-0.0240911
-0.0246079
-0.025164
-0.025764
-0.0264116
-0.0271094
-0.0278587
-0.0286597
-0.0295118
-0.030413
-0.0313605
-0.0323502
-0.0333773
-0.0344354
-0.0355175
-0.0366152
-0.0377188
-0.0388178
-0.0399004
-0.0409537
-0.0419635
-0.042915
-0.0437921
-0.044578
-0.0452552
-0.0458058
-0.0462117
-0.0464545
-0.0465165
-0.0463807
-0.0460309
-0.0454531
-0.0446351
-0.0435679
-0.0422459
-0.0406677
-0.038837
-0.0367632
-0.0344624
-0.0319577
-0.0292797
-0.0264673
-0.0235669
-0.0206328
-0.0177256
-0.0149111
-0.0122582
-0.0098361
-0.00771115
-0.00594344
-0.00458314
-0.00366724
-0.00321691
-0.00323584
-0.00371019
-0.00461103
-0.00589592
-0.0074986
-0.00935137
-0.0115916
-0.0143366
-0.0203255
-0.0211382
-0.0217873
-0.0223288
-0.0228309
-0.023301
-0.0237469
-0.0241803
-0.0246131
-0.0250559
-0.0255184
-0.0260094
-0.0265366
-0.0271063
-0.0277237
-0.0283931
-0.0291171
-0.0298977
-0.0307353
-0.0316294
-0.0325785
-0.0335799
-0.0346296
-0.0357228
-0.0368533
-0.0380137
-0.0391956
-0.0403892
-0.0415836
-0.0427664
-0.0439243
-0.0450426
-0.0461055
-0.0470961
-0.0479966
-0.0487884
-0.0494521
-0.0499681
-0.0503165
-0.0504775
-0.0504321
-0.0501622
-0.049651
-0.048884
-0.0478494
-0.0465387
-0.0449478
-0.0430776
-0.0409348
-0.038533
-0.0358934
-0.0330454
-0.0300272
-0.026886
-0.023678
-0.0204672
-0.0173248
-0.0143264
-0.01155
-0.009072
-0.00696343
-0.00528584
-0.00408712
-0.00339808
-0.00322998
-0.00357386
-0.00440275
-0.00567311
-0.00731381
-0.00925077
-0.0116311
-0.0145785
-0.0223391
-0.0231367
-0.0237757
-0.0243104
-0.024807
-0.0252727
-0.0257149
-0.0261455
-0.0265764
-0.0270184
-0.0274818
-0.0279758
-0.0285085
-0.0290869
-0.0297168
-0.0304027
-0.031148
-0.0319549
-0.0328243
-0.0337561
-0.034749
-0.0358004
-0.0369066
-0.0380628
-0.0392629
-0.0404994
-0.0417638
-0.043046
-0.0443347
-0.0456174
-0.0468801
-0.0481075
-0.0492831
-0.0503891
-0.0514068
-0.0523163
-0.0530971
-0.053728
-0.0541875
-0.0544541
-0.0545066
-0.0543248
-0.0538896
-0.0531838
-0.0521928
-0.0509052
-0.049314
-0.0474168
-0.0452175
-0.0427267
-0.0399632
-0.0369544
-0.0337373
-0.030359
-0.0268767
-0.0233574
-0.0198768
-0.0165173
-0.0133653
-0.0105076
-0.00802719
-0.00599815
-0.00448091
-0.00351777
-0.00312946
-0.00331365
-0.00404669
-0.00528489
-0.00695252
-0.00896892
-0.0114913
-0.0146501
-0.0244173
-0.0252011
-0.0258309
-0.0263589
-0.0268496
-0.0273096
-0.0277461
-0.028171
-0.0285962
-0.0290332
-0.0294925
-0.029984
-0.0305164
-0.0310974
-0.0317335
-0.0324297
-0.0331901
-0.0340173
-0.0349127
-0.0358766
-0.036908
-0.0380045
-0.0391628
-0.0403779
-0.0416438
-0.0429531
-0.044297
-0.0456654
-0.0470466
-0.0484276
-0.049794
-0.05113
-0.0524182
-0.0536403
-0.0547763
-0.0558054
-0.0567058
-0.0574549
-0.0580297
-0.0584069
-0.0585634
-0.0584768
-0.0581255
-0.05749
-0.0565527
-0.0552993
-0.0537196
-0.051808
-0.049565
-0.0469982
-0.044123
-0.0409645
-0.0375577
-0.0339488
-0.0301952
-0.0263659
-0.0225404
-0.0188071
-0.0152609
-0.011999
-0.00911687
-0.00670235
-0.00482999
-0.00355553
-0.0029113
-0.00290363
-0.00351395
-0.0046996
-0.00638075
-0.00847015
-0.0111356
-0.0145142
-0.0265563
-0.0273286
-0.0279506
-0.0284726
-0.028957
-0.0294099
-0.0298383
-0.030254
-0.0306692
-0.0310958
-0.0315449
-0.0320273
-0.0325524
-0.0331288
-0.0337635
-0.0344626
-0.0352307
-0.036071
-0.0369855
-0.0379748
-0.0390384
-0.0401741
-0.0413788
-0.0426477
-0.0439747
-0.0453525
-0.0467721
-0.0482231
-0.0496937
-0.0511704
-0.0526384
-0.0540812
-0.0554808
-0.0568181
-0.0580722
-0.0592213
-0.0602424
-0.0611115
-0.0618041
-0.0622953
-0.0625602
-0.062574
-0.0623132
-0.0617554
-0.0608806
-0.0596713
-0.058114
-0.0561999
-0.0539258
-0.0512959
-0.0483222
-0.0450264
-0.0414411
-0.0376104
-0.0335914
-0.0294539
-0.0252803
-0.0211643
-0.0172083
-0.0135203
-0.0102083
-0.00737501
-0.00511052
-0.00348608
-0.00254792
-0.00231338
-0.00277104
-0.00388082
-0.0055596
-0.00771365
-0.0105221
-0.0141281
-0.0287522
-0.0295166
-0.0301331
-0.03065
-0.031128
-0.0315724
-0.0319899
-0.0323922
-0.0327921
-0.0332018
-0.0336337
-0.034099
-0.0346085
-0.0351715
-0.0357961
-0.0364893
-0.0372564
-0.0381014
-0.0390268
-0.0400338
-0.0411222
-0.0422902
-0.0435348
-0.0448513
-0.0462339
-0.0476749
-0.0491653
-0.0506945
-0.0522504
-0.0538191
-0.0553853
-0.056932
-0.0584406
-0.059891
-0.0612617
-0.0625297
-0.063671
-0.0646602
-0.0654715
-0.0660784
-0.066454
-0.0665719
-0.066406
-0.0659317
-0.0651262
-0.0639691
-0.0624436
-0.0605376
-0.0582442
-0.0555637
-0.0525043
-0.0490843
-0.0453327
-0.0412912
-0.0370152
-0.0325743
-0.0280528
-0.0235485
-0.0191709
-0.0150378
-0.0112702
-0.00798609
-0.00529264
-0.00327858
-0.00200647
-0.00150729
-0.00177924
-0.00278676
-0.00444457
-0.00665287
-0.00960269
-0.0134435
-0.0310019
-0.0317633
-0.0323774
-0.0328908
-0.0333623
-0.0337965
-0.0341997
-0.0345838
-0.034962
-0.0353474
-0.0357533
-0.0361923
-0.0366762
-0.0372157
-0.0378201
-0.0384972
-0.0392533
-0.0400933
-0.0410204
-0.0420363
-0.0431411
-0.0443334
-0.0456104
-0.0469677
-0.0483991
-0.0498972
-0.0514527
-0.0530548
-0.0546911
-0.0563472
-0.0580074
-0.059654
-0.0612679
-0.0628283
-0.0643126
-0.065697
-0.0669564
-0.0680643
-0.0689934
-0.0697156
-0.0702026
-0.0704259
-0.0703574
-0.0699701
-0.0692386
-0.0681397
-0.0666535
-0.0647642
-0.0624615
-0.0597416
-0.0566089
-0.0530772
-0.049172
-0.0449315
-0.0404085
-0.0356716
-0.0308054
-0.0259108
-0.0211032
-0.0165095
-0.0122633
-0.0084982
-0.00533969
-0.00289583
-0.00124807
-0.000443898
-0.000493946
-0.0013696
-0.00298497
-0.00523484
-0.00832306
-0.0124051
-0.0333028
-0.0340677
-0.0346838
-0.0351957
-0.0356608
-0.0360829
-0.0364678
-0.0368277
-0.0371765
-0.0375286
-0.0378984
-0.0383001
-0.038747
-0.0392513
-0.0398236
-0.040473
-0.0412069
-0.0420311
-0.0429494
-0.0439642
-0.0450761
-0.046284
-0.0475853
-0.0489755
-0.0504486
-0.051997
-0.0536112
-0.0552801
-0.0569909
-0.058729
-0.0604779
-0.0622197
-0.0639342
-0.0656001
-0.0671939
-0.068691
-0.070065
-0.0712884
-0.0723327
-0.0731683
-0.0737651
-0.0740931
-0.0741222
-0.073823
-0.0731678
-0.0721306
-0.0706885
-0.0688223
-0.0665181
-0.063768
-0.0605722
-0.0569404
-0.0528936
-0.0484661
-0.0437071
-0.038683
-0.0334778
-0.0281938
-0.0229511
-0.0178846
-0.0131397
-0.0088658
-0.00520734
-0.00229345
-0.00022701
0.000924934
0.00113607
0.00042522
-0.00112314
-0.00339943
-0.00662144
-0.0109504
-0.0356532
-0.0364302
-0.0370538
-0.0375668
-0.0380258
-0.0384334
-0.0387952
-0.0391238
-0.0394342
-0.0397421
-0.0400639
-0.0404155
-0.0408122
-0.0412678
-0.0417947
-0.0424033
-0.0431024
-0.0438985
-0.0447966
-0.0457996
-0.0469084
-0.0481224
-0.049439
-0.0508538
-0.0523607
-0.053952
-0.0556179
-0.057347
-0.0591261
-0.0609401
-0.062772
-0.064603
-0.0664128
-0.0681787
-0.0698769
-0.0714816
-0.0729654
-0.0742998
-0.075455
-0.0764
-0.0771033
-0.0775331
-0.0776575
-0.0774452
-0.0768658
-0.0758911
-0.074495
-0.0726553
-0.0703544
-0.0675805
-0.0643297
-0.0606071
-0.056429
-0.0518253
-0.0468411
-0.0415393
-0.036002
-0.0303319
-0.0246518
-0.0191033
-0.0138427
-0.00903468
-0.00484293
-0.00141913
0.00111006
0.00265478
0.00316949
0.00265985
0.00120636
-0.00107853
-0.00442796
-0.00900869
-0.038053
-0.0388529
-0.039491
-0.0400084
-0.0404615
-0.0408517
-0.0411844
-0.041473
-0.041734
-0.0419851
-0.0422448
-0.0425316
-0.0428627
-0.0432544
-0.0437208
-0.044274
-0.0449243
-0.0456792
-0.0465447
-0.0475241
-0.0486191
-0.049829
-0.0511515
-0.0525821
-0.0541147
-0.0557412
-0.0574515
-0.0592338
-0.0610744
-0.0629577
-0.0648661
-0.0667803
-0.068679
-0.070539
-0.0723354
-0.0740415
-0.0756292
-0.0770687
-0.0783289
-0.0793777
-0.0801822
-0.0807088
-0.0809241
-0.0807946
-0.080288
-0.0793734
-0.0780223
-0.0762091
-0.073913
-0.0711184
-0.0678172
-0.06401
-0.0597083
-0.0549371
-0.0497369
-0.0441662
-0.0383041
-0.0322521
-0.0261343
-0.0200973
-0.0143067
-0.00894156
-0.0041849
-0.000211852
0.0028249
0.0048095
0.00567331
0.0054049
0.00407768
0.00180491
-0.00166371
-0.00650042
-0.0405035
-0.0413401
-0.0420013
-0.042527
-0.0429743
-0.0433433
-0.0436395
-0.0438777
-0.0440762
-0.0442553
-0.0444366
-0.0446412
-0.0448895
-0.0451999
-0.045589
-0.0460708
-0.046657
-0.0473565
-0.0481761
-0.0491197
-0.0501894
-0.0513848
-0.0527036
-0.0541411
-0.0556909
-0.0573447
-0.0590919
-0.0609202
-0.0628154
-0.0647613
-0.0667396
-0.0687302
-0.0707111
-0.0726584
-0.0745462
-0.076347
-0.0780315
-0.0795689
-0.0809271
-0.0820726
-0.0829711
-0.0835876
-0.083887
-0.083834
-0.0833942
-0.0825345
-0.0812237
-0.0794337
-0.0771401
-0.074324
-0.070973
-0.0670835
-0.0626622
-0.057729
-0.052319
-0.0464862
-0.0403055
-0.0338756
-0.0273205
-0.0207899
-0.0144571
-0.00851395
-0.00316233
0.00139865
0.00498848
0.00746213
0.00872375
0.00874046
0.00757475
0.00533798
0.00176039
-0.00333584
-0.0430086
-0.0438989
-0.0445938
-0.0451324
-0.0455736
-0.0459166
-0.046167
-0.0463417
-0.0464618
-0.0465512
-0.0466348
-0.0467375
-0.046883
-0.0470928
-0.047386
-0.0477789
-0.0482846
-0.0489136
-0.0496732
-0.0505684
-0.0516012
-0.0527715
-0.0540768
-0.0555122
-0.057071
-0.0587442
-0.060521
-0.0623883
-0.0643312
-0.0663328
-0.0683741
-0.0704344
-0.0724906
-0.074518
-0.0764899
-0.0783777
-0.0801512
-0.0817786
-0.0832264
-0.0844601
-0.0854439
-0.0861416
-0.0865162
-0.0865309
-0.0861493
-0.0853362
-0.0840581
-0.082284
-0.0799868
-0.077144
-0.0737396
-0.0697656
-0.0652241
-0.0601297
-0.0545126
-0.048421
-0.041925
-0.0351195
-0.0281267
-0.0210976
-0.0142111
-0.00767044
-0.00169489
0.0034924
0.00768165
0.0106957
0.0124073
0.0127572
0.0117925
0.0096191
0.00594484
0.000586007
-0.0455752
-0.0465403
-0.0472817
-0.0478384
-0.0482726
-0.0485828
-0.0487757
-0.0488708
-0.0488934
-0.0488716
-0.0488352
-0.0488133
-0.0488336
-0.0489212
-0.0490982
-0.0493831
-0.049791
-0.0503335
-0.051019
-0.0518527
-0.052837
-0.0539717
-0.055254
-0.0566786
-0.0582384
-0.0599237
-0.0617229
-0.0636223
-0.0656062
-0.067657
-0.0697547
-0.0718777
-0.0740021
-0.0761023
-0.0781506
-0.0801175
-0.0819717
-0.0836801
-0.0852084
-0.0865206
-0.0875798
-0.0883482
-0.0887874
-0.0888588
-0.0885244
-0.0877468
-0.0864903
-0.0847215
-0.0824104
-0.0795315
-0.0760652
-0.0719994
-0.0673318
-0.0620721
-0.0562449
-0.049893
-0.0430809
-0.0358987
-0.0284654
-0.0209314
-0.0134793
-0.00632137
0.000307015
0.00615935
0.0109957
0.0146042
0.0168219
0.0175578
0.0168383
0.0147596
0.0110032
0.00537879
-0.0482142
-0.0492802
-0.0500835
-0.0506638
-0.051089
-0.0513573
-0.0514774
-0.051473
-0.0513747
-0.0512165
-0.0510337
-0.0508611
-0.050731
-0.0506727
-0.0507114
-0.0508681
-0.0511599
-0.0515996
-0.0521964
-0.0529558
-0.0538802
-0.0549692
-0.0562194
-0.0576252
-0.0591785
-0.0608689
-0.0626841
-0.0646093
-0.0666281
-0.0687216
-0.0708693
-0.0730484
-0.0752342
-0.0773999
-0.0795168
-0.0815545
-0.0834805
-0.0852607
-0.0868594
-0.0882397
-0.0893631
-0.0901904
-0.0906819
-0.0907973
-0.0904966
-0.0897408
-0.088492
-0.0867144
-0.0843754
-0.0814466
-0.077905
-0.0737349
-0.0689298
-0.0634946
-0.0574485
-0.0508287
-0.043694
-0.0361288
-0.0282477
-0.0201989
-0.0121666
-0.00436996
0.00294158
0.00949928
0.0150328
0.0192933
0.0220779
0.0232581
0.0228336
0.0208854
0.0170638
0.0111707
-0.050942
-0.052141
-0.0530245
-0.0536339
-0.0540461
-0.05426
-0.0542876
-0.0541587
-0.0539111
-0.0535862
-0.0532266
-0.0528734
-0.0525647
-0.0523342
-0.0522107
-0.052218
-0.0523749
-0.0526953
-0.0531889
-0.0538616
-0.0547153
-0.0557492
-0.0569592
-0.0583389
-0.0598791
-0.0615686
-0.0633938
-0.0653393
-0.0673872
-0.0695179
-0.0717096
-0.0739386
-0.0761789
-0.0784029
-0.0805808
-0.0826809
-0.0846697
-0.0865119
-0.0881707
-0.0896077
-0.0907833
-0.0916568
-0.0921869
-0.0923318
-0.0920498
-0.0912999
-0.0900421
-0.0882385
-0.085854
-0.0828574
-0.0792227
-0.0749307
-0.0699708
-0.0643435
-0.058063
-0.0511609
-0.0436899
-0.0357286
-0.027386
-0.018807
-0.0101751
-0.0017142
0.00631436
0.0136212
0.0199059
0.0248809
0.0282993
0.0299892
0.0299162
0.02814
0.0242728
0.0181066
-0.0537822
-0.055154
-0.0561391
-0.0567828
-0.0571748
-0.0573168
-0.057226
-0.0569411
-0.0565093
-0.0559817
-0.0554097
-0.054842
-0.0543232
-0.053892
-0.0535811
-0.0534168
-0.0534195
-0.0536043
-0.053981
-0.0545552
-0.0553284
-0.0562988
-0.0574614
-0.0588087
-0.0603303
-0.0620137
-0.0638443
-0.0658052
-0.0678775
-0.0700403
-0.0722707
-0.0745437
-0.0768323
-0.0791077
-0.0813389
-0.0834931
-0.0855356
-0.0874299
-0.089138
-0.0906201
-0.0918352
-0.0927413
-0.0932954
-0.0934541
-0.0931741
-0.0924123
-0.0911268
-0.0892775
-0.0868269
-0.0837411
-0.0799912
-0.0755546
-0.0704172
-0.0645751
-0.0580378
-0.0508313
-0.0430025
-0.0346236
-0.0257978
-0.016665
-0.00740675
0.00175061
0.0105364
0.0186424
0.0257388
0.0314981
0.0356254
0.037899
0.0382429
0.0366869
0.0327967
0.0263515
-0.0567683
-0.0583621
-0.0594738
-0.060155
-0.060515
-0.0605606
-0.0603175
-0.0598366
-0.0591779
-0.0584045
-0.0575786
-0.0567579
-0.0559941
-0.0553315
-0.0548065
-0.0544479
-0.0542776
-0.0543109
-0.0545577
-0.0550229
-0.0557069
-0.0566069
-0.0577164
-0.0590263
-0.0605251
-0.0621986
-0.0640308
-0.0660034
-0.0680961
-0.0702867
-0.0725511
-0.0748628
-0.0771939
-0.0795141
-0.0817913
-0.0839914
-0.0860787
-0.0880152
-0.0897616
-0.0912768
-0.0925184
-0.0934429
-0.0940057
-0.0941618
-0.0938659
-0.0930732
-0.0917397
-0.089823
-0.0872832
-0.0840839
-0.0801932
-0.0755854
-0.0702427
-0.0641573
-0.0573339
-0.0497934
-0.0415767
-0.0327497
-0.0234092
-0.0136892
-0.00376777
0.0061283
0.0157212
0.024686
0.0326647
0.0392887
0.0442117
0.0471553
0.0479926
0.0467139
0.0428271
0.036094
-0.0599476
-0.0618241
-0.0630907
-0.0638098
-0.0641185
-0.0640332
-0.0635929
-0.0628652
-0.0619269
-0.0608562
-0.0597281
-0.0586109
-0.0575639
-0.056637
-0.0558702
-0.0552946
-0.0549327
-0.0547999
-0.0549053
-0.0552524
-0.0558404
-0.0566646
-0.0577168
-0.0589861
-0.0604592
-0.0621202
-0.0639515
-0.0659331
-0.0680433
-0.0702583
-0.0725526
-0.0748985
-0.0772667
-0.0796255
-0.0819418
-0.08418
-0.0863031
-0.0882719
-0.0900457
-0.091582
-0.092837
-0.0937655
-0.0943214
-0.0944579
-0.0941279
-0.0932845
-0.0918816
-0.0898746
-0.0872211
-0.0838819
-0.0798223
-0.0750134
-0.0694338
-0.0630715
-0.0559268
-0.0480155
-0.0393725
-0.0300571
-0.0201595
-0.00980718
0.000826879
0.0115171
0.0219807
0.0318784
0.0408246
0.0484096
0.0542315
0.0579478
0.0593707
0.0584388
0.054587
0.0475522
-0.0633862
-0.0656205
-0.0670738
-0.0678249
-0.0680518
-0.0677872
-0.0670898
-0.0660504
-0.0647675
-0.063338
-0.0618519
-0.060389
-0.059017
-0.0577911
-0.0567545
-0.0559395
-0.0553688
-0.0550568
-0.055011
-0.0552331
-0.0557202
-0.0564652
-0.0574579
-0.058685
-0.0601312
-0.0617787
-0.0636078
-0.0655969
-0.0677225
-0.0699594
-0.0722804
-0.0746566
-0.077057
-0.0794488
-0.0817974
-0.0840661
-0.0862164
-0.0882079
-0.0899983
-0.0915439
-0.0927992
-0.0937174
-0.0942509
-0.0943508
-0.0939683
-0.0930544
-0.0915606
-0.08944
-0.0866476
-0.0831413
-0.0788834
-0.0738416
-0.0679906
-0.0613144
-0.0538087
-0.0454836
-0.0363682
-0.026515
-0.0160068
-0.00496378
0.00644716
0.0180035
0.0294197
0.0403438
0.0503643
0.059029
0.0658764
0.0704919
0.0726147
0.0721165
0.0683382
0.0609818
-0.0671764
-0.0698623
-0.0715359
-0.0723027
-0.0724002
-0.0718878
-0.0708534
-0.0694191
-0.0677113
-0.0658494
-0.0639408
-0.0620776
-0.0603356
-0.0587747
-0.0574402
-0.0563646
-0.0555696
-0.0550674
-0.0548632
-0.0549559
-0.0553396
-0.0560044
-0.0569373
-0.0581227
-0.0595425
-0.0611769
-0.0630039
-0.0650001
-0.0671402
-0.0693973
-0.0717425
-0.0741455
-0.0765738
-0.0789934
-0.0813682
-0.0836602
-0.0858294
-0.0878342
-0.0896309
-0.0911741
-0.092417
-0.0933112
-0.093807
-0.093854
-0.0934012
-0.0923974
-0.0907919
-0.0885351
-0.0855791
-0.0818789
-0.0773934
-0.0720865
-0.065929
-0.0589002
-0.0509906
-0.0422047
-0.0325649
-0.0221162
-0.0109332
0.000872025
0.0131404
0.0256544
0.0381276
0.0501978
0.0614284
0.0713234
0.0793569
0.0850322
0.0880012
0.088049
0.0843944
0.0766868
-0.0714486
-0.0747026
-0.0766298
-0.077378
-0.0772726
-0.0764153
-0.0749366
-0.0730007
-0.0707689
-0.0683872
-0.0659821
-0.063658
-0.061498
-0.0595654
-0.057906
-0.0565507
-0.0555184
-0.0548182
-0.0544514
-0.0544131
-0.0546937
-0.0552799
-0.0561553
-0.0573013
-0.0586971
-0.0603203
-0.0621468
-0.0641509
-0.0663054
-0.0685817
-0.0709494
-0.0733764
-0.075829
-0.0782716
-0.0806668
-0.0829751
-0.0851555
-0.0871647
-0.0889577
-0.0904877
-0.0917062
-0.0925632
-0.0930073
-0.0929861
-0.0924464
-0.0913349
-0.0895983
-0.0871842
-0.0840418
-0.0801227
-0.075382
-0.0697797
-0.0632816
-0.0558622
-0.0475058
-0.0382103
-0.0279905
-0.0168828
-0.0049523
0.00769922
0.0209223
0.0345069
0.0481687
0.0615374
0.0741525
0.0854726
0.0949009
0.101846
0.105855
0.1066
0.103137
0.095037
-0.076388
-0.0803556
-0.0825635
-0.0832285
-0.0828067
-0.0814667
-0.0793996
-0.0768249
-0.0739469
-0.0709418
-0.0679557
-0.0651047
-0.0624769
-0.0601365
-0.0581271
-0.056476
-0.0551973
-0.0542949
-0.053765
-0.0535977
-0.0537789
-0.0542909
-0.0551136
-0.0562249
-0.057601
-0.0592167
-0.0610454
-0.0630593
-0.0652293
-0.0675248
-0.0699138
-0.0723627
-0.0748363
-0.0772977
-0.0797079
-0.0820265
-0.0842107
-0.0862161
-0.0879963
-0.0895031
-0.0906862
-0.0914942
-0.0918738
-0.0917707
-0.0911296
-0.0898947
-0.0880102
-0.0854209
-0.0820725
-0.077913
-0.0728934
-0.0669689
-0.0601002
-0.0522553
-0.043412
-0.0335599
-0.0227047
-0.0108722
0.00188418
0.0154756
0.0297657
0.0445557
0.0595675
0.0744265
0.0886503
0.10165
0.11275
0.121248
0.12656
0.128215
0.125044
0.116494
-0.0822612
-0.0871232
-0.0896211
-0.0900869
-0.0891746
-0.0871556
-0.084306
-0.0809166
-0.0772425
-0.0734923
-0.0698307
-0.066382
-0.0632361
-0.0604538
-0.0580734
-0.0561151
-0.0545858
-0.0534821
-0.0527932
-0.0525032
-0.0525923
-0.0530378
-0.0538154
-0.0548991
-0.0562618
-0.0578752
-0.0597105
-0.0617374
-0.0639247
-0.0662402
-0.0686502
-0.0711195
-0.0736115
-0.0760879
-0.0785087
-0.0808318
-0.0830135
-0.0850079
-0.0867673
-0.088242
-0.0893804
-0.0901293
-0.0904338
-0.0902376
-0.0894834
-0.0881128
-0.0860675
-0.0832889
-0.0797197
-0.0753036
-0.0699871
-0.06372
-0.056457
-0.0481588
-0.0387949
-0.0283451
-0.0168037
-0.00418341
0.00947774
0.0241078
0.0395885
0.0557383
0.072292
0.0888773
0.104994
0.120006
0.133148
0.143587
0.150575
0.153448
0.150723
0.14165
-0.0894597
-0.0954378
-0.0981937
-0.0982575
-0.0965865
-0.0936083
-0.0897153
-0.0852866
-0.080634
-0.075998
-0.071557
-0.0674378
-0.0637255
-0.0604724
-0.0577062
-0.0554362
-0.0536588
-0.0523609
-0.051523
-0.0511217
-0.0511305
-0.0515211
-0.0522644
-0.0533301
-0.0546878
-0.0563063
-0.0581538
-0.0601979
-0.0624057
-0.0647428
-0.0671742
-0.0696632
-0.0721718
-0.0746605
-0.0770881
-0.0794113
-0.0815851
-0.0835625
-0.0852946
-0.0867303
-0.0878167
-0.088499
-0.0887207
-0.0884235
-0.0875481
-0.0860339
-0.0838197
-0.0808438
-0.0770452
-0.0723635
-0.0667401
-0.0601189
-0.0524474
-0.0436782
-0.0337707
-0.0226929
-0.0104249
0.00303725
0.0176754
0.0334403
0.050239
0.0679166
0.0862313
0.104824
0.123189
0.140644
0.156327
0.169245
0.178446
0.183001
0.180978
0.171299
-0.0985737
-0.105928
-0.10882
-0.108131
-0.105289
-0.100952
-0.0956663
-0.0899143
-0.0840655
-0.0783849
-0.0730548
-0.0681944
-0.0638745
-0.0601307
-0.056974
-0.0543978
-0.0523841
-0.0509075
-0.049938
-0.0494429
-0.0493883
-0.04974
-0.0504633
-0.0515238
-0.0528875
-0.05452
-0.0563871
-0.0584544
-0.0606867
-0.0630483
-0.0655025
-0.0680115
-0.070536
-0.0730354
-0.0754672
-0.0777873
-0.0799496
-0.081906
-0.0836064
-0.0849987
-0.0860286
-0.0866401
-0.0867749
-0.0863732
-0.0853737
-0.0837134
-0.0813285
-0.0781543
-0.074126
-0.0691787
-0.0632485
-0.0562729
-0.0481916
-0.0389476
-0.0284887
-0.0167689
-0.00375077
0.0105905
0.026262
0.0432452
0.0614823
0.0808577
0.10117
0.122092
0.143131
0.163575
0.182464
0.198618
0.210818
0.217774
0.216899
0.206552
-0.110524
-0.119526
-0.122243
-0.120197
-0.115549
-0.109287
-0.102146
-0.0947184
-0.0874206
-0.0805245
-0.0741982
-0.0685363
-0.063582
-0.0593438
-0.0558075
-0.0529449
-0.0507195
-0.0490907
-0.0480158
-0.0474522
-0.0473577
-0.0476914
-0.0484133
-0.0494847
-0.050868
-0.052526
-0.0544221
-0.0565199
-0.0587825
-0.0611727
-0.0636527
-0.0661833
-0.0687244
-0.0712343
-0.0736697
-0.0759856
-0.0781349
-0.0800688
-0.0817362
-0.0830839
-0.0840566
-0.0845971
-0.0846459
-0.0841415
-0.0830208
-0.0812188
-0.0786692
-0.0753043
-0.0710555
-0.0658536
-0.0596292
-0.0523129
-0.043836
-0.0341311
-0.0231327
-0.0107785
0.00298923
0.018221
0.0349558
0.0532142
0.0729865
0.0942136
0.116757
0.140354
0.164557
0.188662
0.211629
0.232072
0.248436
0.258932
0.260004
0.249041
-0.126811
-0.137634
-0.139475
-0.135037
-0.127611
-0.11863
-0.109034
-0.099509
-0.0904846
-0.0822049
-0.0747932
-0.0682949
-0.0627067
-0.0579962
-0.0541148
-0.0510059
-0.0486105
-0.04687
-0.0457279
-0.0451303
-0.0450267
-0.0453693
-0.0461131
-0.0472153
-0.0486351
-0.0503326
-0.0522693
-0.054407
-0.0567074
-0.0591323
-0.0616426
-0.0641985
-0.0667589
-0.0692816
-0.0717223
-0.0740356
-0.0761737
-0.0780869
-0.0797236
-0.0810298
-0.0819495
-0.0824242
-0.0823935
-0.0817947
-0.080563
-0.0786318
-0.0759323
-0.0723942
-0.0679454
-0.0625125
-0.0560205
-0.0483931
-0.0395531
-0.0294218
-0.0179196
-0.004966
0.00951986
0.0256183
0.0434066
0.0629544
0.0843143
0.107505
0.132481
0.159087
0.18698
0.215528
0.243675
0.269856
0.292111
0.30797
0.312466
0.301317
-0.150022
-0.162406
-0.161851
-0.153257
-0.141591
-0.128806
-0.116009
-0.103913
-0.0928893
-0.0830926
-0.0745532
-0.0672327
-0.0610572
-0.055937
-0.0517787
-0.0484915
-0.0459902
-0.0441964
-0.0430388
-0.0424527
-0.0423792
-0.0427645
-0.0435588
-0.044716
-0.0461925
-0.0479466
-0.0499381
-0.0521274
-0.0544756
-0.0569434
-0.0594912
-0.0620785
-0.0646639
-0.0672043
-0.0696556
-0.0719715
-0.0741039
-0.0760029
-0.0776162
-0.0788893
-0.0797657
-0.0801862
-0.0800897
-0.0794123
-0.0780883
-0.0760493
-0.0732249
-0.0695422
-0.0649262
-0.0592993
-0.0525816
-0.0446903
-0.0355394
-0.0250393
-0.0130959
0.000390451
0.0155255
0.0324225
0.0512023
0.0719923
0.0949218
0.12011
0.147643
0.177526
0.209604
0.243432
0.27807
0.311914
0.342582
0.36675
0.37746
0.367616
-0.184886
-0.197157
-0.190976
-0.17527
-0.157231
-0.139234
-0.122383
-0.107257
-0.0940359
-0.0826848
-0.0730718
-0.0650298
-0.0583861
-0.0529776
-0.0486574
-0.0452959
-0.0427801
-0.0410122
-0.0399068
-0.0393896
-0.0393946
-0.0398632
-0.0407422
-0.041983
-0.0435404
-0.0453713
-0.0474348
-0.0496907
-0.0520994
-0.0546215
-0.057217
-0.0598454
-0.0624648
-0.0650324
-0.0675036
-0.0698321
-0.0719697
-0.0738663
-0.0754694
-0.0767244
-0.0775744
-0.0779598
-0.0778191
-0.0770878
-0.0756993
-0.0735842
-0.0706706
-0.0668837
-0.0621459
-0.0563765
-0.0494911
-0.0414008
-0.0320121
-0.0212249
-0.00893125
0.00498684
0.0206602
0.0382358
0.0578806
0.0797857
0.104168
0.131268
0.16134
0.194615
0.231232
0.271101
0.313649
0.357486
0.400131
0.437325
0.459581
0.455274
-0.24027
-0.246855
-0.228426
-0.200835
-0.173486
-0.148613
-0.126893
-0.108448
-0.0930382
-0.0802921
-0.0698278
-0.0612994
-0.0544102
-0.0489124
-0.0446019
-0.0413113
-0.0389024
-0.037261
-0.0362912
-0.0359115
-0.0360519
-0.0366509
-0.0376538
-0.0390111
-0.0406771
-0.0426086
-0.0447646
-0.0471051
-0.0495907
-0.0521821
-0.0548396
-0.0575227
-0.0601901
-0.0627989
-0.0653048
-0.0676617
-0.0698215
-0.0717341
-0.0733473
-0.0746065
-0.0754547
-0.0758326
-0.0756781
-0.0749268
-0.0735115
-0.0713621
-0.0684059
-0.0645669
-0.0597656
-0.0539187
-0.0469383
-0.0387311
-0.0291969
-0.0182269
-0.0057015
0.00851371
0.024572
0.0426516
0.062964
0.0857631
0.111357
0.140122
0.172506
0.209028
0.250239
0.296615
0.348312
0.404747
0.464007
0.521392
0.564948
0.576592
-0.333012
-0.318361
-0.275144
-0.228623
-0.188245
-0.154799
-0.127717
-0.106081
-0.0888761
-0.0752042
-0.0643423
-0.0557283
-0.0489306
-0.0436194
-0.0395414
-0.0365001
-0.0343409
-0.0329403
-0.0321977
-0.0320296
-0.0323655
-0.0331442
-0.0343119
-0.03582
-0.0376238
-0.0396813
-0.0419522
-0.0443977
-0.0469791
-0.0496579
-0.052395
-0.0551507
-0.0578841
-0.0605529
-0.0631133
-0.0655197
-0.0677243
-0.0696776
-0.0713277
-0.0726201
-0.0734984
-0.0739033
-0.0737731
-0.0730434
-0.0716469
-0.0695136
-0.0665701
-0.0627399
-0.0579424
-0.0520928
-0.0451011
-0.0368706
-0.0272968
-0.0162648
-0.00364613
0.0107056
0.0269611
0.0453235
0.0660404
0.0894203
0.115855
0.145847
0.18005
0.219309
0.26469
0.317473
0.379031
0.450511
0.531868
0.619374
0.700946
0.751864
-0.501614
-0.419631
-0.327905
-0.253695
-0.196848
-0.154035
-0.122172
-0.098391
-0.0804487
-0.0667643
-0.0562425
-0.0481181
-0.041853
-0.0370642
-0.0334743
-0.0308777
-0.0291185
-0.0280754
-0.0276516
-0.0277681
-0.0283582
-0.0293649
-0.0307376
-0.0324308
-0.0344022
-0.0366122
-0.0390226
-0.0415959
-0.0442951
-0.0470829
-0.0499214
-0.0527719
-0.0555944
-0.0583475
-0.0609881
-0.0634713
-0.0657501
-0.0677755
-0.0694961
-0.0708583
-0.0718059
-0.0722802
-0.07222
-0.0715612
-0.0702369
-0.0681775
-0.0653096
-0.0615568
-0.0568382
-0.0510687
-0.0441572
-0.036006
-0.0265084
-0.0155468
-0.00298818
0.01132
0.0275576
0.0459417
0.0667413
0.0902986
0.117061
0.147625
0.18281
0.223756
0.272066
0.329993
0.400659
0.488168
0.596475
0.726629
0.877339
1.02571
-0.85063
-0.552997
-0.361287
-0.253397
-0.183276
-0.135609
-0.103274
-0.0808427
-0.064749
-0.0528967
-0.0440193
-0.0373101
-0.0322407
-0.0284565
-0.0257114
-0.0238284
-0.022676
-0.0221526
-0.0221776
-0.0226848
-0.0236179
-0.024928
-0.0265714
-0.0285078
-0.0306998
-0.0331112
-0.035707
-0.0384524
-0.0413125
-0.0442522
-0.0472351
-0.0502241
-0.0531805
-0.0560641
-0.0588329
-0.0614431
-0.0638486
-0.0660013
-0.0678508
-0.0693441
-0.0704259
-0.0710384
-0.071121
-0.0706102
-0.0694401
-0.0675416
-0.0648422
-0.0612662
-0.0567335
-0.0511597
-0.0444548
-0.0365219
-0.0272556
-0.0165395
-0.00424228
0.00978661
0.0257246
0.0437858
0.0642361
0.0874153
0.113771
0.143912
0.178694
0.219364
0.267805
0.326965
0.401651
0.499715
0.632363
0.816559
1.09966
1.50766
-1.48534
-0.683426
-0.32417
-0.193716
-0.12819
-0.0889118
-0.0651236
-0.0500082
-0.039653
-0.0321714
-0.0266179
-0.0224598
-0.0193753
-0.0171597
-0.0156743
-0.0148192
-0.0145179
-0.0147093
-0.0153426
-0.0163736
-0.0177633
-0.0194758
-0.0214776
-0.0237368
-0.0262222
-0.0289032
-0.0317491
-0.034729
-0.037811
-0.0409626
-0.0441501
-0.0473381
-0.05049
-0.0535672
-0.0565292
-0.0593335
-0.0619355
-0.0642881
-0.0663421
-0.0680456
-0.0693444
-0.0701816
-0.0704975
-0.0702303
-0.0693146
-0.0676825
-0.065263
-0.0619815
-0.05776
-0.052516
-0.046162
-0.0386045
-0.0297423
-0.0194646
-0.00764791
0.00584802
0.0211859
0.0385593
0.0582047
0.0804189
0.105587
0.134223
0.167046
0.205102
0.250005
0.304437
0.373306
0.466381
0.603452
0.832731
1.31076
2.2347
)
;

boundaryField
{
    movingWall
    {
        type            zeroGradient;
    }
    fixedWalls
    {
        type            zeroGradient;
    }
    frontAndBack
    {
        type            empty;
    }
}


// ************************************************************************* //
