/*--------------------------------*- C++ -*----------------------------------*\
  =========                 |
  \\      /  F ield         | OpenFOAM: The Open Source CFD Toolbox
   \\    /   O peration     | Website:  https://openfoam.org
    \\  /    A nd           | Version:  dev
     \\/     M anipulation  |
\*---------------------------------------------------------------------------*/
FoamFile
{
    format      ascii;
    class       volScalarField;
    location    "19.8";
    object      Ux;
}
// * * * * * * * * * * * * * * * * * * * * * * * * * * * * * * * * * * * * * //

dimensions      [0 1 -1 0 0 0 0];

internalField   nonuniform List<scalar> 
5184
(
1.26672e-05
4.56476e-05
8.04743e-05
9.59331e-05
8.20134e-05
3.62818e-05
-4.07256e-05
-0.000146995
-0.000279743
-0.000435912
-0.000612386
-0.000806134
-0.00101429
-0.0012342
-0.00146339
-0.00169962
-0.00194082
-0.00218506
-0.00243058
-0.00267569
-0.00291877
-0.00315829
-0.0033927
-0.00362048
-0.00384011
-0.00405006
-0.00424876
-0.00443465
-0.00460615
-0.00476168
-0.00489969
-0.00501865
-0.00511711
-0.00519368
-0.00524712
-0.00527631
-0.0052803
-0.00525837
-0.00521002
-0.00513502
-0.00503343
-0.00490562
-0.00475231
-0.00457454
-0.00437371
-0.00415157
-0.00391023
-0.00365209
-0.00337988
-0.00309661
-0.00280551
-0.00250999
-0.00221363
-0.00192008
-0.00163299
-0.00135602
-0.00109268
-0.000846366
-0.000620202
-0.000417043
-0.000239385
-8.93031e-05
3.16129e-05
0.000122348
0.00018257
0.000212777
0.000214553
0.000190941
0.000146963
9.0701e-05
3.6602e-05
6.22692e-06
2.10308e-05
6.59084e-05
9.4813e-05
7.27375e-05
-1.90887e-05
-0.000187478
-0.00043301
-0.000752469
-0.00114032
-0.00158978
-0.00209353
-0.0026441
-0.00323422
-0.00385688
-0.00450549
-0.00517387
-0.00585621
-0.00654708
-0.00724136
-0.00793415
-0.00862077
-0.00929667
-0.00995738
-0.0105985
-0.0112156
-0.0118043
-0.0123601
-0.0128788
-0.0133558
-0.013787
-0.0141679
-0.0144946
-0.0147631
-0.0149699
-0.0151116
-0.0151854
-0.015189
-0.0151205
-0.014979
-0.0147638
-0.0144756
-0.0141154
-0.0136855
-0.0131888
-0.0126293
-0.0120118
-0.0113421
-0.0106267
-0.00987316
-0.00908946
-0.00828429
-0.00746682
-0.00664659
-0.00583331
-0.00503676
-0.0042666
-0.00353219
-0.00284244
-0.00220564
-0.00162925
-0.00111975
-0.000682427
-0.000321199
-3.83513e-05
0.000165742
0.000292998
0.000348154
0.000339462
0.000279397
0.000185786
8.62669e-05
1.96625e-05
1.76975e-05
4.14313e-05
1.96353e-05
-8.4026e-05
-0.000290268
-0.000607807
-0.00103789
-0.0015767
-0.00221708
-0.00294984
-0.00376472
-0.00465102
-0.00559802
-0.00659529
-0.00763277
-0.00870091
-0.00979064
-0.0108934
-0.0120009
-0.0131054
-0.0141993
-0.0152752
-0.0163259
-0.0173443
-0.0183233
-0.0192559
-0.020135
-0.0209538
-0.0217052
-0.0223827
-0.0229795
-0.0234895
-0.0239067
-0.0242257
-0.0244415
-0.02455
-0.0245477
-0.0244321
-0.0242018
-0.0238564
-0.0233967
-0.0228249
-0.0221445
-0.0213602
-0.0204783
-0.0195065
-0.0184535
-0.0173298
-0.0161465
-0.0149162
-0.0136521
-0.0123682
-0.0110791
-0.00979956
-0.00854449
-0.00732857
-0.00616602
-0.00507036
-0.00405412
-0.00312858
-0.00230346
-0.00158664
-0.000983877
-0.000498393
-0.000130512
0.000122829
0.000268709
0.000318949
0.000290658
0.000207032
0.000102297
2.49457e-05
8.85475e-06
-6.97524e-06
-0.000107528
-0.000322246
-0.000669323
-0.00115713
-0.0017864
-0.00255237
-0.00344647
-0.00445771
-0.00557361
-0.00678098
-0.00806642
-0.00941669
-0.0108189
-0.0122607
-0.01373
-0.0152157
-0.0167066
-0.0181923
-0.0196626
-0.0211075
-0.0225173
-0.0238823
-0.0251931
-0.0264401
-0.027614
-0.0287055
-0.0297056
-0.0306054
-0.0313962
-0.0320701
-0.0326192
-0.0330367
-0.0333162
-0.0334526
-0.0334416
-0.0332802
-0.0329667
-0.0325009
-0.0318842
-0.0311195
-0.0302117
-0.0291671
-0.0279941
-0.0267026
-0.0253043
-0.0238126
-0.0222422
-0.0206092
-0.0189308
-0.0172252
-0.0155111
-0.0138077
-0.012134
-0.0105091
-0.00895132
-0.00747802
-0.00610535
-0.0048478
-0.00371784
-0.0027256
-0.00187839
-0.00118035
-0.000631951
-0.000229512
3.54287e-05
0.00017674
0.000214116
0.000173688
9.28524e-05
2.39907e-05
-2.12271e-06
-6.72539e-05
-0.000263964
-0.000609414
-0.00111607
-0.00179011
-0.00263053
-0.00363095
-0.00478126
-0.00606874
-0.00747906
-0.00899699
-0.0106069
-0.0122934
-0.014041
-0.0158351
-0.0176612
-0.0195055
-0.0213547
-0.0231959
-0.0250164
-0.026804
-0.0285465
-0.0302322
-0.0318491
-0.0333858
-0.0348306
-0.0361724
-0.0374
-0.0385028
-0.0394703
-0.0402928
-0.0409611
-0.0414672
-0.0418035
-0.041964
-0.0419438
-0.0417395
-0.0413494
-0.0407734
-0.0400135
-0.0390734
-0.0379589
-0.0366781
-0.035241
-0.0336596
-0.0319479
-0.0301221
-0.0281997
-0.0262001
-0.0241437
-0.0220521
-0.0199479
-0.0178537
-0.0157925
-0.0137868
-0.0118586
-0.0100285
-0.00831586
-0.00673798
-0.0053098
-0.00404343
-0.00294775
-0.0020279
-0.00128483
-0.000714796
-0.000308821
-5.21633e-05
7.60201e-05
0.000103195
6.73304e-05
1.96281e-05
-1.36909e-05
-0.000132755
-0.000435532
-0.000923974
-0.00160269
-0.00247423
-0.00353474
-0.00477552
-0.00618448
-0.00774713
-0.00944735
-0.0112681
-0.0131918
-0.0152012
-0.0172788
-0.0194078
-0.0215717
-0.0237546
-0.0259411
-0.028116
-0.0302647
-0.0323727
-0.0344259
-0.0364104
-0.0383124
-0.0401183
-0.0418146
-0.0433884
-0.0448267
-0.0461173
-0.0472481
-0.048208
-0.0489867
-0.0495748
-0.049964
-0.0501474
-0.0501198
-0.0498774
-0.0494183
-0.0487428
-0.0478532
-0.046754
-0.045452
-0.0439564
-0.0422787
-0.0404329
-0.038435
-0.0363032
-0.0340577
-0.0317206
-0.0293151
-0.026866
-0.0243988
-0.0219394
-0.019514
-0.0171484
-0.0148675
-0.0126952
-0.0106536
-0.00876245
-0.0070391
-0.00549764
-0.00414852
-0.00299811
-0.00204821
-0.00129554
-0.000731365
-0.000340975
-0.000103449
8.80721e-06
3.23387e-05
1.35863e-05
-2.51733e-05
-0.000199869
-0.000613595
-0.00125187
-0.0021102
-0.00318645
-0.00447304
-0.00595826
-0.00762763
-0.0094646
-0.0114512
-0.0135687
-0.0157978
-0.0181193
-0.0205143
-0.0229639
-0.02545
-0.0279549
-0.030461
-0.0329516
-0.03541
-0.03782
-0.0401656
-0.042431
-0.0446007
-0.0466592
-0.0485916
-0.050383
-0.0520192
-0.0534862
-0.0547708
-0.0558605
-0.056744
-0.0574108
-0.0578519
-0.0580598
-0.0580286
-0.0577543
-0.0572351
-0.0564713
-0.0554655
-0.0542228
-0.0527508
-0.0510597
-0.0491624
-0.0470742
-0.044813
-0.0423988
-0.039854
-0.0372028
-0.0344712
-0.0316865
-0.0288769
-0.0260713
-0.0232986
-0.0205876
-0.0179661
-0.0154608
-0.0130963
-0.0108951
-0.00887659
-0.00705704
-0.00544861
-0.00405917
-0.00289171
-0.00194397
-0.00120802
-0.000669955
-0.000309588
-0.000100128
-7.84369e-06
6.83077e-06
-3.63144e-05
-0.000266717
-0.00079304
-0.00158416
-0.00262593
-0.0039108
-0.00542679
-0.00715863
-0.00908901
-0.0111991
-0.0134689
-0.015878
-0.0184054
-0.0210303
-0.0237321
-0.0264905
-0.0292859
-0.0320986
-0.0349099
-0.0377011
-0.040454
-0.0431507
-0.0457737
-0.0483054
-0.0507289
-0.053027
-0.0551834
-0.0571818
-0.0590063
-0.0606419
-0.0620742
-0.0632895
-0.0642753
-0.0650205
-0.0655152
-0.0657513
-0.0657224
-0.0654243
-0.0648549
-0.0640146
-0.0629062
-0.0615352
-0.0599099
-0.0580412
-0.055943
-0.0536318
-0.0511268
-0.0484499
-0.0456251
-0.0426787
-0.0396389
-0.0365352
-0.0333984
-0.0302599
-0.0271514
-0.0241044
-0.0211493
-0.0183156
-0.0156305
-0.0131189
-0.0108027
-0.00870022
-0.00682568
-0.00518871
-0.0037939
-0.00264043
-0.00172174
-0.00102528
-0.000532265
-0.000217379
-5.05527e-05
-1.08042e-07
-4.70204e-05
-0.000332324
-0.000970881
-0.00191527
-0.00314149
-0.00463621
-0.00638262
-0.00836145
-0.0105522
-0.0129335
-0.0154833
-0.0181791
-0.0209985
-0.0239191
-0.0269188
-0.0299761
-0.0330696
-0.0361787
-0.0392828
-0.0423621
-0.045397
-0.048368
-0.0512562
-0.0540428
-0.0567091
-0.059237
-0.0616085
-0.0638062
-0.0658129
-0.0676125
-0.0691893
-0.0705288
-0.0716175
-0.0724434
-0.0729959
-0.0732661
-0.0732474
-0.072935
-0.0723266
-0.0714225
-0.0702255
-0.0687414
-0.0669787
-0.0649491
-0.0626671
-0.0601501
-0.0574185
-0.0544955
-0.0514067
-0.0481801
-0.0448458
-0.0414354
-0.0379821
-0.0345197
-0.0310824
-0.0277041
-0.0244183
-0.0212569
-0.0182498
-0.0154247
-0.0128058
-0.0104139
-0.0082654
-0.00637212
-0.00474059
-0.00337185
-0.00226116
-0.00139783
-0.00076492
-0.000339046
-9.42317e-05
-6.96048e-06
-5.72802e-05
-0.00039621
-0.00114539
-0.00224167
-0.00365133
-0.00535507
-0.00733099
-0.00955552
-0.0120048
-0.0146546
-0.0174805
-0.0204584
-0.0235638
-0.0267732
-0.030063
-0.0334104
-0.0367927
-0.0401881
-0.0435749
-0.046932
-0.0502385
-0.0534737
-0.0566176
-0.0596499
-0.062551
-0.0653014
-0.067882
-0.0702742
-0.0724598
-0.0744214
-0.0761425
-0.0776076
-0.0788022
-0.0797135
-0.0803302
-0.0806428
-0.0806439
-0.0803283
-0.0796934
-0.078739
-0.077468
-0.0758861
-0.0740019
-0.0718274
-0.0693775
-0.0666705
-0.0637275
-0.0605727
-0.0572332
-0.0537384
-0.05012
-0.0464119
-0.0426491
-0.0388679
-0.0351048
-0.0313966
-0.0277793
-0.0242876
-0.0209543
-0.0178097
-0.0148809
-0.0121914
-0.00976001
-0.00760106
-0.00572343
-0.00413042
-0.00281948
-0.00178214
-0.00100369
-0.00046292
-0.000138065
-1.36111e-05
-6.71116e-05
-0.000458151
-0.00131556
-0.00256115
-0.00415174
-0.00606206
-0.00826497
-0.0107325
-0.0134372
-0.0163518
-0.0194496
-0.0227044
-0.0260902
-0.0295818
-0.0331544
-0.036784
-0.040447
-0.0441202
-0.047781
-0.0514072
-0.0549768
-0.0584683
-0.0618603
-0.0651317
-0.0682616
-0.0712297
-0.0740158
-0.0766001
-0.0789636
-0.0810879
-0.0829555
-0.0845499
-0.0858558
-0.0868596
-0.0875491
-0.0879141
-0.0879464
-0.0876403
-0.0869926
-0.0860027
-0.084673
-0.0830089
-0.0810191
-0.0787154
-0.0761132
-0.0732308
-0.0700903
-0.0667165
-0.0631376
-0.0593843
-0.05549
-0.0514902
-0.047422
-0.043324
-0.0392354
-0.0351953
-0.0312428
-0.0274153
-0.0237488
-0.0202766
-0.0170287
-0.0140316
-0.0113071
-0.00887232
-0.0067388
-0.00491249
-0.00339338
-0.00217556
-0.00124672
-0.000587992
-0.000181728
-2.00337e-05
-7.6539e-05
-0.000518045
-0.0014808
-0.00287229
-0.00464019
-0.00675337
-0.00917949
-0.0118861
-0.0148419
-0.0180168
-0.0213815
-0.0249077
-0.0285679
-0.0323353
-0.0361839
-0.0400886
-0.0440247
-0.0479682
-0.0518956
-0.0557836
-0.0596094
-0.0633507
-0.066985
-0.0704905
-0.0738455
-0.0770285
-0.0800184
-0.0827947
-0.0853374
-0.0876271
-0.0896455
-0.0913751
-0.0927999
-0.0939051
-0.0946779
-0.0951071
-0.0951839
-0.0949015
-0.0942561
-0.0932463
-0.0918741
-0.0901443
-0.0880651
-0.0856482
-0.0829088
-0.0798656
-0.0765406
-0.0729595
-0.0691512
-0.0651477
-0.0609836
-0.0566961
-0.0523245
-0.0479095
-0.0434929
-0.0391166
-0.0348226
-0.0306515
-0.0266425
-0.0228322
-0.0192541
-0.0159379
-0.0129087
-0.0101868
-0.00778681
-0.00571771
-0.00398234
-0.00257755
-0.00149366
-0.000714108
-0.000225222
-2.62546e-05
-8.55842e-05
-0.000575842
-0.00164075
-0.0031741
-0.00511486
-0.00742621
-0.0100706
-0.0130112
-0.0162129
-0.0196426
-0.0232686
-0.0270603
-0.0309885
-0.0350252
-0.0391431
-0.0433161
-0.0475184
-0.0517254
-0.0559126
-0.0600562
-0.0641325
-0.0681183
-0.0719908
-0.075727
-0.0793045
-0.0827012
-0.0858952
-0.0888651
-0.09159
-0.0940498
-0.0962251
-0.0980978
-0.0996507
-0.100868
-0.101737
-0.102244
-0.102379
-0.102136
-0.10151
-0.100497
-0.0990996
-0.0973213
-0.0951698
-0.0926561
-0.0897951
-0.0866052
-0.0831088
-0.0793316
-0.0753033
-0.0710567
-0.0666278
-0.0620555
-0.0573808
-0.0526468
-0.047898
-0.0431791
-0.0385353
-0.0340107
-0.0296479
-0.0254872
-0.0215659
-0.0179172
-0.0145702
-0.0115486
-0.00887054
-0.0065483
-0.0045879
-0.00298919
-0.00174521
-0.000841717
-0.000268768
-3.23325e-05
-9.42627e-05
-0.000631508
-0.00179511
-0.00346586
-0.00557437
-0.00807834
-0.0109353
-0.0141038
-0.0175453
-0.0212236
-0.0251042
-0.0291548
-0.0333445
-0.0376436
-0.0420241
-0.0464585
-0.0509205
-0.0553846
-0.0598256
-0.0642191
-0.068541
-0.0727673
-0.0768745
-0.0808391
-0.0846382
-0.0882488
-0.0916484
-0.0948148
-0.0977265
-0.100362
-0.102703
-0.104728
-0.106419
-0.107762
-0.108739
-0.109339
-0.10955
-0.109364
-0.108774
-0.107776
-0.106372
-0.104564
-0.102358
-0.0997642
-0.0967978
-0.0934762
-0.0898214
-0.0858596
-0.0816205
-0.0771378
-0.0724486
-0.0675933
-0.0626149
-0.0575589
-0.0524722
-0.047403
-0.0423995
-0.0375097
-0.03278
-0.0282548
-0.0239754
-0.0199794
-0.0162998
-0.0129644
-0.00999537
-0.00740847
-0.00521324
-0.00341277
-0.00200291
-0.000971699
-0.000312738
-3.83454e-05
-0.000102582
-0.000684999
-0.00194365
-0.00374693
-0.00601753
-0.0087079
-0.0117707
-0.0151604
-0.0188347
-0.0227543
-0.0268825
-0.0311848
-0.0356286
-0.0401831
-0.044819
-0.049508
-0.0542231
-0.058938
-0.0636272
-0.0682656
-0.0728286
-0.0772918
-0.0816312
-0.0858229
-0.0898432
-0.0936689
-0.0972766
-0.100644
-0.103748
-0.106567
-0.109081
-0.111269
-0.113112
-0.114593
-0.115695
-0.116404
-0.116708
-0.116596
-0.116062
-0.115099
-0.113708
-0.111889
-0.109647
-0.106993
-0.103938
-0.1005
-0.0967012
-0.0925665
-0.0881264
-0.0834148
-0.0784699
-0.0733334
-0.0680504
-0.0626685
-0.0572376
-0.0518091
-0.0464349
-0.0411668
-0.0360557
-0.0311502
-0.0264964
-0.0221364
-0.0181079
-0.0144431
-0.0111685
-0.00830393
-0.00586274
-0.00385145
-0.00226885
-0.00110523
-0.000357604
-4.43836e-05
-0.000110543
-0.000736255
-0.00208611
-0.00401672
-0.00644324
-0.00931315
-0.0125745
-0.0161777
-0.0200769
-0.02423
-0.0285978
-0.0331439
-0.0378341
-0.0426363
-0.0475201
-0.0524566
-0.0574181
-0.0623776
-0.0673093
-0.0721876
-0.0769875
-0.0816844
-0.0862539
-0.0906716
-0.0949137
-0.0989561
-0.102775
-0.106348
-0.109651
-0.112662
-0.115359
-0.117722
-0.119729
-0.121363
-0.122606
-0.123442
-0.123857
-0.12384
-0.123381
-0.122474
-0.121117
-0.119308
-0.117051
-0.114355
-0.11123
-0.107694
-0.103766
-0.0994714
-0.0948407
-0.0899083
-0.0847128
-0.0792975
-0.0737091
-0.0679976
-0.0622159
-0.0564187
-0.0506619
-0.0450016
-0.0394932
-0.0341904
-0.0291442
-0.024402
-0.0200064
-0.0159948
-0.0123984
-0.00924155
-0.00654168
-0.00430905
-0.00254554
-0.00124372
-0.000403909
-5.0545e-05
-0.00011814
-0.000785196
-0.0022222
-0.0042746
-0.00685042
-0.00989243
-0.0133444
-0.0171526
-0.0212681
-0.0256459
-0.0302447
-0.0350259
-0.039954
-0.0449957
-0.0501196
-0.055296
-0.0604967
-0.0656944
-0.0708626
-0.0759758
-0.0810085
-0.085936
-0.0907335
-0.0953766
-0.0998408
-0.104102
-0.108136
-0.11192
-0.115429
-0.11864
-0.121531
-0.12408
-0.126265
-0.128068
-0.129468
-0.130449
-0.130995
-0.131093
-0.130732
-0.129903
-0.128602
-0.126825
-0.124576
-0.121859
-0.118685
-0.115068
-0.111027
-0.106588
-0.101779
-0.0966352
-0.0911956
-0.0855047
-0.0796109
-0.0735666
-0.0674277
-0.0612525
-0.0551009
-0.0490337
-0.0431114
-0.037393
-0.0319351
-0.0267908
-0.0220085
-0.0176309
-0.0136946
-0.010229
-0.00725601
-0.00478988
-0.00283581
-0.0013887
-0.000452241
-5.69316e-05
-0.000125359
-0.000831717
-0.0023516
-0.0045199
-0.00723793
-0.010444
-0.0140779
-0.0180821
-0.0224045
-0.0269976
-0.0318177
-0.0368247
-0.0419816
-0.0472538
-0.0526092
-0.0580174
-0.0634498
-0.0688786
-0.0742772
-0.0796198
-0.0848809
-0.0900355
-0.0950589
-0.0999263
-0.104613
-0.109095
-0.113348
-0.117347
-0.121069
-0.124489
-0.127584
-0.130332
-0.13271
-0.134697
-0.136272
-0.137417
-0.138115
-0.138349
-0.138108
-0.137381
-0.136159
-0.134439
-0.13222
-0.129505
-0.126303
-0.122626
-0.118492
-0.113925
-0.108952
-0.103608
-0.0979322
-0.0919705
-0.0857728
-0.0793937
-0.072892
-0.0663298
-0.0597715
-0.0532826
-0.0469292
-0.0407761
-0.0348861
-0.0293185
-0.0241279
-0.0193634
-0.0150674
-0.0112746
-0.00801214
-0.00529858
-0.00314267
-0.00154182
-0.000503221
-6.36483e-05
-0.000132184
-0.000875693
-0.00247395
-0.0047519
-0.00760459
-0.0109662
-0.0147727
-0.018963
-0.0234823
-0.0282804
-0.0333116
-0.0385342
-0.0439097
-0.0494028
-0.0549804
-0.0606117
-0.0662674
-0.0719198
-0.0775419
-0.083108
-0.0885924
-0.0939703
-0.0992167
-0.104307
-0.109217
-0.113921
-0.118395
-0.122615
-0.126556
-0.130194
-0.133504
-0.136462
-0.139046
-0.141233
-0.143001
-0.14433
-0.145199
-0.145593
-0.145495
-0.144893
-0.143776
-0.142137
-0.139974
-0.137286
-0.134081
-0.130367
-0.12616
-0.121483
-0.116363
-0.110832
-0.104932
-0.0987063
-0.092208
-0.0854938
-0.0786253
-0.0716683
-0.0646918
-0.0577668
-0.0509649
-0.0443575
-0.038014
-0.0320006
-0.0263789
-0.0212049
-0.0165272
-0.0123871
-0.00881681
-0.00584
-0.00346929
-0.00170482
-0.000557491
-7.08016e-05
-0.000138592
-0.000916983
-0.00258884
-0.00496984
-0.00794916
-0.0114572
-0.0154263
-0.0197923
-0.0244975
-0.0294895
-0.0347207
-0.0401479
-0.0457313
-0.0514347
-0.0572244
-0.063069
-0.0689391
-0.0748066
-0.0806446
-0.0864273
-0.0921293
-0.0977256
-0.103192
-0.108502
-0.113634
-0.118561
-0.123259
-0.127704
-0.13187
-0.135733
-0.139267
-0.142448
-0.145252
-0.147654
-0.149632
-0.151163
-0.152226
-0.152801
-0.15287
-0.152418
-0.151432
-0.149901
-0.14782
-0.145187
-0.142003
-0.138278
-0.134023
-0.129258
-0.12401
-0.118309
-0.112197
-0.105718
-0.0989254
-0.0918781
-0.0846407
-0.0772828
-0.0698781
-0.0625031
-0.0552358
-0.0481543
-0.0413354
-0.0348528
-0.0287758
-0.0231679
-0.0180851
-0.0135752
-0.00967692
-0.00641916
-0.00381893
-0.00187944
-0.000615706
-7.84995e-05
-0.000144557
-0.000955427
-0.00269584
-0.00517287
-0.00827033
-0.0119151
-0.0160362
-0.0205667
-0.0254461
-0.0306202
-0.0360395
-0.0416593
-0.047439
-0.0533413
-0.059332
-0.0653794
-0.0714537
-0.0775269
-0.0835722
-0.0895638
-0.0954764
-0.101285
-0.106966
-0.112494
-0.117846
-0.122995
-0.127919
-0.132591
-0.136987
-0.141081
-0.144848
-0.148262
-0.151298
-0.153931
-0.156135
-0.157888
-0.159164
-0.159943
-0.160203
-0.159927
-0.159098
-0.157704
-0.155734
-0.153183
-0.15005
-0.14634
-0.142063
-0.137236
-0.131882
-0.126032
-0.119725
-0.113006
-0.105928
-0.0985528
-0.0909472
-0.0831847
-0.0753437
-0.0675065
-0.0597576
-0.0521826
-0.0448662
-0.0378902
-0.0313326
-0.025265
-0.0197517
-0.014848
-0.0105995
-0.00704113
-0.0041949
-0.00206748
-0.00067853
-8.68502e-05
-0.000150053
-0.000990856
-0.00279449
-0.00536016
-0.00856675
-0.012338
-0.0165999
-0.0212829
-0.0263243
-0.0316677
-0.0372623
-0.043062
-0.0490253
-0.0551141
-0.0612937
-0.0675322
-0.0737996
-0.080068
-0.0863107
-0.0925021
-0.0986172
-0.104632
-0.110521
-0.116262
-0.12183
-0.1272
-0.132348
-0.137249
-0.141878
-0.146208
-0.150215
-0.153871
-0.157151
-0.160027
-0.162474
-0.164465
-0.165975
-0.16698
-0.167455
-0.167381
-0.166737
-0.165507
-0.163677
-0.161239
-0.158188
-0.154524
-0.150255
-0.145394
-0.139961
-0.133986
-0.127505
-0.120562
-0.113213
-0.105519
-0.097549
-0.0893812
-0.0810983
-0.0727886
-0.0645436
-0.0564566
-0.0486207
-0.0411271
-0.0340627
-0.0275086
-0.0215379
-0.0162144
-0.0115915
-0.00771102
-0.00460053
-0.00227076
-0.000746631
-9.59626e-05
-0.000155049
-0.0010231
-0.00288432
-0.00553083
-0.00883709
-0.012724
-0.0171149
-0.0219378
-0.0271279
-0.0326272
-0.0383835
-0.0443494
-0.0504826
-0.0567444
-0.0630998
-0.0695166
-0.0759648
-0.0824166
-0.0888455
-0.0952261
-0.101534
-0.107745
-0.113836
-0.119783
-0.125562
-0.131148
-0.136519
-0.141648
-0.146511
-0.151081
-0.155332
-0.159238
-0.16277
-0.165901
-0.168604
-0.170851
-0.172613
-0.173865
-0.174579
-0.174732
-0.1743
-0.173264
-0.171606
-0.169313
-0.166376
-0.162792
-0.158563
-0.1537
-0.148219
-0.142146
-0.135516
-0.128373
-0.12077
-0.11277
-0.104444
-0.0958742
-0.0871473
-0.0783577
-0.0696041
-0.060988
-0.0526119
-0.0445764
-0.0369788
-0.0299102
-0.0234538
-0.017683
-0.0126598
-0.0084339
-0.00503915
-0.00249107
-0.00082068
-0.000105946
-0.000159515
-0.00105198
-0.00296488
-0.00568403
-0.00908002
-0.0130712
-0.0175786
-0.0225281
-0.0278531
-0.0334941
-0.0393974
-0.0455149
-0.0518034
-0.0582238
-0.0647406
-0.0713216
-0.0779369
-0.0845589
-0.0911612
-0.0977191
-0.104209
-0.110606
-0.116888
-0.123032
-0.129015
-0.134812
-0.1404
-0.145755
-0.15085
-0.15566
-0.160159
-0.164318
-0.16811
-0.171506
-0.174477
-0.176993
-0.179025
-0.180543
-0.181519
-0.181924
-0.181732
-0.180919
-0.179465
-0.17735
-0.174562
-0.171093
-0.166941
-0.162111
-0.156616
-0.150479
-0.14373
-0.136413
-0.128579
-0.120292
-0.111624
-0.10266
-0.093491
-0.0842176
-0.0749459
-0.0657861
-0.0568501
-0.0482494
-0.0400921
-0.0324807
-0.0255094
-0.0192624
-0.0138113
-0.00921476
-0.00551405
-0.00273022
-0.000901349
-0.000116912
-0.000163423
-0.00107733
-0.00303572
-0.00581896
-0.00929427
-0.0133779
-0.0179888
-0.0230509
-0.0284962
-0.0342637
-0.0402987
-0.0465523
-0.0529804
-0.0595437
-0.0662064
-0.0729363
-0.0797036
-0.0864809
-0.0932424
-0.0999637
-0.106621
-0.113193
-0.119655
-0.125985
-0.132162
-0.138161
-0.14396
-0.149533
-0.154857
-0.159905
-0.164651
-0.169066
-0.173122
-0.176789
-0.180037
-0.182835
-0.185151
-0.186953
-0.18821
-0.188891
-0.188966
-0.188407
-0.187187
-0.185286
-0.182683
-0.179367
-0.17533
-0.170573
-0.165103
-0.158939
-0.152108
-0.14465
-0.136614
-0.128064
-0.119073
-0.109727
-0.100123
-0.090367
-0.0805716
-0.0708563
-0.0613433
-0.0521554
-0.0434126
-0.0352299
-0.0277138
-0.0209603
-0.0150524
-0.0100585
-0.00602849
-0.00299001
-0.000989313
-0.000128971
-0.000166746
-0.00109899
-0.00309642
-0.00593484
-0.00947867
-0.0136424
-0.0183431
-0.0235034
-0.0290537
-0.0349319
-0.0410824
-0.0474554
-0.0540065
-0.0606959
-0.0674877
-0.0743498
-0.0812525
-0.0881687
-0.0950732
-0.101942
-0.108753
-0.115483
-0.122111
-0.128615
-0.134973
-0.141163
-0.147162
-0.152946
-0.158491
-0.163771
-0.16876
-0.173429
-0.17775
-0.181691
-0.185223
-0.188311
-0.190923
-0.193025
-0.194582
-0.195561
-0.195928
-0.195651
-0.194699
-0.193045
-0.190666
-0.187543
-0.183663
-0.179021
-0.173619
-0.167471
-0.160598
-0.153037
-0.144835
-0.136053
-0.126765
-0.117058
-0.107032
-0.0967987
-0.0864787
-0.0762002
-0.066096
-0.056301
-0.0469483
-0.0381663
-0.0300753
-0.0227844
-0.0163892
-0.0109697
-0.00658564
-0.0032722
-0.00108524
-0.000142238
-0.000169459
-0.00111683
-0.00314664
-0.00603103
-0.00963221
-0.0138632
-0.0186398
-0.0238831
-0.0295224
-0.0354948
-0.0417437
-0.0482188
-0.0548751
-0.0616727
-0.0685756
-0.0755516
-0.0825716
-0.0896087
-0.0966383
-0.103637
-0.110583
-0.117455
-0.124232
-0.130893
-0.137418
-0.143784
-0.14997
-0.155953
-0.161708
-0.167212
-0.172436
-0.177354
-0.181937
-0.186152
-0.189969
-0.193353
-0.19627
-0.198684
-0.200557
-0.201853
-0.202536
-0.202567
-0.201914
-0.200543
-0.198426
-0.195537
-0.191859
-0.187378
-0.182092
-0.176006
-0.169139
-0.161521
-0.153194
-0.144218
-0.134665
-0.124624
-0.114196
-0.103499
-0.092659
-0.0818144
-0.071109
-0.0606901
-0.050705
-0.0412967
-0.0326008
-0.0247412
-0.0178275
-0.011953
-0.00718858
-0.00357854
-0.0011898
-0.000156826
-0.000171541
-0.00113073
-0.00318607
-0.006107
-0.00975406
-0.0140392
-0.0188771
-0.0241878
-0.0298998
-0.0359491
-0.0422786
-0.0488374
-0.0555803
-0.062467
-0.0694617
-0.0765322
-0.0836496
-0.0907878
-0.0979225
-0.105031
-0.112093
-0.119087
-0.125994
-0.132794
-0.139466
-0.145991
-0.152347
-0.158513
-0.164464
-0.170178
-0.175627
-0.180785
-0.185622
-0.190107
-0.194207
-0.197889
-0.201115
-0.203849
-0.20605
-0.20768
-0.208698
-0.209064
-0.208739
-0.207686
-0.205868
-0.203257
-0.199826
-0.195555
-0.190436
-0.184466
-0.177657
-0.170032
-0.161631
-0.152506
-0.14273
-0.132389
-0.121587
-0.110445
-0.0990976
-0.0876901
-0.0763783
-0.0653228
-0.0546857
-0.0446262
-0.0352963
-0.0268366
-0.0193727
-0.0130126
-0.00784028
-0.00391071
-0.00130366
-0.000172854
-0.000172978
-0.00114061
-0.00321452
-0.00616238
-0.00984365
-0.0141695
-0.0190539
-0.0244161
-0.0301838
-0.0362922
-0.0426839
-0.0493073
-0.0561171
-0.0630728
-0.0701386
-0.0772826
-0.0844762
-0.0916938
-0.0989119
-0.106109
-0.113264
-0.120358
-0.127373
-0.134289
-0.141088
-0.147751
-0.154257
-0.160585
-0.166715
-0.172621
-0.17828
-0.183663
-0.188743
-0.193488
-0.197866
-0.201841
-0.205377
-0.208434
-0.210972
-0.212949
-0.21432
-0.215043
-0.215074
-0.21437
-0.212891
-0.210599
-0.207462
-0.203453
-0.198554
-0.192757
-0.186064
-0.178491
-0.170071
-0.160853
-0.150902
-0.140305
-0.129166
-0.117609
-0.105772
-0.0938125
-0.0818953
-0.0701954
-0.0588906
-0.0481574
-0.038166
-0.0290754
-0.0210292
-0.0141523
-0.00854354
-0.00427038
-0.00142748
-0.000190441
-0.000173762
-0.00114644
-0.0032319
-0.00619699
-0.00990069
-0.0142538
-0.0191697
-0.0245671
-0.030373
-0.0365224
-0.042957
-0.0496253
-0.0564814
-0.0634849
-0.0706
-0.0777951
-0.0850421
-0.0923157
-0.0995933
-0.106854
-0.114078
-0.121248
-0.128346
-0.135354
-0.142254
-0.14903
-0.155662
-0.162131
-0.168415
-0.174493
-0.18034
-0.185931
-0.191237
-0.196229
-0.200872
-0.205133
-0.208974
-0.212354
-0.215232
-0.217563
-0.219301
-0.220399
-0.22081
-0.220486
-0.219381
-0.217451
-0.214655
-0.210961
-0.20634
-0.200776
-0.194262
-0.186806
-0.178431
-0.16918
-0.159114
-0.148314
-0.136884
-0.124949
-0.112653
-0.100159
-0.0876454
-0.0752994
-0.0633161
-0.0518904
-0.0412123
-0.0314613
-0.0228011
-0.0153756
-0.00930099
-0.00465913
-0.0015619
-0.000209708
-0.000173891
-0.00114823
-0.00323822
-0.00621089
-0.00992526
-0.014292
-0.0192243
-0.0246405
-0.0304672
-0.0366389
-0.0430969
-0.0497895
-0.0566706
-0.0636997
-0.0708412
-0.0780637
-0.0853396
-0.0926442
-0.0999555
-0.107254
-0.11452
-0.121738
-0.128891
-0.135963
-0.142937
-0.149798
-0.156528
-0.163109
-0.169522
-0.175746
-0.181757
-0.187532
-0.193043
-0.198261
-0.203154
-0.207686
-0.211821
-0.215518
-0.218734
-0.221423
-0.223536
-0.225024
-0.225836
-0.225919
-0.225221
-0.223693
-0.221286
-0.217959
-0.213676
-0.208408
-0.202141
-0.194871
-0.186613
-0.1774
-0.167286
-0.156346
-0.144682
-0.132418
-0.119701
-0.106702
-0.0936075
-0.0806213
-0.0679546
-0.0558221
-0.0444355
-0.0339965
-0.0246912
-0.0166855
-0.010115
-0.00507846
-0.00170756
-0.00023078
-0.000173376
-0.00114602
-0.00323368
-0.00620442
-0.00991785
-0.0142849
-0.0192186
-0.0246371
-0.0304669
-0.036642
-0.0431036
-0.0497994
-0.0566834
-0.0637152
-0.0708591
-0.078084
-0.0853629
-0.0926716
-0.099989
-0.107296
-0.114576
-0.121812
-0.12899
-0.136095
-0.143112
-0.150026
-0.156823
-0.163485
-0.169995
-0.176334
-0.18248
-0.188411
-0.194101
-0.199521
-0.20464
-0.209425
-0.213839
-0.21784
-0.221386
-0.22443
-0.226921
-0.228808
-0.230036
-0.230548
-0.230288
-0.229199
-0.227227
-0.22432
-0.220433
-0.215528
-0.209578
-0.202571
-0.194508
-0.185411
-0.175326
-0.16432
-0.152489
-0.139955
-0.126867
-0.113401
-0.0997537
-0.0861417
-0.072794
-0.0599464
-0.0478334
-0.0366814
-0.0267017
-0.0180844
-0.0109877
-0.00552977
-0.00186508
-0.000253784
-0.000172234
-0.00113997
-0.00321862
-0.00617821
-0.00987941
-0.0142336
-0.019154
-0.0245587
-0.030374
-0.0365336
-0.0429785
-0.0496562
-0.0565206
-0.0635311
-0.0706524
-0.0778537
-0.0851082
-0.0923927
-0.0996869
-0.106973
-0.114234
-0.121456
-0.128626
-0.13573
-0.142755
-0.149688
-0.156517
-0.163225
-0.169797
-0.176217
-0.182464
-0.188517
-0.194353
-0.199946
-0.205264
-0.210277
-0.214947
-0.219234
-0.223097
-0.226487
-0.229353
-0.231642
-0.233296
-0.234255
-0.234458
-0.233842
-0.232346
-0.22991
-0.226478
-0.222003
-0.216445
-0.209779
-0.201993
-0.193099
-0.183129
-0.17214
-0.160221
-0.147489
-0.134093
-0.120211
-0.106048
-0.0918347
-0.0778172
-0.0642528
-0.0514009
-0.0395148
-0.0288333
-0.0195741
-0.0119209
-0.00601435
-0.00203506
-0.000278847
-0.000170498
-0.00113025
-0.00319358
-0.00613325
-0.00981143
-0.0141401
-0.0190329
-0.024408
-0.0301915
-0.0363168
-0.0427249
-0.0493629
-0.0561846
-0.0631494
-0.0702223
-0.0773727
-0.0845745
-0.0918049
-0.0990446
-0.106277
-0.113486
-0.12066
-0.127786
-0.134852
-0.141848
-0.148762
-0.155584
-0.162299
-0.168895
-0.175356
-0.181665
-0.187804
-0.19375
-0.199479
-0.204963
-0.210172
-0.215071
-0.219621
-0.223779
-0.2275
-0.230731
-0.233419
-0.235502
-0.23692
-0.237606
-0.237492
-0.23651
-0.234591
-0.231672
-0.227693
-0.222602
-0.216359
-0.20894
-0.200341
-0.19058
-0.179702
-0.167785
-0.15494
-0.141309
-0.127074
-0.112447
-0.0976676
-0.0830012
-0.0687268
-0.05513
-0.042493
-0.0310854
-0.0211554
-0.012916
-0.00653332
-0.00221806
-0.000306099
-0.000168209
-0.00111714
-0.00315931
-0.00607092
-0.00971601
-0.0140074
-0.018859
-0.0241892
-0.029924
-0.0359967
-0.0423478
-0.0489244
-0.0556801
-0.0625745
-0.0695724
-0.0766439
-0.0837632
-0.0909084
-0.098061
-0.105205
-0.112327
-0.119416
-0.126459
-0.133449
-0.140376
-0.147231
-0.154003
-0.160683
-0.16726
-0.17372
-0.180049
-0.186231
-0.192245
-0.198071
-0.203682
-0.209051
-0.214144
-0.218926
-0.223354
-0.227383
-0.230963
-0.234038
-0.236548
-0.238428
-0.23961
-0.24002
-0.239584
-0.238227
-0.235874
-0.232454
-0.227904
-0.222168
-0.215208
-0.207002
-0.197551
-0.186888
-0.175075
-0.162212
-0.148436
-0.133925
-0.118896
-0.1036
-0.088317
-0.0733489
-0.0590088
-0.0456101
-0.0334559
-0.0228285
-0.0139738
-0.00708764
-0.0024146
-0.000335672
-0.000165427
-0.00110102
-0.00311679
-0.00599302
-0.00959587
-0.013839
-0.0186368
-0.0239078
-0.0295778
-0.03558
-0.0418544
-0.0483481
-0.0550145
-0.0618131
-0.0687091
-0.0756727
-0.0826789
-0.0897065
-0.0967379
-0.103758
-0.110756
-0.11772
-0.124642
-0.131514
-0.138329
-0.14508
-0.151759
-0.158359
-0.16487
-0.171283
-0.177586
-0.183764
-0.189801
-0.195679
-0.201374
-0.20686
-0.212108
-0.217084
-0.221749
-0.226058
-0.229962
-0.233407
-0.236332
-0.238672
-0.240354
-0.241304
-0.24144
-0.240681
-0.238942
-0.236143
-0.232205
-0.22706
-0.220651
-0.212939
-0.203909
-0.193571
-0.181974
-0.169202
-0.155382
-0.140687
-0.125335
-0.109584
-0.0937291
-0.0780947
-0.063022
-0.0488575
-0.0359408
-0.0245924
-0.0150949
-0.00767806
-0.00262517
-0.000367695
-0.000162226
-0.00108234
-0.00306729
-0.00590186
-0.00945451
-0.0136397
-0.0183724
-0.0235709
-0.029161
-0.0350754
-0.0412541
-0.0476437
-0.0541974
-0.0608749
-0.0676415
-0.0744678
-0.0813294
-0.088206
-0.095081
-0.101941
-0.108775
-0.115575
-0.122333
-0.129044
-0.135702
-0.142303
-0.148842
-0.155313
-0.16171
-0.168027
-0.174253
-0.180378
-0.186388
-0.192268
-0.197998
-0.203556
-0.208914
-0.214042
-0.218903
-0.223456
-0.227654
-0.231443
-0.234765
-0.237552
-0.239733
-0.241228
-0.241954
-0.241822
-0.24074
-0.238615
-0.235358
-0.230884
-0.22512
-0.218007
-0.209508
-0.199615
-0.188355
-0.175794
-0.162046
-0.147274
-0.131691
-0.115562
-0.0991948
-0.0829339
-0.0671495
-0.0522233
-0.0385343
-0.0264449
-0.016279
-0.00830507
-0.00285018
-0.000402299
-0.000158696
-0.00106167
-0.00301233
-0.00580027
-0.00929622
-0.0134154
-0.018073
-0.0231872
-0.0286835
-0.0344942
-0.0405588
-0.0468236
-0.0532417
-0.0597727
-0.0663822
-0.0730413
-0.0797262
-0.0864175
-0.0930997
-0.0997608
-0.106391
-0.112985
-0.119535
-0.12604
-0.132495
-0.138898
-0.145247
-0.15154
-0.157772
-0.163939
-0.170037
-0.176055
-0.181986
-0.187816
-0.193529
-0.199106
-0.204525
-0.209757
-0.214769
-0.219524
-0.223978
-0.228078
-0.231769
-0.234984
-0.237651
-0.23969
-0.241014
-0.241529
-0.241136
-0.239734
-0.237219
-0.233493
-0.228463
-0.222052
-0.2142
-0.204876
-0.194082
-0.181864
-0.168316
-0.153587
-0.137883
-0.12147
-0.104664
-0.0878302
-0.0713671
-0.0556927
-0.0412284
-0.0283826
-0.0175254
-0.00896893
-0.00309
-0.000439613
-0.000154949
-0.00103971
-0.00295379
-0.00569165
-0.0091262
-0.0131731
-0.0177475
-0.0227674
-0.0281575
-0.0338497
-0.0397829
-0.0459029
-0.0521628
-0.0585222
-0.0649468
-0.0714085
-0.077884
-0.084355
-0.0908073
-0.0972302
-0.103616
-0.10996
-0.116258
-0.122509
-0.128713
-0.134869
-0.140978
-0.14704
-0.153054
-0.159019
-0.164932
-0.170789
-0.176584
-0.182308
-0.187949
-0.193491
-0.198915
-0.204198
-0.209312
-0.214221
-0.218885
-0.223257
-0.227282
-0.230896
-0.234029
-0.2366
-0.23852
-0.239693
-0.240013
-0.23937
-0.237651
-0.234741
-0.230532
-0.224923
-0.217833
-0.209205
-0.199013
-0.187279
-0.174071
-0.159521
-0.143821
-0.127233
-0.110079
-0.0927412
-0.0756455
-0.0592471
-0.0440127
-0.0304006
-0.0188324
-0.00966956
-0.00334491
-0.000479763
-0.000151116
-0.00101726
-0.00289389
-0.0055801
-0.00895063
-0.0129212
-0.0174066
-0.0223241
-0.0275975
-0.033158
-0.0389437
-0.0449001
-0.0509799
-0.0571427
-0.0633548
-0.0695885
-0.0758215
-0.0820367
-0.0882212
-0.0943658
-0.100465
-0.106515
-0.112515
-0.118465
-0.124368
-0.130227
-0.136043
-0.141821
-0.147562
-0.153269
-0.158942
-0.164581
-0.170183
-0.175742
-0.181252
-0.186701
-0.192074
-0.197352
-0.20251
-0.20752
-0.212345
-0.216941
-0.221257
-0.225234
-0.228803
-0.231884
-0.234389
-0.236218
-0.237263
-0.237407
-0.236526
-0.234494
-0.231182
-0.226472
-0.220256
-0.212451
-0.203002
-0.191898
-0.179183
-0.16496
-0.149405
-0.132768
-0.115374
-0.0976177
-0.0799501
-0.0628643
-0.0468743
-0.0324926
-0.0201978
-0.0104066
-0.00361513
-0.000522873
-0.000147353
-0.00099532
-0.00283526
-0.00547045
-0.00877685
-0.0126697
-0.0170628
-0.0218722
-0.0270206
-0.032438
-0.0380616
-0.0438365
-0.0497149
-0.0556568
-0.0616288
-0.067604
-0.0735612
-0.0794845
-0.0853626
-0.0911881
-0.0969571
-0.102668
-0.108323
-0.113925
-0.119478
-0.124987
-0.130458
-0.135897
-0.14131
-0.146703
-0.152079
-0.157441
-0.162791
-0.168127
-0.173445
-0.178741
-0.184002
-0.189215
-0.19436
-0.199413
-0.204342
-0.209109
-0.213668
-0.217962
-0.221927
-0.225486
-0.228553
-0.231027
-0.232798
-0.233744
-0.233732
-0.232625
-0.230279
-0.226555
-0.221321
-0.214463
-0.205897
-0.195578
-0.183515
-0.169781
-0.154526
-0.137985
-0.120477
-0.102404
-0.0842413
-0.0665182
-0.0497977
-0.0346508
-0.0216183
-0.0111793
-0.00390077
-0.000569065
-0.000143846
-0.000975023
-0.00278101
-0.00536837
-0.00861344
-0.0124302
-0.0167307
-0.0214291
-0.0264466
-0.0317116
-0.0371603
-0.0427369
-0.0483937
-0.0540908
-0.0597953
-0.0654813
-0.071129
-0.076724
-0.0822567
-0.0877217
-0.0931173
-0.0984446
-0.103707
-0.108911
-0.114063
-0.11917
-0.124243
-0.12929
-0.13432
-0.139342
-0.144362
-0.149389
-0.154427
-0.159479
-0.164546
-0.169626
-0.174714
-0.1798
-0.18487
-0.189904
-0.194878
-0.199757
-0.204502
-0.209062
-0.213376
-0.217372
-0.220967
-0.224062
-0.226546
-0.228295
-0.229171
-0.229025
-0.227701
-0.225039
-0.220885
-0.215095
-0.207551
-0.198171
-0.186926
-0.173853
-0.159069
-0.142784
-0.125306
-0.107038
-0.0884738
-0.0701785
-0.0527648
-0.0368655
-0.0230901
-0.0119867
-0.0042019
-0.000618459
-0.000140811
-0.000957724
-0.00273478
-0.0052805
-0.00847042
-0.0122162
-0.0164271
-0.021015
-0.0258984
-0.0310039
-0.0362665
-0.0416297
-0.0470455
-0.0524743
-0.0578842
-0.0632504
-0.0685547
-0.0737845
-0.0789323
-0.083995
-0.0889732
-0.0938705
-0.0986933
-0.10345
-0.10815
-0.112805
-0.117426
-0.122027
-0.126618
-0.131212
-0.135821
-0.140454
-0.145121
-0.149828
-0.154583
-0.159385
-0.164237
-0.169132
-0.174063
-0.179015
-0.183969
-0.188899
-0.193769
-0.198535
-0.203143
-0.207526
-0.211604
-0.215285
-0.218457
-0.220997
-0.222763
-0.223599
-0.223338
-0.221803
-0.218815
-0.214204
-0.207816
-0.199529
-0.189273
-0.177041
-0.162911
-0.147059
-0.129772
-0.11145
-0.0925971
-0.0738109
-0.0557544
-0.0391256
-0.0246081
-0.0128274
-0.00451849
-0.000671177
-0.000138503
-0.000945008
-0.00270084
-0.00521462
-0.00835949
-0.0120434
-0.0161718
-0.0206528
-0.025402
-0.0303436
-0.035411
-0.0405468
-0.0457031
-0.0508407
-0.0559289
-0.0609446
-0.0658712
-0.0706985
-0.0754214
-0.0800394
-0.0845557
-0.0889769
-0.093312
-0.0975722
-0.101771
-0.105921
-0.110038
-0.114138
-0.118236
-0.122347
-0.126487
-0.130669
-0.134906
-0.13921
-0.143591
-0.148055
-0.152606
-0.157247
-0.161974
-0.166779
-0.171648
-0.176562
-0.181491
-0.1864
-0.19124
-0.195951
-0.20046
-0.204679
-0.208502
-0.211806
-0.21445
-0.216274
-0.2171
-0.216739
-0.214991
-0.211658
-0.206551
-0.199508
-0.190412
-0.179206
-0.165923
-0.150696
-0.133782
-0.115565
-0.0965549
-0.0773769
-0.0587428
-0.0414182
-0.0261668
-0.0136996
-0.00485047
-0.000727345
-0.000137226
-0.000938748
-0.0026842
-0.00517983
-0.00829426
-0.01193
-0.0159871
-0.020369
-0.0249872
-0.0297631
-0.034628
-0.039524
-0.044403
-0.0492268
-0.0539662
-0.0586
-0.0631142
-0.0675012
-0.0717586
-0.0758889
-0.0798985
-0.0837969
-0.0875963
-0.0913111
-0.0949572
-0.098552
-0.102113
-0.10566
-0.109211
-0.112785
-0.1164
-0.120075
-0.123825
-0.127667
-0.131614
-0.135679
-0.139869
-0.144192
-0.14865
-0.153242
-0.157959
-0.162788
-0.167709
-0.172691
-0.177695
-0.182669
-0.187546
-0.192246
-0.19667
-0.200699
-0.204193
-0.206993
-0.208915
-0.209759
-0.209307
-0.207336
-0.203624
-0.197967
-0.190198
-0.180208
-0.167973
-0.153576
-0.137232
-0.1193
-0.100286
-0.0808339
-0.0617033
-0.0437288
-0.0277599
-0.0146016
-0.00519775
-0.000787102
-0.00013734
-0.000941161
-0.00269078
-0.00518679
-0.00829058
-0.0118971
-0.0158991
-0.0201938
-0.0246877
-0.0292986
-0.0339559
-0.0386005
-0.0431851
-0.0476725
-0.0520356
-0.0562558
-0.0603219
-0.0642297
-0.0679801
-0.0715791
-0.0750365
-0.0783652
-0.0815808
-0.084701
-0.0877451
-0.0907336
-0.0936879
-0.0966298
-0.0995815
-0.102565
-0.105602
-0.108715
-0.111923
-0.115246
-0.118702
-0.122308
-0.126076
-0.130019
-0.134145
-0.138457
-0.142954
-0.14763
-0.152471
-0.157456
-0.162552
-0.167717
-0.172893
-0.178009
-0.182972
-0.187672
-0.191975
-0.195722
-0.19873
-0.200791
-0.201673
-0.201132
-0.198913
-0.194772
-0.188492
-0.179905
-0.168925
-0.155575
-0.140016
-0.122568
-0.103722
-0.0841351
-0.0646065
-0.0460414
-0.0293803
-0.0155313
-0.00556027
-0.000850603
-0.000139279
-0.000954892
-0.0027276
-0.00524806
-0.00836701
-0.0119691
-0.0159376
-0.0201615
-0.0245414
-0.0289908
-0.0334367
-0.0378196
-0.0420926
-0.0462205
-0.050179
-0.0539525
-0.0575338
-0.0609223
-0.0641231
-0.0671461
-0.0700049
-0.0727164
-0.0752998
-0.0777764
-0.0801689
-0.0825013
-0.0847981
-0.0870845
-0.089386
-0.0917279
-0.0941354
-0.0966333
-0.0992456
-0.101996
-0.104905
-0.107995
-0.111282
-0.114785
-0.118515
-0.122483
-0.126693
-0.131147
-0.135838
-0.140751
-0.145865
-0.151146
-0.156545
-0.162001
-0.167434
-0.17274
-0.177795
-0.182446
-0.186511
-0.189781
-0.192016
-0.192951
-0.192307
-0.189798
-0.185158
-0.178157
-0.168642
-0.156565
-0.142019
-0.125275
-0.106793
-0.0872298
-0.0674207
-0.0483389
-0.0310207
-0.0164866
-0.00593802
-0.000918039
-0.00014357
-0.000983117
-0.002803
-0.00537849
-0.00854529
-0.0121743
-0.0161367
-0.0203112
-0.024591
-0.0288847
-0.0331168
-0.0372275
-0.0411713
-0.0449156
-0.0484395
-0.0517317
-0.0547895
-0.0576169
-0.0602238
-0.0626246
-0.0648374
-0.0668833
-0.0687856
-0.0705693
-0.0722609
-0.0738877
-0.0754777
-0.0770593
-0.078661
-0.0803115
-0.0820392
-0.083872
-0.0858374
-0.087962
-0.0902716
-0.0927905
-0.0955413
-0.0985449
-0.101819
-0.10538
-0.109239
-0.113402
-0.11787
-0.122639
-0.127694
-0.133012
-0.138555
-0.144272
-0.150094
-0.155932
-0.161669
-0.167165
-0.172242
-0.176695
-0.180278
-0.182717
-0.183707
-0.182929
-0.180066
-0.174828
-0.166985
-0.156412
-0.143123
-0.12732
-0.109419
-0.090063
-0.0701112
-0.0506028
-0.0326733
-0.0174657
-0.0063312
-0.000989655
-0.00015086
-0.00102969
-0.00292702
-0.00559574
-0.00885095
-0.0125458
-0.0165356
-0.020687
-0.0248838
-0.0290295
-0.033046
-0.0368738
-0.0404693
-0.0438037
-0.0468606
-0.0496342
-0.052127
-0.054349
-0.0563153
-0.0580458
-0.0595635
-0.0608943
-0.0620657
-0.063107
-0.0640482
-0.0649204
-0.0657549
-0.0665833
-0.0674372
-0.0683483
-0.069348
-0.0704673
-0.0717369
-0.0731866
-0.0748455
-0.0767416
-0.0789017
-0.0813507
-0.0841116
-0.0872049
-0.0906476
-0.0944533
-0.0986303
-0.103181
-0.108101
-0.113375
-0.118979
-0.124873
-0.131001
-0.137286
-0.143627
-0.149893
-0.155922
-0.161511
-0.16642
-0.170366
-0.173029
-0.17406
-0.173094
-0.169781
-0.163816
-0.154981
-0.143203
-0.128599
-0.111519
-0.0925756
-0.0726413
-0.0528139
-0.0343307
-0.0184672
-0.00674029
-0.00106577
-0.000161955
-0.0010993
-0.00311179
-0.0059209
-0.00931415
-0.0131217
-0.0171795
-0.0213385
-0.0254726
-0.0294789
-0.0332775
-0.0368096
-0.040035
-0.0429299
-0.0454839
-0.0476976
-0.0495805
-0.0511492
-0.0524252
-0.0534345
-0.0542058
-0.0547701
-0.0551596
-0.0554079
-0.0555491
-0.0556178
-0.0556485
-0.0556762
-0.0557353
-0.0558604
-0.0560858
-0.0564453
-0.0569724
-0.0576999
-0.05866
-0.0598841
-0.0614024
-0.063244
-0.065436
-0.0680039
-0.0709702
-0.0743543
-0.0781718
-0.0824329
-0.0871415
-0.0922935
-0.0978749
-0.103859
-0.110203
-0.116846
-0.123701
-0.130655
-0.137558
-0.144222
-0.150412
-0.155848
-0.1602
-0.163093
-0.164126
-0.162888
-0.158993
-0.152133
-0.14213
-0.128997
-0.113002
-0.094704
-0.0749715
-0.0549522
-0.0359859
-0.0194903
-0.00716625
-0.00114683
-0.000177866
-0.00119778
-0.00337206
-0.00637929
-0.00997056
-0.0139468
-0.0181196
-0.0223217
-0.026415
-0.0302904
-0.0338666
-0.0370868
-0.0399158
-0.0423365
-0.0443462
-0.0459537
-0.0471766
-0.0480395
-0.0485714
-0.048805
-0.0487755
-0.0485194
-0.0480741
-0.0474777
-0.0467684
-0.0459842
-0.0451631
-0.0443431
-0.0435614
-0.0428553
-0.0422617
-0.0418168
-0.0415567
-0.0415171
-0.0417327
-0.042238
-0.0430664
-0.0442506
-0.0458216
-0.0478093
-0.0502414
-0.0531429
-0.0565359
-0.0604381
-0.0648621
-0.0698137
-0.07529
-0.0812771
-0.0877469
-0.0946538
-0.101929
-0.109477
-0.117167
-0.124827
-0.132237
-0.139124
-0.145155
-0.149943
-0.153052
-0.154017
-0.152378
-0.147725
-0.139765
-0.128394
-0.113771
-0.0963792
-0.0770595
-0.0569973
-0.0376327
-0.0205357
-0.00761072
-0.00123345
-0.000199878
-0.00133234
-0.00372591
-0.00700149
-0.0108625
-0.015073
-0.0194146
-0.0236986
-0.0277734
-0.0315241
-0.0348689
-0.0377552
-0.0401548
-0.0420594
-0.0434761
-0.0444237
-0.0449299
-0.0450282
-0.0447566
-0.0441555
-0.0432668
-0.0421333
-0.0407978
-0.0393029
-0.0376911
-0.036004
-0.0342828
-0.0325683
-0.0309004
-0.0293188
-0.0278626
-0.0265705
-0.0254807
-0.024631
-0.0240589
-0.0238013
-0.0238946
-0.0243744
-0.0252756
-0.0266318
-0.0284753
-0.0308366
-0.0337438
-0.0372216
-0.0412908
-0.0459668
-0.0512577
-0.0571624
-0.0636675
-0.0707439
-0.0783417
-0.0863849
-0.0947644
-0.10333
-0.111881
-0.120158
-0.127839
-0.134527
-0.139766
-0.143044
-0.143827
-0.141606
-0.135965
-0.126661
-0.113722
-0.0975257
-0.0788598
-0.0589283
-0.0392663
-0.0216056
-0.00807638
-0.00132648
-0.000229648
-0.00151206
-0.00419567
-0.00782456
-0.0120403
-0.0165605
-0.0211306
-0.0255369
-0.0296137
-0.0332407
-0.0363378
-0.038859
-0.0407862
-0.0421224
-0.0428873
-0.0431121
-0.0428359
-0.0421033
-0.0409619
-0.0394608
-0.0376495
-0.0355773
-0.0332926
-0.030843
-0.0282749
-0.0256336
-0.0229633
-0.0203073
-0.0177082
-0.0152075
-0.0128464
-0.0106655
-0.00870506
-0.00700477
-0.00560414
-0.00454231
-0.0038581
-0.00358994
-0.00377575
-0.00445284
-0.00565762
-0.00742534
-0.00978964
-0.012782
-0.0164308
-0.0207604
-0.0257898
-0.0315301
-0.0379825
-0.0451348
-0.0529564
-0.0613931
-0.0703593
-0.0797298
-0.0893291
-0.0989207
-0.108196
-0.116768
-0.124164
-0.129838
-0.133192
-0.133619
-0.130571
-0.123655
-0.112737
-0.0980591
-0.0803225
-0.0607241
-0.0408842
-0.0227047
-0.00856731
-0.00142712
-0.000269333
-0.00174847
-0.00480909
-0.00889359
-0.0135636
-0.0184788
-0.0233416
-0.0279097
-0.032003
-0.0354978
-0.0383189
-0.0404306
-0.0418283
-0.0425302
-0.0425713
-0.0419976
-0.0408623
-0.0392222
-0.037136
-0.0346622
-0.0318585
-0.0287811
-0.0254843
-0.0220204
-0.0184399
-0.0147913
-0.0111218
-0.00747704
-0.00390151
-0.000438753
0.00286846
0.00597798
0.00884809
0.0114374
0.0137048
0.0156093
0.01711
0.0181661
0.0187371
0.0187824
0.018262
0.0171363
0.0153665
0.0129153
0.00974689
0.00582855
0.00113137
-0.00436794
-0.0106847
-0.0178232
-0.0257725
-0.0345008
-0.0439481
-0.054017
-0.0645618
-0.0753748
-0.086173
-0.0965842
-0.106139
-0.114268
-0.120319
-0.123594
-0.123414
-0.119216
-0.110684
-0.0978834
-0.0813909
-0.0623624
-0.0424863
-0.0238411
-0.00908966
-0.00153709
-0.000321777
-0.00205631
-0.00560087
-0.0102636
-0.0155031
-0.0209076
-0.0261284
-0.0308922
-0.0350053
-0.0383442
-0.0408432
-0.0424819
-0.0432738
-0.0432568
-0.0424846
-0.0410213
-0.0389359
-0.0362994
-0.0331826
-0.0296543
-0.0257809
-0.0216257
-0.0172488
-0.0127071
-0.00805507
-0.00334431
0.00137561
0.00605699
0.0106536
0.0151206
0.0194139
0.0234902
0.0273067
0.0308207
0.0339899
0.0367719
0.039124
0.0410038
0.0423681
0.0431739
0.0433778
0.0429365
0.0418066
0.0399453
0.0373102
0.0338609
0.029559
0.0243699
0.0182649
0.0112236
0.00323763
-0.0056838
-0.0155072
-0.0261653
-0.0375457
-0.0494755
-0.0617053
-0.073891
-0.0855779
-0.0961912
-0.10504
-0.111346
-0.114299
-0.113162
-0.107407
-0.0968852
-0.0819987
-0.0638186
-0.0440757
-0.0250277
-0.00965242
-0.00165884
-0.000390788
-0.00245467
-0.0066147
-0.0120018
-0.0179422
-0.0239365
-0.0295769
-0.0345576
-0.0386747
-0.0418106
-0.0439154
-0.0449909
-0.045075
-0.04423
-0.042533
-0.0400688
-0.0369248
-0.0331879
-0.028942
-0.0242669
-0.0192379
-0.0139252
-0.00839466
-0.00270782
0.00307764
0.00890734
0.0147297
0.0204954
0.0261572
0.0316691
0.0369863
0.0420647
0.0468609
0.0513316
0.0554334
0.0591228
0.0623563
0.0650894
0.0672776
0.0688753
0.0698365
0.0701144
0.0696618
0.0684307
0.0663731
0.0634414
0.0595885
0.0547696
0.0489433
0.0420738
0.0341343
0.0251119
0.0150133
0.00387436
-0.00822814
-0.0211613
-0.0347172
-0.0485908
-0.0623574
-0.0754541
-0.087171
-0.0966652
-0.103008
-0.105281
-0.102722
-0.0949267
-0.0820642
-0.0650637
-0.0456589
-0.0262833
-0.0102686
-0.00179585
-0.000481546
-0.00296856
-0.00790599
-0.0141903
-0.0209781
-0.0276637
-0.033773
-0.038969
-0.0430437
-0.0458941
-0.0474963
-0.0478824
-0.0471224
-0.0453092
-0.0425477
-0.0389469
-0.0346151
-0.0296561
-0.0241681
-0.0182419
-0.0119616
-0.00540464
0.00135815
0.00826128
0.0152442
0.0222504
0.0292269
0.0361234
0.0428921
0.0494865
0.0558616
0.0619732
0.0677775
0.0732309
0.0782898
0.0829101
0.0870473
0.090656
0.0936901
0.0961024
0.0978446
0.098867
0.0991188
0.098548
0.0971012
0.0947244
0.091363
0.0869626
0.0814703
0.0748361
0.067016
0.0579755
0.0476954
0.0361801
0.0234688
0.00965104
-0.00511316
-0.0205684
-0.0363353
-0.0518823
-0.0665032
-0.0793145
-0.089285
-0.0953186
-0.0964037
-0.0918343
-0.0814821
-0.0660594
-0.0472457
-0.027635
-0.0109572
-0.00195323
-0.000601249
-0.00363124
-0.00954553
-0.0169295
-0.0247227
-0.0321927
-0.0387944
-0.0441648
-0.0481038
-0.0505361
-0.0514764
-0.0509988
-0.0492144
-0.0462534
-0.0422536
-0.0373516
-0.0316783
-0.0253559
-0.0184967
-0.011203
-0.00356704
0.00432759
0.0124054
0.020598
0.0288426
0.0370816
0.0452613
0.0533313
0.0612438
0.0689526
0.0764131
0.0835813
0.090414
0.0968678
0.102899
0.108464
0.113517
0.118012
0.121903
0.125141
0.127676
0.129455
0.130426
0.130532
0.129716
0.127918
0.125077
0.121129
0.116012
0.109664
0.102023
0.0930356
0.082658
0.0708636
0.0576539
0.0430729
0.0272276
0.0103147
-0.00734637
-0.0252757
-0.0427976
-0.0590168
-0.072826
-0.0829666
-0.0881679
-0.0873823
-0.0801096
-0.0667509
-0.0488475
-0.0291206
-0.0117454
-0.00213852
-0.000760157
-0.0044877
-0.0116245
-0.0203412
-0.0293006
-0.0376231
-0.0446935
-0.0501359
-0.0537761
-0.0555866
-0.0556374
-0.0540591
-0.0510142
-0.046678
-0.0412258
-0.0348248
-0.0276299
-0.0197821
-0.0114076
-0.00261883
0.00648443
0.0158137
0.0252904
0.034844
0.0444111
0.0539339
0.0633592
0.0726372
0.0817211
0.0905659
0.0991281
0.107365
0.115234
0.122692
0.129697
0.136205
0.142172
0.147551
0.152294
0.156353
0.159676
0.162209
0.163897
0.16468
0.164498
0.163286
0.160976
0.1575
0.152784
0.146755
0.139339
0.130462
0.120059
0.108074
0.094471
0.0792482
0.0624564
0.0442263
0.0248046
0.00459825
-0.0157757
-0.0354461
-0.0532662
-0.067843
-0.0776516
-0.08127
-0.0777458
-0.0670523
-0.0504732
-0.0307913
-0.0126729
-0.00236313
-0.000973372
-0.00560015
-0.0142615
-0.0245715
-0.0348436
-0.0440344
-0.0514698
-0.0567861
-0.0598642
-0.060751
-0.0595951
-0.0565995
-0.0519903
-0.0459954
-0.0388317
-0.0306989
-0.0217763
-0.0122224
-0.00217606
0.00824176
0.018926
0.0297852
0.0407392
0.0517178
0.0626581
0.0735037
0.0842033
0.094709
0.104976
0.114962
0.124624
0.133923
0.142816
0.151265
0.159225
0.166656
0.173514
0.179751
0.185322
0.190177
0.194263
0.197526
0.199908
0.201349
0.201783
0.201144
0.199359
0.196353
0.192045
0.186353
0.179189
0.170467
0.160097
0.147998
0.134101
0.118356
0.100759
0.0813691
0.0603484
0.0380123
0.0148889
-0.00821561
-0.0301629
-0.0494703
-0.0643836
-0.0730879
-0.0740998
-0.0668242
-0.0521201
-0.032715
-0.0137981
-0.00264482
-0.00126402
-0.00705677
-0.0176115
-0.0297919
-0.0414763
-0.0514534
-0.0590206
-0.0638698
-0.0659808
-0.0655116
-0.0627164
-0.0578906
-0.0513351
-0.0433367
-0.0341566
-0.0240267
-0.0131488
-0.00169646
0.010182
0.0223604
0.0347314
0.0472036
0.0596983
0.0721473
0.084491
0.0966764
0.108655
0.120384
0.13182
0.142925
0.15366
0.163986
0.173866
0.183262
0.192133
0.200438
0.208136
0.215182
0.221528
0.227126
0.231924
0.235867
0.238896
0.240949
0.24196
0.241858
0.240568
0.238009
0.234097
0.228739
0.221839
0.213297
0.203006
0.190861
0.176761
0.160615
0.14236
0.121984
0.0995577
0.0752865
0.0495801
0.0231353
-0.00297672
-0.0272481
-0.0477461
-0.0622713
-0.0687417
-0.0658334
-0.053754
-0.0349775
-0.015208
-0.00301223
-0.0016691
-0.00898619
-0.0218779
-0.0361934
-0.0492836
-0.0597936
-0.0670564
-0.0708901
-0.0714354
-0.0690089
-0.0640027
-0.0568232
-0.0478564
-0.0374508
-0.0259109
-0.013497
-0.00042853
0.0131111
0.0269698
0.0410211
0.0551603
0.0693
0.0833666
0.0972976
0.111039
0.124544
0.13777
0.150677
0.16323
0.175394
0.187134
0.198417
0.209208
0.21947
0.229169
0.238264
0.246717
0.254484
0.26152
0.267776
0.273203
0.277744
0.281342
0.283934
0.285452
0.285825
0.284976
0.28282
0.279268
0.274223
0.267581
0.259231
0.249052
0.23692
0.222704
0.206277
0.187523
0.166356
0.142752
0.116795
0.0887489
0.0591553
0.0289499
-0.000419426
-0.0269263
-0.0480353
-0.0610287
-0.0636868
-0.0552702
-0.037679
-0.0170334
-0.00351309
-0.00225066
-0.0115813
-0.0273252
-0.0439632
-0.0582417
-0.0687443
-0.0749577
-0.0769354
-0.0750631
-0.0698724
-0.0619261
-0.051757
-0.0398398
-0.0265812
-0.0123216
0.0026594
0.0181342
0.0339191
0.0498662
0.0658568
0.0817949
0.0976029
0.113217
0.128585
0.143662
0.158409
0.172792
0.186779
0.200341
0.21345
0.226076
0.238191
0.249765
0.260766
0.271162
0.280917
0.289994
0.298353
0.30595
0.312741
0.318674
0.323696
0.327751
0.330775
0.332703
0.33346
0.332971
0.331148
0.327901
0.32313
0.316724
0.308565
0.298523
0.286456
0.272213
0.255631
0.236549
0.214813
0.190302
0.162973
0.132924
0.100495
0.0664155
0.031967
-0.000855428
-0.0292871
-0.0499958
-0.0597207
-0.0564153
-0.0409136
-0.0194711
-0.00422939
-0.00311707
-0.0151376
-0.0342844
-0.0532195
-0.0680748
-0.0775646
-0.0815313
-0.0804208
-0.0749682
-0.0659789
-0.0542112
-0.0403278
-0.024883
-0.00832679
0.00898214
0.0267618
0.0447925
0.0629041
0.0809652
0.0988747
0.116554
0.133943
0.150993
0.167666
0.18393
0.199759
0.21513
0.230021
0.24441
0.258278
0.271601
0.284359
0.296525
0.308075
0.318979
0.329207
0.338725
0.347496
0.35548
0.362634
0.368909
0.374256
0.378617
0.381934
0.384139
0.385163
0.384927
0.383347
0.380331
0.375777
0.369574
0.361599
0.351714
0.339768
0.32559
0.308996
0.28978
0.26773
0.242636
0.214327
0.18272
0.147923
0.110384
0.0710986
0.0318635
-0.00451043
-0.0341961
-0.0528201
-0.0566373
-0.0447086
-0.0228107
-0.00530399
-0.00446318
-0.0201105
-0.0431225
-0.0638417
-0.0779603
-0.0847089
-0.0846028
-0.0786861
-0.0681539
-0.054127
-0.0375597
-0.0192225
0.000282137
0.0204943
0.0410684
0.0617476
0.0823437
0.102719
0.122776
0.142441
0.161666
0.180414
0.198659
0.216382
0.23357
0.250211
0.266295
0.281812
0.296751
0.3111
0.324847
0.337976
0.350468
0.362305
0.373461
0.383912
0.393627
0.402574
0.410717
0.418014
0.424423
0.429895
0.434377
0.437812
0.440136
0.441281
0.441171
0.439726
0.436853
0.432453
0.426416
0.418616
0.408916
0.397156
0.383157
0.366715
0.347594
0.325534
0.300247
0.271441
0.238855
0.202342
0.162009
0.118442
0.0730378
0.0283798
-0.0114755
-0.0411292
-0.0548046
-0.0488667
-0.0274485
-0.00698371
-0.00664098
-0.027181
-0.0540941
-0.0750574
-0.0859285
-0.0871478
-0.0803482
-0.0673938
-0.0500129
-0.0296291
-0.00733878
0.0160464
0.0399418
0.0639358
0.0877439
0.111174
0.1341
0.156441
0.178149
0.199197
0.219571
0.23927
0.258296
0.276653
0.294349
0.311389
0.327779
0.343522
0.358619
0.373068
0.386865
0.400002
0.412468
0.424249
0.435327
0.445682
0.455288
0.464118
0.472139
0.479315
0.485606
0.490968
0.495351
0.498702
0.500961
0.502065
0.501942
0.500515
0.497695
0.493388
0.487487
0.47987
0.470401
0.45892
0.445245
0.429162
0.410417
0.388713
0.363705
0.334996
0.302165
0.264809
0.222658
0.175786
0.124969
0.072209
0.0213337
-0.0215998
-0.0486908
-0.0525892
-0.0338214
-0.00967122
-0.0102537
-0.0372381
-0.0668233
-0.0844577
-0.0876627
-0.0791791
-0.0622507
-0.0396901
-0.0137008
0.0141238
0.0426923
0.0712851
0.0994442
0.126891
0.153467
0.179092
0.203735
0.227396
0.250095
0.27186
0.292727
0.31273
0.331903
0.350278
0.367885
0.384746
0.400884
0.416315
0.431052
0.445102
0.458469
0.471154
0.483153
0.494457
0.505054
0.514929
0.524062
0.532429
0.540002
0.546751
0.552639
0.557627
0.561671
0.564721
0.566725
0.567622
0.567347
0.565829
0.562988
0.558733
0.552965
0.545571
0.536418
0.525356
0.512204
0.49675
0.478733
0.45784
0.433686
0.405805
0.373642
0.336568
0.293945
0.245275
0.190527
0.130719
0.0687982
0.0106831
-0.0340599
-0.0536127
-0.0420293
-0.0139092
-0.0161373
-0.0508513
-0.0786888
-0.0857222
-0.0741989
-0.0504765
-0.0196306
0.0147937
0.0504626
0.0859489
0.120441
0.153515
0.184987
0.214812
0.243023
0.269695
0.294921
0.318799
0.341425
0.36289
0.383276
0.402657
0.421097
0.438655
0.455378
0.471308
0.486478
0.500919
0.51465
0.527689
0.540047
0.55173
0.562741
0.573076
0.582728
0.591686
0.599936
0.607457
0.614228
0.620222
0.625408
0.629751
0.633213
0.635752
0.637319
0.637862
0.637324
0.635641
0.632741
0.628544
0.622961
0.615889
0.607208
0.596778
0.584432
0.569968
0.553135
0.533622
0.511033
0.484867
0.45449
0.419109
0.377776
0.329449
0.273201
0.208718
0.137284
0.0634051
-0.00311367
-0.0463503
-0.0505332
-0.0199787
-0.02462
-0.0658498
-0.0802516
-0.0636515
-0.0278742
0.016698
0.064
0.110704
0.155138
0.196615
0.234978
0.270337
0.30292
0.332993
0.36082
0.386647
0.410695
0.433156
0.454197
0.473958
0.492562
0.510113
0.526698
0.542391
0.557253
0.571338
0.584688
0.597338
0.609315
0.620642
0.631333
0.6414
0.650847
0.659676
0.667883
0.675462
0.682401
0.688686
0.694298
0.699216
0.703413
0.706863
0.709532
0.711384
0.712381
0.712477
0.711624
0.709768
0.706849
0.7028
0.697544
0.690993
0.683044
0.673576
0.662443
0.649463
0.634412
0.617001
0.596858
0.573494
0.54626
0.514294
0.476466
0.431327
0.377147
0.312162
0.23533
0.148145
0.0578778
-0.018394
-0.0528653
-0.0262209
-0.0312986
-0.0687266
-0.0436716
0.0154767
0.0836853
0.150389
0.211705
0.266454
0.314772
0.357333
0.394947
0.428375
0.458283
0.48523
0.509674
0.531989
0.552478
0.57139
0.588926
0.605252
0.620504
0.634794
0.648215
0.660843
0.672743
0.683967
0.694557
0.704549
0.71397
0.722841
0.731179
0.738994
0.746294
0.753081
0.759353
0.765107
0.770334
0.775024
0.779162
0.782733
0.785716
0.788089
0.789828
0.790904
0.791286
0.790942
0.789831
0.787914
0.785143
0.781466
0.776823
0.771145
0.764351
0.756345
0.74701
0.736199
0.723727
0.709356
0.692769
0.673542
0.651094
0.624621
0.592997
0.554645
0.507385
0.44832
0.374026
0.281702
0.172056
0.055697
-0.0301859
-0.0232112
-0.000660332
0.000353272
0.104334
0.217908
0.312104
0.388132
0.449787
0.500019
0.541358
0.575878
0.605153
0.630346
0.652322
0.671723
0.689036
0.704629
0.718788
0.731734
0.743642
0.754651
0.764874
0.774399
0.783301
0.791639
0.799462
0.80681
0.813716
0.820204
0.826296
0.832007
0.83735
0.842333
0.84696
0.851233
0.855153
0.858716
0.861917
0.864749
0.867201
0.869264
0.870924
0.872166
0.872974
0.873328
0.87321
0.872595
0.87146
0.869777
0.867515
0.864639
0.861112
0.856886
0.851908
0.846114
0.839424
0.83174
0.822934
0.81284
0.801238
0.787825
0.772179
0.753699
0.73151
0.70431
0.670123
0.625909
0.567062
0.487049
0.376958
0.228427
0.0726434
0.0309694
0.292184
0.379306
0.530608
0.644332
0.714299
0.76002
0.792315
0.816132
0.834339
0.848762
0.860549
0.87043
0.878885
0.886245
0.892741
0.898543
0.903776
0.908533
0.912887
0.916895
0.920602
0.924044
0.927249
0.930241
0.933037
0.935654
0.938103
0.940395
0.942535
0.944531
0.946386
0.948102
0.949682
0.951126
0.952433
0.953601
0.954629
0.955512
0.956247
0.95683
0.957256
0.957517
0.957609
0.957523
0.957252
0.956788
0.95612
0.955239
0.954133
0.952789
0.951192
0.949325
0.947167
0.944693
0.941872
0.938666
0.935024
0.930881
0.926147
0.920702
0.914372
0.906909
0.897943
0.886902
0.872863
0.854247
0.828214
0.789432
0.726146
0.611349
0.435852
0.317985
)
;

boundaryField
{
    movingWall
    {
        type            calculated;
        value           uniform 1;
    }
    fixedWalls
    {
        type            calculated;
        value           uniform 0;
    }
    frontAndBack
    {
        type            empty;
    }
}


// ************************************************************************* //
