/*--------------------------------*- C++ -*----------------------------------*\
  =========                 |
  \\      /  F ield         | OpenFOAM: The Open Source CFD Toolbox
   \\    /   O peration     | Website:  https://openfoam.org
    \\  /    A nd           | Version:  dev
     \\/     M anipulation  |
\*---------------------------------------------------------------------------*/
FoamFile
{
    format      ascii;
    class       volScalarField;
    location    "19.8";
    object      Uy;
}
// * * * * * * * * * * * * * * * * * * * * * * * * * * * * * * * * * * * * * //

dimensions      [0 1 -1 0 0 0 0];

internalField   nonuniform List<scalar> 
5184
(
-1.23456e-05
-2.06497e-05
-1.7125e-05
-8.12999e-06
2.70508e-06
1.36331e-05
2.38472e-05
3.30366e-05
4.10828e-05
4.79917e-05
5.38247e-05
5.86664e-05
6.26088e-05
6.5743e-05
6.81536e-05
6.99161e-05
7.10946e-05
7.17416e-05
7.18979e-05
7.15928e-05
7.08457e-05
6.96672e-05
6.80604e-05
6.60224e-05
6.35457e-05
6.06206e-05
5.72367e-05
5.33845e-05
4.9057e-05
4.42511e-05
3.89693e-05
3.32208e-05
2.70228e-05
2.04014e-05
1.33921e-05
6.04038e-06
-1.59763e-06
-9.45556e-06
-1.7457e-05
-2.55162e-05
-3.35389e-05
-4.14238e-05
-4.90637e-05
-5.63479e-05
-6.31639e-05
-6.93999e-05
-7.49474e-05
-7.97035e-05
-8.35736e-05
-8.64742e-05
-8.83347e-05
-8.90999e-05
-8.87316e-05
-8.72099e-05
-8.45344e-05
-8.07245e-05
-7.58193e-05
-6.98775e-05
-6.29765e-05
-5.52122e-05
-4.66985e-05
-3.75681e-05
-2.79756e-05
-1.81032e-05
-8.17601e-06
1.51116e-06
1.05362e-05
1.82623e-05
2.36785e-05
2.50948e-05
1.9828e-05
6.24196e-06
-4.52983e-05
-6.52084e-05
-4.02298e-05
7.83737e-06
6.57824e-05
0.000126008
0.000184236
0.000238212
0.000286798
0.000329552
0.000366434
0.000397634
0.000423461
0.000444283
0.000460475
0.000472398
0.000480371
0.000484671
0.000485522
0.000483093
0.000477507
0.00046884
0.000457131
0.000442389
0.000424603
0.000403748
0.000379801
0.000352746
0.000322582
0.000289336
0.000253069
0.000213884
0.00017193
0.00012741
8.05821e-05
3.17657e-05
-1.86611e-05
-7.02608e-05
-0.000122539
-0.00017495
-0.000226899
-0.000277757
-0.000326862
-0.000373535
-0.000417095
-0.000456867
-0.000492198
-0.000522476
-0.000547139
-0.000565693
-0.000577726
-0.000582919
-0.000581055
-0.000572031
-0.000555863
-0.000532689
-0.000502772
-0.000466502
-0.00042439
-0.000377077
-0.000325329
-0.000270051
-0.000212301
-0.000153329
-9.46449e-05
-3.81252e-05
1.37769e-05
5.77582e-05
8.92307e-05
0.000101704
8.64135e-05
3.64578e-05
-8.09276e-05
-9.45072e-05
-1.86866e-05
0.000106224
0.000254762
0.000410505
0.000563153
0.000706574
0.000837324
0.000953698
0.0010551
0.00114163
0.00121378
0.00127231
0.00131801
0.00135172
0.0013742
0.00138612
0.00138805
0.00138044
0.00136361
0.00133777
0.00130307
0.00125957
0.00120727
0.00114616
0.00107625
0.000997529
0.000910077
0.000814029
0.000709616
0.000597183
0.000477202
0.000350287
0.000217203
7.8872e-05
-6.36283e-05
-0.000209064
-0.000356055
-0.000503084
-0.00064852
-0.000790632
-0.000927619
-0.00105764
-0.00117885
-0.00128943
-0.00138763
-0.00147181
-0.00154045
-0.00159226
-0.00162614
-0.00164124
-0.001637
-0.00161316
-0.0015698
-0.00150731
-0.00142644
-0.00132828
-0.00121429
-0.00108626
-0.000946366
-0.000797168
-0.000641671
-0.000483401
-0.000326552
-0.000176204
-3.86682e-05
7.80493e-05
0.000163662
0.000205016
0.00018601
9.02922e-05
-9.74385e-05
-7.26261e-05
8.52515e-05
0.000318624
0.000590067
0.000874001
0.00115342
0.00141757
0.00165997
0.00187709
0.00206739
0.00223062
0.00236732
0.00247854
0.00256556
0.00262969
0.00267222
0.0026943
0.0026969
0.00268083
0.00264667
0.00259485
0.00252564
0.0024392
0.00233562
0.00221492
0.00207718
0.0019225
0.00175109
0.0015633
0.00135965
0.00114087
0.000907942
0.000662099
0.000404853
0.000138002
-0.000136369
-0.000415892
-0.000697937
-0.000979631
-0.00125789
-0.00152947
-0.00179098
-0.002039
-0.00227009
-0.00248085
-0.00266805
-0.00282863
-0.00295984
-0.00305923
-0.0031248
-0.00315501
-0.00314882
-0.00310579
-0.00302607
-0.00291043
-0.00276032
-0.00257781
-0.00236567
-0.00212734
-0.00186697
-0.00158944
-0.00130047
-0.00100671
-0.000715961
-0.000437497
-0.000182446
3.55978e-05
0.000199934
0.000290189
0.000282084
0.000147089
-8.4115e-05
2.13819e-05
0.000295831
0.000668104
0.00109048
0.00152909
0.00196055
0.0023694
0.00274594
0.00308454
0.00338244
0.00363882
0.00385413
0.00402963
0.00416696
0.00426794
0.00433437
0.00436789
0.00436993
0.00434164
0.00428395
0.00419752
0.0040828
0.00394008
0.00376957
0.00357142
0.00334581
0.00309302
0.00281349
0.00250789
0.00217716
0.00182258
0.00144578
0.00104881
0.000634164
0.000204742
-0.000236096
-0.000684569
-0.00113649
-0.00158732
-0.0020322
-0.002466
-0.00288345
-0.00327917
-0.00364779
-0.00398403
-0.00428285
-0.00453951
-0.00474971
-0.00490969
-0.00501633
-0.00506724
-0.00506084
-0.00499646
-0.00487435
-0.00469577
-0.00446298
-0.0041793
-0.0038491
-0.00347783
-0.00307206
-0.00263951
-0.00218916
-0.00173141
-0.00127829
-0.000843837
-0.000444519
-9.98745e-05
0.000166782
0.000327745
0.000350303
0.000193846
-3.72491e-05
0.000197754
0.000627072
0.00117006
0.00177086
0.00238867
0.00299449
0.00356854
0.00409802
0.00457516
0.00499589
0.00535873
0.00566393
0.00591285
0.00610746
0.00625003
0.00634284
0.00638802
0.00638743
0.00634265
0.00625491
0.00612513
0.00595399
0.00574195
0.00548939
0.00519661
0.004864
0.00449208
0.00408162
0.00363371
0.00314983
0.00263194
0.00208252
0.0015046
0.000901821
0.000278438
-0.000360696
-0.00101014
-0.00166388
-0.00231545
-0.0029579
-0.003584
-0.00418623
-0.00475701
-0.00528874
-0.00577398
-0.00620563
-0.00657701
-0.00688206
-0.0071155
-0.00727293
-0.00735099
-0.00734747
-0.00726141
-0.0070932
-0.00684461
-0.00651888
-0.00612072
-0.00565636
-0.00513355
-0.00456164
-0.00395157
-0.00331604
-0.00266962
-0.00202902
-0.00141341
-0.000844891
-0.00034913
4.39334e-05
0.000299388
0.000376457
0.000224132
4.4331e-05
0.000461475
0.00108687
0.00183388
0.00264072
0.00346124
0.00426185
0.00501914
0.00571753
0.00634734
0.00690328
0.00738318
0.00778706
0.00811635
0.00837331
0.00856061
0.00868098
0.00873702
0.00873103
0.00866496
0.00854039
0.00835852
0.00812026
0.0078263
0.0074772
0.00707348
0.00661579
0.00610498
0.00554223
0.00492915
0.00426788
0.00356119
0.00281254
0.00202613
0.00120691
0.000360677
-0.000506024
-0.00138587
-0.00227082
-0.00315221
-0.00402082
-0.00486699
-0.00568079
-0.00645214
-0.00717098
-0.00782749
-0.00841224
-0.00891641
-0.009332
-0.009652
-0.00987057
-0.00998328
-0.00998717
-0.00988096
-0.00966513
-0.00934203
-0.00891592
-0.00839306
-0.00778169
-0.00709211
-0.00633669
-0.00552993
-0.00468854
-0.00383159
-0.00298074
-0.00216057
-0.00139897
-0.000727756
-0.000183383
0.000192381
0.00035146
0.000234524
0.000160612
0.000814397
0.001679
0.00266455
0.00370544
0.00475171
0.00576639
0.00672324
0.00760448
0.00839888
0.0091001
0.00970543
0.0102147
0.0106294
0.0109522
0.0111859
0.0113339
0.0113991
0.0113843
0.0112917
0.0111234
0.0108808
0.010565
0.0101771
0.00971767
0.00918764
0.00858793
0.00791978
0.00718487
0.00638542
0.00552435
0.00460533
0.00363294
0.00261265
0.00155093
0.000455225
-0.00066603
-0.00180346
-0.00294681
-0.00408502
-0.00520639
-0.00629866
-0.00734922
-0.00834532
-0.00927422
-0.0101235
-0.0108812
-0.0115361
-0.0120781
-0.0124983
-0.0127894
-0.0129455
-0.0129628
-0.0128399
-0.012577
-0.0121772
-0.0116458
-0.0109907
-0.0102222
-0.00935332
-0.0083997
-0.00737958
-0.0063139
-0.00522649
-0.00414416
-0.00309701
-0.0021188
-0.00124748
-0.000525772
-1.86421e-06
0.000269757
0.000223319
0.000310953
0.00125642
0.00240441
0.00366392
0.00496731
0.00626232
0.00750975
0.00868145
0.00975811
0.0107274
0.0115823
0.0123197
0.0129395
0.0134432
0.0138337
0.0141145
0.0142892
0.0143611
0.0143336
0.0142092
0.0139902
0.0136783
0.0132751
0.0127816
0.0121989
0.0115282
0.0107706
0.00992802
0.00900256
0.00799715
0.00691556
0.0057625
0.00454373
0.00326615
0.00193781
0.000567987
-0.000832888
-0.00225323
-0.00368041
-0.00510085
-0.00650014
-0.00786327
-0.00917479
-0.010419
-0.0115804
-0.0126437
-0.0135942
-0.0144182
-0.0151033
-0.0156383
-0.0160142
-0.0162239
-0.0162626
-0.0161281
-0.0158208
-0.0153443
-0.0147049
-0.0139121
-0.0129785
-0.01192
-0.0107554
-0.00950696
-0.00820004
-0.00686333
-0.00552895
-0.00423264
-0.00301404
-0.00191711
-0.000990682
-0.000288859
0.000128247
0.000189871
0.000494447
0.0017863
0.00326221
0.00483161
0.00642631
0.00799309
0.00949166
0.0108929
0.0121766
0.01333
0.0143458
0.0152207
0.0159547
0.0165498
0.0170092
0.0173368
0.0175365
0.0176123
0.0175678
0.017406
0.0171294
0.0167401
0.0162398
0.01563
0.014912
0.0140871
0.0131572
0.0121243
0.0109913
0.00976194
0.00844078
0.00703367
0.00554765
0.00399111
0.0023738
0.000706897
-0.000997039
-0.00272412
-0.00445919
-0.00618602
-0.00788739
-0.00954536
-0.0111415
-0.012657
-0.0140733
-0.015372
-0.0165358
-0.017548
-0.0183936
-0.0190594
-0.0195341
-0.0198092
-0.0198787
-0.0197397
-0.0193927
-0.0188414
-0.0180932
-0.0171593
-0.0160545
-0.0147974
-0.0134105
-0.01192
-0.0103556
-0.00875126
-0.00714434
-0.00557633
-0.00409277
-0.00274359
-0.00158348
-0.000672139
-7.46804e-05
0.000134099
0.00071006
0.00240214
0.0042503
0.00616564
0.00808063
0.00994225
0.0117102
0.0133552
0.0148572
0.0162032
0.0173861
0.0184031
0.0192544
0.0199424
0.0204709
0.0208442
0.0210669
0.0211434
0.0210775
0.0208727
0.0205319
0.0200575
0.0194513
0.0187151
0.0178505
0.0168592
0.0157435
0.0145059
0.0131499
0.01168
0.0101018
0.00842232
0.00664982
0.00479428
0.00286723
0.000881802
-0.00114724
-0.0032036
-0.00526956
-0.00732606
-0.00935299
-0.0113293
-0.0132334
-0.0150434
-0.0167373
-0.0182937
-0.019692
-0.0209126
-0.0219377
-0.0227515
-0.0233408
-0.0236949
-0.0238068
-0.0236725
-0.0232921
-0.0226699
-0.021814
-0.0207372
-0.0194565
-0.0179934
-0.0163737
-0.0146279
-0.0127903
-0.0108999
-0.00899951
-0.0071365
-0.00536229
-0.00373277
-0.00230836
-0.00115414
-0.000339859
5.61727e-05
0.000956716
0.00310162
0.00536581
0.00766292
0.00992712
0.0121066
0.0141621
0.016065
0.0177959
0.0193425
0.0206984
0.0218613
0.0228322
0.0236141
0.0242115
0.0246294
0.0248727
0.0249464
0.0248548
0.0246018
0.0241905
0.0236236
0.0229033
0.0220315
0.0210101
0.0198413
0.0185276
0.0170722
0.0154793
0.0137539
0.0119029
0.00993415
0.00785753
0.00568451
0.00342839
0.00110435
-0.00127062
-0.00367777
-0.0060967
-0.00850553
-0.0108811
-0.0131992
-0.0154348
-0.0175628
-0.0195578
-0.0213949
-0.0230501
-0.0245007
-0.0257259
-0.026707
-0.0274283
-0.0278773
-0.028045
-0.0279265
-0.0275215
-0.026834
-0.0258733
-0.0246533
-0.0231933
-0.0215176
-0.0196555
-0.0176415
-0.0155149
-0.0133195
-0.0111041
-0.00892165
-0.00682971
-0.00489011
-0.00316905
-0.00173687
-0.000667851
-4.36907e-05
0.00123332
0.0038822
0.0066053
0.00931953
0.0119616
0.0144819
0.0168429
0.0190176
0.0209879
0.0227428
0.0242771
0.0255894
0.0266819
0.0275585
0.0282243
0.0286851
0.0289466
0.0290142
0.0288928
0.0285866
0.0280991
0.0274331
0.0265912
0.0255756
0.0243885
0.0230322
0.0215098
0.0198249
0.0179824
0.0159882
0.01385
0.0115769
0.00918002
0.00667249
0.00406938
0.0013879
-0.00135273
-0.00413125
-0.00692458
-0.0097079
-0.0124549
-0.0151382
-0.0177294
-0.0201996
-0.0225199
-0.0246619
-0.026598
-0.0283019
-0.0297496
-0.0309193
-0.0317924
-0.0323541
-0.0325934
-0.0325042
-0.0320851
-0.0313403
-0.0302792
-0.0289173
-0.0272758
-0.0253818
-0.0232681
-0.0209733
-0.0185414
-0.0160217
-0.0134685
-0.0109409
-0.0085025
-0.00622131
-0.00416936
-0.00242238
-0.0010593
-0.000165358
0.00153878
0.00474118
0.00796498
0.0111309
0.0141791
0.0170628
0.0197471
0.0222073
0.0244273
0.0263982
0.028116
0.0295812
0.0307971
0.0317687
0.0325024
0.0330047
0.033282
0.0333406
0.0331856
0.0328217
0.0322527
0.0314819
0.0305119
0.0293453
0.0279844
0.0264321
0.0246916
0.0227671
0.020664
0.0183892
0.015951
0.0133599
0.0106282
0.00777059
0.0048039
0.00174733
-0.00137764
-0.00454731
-0.00773583
-0.0109155
-0.0140568
-0.0171289
-0.0200999
-0.0229374
-0.0256086
-0.0280811
-0.0303236
-0.0323061
-0.0340008
-0.0353825
-0.0364296
-0.0371244
-0.0374536
-0.0374094
-0.0369892
-0.0361967
-0.0350418
-0.0335408
-0.0317168
-0.0295997
-0.0272255
-0.0246372
-0.0218835
-0.0190191
-0.0161043
-0.0132042
-0.0103889
-0.00773267
-0.00531364
-0.00321319
-0.00151519
-0.000308866
0.00187199
0.00567573
0.00944071
0.0130921
0.016574
0.0198433
0.0228683
0.0256276
0.0281076
0.0303017
0.0322083
0.0338297
0.0351707
0.036238
0.0370391
0.0375815
0.0378727
0.0379193
0.0377274
0.037302
0.0366472
0.0357666
0.0346631
0.0333394
0.0317982
0.0300424
0.0280759
0.0259031
0.0235301
0.0209644
0.0182152
0.015294
0.0122144
0.00899261
0.00564708
0.00219897
-0.00132804
-0.00490781
-0.0085118
-0.0121093
-0.0156676
-0.0191526
-0.0225285
-0.0257592
-0.0288079
-0.0316382
-0.0342145
-0.0365029
-0.0384714
-0.0400911
-0.0413369
-0.0421878
-0.0426279
-0.042647
-0.0422411
-0.041413
-0.0401726
-0.0385369
-0.0365308
-0.0341864
-0.0315435
-0.0286489
-0.0255563
-0.0223261
-0.0190244
-0.0157229
-0.0124983
-0.00943151
-0.00660709
-0.0041125
-0.00203701
-0.000474481
0.00223183
0.00668289
0.0110281
0.0151976
0.01914
0.0228165
0.0261995
0.0292711
0.0320212
0.0344459
0.0365464
0.0383273
0.0397954
0.040959
0.0418272
0.0424088
0.0427121
0.0427447
0.0425131
0.042023
0.0412789
0.0402845
0.039043
0.0375574
0.0358305
0.0338655
0.0316665
0.0292384
0.0265877
0.0237224
0.0206528
0.0173911
0.0139522
0.0103535
0.00661528
0.00276039
-0.00118534
-0.00519337
-0.0092325
-0.0132691
-0.0172673
-0.0211893
-0.0249959
-0.0286467
-0.0321008
-0.0353177
-0.0382572
-0.0408809
-0.0431525
-0.045039
-0.046511
-0.0475439
-0.0481186
-0.0482222
-0.0478487
-0.0469996
-0.0456841
-0.0439201
-0.0417335
-0.039159
-0.0362394
-0.0330257
-0.0295768
-0.0259585
-0.0222434
-0.0185099
-0.0148416
-0.0113264
-0.00805606
-0.00512445
-0.00262692
-0.00066274
0.00261715
0.00775955
0.0127225
0.0174415
0.0218703
0.0259751
0.0297328
0.0331298
0.0361598
0.0388225
0.0411221
0.0430659
0.044663
0.045924
0.0468593
0.0474794
0.0477936
0.0478105
0.0475373
0.0469802
0.0461441
0.045033
0.0436503
0.0419992
0.0400827
0.0379041
0.0354678
0.0327789
0.0298443
0.0266727
0.0232749
0.019664
0.0158559
0.0118693
0.00772581
0.00345018
-0.000929832
-0.0053834
-0.00987675
-0.0143733
-0.0188341
-0.0232177
-0.0274812
-0.03158
-0.0354689
-0.0391028
-0.0424368
-0.0454277
-0.0480344
-0.050219
-0.0519477
-0.0531916
-0.0539278
-0.0541402
-0.0538201
-0.0529671
-0.0515898
-0.0497057
-0.0473421
-0.0445355
-0.041332
-0.0377867
-0.0339635
-0.0299341
-0.0257776
-0.0215796
-0.0174311
-0.0134275
-0.00966816
-0.00625421
-0.00328778
-0.000874474
0.00302673
0.00890246
0.0145189
0.0198175
0.0247577
0.029311
0.0334596
0.0371947
0.0405144
0.0434224
0.0459263
0.0480365
0.0497651
0.0511245
0.0521275
0.0527858
0.0531103
0.0531105
0.0527945
0.0521688
0.0512391
0.0500094
0.0484836
0.0466648
0.0445561
0.0421611
0.0394841
0.0365307
0.0333079
0.0298249
0.0260929
0.0221258
0.0179403
0.0135563
0.0089967
0.00428774
-0.000540915
-0.0054563
-0.0104222
-0.0153992
-0.020345
-0.025215
-0.0299621
-0.0345377
-0.038892
-0.0429749
-0.0467368
-0.050129
-0.0531053
-0.0556224
-0.0576415
-0.0591287
-0.0600567
-0.0604054
-0.0601629
-0.0593265
-0.057903
-0.0559097
-0.0533743
-0.0503353
-0.0468416
-0.0429524
-0.0387367
-0.0342723
-0.0296452
-0.0249485
-0.020281
-0.0157465
-0.0114525
-0.00750814
-0.00402327
-0.00111083
0.00345933
0.0101082
0.0164122
0.022319
0.0277943
0.0328156
0.0373708
0.0414563
0.0450752
0.0482356
0.0509491
0.0532296
0.055092
0.0565515
0.0576229
0.0583199
0.0586547
0.0586379
0.0582785
0.0575838
0.0565597
0.0552109
0.053541
0.0515536
0.0492517
0.0466389
0.0437197
0.0404998
0.0369862
0.0331884
0.0291181
0.0247897
0.0202206
0.0154314
0.0104463
0.005293
2.68793e-06
-0.00538963
-0.0108454
-0.0163225
-0.0217757
-0.0271567
-0.0324145
-0.0374963
-0.0423477
-0.0469134
-0.0511383
-0.0549684
-0.0583514
-0.0612384
-0.0635847
-0.065351
-0.0665047
-0.067021
-0.066884
-0.0660878
-0.0646371
-0.0625481
-0.0598487
-0.0565786
-0.0527896
-0.0485449
-0.0439185
-0.0389946
-0.0338664
-0.0286348
-0.0234074
-0.0182969
-0.0134196
-0.00889384
-0.00483792
-0.00137328
0.00391362
0.0113732
0.0183968
0.0249389
0.0309718
0.0364796
0.0414563
0.0459042
0.0498316
0.0532516
0.05618
0.0586345
0.0606335
0.0621951
0.0633362
0.0640727
0.0644183
0.064385
0.0639826
0.0632193
0.0621013
0.0606336
0.0588203
0.0566646
0.0541699
0.0513397
0.0481784
0.0446915
0.0408864
0.0367725
0.0323617
0.0276686
0.0227114
0.0175112
0.0120932
0.00648607
0.000722637
-0.00516037
-0.0111222
-0.0171184
-0.0231005
-0.0290168
-0.0348126
-0.0404306
-0.0458116
-0.050895
-0.05562
-0.0599266
-0.0637562
-0.0670536
-0.0697674
-0.0718521
-0.0732692
-0.0739882
-0.0739884
-0.07326
-0.0718047
-0.0696368
-0.0667837
-0.0632863
-0.0591985
-0.0545875
-0.0495325
-0.044124
-0.038463
-0.0326589
-0.0268284
-0.021094
-0.0155818
-0.0104202
-0.00573709
-0.00166362
0.0043882
0.0126935
0.0204668
0.0276697
0.0342815
0.0402933
0.0457057
0.0505273
0.0547723
0.0584587
0.0616074
0.0642401
0.0663787
0.0680445
0.0692571
0.0700344
0.0703921
0.0703433
0.0698992
0.0690684
0.0678579
0.066273
0.0643179
0.0619959
0.0593103
0.0562645
0.0528627
0.0491105
0.0450149
0.0405853
0.0358336
0.0307748
0.0254269
0.0198119
0.0139553
0.0078869
0.00164063
-0.00474521
-0.011228
-0.0177608
-0.0242924
-0.030768
-0.0371287
-0.0433131
-0.0492568
-0.0548939
-0.0601576
-0.0649814
-0.0693001
-0.0730511
-0.0761762
-0.0786225
-0.0803446
-0.0813057
-0.0814793
-0.0808504
-0.0794169
-0.0771906
-0.0741976
-0.0704792
-0.0660913
-0.0611046
-0.0556035
-0.0496854
-0.043459
-0.0370429
-0.0305639
-0.0241548
-0.0179529
-0.0120974
-0.00672706
-0.001984
0.00488158
0.0140652
0.022616
0.0305034
0.0377139
0.0442461
0.0501077
0.0553139
0.059885
0.0638448
0.067219
0.0700339
0.0723154
0.0740879
0.0753742
0.0761942
0.0765657
0.0765034
0.0760194
0.0751233
0.0738227
0.0721232
0.0700292
0.067544
0.0646708
0.0614128
0.057774
0.0537596
0.0493764
0.0446336
0.0395429
0.034119
0.0283803
0.0223486
0.01605
0.00951484
0.00277802
-0.00412093
-0.0111377
-0.0182233
-0.0253239
-0.0323814
-0.0393335
-0.0461141
-0.0526539
-0.0588815
-0.0647238
-0.0701074
-0.0749597
-0.0792107
-0.082794
-0.0856489
-0.0877221
-0.0889691
-0.0893566
-0.0888636
-0.087483
-0.085223
-0.0821077
-0.0781779
-0.0734911
-0.0681212
-0.0621578
-0.055705
-0.04888
-0.0418111
-0.0346358
-0.0274985
-0.0205484
-0.0139369
-0.007815
-0.0023369
0.00539219
0.0154839
0.0248379
0.0334315
0.0412592
0.0483271
0.0546505
0.0602514
0.0651569
0.0693966
0.0730015
0.0760028
0.0784305
0.0803127
0.081675
0.0825402
0.0829278
0.0828543
0.0823331
0.0813747
0.0799873
0.078177
0.0759481
0.0733041
0.070248
0.0667827
0.0629118
0.0586401
0.0539742
0.0489225
0.0434965
0.0377107
0.0315829
0.025135
0.0183933
0.0113882
0.00415537
-0.00326477
-0.0108266
-0.0184791
-0.0261665
-0.0338274
-0.0413961
-0.0488021
-0.0559713
-0.0628264
-0.0692879
-0.0752752
-0.080708
-0.0855078
-0.0895997
-0.092914
-0.0953884
-0.0969698
-0.0976169
-0.0973012
-0.0960096
-0.0937455
-0.0905298
-0.0864022
-0.0814209
-0.0756627
-0.0692222
-0.0622104
-0.0547532
-0.0469893
-0.0390678
-0.0311457
-0.0233854
-0.0159517
-0.00900898
-0.00272515
0.00591835
0.0169453
0.0271257
0.0364453
0.0449069
0.0525245
0.0593213
0.0653267
0.0705743
0.0751001
0.0789409
0.0821328
0.0847102
0.086705
0.0881461
0.089059
0.0894655
0.0893839
0.0888287
0.0878118
0.0863418
0.0844251
0.0820665
0.0792693
0.0760362
0.0723699
0.0682735
0.0637513
0.0588091
0.053455
0.0476996
0.0415569
0.0350442
0.0281831
0.0209994
0.0135237
0.00579194
-0.00215498
-0.0102704
-0.0185019
-0.0267915
-0.0350754
-0.0432843
-0.0513438
-0.0591748
-0.0666941
-0.0738158
-0.0804517
-0.0865134
-0.0919134
-0.0965672
-0.100395
-0.103325
-0.105295
-0.106252
-0.106161
-0.105
-0.102766
-0.0994776
-0.0951703
-0.0899029
-0.0837545
-0.0768242
-0.0692301
-0.0611072
-0.0526051
-0.0438855
-0.0351191
-0.0264826
-0.0181559
-0.010318
-0.00315191
0.00645832
0.0184444
0.029472
0.0395356
0.0486462
0.0568263
0.0641072
0.0705257
0.0761227
0.0809406
0.0850221
0.0884086
0.0911392
0.0932497
0.0947727
0.0957363
0.0961648
0.0960784
0.0954932
0.0944219
0.0928741
0.0908566
0.0883743
0.0854305
0.0820277
0.078168
0.0738541
0.0690896
0.0638795
0.0582311
0.0521543
0.0456621
0.038771
0.031502
0.0238803
0.0159362
0.00770521
-0.000771282
-0.00944607
-0.0182657
-0.0271706
-0.0360945
-0.0449652
-0.0537043
-0.062228
-0.0704476
-0.0782701
-0.0856
-0.09234
-0.0983933
-0.103665
-0.108065
-0.11151
-0.113925
-0.115249
-0.115435
-0.114452
-0.112291
-0.108962
-0.104498
-0.0989579
-0.092421
-0.0849911
-0.0767932
-0.0679716
-0.0586875
-0.0491161
-0.0394429
-0.0298605
-0.0205649
-0.0117518
-0.00362069
0.00701025
0.0199764
0.0318694
0.0426925
0.0524656
0.0612197
0.0689942
0.0758339
0.0817869
0.0869024
0.0912292
0.0948142
0.0977013
0.0999308
0.101539
0.102556
0.10301
0.102922
0.102311
0.101191
0.0995704
0.0974583
0.0948591
0.0917762
0.0882118
0.0841677
0.0796456
0.0746486
0.0691807
0.0632482
0.0568599
0.0500277
0.0427673
0.0350983
0.0270452
0.0186375
0.00991023
0.00090452
-0.00833226
-0.0177461
-0.0272759
-0.0368539
-0.0464051
-0.0558476
-0.0650929
-0.0740469
-0.0826101
-0.0906789
-0.0981473
-0.104908
-0.110856
-0.115889
-0.119911
-0.122836
-0.124589
-0.12511
-0.12436
-0.122319
-0.118989
-0.114399
-0.108604
-0.101686
-0.0937499
-0.084929
-0.0753768
-0.0652667
-0.0547882
-0.0441429
-0.0335407
-0.0231957
-0.0133212
-0.00413536
0.00757223
0.0215361
0.03431
0.0459062
0.0563534
0.0656915
0.073968
0.081236
0.087551
0.0929691
0.0975454
0.101332
0.104379
0.106731
0.108426
0.109501
0.109984
0.109899
0.109266
0.108101
0.106415
0.104214
0.101506
0.0982923
0.0945754
0.0903567
0.0856371
0.0804187
0.0747046
0.0684998
0.061812
0.0546517
0.0470332
0.0389748
0.0304998
0.0216366
0.0124191
0.00288796
-0.00690988
-0.0169202
-0.0270813
-0.0373238
-0.0475707
-0.0577369
-0.06773
-0.0774503
-0.086792
-0.0956436
-0.10389
-0.111414
-0.118098
-0.123828
-0.128494
-0.131996
-0.134245
-0.135168
-0.134711
-0.132844
-0.129561
-0.124881
-0.118857
-0.111569
-0.103126
-0.0936665
-0.0833537
-0.0723738
-0.0609316
-0.0492463
-0.0375467
-0.0260661
-0.0150379
-0.00470011
0.00814227
0.0231182
0.0367857
0.0491663
0.0602975
0.0702279
0.0790139
0.0867163
0.0933984
0.0991234
0.103953
0.107945
0.111155
0.113631
0.115417
0.116552
0.117067
0.116989
0.11634
0.115135
0.113388
0.111107
0.108297
0.104962
0.101102
0.0967195
0.0918141
0.0863867
0.0804394
0.073976
0.0670024
0.0595279
0.0515651
0.0431306
0.0342462
0.0249385
0.0152405
0.00519127
-0.00516277
-0.0157679
-0.0265622
-0.0374756
-0.0484292
-0.0593357
-0.0700987
-0.080614
-0.0907693
-0.100446
-0.109519
-0.117861
-0.125342
-0.131834
-0.137214
-0.141365
-0.144183
-0.14558
-0.145486
-0.143856
-0.140673
-0.135949
-0.129729
-0.12209
-0.113144
-0.103034
-0.0919326
-0.0800402
-0.0675773
-0.0547817
-0.0419028
-0.0291953
-0.0169143
-0.00531948
0.00871834
0.0247174
0.0392884
0.0524623
0.0642854
0.0748152
0.0841165
0.0922584
0.099312
0.105348
0.110433
0.114634
0.118009
0.120612
0.122491
0.123688
0.124239
0.124172
0.12351
0.122272
0.12047
0.118115
0.115212
0.111764
0.107772
0.103237
0.0981585
0.0925356
0.0863694
0.0796623
0.0724187
0.064646
0.0563549
0.0475602
0.0382816
0.0285441
0.0183786
0.00782277
-0.00307844
-0.0142722
-0.0256971
-0.0372827
-0.0489495
-0.0606079
-0.0721587
-0.0834933
-0.0944936
-0.105033
-0.11498
-0.124193
-0.132532
-0.139854
-0.14602
-0.150897
-0.154363
-0.156311
-0.156655
-0.155334
-0.152316
-0.147601
-0.141225
-0.133262
-0.123823
-0.113056
-0.101144
-0.0882977
-0.0747567
-0.0607786
-0.0466348
-0.0326037
-0.0189636
-0.00599836
0.00929836
0.026328
0.0418097
0.0557834
0.0683044
0.0794389
0.0892603
0.0978458
0.105274
0.111623
0.116968
0.121378
0.12492
0.127652
0.129627
0.130889
0.131478
0.131424
0.130754
0.129487
0.127638
0.125216
0.122227
0.118676
0.114563
0.109888
0.104649
0.0988444
0.0924748
0.0855404
0.078044
0.0699909
0.0613897
0.0522533
0.042599
0.0324494
0.0218333
0.0107862
-0.00064864
-0.0124201
-0.0244678
-0.036722
-0.0491026
-0.0615191
-0.07387
-0.086043
-0.097915
-0.109353
-0.120215
-0.130351
-0.139608
-0.147827
-0.154853
-0.160535
-0.164731
-0.167316
-0.168183
-0.16725
-0.16447
-0.159827
-0.153347
-0.145095
-0.135182
-0.123759
-0.111015
-0.0971773
-0.0825017
-0.0672673
-0.0517697
-0.0363125
-0.0212001
-0.00674197
0.00988027
0.0279446
0.0443412
0.059119
0.0723419
0.0840849
0.0944295
0.103461
0.111267
0.117931
0.123536
0.128158
0.131868
0.13473
0.136801
0.13813
0.138759
0.138722
0.138048
0.136756
0.134864
0.132382
0.129317
0.125672
0.121448
0.116645
0.111259
0.105288
0.0987314
0.0915872
0.0838565
0.0755426
0.0666519
0.0571947
0.0471857
0.0366451
0.025599
0.0140804
0.00212997
-0.0102032
-0.0228605
-0.0357736
-0.0488628
-0.0620374
-0.0751944
-0.0882188
-0.100983
-0.113349
-0.125165
-0.136272
-0.146502
-0.155685
-0.163646
-0.170215
-0.175229
-0.178541
-0.180021
-0.179566
-0.177107
-0.17261
-0.166086
-0.157592
-0.147233
-0.135161
-0.121573
-0.106709
-0.0908439
-0.0742786
-0.0573349
-0.0403441
-0.0236385
-0.00755588
0.010462
0.0295617
0.0468746
0.0624584
0.0763853
0.0887387
0.0996085
0.109088
0.117272
0.124253
0.130118
0.134952
0.13883
0.141823
0.14399
0.145387
0.146058
0.14604
0.145363
0.144052
0.142122
0.139586
0.136452
0.132722
0.128398
0.123478
0.117959
0.111838
0.105111
0.0977751
0.08983
0.0812764
0.0721184
0.0623635
0.0520238
0.0411165
0.0296647
0.0176984
0.00525523
-0.00761837
-0.0208664
-0.0344225
-0.0482085
-0.0621342
-0.0760962
-0.0899779
-0.103649
-0.116964
-0.129766
-0.141886
-0.153145
-0.163354
-0.172324
-0.179863
-0.185786
-0.18992
-0.192112
-0.192232
-0.190187
-0.185922
-0.179428
-0.170749
-0.159982
-0.147278
-0.132841
-0.116922
-0.0998143
-0.0818434
-0.0633587
-0.0447215
-0.0262944
-0.00844596
0.0110415
0.0311739
0.0494018
0.0657911
0.0804222
0.0933863
0.104782
0.114709
0.123272
0.130568
0.136693
0.141738
0.145783
0.148905
0.15117
0.152634
0.153346
0.153348
0.152672
0.151343
0.14938
0.146796
0.143599
0.139794
0.13538
0.130355
0.124717
0.11846
0.11158
0.104072
0.0959331
0.0871623
0.0777609
0.0677337
0.0570898
0.0458431
0.0340135
0.0216273
0.00871903
-0.00466848
-0.0184824
-0.0326591
-0.0471229
-0.0617853
-0.0765436
-0.0912803
-0.105863
-0.120143
-0.133957
-0.147126
-0.15946
-0.170756
-0.180806
-0.189397
-0.196321
-0.201379
-0.204387
-0.205189
-0.203662
-0.199724
-0.193347
-0.184553
-0.17343
-0.160122
-0.144839
-0.127842
-0.109443
-0.0899925
-0.0698699
-0.0494684
-0.0291841
-0.00941843
0.0116169
0.0327762
0.0519151
0.0691072
0.0844405
0.098014
0.109933
0.120308
0.129247
0.136857
0.14324
0.148493
0.152705
0.155954
0.158313
0.159843
0.160596
0.160618
0.159943
0.158598
0.156605
0.153978
0.150725
0.146851
0.142356
0.137239
0.131495
0.125118
0.118102
0.110441
0.10213
0.0931655
0.083546
0.0732737
0.0623543
0.0507984
0.0386221
0.0258481
0.0125069
-0.00136267
-0.0157116
-0.03048
-0.0455955
-0.0609721
-0.0765092
-0.0920902
-0.107581
-0.122832
-0.137673
-0.15192
-0.165369
-0.177806
-0.189004
-0.198728
-0.206746
-0.212829
-0.216764
-0.218362
-0.217467
-0.213968
-0.207805
-0.198982
-0.187566
-0.173696
-0.15758
-0.139491
-0.119757
-0.0987558
-0.0768971
-0.0546092
-0.0323243
-0.0104798
0.0121864
0.0343637
0.0544071
0.0723971
0.0884288
0.102609
0.115049
0.125868
0.13518
0.143101
0.149739
0.155197
0.15957
0.162943
0.165393
0.166986
0.167778
0.167818
0.167143
0.165784
0.163763
0.161095
0.157791
0.153856
0.14929
0.14409
0.138253
0.131771
0.124636
0.116842
0.108381
0.0992464
0.0894354
0.0789465
0.0677824
0.05595
0.0434614
0.0303353
0.0165977
0.00228312
-0.0125641
-0.0278885
-0.043622
-0.0596824
-0.0759721
-0.0923767
-0.108763
-0.12498
-0.140856
-0.156197
-0.170794
-0.184418
-0.196824
-0.207758
-0.216961
-0.224173
-0.22915
-0.231666
-0.231528
-0.228589
-0.222755
-0.214
-0.202372
-0.187995
-0.171074
-0.151887
-0.130783
-0.108162
-0.0844687
-0.0601685
-0.0357325
-0.0116369
0.0127482
0.035932
0.0568711
0.0756522
0.0923767
0.107158
0.120115
0.131373
0.141054
0.14928
0.156168
0.161825
0.166354
0.169846
0.172382
0.174033
0.174861
0.174915
0.174239
0.172864
0.170815
0.16811
0.164758
0.160767
0.156137
0.150866
0.144947
0.138374
0.131138
0.12323
0.11464
0.105361
0.0953857
0.0847103
0.0733339
0.0612598
0.048496
0.0350569
0.0209637
0.00624597
-0.00905713
-0.0248953
-0.0412057
-0.057911
-0.074918
-0.0921159
-0.109374
-0.126542
-0.143446
-0.15989
-0.175656
-0.190503
-0.204171
-0.216385
-0.22686
-0.235306
-0.241442
-0.245003
-0.245755
-0.243509
-0.238133
-0.229563
-0.217819
-0.203006
-0.18532
-0.165045
-0.142541
-0.118238
-0.0926126
-0.066171
-0.0394263
-0.0128968
0.013301
0.0374774
0.0593012
0.0788647
0.0962747
0.11165
0.125118
0.136808
0.146852
0.155377
0.162507
0.168357
0.173034
0.176637
0.179252
0.180955
0.181812
0.181877
0.181195
0.179802
0.177724
0.174981
0.171585
0.167542
0.162855
0.15752
0.151531
0.144881
0.13756
0.129557
0.120861
0.111461
0.10135
0.0905183
0.0789634
0.0666843
0.053685
0.0399749
0.0255706
0.010496
-0.00521523
-0.0215187
-0.0383577
-0.0556608
-0.0733406
-0.0912913
-0.109387
-0.127478
-0.145393
-0.162934
-0.179877
-0.195972
-0.210945
-0.224501
-0.236329
-0.246109
-0.253521
-0.25826
-0.260044
-0.258638
-0.253861
-0.245609
-0.233863
-0.218704
-0.200313
-0.17897
-0.155051
-0.129008
-0.101355
-0.0726411
-0.0434237
-0.0142668
0.0138436
0.0389967
0.0616928
0.0820281
0.100114
0.116076
0.130046
0.142161
0.152558
0.161373
0.168736
0.174768
0.179585
0.18329
0.185974
0.187721
0.188598
0.188667
0.187974
0.186558
0.184449
0.181667
0.178227
0.174136
0.169396
0.164005
0.157957
0.151242
0.143852
0.135772
0.126991
0.117496
0.107276
0.0963199
0.0846212
0.0721752
0.0589816
0.0450453
0.0303774
0.0149964
-0.00107033
-0.0177849
-0.0350973
-0.0529433
-0.0712422
-0.0898949
-0.108781
-0.127757
-0.146653
-0.165272
-0.183387
-0.200741
-0.217049
-0.231998
-0.245252
-0.25646
-0.265264
-0.271313
-0.274278
-0.273866
-0.269847
-0.262062
-0.25045
-0.235054
-0.216033
-0.193662
-0.168323
-0.140494
-0.110723
-0.0796031
-0.0477429
-0.0157545
0.0143751
0.0404876
0.064042
0.0851375
0.10389
0.120428
0.13489
0.147419
0.158159
0.167252
0.174836
0.181039
0.185983
0.189777
0.19252
0.194299
0.195187
0.19525
0.194538
0.193093
0.190948
0.188124
0.184639
0.180501
0.175713
0.170272
0.164172
0.157406
0.14996
0.141821
0.132976
0.12341
0.113109
0.102061
0.0902535
0.0776797
0.0643348
0.0502189
0.0353377
0.0197039
0.00333852
-0.0137277
-0.0314522
-0.0497786
-0.0686344
-0.0879284
-0.107548
-0.127356
-0.147189
-0.166852
-0.186118
-0.204728
-0.222387
-0.238765
-0.253506
-0.266228
-0.276534
-0.284027
-0.288323
-0.289073
-0.285981
-0.278831
-0.267506
-0.252004
-0.232453
-0.209111
-0.182365
-0.152712
-0.120737
-0.0870802
-0.0524021
-0.0173677
0.0148949
0.0419488
0.0663468
0.0881898
0.107596
0.124698
0.13964
0.152571
0.16364
0.172998
0.180789
0.187148
0.192204
0.196073
0.19886
0.200657
0.201545
0.20159
0.200849
0.199366
0.197178
0.194309
0.190776
0.18659
0.181755
0.176269
0.170127
0.163318
0.15583
0.14765
0.138761
0.129148
0.118794
0.107684
0.0958034
0.0831414
0.0696889
0.0554415
0.0403994
0.0245693
0.00796557
-0.00938848
-0.0274583
-0.046196
-0.0655384
-0.0854036
-0.105688
-0.126264
-0.146976
-0.167634
-0.188016
-0.20786
-0.226867
-0.244697
-0.260971
-0.275281
-0.287191
-0.296257
-0.302037
-0.304119
-0.302138
-0.295808
-0.284945
-0.269491
-0.24953
-0.225298
-0.197175
-0.165675
-0.131419
-0.0950948
-0.0574193
-0.0191143
0.0154032
0.0433804
0.068607
0.0911838
0.111231
0.128885
0.144292
0.157609
0.168993
0.178598
0.186578
0.193075
0.198225
0.202152
0.204966
0.206765
0.207635
0.207649
0.206867
0.205336
0.203096
0.200174
0.19659
0.192354
0.187473
0.181946
0.175766
0.168924
0.161407
0.153201
0.144288
0.134651
0.12427
0.11313
0.101212
0.0885011
0.0749854
0.0606553
0.045506
0.0295381
0.012759
-0.00481539
-0.023159
-0.0422333
-0.0619848
-0.0823425
-0.103214
-0.124481
-0.145999
-0.167588
-0.189032
-0.210072
-0.230408
-0.249691
-0.267528
-0.283483
-0.297088
-0.307848
-0.315264
-0.318853
-0.318176
-0.312866
-0.302661
-0.287433
-0.26721
-0.24219
-0.212742
-0.17939
-0.142785
-0.103668
-0.0628123
-0.0210023
0.0159003
0.0447835
0.0708241
0.0941212
0.114795
0.132985
0.148843
0.162529
0.174206
0.184039
0.192187
0.198801
0.204024
0.207987
0.210807
0.212589
0.213425
0.213391
0.212552
0.210961
0.208658
0.205675
0.202032
0.197744
0.192816
0.187249
0.181037
0.17417
0.166636
0.158418
0.149499
0.139859
0.129479
0.118338
0.106417
0.0936976
0.0801629
0.0657995
0.0505973
0.0345512
0.0176617
-6.29114e-05
-0.0186053
-0.0379365
-0.0580138
-0.0787775
-0.100147
-0.122019
-0.144259
-0.166699
-0.189134
-0.211312
-0.232936
-0.253655
-0.273063
-0.290705
-0.306077
-0.318641
-0.327837
-0.33311
-0.333937
-0.329861
-0.320531
-0.305731
-0.285421
-0.259745
-0.229048
-0.193856
-0.15485
-0.112818
-0.0685982
-0.0230397
0.0163874
0.0461613
0.0730024
0.0970064
0.118293
0.137003
0.153292
0.167325
0.179275
0.189312
0.197603
0.204308
0.209579
0.213553
0.216356
0.218098
0.218878
0.218776
0.217864
0.216197
0.213819
0.210764
0.207056
0.202709
0.197733
0.192126
0.185885
0.179
0.171459
0.163243
0.154336
0.144715
0.13436
0.123249
0.111359
0.0986687
0.0851587
0.0708109
0.0556104
0.0395462
0.0226123
0.00480918
-0.0138543
-0.0333593
-0.0536741
-0.0747511
-0.0965237
-0.118901
-0.141765
-0.164963
-0.188301
-0.211542
-0.234393
-0.256506
-0.277472
-0.296818
-0.314012
-0.328474
-0.339584
-0.346713
-0.349248
-0.346633
-0.338412
-0.32427
-0.304075
-0.277905
-0.246062
-0.209066
-0.167621
-0.122562
-0.0747938
-0.0252349
0.0168665
0.0475188
0.0751491
0.0998472
0.121731
0.140943
0.157642
0.172
0.184195
0.194407
0.202813
0.20958
0.214869
0.218825
0.221583
0.22326
0.223959
0.223768
0.222762
0.221001
0.218533
0.215394
0.211611
0.207201
0.202171
0.196525
0.190258
0.183361
0.175821
0.16762
0.15874
0.149159
0.138854
0.1278
0.115974
0.103352
0.0899094
0.0756255
0.0604806
0.0444581
0.0275458
0.00973681
-0.00896884
-0.0285621
-0.0490224
-0.0703152
-0.0923878
-0.115165
-0.138545
-0.162392
-0.18653
-0.210736
-0.234732
-0.258176
-0.280661
-0.301704
-0.320751
-0.337184
-0.350327
-0.359475
-0.363922
-0.363004
-0.356145
-0.342913
-0.323066
-0.296594
-0.263742
-0.225005
-0.181102
-0.132915
-0.0814148
-0.027596
0.0173401
0.0488632
0.0772743
0.102656
0.125122
0.144816
0.161901
0.176556
0.188966
0.199321
0.207806
0.2146
0.219873
0.223779
0.226459
0.22804
0.228631
0.228326
0.227205
0.225331
0.222756
0.21952
0.215651
0.211168
0.206081
0.200394
0.194102
0.187198
0.179668
0.171494
0.162657
0.153134
0.142901
0.131933
0.120203
0.107685
0.0943517
0.0801788
0.0651423
0.0492206
0.0323954
0.0146527
-0.00401576
-0.0236106
-0.0441226
-0.06553
-0.0877948
-0.110858
-0.134637
-0.159013
-0.183832
-0.20889
-0.233926
-0.258613
-0.282551
-0.305257
-0.326161
-0.344613
-0.359887
-0.371204
-0.377762
-0.378779
-0.37355
-0.361504
-0.342269
-0.315724
-0.282031
-0.241646
-0.19529
-0.143887
-0.088476
-0.0301311
0.0178122
0.0502045
0.0793925
0.105448
0.128482
0.148637
0.166081
0.181
0.193589
0.204048
0.212573
0.219355
0.224571
0.228388
0.230956
0.232407
0.232859
0.232412
0.231149
0.229141
0.226441
0.223092
0.219125
0.214561
0.209412
0.203681
0.197366
0.190459
0.182946
0.17481
0.16603
0.156584
0.146446
0.135589
0.123986
0.111607
0.0984233
0.0844071
0.0695303
0.0537668
0.0370928
0.0194875
0.000934855
-0.018575
-0.039044
-0.060463
-0.0828089
-0.10604
-0.130091
-0.154867
-0.180234
-0.206013
-0.231964
-0.257782
-0.283081
-0.307385
-0.330119
-0.350609
-0.368087
-0.381702
-0.390557
-0.393749
-0.390428
-0.379867
-0.361539
-0.335185
-0.300858
-0.258953
-0.210176
-0.155487
-0.0959912
-0.0328485
0.0182877
0.0515558
0.0815225
0.108246
0.131833
0.152426
0.170198
0.185345
0.198071
0.208589
0.217108
0.223829
0.228944
0.232629
0.235042
0.236326
0.236605
0.235984
0.234554
0.232387
0.229541
0.226064
0.221986
0.217332
0.212114
0.206336
0.199998
0.193092
0.185603
0.177515
0.168807
0.159455
0.149433
0.138713
0.127265
0.115059
0.102064
0.0882477
0.0735801
0.0580303
0.0415694
0.0241708
0.00581104
-0.0135286
-0.0338604
-0.0551877
-0.0775019
-0.100778
-0.124972
-0.150008
-0.17578
-0.202132
-0.228855
-0.255668
-0.282208
-0.308015
-0.332518
-0.355033
-0.374754
-0.390771
-0.402094
-0.407692
-0.406563
-0.397805
-0.380711
-0.354849
-0.320138
-0.276878
-0.225745
-0.167719
-0.103973
-0.0357564
0.0187731
0.0529342
0.0836885
0.111079
0.135204
0.156209
0.174274
0.189604
0.202419
0.212943
0.221402
0.22801
0.232972
0.236474
0.238687
0.239762
0.239829
0.239001
0.237373
0.235022
0.232011
0.228387
0.224185
0.21943
0.214137
0.20831
0.201949
0.195047
0.187589
0.179559
0.170936
0.161694
0.151809
0.141249
0.129985
0.117984
0.105214
0.0916403
0.0772288
0.0619458
0.0457578
0.0286325
0.0105401
-0.00854628
-0.0286486
-0.0497819
-0.0719516
-0.0951499
-0.119351
-0.144504
-0.170526
-0.197293
-0.224626
-0.252275
-0.279909
-0.307091
-0.333269
-0.357756
-0.379726
-0.398217
-0.412152
-0.420376
-0.421723
-0.415101
-0.399594
-0.374567
-0.339764
-0.29536
-0.24197
-0.180583
-0.112433
-0.0388632
0.0192765
0.0543611
0.085921
0.11398
0.13863
0.160019
0.178336
0.193799
0.206645
0.217115
0.22545
0.231884
0.236632
0.239897
0.241858
0.242676
0.24249
0.241418
0.239561
0.237
0.2338
0.230012
0.225672
0.220807
0.215432
0.209553
0.20317
0.196275
0.188855
0.180893
0.172367
0.163253
0.153523
0.143147
0.132094
0.120329
0.107819
0.0945264
0.080416
0.0654502
0.0495916
0.0328034
0.0150497
-0.00370337
-0.0234867
-0.0443261
-0.0662401
-0.0892369
-0.11331
-0.138431
-0.164544
-0.191556
-0.219321
-0.247629
-0.276182
-0.304582
-0.332303
-0.358671
-0.382853
-0.403851
-0.42051
-0.431558
-0.43566
-0.431517
-0.417978
-0.394169
-0.359614
-0.314325
-0.258821
-0.194076
-0.121382
-0.0421775
0.0198085
0.0558635
0.0882582
0.116993
0.142155
0.163896
0.182417
0.197953
0.210762
0.221106
0.229246
0.235433
0.239901
0.242865
0.244517
0.245028
0.244543
0.243189
0.241069
0.23827
0.234859
0.230889
0.226398
0.221413
0.21595
0.210017
0.203612
0.196729
0.189354
0.18147
0.173055
0.164084
0.154528
0.144358
0.13354
0.122041
0.109824
0.0968507
0.0830836
0.0684825
0.053007
0.0366161
0.019269
0.000925498
-0.018453
-0.038902
-0.0604521
-0.0831262
-0.106936
-0.131876
-0.157916
-0.184995
-0.213004
-0.241773
-0.271049
-0.300478
-0.329571
-0.357687
-0.384001
-0.407494
-0.426952
-0.44099
-0.448111
-0.446794
-0.435627
-0.413457
-0.379544
-0.333681
-0.276253
-0.208191
-0.13083
-0.0457083
0.020382
0.0574749
0.0907469
0.120173
0.145833
0.167887
0.186554
0.202093
0.214785
0.22492
0.232781
0.238641
0.242752
0.245345
0.246625
0.246772
0.245941
0.244262
0.241846
0.23878
0.235135
0.230965
0.22631
0.221197
0.215642
0.209653
0.203228
0.196362
0.18904
0.181244
0.172952
0.16414
0.154778
0.144835
0.134278
0.123072
0.111179
0.0985606
0.0851766
0.070985
0.0559429
0.040006
0.0231294
0.00526755
-0.0136246
-0.033591
-0.0546729
-0.0769066
-0.10032
-0.12493
-0.150732
-0.177696
-0.205751
-0.23477
-0.264551
-0.29479
-0.325052
-0.354739
-0.383054
-0.40898
-0.431263
-0.448422
-0.4588
-0.460652
-0.452281
-0.432212
-0.399387
-0.353323
-0.294216
-0.222917
-0.140787
-0.0494654
0.0210135
0.059237
0.0934449
0.123582
0.149725
0.172048
0.190793
0.20625
0.218731
0.228557
0.236042
0.241482
0.245151
0.247295
0.248134
0.247857
0.246628
0.244583
0.241835
0.238474
0.234573
0.230187
0.225356
0.220107
0.214457
0.208412
0.201971
0.195127
0.187867
0.18017
0.172017
0.163379
0.154229
0.144534
0.134262
0.123375
0.111837
0.0996065
0.086643
0.072903
0.0583414
0.0429116
0.0265653
0.00925295
-0.00907602
-0.0284725
-0.0489869
-0.0706672
-0.0935567
-0.11769
-0.14309
-0.169754
-0.197651
-0.226698
-0.256748
-0.287554
-0.318746
-0.349784
-0.379921
-0.408163
-0.433241
-0.453602
-0.467444
-0.472794
-0.467653
-0.450184
-0.418949
-0.373123
-0.312646
-0.238239
-0.151264
-0.0534598
0.0217233
0.0612013
0.0964225
0.127299
0.153907
0.176443
0.195182
0.210453
0.222612
0.232015
0.239011
0.243926
0.247055
0.248665
0.248989
0.248225
0.246545
0.244089
0.240973
0.23729
0.233113
0.228496
0.22348
0.21809
0.212343
0.206244
0.199793
0.19298
0.18579
0.178206
0.170204
0.161758
0.152839
0.143414
0.133449
0.122908
0.111752
0.0999421
0.0874345
0.0741855
0.0601486
0.0452754
0.0295154
0.0128158
-0.004878
-0.0236226
-0.0434755
-0.0644948
-0.0867366
-0.110253
-0.135088
-0.16127
-0.188802
-0.217649
-0.247717
-0.278826
-0.310677
-0.342804
-0.374531
-0.404913
-0.432695
-0.456281
-0.473746
-0.4829
-0.481426
-0.46709
-0.438009
-0.392934
-0.331467
-0.254137
-0.162271
-0.0577043
0.0225372
0.0634317
0.0997656
0.131415
0.158465
0.181143
0.199772
0.214734
0.226435
0.235281
0.24166
0.245929
0.248413
0.249395
0.249123
0.247805
0.245619
0.242708
0.239192
0.235161
0.230689
0.22583
0.220622
0.215089
0.209247
0.2031
0.196645
0.189872
0.182767
0.175309
0.167475
0.159238
0.150568
0.141434
0.1318
0.12163
0.110885
0.0995246
0.0875065
0.0747855
0.0613146
0.0470445
0.0319229
0.0158952
-0.00109625
-0.0191121
-0.0382155
-0.0584723
-0.0799495
-0.102714
-0.126828
-0.152347
-0.179309
-0.207723
-0.237551
-0.26868
-0.300892
-0.333808
-0.366842
-0.399126
-0.429452
-0.456217
-0.477406
-0.490632
-0.493257
-0.482614
-0.456311
-0.412581
-0.350591
-0.270591
-0.173825
-0.0622145
0.0234876
0.0660071
0.103578
0.13604
0.163497
0.186226
0.204615
0.219116
0.2302
0.238331
0.243943
0.247434
0.249154
0.249407
0.248455
0.246515
0.243768
0.240362
0.236412
0.232012
0.227232
0.222122
0.216719
0.211046
0.205114
0.198927
0.192479
0.185759
0.178752
0.171437
0.163788
0.155779
0.14738
0.138557
0.129277
0.119503
0.109196
0.0983154
0.0868187
0.0746611
0.0617953
0.0481716
0.0337372
0.0184365
0.00220994
-0.0150056
-0.0332773
-0.0526767
-0.0732789
-0.0951626
-0.118407
-0.14309
-0.169281
-0.19703
-0.226353
-0.257208
-0.289459
-0.32283
-0.356838
-0.390723
-0.423359
-0.453179
-0.47812
-0.495631
-0.502766
-0.496398
-0.473558
-0.431861
-0.369912
-0.287576
-0.185944
-0.0670102
0.0246157
0.0690257
0.107987
0.141303
0.169115
0.191774
0.209759
0.223612
0.233887
0.241118
0.245796
0.248358
0.249186
0.248604
0.246886
0.244255
0.240896
0.236954
0.232546
0.227759
0.222661
0.217298
0.211703
0.205896
0.199885
0.19367
0.187244
0.180595
0.173703
0.166549
0.159105
0.151345
0.143238
0.134751
0.125849
0.116496
0.106653
0.096281
0.0853368
0.0737762
0.0615526
0.0486163
0.034915
0.0203926
0.00498929
-0.0113594
-0.0287229
-0.0471763
-0.0668008
-0.0876836
-0.109917
-0.133599
-0.158823
-0.185679
-0.214234
-0.244513
-0.276468
-0.309926
-0.344531
-0.379653
-0.414286
-0.446948
-0.475583
-0.497522
-0.509538
-0.508036
-0.489407
-0.450529
-0.389304
-0.305065
-0.198656
-0.0721168
0.0259739
0.07261
0.113143
0.147351
0.175439
0.197868
0.215239
0.228215
0.237452
0.24357
0.247122
0.248592
0.248391
0.246863
0.244292
0.240905
0.236886
0.232378
0.227491
0.222308
0.21689
0.211278
0.205501
0.199573
0.193499
0.187275
0.180891
0.174332
0.167579
0.160608
0.153392
0.145904
0.138113
0.129985
0.121486
0.11258
0.10323
0.0933944
0.0830332
0.0721026
0.0605566
0.0483469
0.0354217
0.021726
0.00720036
-0.00821958
-0.0246039
-0.0420294
-0.0605807
-0.0803508
-0.101442
-0.123965
-0.148039
-0.173783
-0.201311
-0.230711
-0.262021
-0.295179
-0.329963
-0.365896
-0.402134
-0.437329
-0.469494
-0.495912
-0.513121
-0.517067
-0.503451
-0.468293
-0.408612
-0.323027
-0.211999
-0.0775686
0.0276296
0.0769127
0.119232
0.154355
0.182597
0.204577
0.221067
0.232883
0.240811
0.245569
0.247782
0.247982
0.24661
0.244027
0.240521
0.236321
0.231604
0.226506
0.221131
0.215552
0.209823
0.203978
0.198037
0.19201
0.185896
0.179687
0.173371
0.166929
0.16034
0.153579
0.146619
0.13943
0.13198
0.124238
0.11617
0.107738
0.0989074
0.0896383
0.0798906
0.0696221
0.0587884
0.0473427
0.0352347
0.0224111
0.00881394
-0.00561982
-0.0209594
-0.0372816
-0.0546719
-0.0732264
-0.0930533
-0.114274
-0.137023
-0.161447
-0.187698
-0.215923
-0.246238
-0.278692
-0.313204
-0.349469
-0.386838
-0.42415
-0.459564
-0.490393
-0.513019
-0.522966
-0.515211
-0.484794
-0.427645
-0.341427
-0.226026
-0.083412
0.0296709
0.0821261
0.126474
0.162505
0.190713
0.211948
0.227213
0.237523
0.243821
0.246939
0.24758
0.246326
0.243642
0.239899
0.235388
0.230328
0.224889
0.219195
0.213337
0.207377
0.201359
0.195306
0.189231
0.183136
0.177015
0.170856
0.164641
0.15835
0.151958
0.145438
0.138764
0.131904
0.124827
0.1175
0.10989
0.101963
0.0936811
0.0850079
0.0759045
0.0663303
0.0562428
0.0455972
0.0343456
0.022437
0.00981575
-0.00357867
-0.0178133
-0.0329631
-0.0491126
-0.0663582
-0.0848103
-0.104596
-0.125862
-0.148773
-0.173512
-0.200276
-0.229252
-0.260592
-0.294357
-0.330428
-0.368374
-0.40728
-0.445525
-0.480554
-0.508696
-0.525129
-0.524111
-0.499584
-0.446154
-0.360218
-0.240811
-0.0897118
0.0322139
0.0884929
0.13513
0.172002
0.19989
0.219979
0.23358
0.241962
0.246257
0.247424
0.246248
0.243353
0.239225
0.234235
0.228665
0.222723
0.216559
0.210283
0.203967
0.19766
0.19139
0.185172
0.179007
0.172889
0.166806
0.160739
0.154668
0.148568
0.142412
0.136172
0.12982
0.123324
0.116653
0.109775
0.102656
0.0952638
0.0875623
0.0795161
0.0710884
0.0622406
0.0529327
0.0431222
0.0327644
0.021811
0.0102097
-0.00209664
-0.0151717
-0.0290872
-0.0439245
-0.0597778
-0.0767567
-0.09499
-0.114629
-0.135852
-0.158865
-0.183899
-0.211205
-0.241027
-0.273559
-0.30887
-0.346771
-0.386634
-0.427142
-0.465985
-0.499576
-0.522869
-0.529454
-0.512095
-0.463811
-0.379335
-0.256458
-0.0965597
0.0354149
0.0963214
0.145505
0.183049
0.210186
0.228582
0.239962
0.24591
0.247777
0.246661
0.243421
0.238714
0.233032
0.226736
0.220087
0.21327
0.20641
0.199594
0.192872
0.186275
0.179815
0.173492
0.167298
0.161217
0.155229
0.149311
0.143436
0.137577
0.131705
0.12579
0.119803
0.113711
0.107485
0.101091
0.0944986
0.0876747
0.0805863
0.0731994
0.0654793
0.05739
0.0488943
0.0399527
0.0305237
0.0205628
0.0100216
-0.001153
-0.0130201
-0.0256468
-0.0391098
-0.0534989
-0.0689198
-0.0854989
-0.103388
-0.122769
-0.143862
-0.166925
-0.192253
-0.220167
-0.250983
-0.284947
-0.32212
-0.362198
-0.404237
-0.446301
-0.485052
-0.5154
-0.530393
-0.521589
-0.480158
-0.398673
-0.273105
-0.104088
0.0394893
0.106005
0.157947
0.195816
0.221559
0.237526
0.245987
0.248909
0.247885
0.244147
0.238616
0.231963
0.224663
0.217051
0.209351
0.201711
0.194227
0.18695
0.179909
0.173109
0.166546
0.160204
0.154063
0.148096
0.142276
0.136575
0.13096
0.125403
0.11987
0.114333
0.108759
0.103117
0.0973773
0.0915085
0.0854799
0.0792605
0.0728193
0.0661246
0.0591442
0.0518449
0.0441926
0.0361514
0.0276835
0.0187484
0.0093024
-0.000702795
-0.011321
-0.0226135
-0.034651
-0.0475169
-0.0613104
-0.0761519
-0.0921882
-0.1096
-0.12861
-0.149489
-0.172562
-0.198209
-0.226843
-0.258869
-0.294591
-0.334042
-0.376718
-0.421172
-0.464512
-0.501845
-0.525898
-0.527099
-0.494542
-0.418043
-0.290934
-0.112493
0.0447433
0.118047
0.172822
0.21038
0.233784
0.246348
0.251037
0.250266
0.245875
0.23921
0.23122
0.222555
0.21365
0.204783
0.196128
0.187784
0.1798
0.172193
0.16496
0.158083
0.151535
0.145285
0.1393
0.133544
0.127983
0.12258
0.117302
0.112116
0.106988
0.101886
0.0967797
0.0916381
0.0864313
0.0811298
0.0757046
0.0701267
0.0643672
0.0583972
0.0521874
0.0457077
0.0389274
0.0318145
0.0243354
0.016454
0.00813171
-0.000674382
-0.0100121
-0.0199361
-0.0305099
-0.0418088
-0.0539235
-0.0669651
-0.0810713
-0.0964146
-0.113211
-0.131734
-0.15232
-0.175381
-0.201403
-0.230919
-0.264449
-0.302359
-0.344614
-0.390369
-0.437377
-0.481249
-0.514729
-0.527346
-0.506009
-0.437103
-0.310169
-0.122071
0.0516283
0.133088
0.19047
0.226614
0.246316
0.254217
0.25414
0.248977
0.24079
0.230985
0.220481
0.209861
0.199476
0.189524
0.180104
0.171251
0.162964
0.155216
0.14797
0.14118
0.134799
0.128782
0.12308
0.117651
0.112452
0.107445
0.10259
0.0978526
0.0931994
0.0885978
0.0840173
0.0794283
0.0748023
0.0701116
0.0653292
0.0604288
0.0553839
0.0501688
0.0447571
0.0391225
0.033238
0.0270756
0.0206062
0.0137986
0.00661934
-0.000968475
-0.00900624
-0.0175413
-0.0266292
-0.0363359
-0.0467417
-0.0579461
-0.0700739
-0.0832835
-0.0977776
-0.113816
-0.131733
-0.151948
-0.174985
-0.201465
-0.232079
-0.26749
-0.308132
-0.35383
-0.403175
-0.452625
-0.495421
-0.520647
-0.513136
-0.45521
-0.331053
-0.133284
0.0608382
0.151919
0.211071
0.243972
0.258062
0.259746
0.253828
0.243646
0.231389
0.218419
0.205544
0.193209
0.181636
0.17091
0.161034
0.151969
0.143655
0.136019
0.128989
0.122493
0.116467
0.110847
0.105577
0.100607
0.0958883
0.0913795
0.0870407
0.0828357
0.0787309
0.074695
0.0706987
0.0667141
0.0627149
0.0586758
0.0545724
0.0503812
0.046079
0.0416432
0.037051
0.0322798
0.0273067
0.022108
0.0166591
0.0109341
0.00490474
-0.00145964
-0.00819369
-0.0153372
-0.0229368
-0.0310486
-0.0397413
-0.0491007
-0.0592356
-0.0702859
-0.0824335
-0.095916
-0.111045
-0.128226
-0.147984
-0.17098
-0.198013
-0.229977
-0.267724
-0.311761
-0.361656
-0.415065
-0.466322
-0.504812
-0.513801
-0.471157
-0.353757
-0.146864
0.0734779
0.17544
0.234351
0.261095
0.267033
0.260745
0.248009
0.232443
0.21617
0.200348
0.185547
0.172
0.159747
0.14873
0.138846
0.129973
0.121991
0.114783
0.108247
0.102289
0.0968266
0.0917885
0.0871112
0.0827391
0.078623
0.0747193
0.0709889
0.0673966
0.0639104
0.060501
0.0571415
0.0538068
0.0504733
0.0471189
0.0437223
0.0402633
0.0367223
0.0330801
0.0293179
0.025417
0.0213586
0.0171234
0.0126915
0.00804212
0.00315262
-0.00200168
-0.00744856
-0.01322
-0.0193538
-0.0258956
-0.0329017
-0.040443
-0.0486103
-0.0575217
-0.0673325
-0.0782488
-0.0905462
-0.104593
-0.12088
-0.140056
-0.162953
-0.1906
-0.224165
-0.264759
-0.312969
-0.367932
-0.425733
-0.477107
-0.504886
-0.482719
-0.378122
-0.163949
0.0913225
0.204421
0.258955
0.27517
0.269869
0.253973
0.233915
0.2132
0.193552
0.175701
0.159842
0.145914
0.13374
0.123105
0.113795
0.105614
0.098389
0.0919714
0.0862347
0.0810721
0.0763936
0.0721227
0.0681945
0.0645536
0.0611523
0.057949
0.0549075
0.0519956
0.0491847
0.0464489
0.043765
0.0411113
0.038468
0.0358166
0.0331396
0.0304206
0.0276436
0.0247934
0.0218551
0.0188141
0.0156556
0.0123649
0.0089267
0.00532504
0.0015428
-0.00243882
-0.00664095
-0.011088
-0.015809
-0.020839
-0.0262219
-0.0320131
-0.0382845
-0.0451301
-0.0526752
-0.0610879
-0.0705967
-0.0815132
-0.0942645
-0.109434
-0.12781
-0.150439
-0.178645
-0.213974
-0.257919
-0.311202
-0.372241
-0.434414
-0.482003
-0.48594
-0.403025
-0.18619
0.117235
0.238725
0.28116
0.28091
0.261349
0.235094
0.208354
0.183802
0.162317
0.143945
0.128392
0.115262
0.104158
0.0947246
0.0866617
0.0797209
0.0736998
0.0684344
0.0637919
0.0596645
0.0559642
0.0526187
0.049568
0.0467623
0.0441594
0.0417233
0.0394233
0.0372324
0.0351271
0.0330865
0.0310918
0.0291259
0.0271735
0.0252201
0.0232524
0.0212579
0.0192248
0.0171416
0.0149975
0.0127818
0.0104839
0.00809322
0.00559883
0.00298943
0.000252931
-0.00262391
-0.00565607
-0.00886087
-0.012259
-0.0158756
-0.0197425
-0.0238999
-0.0284007
-0.0333144
-0.0387345
-0.044788
-0.0516494
-0.0595608
-0.0688609
-0.0800264
-0.0937281
-0.110906
-0.132852
-0.161278
-0.198277
-0.245961
-0.305347
-0.373706
-0.439407
-0.474158
-0.42518
-0.215876
0.156132
0.275091
0.291987
0.268811
0.23391
0.19903
0.168434
0.143021
0.122382
0.105738
0.092303
0.0813962
0.0724686
0.0650902
0.0589289
0.0537295
0.0492955
0.0454748
0.042149
0.0392252
0.0366295
0.0343028
0.0321974
0.0302739
0.0285001
0.0268487
0.0252966
0.0238242
0.0224143
0.0210519
0.0197236
0.0184176
0.0171231
0.0158301
0.0145297
0.0132134
0.0118731
0.0105015
0.00909137
0.0076357
0.00612767
0.00456049
0.00292724
0.00122073
-0.000566684
-0.00244337
-0.00441883
-0.0065041
-0.00871241
-0.0110601
-0.0135676
-0.0162616
-0.0191766
-0.022359
-0.0258713
-0.0297991
-0.0342612
-0.0394247
-0.0455272
-0.0529105
-0.0620716
-0.0737381
-0.0889773
-0.109342
-0.137032
-0.174952
-0.226329
-0.292941
-0.370145
-0.43658
-0.436771
-0.256244
0.213989
0.3006
0.272378
0.223959
0.178795
0.141951
0.113584
0.092203
0.076106
0.0638868
0.054495
0.0471705
0.0413695
0.0367039
0.032895
0.0297409
0.0270935
0.0248427
0.0229057
0.0212193
0.0197347
0.0184135
0.0172253
0.0161454
0.015154
0.0142344
0.0133729
0.0125576
0.0117786
0.011027
0.0102952
0.0095763
0.0088642
0.00815334
0.00743866
0.00671546
0.00597938
0.00522633
0.00445242
0.00365393
0.0028272
0.00196865
0.00107465
0.000141412
-0.000835038
-0.00185912
-0.00293581
-0.00407096
-0.00527165
-0.00654664
-0.00790709
-0.00936748
-0.0109469
-0.012671
-0.0145747
-0.0167057
-0.0191314
-0.0219466
-0.0252882
-0.0293564
-0.0344493
-0.0410187
-0.0497617
-0.0617706
-0.078774
-0.103491
-0.140014
-0.193639
-0.268269
-0.357424
-0.419017
-0.305815
0.266009
0.275956
0.198598
0.138937
0.0984657
0.0710672
0.052665
0.0402611
0.0317401
0.0257326
0.0213801
0.0181413
0.0156695
0.0137385
0.012198
0.0109454
0.00990931
0.00903873
0.00829663
0.0076555
0.00709453
0.00659775
0.00615265
0.0057493
0.0053797
0.00503731
0.00471668
0.00441326
0.00412315
0.00384298
0.00356981
0.00330106
0.00303441
0.00276778
0.00249928
0.00222718
0.00194988
0.00166588
0.00137378
0.00107223
0.000759951
0.000435649
9.80386e-05
-0.000254146
-0.000622367
-0.0010082
-0.00141344
-0.0018402
-0.00229108
-0.00276936
-0.00327924
-0.00382624
-0.00441769
-0.00506346
-0.00577707
-0.00657719
-0.00749005
-0.00855299
-0.00982018
-0.0113718
-0.0133291
-0.0158811
-0.0193311
-0.0241845
-0.0313197
-0.0423286
-0.0601789
-0.090335
-0.141897
-0.2255
-0.331008
-0.319485
0.142935
0.125432
0.0767437
0.045785
0.0280222
0.0176532
0.0115783
0.00799242
0.00581831
0.00444638
0.00354109
0.00291638
0.00246675
0.00213071
0.00187126
0.00166532
0.00149793
0.00135907
0.00124176
0.00114104
0.00105325
0.000975651
0.000906141
0.000843073
0.000785134
0.00073126
0.000680573
0.000632338
0.000585932
0.000540818
0.00049653
0.000452656
0.000408831
0.000364729
0.000320055
0.000274539
0.000227935
0.000180018
0.000130574
7.94028e-05
2.63124e-05
-2.88912e-05
-8.64071e-05
-0.000146359
-0.000209023
-0.00027464
-0.000343485
-0.0004159
-0.000492315
-0.00057329
-0.000659556
-0.000752087
-0.000852197
-0.000961669
-0.00108295
-0.00121946
-0.00137597
-0.00155935
-0.00177956
-0.0020515
-0.00239803
-0.00285557
-0.0034848
-0.00439283
-0.00578232
-0.00806648
-0.0121428
-0.0200324
-0.0362275
-0.069559
-0.12766
-0.152141
)
;

boundaryField
{
    movingWall
    {
        type            calculated;
        value           uniform 0;
    }
    fixedWalls
    {
        type            calculated;
        value           uniform 0;
    }
    frontAndBack
    {
        type            empty;
    }
}


// ************************************************************************* //
