/*--------------------------------*- C++ -*----------------------------------*\
  =========                 |
  \\      /  F ield         | OpenFOAM: The Open Source CFD Toolbox
   \\    /   O peration     | Website:  https://openfoam.org
    \\  /    A nd           | Version:  dev
     \\/     M anipulation  |
\*---------------------------------------------------------------------------*/
FoamFile
{
    format      ascii;
    class       volScalarField;
    location    "48.15";
    object      p;
}
// * * * * * * * * * * * * * * * * * * * * * * * * * * * * * * * * * * * * * //

dimensions      [0 2 -2 0 0 0 0];

internalField   nonuniform List<scalar> 
5184
(
7.42779e-07
-1.13074e-05
-9.73163e-05
-0.000250272
-0.000449772
-0.00067854
-0.000922346
-0.00116921
-0.00140998
-0.00163752
-0.0018464
-0.00203261
-0.00219319
-0.00232605
-0.00242973
-0.0025032
-0.0025458
-0.00255708
-0.00253678
-0.00248473
-0.00240083
-0.00228507
-0.00213751
-0.00195827
-0.00174759
-0.00150586
-0.00123362
-0.000931607
-0.00060082
-0.000242532
0.000141675
0.000549871
0.000979766
0.00142868
0.00189356
0.00237096
0.00285705
0.00334767
0.00383833
0.00432431
0.00480064
0.00526226
0.00570405
0.0061209
0.00650788
0.00686027
0.00717369
0.00744424
0.00766852
0.0078438
0.00796807
0.00804014
0.00805964
0.00802715
0.00794417
0.00781314
0.00763746
0.00742145
0.00717032
0.00689014
0.00658776
0.0062708
0.00594757
0.00562704
0.00531876
0.00503283
0.00477976
0.00457016
0.00441399
0.00431968
0.00429272
0.00431998
1.3767e-05
1.22478e-06
-7.3421e-05
-0.00020125
-0.000366587
-0.000556952
-0.000761416
-0.000970371
-0.00117589
-0.00137158
-0.00155239
-0.00171442
-0.00185468
-0.00197096
-0.0020616
-0.00212541
-0.00216153
-0.00216936
-0.00214846
-0.00209855
-0.00201946
-0.00191109
-0.00177346
-0.00160667
-0.00141094
-0.00118664
-0.000934299
-0.000654645
-0.000348639
-1.74983e-05
0.000337271
0.000713851
0.00111009
0.0015235
0.00195123
0.00239011
0.00283661
0.00328691
0.00373692
0.0041823
0.00461857
0.00504111
0.00544528
0.0058265
0.0061803
0.00650247
0.00678909
0.00703669
0.00724228
0.00740346
0.00751853
0.00758649
0.00760714
0.0075811
0.00750986
0.00739574
0.00724193
0.00705244
0.00683207
0.00658638
0.00632163
0.00604468
0.00576299
0.00548447
0.00521745
0.00497049
0.00475227
0.00457119
0.00443455
0.00434826
0.00431968
0.00434723
0.000100364
7.56541e-05
2.86348e-07
-0.000117311
-0.000265095
-0.000433424
-0.000613588
-0.000797749
-0.000979206
-0.0011524
-0.00131282
-0.00145687
-0.00158174
-0.00168527
-0.00176581
-0.00182211
-0.00185324
-0.00185852
-0.00183745
-0.00178967
-0.00171494
-0.0016131
-0.00148414
-0.0013281
-0.00114517
-0.00093569
-0.000700136
-0.000439192
-0.000153756
0.00015503
0.000485753
0.000836711
0.00120589
0.00159097
0.00198929
0.00239788
0.00281348
0.00323252
0.00365119
0.00406549
0.00447123
0.00486415
0.00523996
0.0055944
0.00592337
0.00622297
0.00648962
0.00672011
0.00691173
0.00706231
0.00717032
0.00723492
0.00725597
0.00723414
0.00717087
0.00706839
0.00692971
0.00675861
0.00655958
0.00633779
0.00609899
0.00584949
0.00559605
0.0053458
0.0051061
0.00488439
0.00468819
0.00452453
0.00439949
0.00431828
0.00429052
0.00432114
0.000255443
0.000204045
0.000116216
-2.78676e-06
-0.000145289
-0.00030351
-0.000470321
-0.000639352
-0.000805058
-0.000962752
-0.00110856
-0.00123934
-0.00135259
-0.00144635
-0.00151908
-0.0015696
-0.00159701
-0.00160061
-0.00157989
-0.00153444
-0.00146399
-0.00136834
-0.00124741
-0.00110121
-0.00092987
-0.000733656
-0.000512992
-0.000268482
-9.4138e-07
0.000288585
0.000598794
0.000928108
0.00127466
0.00163626
0.00201045
0.00239444
0.00278514
0.00317923
0.00357312
0.00396302
0.00434499
0.00471502
0.00506904
0.00540305
0.00571315
0.00599568
0.00624724
0.00646483
0.00664588
0.00678838
0.00689088
0.00695261
0.00697349
0.00695419
0.00689608
0.00680133
0.00667281
0.00651409
0.00632942
0.00612365
0.00590216
0.0056708
0.00543578
0.00520359
0.0049809
0.00477437
0.00459061
0.0044359
0.00431569
0.00423505
0.00420405
0.00422933
0.000460273
0.000371669
0.000263046
0.000135301
-9.11432e-06
-0.000164032
-0.000323679
-0.000483052
-0.000637739
-0.00078394
-0.000918472
-0.00103872
-0.00114258
-0.00122835
-0.00129471
-0.00134061
-0.00136521
-0.00136786
-0.00134806
-0.00130539
-0.00123954
-0.00115029
-0.0010375
-0.000901116
-0.000741204
-0.000557952
-0.000351698
-0.000122955
0.000127569
0.000398943
0.000689988
0.000999262
0.00132504
0.00166531
0.00201775
0.00237976
0.00274845
0.00312065
0.00349298
0.00386185
0.0042235
0.0045741
0.00490977
0.00522668
0.00552111
0.00578951
0.00602865
0.00623563
0.006408
0.00654379
0.00664165
0.00670082
0.00672124
0.00670353
0.00664905
0.00655984
0.00643867
0.00628894
0.00611467
0.00592044
0.00571132
0.00549274
0.00527045
0.00505043
0.00483872
0.00464135
0.00446424
0.00431298
0.00419256
0.00410775
0.00406738
0.00407725
0.000698682
0.000566642
0.000431445
0.00028936
0.000137376
-1.9731e-05
-0.000177355
-0.000331751
-0.000479582
-0.000617924
-0.000744302
-0.000856668
-0.000953348
-0.00103299
-0.00109451
-0.00113704
-0.00115986
-0.00116241
-0.0011442
-0.00110484
-0.001044
-0.000961415
-0.000856893
-0.000730322
-0.000581685
-0.000411082
-0.000218748
-5.08616e-06
0.000229316
0.000483655
0.000756891
0.00104773
0.00135459
0.00167562
0.00200866
0.00235127
0.00270073
0.00305403
0.00340795
0.00375904
0.0041037
0.00443824
0.0047589
0.00506196
0.0053438
0.00560098
0.00583032
0.00602898
0.00619455
0.00632511
0.0064193
0.00647636
0.00649621
0.00647942
0.00642728
0.00634176
0.00622549
0.00608173
0.00591432
0.00572761
0.00552638
0.00531574
0.00510107
0.00488788
0.00468171
0.00448807
0.00431229
0.00415941
0.00403399
0.00394043
0.00388525
0.00387221
0.000956877
0.000778083
0.000612504
0.000451914
0.00028794
0.000124191
-3.57095e-05
-0.00018916
-0.000333826
-0.000467619
-0.000588766
-0.000695795
-0.000787499
-0.000862893
-0.000921176
-0.000961687
-0.00098387
-0.000987249
-0.000971405
-0.000935963
-0.000880588
-0.000804984
-0.000708904
-0.000592164
-0.000454658
-0.000296385
-0.000117468
8.18178e-05
0.000301015
0.000539463
0.000796269
0.00107029
0.0013601
0.001664
0.00197999
0.00230577
0.00263878
0.00297614
0.00331476
0.0036513
0.00398229
0.0043041
0.00461307
0.00490552
0.0051779
0.00542677
0.00564898
0.0058417
0.00600249
0.00612941
0.00622107
0.00627667
0.00629606
0.00627976
0.00622897
0.00614557
0.00603208
0.00589163
0.00572791
0.00554506
0.00534765
0.00514053
0.00492875
0.00471748
0.00451185
0.00431694
0.0041376
0.0039784
0.00384357
0.00373715
0.00366283
0.00362184
0.00122272
0.000995844
0.000797624
0.000615672
0.000436501
0.000262752
9.72157e-05
-5.85352e-05
-0.000203092
-0.000335158
-0.000453636
-0.000557626
-0.000646392
-0.000719332
-0.000775946
-0.000815803
-0.000838519
-0.000843734
-0.000831099
-0.000800272
-0.000750913
-0.000682697
-0.00059532
-0.000488519
-0.000362095
-0.000215931
-5.00281e-05
0.000135475
0.000340266
0.000563836
0.000805446
0.00106411
0.00133856
0.00162726
0.00192835
0.00223968
0.00255879
0.00288296
0.00320917
0.00353419
0.0038546
0.00416683
0.00446725
0.00475219
0.00501808
0.00526149
0.00547921
0.00566835
0.00582642
0.00595141
0.00604184
0.00609684
0.00611616
0.00610023
0.00605017
0.00596774
0.00585536
0.00571605
0.00555335
0.00537126
0.00517417
0.00496671
0.00475371
0.00454006
0.00433058
0.00413
0.00394279
0.00377314
0.00362505
0.00350225
0.00340546
0.0033333
0.00148596
0.00121077
0.00097874
0.000773592
0.000577001
0.0003908
0.000217074
5.6464e-05
-9.0472e-05
-0.000223177
-0.0003412
-0.000444195
-0.00053189
-0.000604065
-0.000660527
-0.000701086
-0.000725533
-0.000733634
-0.000725118
-0.000699675
-0.000656968
-0.000596637
-0.000518318
-0.000421666
-0.000306376
-0.000172211
-1.90362e-05
0.000153155
0.000344208
0.00055377
0.00078127
0.00102588
0.0012865
0.00156174
0.00184988
0.00214892
0.0024565
0.00277001
0.00308651
0.00340283
0.00371559
0.00402122
0.00431609
0.00459651
0.00485884
0.00509959
0.00531545
0.00550344
0.00566096
0.00578587
0.00587657
0.00593206
0.00595199
0.00593666
0.00588707
0.00580488
0.0056924
0.00555252
0.00538869
0.00520478
0.00500504
0.00479395
0.00457616
0.00435636
0.00413917
0.00392906
0.00373021
0.00354651
0.00338183
0.0032397
0.00311794
0.00301261
0.00173759
0.0014146
0.00114835
0.000918944
0.000703467
0.00050308
0.000319259
0.000151803
4.82041e-07
-0.000134835
-0.000254307
-0.000358116
-0.000446439
-0.000519432
-0.000577202
-0.000619797
-0.000647188
-0.000659264
-0.000655831
-0.000636616
-0.000601277
-0.000549417
-0.000480609
-0.000394416
-0.00029042
-0.000168256
-2.76432e-05
0.000131582
0.000309427
0.000505712
0.000720033
0.000951735
0.00119988
0.00146322
0.00174021
0.00202893
0.00232718
0.0026324
0.00294172
0.00325201
0.0035599
0.00386181
0.00415406
0.00443288
0.00469456
0.00493547
0.00515217
0.00534154
0.00550082
0.0056277
0.00572041
0.00577779
0.00579933
0.00578518
0.00573619
0.00565392
0.00554055
0.00539887
0.00523222
0.00504438
0.0048395
0.00462196
0.0043963
0.00416708
0.00393878
0.00371572
0.00350189
0.00330099
0.00311685
0.00295293
0.00280427
0.00266455
0.00196969
0.00159982
0.00129948
0.00104532
0.000810077
0.000594339
0.000399049
0.000223232
6.59337e-05
-7.36228e-05
-0.000196168
-0.000302384
-0.000392879
-0.000468164
-0.000528639
-0.00057458
-0.000606131
-0.000623302
-0.00062597
-0.000613893
-0.000586718
-0.000544009
-0.000485265
-0.00040995
-0.000317528
-0.000207492
-7.94076e-05
6.70546e-05
0.000232077
0.000415656
0.000617569
0.000837334
0.00107418
0.00132703
0.00159445
0.00187469
0.0021656
0.00246473
0.00276926
0.00307606
0.00338176
0.00368275
0.00397524
0.00425539
0.00451933
0.00476329
0.00498365
0.00517708
0.00534062
0.00547174
0.00556848
0.00562945
0.00565394
0.00564193
0.0055941
0.00551185
0.00539724
0.00525296
0.00508226
0.00488884
0.00467679
0.00445044
0.00421426
0.00397275
0.00373036
0.00349132
0.00325956
0.00303866
0.00283256
0.00264474
0.00246764
0.00229271
0.00217509
0.00175956
0.00142561
0.00114661
0.000891179
0.000659374
0.000451668
0.000266369
0.000101845
-4.32811e-05
-0.000170279
-0.000280303
-0.000374365
-0.000453315
-0.000517829
-0.0005684
-0.000605332
-0.000628744
-0.000638581
-0.000634618
-0.00061649
-0.000583707
-0.000535689
-0.000471792
-0.000391351
-0.00029371
-0.000178269
-4.45232e-05
0.000107894
0.000279167
0.000469262
0.000677879
0.000904425
0.00114798
0.00140726
0.00168063
0.00196605
0.00226114
0.00256311
0.00286885
0.00317495
0.00347773
0.00377331
0.00405771
0.0043269
0.00457688
0.00480385
0.00500421
0.00517474
0.00531267
0.00541576
0.00548236
0.00551154
0.00550303
0.00545732
0.00537564
0.0052599
0.00511268
0.00493714
0.00473694
0.00451612
0.00427899
0.00403005
0.00377379
0.00351468
0.00325698
0.00300464
0.00276124
0.00253092
0.00231734
0.00211046
0.00189964
0.00234724
0.00188742
0.0015206
0.00121701
0.000941301
0.000693062
0.000472332
0.000276745
0.000104035
-4.77432e-05
-0.000180364
-0.000295428
-0.000394325
-0.000478223
-0.000548055
-0.000604513
-0.00064805
-0.000678882
-0.000697003
-0.000702204
-0.00069409
-0.000672113
-0.0006356
-0.000583793
-0.000515883
-0.000431058
-0.00032854
-0.00020764
-6.77937e-05
9.13817e-05
0.000270049
0.000468103
0.000685135
0.00092039
0.00117275
0.00144069
0.00172228
0.00201521
0.00231672
0.00262371
0.00293271
0.00323996
0.00354147
0.00383308
0.00411056
0.00436969
0.00460638
0.00481676
0.00499729
0.00514489
0.00525701
0.00533169
0.00536768
0.00536448
0.00532231
0.0052422
0.00512591
0.00497587
0.00479517
0.00458741
0.00435664
0.00410719
0.0038436
0.00357046
0.00329232
0.00301357
0.00273824
0.00247006
0.00221345
0.00197237
0.00173444
0.00148702
0.00248006
0.00197745
0.00157869
0.00125097
0.000955153
0.000690383
0.000456286
0.00024986
6.82326e-05
-9.1076e-05
-0.000230319
-0.000351513
-0.000456405
-0.000546457
-0.000622839
-0.000686426
-0.0007378
-0.00077726
-0.000804841
-0.000820329
-0.000823293
-0.000813113
-0.000789014
-0.000750109
-0.00069544
-0.000624022
-0.000534892
-0.000427159
-0.000300055
-0.000152984
1.4427e-05
0.00020228
0.000410359
0.000638095
0.000884524
0.00114827
0.0014275
0.00171997
0.00202298
0.0023334
0.00264772
0.00296208
0.00327235
0.00357418
0.00386311
0.00413464
0.00438438
0.00460812
0.00480197
0.00496246
0.00508667
0.00517228
0.00521769
0.00522207
0.00518536
0.00510833
0.00499254
0.00484028
0.00465456
0.00443892
0.00419743
0.00393449
0.00365474
0.00336291
0.00306372
0.00276176
0.00246125
0.00216614
0.00188127
0.00161099
0.00134068
0.00105574
0.00256782
0.00202401
0.00159437
0.00124318
0.000927627
0.000646438
0.00039884
0.00018122
-9.87285e-06
-0.000177428
-0.000324151
-0.000452452
-0.000564412
-0.000661764
-0.000745896
-0.000817844
-0.000878305
-0.000927644
-0.00096592
-0.000992904
-0.00100811
-0.00101084
-0.00100021
-0.000975177
-0.000934631
-0.000877401
-0.000802326
-0.000708302
-0.000594339
-0.000459615
-0.000303534
-0.000125772
7.36684e-05
0.000294411
0.00053567
0.000796214
0.00107434
0.00136788
0.00167417
0.00199008
0.00231205
0.00263612
0.00295799
0.00327311
0.00357675
0.00386412
0.00413046
0.00437119
0.00458199
0.00475898
0.00489878
0.00499865
0.00505657
0.00507132
0.0050425
0.00497059
0.00485689
0.00470354
0.00451341
0.00429004
0.0040375
0.00376029
0.00346321
0.00315117
0.00282916
0.00250202
0.0021743
0.00185022
0.00153515
0.00123394
0.000929779
0.000606138
0.00260511
0.00202179
0.00156246
0.00118856
0.000853802
0.000556464
0.00029539
6.63744e-05
-0.000134589
-0.00031098
-0.000465934
-0.000602232
-0.000722266
-0.000828022
-0.000921083
-0.00100263
-0.00107345
-0.00113397
-0.00118425
-0.00122403
-0.00125277
-0.00126966
-0.00127369
-0.00126368
-0.00123833
-0.00119628
-0.00113615
-0.00105661
-0.000956444
-0.000834577
-0.000690172
-0.000522666
-0.000331834
-0.000117834
0.000118742
0.000376831
0.000654871
0.000950779
0.00126195
0.00158527
0.00191711
0.00225342
0.00258973
0.00292126
0.003243
0.00354982
0.00383656
0.00409821
0.00432998
0.00452748
0.00468685
0.00480482
0.00487889
0.00490737
0.00488946
0.00482528
0.00471584
0.00456305
0.00436968
0.00413919
0.00387572
0.00358387
0.00326862
0.00293517
0.0025888
0.00223472
0.00187785
0.00152281
0.00117559
0.000841647
0.000501953
0.000138064
0.00258678
0.00196572
0.00147797
0.00108228
0.000728946
0.000415852
0.00014145
-9.90467e-05
-0.00031018
-0.000495901
-0.000659756
-0.000804879
-0.000933949
-0.00104919
-0.00115235
-0.00124475
-0.00132725
-0.00140031
-0.00146398
-0.00151797
-0.00156163
-0.00159408
-0.00161415
-0.00162049
-0.00161162
-0.00158597
-0.00154193
-0.00147793
-0.00139249
-0.00128428
-0.0011522
-0.000995425
-0.000813481
-0.000606285
-0.00037421
-0.000118125
0.000160567
0.000459904
0.000777352
0.00110981
0.00145362
0.00180463
0.0021582
0.00250931
0.00285264
0.0031827
0.00349389
0.00378072
0.00403786
0.00426036
0.00444377
0.00458423
0.00467868
0.00472489
0.00472155
0.00466834
0.00456594
0.00441601
0.00422111
0.00398468
0.00371086
0.00340441
0.00307054
0.00271476
0.00234272
0.00196009
0.00157222
0.00118426
0.000802897
0.000434261
5.71154e-05
-0.000348969
0.00250793
0.001851
0.00133621
0.000919691
0.000548528
0.000220167
-6.7327e-05
-0.000319303
-0.000540829
-0.000736307
-0.000909678
-0.00106441
-0.00120345
-0.00132924
-0.00144369
-0.00154823
-0.00164377
-0.0017308
-0.00180935
-0.00187905
-0.0019392
-0.00198875
-0.00202641
-0.00205065
-0.00205978
-0.00205199
-0.00202545
-0.00197832
-0.00190884
-0.00181542
-0.00169665
-0.00155143
-0.00137901
-0.00117902
-0.00095161
-0.00069741
-0.000417636
-0.000114104
0.000210754
0.000553879
0.000911597
0.00127965
0.00165325
0.00202713
0.00239565
0.00275291
0.00309287
0.00340946
0.00369678
0.00394924
0.00416171
0.00432968
0.00444939
0.00451798
0.00453356
0.00449529
0.00440343
0.00425928
0.00406522
0.00382458
0.00354154
0.003221
0.00286843
0.00248971
0.00209094
0.00167829
0.00125768
0.000834827
0.000417222
1.17892e-05
-0.000405016
-0.000855683
0.00236388
0.00167306
0.00113269
0.000696413
0.000308231
-3.48373e-05
-0.000335118
-0.000598512
-0.000830596
-0.00103621
-0.00121968
-0.00138478
-0.00153472
-0.00167214
-0.00179909
-0.00191708
-0.0020271
-0.0021296
-0.00222461
-0.00231168
-0.00239
-0.00245839
-0.00251539
-0.00255928
-0.00258816
-0.00259998
-0.00259264
-0.00256403
-0.00251209
-0.00243493
-0.00233083
-0.00219837
-0.00203648
-0.00184451
-0.0016223
-0.00137025
-0.00108932
-0.000781161
-0.000448061
-9.30076e-05
0.000280333
0.000667633
0.00106395
0.00146377
0.00186115
0.00224974
0.002623
0.00297428
0.00329702
0.00358491
0.00383205
0.00403316
0.00418372
0.0042801
0.00431973
0.00430114
0.00422405
0.00408938
0.00389923
0.00365677
0.00336621
0.0030326
0.00266169
0.00225976
0.00183344
0.00138948
0.00093445
0.000474708
1.86772e-05
-0.000425848
-0.000884826
-0.00138293
0.00215024
0.0014276
0.000863194
0.000408292
3.96762e-06
-0.000353192
-0.000665904
-0.000940612
-0.00118339
-0.0013995
-0.00159362
-0.00176985
-0.00193163
-0.00208176
-0.00222245
-0.00235528
-0.00248125
-0.00260084
-0.00271399
-0.00282021
-0.00291854
-0.00300768
-0.00308598
-0.00315152
-0.00320217
-0.00323562
-0.0032495
-0.00324139
-0.00320894
-0.00314989
-0.00306221
-0.00294412
-0.00279422
-0.0026115
-0.00239548
-0.00214625
-0.00186452
-0.00155168
-0.00120987
-0.000841945
-0.00045153
-4.29933e-05
0.000378588
0.000807486
0.0012374
0.00166157
0.0020729
0.00246411
0.00282792
0.00315721
0.00344523
0.00368583
0.00387356
0.00400396
0.00407359
0.00408027
0.00402307
0.0039024
0.00372
0.00347885
0.00318314
0.00283804
0.00244963
0.00202462
0.00157021
0.00109384
0.000602767
0.000104137
-0.000392618
-0.000878726
-0.00138272
-0.00193157
0.00186283
0.00111058
0.000523772
5.14387e-05
-0.0003681
-0.00073869
-0.00106344
-0.00134933
-0.00160291
-0.00182986
-0.0020352
-0.00222332
-0.00239787
-0.00256185
-0.00271756
-0.00286665
-0.00301015
-0.00314851
-0.00328163
-0.0034089
-0.00352927
-0.00364125
-0.00374302
-0.00383245
-0.00390715
-0.00396456
-0.004002
-0.00401674
-0.00400608
-0.00396742
-0.00389834
-0.0037967
-0.00366068
-0.00348892
-0.00328056
-0.00303531
-0.00275359
-0.00243649
-0.00208592
-0.00170456
-0.00129595
-0.000864465
-0.000415268
4.57007e-05
0.00051182
0.000975882
0.00143023
0.0018669
0.00227783
0.00265501
0.00299075
0.00327787
0.00350992
0.0036814
0.00378793
0.00382641
0.00379515
0.00369393
0.00352402
0.00328814
0.00299037
0.00263604
0.00223151
0.00178398
0.00130128
0.000791574
0.000262964
-0.00027657
-0.000816456
-0.00134684
-0.00189901
-0.00250244
0.00149779
0.000718245
0.000110754
-0.000377755
-0.000811533
-0.00119486
-0.00153124
-0.00182816
-0.00209265
-0.00233077
-0.00254789
-0.00274867
-0.00293697
-0.00311595
-0.00328801
-0.00345485
-0.00361753
-0.00377646
-0.00393147
-0.00408185
-0.00422642
-0.00436354
-0.00449117
-0.00460696
-0.00470828
-0.00479228
-0.00485596
-0.00489627
-0.00491012
-0.00489455
-0.00484672
-0.00476407
-0.00464435
-0.00448578
-0.00428706
-0.0040475
-0.00376712
-0.00344668
-0.00308778
-0.00269289
-0.00226539
-0.00180959
-0.00133071
-0.000834871
-0.000328988
0.000179288
0.000681719
0.00116963
0.0016341
0.00206616
0.00245706
0.00279849
0.00308283
0.00330339
0.00345467
0.00353251
0.00353429
0.003459
0.00330732
0.00308158
0.00278573
0.00242516
0.00200652
0.00153754
0.0010267
0.000483032
-8.44981e-05
-0.000666942
-0.00125247
-0.00183003
-0.00243388
-0.00309618
0.00105155
0.000247159
-0.000379216
-0.000882594
-0.0013296
-0.00172494
-0.00207251
-0.00238031
-0.0026558
-0.00290544
-0.00313492
-0.00334914
-0.00355219
-0.00374736
-0.00393714
-0.0041233
-0.00430687
-0.00448824
-0.00466718
-0.00484287
-0.00501398
-0.0051787
-0.0053348
-0.0054797
-0.00561048
-0.005724
-0.00581696
-0.00588591
-0.00592742
-0.00593807
-0.00591461
-0.005854
-0.00575354
-0.00561094
-0.00542442
-0.00519283
-0.00491572
-0.00459345
-0.00422723
-0.00381924
-0.00337263
-0.0028916
-0.00238135
-0.00184813
-0.00129911
-0.000742384
-0.000186761
0.000358335
0.00088308
0.00137747
0.00183158
0.00223583
0.00258128
0.00285989
0.00306483
0.00319071
0.00323375
0.00319201
0.0030654
0.00285575
0.00256674
0.00220377
0.00177378
0.00128501
0.000746675
0.000168689
-0.000438969
-0.00106629
-0.00170005
-0.00232787
-0.00298724
-0.00371321
0.000520889
-0.000305781
-0.000949163
-0.00146605
-0.00192523
-0.00233184
-0.00269016
-0.00300867
-0.00329526
-0.00355677
-0.00379919
-0.00402767
-0.00424648
-0.00445906
-0.00466798
-0.00487505
-0.00508131
-0.0052871
-0.00549211
-0.00569542
-0.00589555
-0.00609053
-0.00627792
-0.00645487
-0.00661823
-0.00676453
-0.00689013
-0.00699121
-0.00706391
-0.00710438
-0.0071089
-0.00707391
-0.00699621
-0.00687294
-0.0067018
-0.00648109
-0.00620983
-0.00588787
-0.00551598
-0.00509594
-0.0046306
-0.00412395
-0.00358112
-0.0030084
-0.00241319
-0.00180396
-0.00119009
-0.00058178
1.02167e-05
0.000574775
0.00110069
0.00157699
0.00199323
0.00233984
0.00260847
0.00279222
0.00288601
0.00288669
0.00279323
0.00260678
0.00233062
0.00197009
0.00153236
0.00102615
0.00046148
-0.000150779
-0.00079955
-0.00147365
-0.00215828
-0.00283963
-0.00355867
-0.0043536
-9.70473e-05
-0.000943315
-0.00160175
-0.00213074
-0.00260102
-0.00301813
-0.00338674
-0.00371579
-0.00401359
-0.00428732
-0.00454326
-0.00478681
-0.00502243
-0.00525366
-0.00548317
-0.0057128
-0.00594358
-0.00617582
-0.00640914
-0.0066425
-0.00687428
-0.00710232
-0.00732398
-0.00753619
-0.00773549
-0.00791811
-0.00808004
-0.00821708
-0.00832492
-0.00839927
-0.00843586
-0.00843061
-0.00837973
-0.00827978
-0.00812784
-0.00792158
-0.00765942
-0.00734063
-0.00696542
-0.00653509
-0.00605209
-0.00552008
-0.00494404
-0.00433022
-0.00368618
-0.00302071
-0.00234374
-0.00166621
-0.000999857
-0.000356989
0.000249822
0.000808056
0.00130561
0.00173118
0.00207462
0.00232736
0.00248268
0.00253601
0.00248514
0.00233032
0.00207428
0.00172214
0.00128123
0.000760775
0.000171572
-0.000474455
-0.00116503
-0.00188767
-0.00262586
-0.00336414
-0.00414732
-0.00501697
-0.000804708
-0.00166778
-0.00233925
-0.00287891
-0.00335918
-0.00378601
-0.00416444
-0.00450385
-0.00481295
-0.00509925
-0.00536931
-0.00562875
-0.0058822
-0.00613333
-0.00638489
-0.00663874
-0.00689593
-0.00715671
-0.00742063
-0.00768654
-0.00795269
-0.00821674
-0.00847585
-0.00872668
-0.00896552
-0.00918825
-0.00939051
-0.00956768
-0.00971502
-0.00982771
-0.00990095
-0.00993008
-0.00991066
-0.00983862
-0.00971035
-0.00952282
-0.00927376
-0.00896175
-0.00858635
-0.00814827
-0.00764942
-0.00709308
-0.0064839
-0.00582804
-0.00513308
-0.00440809
-0.00366347
-0.00291091
-0.00216311
-0.00143361
-0.000736442
-8.58018e-05
0.000504372
0.00102081
0.00145138
0.00178548
0.00201452
0.00213219
0.00213482
0.00202152
0.00179424
0.00145772
0.00101934
0.000488761
-0.000122405
-0.000801128
-0.00153383
-0.00230659
-0.00310097
-0.00389974
-0.00475181
-0.00570244
-0.00160411
-0.00248111
-0.00316354
-0.00371238
-0.00420151
-0.00463726
-0.00502504
-0.00537463
-0.00569511
-0.0059943
-0.00627905
-0.00655518
-0.00682749
-0.00709976
-0.00737481
-0.00765456
-0.00794003
-0.00823145
-0.0085283
-0.00882932
-0.00913263
-0.00943573
-0.00973556
-0.0100286
-0.0103107
-0.0105776
-0.0108244
-0.0110462
-0.0112377
-0.0113936
-0.0115086
-0.0115772
-0.0115945
-0.0115555
-0.011456
-0.0112922
-0.011061
-0.0107602
-0.0103886
-0.0099461
-0.0094341
-0.00885528
-0.00821389
-0.0075158
-0.00676856
-0.00598138
-0.00516508
-0.004332
-0.00349583
-0.00267135
-0.00187414
-0.00112016
-0.000425371
0.00019478
0.000725872
0.00115503
0.0014714
0.00166666
0.00173531
0.00167501
0.00148666
0.00117442
0.000745554
0.000210087
-0.000419574
-0.00112924
-0.00190393
-0.00272811
-0.00358127
-0.00444414
-0.00537012
-0.00640844
-0.00249679
-0.00338477
-0.00407603
-0.00463256
-0.00512941
-0.00557327
-0.0059699
-0.00632945
-0.00666137
-0.00697377
-0.00727374
-0.00756732
-0.00785946
-0.00815406
-0.00845402
-0.00876129
-0.00907689
-0.00940104
-0.00973312
-0.0100718
-0.0104151
-0.0107604
-0.0111043
-0.011443
-0.0117724
-0.0120876
-0.0123835
-0.0126547
-0.0128954
-0.0130997
-0.0132618
-0.0133755
-0.0134351
-0.0134351
-0.0133702
-0.0132358
-0.0130279
-0.0127435
-0.0123804
-0.0119379
-0.0114164
-0.0108179
-0.0101461
-0.00940654
-0.00860651
-0.00775526
-0.0068639
-0.00594538
-0.0050143
-0.00408666
-0.00317964
-0.00231109
-0.00149914
-0.000761642
-0.000115558
0.000423605
0.000842422
0.00113011
0.00127899
0.00128489
0.00114733
0.000869633
0.000458719
-7.51382e-05
-0.00071878
-0.00145682
-0.00227276
-0.00314933
-0.00406368
-0.00499433
-0.00599949
-0.00713265
-0.00348382
-0.00437978
-0.00507773
-0.00564043
-0.00614383
-0.00659496
-0.00699992
-0.00736921
-0.00771258
-0.00803844
-0.00835412
-0.00866585
-0.00897872
-0.00929677
-0.00962297
-0.00995929
-0.0103068
-0.0106657
-0.0110353
-0.0114142
-0.0118002
-0.0121907
-0.012582
-0.0129703
-0.0133509
-0.0137187
-0.0140683
-0.0143938
-0.0146889
-0.0149472
-0.0151621
-0.0153269
-0.0154351
-0.0154803
-0.0154563
-0.0153576
-0.0151794
-0.0149174
-0.0145686
-0.0141312
-0.0136047
-0.0129904
-0.0122911
-0.0115119
-0.0106596
-0.00974331
-0.0087744
-0.00776625
-0.00673428
-0.00569571
-0.00466929
-0.00367485
-0.00273283
-0.00186367
-0.00108719
-0.000421855
0.000115938
0.000512528
0.000757614
0.000844756
0.000771707
0.000540558
0.000157666
-0.000366639
-0.00101853
-0.0017814
-0.00263715
-0.00356663
-0.00454438
-0.00554644
-0.00663626
-0.00787184
-0.00456573
-0.00546665
-0.00616913
-0.00673648
-0.00724527
-0.00770283
-0.00811557
-0.00849431
-0.0088491
-0.00918861
-0.00952039
-0.00985085
-0.0101853
-0.0105278
-0.0108814
-0.0112482
-0.0116293
-0.0120247
-0.012434
-0.0128555
-0.013287
-0.0137257
-0.0141678
-0.0146091
-0.0150449
-0.0154697
-0.0158777
-0.0162624
-0.0166173
-0.0169353
-0.0172091
-0.0174314
-0.0175947
-0.0176918
-0.0177157
-0.0176598
-0.017518
-0.0172852
-0.0169573
-0.0165311
-0.0160054
-0.0153801
-0.0146574
-0.0138414
-0.0129384
-0.0119574
-0.0109095
-0.00980852
-0.00867052
-0.00751389
-0.00635891
-0.00522741
-0.00414226
-0.00312671
-0.00220366
-0.0013949
-0.000720218
-0.000196628
0.000162446
0.000347794
0.000354913
0.000184262
-0.000158727
-0.000663911
-0.00131692
-0.00209995
-0.00299324
-0.00397555
-0.00501859
-0.00609564
-0.00727574
-0.00862175
-0.00574254
-0.00664541
-0.00735029
-0.00792077
-0.00843377
-0.00889691
-0.00931684
-0.0097047
-0.0100708
-0.010424
-0.0107722
-0.0111218
-0.0114784
-0.0118462
-0.0122283
-0.0126268
-0.0130429
-0.0134767
-0.0139275
-0.0143938
-0.0148733
-0.015363
-0.0158591
-0.0163571
-0.0168519
-0.0173379
-0.0178089
-0.018258
-0.0186781
-0.0190616
-0.0194005
-0.0196867
-0.019912
-0.0200682
-0.0201473
-0.0201416
-0.0200439
-0.0198479
-0.0195481
-0.0191403
-0.0186218
-0.0179916
-0.0172506
-0.016402
-0.0154514
-0.0144071
-0.01328
-0.0120842
-0.0108361
-0.00955519
-0.00826319
-0.00698394
-0.00574277
-0.00456588
-0.00347955
-0.00250922
-0.00167851
-0.00100827
-0.000515634
-0.00021314
-0.000108118
-0.000202254
-0.000491477
-0.00096615
-0.00161156
-0.00240878
-0.00333631
-0.00437069
-0.00548049
-0.00663594
-0.00791207
-0.00937686
-0.00701372
-0.0079156
-0.00862077
-0.0091929
-0.00970895
-0.0101768
-0.0106033
-0.0109998
-0.011377
-0.0117439
-0.0121086
-0.0124777
-0.0128569
-0.0132505
-0.0136618
-0.014093
-0.0145453
-0.0150188
-0.015513
-0.0160261
-0.0165559
-0.0170992
-0.0176521
-0.01821
-0.0187677
-0.019319
-0.0198575
-0.0203759
-0.0208666
-0.0213214
-0.0217316
-0.0220884
-0.0223827
-0.0226053
-0.0227472
-0.0227996
-0.022754
-0.0226029
-0.0223393
-0.0219578
-0.0214542
-0.0208262
-0.0200732
-0.0191975
-0.0182035
-0.0170988
-0.0158939
-0.0146026
-0.0132417
-0.0118315
-0.0103951
-0.00895813
-0.00754853
-0.00619553
-0.00492896
-0.00377826
-0.00277133
-0.0019334
-0.00128589
-0.00084533
-0.000622532
-0.000621944
-0.000841385
-0.00127215
-0.00189946
-0.00270339
-0.00366068
-0.00474551
-0.00592303
-0.00716005
-0.008538
-0.0101303
-0.00837821
-0.00927625
-0.00997969
-0.010552
-0.01107
-0.0115416
-0.0119739
-0.0123787
-0.0127666
-0.013147
-0.013528
-0.0139166
-0.0143186
-0.0147384
-0.0151794
-0.015644
-0.0161333
-0.0166477
-0.0171864
-0.017748
-0.01833
-0.0189291
-0.0195416
-0.0201624
-0.0207862
-0.0214067
-0.0220169
-0.0226094
-0.0231758
-0.0237075
-0.0241951
-0.0246291
-0.0249994
-0.0252959
-0.0255085
-0.0256271
-0.0256421
-0.0255444
-0.0253259
-0.0249793
-0.024499
-0.0238812
-0.0231239
-0.0222277
-0.0211961
-0.0200354
-0.0187555
-0.0173696
-0.0158948
-0.0143519
-0.0127649
-0.0111615
-0.00957191
-0.00802851
-0.00656488
-0.00521471
-0.0040106
-0.00298272
-0.00215743
-0.00155596
-0.00119336
-0.00107755
-0.0012089
-0.00158018
-0.0021769
-0.00297836
-0.00395958
-0.00509224
-0.00633775
-0.00765917
-0.00914473
-0.0108735
-0.00983442
-0.0107259
-0.0114257
-0.0119969
-0.0125156
-0.01299
-0.0134275
-0.0138398
-0.0142379
-0.0146313
-0.0150284
-0.0154362
-0.0158608
-0.0163067
-0.0167776
-0.0172758
-0.0178026
-0.0183584
-0.0189427
-0.0195539
-0.0201895
-0.0208464
-0.0215205
-0.0222069
-0.0228998
-0.0235928
-0.0242787
-0.0249496
-0.0255966
-0.0262105
-0.0267815
-0.0272989
-0.0277521
-0.0281299
-0.0284209
-0.028614
-0.0286982
-0.028663
-0.0284985
-0.0281961
-0.0277484
-0.0271497
-0.0263966
-0.0254881
-0.0244259
-0.0232152
-0.0218647
-0.0203871
-0.0187991
-0.0171215
-0.0153797
-0.0136025
-0.0118226
-0.0100755
-0.00839849
-0.00682982
-0.00540718
-0.00416618
-0.00313881
-0.00235181
-0.00182525
-0.0015714
-0.00159396
-0.0018878
-0.00243928
-0.00322718
-0.00422493
-0.0054016
-0.00671458
-0.00812279
-0.00972165
-0.0115962
-0.0113802
-0.0122627
-0.0129571
-0.0135257
-0.0140441
-0.0145204
-0.0149622
-0.0153813
-0.0157889
-0.0161946
-0.016607
-0.0170335
-0.0174801
-0.0179517
-0.018452
-0.0189835
-0.0195478
-0.0201453
-0.0207755
-0.0214369
-0.0221272
-0.0228431
-0.0235804
-0.0243343
-0.0250988
-0.0258673
-0.0266323
-0.0273853
-0.0281174
-0.0288185
-0.0294781
-0.0300851
-0.0306277
-0.0310938
-0.031471
-0.0317468
-0.0319088
-0.031945
-0.031844
-0.0315953
-0.0311899
-0.0306202
-0.0298809
-0.028969
-0.0278847
-0.0266315
-0.0252166
-0.0236518
-0.0219531
-0.0201413
-0.0182421
-0.0162858
-0.014307
-0.0123441
-0.0104384
-0.00863275
-0.00697021
-0.0054924
-0.00423758
-0.00323881
-0.00252215
-0.00210512
-0.00199569
-0.00219168
-0.00268089
-0.00344205
-0.00444715
-0.00566266
-0.00704163
-0.00853844
-0.0102561
-0.0122858
-0.0130131
-0.0138843
-0.0145717
-0.0151366
-0.0156536
-0.0161309
-0.016576
-0.0170009
-0.017417
-0.017834
-0.0182608
-0.0187048
-0.0191724
-0.0196687
-0.0201975
-0.0207616
-0.0213627
-0.0220013
-0.0226771
-0.0233888
-0.024134
-0.0249095
-0.0257112
-0.026534
-0.0273719
-0.0282182
-0.0290649
-0.0299034
-0.0307242
-0.0315168
-0.03227
-0.032972
-0.0336101
-0.0341712
-0.0346418
-0.0350081
-0.0352563
-0.0353728
-0.0353447
-0.0351596
-0.0348066
-0.0342761
-0.0335608
-0.0326556
-0.0315588
-0.0302719
-0.0288006
-0.027155
-0.0253502
-0.0234066
-0.0213498
-0.019211
-0.0170267
-0.014838
-0.0126898
-0.0106296
-0.00870637
-0.00696795
-0.00545962
-0.00422158
-0.00328684
-0.00267929
-0.0024122
-0.00248731
-0.0028947
-0.00361362
-0.00461494
-0.00586254
-0.00730488
-0.0088914
-0.0107331
-0.0129276
-0.0147299
-0.0155881
-0.0162671
-0.0168273
-0.0173419
-0.017819
-0.0182664
-0.018696
-0.0191193
-0.0195463
-0.0199859
-0.0204459
-0.0209329
-0.0214522
-0.022008
-0.0226032
-0.0232397
-0.0239183
-0.0246388
-0.0254001
-0.0261998
-0.0270348
-0.027901
-0.0287934
-0.0297058
-0.0306313
-0.0315617
-0.0324882
-0.0334008
-0.0342885
-0.0351395
-0.0359413
-0.0366802
-0.0373424
-0.037913
-0.038377
-0.0387194
-0.0389249
-0.0389788
-0.038867
-0.0385765
-0.0380958
-0.0374152
-0.0365276
-0.0354288
-0.0341184
-0.0326
-0.0308818
-0.0289776
-0.0269066
-0.0246943
-0.0223724
-0.0199784
-0.0175559
-0.0151533
-0.0128228
-0.010619
-0.00859664
-0.00680849
-0.00530277
-0.00412046
-0.00329298
-0.00284013
-0.00276871
-0.00307209
-0.00373077
-0.00471498
-0.00598615
-0.00748795
-0.00916445
-0.0111351
-0.0135039
-0.0165273
-0.0173709
-0.0180405
-0.0185951
-0.0191064
-0.0195824
-0.0200308
-0.0204637
-0.0208926
-0.0213277
-0.0217781
-0.022252
-0.0227562
-0.0232963
-0.0238767
-0.0245008
-0.0251706
-0.0258872
-0.0266506
-0.0274598
-0.0283128
-0.0292064
-0.0301366
-0.0310983
-0.0320854
-0.0330908
-0.0341061
-0.0351222
-0.0361287
-0.0371142
-0.0380664
-0.0389718
-0.0398162
-0.0405845
-0.041261
-0.0418295
-0.0422732
-0.0425757
-0.0427203
-0.0426911
-0.0424731
-0.0420526
-0.0414176
-0.0405587
-0.0394693
-0.0381465
-0.0365915
-0.0348106
-0.0328155
-0.0306241
-0.0282609
-0.0257575
-0.0231523
-0.0204908
-0.0178244
-0.0152097
-0.0127072
-0.0103786
-0.00828464
-0.0064824
-0.0050219
-0.00394329
-0.00327425
-0.00302803
-0.00320246
-0.00378026
-0.00473165
-0.00601591
-0.00757174
-0.00933748
-0.0114414
-0.013994
-0.0184015
-0.0192298
-0.0198892
-0.0204375
-0.0209446
-0.0214184
-0.0218665
-0.022301
-0.0227334
-0.0231743
-0.023633
-0.0241179
-0.0246363
-0.025194
-0.025796
-0.0264458
-0.0271459
-0.0278976
-0.0287013
-0.029556
-0.03046
-0.0314104
-0.0324031
-0.033433
-0.0344941
-0.0355791
-0.0366796
-0.037786
-0.0388876
-0.0399727
-0.0410283
-0.0420402
-0.0429936
-0.0438724
-0.0446597
-0.0453381
-0.0458896
-0.0462961
-0.0465393
-0.0466014
-0.0464653
-0.0461151
-0.0455365
-0.0447176
-0.0436492
-0.0423257
-0.0407459
-0.0389133
-0.0368375
-0.0345345
-0.0320274
-0.029347
-0.0265319
-0.0236289
-0.0206921
-0.0177821
-0.0149649
-0.0123093
-0.00988451
-0.00775707
-0.00598705
-0.00462467
-0.00370696
-0.00325511
-0.00327285
-0.00374634
-0.00464665
-0.00593131
-0.00753406
-0.00938714
-0.011628
-0.0143739
-0.0203486
-0.0211612
-0.0218102
-0.0223518
-0.0228539
-0.0233244
-0.0237706
-0.0242046
-0.0246382
-0.0250819
-0.0255455
-0.0260379
-0.0265666
-0.027138
-0.0277575
-0.0284289
-0.0291553
-0.0299383
-0.0307785
-0.0316754
-0.0326273
-0.0336316
-0.0346843
-0.0357804
-0.0369138
-0.0380772
-0.0392619
-0.0404583
-0.0416553
-0.0428406
-0.0440008
-0.0451212
-0.046186
-0.0471782
-0.0480801
-0.048873
-0.0495376
-0.0500541
-0.0504028
-0.0505639
-0.0505182
-0.0502477
-0.0497357
-0.0489677
-0.0479318
-0.0466197
-0.0450271
-0.043155
-0.0410102
-0.0386063
-0.0359643
-0.0331139
-0.0300931
-0.0269493
-0.0237385
-0.020525
-0.0173798
-0.0143787
-0.0115996
-0.00911906
-0.00700809
-0.00532831
-0.00412764
-0.00343694
-0.0032675
-0.00361039
-0.0044386
-0.00570862
-0.00734928
-0.00928646
-0.0116673
-0.0146156
-0.0223644
-0.0231617
-0.0238006
-0.0243353
-0.0248319
-0.0252978
-0.0257404
-0.0261715
-0.0266031
-0.027046
-0.0275106
-0.0280059
-0.0285401
-0.0291203
-0.0297521
-0.0304401
-0.0311877
-0.0319971
-0.0328691
-0.0338037
-0.0347993
-0.0358536
-0.0369628
-0.038122
-0.039325
-0.0405645
-0.0418317
-0.0431166
-0.044408
-0.0456932
-0.0469581
-0.0481876
-0.049365
-0.0504726
-0.0514916
-0.0524022
-0.0531837
-0.0538151
-0.0542748
-0.0545413
-0.0545936
-0.0544112
-0.0539751
-0.0532682
-0.0522758
-0.0509868
-0.0493938
-0.0474948
-0.0452934
-0.0428005
-0.0400347
-0.0370235
-0.0338038
-0.0304229
-0.026938
-0.023416
-0.0199327
-0.0165704
-0.0134157
-0.0105555
-0.00807262
-0.00604131
-0.00452203
-0.0035571
-0.00316732
-0.00335037
-0.00408262
-0.00532035
-0.00698782
-0.00900434
-0.0115272
-0.0146868
-0.0244449
-0.0252283
-0.0258577
-0.0263857
-0.0268764
-0.0273365
-0.0277733
-0.0281986
-0.0286245
-0.0290623
-0.0295227
-0.0300155
-0.0305494
-0.0311322
-0.0317701
-0.0324685
-0.0332311
-0.0340608
-0.0349588
-0.0359255
-0.0369597
-0.0380591
-0.0392203
-0.0404383
-0.0417072
-0.0430194
-0.0443662
-0.0457373
-0.0471211
-0.0485045
-0.0498732
-0.0512111
-0.0525012
-0.0537247
-0.0548619
-0.055892
-0.0567931
-0.0575426
-0.0581175
-0.0584945
-0.0586506
-0.0585633
-0.0582111
-0.0575744
-0.0566357
-0.0553808
-0.0537993
-0.0518858
-0.0496408
-0.0470718
-0.0441944
-0.0410335
-0.0376243
-0.0340128
-0.0302567
-0.0264248
-0.0225966
-0.0188607
-0.0153118
-0.0120473
-0.00916274
-0.00674591
-0.00487143
-0.0035951
-0.00294929
-0.00294036
-0.00354976
-0.00473482
-0.00641569
-0.00850511
-0.0111709
-0.0145502
-0.026586
-0.0273578
-0.0279793
-0.0285011
-0.0289854
-0.0294384
-0.0298671
-0.0302832
-0.030699
-0.0311263
-0.0315765
-0.0320601
-0.0325867
-0.0331647
-0.0338013
-0.0345025
-0.0352728
-0.0361156
-0.0370326
-0.0380247
-0.0390911
-0.0402297
-0.0414373
-0.0427091
-0.0440391
-0.0454198
-0.0468422
-0.0482959
-0.049769
-0.0512481
-0.0527182
-0.054163
-0.0555643
-0.056903
-0.0581583
-0.0593082
-0.0603299
-0.0611993
-0.0618919
-0.0623829
-0.0626471
-0.0626602
-0.0623983
-0.0618393
-0.0609629
-0.059752
-0.0581929
-0.0562768
-0.0540008
-0.0513687
-0.0483927
-0.0450946
-0.0415069
-0.0376739
-0.0336524
-0.0295124
-0.0253363
-0.0212176
-0.0172592
-0.0135686
-0.0102543
-0.00741861
-0.00515198
-0.00352562
-0.00258579
-0.00234989
-0.00280651
-0.00391558
-0.00559396
-0.00774793
-0.0105566
-0.0141633
-0.0287839
-0.0295476
-0.0301636
-0.0306802
-0.031158
-0.0316024
-0.03202
-0.0324227
-0.0328231
-0.0332337
-0.0336664
-0.034133
-0.0346438
-0.0352084
-0.0358349
-0.0365301
-0.0372994
-0.0381468
-0.0390748
-0.0400845
-0.0411756
-0.0423465
-0.043594
-0.0449135
-0.0462989
-0.0477427
-0.0492359
-0.0507678
-0.0523261
-0.0538972
-0.0554655
-0.0570141
-0.0585243
-0.0599761
-0.0613478
-0.0626165
-0.0637582
-0.0647476
-0.0655588
-0.0661653
-0.0665402
-0.0666571
-0.0664901
-0.0660144
-0.0652073
-0.0640484
-0.0625211
-0.0606131
-0.0583176
-0.0556349
-0.0525734
-0.0491511
-0.0453972
-0.0413534
-0.037075
-0.0326318
-0.0281078
-0.0236011
-0.0192211
-0.0150857
-0.0113158
-0.00802936
-0.00533379
-0.00331778
-0.00204396
-0.00154335
-0.00181415
-0.00282084
-0.00447814
-0.00668624
-0.00963618
-0.0134775
-0.0310355
-0.031796
-0.0324095
-0.0329225
-0.0333938
-0.0338279
-0.0342312
-0.0346156
-0.0349942
-0.0353803
-0.035787
-0.0362271
-0.0367124
-0.0372534
-0.0378596
-0.0385386
-0.0392969
-0.0401393
-0.0410689
-0.0420874
-0.0431949
-0.0443901
-0.04567
-0.0470301
-0.0484645
-0.0499653
-0.0515236
-0.0531283
-0.0547669
-0.0564253
-0.0580875
-0.0597359
-0.0613514
-0.0629129
-0.0643982
-0.0657833
-0.0670429
-0.0681509
-0.0690797
-0.0698014
-0.0702875
-0.0705097
-0.0704399
-0.0700511
-0.0693179
-0.0682171
-0.0667289
-0.0648376
-0.0625328
-0.0598107
-0.0566758
-0.0531419
-0.0492345
-0.0449918
-0.0404666
-0.0357274
-0.030859
-0.0259622
-0.0211523
-0.0165564
-0.0123079
-0.00854069
-0.00538013
-0.00293436
-0.00128488
-0.000479218
-0.000528045
-0.00140277
-0.00301752
-0.00526706
-0.00835528
-0.0124376
-0.0333381
-0.034102
-0.0347174
-0.0352288
-0.0356936
-0.0361155
-0.0365004
-0.0368606
-0.0372098
-0.0375624
-0.037933
-0.0383357
-0.0387839
-0.0392896
-0.0398636
-0.0405149
-0.0412509
-0.0420773
-0.0429981
-0.0440155
-0.0451301
-0.0463408
-0.0476449
-0.0490379
-0.0505139
-0.052065
-0.0536819
-0.0553533
-0.0570665
-0.0588068
-0.0605577
-0.0623011
-0.0640171
-0.065684
-0.0672787
-0.0687763
-0.0701505
-0.0713738
-0.0724176
-0.0732524
-0.0738483
-0.074175
-0.0742026
-0.0739018
-0.0732447
-0.0722056
-0.0707614
-0.0688931
-0.0665866
-0.0638343
-0.0606363
-0.0570024
-0.0529534
-0.0485237
-0.0437627
-0.0387365
-0.0335292
-0.0282432
-0.0229985
-0.0179299
-0.0131829
-0.00890706
-0.00524666
-0.00233094
-0.000262799
0.000890648
0.00110306
0.000393218
-0.00115441
-0.00343025
-0.00665214
-0.0109812
-0.0356901
-0.036466
-0.0370887
-0.0376012
-0.0380598
-0.0384671
-0.0388288
-0.0391575
-0.0394682
-0.0397766
-0.0400991
-0.0404516
-0.0408495
-0.0413064
-0.0418349
-0.0424453
-0.0431464
-0.0439448
-0.0448452
-0.0458507
-0.0469622
-0.0481789
-0.0494983
-0.0509159
-0.0524256
-0.0540196
-0.0556881
-0.0574197
-0.0592011
-0.0610172
-0.0628509
-0.0646836
-0.0664947
-0.0682617
-0.0699605
-0.0715655
-0.0730494
-0.0743836
-0.0755381
-0.0764822
-0.0771844
-0.0776127
-0.0777355
-0.0775213
-0.07694
-0.0759631
-0.0745648
-0.0727229
-0.0704196
-0.0676435
-0.0643905
-0.0606657
-0.0564855
-0.0518797
-0.0468935
-0.0415898
-0.0360506
-0.0303787
-0.0246967
-0.0191464
-0.0138841
-0.0090742
-0.00488068
-0.00145516
0.00107564
0.00262184
0.00313786
0.00262928
0.00117662
-0.00110771
-0.00445688
-0.00903763
-0.0380912
-0.03889
-0.0395271
-0.0400438
-0.0404964
-0.0408863
-0.0412188
-0.0415075
-0.0417686
-0.0420201
-0.0422804
-0.042568
-0.0429002
-0.0432931
-0.0437609
-0.0443159
-0.044968
-0.0457252
-0.0465929
-0.0475748
-0.0486723
-0.0498849
-0.0512102
-0.0526436
-0.0541789
-0.055808
-0.0575209
-0.0593056
-0.0611485
-0.0630338
-0.064944
-0.0668597
-0.0687596
-0.0706205
-0.0724175
-0.0741239
-0.0757115
-0.0771505
-0.0784099
-0.0794577
-0.0802608
-0.0807859
-0.0809993
-0.0808678
-0.080359
-0.0794422
-0.0780886
-0.0762731
-0.0739746
-0.0711777
-0.0678742
-0.0640647
-0.059761
-0.0549878
-0.0497856
-0.0442131
-0.0383494
-0.0322956
-0.0261762
-0.0201377
-0.0143455
-0.00897882
-0.0042206
-0.000246006
0.00279224
0.00477826
0.00564335
0.00537605
0.00404974
0.00177763
-0.00169059
-0.00652715
-0.040543
-0.0413782
-0.0420383
-0.0425633
-0.04301
-0.0433786
-0.0436746
-0.0439126
-0.0441112
-0.0442906
-0.0444724
-0.0446777
-0.0449268
-0.0452383
-0.0456288
-0.0461122
-0.0467002
-0.0474018
-0.0482235
-0.0491696
-0.0502418
-0.0514399
-0.0527613
-0.0542015
-0.055754
-0.0574104
-0.0591601
-0.0609909
-0.0628883
-0.0648361
-0.0668161
-0.0688082
-0.0707902
-0.0727383
-0.0746265
-0.0764274
-0.0781117
-0.0796485
-0.0810058
-0.08215
-0.083047
-0.0836618
-0.0839591
-0.0839039
-0.0834618
-0.0825996
-0.0812863
-0.0794937
-0.0771976
-0.0743791
-0.0710257
-0.067134
-0.0627106
-0.0577753
-0.0523636
-0.0465291
-0.0403468
-0.0339154
-0.0273589
-0.020827
-0.0144929
-0.00854845
-0.00319551
0.00136681
0.00495797
0.00743293
0.00869579
0.00871362
0.00754887
0.00531286
0.0017358
-0.00336011
-0.0430491
-0.0439378
-0.0446316
-0.0451694
-0.04561
-0.0459524
-0.0462025
-0.046377
-0.046497
-0.0465865
-0.0466704
-0.0467737
-0.0469199
-0.0471308
-0.0474252
-0.0478195
-0.048327
-0.0489579
-0.0497197
-0.0506172
-0.0516525
-0.0528254
-0.0541332
-0.0555713
-0.0571328
-0.0588086
-0.0605878
-0.0624575
-0.0644025
-0.0664061
-0.0684491
-0.0705107
-0.0725679
-0.074596
-0.0765682
-0.078456
-0.0802292
-0.0818558
-0.0833026
-0.0845349
-0.085517
-0.0862127
-0.0865851
-0.0865974
-0.0862133
-0.0853976
-0.0841168
-0.08234
-0.0800401
-0.0771947
-0.0737878
-0.0698115
-0.0652678
-0.0601714
-0.0545525
-0.0484593
-0.0419618
-0.0351551
-0.0281611
-0.0211309
-0.0142434
-0.00770168
-0.00172508
0.00346331
0.00765368
0.0106689
0.0123817
0.0127327
0.0117689
0.00959637
0.00592277
0.000564435
-0.0456164
-0.0465798
-0.04732
-0.0478759
-0.0483094
-0.048619
-0.0488114
-0.0489062
-0.0489286
-0.0489068
-0.0488705
-0.0488489
-0.0488699
-0.0489584
-0.0491365
-0.0494227
-0.0498322
-0.0503766
-0.0510641
-0.0519001
-0.0528868
-0.054024
-0.0553089
-0.0567362
-0.0582986
-0.0599864
-0.0617881
-0.0636898
-0.0656759
-0.0677285
-0.0698278
-0.0719521
-0.0740775
-0.0761783
-0.0782269
-0.0801936
-0.0820473
-0.0837549
-0.0852819
-0.0865926
-0.08765
-0.0884162
-0.088853
-0.0889219
-0.0885847
-0.0878043
-0.0865449
-0.0847732
-0.0824593
-0.0795776
-0.0761087
-0.0720405
-0.0673706
-0.0621089
-0.0562799
-0.0499264
-0.043113
-0.0359296
-0.0284953
-0.0209605
-0.0135076
-0.00634888
0.000280268
0.00613342
0.0109707
0.0145802
0.0167989
0.0175358
0.0168172
0.0147395
0.0109838
0.00536014
-0.0482559
-0.0493201
-0.0501221
-0.0507015
-0.0511259
-0.0513935
-0.051513
-0.0515082
-0.0514096
-0.0512512
-0.0510684
-0.050896
-0.0507664
-0.0507087
-0.0507484
-0.0509063
-0.0511996
-0.0516411
-0.0522398
-0.0530014
-0.0539282
-0.0550197
-0.0562725
-0.0576809
-0.0592368
-0.0609298
-0.0627474
-0.0646749
-0.0666958
-0.0687912
-0.0709404
-0.0731208
-0.0753074
-0.0774737
-0.0795908
-0.0816282
-0.0835536
-0.0853328
-0.0869303
-0.0883088
-0.0894302
-0.0902552
-0.0907441
-0.0908568
-0.0905532
-0.0897944
-0.0885425
-0.0867618
-0.0844198
-0.0814881
-0.0779438
-0.0737711
-0.0689637
-0.0635263
-0.0574784
-0.050857
-0.043721
-0.0361547
-0.0282728
-0.0202233
-0.0121905
-0.00439333
0.00291868
0.00947692
0.015011
0.0192723
0.0220577
0.0232389
0.0228153
0.0208682
0.0170475
0.0111551
-0.0509838
-0.0521811
-0.0530632
-0.0536717
-0.0540829
-0.0542961
-0.054323
-0.0541935
-0.0539454
-0.0536202
-0.0532604
-0.0529073
-0.0525988
-0.0523689
-0.0522462
-0.0522546
-0.0524128
-0.0527349
-0.0532305
-0.0539052
-0.0547613
-0.0557977
-0.0570103
-0.0583925
-0.0599353
-0.0616274
-0.0634551
-0.0654028
-0.0674528
-0.0695854
-0.0717786
-0.0740088
-0.07625
-0.0784745
-0.0806524
-0.0827522
-0.0847403
-0.0865815
-0.0882388
-0.089674
-0.0908474
-0.0917185
-0.0922458
-0.0923878
-0.0921027
-0.0913496
-0.0900886
-0.0882817
-0.085894
-0.0828944
-0.0792567
-0.074962
-0.0699996
-0.0643701
-0.0580877
-0.051184
-0.0437117
-0.0357493
-0.027406
-0.0188264
-0.0101942
-0.00173308
0.00629568
0.0136028
0.0198878
0.0248633
0.0282823
0.0299731
0.029901
0.0281258
0.0242595
0.0180944
-0.0538239
-0.0551939
-0.0561776
-0.0568202
-0.0572113
-0.0573524
-0.0572609
-0.0569752
-0.0565428
-0.0560147
-0.0554423
-0.0548745
-0.0543558
-0.053925
-0.0536147
-0.0534514
-0.0534554
-0.0536417
-0.0540203
-0.0545966
-0.0553721
-0.056345
-0.0575102
-0.05886
-0.0603843
-0.0620703
-0.0639033
-0.0658665
-0.0679409
-0.0701056
-0.0723375
-0.0746116
-0.0769011
-0.0791769
-0.0814082
-0.083562
-0.0856037
-0.0874969
-0.0892034
-0.0906835
-0.0918964
-0.0927998
-0.0933511
-0.0935067
-0.0932234
-0.0924583
-0.0911694
-0.0893167
-0.0868627
-0.0837736
-0.0800206
-0.0755812
-0.0704411
-0.0645966
-0.0580573
-0.0508491
-0.0430189
-0.034639
-0.0258126
-0.0166794
-0.00742091
0.00173649
0.0105222
0.0186282
0.0257246
0.0314841
0.0356119
0.0378862
0.0382309
0.0366758
0.0327867
0.0263427
-0.0568097
-0.0584016
-0.0595118
-0.060192
-0.060551
-0.0605956
-0.0603516
-0.0598698
-0.0592103
-0.0584362
-0.0576097
-0.0567887
-0.0560248
-0.0553624
-0.0548379
-0.0544802
-0.0543111
-0.0543459
-0.0545945
-0.0550618
-0.0557481
-0.0566505
-0.0577626
-0.0590752
-0.0605766
-0.0622528
-0.0640874
-0.0660624
-0.0681572
-0.0703497
-0.0726155
-0.0749285
-0.0772604
-0.079581
-0.0818582
-0.084058
-0.0861443
-0.0880796
-0.0898243
-0.0913375
-0.0925767
-0.0934985
-0.0940583
-0.0942112
-0.0939119
-0.0931157
-0.0917786
-0.0898583
-0.087315
-0.0841122
-0.0802182
-0.0756074
-0.0702619
-0.064174
-0.0573484
-0.0498061
-0.041588
-0.0327599
-0.0234187
-0.0136984
-0.00377685
0.0061191
0.0157117
0.0246763
0.0326547
0.0392787
0.0442019
0.0471459
0.0479839
0.0467062
0.0428205
0.0360886
-0.0599883
-0.0618628
-0.063128
-0.063846
-0.0641536
-0.0640673
-0.0636259
-0.0628972
-0.0619579
-0.0608863
-0.0597574
-0.0586396
-0.0575924
-0.0566655
-0.0558992
-0.0553243
-0.0549635
-0.0548322
-0.0549394
-0.0552886
-0.0558789
-0.0567055
-0.0577604
-0.0590324
-0.0605082
-0.0621719
-0.0640057
-0.0659897
-0.068102
-0.0703189
-0.0726147
-0.0749619
-0.0773309
-0.0796902
-0.0820064
-0.0842442
-0.0863663
-0.0883338
-0.0901059
-0.0916401
-0.0928926
-0.0938183
-0.0943711
-0.0945043
-0.0941707
-0.0933237
-0.0919171
-0.0899063
-0.0872491
-0.0839063
-0.0798433
-0.0750311
-0.0694485
-0.0630835
-0.0559366
-0.0480233
-0.0393787
-0.0300623
-0.0201639
-0.00981121
0.000822888
0.0115129
0.0219761
0.0318732
0.040819
0.0484037
0.0542255
0.057942
0.0593655
0.0584344
0.0545837
0.0475504
-0.0634257
-0.0656582
-0.06711
-0.06786
-0.0680858
-0.06782
-0.0671215
-0.0660808
-0.0647967
-0.0633661
-0.061879
-0.0604154
-0.059043
-0.057817
-0.0567807
-0.0559664
-0.0553967
-0.0550862
-0.0550422
-0.0552664
-0.0557558
-0.0565034
-0.0574987
-0.0587286
-0.0601775
-0.0618277
-0.0636594
-0.065651
-0.0677788
-0.0700176
-0.0723402
-0.0747176
-0.0771189
-0.0795111
-0.0818597
-0.084128
-0.0862774
-0.0882675
-0.0900562
-0.0915995
-0.0928523
-0.0937676
-0.0942979
-0.0943944
-0.0940082
-0.0930905
-0.0915929
-0.0894684
-0.0866721
-0.0831621
-0.0789006
-0.0738553
-0.0680012
-0.0613222
-0.053814
-0.0454868
-0.0363697
-0.0265153
-0.0160063
-0.00496285
0.00644813
0.0180042
0.0294198
0.0403433
0.0503631
0.0590272
0.0658743
0.0704898
0.072613
0.0721155
0.0683384
0.0609834
-0.0672145
-0.0698985
-0.0715708
-0.0723364
-0.0724328
-0.0719191
-0.0708834
-0.0694477
-0.0677385
-0.0658753
-0.0639656
-0.0621014
-0.0603588
-0.0587977
-0.0574634
-0.0563885
-0.0555944
-0.0550937
-0.0548913
-0.0549861
-0.0553722
-0.0560396
-0.0569753
-0.0581635
-0.0595862
-0.0612233
-0.063053
-0.0650517
-0.0671941
-0.0694531
-0.0718
-0.0742042
-0.0766335
-0.0790536
-0.0814283
-0.0837198
-0.0858882
-0.0878916
-0.0896864
-0.0912275
-0.0924678
-0.093359
-0.0938515
-0.093895
-0.0934385
-0.0924308
-0.0908214
-0.0885605
-0.0856005
-0.0818964
-0.0774071
-0.0720967
-0.0659359
-0.0589041
-0.0509919
-0.0422038
-0.0325621
-0.022112
-0.0109282
0.000877624
0.0131461
0.0256599
0.0381325
0.0502019
0.0614316
0.0713258
0.0793588
0.0850338
0.088003
0.0880515
0.084398
0.0766919
-0.0714849
-0.0747372
-0.0766631
-0.0774101
-0.0773035
-0.0764448
-0.0749647
-0.0730272
-0.0707938
-0.0684106
-0.0660041
-0.0636789
-0.0615182
-0.0595853
-0.057926
-0.0565713
-0.05554
-0.0548413
-0.0544763
-0.0544401
-0.0547232
-0.055312
-0.0561903
-0.0573392
-0.058738
-0.0603641
-0.0621933
-0.0642
-0.0663569
-0.0686352
-0.0710046
-0.073433
-0.0758865
-0.0783296
-0.0807247
-0.0830327
-0.0852121
-0.08722
-0.0890112
-0.0905389
-0.0917548
-0.0926088
-0.0930496
-0.0930248
-0.0924813
-0.0913658
-0.0896251
-0.0872069
-0.0840604
-0.0801373
-0.0753928
-0.0697867
-0.0632853
-0.0558627
-0.0475036
-0.0382057
-0.0279838
-0.0168746
-0.00494306
0.00770909
0.0209324
0.0345167
0.048178
0.0615459
0.0741601
0.0854792
0.0949067
0.101852
0.10586
0.106606
0.103144
0.0950455
-0.0764221
-0.0803881
-0.0825948
-0.0832586
-0.0828356
-0.0814941
-0.0794254
-0.076849
-0.0739691
-0.0709623
-0.0679747
-0.0651225
-0.0624938
-0.060153
-0.0581437
-0.0564932
-0.0552155
-0.0543146
-0.0537866
-0.0536215
-0.0538052
-0.05432
-0.0551457
-0.05626
-0.0576391
-0.0592578
-0.0610894
-0.063106
-0.0652784
-0.067576
-0.0699668
-0.0724171
-0.0748917
-0.0773535
-0.0797639
-0.082082
-0.0842653
-0.0862694
-0.0880478
-0.0895523
-0.0907328
-0.0915378
-0.0919141
-0.0918073
-0.0911624
-0.0899235
-0.0880349
-0.0854413
-0.0820887
-0.0779252
-0.0729016
-0.0669733
-0.060101
-0.052253
-0.0434067
-0.0335521
-0.0226947
-0.0108606
0.00189705
0.0154893
0.0297797
0.0445696
0.0595809
0.0744391
0.0886619
0.101661
0.112759
0.121256
0.126569
0.128224
0.125054
0.116505
-0.0822928
-0.0871534
-0.0896502
-0.0901149
-0.0892012
-0.0871806
-0.0843293
-0.0809379
-0.0772618
-0.0735097
-0.0698464
-0.0663964
-0.0632495
-0.0604668
-0.0580865
-0.0561288
-0.0546005
-0.0534983
-0.0528114
-0.0525238
-0.0526155
-0.0530639
-0.0538446
-0.0549314
-0.0562972
-0.0579137
-0.0597519
-0.0617816
-0.0639715
-0.0662892
-0.0687009
-0.0711717
-0.0736648
-0.0761418
-0.0785627
-0.0808854
-0.0830663
-0.0850593
-0.0868169
-0.0882894
-0.0894252
-0.0901711
-0.0904723
-0.0902725
-0.0895143
-0.0881397
-0.0860902
-0.0833074
-0.0797339
-0.0753137
-0.0699932
-0.0637222
-0.0564555
-0.048154
-0.0387871
-0.0283346
-0.0167909
-0.00416885
0.00949368
0.0241247
0.0396058
0.0557557
0.0723091
0.0888937
0.10501
0.120021
0.133162
0.143599
0.150587
0.15346
0.150736
0.141665
-0.0894885
-0.0954654
-0.0982203
-0.098283
-0.0966107
-0.0936308
-0.0897358
-0.0853049
-0.0806502
-0.0760121
-0.0715693
-0.0674487
-0.0637354
-0.0604819
-0.0577157
-0.0554464
-0.0536701
-0.0523738
-0.051538
-0.0511391
-0.0511506
-0.0515443
-0.0522907
-0.0533597
-0.0547206
-0.0563422
-0.0581928
-0.0602398
-0.0624502
-0.0647896
-0.0672229
-0.0697134
-0.0722231
-0.0747125
-0.0771402
-0.0794631
-0.0816361
-0.0836122
-0.0853425
-0.0867761
-0.0878599
-0.0885392
-0.0887575
-0.0884568
-0.0875775
-0.0860593
-0.0838408
-0.0808608
-0.0770579
-0.072372
-0.0667445
-0.0601193
-0.0524441
-0.0436715
-0.0337609
-0.0226804
-0.01041
0.00305412
0.0176937
0.0334598
0.0502592
0.067937
0.0862515
0.104844
0.123208
0.140661
0.156343
0.169261
0.178461
0.183016
0.180994
0.171317
-0.0985995
-0.105953
-0.108844
-0.108154
-0.10531
-0.100972
-0.0956839
-0.0899296
-0.0840785
-0.0783956
-0.0730637
-0.0682018
-0.0638809
-0.0601367
-0.0569801
-0.0544045
-0.0523921
-0.0509172
-0.0499498
-0.0494573
-0.0494056
-0.0497603
-0.0504869
-0.0515508
-0.0529177
-0.0545535
-0.0564238
-0.058494
-0.060729
-0.063093
-0.0655492
-0.0680598
-0.0705854
-0.0730855
-0.0755175
-0.0778374
-0.0799989
-0.0819541
-0.0836528
-0.085043
-0.0860704
-0.0866789
-0.0868104
-0.0864052
-0.0854018
-0.0837375
-0.0813484
-0.07817
-0.0741374
-0.0691859
-0.0632517
-0.0562721
-0.048187
-0.0389396
-0.0284775
-0.0167548
-0.00373428
0.010609
0.0262823
0.0432666
0.0615046
0.0808803
0.101192
0.122114
0.143152
0.163595
0.182484
0.198637
0.210836
0.217792
0.216917
0.206571
-0.110546
-0.119548
-0.122265
-0.120218
-0.115568
-0.109304
-0.102161
-0.0947306
-0.0874304
-0.080532
-0.0742037
-0.0685403
-0.0635851
-0.0593464
-0.0558103
-0.0529484
-0.0507244
-0.0490973
-0.0480248
-0.0474638
-0.0473723
-0.0477091
-0.0484344
-0.0495092
-0.0508959
-0.0525573
-0.0544566
-0.0565574
-0.0588227
-0.0612154
-0.0636974
-0.0662297
-0.068772
-0.0712827
-0.0737184
-0.0760341
-0.0781827
-0.0801155
-0.0817812
-0.0831268
-0.0840971
-0.0846347
-0.0846802
-0.0841723
-0.0830478
-0.0812419
-0.0786881
-0.075319
-0.071066
-0.06586
-0.0596315
-0.0523112
-0.0438306
-0.0341222
-0.0231206
-0.0107635
0.00300673
0.0182406
0.0349772
0.0532369
0.0730102
0.0942379
0.116781
0.140378
0.164581
0.188685
0.211651
0.232093
0.248457
0.258952
0.260024
0.249063
-0.12683
-0.137654
-0.139494
-0.135054
-0.127627
-0.118645
-0.109046
-0.0995183
-0.0904914
-0.0822094
-0.0747956
-0.0682958
-0.0627067
-0.0579959
-0.0541146
-0.0510066
-0.0486126
-0.046874
-0.0457342
-0.0451394
-0.0450388
-0.0453847
-0.0461319
-0.0472376
-0.0486608
-0.0503618
-0.0523018
-0.0544425
-0.0567457
-0.0591731
-0.0616855
-0.0642431
-0.0668049
-0.0693283
-0.0717695
-0.0740826
-0.0762201
-0.0781322
-0.0797674
-0.0810716
-0.0819888
-0.0824608
-0.0824269
-0.0818246
-0.0805893
-0.0786541
-0.0759506
-0.0724084
-0.0679555
-0.0625184
-0.0560223
-0.048391
-0.0395473
-0.0294125
-0.017907
-0.00495058
0.00953784
0.0256385
0.0434287
0.0629779
0.0843388
0.10753
0.132507
0.159113
0.187006
0.215553
0.243699
0.26988
0.292134
0.307992
0.312488
0.30134
-0.150039
-0.162423
-0.161868
-0.153273
-0.141605
-0.128818
-0.116019
-0.10392
-0.0928935
-0.0830944
-0.074553
-0.067231
-0.0610545
-0.055934
-0.0517761
-0.0484898
-0.0459899
-0.0441981
-0.0430429
-0.0424596
-0.0423892
-0.0427777
-0.0435755
-0.0447363
-0.0462163
-0.0479738
-0.0499686
-0.0521611
-0.0545121
-0.0569825
-0.0595324
-0.0621215
-0.0647082
-0.0672496
-0.0697013
-0.0720171
-0.0741491
-0.0760471
-0.0776589
-0.0789301
-0.0798042
-0.080222
-0.0801224
-0.0794417
-0.0781141
-0.0760713
-0.0732429
-0.0695561
-0.064936
-0.059305
-0.0525834
-0.0446882
-0.0355336
-0.02503
-0.0130834
0.00040586
0.0155435
0.0324427
0.0512244
0.072016
0.0949466
0.120136
0.147669
0.177552
0.209631
0.243458
0.278096
0.311939
0.342607
0.366774
0.377484
0.367641
-0.184901
-0.197172
-0.19099
-0.175284
-0.157243
-0.139244
-0.122391
-0.107262
-0.0940381
-0.0826846
-0.0730695
-0.065026
-0.0583814
-0.0529727
-0.0486528
-0.0452922
-0.0427779
-0.041012
-0.0399091
-0.0393946
-0.0394027
-0.0398746
-0.0407571
-0.0420015
-0.0435624
-0.0453968
-0.0474636
-0.0497226
-0.0521343
-0.0546589
-0.0572567
-0.0598869
-0.0625077
-0.0650763
-0.067548
-0.0698765
-0.0720138
-0.0739094
-0.0755112
-0.0767644
-0.0776121
-0.077995
-0.0778513
-0.0771168
-0.0757248
-0.073606
-0.0706884
-0.0668976
-0.0621559
-0.0563825
-0.049493
-0.041399
-0.0320066
-0.021216
-0.00891913
0.00500187
0.0206778
0.0382557
0.0579025
0.0798091
0.104192
0.131294
0.161366
0.194641
0.231259
0.271128
0.313676
0.357512
0.400156
0.43735
0.459607
0.4553
-0.240283
-0.246869
-0.228439
-0.200847
-0.173497
-0.148622
-0.1269
-0.108451
-0.093039
-0.0802905
-0.0698241
-0.0612943
-0.0544042
-0.0489061
-0.0445959
-0.0413061
-0.0388988
-0.0372594
-0.036292
-0.0359151
-0.0360585
-0.0366608
-0.0376672
-0.0390281
-0.0406975
-0.0426325
-0.0447919
-0.0471355
-0.0496241
-0.0522181
-0.0548778
-0.0575629
-0.0602318
-0.0628416
-0.0653481
-0.0677051
-0.0698646
-0.0717764
-0.0733884
-0.0746459
-0.075492
-0.0758674
-0.0757101
-0.0749556
-0.0735369
-0.0713839
-0.068424
-0.0645811
-0.0597759
-0.0539251
-0.0469408
-0.0387298
-0.029192
-0.0182186
-0.00569001
0.0085281
0.024589
0.0426709
0.0629852
0.085786
0.111382
0.140147
0.172532
0.209054
0.250266
0.296642
0.348339
0.404774
0.464033
0.521419
0.564974
0.576619
-0.333024
-0.318374
-0.275157
-0.228635
-0.188256
-0.154807
-0.127722
-0.106084
-0.0888763
-0.0752018
-0.0643379
-0.0557223
-0.0489236
-0.0436121
-0.0395344
-0.036494
-0.0343362
-0.0329375
-0.0321972
-0.0320319
-0.0323708
-0.0331528
-0.0343239
-0.0358356
-0.0376429
-0.0397038
-0.0419782
-0.0444269
-0.0470112
-0.0496926
-0.0524321
-0.0551898
-0.0579247
-0.0605947
-0.0631558
-0.0655623
-0.0677668
-0.0697194
-0.0713683
-0.0726592
-0.0735355
-0.073938
-0.0738051
-0.0730724
-0.0716726
-0.0695357
-0.0665886
-0.0627546
-0.0579533
-0.0520998
-0.0451042
-0.03687
-0.0272926
-0.0162573
-0.00363543
0.0107193
0.0269773
0.045342
0.066061
0.0894426
0.115878
0.145872
0.180076
0.219335
0.264717
0.3175
0.379058
0.450538
0.531895
0.6194
0.700973
0.751891
-0.501627
-0.419644
-0.327918
-0.253708
-0.196859
-0.154044
-0.122178
-0.0983939
-0.0804487
-0.0667617
-0.0562377
-0.0481117
-0.0418455
-0.0370563
-0.0334666
-0.0308708
-0.0291129
-0.0280716
-0.0276501
-0.0277692
-0.0283624
-0.0293723
-0.0307484
-0.0324451
-0.0344201
-0.0366336
-0.0390473
-0.0416239
-0.0443261
-0.0471166
-0.0499575
-0.0528101
-0.0556343
-0.0583886
-0.06103
-0.0635135
-0.0657922
-0.067817
-0.0695366
-0.0708973
-0.071843
-0.0723151
-0.0722522
-0.0715905
-0.0702631
-0.0682002
-0.0653288
-0.0615722
-0.0568498
-0.0510765
-0.0441612
-0.0360062
-0.0265051
-0.0155401
-0.00297829
0.0113328
0.0275731
0.0459595
0.0667612
0.0903203
0.117084
0.147649
0.182835
0.223781
0.272092
0.33002
0.400686
0.488195
0.596502
0.726657
0.877367
1.02574
-0.850643
-0.553011
-0.361301
-0.253411
-0.183288
-0.135618
-0.10328
-0.0808459
-0.0647491
-0.0528941
-0.0440144
-0.0373033
-0.0322328
-0.028448
-0.0257028
-0.0238205
-0.0226692
-0.0221476
-0.0221749
-0.0226847
-0.0236207
-0.0249341
-0.0265809
-0.0285209
-0.0307164
-0.0331314
-0.0357307
-0.0384794
-0.0413426
-0.0442851
-0.0472706
-0.0502617
-0.0532199
-0.0561048
-0.0588746
-0.0614852
-0.0638908
-0.066043
-0.0678916
-0.0693836
-0.0704636
-0.0710739
-0.071154
-0.0706403
-0.0694671
-0.0675652
-0.0648623
-0.0612825
-0.056746
-0.0511684
-0.0444597
-0.0365231
-0.0272532
-0.0165336
-0.00423316
0.00979873
0.0257394
0.043803
0.0642555
0.0874365
0.113794
0.143936
0.178719
0.219389
0.267831
0.326992
0.401678
0.499742
0.632391
0.816586
1.09969
1.50768
-1.48535
-0.68344
-0.324185
-0.19373
-0.128203
-0.0889217
-0.0651305
-0.0500118
-0.0396533
-0.0321687
-0.0266126
-0.0224524
-0.0193664
-0.01715
-0.0156644
-0.0148098
-0.0145095
-0.0147026
-0.0153381
-0.0163717
-0.0177644
-0.0194802
-0.0214855
-0.0237484
-0.0262375
-0.0289222
-0.0317718
-0.0347551
-0.0378404
-0.040995
-0.0441852
-0.0473755
-0.0505294
-0.0536081
-0.0565712
-0.0593761
-0.0619782
-0.0643306
-0.0663837
-0.068086
-0.0693831
-0.0702182
-0.0705317
-0.0702617
-0.0693429
-0.0677074
-0.0652843
-0.0619991
-0.0577738
-0.0525259
-0.046168
-0.0386067
-0.0297408
-0.0194595
-0.00763945
0.00585958
0.0212003
0.0385763
0.0582239
0.08044
0.105609
0.134247
0.167071
0.205127
0.250031
0.304463
0.373333
0.466408
0.60348
0.832759
1.31079
2.23472
)
;

boundaryField
{
    movingWall
    {
        type            zeroGradient;
    }
    fixedWalls
    {
        type            zeroGradient;
    }
    frontAndBack
    {
        type            empty;
    }
}


// ************************************************************************* //
