/*--------------------------------*- C++ -*----------------------------------*\
  =========                 |
  \\      /  F ield         | OpenFOAM: The Open Source CFD Toolbox
   \\    /   O peration     | Website:  https://openfoam.org
    \\  /    A nd           | Version:  dev
     \\/     M anipulation  |
\*---------------------------------------------------------------------------*/
FoamFile
{
    format      ascii;
    class       volScalarField;
    location    "37.8";
    object      Ux;
}
// * * * * * * * * * * * * * * * * * * * * * * * * * * * * * * * * * * * * * //

dimensions      [0 1 -1 0 0 0 0];

internalField   nonuniform List<scalar> 
5184
(
1.23405e-05
4.5198e-05
8.03648e-05
9.60298e-05
8.22059e-05
3.65099e-05
-4.05129e-05
-0.000146844
-0.00027969
-0.000435994
-0.000612632
-0.000806572
-0.00101494
-0.00123508
-0.00146453
-0.00170102
-0.00194249
-0.00218702
-0.00243283
-0.00267822
-0.00292161
-0.00316141
-0.00339611
-0.00362418
-0.0038441
-0.00405431
-0.00425327
-0.0044394
-0.00461112
-0.00476686
-0.00490505
-0.00502417
-0.00512275
-0.00519943
-0.00525293
-0.00528215
-0.00528613
-0.00526416
-0.00521573
-0.00514061
-0.00503886
-0.00491087
-0.00475733
-0.0045793
-0.00437818
-0.00415574
-0.00391406
-0.00365557
-0.003383
-0.00309935
-0.00280787
-0.00251199
-0.00221526
-0.00192135
-0.00163393
-0.00135665
-0.00109303
-0.000846466
-0.000620087
-0.00041675
-0.000238953
-8.87733e-05
3.22003e-05
0.000122954
0.000183156
0.000213309
0.000215003
0.000191287
0.000147195
9.0821e-05
3.66359e-05
6.22737e-06
2.086e-05
6.56633e-05
9.47785e-05
7.28881e-05
-1.88498e-05
-0.000187253
-0.000432908
-0.000752597
-0.00114077
-0.00159066
-0.0020949
-0.00264605
-0.00323679
-0.00386014
-0.00450949
-0.00517863
-0.00586177
-0.00655347
-0.00724857
-0.00794221
-0.00862968
-0.00930642
-0.00996796
-0.0106099
-0.0112278
-0.0118172
-0.0123738
-0.0128931
-0.0133708
-0.0138025
-0.0141839
-0.014511
-0.0147799
-0.0149869
-0.0151287
-0.0152026
-0.0152062
-0.0151376
-0.0149957
-0.0147803
-0.0144916
-0.0141309
-0.0137003
-0.0132029
-0.0126425
-0.0120242
-0.0113535
-0.0106372
-0.00988263
-0.00909788
-0.00829167
-0.00747317
-0.00665192
-0.00583766
-0.00504018
-0.00426914
-0.00353393
-0.00284347
-0.00220604
-0.00162912
-0.00111919
-0.00068155
-0.000320108
-3.71509e-05
0.000166957
0.000294138
0.000349144
0.00034025
0.000279951
0.000186107
8.63923e-05
1.96845e-05
1.76463e-05
4.13636e-05
1.96531e-05
-8.39411e-05
-0.00029021
-0.000607906
-0.00103829
-0.00157755
-0.00221852
-0.00295201
-0.00376774
-0.004655
-0.00560306
-0.00660146
-0.00764014
-0.00870954
-0.00980057
-0.0109046
-0.0120135
-0.0131194
-0.0142146
-0.0152919
-0.016344
-0.0173637
-0.0183439
-0.0192777
-0.020158
-0.0209777
-0.0217302
-0.0224085
-0.0230061
-0.0235167
-0.0239345
-0.0242538
-0.0244698
-0.0245783
-0.0245759
-0.0244601
-0.0242294
-0.0238834
-0.023423
-0.0228503
-0.0221688
-0.0213834
-0.0205003
-0.019527
-0.0184726
-0.0173473
-0.0161624
-0.0149305
-0.0136647
-0.0123792
-0.0110885
-0.00980741
-0.00855086
-0.00733354
-0.00616971
-0.00507289
-0.00405563
-0.00312921
-0.00230337
-0.00158599
-0.000982822
-0.000497089
-0.000129101
0.000124211
0.000269948
0.000319962
0.000291393
0.000207476
0.000102485
2.49836e-05
8.84637e-06
-6.98959e-06
-0.000107553
-0.000322348
-0.000669625
-0.00115779
-0.0017876
-0.00255429
-0.00344929
-0.0044616
-0.00557872
-0.00678744
-0.00807436
-0.00942621
-0.0108301
-0.0122736
-0.0137447
-0.0152322
-0.016725
-0.0182126
-0.0196847
-0.0211315
-0.0225431
-0.0239098
-0.0252222
-0.0264708
-0.0276462
-0.0287392
-0.0297405
-0.0306414
-0.0314333
-0.032108
-0.0326577
-0.0330756
-0.0333555
-0.0334919
-0.0334807
-0.0333189
-0.0330049
-0.0325383
-0.0319206
-0.0311547
-0.0302455
-0.0291993
-0.0280246
-0.0267312
-0.025331
-0.0238372
-0.0222647
-0.0206295
-0.018949
-0.0172412
-0.0155249
-0.0138194
-0.0121437
-0.010517
-0.00895743
-0.00748254
-0.00610846
-0.00484969
-0.00371871
-0.00272564
-0.0018778
-0.00117933
-0.000630696
-0.000228185
3.66784e-05
0.000177798
0.000214906
0.000174177
9.30648e-05
2.40353e-05
-2.12102e-06
-6.72843e-05
-0.000264114
-0.00060981
-0.00111688
-0.00179152
-0.00263276
-0.00363422
-0.00478576
-0.00607467
-0.0074866
-0.0090063
-0.0106182
-0.0123066
-0.0140564
-0.0158527
-0.017681
-0.0195277
-0.0213792
-0.0232227
-0.0250455
-0.0268354
-0.0285802
-0.030268
-0.031887
-0.0334256
-0.0348723
-0.0362158
-0.037445
-0.0385491
-0.0395177
-0.0403412
-0.0410104
-0.0415169
-0.0418535
-0.042014
-0.0419935
-0.0417888
-0.0413979
-0.040821
-0.0400598
-0.0391181
-0.038002
-0.0367193
-0.03528
-0.0336963
-0.0319823
-0.0301539
-0.0282289
-0.0262265
-0.0241674
-0.0220733
-0.0199664
-0.0178696
-0.015806
-0.0137979
-0.0118675
-0.0100354
-0.00832099
-0.00674154
-0.00531201
-0.00404454
-0.00294799
-0.0020275
-0.00128401
-0.000713765
-0.000307754
-5.1207e-05
7.6762e-05
0.000103667
6.75399e-05
1.9673e-05
-1.36941e-05
-0.000132842
-0.00043587
-0.000924752
-0.00160413
-0.00247655
-0.00353819
-0.00478034
-0.00619091
-0.00775538
-0.00945761
-0.0112805
-0.0132066
-0.0152184
-0.0172986
-0.0194303
-0.0215969
-0.0237826
-0.0259719
-0.0281496
-0.030301
-0.0324117
-0.0344676
-0.0364546
-0.038359
-0.0401672
-0.0418657
-0.0434415
-0.0448816
-0.0461737
-0.0473059
-0.0482669
-0.0490464
-0.0496351
-0.0500245
-0.050208
-0.05018
-0.049937
-0.049477
-0.0488003
-0.0479092
-0.0468082
-0.0455041
-0.0440063
-0.0423261
-0.0404776
-0.0384769
-0.0363421
-0.0340936
-0.0317533
-0.0293447
-0.0268925
-0.0244222
-0.0219598
-0.0195315
-0.017163
-0.0148796
-0.0127049
-0.010661
-0.008768
-0.00704298
-0.00550011
-0.00414986
-0.00299858
-0.00204805
-0.001295
-0.000730636
-0.000340238
-0.000102835
9.21512e-06
3.25256e-05
1.36275e-05
-2.51879e-05
-0.000200036
-0.000614165
-0.00125309
-0.00211235
-0.0031898
-0.00447786
-0.00596482
-0.00763617
-0.00947536
-0.0114644
-0.0135845
-0.0158164
-0.0181409
-0.0205388
-0.0229916
-0.0254809
-0.0279889
-0.0304983
-0.0329921
-0.0354537
-0.0378668
-0.0402154
-0.0424837
-0.0446561
-0.0467173
-0.0486521
-0.0504458
-0.0520839
-0.0535526
-0.0548387
-0.0559297
-0.0568141
-0.0574815
-0.0579228
-0.0581306
-0.058099
-0.057824
-0.0573037
-0.0565385
-0.055531
-0.0542862
-0.0528119
-0.0511183
-0.0492182
-0.047127
-0.0448625
-0.0424449
-0.0398966
-0.0372419
-0.0345068
-0.0317185
-0.0289053
-0.0260962
-0.0233202
-0.020606
-0.0179815
-0.0154734
-0.0131064
-0.0109029
-0.0088824
-0.00706112
-0.00545128
-0.0040607
-0.00289239
-0.00194405
-0.00120775
-0.000669526
-0.000309163
-9.98182e-05
-7.69287e-06
6.86591e-06
-3.63446e-05
-0.000266981
-0.000793874
-0.00158589
-0.00262887
-0.00391525
-0.00543307
-0.00716704
-0.00909982
-0.0112125
-0.0134853
-0.0158973
-0.018428
-0.0210562
-0.0237615
-0.0265235
-0.0293225
-0.0321389
-0.0349538
-0.0377486
-0.0405051
-0.0432053
-0.0458316
-0.0483666
-0.0507931
-0.0530941
-0.0552532
-0.057254
-0.0590807
-0.0607183
-0.0621521
-0.0633687
-0.0643555
-0.0651013
-0.0655962
-0.0658322
-0.0658028
-0.0655038
-0.0649332
-0.0640913
-0.062981
-0.0616077
-0.0599798
-0.0581083
-0.0560069
-0.0536924
-0.0511839
-0.0485032
-0.0456745
-0.0427242
-0.0396804
-0.0365727
-0.033432
-0.0302897
-0.0271774
-0.0241268
-0.0211684
-0.0183314
-0.0156434
-0.0131291
-0.0108106
-0.00870611
-0.00682985
-0.00519147
-0.00379555
-0.00264126
-0.00172201
-0.00102523
-0.000532074
-0.000217191
-5.04469e-05
-8.0436e-08
-4.70676e-05
-0.000332692
-0.000971998
-0.00191753
-0.00314526
-0.00464184
-0.00639045
-0.0083718
-0.0105654
-0.0129498
-0.0155028
-0.0182021
-0.0210252
-0.0239496
-0.0269533
-0.0300145
-0.0331121
-0.0362252
-0.0393334
-0.0424167
-0.0454554
-0.0484303
-0.0513222
-0.0541123
-0.056782
-0.059313
-0.0616874
-0.0638877
-0.0658969
-0.0676985
-0.069277
-0.0706179
-0.0717076
-0.072534
-0.0730867
-0.0733568
-0.0733375
-0.0730241
-0.0724144
-0.0715085
-0.0703094
-0.0688228
-0.0670574
-0.0650246
-0.0627392
-0.0602185
-0.0574831
-0.054556
-0.051463
-0.0482321
-0.0448934
-0.0414787
-0.0380211
-0.0345544
-0.0311129
-0.0277307
-0.0244411
-0.0212761
-0.0182657
-0.0154376
-0.012816
-0.0104217
-0.00827121
-0.00637622
-0.00474331
-0.00337351
-0.00226205
-0.0013982
-0.000764994
-0.000338998
-9.41765e-05
-6.94115e-06
-5.7345e-05
-0.000396686
-0.0011468
-0.00224448
-0.00365595
-0.00536191
-0.00734041
-0.00956787
-0.0120204
-0.0146736
-0.0175033
-0.0204851
-0.0235947
-0.0268083
-0.0301024
-0.0334542
-0.036841
-0.0402408
-0.0436321
-0.0469935
-0.0503042
-0.0535437
-0.0566915
-0.0597277
-0.0626324
-0.0653862
-0.0679699
-0.0703648
-0.0725529
-0.0745167
-0.0762396
-0.0777061
-0.0789018
-0.0798137
-0.0804306
-0.080743
-0.0807434
-0.0804268
-0.0797904
-0.0788341
-0.0775608
-0.0759762
-0.074089
-0.0719111
-0.0694576
-0.0667466
-0.0637994
-0.0606403
-0.0572963
-0.0537968
-0.0501738
-0.046461
-0.0426935
-0.0389076
-0.03514
-0.0314275
-0.027806
-0.0243103
-0.0209733
-0.0178254
-0.0148936
-0.0122013
-0.00976756
-0.0076066
-0.00572731
-0.00413297
-0.00282102
-0.00178297
-0.00100405
-0.000463022
-0.000138064
-1.36004e-05
-6.71945e-05
-0.000458738
-0.00131727
-0.00256452
-0.00415723
-0.00607012
-0.008276
-0.0107469
-0.0134552
-0.0163737
-0.0194757
-0.0227348
-0.0261252
-0.0296214
-0.0331988
-0.0368332
-0.040501
-0.0441791
-0.0478446
-0.0514755
-0.0550497
-0.0585457
-0.0619419
-0.0652174
-0.0683512
-0.0713229
-0.0741122
-0.0766996
-0.0790657
-0.0811923
-0.0830617
-0.0846576
-0.0859646
-0.086969
-0.0876587
-0.0880234
-0.088055
-0.0877478
-0.0870985
-0.0861065
-0.0847744
-0.0831075
-0.0811144
-0.0788072
-0.0762011
-0.0733146
-0.0701696
-0.0667912
-0.0632075
-0.0594492
-0.0555499
-0.051545
-0.0474718
-0.0433688
-0.0392753
-0.0352305
-0.0312734
-0.0274416
-0.0237711
-0.0202951
-0.0170438
-0.0140437
-0.0113165
-0.00887936
-0.00674389
-0.00491598
-0.00339562
-0.00217687
-0.00124738
-0.000588251
-0.000181783
-2.00316e-05
-7.664e-05
-0.000518743
-0.00148282
-0.00287621
-0.00464655
-0.00676265
-0.00919212
-0.0119024
-0.0148623
-0.0180415
-0.0214108
-0.0249418
-0.0286069
-0.0323794
-0.0362332
-0.0401431
-0.0440844
-0.0480331
-0.0519655
-0.0558585
-0.0596893
-0.0634352
-0.0670742
-0.070584
-0.073943
-0.0771297
-0.0801231
-0.0829026
-0.085448
-0.0877401
-0.0897604
-0.0914916
-0.0929174
-0.0940234
-0.0947963
-0.0952252
-0.0953012
-0.0950176
-0.0943705
-0.0933586
-0.0919838
-0.090251
-0.0881685
-0.0857479
-0.0830044
-0.0799567
-0.0766271
-0.0730411
-0.0692278
-0.065219
-0.0610495
-0.0567567
-0.0523797
-0.0479594
-0.0435375
-0.0391562
-0.0348572
-0.0306815
-0.0266681
-0.0228537
-0.0192718
-0.0159522
-0.0129199
-0.0101954
-0.00779314
-0.00572217
-0.00398529
-0.00257935
-0.00149463
-0.000714528
-0.000225334
-2.62612e-05
-8.57031e-05
-0.000576649
-0.00164306
-0.00317858
-0.00512209
-0.00743669
-0.0100848
-0.0130295
-0.0162357
-0.0196702
-0.0233011
-0.027098
-0.0310316
-0.0350737
-0.0391971
-0.0433756
-0.0475836
-0.051796
-0.0559887
-0.0601375
-0.064219
-0.0682098
-0.072087
-0.0758278
-0.0794096
-0.0828102
-0.0860078
-0.0889809
-0.0917087
-0.0941709
-0.0963483
-0.0982225
-0.0997766
-0.100995
-0.101863
-0.10237
-0.102505
-0.102261
-0.101632
-0.100617
-0.0992173
-0.0974359
-0.0952808
-0.0927633
-0.089898
-0.0867036
-0.0832023
-0.07942
-0.0753864
-0.0711343
-0.0666998
-0.0621218
-0.0574414
-0.0527018
-0.0479474
-0.0432231
-0.038574
-0.0340444
-0.0296768
-0.0255116
-0.0215861
-0.0179337
-0.0145833
-0.0115587
-0.00887814
-0.00655375
-0.00459158
-0.0029915
-0.00174649
-0.0008423
-0.000268937
-3.23477e-05
-9.43988e-05
-0.000632421
-0.00179771
-0.00347087
-0.00558242
-0.00808998
-0.010951
-0.014124
-0.0175704
-0.0212538
-0.0251398
-0.029196
-0.0333913
-0.0376963
-0.0420826
-0.0465229
-0.0509908
-0.0554607
-0.0599074
-0.0643065
-0.0686338
-0.0728653
-0.0769774
-0.0809468
-0.0847503
-0.088365
-0.0917683
-0.0949381
-0.0978527
-0.100491
-0.102833
-0.10486
-0.106553
-0.107896
-0.108874
-0.109473
-0.109684
-0.109496
-0.108904
-0.107904
-0.106497
-0.104686
-0.102476
-0.0998786
-0.0969078
-0.0935815
-0.0899217
-0.0859546
-0.0817099
-0.0772215
-0.0725265
-0.0676653
-0.0626809
-0.0576189
-0.0525264
-0.0474513
-0.0424423
-0.037547
-0.0328122
-0.0282822
-0.0239983
-0.0199982
-0.0163149
-0.0129762
-0.0100043
-0.00741491
-0.00521766
-0.00341558
-0.00200451
-0.000972444
-0.000312964
-3.83691e-05
-0.000102735
-0.000686013
-0.00194652
-0.00375245
-0.00602637
-0.00872064
-0.0117879
-0.0151824
-0.0188619
-0.022787
-0.026921
-0.0312292
-0.0356791
-0.0402398
-0.0448818
-0.049577
-0.0542983
-0.0590193
-0.0637144
-0.0683586
-0.0729272
-0.0773958
-0.0817404
-0.0859369
-0.0899619
-0.0937917
-0.0974034
-0.100774
-0.103881
-0.106703
-0.109219
-0.111409
-0.113253
-0.114734
-0.115837
-0.116545
-0.116848
-0.116735
-0.116199
-0.115234
-0.11384
-0.112018
-0.109772
-0.107114
-0.104055
-0.100612
-0.0968079
-0.0926678
-0.0882219
-0.0835044
-0.0785535
-0.0734108
-0.0681216
-0.0627335
-0.0572964
-0.0518618
-0.0464817
-0.0412079
-0.0360912
-0.0311806
-0.0265219
-0.0221575
-0.0181249
-0.0144565
-0.0111787
-0.00831137
-0.00586789
-0.00385477
-0.00227076
-0.00110614
-0.000357887
-4.44155e-05
-0.000110712
-0.000737364
-0.00208924
-0.00402272
-0.00645282
-0.00932693
-0.0125931
-0.0162014
-0.0201061
-0.024265
-0.0286389
-0.0331913
-0.0378879
-0.0426965
-0.0475869
-0.0525298
-0.0574977
-0.0624636
-0.0674014
-0.0722857
-0.0770915
-0.081794
-0.0863687
-0.0907915
-0.0950382
-0.099085
-0.102908
-0.106484
-0.10979
-0.112804
-0.115504
-0.117868
-0.119876
-0.121511
-0.122754
-0.123589
-0.124004
-0.123985
-0.123525
-0.122616
-0.121255
-0.119443
-0.117183
-0.114483
-0.111353
-0.107812
-0.103878
-0.0995786
-0.0949422
-0.0900036
-0.084802
-0.0793803
-0.0737854
-0.0680674
-0.0622793
-0.0564757
-0.0507126
-0.0450463
-0.039532
-0.0342237
-0.0291724
-0.0244253
-0.0200253
-0.0160098
-0.0124099
-0.00924999
-0.00654757
-0.00431288
-0.00254777
-0.00124479
-0.000404247
-5.05849e-05
-0.000118322
-0.000786391
-0.00222556
-0.00428104
-0.00686068
-0.00990716
-0.0133641
-0.0171778
-0.0212992
-0.0256832
-0.0302883
-0.0350761
-0.0400108
-0.0450592
-0.0501899
-0.055373
-0.0605804
-0.0657846
-0.0709592
-0.0760785
-0.0811173
-0.0860505
-0.0908534
-0.0955016
-0.0999706
-0.104236
-0.108275
-0.112061
-0.115573
-0.118787
-0.121681
-0.124231
-0.126418
-0.128221
-0.129622
-0.130603
-0.131148
-0.131245
-0.130882
-0.130051
-0.128746
-0.126967
-0.124713
-0.121992
-0.118814
-0.115192
-0.111146
-0.106701
-0.101886
-0.0967359
-0.09129
-0.0855925
-0.079692
-0.0736411
-0.0674955
-0.0613136
-0.0551555
-0.0490819
-0.0431535
-0.0374292
-0.0319659
-0.0268164
-0.0220293
-0.0176475
-0.0137074
-0.0102385
-0.00726264
-0.00479421
-0.00283834
-0.00138993
-0.000452635
-5.69793e-05
-0.000125555
-0.000832991
-0.00235518
-0.00452673
-0.0072488
-0.0104596
-0.0140987
-0.0181087
-0.0224373
-0.0270368
-0.0318635
-0.0368774
-0.0420411
-0.0473203
-0.0526826
-0.0580978
-0.063537
-0.0689725
-0.0743777
-0.0797266
-0.0849938
-0.0901542
-0.0951831
-0.100056
-0.104748
-0.109234
-0.113491
-0.117494
-0.121218
-0.124641
-0.127739
-0.130489
-0.132868
-0.134855
-0.136431
-0.137576
-0.138272
-0.138506
-0.138263
-0.137533
-0.136308
-0.134585
-0.132362
-0.129644
-0.126437
-0.122755
-0.118616
-0.114043
-0.109064
-0.103713
-0.0980314
-0.0920631
-0.0858585
-0.0794726
-0.072964
-0.0663949
-0.0598298
-0.0533343
-0.0469744
-0.0408151
-0.0349193
-0.0293462
-0.0241506
-0.0193815
-0.0150814
-0.011285
-0.0080195
-0.00530341
-0.00314551
-0.00154321
-0.00050367
-6.37039e-05
-0.00013239
-0.000877037
-0.00247772
-0.00475908
-0.007616
-0.0109826
-0.0147945
-0.0189908
-0.0235164
-0.0283212
-0.0333593
-0.0385889
-0.0439716
-0.0494718
-0.0550565
-0.0606949
-0.0663576
-0.0720168
-0.0776456
-0.0832181
-0.0887088
-0.0940925
-0.0993445
-0.10444
-0.109355
-0.114063
-0.118542
-0.122765
-0.12671
-0.13035
-0.133662
-0.136623
-0.139208
-0.141396
-0.143164
-0.144492
-0.145361
-0.145754
-0.145654
-0.145049
-0.14393
-0.142288
-0.140121
-0.137429
-0.134219
-0.1305
-0.126289
-0.121606
-0.116479
-0.110942
-0.105035
-0.0988032
-0.0922981
-0.0855768
-0.0787012
-0.0717372
-0.0647537
-0.0578217
-0.0510131
-0.0443993
-0.0380497
-0.0320305
-0.0264035
-0.0212245
-0.0165425
-0.0123985
-0.00882488
-0.00584533
-0.00347244
-0.00170636
-0.000557995
-7.08653e-05
-0.000138808
-0.000918385
-0.00259276
-0.00497731
-0.00796102
-0.0114742
-0.0154489
-0.0198211
-0.0245328
-0.0295317
-0.03477
-0.0402043
-0.0457951
-0.0515058
-0.0573027
-0.0631546
-0.0690317
-0.0749061
-0.0807509
-0.0865401
-0.0922483
-0.0978506
-0.103322
-0.108638
-0.113775
-0.118706
-0.123409
-0.127857
-0.132026
-0.135892
-0.139428
-0.142611
-0.145416
-0.14782
-0.149798
-0.151329
-0.152391
-0.152965
-0.153032
-0.152578
-0.151589
-0.150055
-0.147971
-0.145334
-0.142146
-0.138415
-0.134155
-0.129385
-0.12413
-0.118424
-0.112305
-0.105819
-0.0990193
-0.0919649
-0.0847203
-0.0773552
-0.0699433
-0.0625612
-0.055287
-0.0481988
-0.0413735
-0.0348848
-0.0288022
-0.023189
-0.0181015
-0.0135875
-0.0096857
-0.00642497
-0.00382239
-0.00188114
-0.000616264
-7.85711e-05
-0.000144781
-0.000956876
-0.00269989
-0.00518057
-0.00828254
-0.0119326
-0.0160595
-0.0205962
-0.0254824
-0.0306635
-0.03609
-0.0417171
-0.0475042
-0.0534139
-0.059412
-0.0654666
-0.0715481
-0.0776283
-0.0836804
-0.0896784
-0.0955973
-0.101412
-0.107099
-0.112632
-0.117988
-0.123142
-0.12807
-0.132746
-0.137145
-0.141242
-0.145011
-0.148427
-0.151464
-0.154098
-0.156303
-0.158055
-0.159331
-0.160108
-0.160367
-0.160089
-0.159258
-0.15786
-0.155887
-0.153332
-0.150195
-0.14648
-0.142198
-0.137366
-0.132006
-0.12615
-0.119836
-0.11311
-0.106025
-0.098643
-0.0910302
-0.0832603
-0.075412
-0.0675675
-0.0598115
-0.0522296
-0.0449065
-0.0379242
-0.0313607
-0.0252876
-0.0197694
-0.0148613
-0.010609
-0.00704743
-0.00419866
-0.00206934
-0.000679142
-8.69297e-05
-0.000150282
-0.00099234
-0.00279863
-0.00536802
-0.00857922
-0.0123558
-0.0166237
-0.021313
-0.0263612
-0.0317117
-0.0373136
-0.0431207
-0.0490914
-0.0551877
-0.0613747
-0.0676205
-0.0738951
-0.0801705
-0.08642
-0.0926179
-0.0987392
-0.10476
-0.110655
-0.116401
-0.121973
-0.127348
-0.1325
-0.137405
-0.142036
-0.14637
-0.150379
-0.154037
-0.157318
-0.160195
-0.162642
-0.164633
-0.166143
-0.167146
-0.16762
-0.167544
-0.166898
-0.165665
-0.163832
-0.16139
-0.158335
-0.154667
-0.150393
-0.145526
-0.140088
-0.134106
-0.127618
-0.12067
-0.113313
-0.105612
-0.0976349
-0.0894596
-0.0811694
-0.0728523
-0.0646
-0.0565058
-0.0486631
-0.041163
-0.0340924
-0.0275326
-0.0215567
-0.0162286
-0.0116016
-0.0077178
-0.00460458
-0.00227277
-0.000747297
-9.605e-05
-0.000155282
-0.0010246
-0.00288852
-0.0055388
-0.00884971
-0.012742
-0.0171389
-0.0219682
-0.0271652
-0.0326717
-0.0384352
-0.0444086
-0.0505492
-0.0568185
-0.0631814
-0.0696054
-0.0760608
-0.0825195
-0.0889551
-0.0953422
-0.101656
-0.107873
-0.11397
-0.119921
-0.125705
-0.131296
-0.13667
-0.141803
-0.146669
-0.151242
-0.155495
-0.159402
-0.162936
-0.166069
-0.168772
-0.171018
-0.17278
-0.174031
-0.174744
-0.174895
-0.174461
-0.173422
-0.171761
-0.169464
-0.166524
-0.162935
-0.158702
-0.153833
-0.148347
-0.142268
-0.135632
-0.128482
-0.120872
-0.112865
-0.104533
-0.0959551
-0.0872208
-0.0784237
-0.0696627
-0.0610394
-0.0526562
-0.044614
-0.03701
-0.0299355
-0.0234737
-0.0176981
-0.0126707
-0.00844114
-0.00504349
-0.00249323
-0.000821399
-0.000106042
-0.00015975
-0.00105349
-0.00296909
-0.00569203
-0.00909268
-0.0130893
-0.0176027
-0.0225586
-0.0278905
-0.0335386
-0.0394492
-0.0455741
-0.05187
-0.0582978
-0.064822
-0.0714102
-0.0780326
-0.0846614
-0.0912704
-0.0978346
-0.10433
-0.110733
-0.117021
-0.12317
-0.129157
-0.134959
-0.140551
-0.145908
-0.151007
-0.155819
-0.16032
-0.164481
-0.168275
-0.171671
-0.174643
-0.177159
-0.17919
-0.180707
-0.181682
-0.182085
-0.181891
-0.181076
-0.179619
-0.177501
-0.174709
-0.171236
-0.167079
-0.162244
-0.156744
-0.150601
-0.143847
-0.136524
-0.128683
-0.120389
-0.111714
-0.102743
-0.0935664
-0.0842856
-0.0750065
-0.0658394
-0.0568963
-0.0482887
-0.0401248
-0.0325073
-0.0255304
-0.0192783
-0.0138228
-0.00922244
-0.00551868
-0.00273254
-0.000902123
-0.000117016
-0.000163657
-0.00107883
-0.0030399
-0.00582691
-0.00930685
-0.0133958
-0.0180127
-0.0230812
-0.0285333
-0.0343079
-0.0403501
-0.046611
-0.0530464
-0.059617
-0.066287
-0.073024
-0.0797982
-0.0865822
-0.0933502
-0.100078
-0.106741
-0.113318
-0.119785
-0.126121
-0.132302
-0.138305
-0.144108
-0.149684
-0.155011
-0.160062
-0.164809
-0.169226
-0.173283
-0.176951
-0.180199
-0.182997
-0.185313
-0.187114
-0.18837
-0.18905
-0.189123
-0.188561
-0.187339
-0.185434
-0.182829
-0.179509
-0.175468
-0.170706
-0.165231
-0.159062
-0.152225
-0.144761
-0.136719
-0.128162
-0.119164
-0.109811
-0.1002
-0.0904366
-0.0806338
-0.0709112
-0.061391
-0.052196
-0.0434466
-0.0352576
-0.0277358
-0.020977
-0.0150644
-0.0100666
-0.0060334
-0.00299247
-0.000990139
-0.000129083
-0.000166976
-0.00110047
-0.00310055
-0.00594267
-0.00949106
-0.01366
-0.0183666
-0.0235332
-0.0290902
-0.0349754
-0.0411329
-0.0475131
-0.0540714
-0.060768
-0.0675669
-0.0744359
-0.0813453
-0.0882681
-0.0951789
-0.102054
-0.10887
-0.115606
-0.122239
-0.128747
-0.135109
-0.141303
-0.147306
-0.153093
-0.158641
-0.163923
-0.168914
-0.173585
-0.177906
-0.181849
-0.18538
-0.188469
-0.191081
-0.193182
-0.194738
-0.195715
-0.196081
-0.195801
-0.194847
-0.19319
-0.190808
-0.187682
-0.183798
-0.179152
-0.173746
-0.167592
-0.160715
-0.153148
-0.14494
-0.136151
-0.126856
-0.117143
-0.10711
-0.0968694
-0.0865421
-0.0762563
-0.066145
-0.0563429
-0.0469834
-0.038195
-0.0300981
-0.0228018
-0.0164018
-0.0109783
-0.00659081
-0.00327481
-0.00108612
-0.000142358
-0.000169683
-0.00111827
-0.00315066
-0.00603867
-0.00964429
-0.0138804
-0.0186627
-0.0239122
-0.0295581
-0.0355372
-0.041793
-0.048275
-0.0549384
-0.0617429
-0.0686527
-0.0756355
-0.082662
-0.0897054
-0.096741
-0.103746
-0.110697
-0.117574
-0.124356
-0.131022
-0.13755
-0.14392
-0.150109
-0.156095
-0.161853
-0.167358
-0.172585
-0.177504
-0.182087
-0.186304
-0.190121
-0.193505
-0.196422
-0.198834
-0.200707
-0.202002
-0.202682
-0.202712
-0.202057
-0.200683
-0.198563
-0.195672
-0.19199
-0.187505
-0.182215
-0.176125
-0.169254
-0.16163
-0.153298
-0.144316
-0.134757
-0.124709
-0.114274
-0.10357
-0.0927231
-0.0818714
-0.0711588
-0.060733
-0.0507411
-0.0413264
-0.0326244
-0.0247592
-0.0178407
-0.0119619
-0.00719401
-0.00358128
-0.00119073
-0.000156955
-0.000171757
-0.00113212
-0.00318995
-0.00611437
-0.00976572
-0.0140558
-0.0188992
-0.0242159
-0.0299342
-0.03599
-0.0423262
-0.0488918
-0.0556414
-0.0625348
-0.0695361
-0.0766131
-0.0837368
-0.090881
-0.0980214
-0.105136
-0.112203
-0.119202
-0.126113
-0.132917
-0.139593
-0.146121
-0.15248
-0.158648
-0.164602
-0.170318
-0.175769
-0.180927
-0.185765
-0.190251
-0.194352
-0.198033
-0.201259
-0.203992
-0.206192
-0.207821
-0.208838
-0.209202
-0.208876
-0.20782
-0.206
-0.203386
-0.199952
-0.195678
-0.190555
-0.184581
-0.177768
-0.170139
-0.161732
-0.152602
-0.14282
-0.132473
-0.121665
-0.110517
-0.099162
-0.0877476
-0.0764288
-0.0653664
-0.0547225
-0.0446566
-0.0353206
-0.0268552
-0.0193863
-0.0130218
-0.00784594
-0.00391358
-0.00130464
-0.000172992
-0.000173183
-0.00114194
-0.00321822
-0.0061694
-0.00985477
-0.0141854
-0.0190751
-0.024443
-0.0302166
-0.0363313
-0.0427293
-0.0493592
-0.0561755
-0.0631376
-0.0702096
-0.0773598
-0.0845594
-0.0917826
-0.0990061
-0.106208
-0.113368
-0.120467
-0.127486
-0.134406
-0.141208
-0.147874
-0.154383
-0.160714
-0.166845
-0.172753
-0.178413
-0.183797
-0.188878
-0.193623
-0.198001
-0.201976
-0.205512
-0.208568
-0.211106
-0.213081
-0.214451
-0.215173
-0.215202
-0.214496
-0.213015
-0.210721
-0.207581
-0.20357
-0.198668
-0.192867
-0.18617
-0.178594
-0.17017
-0.160946
-0.15099
-0.140387
-0.129243
-0.117679
-0.105836
-0.0938699
-0.081946
-0.0702393
-0.0589279
-0.0481883
-0.0381908
-0.0290945
-0.0210432
-0.0141618
-0.00854942
-0.00427337
-0.0014285
-0.000190587
-0.000173954
-0.00114769
-0.00323537
-0.00620359
-0.00991116
-0.0142687
-0.0191896
-0.0245924
-0.030404
-0.0365593
-0.043
-0.0496743
-0.0565365
-0.0635461
-0.0706671
-0.077868
-0.0851205
-0.0923995
-0.0996821
-0.106948
-0.114176
-0.12135
-0.128452
-0.135463
-0.142367
-0.149145
-0.15578
-0.16225
-0.168536
-0.174616
-0.180464
-0.186055
-0.191362
-0.196354
-0.200997
-0.205258
-0.209098
-0.212477
-0.215354
-0.217684
-0.219422
-0.220519
-0.220928
-0.220603
-0.219496
-0.217564
-0.214767
-0.21107
-0.206447
-0.20088
-0.194363
-0.186903
-0.178525
-0.16927
-0.159199
-0.148394
-0.136959
-0.125018
-0.112716
-0.100216
-0.0876958
-0.0753434
-0.0633535
-0.0519215
-0.0412375
-0.0314808
-0.0228154
-0.0153854
-0.00930705
-0.00466223
-0.00156297
-0.000209862
-0.000174069
-0.00114937
-0.00324143
-0.00621701
-0.00993497
-0.0143059
-0.0192429
-0.0246641
-0.0304961
-0.0366732
-0.043137
-0.0498352
-0.056722
-0.0637567
-0.0709038
-0.0781316
-0.0854126
-0.0927221
-0.100038
-0.107341
-0.114611
-0.121833
-0.128989
-0.136064
-0.143041
-0.149904
-0.156636
-0.163219
-0.169633
-0.175858
-0.18187
-0.187645
-0.193157
-0.198375
-0.203267
-0.207799
-0.211934
-0.21563
-0.218845
-0.221533
-0.223645
-0.225132
-0.225943
-0.226024
-0.225325
-0.223796
-0.221388
-0.218059
-0.213773
-0.208504
-0.202234
-0.194962
-0.186701
-0.177485
-0.167367
-0.156423
-0.144754
-0.132485
-0.119762
-0.106757
-0.0936572
-0.0806649
-0.0679919
-0.0558534
-0.0444608
-0.0340162
-0.0247058
-0.0166955
-0.0101212
-0.00508165
-0.00170867
-0.000230942
-0.000173536
-0.00114707
-0.0032366
-0.00620998
-0.00992669
-0.0142975
-0.0192355
-0.0246587
-0.0304933
-0.0366735
-0.0431403
-0.0498414
-0.0567306
-0.0637675
-0.0709165
-0.0781463
-0.0854298
-0.092743
-0.100065
-0.107376
-0.114659
-0.121899
-0.129079
-0.136187
-0.143206
-0.150122
-0.156921
-0.163584
-0.170095
-0.176435
-0.182582
-0.188513
-0.194202
-0.199622
-0.204741
-0.209525
-0.213938
-0.217939
-0.221484
-0.224527
-0.227017
-0.228903
-0.23013
-0.230642
-0.230381
-0.229291
-0.227317
-0.224409
-0.220521
-0.215615
-0.209663
-0.202654
-0.194588
-0.185489
-0.175401
-0.164392
-0.152557
-0.140018
-0.126926
-0.113455
-0.0998021
-0.0861843
-0.0728309
-0.0599773
-0.0478586
-0.0367012
-0.0267164
-0.0180946
-0.0109941
-0.00553305
-0.00186623
-0.000253953
-0.000172375
-0.00114089
-0.00322121
-0.00618316
-0.00988729
-0.0142449
-0.0191691
-0.024578
-0.0303977
-0.0365619
-0.0430115
-0.049694
-0.0565631
-0.0635783
-0.0707041
-0.0779098
-0.0851685
-0.092457
-0.0997548
-0.107044
-0.114308
-0.121534
-0.128706
-0.135812
-0.142839
-0.149774
-0.156603
-0.163312
-0.169885
-0.176305
-0.182552
-0.188606
-0.194441
-0.200033
-0.205351
-0.210363
-0.215032
-0.219319
-0.22318
-0.226569
-0.229435
-0.231723
-0.233376
-0.234335
-0.234537
-0.233921
-0.232424
-0.229987
-0.226555
-0.222079
-0.21652
-0.209853
-0.202066
-0.19317
-0.183198
-0.172207
-0.160285
-0.147549
-0.134149
-0.120262
-0.106095
-0.091876
-0.0778531
-0.0642832
-0.0514259
-0.0395344
-0.028848
-0.0195843
-0.0119273
-0.00601768
-0.00203624
-0.000279022
-0.000170618
-0.00113104
-0.00319581
-0.00613752
-0.00981826
-0.01415
-0.0190461
-0.0244249
-0.0302122
-0.0363417
-0.0427538
-0.0493961
-0.056222
-0.063191
-0.0702679
-0.0774221
-0.0846275
-0.0918614
-0.0991043
-0.106339
-0.113551
-0.120727
-0.127855
-0.134923
-0.141921
-0.148836
-0.155658
-0.162374
-0.16897
-0.175431
-0.18174
-0.187878
-0.193824
-0.199552
-0.205035
-0.210243
-0.215141
-0.21969
-0.223847
-0.227567
-0.230798
-0.233484
-0.235568
-0.236985
-0.23767
-0.237556
-0.236574
-0.234656
-0.231737
-0.227757
-0.222666
-0.216422
-0.209003
-0.200403
-0.190641
-0.179762
-0.167843
-0.154994
-0.141361
-0.127122
-0.112491
-0.097707
-0.0830358
-0.0687563
-0.0551544
-0.0425124
-0.0311
-0.0211657
-0.0129224
-0.00653669
-0.00221926
-0.00030628
-0.000168307
-0.00111779
-0.00316115
-0.00607447
-0.0097217
-0.0140156
-0.0188701
-0.0242035
-0.0299416
-0.0360178
-0.0423724
-0.0489527
-0.055712
-0.0626099
-0.0696113
-0.0766861
-0.0838084
-0.0909565
-0.0981118
-0.105258
-0.112382
-0.119473
-0.126518
-0.133509
-0.140437
-0.147292
-0.154064
-0.160745
-0.167321
-0.173781
-0.180109
-0.18629
-0.192304
-0.198128
-0.203739
-0.209106
-0.214198
-0.218978
-0.223406
-0.227434
-0.231013
-0.234088
-0.236597
-0.238477
-0.239659
-0.240069
-0.239634
-0.238277
-0.235925
-0.232506
-0.227956
-0.222221
-0.215261
-0.207054
-0.197604
-0.18694
-0.175126
-0.162261
-0.148483
-0.133969
-0.118937
-0.103637
-0.0883498
-0.0733772
-0.0590324
-0.045629
-0.0334702
-0.0228386
-0.0139802
-0.00709102
-0.00241581
-0.000335857
-0.000165501
-0.00110152
-0.00311822
-0.0059958
-0.00960036
-0.0138455
-0.0186457
-0.0239193
-0.029592
-0.035597
-0.0418744
-0.0483711
-0.0550405
-0.0618421
-0.0687409
-0.0757072
-0.0827159
-0.0897458
-0.0967793
-0.103802
-0.110801
-0.117766
-0.124689
-0.131562
-0.138377
-0.145128
-0.151807
-0.158406
-0.164917
-0.171329
-0.177631
-0.183808
-0.189844
-0.19572
-0.201413
-0.206899
-0.212146
-0.21712
-0.221783
-0.226092
-0.229995
-0.23344
-0.236365
-0.238704
-0.240387
-0.241337
-0.241474
-0.240715
-0.238978
-0.23618
-0.232244
-0.2271
-0.220692
-0.212981
-0.203951
-0.193615
-0.182017
-0.169244
-0.155423
-0.140727
-0.125372
-0.109618
-0.0937596
-0.0781213
-0.0630444
-0.0488756
-0.0359547
-0.0246023
-0.0151012
-0.00768141
-0.00262638
-0.000367884
-0.000162274
-0.00108268
-0.00306828
-0.00590383
-0.00945773
-0.0136445
-0.0183789
-0.0235794
-0.0291716
-0.0350883
-0.0412693
-0.0476612
-0.0542173
-0.0608971
-0.0676658
-0.0744943
-0.0813578
-0.0882361
-0.0951125
-0.101974
-0.108809
-0.115609
-0.122368
-0.129079
-0.135737
-0.142338
-0.148876
-0.155346
-0.161742
-0.168057
-0.174282
-0.180406
-0.186415
-0.192293
-0.198022
-0.203578
-0.208934
-0.214061
-0.218921
-0.223473
-0.22767
-0.231459
-0.23478
-0.237567
-0.239748
-0.241245
-0.241972
-0.241841
-0.24076
-0.238637
-0.235382
-0.230911
-0.225148
-0.218037
-0.20954
-0.199649
-0.188389
-0.175829
-0.162081
-0.147308
-0.131724
-0.115593
-0.0992225
-0.0829584
-0.0671705
-0.0522404
-0.0385476
-0.0264544
-0.0162852
-0.00830836
-0.00285138
-0.00040249
-0.000158718
-0.00106185
-0.00301288
-0.00580139
-0.00929812
-0.0134183
-0.018077
-0.0231926
-0.0286903
-0.0345026
-0.0405688
-0.0468353
-0.0532551
-0.0597877
-0.0663988
-0.0730593
-0.0797455
-0.0864378
-0.093121
-0.0997827
-0.106414
-0.113007
-0.119558
-0.126062
-0.132516
-0.138919
-0.145267
-0.151558
-0.157789
-0.163955
-0.17005
-0.176067
-0.181996
-0.187824
-0.193535
-0.199111
-0.204528
-0.209758
-0.214769
-0.219523
-0.223976
-0.228076
-0.231766
-0.234982
-0.237649
-0.23969
-0.241015
-0.241531
-0.241141
-0.239741
-0.237229
-0.233505
-0.228478
-0.22207
-0.21422
-0.204899
-0.194107
-0.18189
-0.168343
-0.153615
-0.137911
-0.121496
-0.104688
-0.0878523
-0.0713863
-0.0557086
-0.0412408
-0.0283916
-0.0175313
-0.00897212
-0.00309118
-0.000439805
-0.000154944
-0.00103972
-0.00295387
-0.0056919
-0.00912673
-0.0131741
-0.017749
-0.0227696
-0.0281605
-0.0338536
-0.0397877
-0.0459087
-0.0521696
-0.0585299
-0.0649554
-0.0714178
-0.0778939
-0.0843654
-0.090818
-0.097241
-0.103627
-0.10997
-0.116268
-0.122518
-0.128721
-0.134876
-0.140983
-0.147043
-0.153055
-0.159018
-0.164929
-0.170785
-0.176578
-0.182299
-0.187938
-0.193478
-0.198901
-0.204182
-0.209294
-0.214202
-0.218865
-0.223237
-0.227261
-0.230876
-0.23401
-0.236582
-0.238504
-0.239678
-0.240001
-0.239361
-0.237645
-0.234739
-0.230533
-0.224928
-0.217842
-0.209216
-0.199028
-0.187296
-0.174091
-0.159542
-0.143843
-0.127254
-0.1101
-0.0927603
-0.0756624
-0.0592615
-0.0440241
-0.030409
-0.018838
-0.00967261
-0.00334605
-0.000479953
-0.000151084
-0.0010171
-0.0028935
-0.00557946
-0.00894976
-0.0129202
-0.0174055
-0.022323
-0.0275965
-0.0331572
-0.0389431
-0.0448998
-0.0509798
-0.0571429
-0.0633552
-0.0695889
-0.0758219
-0.082037
-0.0882211
-0.0943652
-0.100463
-0.106512
-0.112511
-0.118461
-0.124362
-0.130219
-0.136033
-0.141809
-0.147548
-0.153252
-0.158923
-0.16456
-0.170159
-0.175717
-0.181224
-0.186671
-0.192042
-0.197318
-0.202475
-0.207484
-0.212308
-0.216903
-0.22122
-0.225197
-0.228766
-0.231849
-0.234355
-0.236187
-0.237235
-0.237382
-0.236505
-0.234476
-0.231169
-0.226463
-0.220252
-0.212451
-0.203006
-0.191906
-0.179194
-0.164973
-0.14942
-0.132784
-0.115391
-0.0976335
-0.0799646
-0.0628769
-0.0468845
-0.0325003
-0.020203
-0.0104095
-0.00361621
-0.000523058
-0.000147294
-0.000994984
-0.00283439
-0.0054689
-0.00877456
-0.0126667
-0.017059
-0.0218678
-0.0270156
-0.0324324
-0.0380556
-0.0438299
-0.0497079
-0.0556493
-0.0616208
-0.0675954
-0.0735519
-0.0794744
-0.0853515
-0.091176
-0.0969437
-0.102654
-0.108307
-0.113907
-0.119457
-0.124964
-0.130433
-0.13587
-0.141281
-0.146671
-0.152044
-0.157404
-0.162751
-0.168084
-0.173401
-0.178694
-0.183953
-0.189164
-0.194308
-0.19936
-0.204288
-0.209054
-0.213613
-0.217908
-0.221874
-0.225435
-0.228503
-0.23098
-0.232754
-0.233703
-0.233696
-0.232593
-0.230252
-0.226533
-0.221304
-0.214451
-0.20589
-0.195576
-0.183516
-0.169786
-0.154535
-0.137996
-0.120489
-0.102416
-0.0842529
-0.0665287
-0.0498066
-0.0346576
-0.021623
-0.011182
-0.00390179
-0.000569244
-0.00014376
-0.000974513
-0.00277966
-0.00536591
-0.00860972
-0.0124251
-0.0167242
-0.0214213
-0.0264375
-0.0317012
-0.0371486
-0.042724
-0.0483797
-0.0540755
-0.0597788
-0.0654636
-0.07111
-0.0767035
-0.0822347
-0.087698
-0.0930918
-0.0984172
-0.103678
-0.108879
-0.114029
-0.119134
-0.124204
-0.129248
-0.134276
-0.139294
-0.144312
-0.149337
-0.154372
-0.159421
-0.164486
-0.169564
-0.174649
-0.179733
-0.184801
-0.189835
-0.194807
-0.199687
-0.204431
-0.208992
-0.213307
-0.217305
-0.220901
-0.223999
-0.226486
-0.228239
-0.229119
-0.228978
-0.227659
-0.225003
-0.220855
-0.215071
-0.207532
-0.198158
-0.186918
-0.17385
-0.15907
-0.142789
-0.125312
-0.107046
-0.0884823
-0.0701867
-0.052772
-0.0368713
-0.0230941
-0.0119891
-0.00420283
-0.000618629
-0.000140698
-0.00095704
-0.00273295
-0.00527714
-0.00846528
-0.0122091
-0.016418
-0.0210038
-0.0258852
-0.0309887
-0.0362493
-0.0416105
-0.0470244
-0.0524513
-0.0578593
-0.0632236
-0.0685259
-0.0737536
-0.0788993
-0.0839598
-0.0889356
-0.0938305
-0.0986508
-0.103405
-0.108102
-0.112754
-0.117373
-0.12197
-0.126559
-0.13115
-0.135755
-0.140386
-0.14505
-0.149755
-0.154507
-0.159307
-0.164156
-0.16905
-0.173979
-0.17893
-0.183884
-0.188813
-0.193683
-0.198449
-0.203058
-0.207443
-0.211524
-0.215207
-0.218383
-0.220927
-0.222697
-0.223539
-0.223283
-0.221753
-0.218772
-0.214168
-0.207786
-0.199506
-0.189256
-0.177029
-0.162904
-0.147057
-0.129774
-0.111453
-0.0926022
-0.0738166
-0.0557599
-0.0391302
-0.0246115
-0.0128294
-0.00451932
-0.000671336
-0.000138363
-0.000944153
-0.00269853
-0.00521036
-0.00835293
-0.0120343
-0.01616
-0.0206382
-0.0253847
-0.0303236
-0.0353882
-0.0405213
-0.045675
-0.05081
-0.0558956
-0.0609086
-0.0658326
-0.0706572
-0.0753775
-0.0799927
-0.0845062
-0.0889245
-0.0932566
-0.0975139
-0.101709
-0.105856
-0.109971
-0.114068
-0.118162
-0.122271
-0.126407
-0.130586
-0.134821
-0.139122
-0.1435
-0.147962
-0.152512
-0.157151
-0.161876
-0.16668
-0.171549
-0.176462
-0.181391
-0.186301
-0.191141
-0.195854
-0.200366
-0.204587
-0.208414
-0.211722
-0.214371
-0.2162
-0.217032
-0.216677
-0.214936
-0.21161
-0.20651
-0.199475
-0.190385
-0.179186
-0.165909
-0.150687
-0.133777
-0.115564
-0.0965563
-0.0773798
-0.0587462
-0.0414215
-0.0261695
-0.0137013
-0.00485119
-0.00072749
-0.00013706
-0.000937725
-0.00268142
-0.00517468
-0.0082863
-0.0119189
-0.0159727
-0.0203512
-0.0249659
-0.0297383
-0.0345998
-0.0394923
-0.0443679
-0.0491884
-0.0539246
-0.0585551
-0.063066
-0.0674497
-0.0717039
-0.0758309
-0.0798372
-0.0837323
-0.0875284
-0.0912399
-0.0948827
-0.0984741
-0.102032
-0.105576
-0.109124
-0.112694
-0.116307
-0.119978
-0.123726
-0.127565
-0.13151
-0.135572
-0.139761
-0.144083
-0.148539
-0.15313
-0.157846
-0.162675
-0.167596
-0.172579
-0.177584
-0.18256
-0.18744
-0.192143
-0.19657
-0.200603
-0.204102
-0.206907
-0.208835
-0.209685
-0.209241
-0.207277
-0.203573
-0.197923
-0.190162
-0.180179
-0.167951
-0.153561
-0.137222
-0.119294
-0.100283
-0.0808339
-0.0617046
-0.0437307
-0.0277617
-0.0146029
-0.00519834
-0.000787229
-0.000137148
-0.000939974
-0.00268755
-0.00518077
-0.00828126
-0.0118841
-0.0158822
-0.0201727
-0.0246625
-0.0292692
-0.0339222
-0.0385628
-0.0431432
-0.0476266
-0.0519858
-0.056202
-0.0602643
-0.0641682
-0.0679149
-0.0715102
-0.0749638
-0.0782888
-0.0815008
-0.0846174
-0.087658
-0.090643
-0.0935938
-0.0965324
-0.0994809
-0.102461
-0.105496
-0.108605
-0.111811
-0.115132
-0.118586
-0.122189
-0.125956
-0.129898
-0.134022
-0.138333
-0.14283
-0.147506
-0.152348
-0.157333
-0.162431
-0.167597
-0.172776
-0.177894
-0.182861
-0.187565
-0.191873
-0.195626
-0.19864
-0.200707
-0.201596
-0.201062
-0.198851
-0.194719
-0.188447
-0.179868
-0.168896
-0.155553
-0.14
-0.122557
-0.103716
-0.084132
-0.0646056
-0.0460418
-0.0293812
-0.0155321
-0.0055607
-0.000850709
-0.000139062
-0.000953545
-0.00272392
-0.0052412
-0.00835637
-0.0119542
-0.0159182
-0.0201374
-0.0245124
-0.0289569
-0.0333979
-0.0377759
-0.0420441
-0.0461674
-0.0501212
-0.0538902
-0.057467
-0.0608512
-0.0640477
-0.0670665
-0.0699212
-0.0726286
-0.0752081
-0.0776808
-0.0800697
-0.0823984
-0.0846917
-0.0869748
-0.0892731
-0.0916119
-0.0940166
-0.0965118
-0.0991217
-0.101869
-0.104777
-0.107865
-0.111151
-0.114652
-0.118382
-0.122349
-0.12656
-0.131013
-0.135705
-0.140619
-0.145735
-0.151017
-0.156419
-0.161878
-0.167314
-0.172624
-0.177684
-0.18234
-0.186411
-0.189688
-0.191929
-0.192872
-0.192236
-0.189736
-0.185104
-0.178112
-0.168605
-0.156535
-0.141997
-0.125259
-0.106782
-0.0872235
-0.0674175
-0.0483377
-0.0310206
-0.0164869
-0.00593828
-0.000918122
-0.000143329
-0.000981617
-0.0027989
-0.00537083
-0.00853338
-0.0121576
-0.0161149
-0.020284
-0.0245583
-0.0288463
-0.0330729
-0.0371781
-0.0411165
-0.0448555
-0.0483741
-0.0516612
-0.0547139
-0.0575365
-0.0601386
-0.0625348
-0.0647431
-0.0667847
-0.0686828
-0.0704625
-0.0721502
-0.0737733
-0.0753597
-0.076938
-0.0785366
-0.0801842
-0.0819091
-0.0837395
-0.0857027
-0.0878254
-0.0901332
-0.0926507
-0.0954004
-0.0984031
-0.101677
-0.105238
-0.109096
-0.11326
-0.117729
-0.122499
-0.127556
-0.132875
-0.138421
-0.144141
-0.149967
-0.155808
-0.161551
-0.167051
-0.172135
-0.176593
-0.180184
-0.18263
-0.183628
-0.182859
-0.180005
-0.174775
-0.166941
-0.156376
-0.143095
-0.1273
-0.109405
-0.0900535
-0.0701056
-0.0506
-0.0326722
-0.0174655
-0.00633128
-0.000989712
-0.000150597
-0.00102804
-0.00292252
-0.00558732
-0.00883783
-0.0125274
-0.0165116
-0.0206569
-0.0248476
-0.028987
-0.0329974
-0.0368189
-0.0404084
-0.0437368
-0.0467879
-0.0495558
-0.0520431
-0.0542597
-0.0562209
-0.0579463
-0.0594593
-0.0607854
-0.0619524
-0.0629895
-0.0639268
-0.0647952
-0.0656262
-0.0664512
-0.0673021
-0.0682105
-0.0692077
-0.0703248
-0.0715924
-0.0730405
-0.0746981
-0.0765932
-0.0787525
-0.081201
-0.0839618
-0.0870551
-0.0904983
-0.0943047
-0.0984828
-0.103035
-0.107957
-0.113233
-0.11884
-0.124737
-0.130868
-0.137157
-0.143502
-0.149773
-0.155807
-0.161403
-0.166319
-0.170272
-0.172944
-0.173982
-0.173026
-0.169722
-0.163765
-0.15494
-0.14317
-0.128573
-0.1115
-0.092563
-0.0726333
-0.0528094
-0.0343286
-0.0184664
-0.00674018
-0.0010658
-0.00016167
-0.00109752
-0.00310691
-0.00591176
-0.00929991
-0.0131017
-0.0171533
-0.0213058
-0.0254331
-0.0294326
-0.0332244
-0.0367497
-0.0399684
-0.0428567
-0.0454043
-0.0476118
-0.0494888
-0.0510516
-0.0523221
-0.053326
-0.0540922
-0.0546516
-0.0550365
-0.0552805
-0.0554177
-0.0554826
-0.0555099
-0.0555344
-0.0555906
-0.0557132
-0.0559364
-0.056294
-0.0568195
-0.0575457
-0.0585048
-0.0597282
-0.0612462
-0.0630877
-0.06528
-0.0678483
-0.0708154
-0.0742007
-0.0780196
-0.0822824
-0.086993
-0.0921474
-0.0977315
-0.103719
-0.110066
-0.116713
-0.123572
-0.130531
-0.137439
-0.144109
-0.150306
-0.155749
-0.160109
-0.163011
-0.164052
-0.162822
-0.158937
-0.152087
-0.142092
-0.128967
-0.112979
-0.0946883
-0.0749611
-0.054946
-0.0359827
-0.019489
-0.00716594
-0.00114683
-0.00017756
-0.00119587
-0.00336682
-0.0063695
-0.0099553
-0.0139254
-0.0180915
-0.0222866
-0.0263726
-0.0302406
-0.0338094
-0.0370222
-0.039844
-0.0422576
-0.0442604
-0.0458611
-0.0470776
-0.0479342
-0.0484602
-0.0486882
-0.0486533
-0.0483921
-0.0479422
-0.0473413
-0.0466279
-0.04584
-0.0450156
-0.0441925
-0.0434082
-0.0426998
-0.0421042
-0.0416577
-0.0413965
-0.0413559
-0.0415709
-0.042076
-0.0429045
-0.044089
-0.0456607
-0.0476494
-0.0500826
-0.0529857
-0.0563804
-0.0602846
-0.0647109
-0.069665
-0.0751441
-0.0811343
-0.0876077
-0.0945184
-0.101798
-0.109351
-0.117046
-0.124711
-0.132128
-0.139021
-0.14506
-0.149856
-0.152973
-0.153948
-0.152317
-0.147673
-0.139723
-0.128361
-0.113745
-0.0963606
-0.0770468
-0.0569894
-0.0376284
-0.0205338
-0.00761021
-0.00123341
-0.000199554
-0.00133031
-0.00372036
-0.00699111
-0.0108463
-0.0150502
-0.0193847
-0.0236612
-0.0277283
-0.0314712
-0.0348081
-0.0376865
-0.0400783
-0.0419753
-0.0433846
-0.044325
-0.0448243
-0.0449161
-0.0446382
-0.0440312
-0.0431369
-0.0419981
-0.0406578
-0.0391585
-0.0375426
-0.0358518
-0.0341274
-0.03241
-0.0307397
-0.0291561
-0.0276983
-0.0264049
-0.0253142
-0.024464
-0.0238918
-0.0236344
-0.0237282
-0.0242089
-0.0251111
-0.0264687
-0.0283139
-0.0306771
-0.0335864
-0.0370665
-0.0411383
-0.0458171
-0.051111
-0.0570189
-0.0635276
-0.0706077
-0.0782096
-0.0862574
-0.0946418
-0.103213
-0.111769
-0.120054
-0.127741
-0.134437
-0.139684
-0.14297
-0.143762
-0.141551
-0.135919
-0.126624
-0.113693
-0.0975043
-0.0788451
-0.0589189
-0.039261
-0.0216031
-0.00807565
-0.00132641
-0.000229307
-0.00150994
-0.00418986
-0.00781369
-0.0120233
-0.0165366
-0.0210993
-0.0254977
-0.0295663
-0.033185
-0.0362737
-0.0387867
-0.0407056
-0.0420338
-0.0427909
-0.0430081
-0.0427246
-0.0419851
-0.0408372
-0.0393299
-0.0375128
-0.0354352
-0.0331456
-0.0306916
-0.0281195
-0.0254746
-0.0228012
-0.0201425
-0.0175411
-0.0150387
-0.0126763
-0.0104946
-0.00853363
-0.00683326
-0.00543293
-0.00437175
-0.00368852
-0.00342165
-0.00360904
-0.00428796
-0.00549481
-0.00726483
-0.00963163
-0.0126266
-0.0162783
-0.020611
-0.0256435
-0.0313872
-0.0378433
-0.0449994
-0.0528251
-0.0612661
-0.070237
-0.0796125
-0.0892174
-0.0988151
-0.108097
-0.116676
-0.124079
-0.129762
-0.133125
-0.133561
-0.130522
-0.123615
-0.112706
-0.0980354
-0.0803057
-0.0607132
-0.0408779
-0.0227017
-0.00856638
-0.00142702
-0.000268978
-0.00174626
-0.00480307
-0.00888232
-0.013546
-0.0184541
-0.0233091
-0.027869
-0.0319538
-0.0354399
-0.0382522
-0.0403553
-0.0417443
-0.0424378
-0.0424707
-0.0418892
-0.0407463
-0.039099
-0.037006
-0.0345258
-0.0317162
-0.0286333
-0.0253316
-0.0218632
-0.0182786
-0.0146266
-0.0109541
-0.00730692
-0.00372943
-0.000265202
0.00304301
0.00615306
0.00902326
0.0116123
0.0138789
0.0157823
0.0172816
0.018336
0.0189049
0.018948
0.0184251
0.0172967
0.015524
0.0130697
0.00989818
0.00597654
0.00127592
-0.00422695
-0.0105474
-0.0176898
-0.0256431
-0.0343756
-0.0438274
-0.0539012
-0.0644512
-0.0752699
-0.0860741
-0.096492
-0.106054
-0.11419
-0.12025
-0.123534
-0.123362
-0.119173
-0.11065
-0.0978576
-0.0813724
-0.0623502
-0.0424791
-0.0238376
-0.00908854
-0.00153696
-0.000321411
-0.00205404
-0.0055947
-0.010252
-0.0154851
-0.0208823
-0.0260951
-0.0308504
-0.0349548
-0.0382848
-0.0407747
-0.0424044
-0.0431874
-0.0431616
-0.042381
-0.0409095
-0.0388162
-0.0361722
-0.0330484
-0.0295136
-0.0256342
-0.0214735
-0.0170915
-0.0125454
-0.00788942
-0.00317529
0.00154744
0.00623109
0.0108295
0.0152977
0.0195917
0.0236682
0.0274844
0.0309977
0.0341658
0.0369462
0.0392966
0.0411741
0.042536
0.0433391
0.0435401
0.0430957
0.0419626
0.0400978
0.0374593
0.0340064
0.0297008
0.024508
0.0183992
0.0113539
0.0033639
-0.00556172
-0.0153895
-0.0260523
-0.0374375
-0.0493726
-0.0616081
-0.0737999
-0.0854935
-0.096114
-0.104971
-0.111285
-0.114246
-0.113118
-0.107371
-0.0968579
-0.0819788
-0.0638052
-0.0440677
-0.0250237
-0.00965111
-0.00165866
-0.000390415
-0.00245237
-0.00660846
-0.0119901
-0.017924
-0.0239109
-0.0295432
-0.0345154
-0.0386236
-0.0417503
-0.0438459
-0.0449121
-0.0449871
-0.0441331
-0.0424274
-0.0399547
-0.0368027
-0.0330582
-0.0288051
-0.0241234
-0.0190881
-0.0137699
-0.00823433
-0.00254306
0.00324626
0.00907921
0.0149042
0.0206721
0.0263354
0.0318482
0.0371659
0.0422442
0.0470399
0.0515095
0.0556098
0.0592974
0.0625286
0.0652592
0.0674445
0.0690392
0.0699971
0.0702716
0.0698153
0.0685805
0.0665191
0.0635835
0.0597267
0.0549039
0.0490735
0.0422
0.0342565
0.0252299
0.015127
0.00398363
-0.00812352
-0.0210616
-0.0346228
-0.048502
-0.0622748
-0.0753781
-0.0871022
-0.096604
-0.102955
-0.105236
-0.102685
-0.0948982
-0.0820433
-0.0650494
-0.0456502
-0.0262789
-0.0102672
-0.00179565
-0.000481173
-0.00296627
-0.00789978
-0.0141787
-0.0209601
-0.0276383
-0.0337395
-0.0389268
-0.0429926
-0.0458338
-0.0474266
-0.0478033
-0.047034
-0.0452117
-0.0424413
-0.038832
-0.034492
-0.0295253
-0.0240299
-0.018097
-0.0118105
-0.00524791
0.0015199
0.00842745
0.0154141
0.0224235
0.0294026
0.0363011
0.0430711
0.0496663
0.0560416
0.0621529
0.0679564
0.0734085
0.0784656
0.0830837
0.0872184
0.0908242
0.0938552
0.0962641
0.0980026
0.0990213
0.0992691
0.0986942
0.0972434
0.0948624
0.0914969
0.0870923
0.0815958
0.0749575
0.0671332
0.0580885
0.0478042
0.0362846
0.0235689
0.00974648
-0.00502261
-0.020483
-0.0362556
-0.0518085
-0.066436
-0.0792544
-0.0892323
-0.0952737
-0.0963667
-0.0918052
-0.0814605
-0.0660445
-0.0472365
-0.0276303
-0.0109556
-0.001953
-0.000600884
-0.00362901
-0.00953948
-0.0169182
-0.0247051
-0.0321678
-0.0387615
-0.0441235
-0.0480535
-0.0504767
-0.0514076
-0.0509206
-0.0491268
-0.0461567
-0.0421479
-0.0372373
-0.0315557
-0.0252255
-0.018359
-0.0110585
-0.0034163
0.00448396
0.0125668
0.0207638
0.0290121
0.0372543
0.0454365
0.0535084
0.0614221
0.0691315
0.076592
0.0837598
0.0905915
0.0970437
0.103073
0.108635
0.113685
0.118178
0.122066
0.1253
0.127831
0.129606
0.130573
0.130674
0.129854
0.128051
0.125206
0.121254
0.116133
0.10978
0.102134
0.0931429
0.0827611
0.0709626
0.0577486
0.0431632
0.0273133
0.0103956
-0.0072705
-0.0252053
-0.042733
-0.0589586
-0.0727747
-0.0829225
-0.0881312
-0.0873531
-0.0800876
-0.0667355
-0.0488379
-0.0291156
-0.0117436
-0.00213826
-0.000759808
-0.00448558
-0.0116188
-0.0203304
-0.0292837
-0.0375993
-0.044662
-0.0500961
-0.0537276
-0.0555291
-0.0555707
-0.0539831
-0.0509289
-0.0465836
-0.0411224
-0.0347128
-0.0275097
-0.019654
-0.0112722
-0.00247662
0.00663289
0.0159678
0.0254495
0.0350075
0.0445784
0.0541043
0.063532
0.0728119
0.081897
0.0907423
0.0993045
0.107541
0.115408
0.122865
0.129868
0.136374
0.142337
0.147713
0.152453
0.156508
0.159826
0.162355
0.164039
0.164818
0.164631
0.163414
0.1611
0.157619
0.152898
0.146865
0.139444
0.130563
0.120156
0.108167
0.0945595
0.0793325
0.0625365
0.044302
0.0248756
0.00466444
-0.0157147
-0.0353909
-0.0532171
-0.0678004
-0.0776159
-0.0812413
-0.0777239
-0.0670369
-0.0504635
-0.0307862
-0.012671
-0.00236285
-0.000973052
-0.0055982
-0.0142562
-0.0245616
-0.034828
-0.0440123
-0.0514404
-0.0567488
-0.0598185
-0.0606967
-0.0595317
-0.0565271
-0.0519088
-0.0459049
-0.0387324
-0.0305911
-0.0216602
-0.0120986
-0.00204497
0.00837965
0.0190701
0.029935
0.0408941
0.051877
0.0628211
0.0736699
0.0843719
0.0948795
0.105148
0.115134
0.124796
0.134094
0.142987
0.151433
0.159392
0.16682
0.173675
0.179909
0.185476
0.190327
0.194409
0.197667
0.200045
0.201481
0.20191
0.201266
0.199477
0.196466
0.192153
0.186456
0.179288
0.170561
0.160187
0.148084
0.134183
0.118434
0.100833
0.0814388
0.0604139
0.0380735
0.0149454
-0.00816412
-0.0301168
-0.04943
-0.0643495
-0.0730602
-0.0740785
-0.0668089
-0.0521103
-0.0327098
-0.0137962
-0.00264452
-0.00126374
-0.00705507
-0.0176068
-0.0297832
-0.0414624
-0.0514335
-0.058994
-0.0638359
-0.0659389
-0.0654615
-0.0626578
-0.0578232
-0.051259
-0.0432518
-0.0340632
-0.0239249
-0.013039
-0.00157899
0.0103067
0.0224918
0.0348691
0.047347
0.0598467
0.0723002
0.0846478
0.0968364
0.108818
0.120548
0.131986
0.143091
0.153826
0.164152
0.174031
0.183425
0.192294
0.200597
0.208292
0.215334
0.221676
0.22727
0.232064
0.236002
0.239027
0.241075
0.242081
0.241974
0.240679
0.238115
0.234198
0.228835
0.221931
0.213384
0.203089
0.19094
0.176836
0.160686
0.142427
0.122048
0.0996171
0.0753419
0.0496315
0.0231824
-0.00293435
-0.0272108
-0.0477142
-0.0622451
-0.0687213
-0.0658187
-0.0537445
-0.0349724
-0.0152061
-0.00301192
-0.00166888
-0.00898482
-0.0218741
-0.0361861
-0.0492719
-0.0597766
-0.0670334
-0.0708605
-0.0713985
-0.0689643
-0.0639502
-0.0567624
-0.0477873
-0.0373733
-0.0258251
-0.0134032
-0.000326897
0.0132203
0.027086
0.0411441
0.0552895
0.0694349
0.0835066
0.0974422
0.111188
0.124696
0.137924
0.150834
0.163388
0.175553
0.187294
0.198576
0.209365
0.219627
0.229323
0.238416
0.246866
0.254629
0.261661
0.267914
0.273336
0.277873
0.281466
0.284053
0.285566
0.285934
0.28508
0.282919
0.279362
0.274312
0.267666
0.259311
0.249128
0.236991
0.222772
0.206341
0.187583
0.166412
0.142805
0.116844
0.0887947
0.0591973
0.0289879
-0.000385665
-0.0268971
-0.0480112
-0.0610097
-0.0636729
-0.0552611
-0.0376741
-0.0170315
-0.00351278
-0.00225052
-0.0115803
-0.0273225
-0.0439577
-0.0582326
-0.0687307
-0.074939
-0.0769109
-0.0750321
-0.0698345
-0.0618809
-0.0517042
-0.0397792
-0.0265127
-0.0122452
0.00274348
0.0182258
0.034018
0.0499722
0.0659693
0.0819136
0.0977274
0.113347
0.128719
0.1438
0.158551
0.172936
0.186926
0.20049
0.2136
0.226226
0.238341
0.249914
0.260914
0.271308
0.281061
0.290135
0.298491
0.306085
0.312871
0.3188
0.323818
0.327868
0.330887
0.332809
0.333562
0.333067
0.33124
0.327988
0.323211
0.316801
0.308637
0.298591
0.28652
0.272272
0.255687
0.236601
0.214862
0.190348
0.163016
0.132963
0.100532
0.0664488
0.0319967
-0.000829553
-0.0292654
-0.0499785
-0.0597079
-0.0564068
-0.0409089
-0.0194693
-0.00422908
-0.00311702
-0.0151371
-0.0342828
-0.053216
-0.0680687
-0.0775551
-0.0815175
-0.0804021
-0.074944
-0.0659486
-0.0541743
-0.0402841
-0.0248321
-0.00826861
0.00904768
0.0268347
0.0448726
0.0629912
0.0810592
0.0989751
0.116661
0.134055
0.15111
0.167788
0.184057
0.19989
0.215264
0.230157
0.244548
0.258417
0.271741
0.284498
0.296665
0.308213
0.319116
0.329342
0.338857
0.347625
0.355606
0.362755
0.369027
0.374369
0.378726
0.382037
0.384238
0.385256
0.385015
0.38343
0.380409
0.37585
0.369643
0.361663
0.351774
0.339823
0.325642
0.309043
0.289824
0.267771
0.242675
0.214363
0.182753
0.147954
0.110412
0.0711239
0.0318858
-0.00449153
-0.0341808
-0.0528086
-0.0566296
-0.0447043
-0.022809
-0.0053037
-0.00446324
-0.0201106
-0.0431222
-0.0638404
-0.0779573
-0.0847035
-0.0845942
-0.0786736
-0.0681369
-0.0541049
-0.0375319
-0.0191887
0.000322435
0.0205413
0.0411221
0.0618082
0.0824112
0.102794
0.122856
0.142529
0.161759
0.180513
0.198763
0.216491
0.233684
0.250329
0.266416
0.281935
0.296876
0.311227
0.324975
0.338104
0.350597
0.362432
0.373587
0.384036
0.393749
0.402693
0.410832
0.418126
0.424531
0.429999
0.434476
0.437906
0.440225
0.441365
0.441251
0.4398
0.436922
0.432518
0.426476
0.418672
0.408967
0.397203
0.383201
0.366755
0.347631
0.325568
0.300279
0.27147
0.238882
0.202367
0.162032
0.118463
0.0730562
0.0283956
-0.0114626
-0.0411194
-0.0547978
-0.0488629
-0.027447
-0.00698343
-0.00664115
-0.0271816
-0.0540951
-0.0750582
-0.0859287
-0.0871466
-0.0803448
-0.0673876
-0.0500031
-0.0296152
-0.00732016
0.0160702
0.0399713
0.0639712
0.0877856
0.111222
0.134155
0.156502
0.178216
0.19927
0.219651
0.239355
0.258386
0.276748
0.294448
0.311493
0.327886
0.343632
0.358731
0.373182
0.38698
0.400117
0.412584
0.424364
0.435441
0.445794
0.455399
0.464226
0.472244
0.479416
0.485703
0.491061
0.495439
0.498786
0.501041
0.50214
0.502012
0.500579
0.497755
0.493444
0.487538
0.479917
0.470443
0.458959
0.44528
0.429194
0.410446
0.38874
0.363729
0.335019
0.302186
0.264828
0.222676
0.175802
0.124983
0.0722216
0.0213441
-0.0215916
-0.048685
-0.0525859
-0.0338201
-0.00967097
-0.0102539
-0.0372391
-0.0668253
-0.0844604
-0.0876656
-0.0791815
-0.0622521
-0.0396896
-0.0136979
0.0141299
0.0427022
0.0712993
0.0994633
0.126916
0.153497
0.179128
0.203776
0.227444
0.250148
0.27192
0.292792
0.312801
0.331979
0.350359
0.36797
0.384836
0.400977
0.416411
0.43115
0.445202
0.458571
0.471256
0.483255
0.494558
0.505155
0.515028
0.524159
0.532523
0.540094
0.54684
0.552724
0.557709
0.561748
0.564794
0.566793
0.567686
0.567406
0.565884
0.563038
0.558779
0.553007
0.545608
0.536452
0.525386
0.512231
0.496774
0.478755
0.45786
0.433704
0.405821
0.373656
0.336581
0.293957
0.245286
0.190537
0.130729
0.0688062
0.0106895
-0.0340553
-0.05361
-0.0420282
-0.013909
-0.0161376
-0.0508526
-0.0786915
-0.0857263
-0.0742038
-0.0504818
-0.0196357
0.0147895
0.0504599
0.0859485
0.120443
0.153521
0.184997
0.214827
0.243043
0.26972
0.294951
0.318834
0.341466
0.362937
0.383328
0.402714
0.42116
0.438722
0.455449
0.471382
0.486557
0.501
0.514733
0.527774
0.540133
0.551818
0.562828
0.573163
0.582814
0.591771
0.600019
0.607538
0.614306
0.620297
0.62548
0.629819
0.633278
0.635812
0.637375
0.637914
0.637372
0.635684
0.63278
0.62858
0.622993
0.615917
0.607233
0.5968
0.584451
0.569984
0.55315
0.533634
0.511044
0.484877
0.454499
0.419118
0.377784
0.329456
0.273208
0.208724
0.137289
0.0634098
-0.00311021
-0.0463482
-0.0505323
-0.0199785
-0.0246203
-0.0658512
-0.0802545
-0.063656
-0.0278802
0.0166911
0.0639926
0.110697
0.155132
0.19661
0.234975
0.270337
0.302923
0.332999
0.360831
0.386663
0.410716
0.433182
0.454227
0.473993
0.492602
0.510158
0.526747
0.542443
0.55731
0.571398
0.584751
0.597403
0.609383
0.620711
0.631403
0.641471
0.650918
0.659747
0.667954
0.675531
0.682469
0.688751
0.694361
0.699276
0.703471
0.706917
0.709582
0.711431
0.712424
0.712516
0.71166
0.7098
0.706878
0.702826
0.697566
0.691012
0.683061
0.67359
0.662454
0.649473
0.63442
0.617008
0.596864
0.573499
0.546264
0.514299
0.47647
0.431331
0.377151
0.312166
0.235333
0.148148
0.0578802
-0.0183924
-0.0528647
-0.0262208
-0.0312988
-0.0687277
-0.0436741
0.0154725
0.0836796
0.150382
0.211697
0.266446
0.314763
0.357326
0.394941
0.428371
0.458281
0.485231
0.509679
0.531997
0.552491
0.571407
0.588947
0.605277
0.620532
0.634826
0.64825
0.660882
0.672786
0.684012
0.694605
0.704599
0.714021
0.722893
0.731232
0.739048
0.746348
0.753134
0.759406
0.765158
0.770384
0.775072
0.779208
0.782776
0.785757
0.788128
0.789863
0.790937
0.791316
0.790968
0.789855
0.787935
0.785162
0.781482
0.776836
0.771156
0.76436
0.756352
0.747015
0.736203
0.72373
0.709358
0.69277
0.673543
0.651095
0.624623
0.592999
0.554647
0.507387
0.448322
0.374028
0.281703
0.172057
0.055698
-0.0301855
-0.0232111
-0.000660416
0.000352693
0.104333
0.217905
0.3121
0.388126
0.449781
0.500012
0.541351
0.575871
0.605147
0.630342
0.652319
0.671722
0.689037
0.704633
0.718795
0.731743
0.743654
0.754666
0.764891
0.77442
0.783324
0.791664
0.79949
0.806839
0.813746
0.820236
0.826329
0.832041
0.837384
0.842367
0.846994
0.851267
0.855186
0.858748
0.861948
0.864778
0.867229
0.869291
0.870949
0.872189
0.872994
0.873347
0.873226
0.87261
0.871473
0.869787
0.867524
0.864647
0.861117
0.85689
0.851911
0.846116
0.839425
0.83174
0.822933
0.81284
0.801237
0.787824
0.772178
0.753698
0.73151
0.70431
0.670123
0.62591
0.567062
0.48705
0.376958
0.228427
0.0726436
0.0309695
0.292184
0.379306
0.530607
0.644331
0.714297
0.760017
0.792311
0.816129
0.834335
0.848759
0.860546
0.870427
0.878883
0.886244
0.892742
0.898545
0.903778
0.908536
0.912891
0.916901
0.920609
0.924052
0.927258
0.93025
0.933048
0.935665
0.938115
0.940406
0.942547
0.944543
0.946398
0.948115
0.949695
0.951138
0.952444
0.953612
0.954639
0.955522
0.956257
0.956839
0.957263
0.957524
0.957615
0.957528
0.957257
0.956792
0.956123
0.955242
0.954135
0.95279
0.951193
0.949325
0.947166
0.944692
0.941871
0.938665
0.935023
0.93088
0.926146
0.9207
0.914371
0.906908
0.897942
0.886901
0.872863
0.854247
0.828214
0.789432
0.726146
0.611349
0.435853
0.317985
)
;

boundaryField
{
    movingWall
    {
        type            calculated;
        value           uniform 1;
    }
    fixedWalls
    {
        type            calculated;
        value           uniform 0;
    }
    frontAndBack
    {
        type            empty;
    }
}


// ************************************************************************* //
