/*--------------------------------*- C++ -*----------------------------------*\
  =========                 |
  \\      /  F ield         | OpenFOAM: The Open Source CFD Toolbox
   \\    /   O peration     | Website:  https://openfoam.org
    \\  /    A nd           | Version:  dev
     \\/     M anipulation  |
\*---------------------------------------------------------------------------*/
FoamFile
{
    format      ascii;
    class       volScalarField;
    location    "37.8";
    object      Uy;
}
// * * * * * * * * * * * * * * * * * * * * * * * * * * * * * * * * * * * * * //

dimensions      [0 1 -1 0 0 0 0];

internalField   nonuniform List<scalar> 
5184
(
-1.26987e-05
-2.08862e-05
-1.725e-05
-8.19882e-06
2.66785e-06
1.36184e-05
2.38482e-05
3.30525e-05
4.11117e-05
4.80315e-05
5.38735e-05
5.87227e-05
6.26713e-05
6.58108e-05
6.82259e-05
6.99921e-05
7.11736e-05
7.18229e-05
7.19808e-05
7.16768e-05
7.09305e-05
6.97521e-05
6.81447e-05
6.61053e-05
6.36267e-05
6.0699e-05
5.73117e-05
5.34553e-05
4.91227e-05
4.43109e-05
3.90223e-05
3.32662e-05
2.70597e-05
2.0429e-05
1.34096e-05
6.04745e-06
-1.60144e-06
-9.47053e-06
-1.74833e-05
-2.55539e-05
-3.35878e-05
-4.14835e-05
-4.91337e-05
-5.64274e-05
-6.3252e-05
-6.94956e-05
-7.50493e-05
-7.98102e-05
-8.36837e-05
-8.65859e-05
-8.84464e-05
-8.92098e-05
-8.8838e-05
-8.73112e-05
-8.46291e-05
-8.08111e-05
-7.58965e-05
-6.99441e-05
-6.30316e-05
-5.5255e-05
-4.67285e-05
-3.7585e-05
-2.79795e-05
-1.80946e-05
-8.15562e-06
1.54261e-06
1.05758e-05
1.83069e-05
2.37236e-05
2.5134e-05
1.98522e-05
6.24379e-06
-4.58765e-05
-6.57175e-05
-4.0572e-05
7.62437e-06
6.56789e-05
0.000126003
0.000184318
0.000238375
0.000287035
0.000329853
0.000366792
0.00039804
0.000423909
0.000444765
0.000460987
0.000472933
0.000480925
0.000485239
0.000486099
0.000483676
0.000478091
0.000469421
0.000457704
0.00044295
0.000425146
0.00040427
0.000380296
0.000353208
0.000323006
0.000289717
0.000253402
0.000214163
0.000172151
0.000127568
8.06734e-05
3.17875e-05
-1.8711e-05
-7.03839e-05
-0.000122736
-0.00017522
-0.000227241
-0.000278167
-0.000327337
-0.000374071
-0.000417685
-0.000457503
-0.000492874
-0.000523181
-0.000547864
-0.000566429
-0.000578463
-0.000583645
-0.00058176
-0.000572706
-0.000556498
-0.000533275
-0.000503301
-0.000466965
-0.000424783
-0.000377395
-0.00032557
-0.000270212
-0.000212384
-0.000153337
-9.45832e-05
-3.80004e-05
1.39494e-05
5.79608e-05
8.94405e-05
0.000101891
8.6542e-05
3.64946e-05
-8.13245e-05
-9.5065e-05
-1.9163e-05
0.000105918
0.000254666
0.000410632
0.000563498
0.000707128
0.000838069
0.000954616
0.00105617
0.00114283
0.00121511
0.00127372
0.00131951
0.00135328
0.00137581
0.00138777
0.00138973
0.00138213
0.00136529
0.00133945
0.00130472
0.00126117
0.00120882
0.00114765
0.00107764
0.000998828
0.000911263
0.000815087
0.000710532
0.000597943
0.000477793
0.000350698
0.000217425
7.88968e-05
-6.38062e-05
-0.000209448
-0.000356644
-0.000503878
-0.000649513
-0.000791816
-0.000928983
-0.00105917
-0.00118053
-0.00129124
-0.00138955
-0.0014738
-0.00154251
-0.00159435
-0.00162822
-0.00164329
-0.001639
-0.00161508
-0.00157161
-0.00150899
-0.00142796
-0.00132963
-0.00121545
-0.00108721
-0.000947107
-0.000797695
-0.000641987
-0.000483515
-0.000326479
-0.000175969
-3.83024e-05
7.85015e-05
0.000164144
0.000205457
0.000186331
9.04133e-05
-9.77757e-05
-7.3194e-05
8.47518e-05
0.000318366
0.000590144
0.000874455
0.00115426
0.00141878
0.00166153
0.00187897
0.00206956
0.00223304
0.00236996
0.00248137
0.00256853
0.00263278
0.00267541
0.00269755
0.0027002
0.00268414
0.00264997
0.00259811
0.00252884
0.00244232
0.00233862
0.00221778
0.00207987
0.001925
0.00175336
0.00156531
0.00136137
0.00114229
0.000909034
0.000662841
0.000405228
0.000137996
-0.000136764
-0.000416682
-0.000699122
-0.000981205
-0.00125984
-0.00153178
-0.00179364
-0.00204197
-0.00227334
-0.00248434
-0.00267174
-0.00283249
-0.0029638
-0.00306325
-0.00312882
-0.00315898
-0.00315269
-0.0031095
-0.00302958
-0.00291369
-0.00276329
-0.00258046
-0.00236797
-0.00212926
-0.0018685
-0.00159057
-0.0013012
-0.00100706
-0.000715972
-0.000437205
-0.000181908
3.63065e-05
0.000200716
0.000290927
0.000282641
0.00014732
-8.44472e-05
2.08486e-05
0.000295437
0.000668073
0.00109094
0.00153012
0.00196215
0.00237158
0.00274866
0.00308775
0.0033861
0.00364287
0.00385852
0.0040343
0.00417187
0.00427304
0.00433961
0.00437323
0.00437532
0.00434705
0.00428934
0.00420283
0.004088
0.00394513
0.00377442
0.00357602
0.00335012
0.003097
0.0028171
0.00251108
0.00217989
0.0018248
0.00144746
0.00104993
0.000634691
0.000204657
-0.000236806
-0.000685911
-0.00113847
-0.00158991
-0.00203539
-0.00246977
-0.00288776
-0.00328397
-0.00365303
-0.00398966
-0.0042888
-0.00454571
-0.00475608
-0.00491615
-0.0050228
-0.00507363
-0.00506708
-0.00500246
-0.00488004
-0.00470107
-0.00446783
-0.00418365
-0.00385289
-0.00348104
-0.00307465
-0.00264148
-0.00219052
-0.00173219
-0.00127853
-0.000843595
-0.000443884
-9.89599e-05
0.000167837
0.000328771
0.0003511
0.000194193
-3.7562e-05
0.000197339
0.000626936
0.00117047
0.00177196
0.00239055
0.00299718
0.00357203
0.00410225
0.00458008
0.00500144
0.00536483
0.00567051
0.00591982
0.00611476
0.0062576
0.0063506
0.00639591
0.00639539
0.00635061
0.00626281
0.00613291
0.00596159
0.00574932
0.00549645
0.0052033
0.00487025
0.00449783
0.00408681
0.00363827
0.00315371
0.00263508
0.00208487
0.00150612
0.000902486
0.000278215
-0.000361824
-0.00101218
-0.00166683
-0.00231928
-0.0029626
-0.00358952
-0.00419253
-0.00476401
-0.00529638
-0.00578217
-0.00621428
-0.00658601
-0.00689131
-0.00712488
-0.00728233
-0.00736029
-0.00735655
-0.00727016
-0.00710151
-0.00685239
-0.00652603
-0.00612716
-0.00566202
-0.00513839
-0.00456561
-0.00395467
-0.00331828
-0.00267103
-0.00202966
-0.00141336
-0.000844276
-0.000348097
4.51978e-05
0.000300661
0.000377473
0.000224588
4.40751e-05
0.000461287
0.00108717
0.00183495
0.00264274
0.00346429
0.00426596
0.00502429
0.00572366
0.00635439
0.00691114
0.00739177
0.00779627
0.00812608
0.00838347
0.0085711
0.00869171
0.0087479
0.00874198
0.0086759
0.00855123
0.00836918
0.00813066
0.00783634
0.00748679
0.00708255
0.00662424
0.00611273
0.0055492
0.00493525
0.00427304
0.00356535
0.00281562
0.00202808
0.00120769
0.000360251
-0.000507673
-0.00138875
-0.00227492
-0.00315751
-0.00402728
-0.00487456
-0.00568939
-0.00646168
-0.00718138
-0.00783862
-0.00842398
-0.00892864
-0.00934456
-0.00966474
-0.00988335
-0.00999593
-0.00999954
-0.0098929
-0.0096765
-0.00935269
-0.00892576
-0.00840196
-0.00778957
-0.00709891
-0.00634236
-0.00553445
-0.00469191
-0.00383386
-0.00298199
-0.0021609
-0.00139852
-0.000726726
-0.000182002
0.000193834
0.000352654
0.000235073
0.00016046
0.000814563
0.00167993
0.00266653
0.00370866
0.00475627
0.00577229
0.00673045
0.00761293
0.00840846
0.00911071
0.00971694
0.010227
0.0106424
0.0109656
0.0111998
0.011348
0.0114134
0.0113986
0.0113061
0.0111376
0.0108947
0.0105786
0.0101901
0.00973011
0.00919936
0.00859883
0.00792975
0.0071938
0.00639322
0.00553091
0.00461057
0.00363678
0.00261502
0.00155179
0.000454527
-0.000668305
-0.00180732
-0.00295223
-0.00409199
-0.00521484
-0.00630852
-0.00736041
-0.00835772
-0.0092877
-0.0101379
-0.0108964
-0.0115519
-0.0120944
-0.0125149
-0.0128059
-0.0129619
-0.0129789
-0.0128554
-0.0125919
-0.0121912
-0.0116588
-0.0110024
-0.0102327
-0.00936243
-0.00840739
-0.00738581
-0.0063187
-0.00522989
-0.00414624
-0.00309791
-0.0021187
-0.00124659
-0.00052439
-3.17559e-07
0.000271072
0.00022394
0.000310956
0.00125708
0.00240617
0.00366709
0.00497206
0.00626873
0.00751782
0.00869112
0.00976929
0.01074
0.0115961
0.0123346
0.0129553
0.0134597
0.0138509
0.0141322
0.0143071
0.0143793
0.0143518
0.0142273
0.014008
0.0136958
0.0132921
0.0127979
0.0122145
0.0115428
0.0107842
0.00994041
0.00901362
0.00800677
0.00692362
0.00576889
0.00454837
0.00326895
0.00193872
0.00056695
-0.000835886
-0.0022582
-0.00368732
-0.00510966
-0.00651079
-0.00787567
-0.00918882
-0.0104346
-0.0115973
-0.0126618
-0.0136132
-0.014438
-0.0151236
-0.015659
-0.016035
-0.0162445
-0.0162828
-0.0161476
-0.0158395
-0.0153619
-0.0147213
-0.0139271
-0.012992
-0.0119317
-0.0107654
-0.00951523
-0.00820655
-0.00686813
-0.00553213
-0.00423434
-0.00301448
-0.00191655
-0.000989434
-0.000287321
0.000129617
0.000190538
0.000494661
0.0017876
0.00326502
0.00483624
0.00643291
0.00800171
0.00950228
0.0109054
0.012191
0.013346
0.0143632
0.0152394
0.0159745
0.0165705
0.0170306
0.0173587
0.0175587
0.0176347
0.0175902
0.0174282
0.0171513
0.0167615
0.0162606
0.01565
0.0149309
0.0141049
0.0131736
0.0121393
0.0110047
0.00977349
0.00845042
0.00704127
0.0055531
0.00399432
0.00237471
0.000705459
-0.00100085
-0.0027303
-0.00446773
-0.00619685
-0.00790044
-0.00956051
-0.0111586
-0.0126759
-0.0140938
-0.015394
-0.0165589
-0.0175721
-0.0184184
-0.0190845
-0.0195594
-0.0198343
-0.0199034
-0.0197637
-0.0194157
-0.0188631
-0.0181135
-0.0171779
-0.0160712
-0.0148122
-0.0134233
-0.0119306
-0.0103642
-0.00875773
-0.00714887
-0.00557907
-0.00409396
-0.00274352
-0.00158252
-0.000670721
-7.33268e-05
0.000134785
0.000710542
0.00240422
0.0042544
0.00617201
0.00808941
0.00995346
0.0117238
0.0133711
0.0148751
0.016223
0.0174076
0.018426
0.0192785
0.0199676
0.0204968
0.0208708
0.0210938
0.0211704
0.0211045
0.0208995
0.0205582
0.0200831
0.0194761
0.0187389
0.017873
0.0168804
0.015763
0.0145236
0.0131656
0.0116936
0.0101131
0.00843116
0.00665611
0.00479791
0.00286812
0.000879906
-0.00115195
-0.00321112
-0.00527984
-0.00733906
-0.0093686
-0.0113474
-0.0132538
-0.0150659
-0.0167618
-0.0183199
-0.0197195
-0.0209412
-0.0219672
-0.0227815
-0.0233709
-0.023725
-0.0238363
-0.0237012
-0.0233197
-0.0226961
-0.0218385
-0.0207598
-0.019477
-0.0180116
-0.0163896
-0.0146412
-0.0128012
-0.0109083
-0.00900567
-0.00714053
-0.00536446
-0.00373338
-0.00230784
-0.00115296
-0.000338599
5.68492e-05
0.000957522
0.00310463
0.00537141
0.00767132
0.00993841
0.0121208
0.014179
0.0160845
0.0178178
0.0193666
0.0207243
0.0218888
0.0228611
0.0236442
0.0242425
0.0246609
0.0249046
0.0249784
0.0248867
0.0246333
0.0242215
0.0236538
0.0229324
0.0220593
0.0210365
0.019866
0.0185504
0.0170928
0.0154975
0.0137696
0.0119159
0.00994429
0.00786468
0.00568854
0.00342924
0.00110195
-0.00127629
-0.0036867
-0.00610885
-0.00852082
-0.0108994
-0.0132204
-0.0154587
-0.0175892
-0.0195864
-0.0214255
-0.0230823
-0.0245342
-0.0257604
-0.0267421
-0.0274637
-0.0279125
-0.0280797
-0.0279603
-0.0275541
-0.026865
-0.0259024
-0.0246803
-0.0232178
-0.0215395
-0.0196747
-0.0176579
-0.0155284
-0.0133303
-0.0111122
-0.00892724
-0.00683308
-0.00489162
-0.00316913
-0.00173605
-0.000666765
-4.30523e-05
0.00123451
0.0038863
0.00661263
0.00933025
0.0119757
0.0144994
0.0168635
0.0190412
0.0210142
0.0227716
0.0243079
0.0256221
0.0267161
0.0275938
0.0282606
0.028722
0.0289838
0.0290515
0.02893
0.0286233
0.028135
0.0274681
0.0266249
0.0256078
0.0244188
0.0230606
0.0215359
0.0198485
0.0180033
0.0160061
0.0138648
0.0115883
0.00918804
0.00667693
0.00407016
0.00138495
-0.00135942
-0.00414167
-0.00693868
-0.00972559
-0.0124761
-0.0151626
-0.0177569
-0.0202299
-0.0225529
-0.0246971
-0.0266351
-0.0283406
-0.0297894
-0.0309598
-0.0318333
-0.0323948
-0.0326337
-0.0325435
-0.0321231
-0.0313764
-0.0303133
-0.028949
-0.0273048
-0.0254079
-0.0232911
-0.0209931
-0.018558
-0.0160351
-0.0134788
-0.0109483
-0.00850732
-0.00622391
-0.00417022
-0.00242206
-0.00105847
-0.000164786
0.0015404
0.00474651
0.00797425
0.0111442
0.0141964
0.0170839
0.0197718
0.0222354
0.0244585
0.026432
0.0281521
0.0296193
0.0308368
0.0318098
0.0325444
0.0330473
0.033325
0.0333835
0.0332282
0.0328637
0.0322938
0.0315218
0.0305504
0.029382
0.028019
0.0264643
0.0247212
0.0227938
0.0206876
0.0184094
0.0159676
0.0133727
0.0106371
0.00777544
0.0048046
0.00174382
-0.00138539
-0.00455926
-0.00775195
-0.0109356
-0.0140808
-0.0171567
-0.0201312
-0.0229719
-0.025646
-0.0281211
-0.0303658
-0.0323501
-0.0340461
-0.0354287
-0.0364763
-0.037171
-0.0374997
-0.0374545
-0.0370329
-0.0362385
-0.0350812
-0.0335776
-0.0317506
-0.0296302
-0.0272527
-0.0246607
-0.0219034
-0.0190354
-0.0161171
-0.0132137
-0.0103954
-0.00773657
-0.00531544
-0.00321349
-0.00151469
-0.000308389
0.0018741
0.00568243
0.00945214
0.0131083
0.0165947
0.0198684
0.0228975
0.0256605
0.0281439
0.0303409
0.0322501
0.0338736
0.0352164
0.0362851
0.0370871
0.0376301
0.0379216
0.0379682
0.0377758
0.0373496
0.0366938
0.0358117
0.0347065
0.0333807
0.0318371
0.0300786
0.0281091
0.025933
0.0235565
0.0209869
0.0182337
0.0153082
0.0122243
0.00899789
0.00564771
0.00219489
-0.00133686
-0.00492134
-0.00852997
-0.012132
-0.0156947
-0.0191838
-0.0225637
-0.025798
-0.0288499
-0.0316831
-0.0342619
-0.0365523
-0.0385224
-0.0401432
-0.0413896
-0.0422405
-0.0426801
-0.0426981
-0.0422907
-0.0414606
-0.0402177
-0.0385791
-0.0365698
-0.0342218
-0.0315751
-0.0286765
-0.0255799
-0.0223456
-0.01904
-0.0157348
-0.0125068
-0.00943693
-0.00661001
-0.00411355
-0.00203693
-0.000474128
0.00223448
0.00669108
0.0110419
0.0152169
0.0191645
0.0228459
0.0262335
0.0293093
0.032063
0.034491
0.0365943
0.0383774
0.0398473
0.0410124
0.0418816
0.0424637
0.0427672
0.0427996
0.0425675
0.0420765
0.041331
0.040335
0.0390915
0.0376035
0.0358738
0.0339058
0.0317034
0.0292716
0.0266169
0.0237474
0.0206732
0.0174068
0.013963
0.0103593
0.00661585
0.00275573
-0.00119524
-0.00520848
-0.00925276
-0.0132944
-0.0172974
-0.021224
-0.0250349
-0.0286898
-0.0321476
-0.0353677
-0.03831
-0.040936
-0.0432095
-0.0450972
-0.0465699
-0.0476029
-0.0481771
-0.0482797
-0.0479046
-0.0470533
-0.0457352
-0.0439681
-0.041778
-0.0391996
-0.0362758
-0.0330578
-0.0296044
-0.0259816
-0.0222621
-0.0185244
-0.0148522
-0.0113336
-0.00806027
-0.00512637
-0.00262733
-0.000662539
0.00262038
0.00776936
0.0127388
0.0174641
0.0218988
0.0260091
0.0297719
0.0331735
0.0362075
0.0388737
0.0411763
0.0431225
0.0447216
0.045984
0.0469203
0.0475409
0.0478553
0.0478718
0.0475979
0.0470397
0.046202
0.045089
0.043704
0.0420502
0.0401306
0.0379486
0.0355084
0.0328154
0.0298764
0.0267001
0.0232973
0.0196811
0.0158676
0.0118755
0.00772633
0.00344497
-0.000940799
-0.00540008
-0.00989907
-0.0144012
-0.0188672
-0.023256
-0.0275242
-0.0316274
-0.0355205
-0.0391579
-0.0424951
-0.0454886
-0.0480973
-0.0502834
-0.052013
-0.0532571
-0.0539929
-0.0542043
-0.0538825
-0.0530273
-0.0516472
-0.0497598
-0.0473924
-0.0445816
-0.0413736
-0.0378235
-0.0339954
-0.0299611
-0.0257997
-0.021597
-0.0174441
-0.0134366
-0.00967383
-0.00625714
-0.00328877
-0.000874452
0.00303059
0.00891401
0.0145379
0.0198437
0.0247905
0.0293499
0.0335041
0.0372442
0.0405683
0.04348
0.045987
0.0480999
0.0498304
0.0511914
0.0521953
0.0528541
0.0531787
0.0531784
0.0528615
0.0522345
0.0513029
0.0500711
0.0485426
0.0467207
0.0446086
0.0422098
0.0395286
0.0365706
0.033343
0.0298547
0.0261172
0.0221444
0.0179531
0.013563
0.00899721
0.004282
-0.000552923
-0.00547454
-0.0104465
-0.0154295
-0.0203812
-0.0252567
-0.030009
-0.0345895
-0.0389483
-0.0430352
-0.0468006
-0.0501957
-0.0531743
-0.0556932
-0.0577133
-0.0592009
-0.0601286
-0.0604763
-0.0602321
-0.0593934
-0.057967
-0.0559702
-0.0534308
-0.0503872
-0.0468887
-0.0429944
-0.0387733
-0.0343035
-0.0296711
-0.0249691
-0.0202967
-0.0157578
-0.0114598
-0.00751221
-0.00402492
-0.00111101
0.00346386
0.0101216
0.0164341
0.0223489
0.0278316
0.0328596
0.0374209
0.0415118
0.0451355
0.0482999
0.0510167
0.0532999
0.0551644
0.0566254
0.0576978
0.0583952
0.0587298
0.0587125
0.058352
0.0576557
0.0566296
0.0552782
0.0536055
0.0516146
0.0493089
0.0466919
0.0437681
0.0405431
0.0370242
0.0332208
0.0291445
0.0248099
0.0202344
0.0154386
0.0104469
0.00528677
-1.03199e-05
-0.00540937
-0.0108718
-0.0163554
-0.0218149
-0.0272018
-0.0324654
-0.0375525
-0.0424087
-0.0469788
-0.0512076
-0.0550409
-0.0584266
-0.0613156
-0.0636632
-0.06543
-0.0665835
-0.0670988
-0.0669602
-0.0661617
-0.064708
-0.0626153
-0.0599116
-0.0566367
-0.0528426
-0.0485923
-0.0439601
-0.0390303
-0.0338962
-0.0286589
-0.0234261
-0.0183105
-0.0134287
-0.00889917
-0.0048403
-0.0013737
0.00391885
0.0113885
0.0184216
0.0249727
0.0310138
0.036529
0.0415123
0.045966
0.0498985
0.0533227
0.0562546
0.058712
0.0607132
0.0622762
0.0634183
0.0641551
0.0645005
0.0644664
0.0640627
0.0632975
0.0621772
0.0607068
0.0588901
0.0567307
0.0542319
0.051397
0.0482307
0.0447384
0.0409274
0.0368074
0.0323901
0.0276904
0.0227262
0.017519
0.0120938
0.00647939
0.000708683
-0.00518156
-0.0111506
-0.0171537
-0.0231425
-0.0290653
-0.0348673
-0.0404911
-0.0458773
-0.0509655
-0.0556948
-0.0600049
-0.0638375
-0.0671371
-0.0698525
-0.071938
-0.073355
-0.0740732
-0.0740718
-0.073341
-0.0718826
-0.0697108
-0.0668533
-0.0633508
-0.0592576
-0.0546406
-0.0495793
-0.0441645
-0.0384971
-0.0326867
-0.0268502
-0.0211101
-0.0155929
-0.0104269
-0.00574029
-0.0016643
0.00439415
0.0127108
0.0204947
0.0277075
0.0343283
0.0403481
0.0457677
0.0505956
0.0548459
0.0585369
0.0616892
0.0643248
0.0664657
0.068133
0.0693464
0.070124
0.0704813
0.0704316
0.0699859
0.0691531
0.06794
0.066352
0.0643932
0.0620671
0.0593769
0.0563261
0.0529189
0.0491607
0.0450588
0.0406227
0.0358641
0.0307981
0.0254429
0.0198203
0.013956
0.00787983
0.00162579
-0.00476777
-0.0112582
-0.0177984
-0.0243373
-0.0308197
-0.0371871
-0.0433776
-0.0493271
-0.0549694
-0.0602377
-0.0650655
-0.0693875
-0.0731411
-0.0762679
-0.0787152
-0.0804375
-0.0813979
-0.08157
-0.0809387
-0.079502
-0.0772718
-0.0742741
-0.0705504
-0.0661567
-0.0611637
-0.055656
-0.049731
-0.0434977
-0.0370747
-0.0305891
-0.0241737
-0.0179661
-0.0121056
-0.00673115
-0.00198497
0.00488828
0.0140845
0.0226471
0.0305453
0.0377656
0.0443065
0.0501759
0.0553887
0.0599655
0.0639301
0.0673081
0.0701261
0.0724098
0.0741838
0.0754709
0.0762911
0.076662
0.0765985
0.0761127
0.0752144
0.0739109
0.072208
0.07011
0.0676203
0.0647421
0.0614787
0.057834
0.0538132
0.0494233
0.0446735
0.0395754
0.0341439
0.0283973
0.0223576
0.0160508
0.00950743
0.00276237
-0.00414476
-0.0111696
-0.0182631
-0.0253714
-0.0324363
-0.0393955
-0.0461826
-0.0527287
-0.0589618
-0.0648091
-0.0701971
-0.0750531
-0.079307
-0.0828924
-0.0857485
-0.087822
-0.0890686
-0.0894546
-0.0889593
-0.0875755
-0.0853115
-0.0821914
-0.078256
-0.0735631
-0.0681865
-0.062216
-0.0557559
-0.0489235
-0.0418471
-0.0346645
-0.0275203
-0.0205639
-0.0139468
-0.00782007
-0.00233819
0.00539965
0.0155054
0.0248723
0.0334776
0.0413159
0.0483932
0.0547248
0.0603329
0.0652444
0.0694891
0.0730981
0.0761025
0.0785325
0.0804161
0.0817791
0.0826442
0.0830311
0.0829563
0.0824331
0.0814721
0.0800816
0.0782674
0.0760342
0.0733854
0.0703239
0.0668527
0.0629755
0.0586971
0.054024
0.0489649
0.0435311
0.0377371
0.031601
0.0251446
0.0183942
0.0113805
0.00413898
-0.0032898
-0.0108601
-0.0185211
-0.0262165
-0.0338853
-0.0414614
-0.0488745
-0.0560503
-0.0629114
-0.0693783
-0.0753703
-0.0808071
-0.0856102
-0.0897045
-0.0930203
-0.0954953
-0.0970764
-0.0977222
-0.0974043
-0.0961096
-0.0938413
-0.0906207
-0.0864874
-0.0814997
-0.0757345
-0.0692865
-0.0622669
-0.0548017
-0.0470298
-0.0391004
-0.0311707
-0.0234034
-0.0159633
-0.00901509
-0.00272678
0.00592658
0.0169688
0.0271633
0.0364957
0.0449686
0.0525964
0.0594019
0.0654148
0.0706688
0.0751999
0.0790449
0.0822399
0.0848196
0.0868158
0.0882575
0.0891703
0.0895759
0.0894926
0.0889353
0.0879154
0.0864419
0.0845212
0.0821579
0.0793555
0.0761166
0.0724441
0.068341
0.0638116
0.0588618
0.0534997
0.0477361
0.0415848
0.0350633
0.0281933
0.0210005
0.0135158
0.00577488
-0.00218111
-0.0103055
-0.0185458
-0.0268439
-0.035136
-0.0433528
-0.0514198
-0.0592577
-0.0667835
-0.073911
-0.0805521
-0.0866181
-0.0920217
-0.0966782
-0.100508
-0.103439
-0.105408
-0.106365
-0.106271
-0.105107
-0.10287
-0.0995758
-0.0952627
-0.0899887
-0.0838329
-0.0768947
-0.0692923
-0.0611609
-0.0526502
-0.0439221
-0.0351474
-0.0265032
-0.0181693
-0.0103252
-0.00315392
0.00646732
0.01847
0.0295128
0.0395901
0.0487129
0.0569038
0.064194
0.0706205
0.0762241
0.0810475
0.0851334
0.0885231
0.091256
0.0933679
0.0948913
0.0958546
0.0962821
0.0961938
0.0956061
0.0945317
0.0929801
0.0909582
0.0884708
0.0855214
0.0821124
0.0782461
0.0739251
0.069153
0.0639349
0.0582782
0.0521926
0.0456914
0.0387912
0.0315128
0.0238817
0.015928
0.00768753
-0.000798416
-0.00948255
-0.0183114
-0.0272252
-0.0361577
-0.0450366
-0.0537836
-0.0623147
-0.0705411
-0.0783698
-0.0857052
-0.09245
-0.0985072
-0.103782
-0.108184
-0.11163
-0.114046
-0.115369
-0.115552
-0.114567
-0.112401
-0.109067
-0.104598
-0.0990507
-0.0925062
-0.0850681
-0.0768614
-0.0680307
-0.0587375
-0.0491569
-0.0394747
-0.0298838
-0.0205804
-0.0117602
-0.0036231
0.00702002
0.0200041
0.0319134
0.0427512
0.0525373
0.0613028
0.0690872
0.0759352
0.0818952
0.0870164
0.0913477
0.094936
0.0978254
0.100056
0.101664
0.102681
0.103134
0.103044
0.102431
0.101306
0.099682
0.0975651
0.0949606
0.0918717
0.0883008
0.0842496
0.07972
0.074715
0.0692387
0.0632974
0.0569
0.0500585
0.0427884
0.0351097
0.0270468
0.0186291
0.00989201
0.000876469
-0.00837002
-0.0177933
-0.0273325
-0.0369195
-0.0464793
-0.0559299
-0.0651831
-0.0741442
-0.082714
-0.0907887
-0.0982622
-0.105028
-0.110979
-0.116015
-0.120038
-0.122963
-0.124715
-0.125235
-0.124482
-0.122437
-0.119102
-0.114506
-0.108704
-0.101778
-0.0938334
-0.0850034
-0.0754416
-0.0653217
-0.0548333
-0.0441783
-0.033567
-0.0232133
-0.0133309
-0.00413819
0.00758274
0.0215658
0.0343572
0.045969
0.05643
0.0657801
0.074067
0.0813438
0.087666
0.09309
0.0976709
0.101461
0.104511
0.106863
0.108559
0.109633
0.110114
0.110027
0.109392
0.108223
0.106532
0.104326
0.101612
0.0983921
0.0946684
0.0904421
0.0857146
0.0804878
0.0747649
0.068551
0.0618537
0.0546837
0.0470552
0.0389868
0.0305016
0.021628
0.0124004
0.00285907
-0.0069488
-0.0169689
-0.0271396
-0.0373915
-0.0476473
-0.0578221
-0.0678232
-0.077551
-0.0868996
-0.0957575
-0.10401
-0.111538
-0.118226
-0.123959
-0.128627
-0.132129
-0.134378
-0.135299
-0.13484
-0.13297
-0.129681
-0.124995
-0.118964
-0.111668
-0.103216
-0.0937471
-0.0834241
-0.0724339
-0.0609813
-0.0492856
-0.0375759
-0.0260859
-0.015049
-0.00470339
0.00815351
0.02315
0.036836
0.0492331
0.0603788
0.0703219
0.0791187
0.0868303
0.09352
0.0992511
0.104085
0.108081
0.111293
0.11377
0.115557
0.11669
0.117204
0.117123
0.116471
0.115262
0.11351
0.111224
0.108408
0.105065
0.101199
0.0968083
0.0918945
0.0864584
0.0805019
0.074029
0.0670456
0.059561
0.0515879
0.043143
0.034248
0.0249298
0.0152212
0.0051616
-0.00520275
-0.015818
-0.0266221
-0.0375451
-0.048508
-0.0594232
-0.0701947
-0.0807177
-0.0908802
-0.100563
-0.109642
-0.117989
-0.125475
-0.13197
-0.137352
-0.141504
-0.144322
-0.145718
-0.145621
-0.143988
-0.140801
-0.136071
-0.129843
-0.122196
-0.11324
-0.10312
-0.0920089
-0.0801056
-0.0676316
-0.0548249
-0.0419352
-0.0292174
-0.0169267
-0.00532325
0.00873027
0.024751
0.0393416
0.0525328
0.0643712
0.0749143
0.0842269
0.0923784
0.0994399
0.105482
0.110572
0.114776
0.118153
0.120758
0.122637
0.123833
0.124382
0.124312
0.123646
0.122404
0.120597
0.118236
0.115327
0.111872
0.107872
0.103329
0.0982416
0.0926096
0.0864339
0.0797169
0.0724632
0.06468
0.0563783
0.0475729
0.0382835
0.0285352
0.0183589
0.00779236
-0.00311939
-0.0143235
-0.0257584
-0.0373539
-0.0490301
-0.0606976
-0.072257
-0.0835996
-0.0946074
-0.105154
-0.115106
-0.124325
-0.132669
-0.139995
-0.146163
-0.151041
-0.154507
-0.156455
-0.156797
-0.155473
-0.15245
-0.147729
-0.141346
-0.133375
-0.123927
-0.113149
-0.101226
-0.0883684
-0.0748157
-0.0608258
-0.0466705
-0.0326282
-0.0189775
-0.00600263
0.00931095
0.0263634
0.0418656
0.0558576
0.0683946
0.0795429
0.0893761
0.0979715
0.105408
0.111764
0.117113
0.121527
0.125071
0.127804
0.129778
0.13104
0.131626
0.13157
0.130896
0.129624
0.127769
0.125341
0.122346
0.118787
0.114666
0.109982
0.104734
0.0989205
0.092541
0.0855964
0.0780894
0.0700256
0.0614136
0.0522662
0.0426008
0.0324401
0.021813
0.0107551
-0.000690484
-0.0124724
-0.0245304
-0.0367946
-0.0491848
-0.0616105
-0.0739702
-0.0861515
-0.0980312
-0.109476
-0.120345
-0.130487
-0.139748
-0.147971
-0.155
-0.160684
-0.164881
-0.167466
-0.16833
-0.167395
-0.16461
-0.159962
-0.153474
-0.145215
-0.135292
-0.123858
-0.111103
-0.0972535
-0.0825655
-0.0673186
-0.0518086
-0.0363395
-0.0212155
-0.00674677
0.00989347
0.0279817
0.0443997
0.0591965
0.0724361
0.0841934
0.0945504
0.103593
0.111406
0.118077
0.123687
0.128313
0.132025
0.134888
0.136959
0.138286
0.138913
0.138873
0.138194
0.136898
0.135
0.132511
0.129439
0.125786
0.121554
0.116741
0.111346
0.105366
0.0987989
0.0916442
0.0839027
0.0755778
0.066676
0.0572075
0.0471873
0.0366354
0.0255782
0.0140486
0.00208727
-0.0102565
-0.0229242
-0.0358473
-0.0489463
-0.0621302
-0.0752962
-0.088329
-0.101101
-0.113474
-0.125297
-0.13641
-0.146646
-0.155832
-0.163797
-0.170368
-0.175384
-0.178695
-0.180174
-0.179716
-0.177253
-0.172751
-0.16622
-0.157718
-0.147349
-0.135266
-0.121667
-0.106791
-0.0909125
-0.0743341
-0.0573773
-0.0403735
-0.0236555
-0.00756123
0.0104758
0.0296003
0.0469355
0.062539
0.0764832
0.0888515
0.099734
0.109224
0.117417
0.124404
0.130275
0.135112
0.138992
0.141986
0.144153
0.145548
0.146216
0.146195
0.145514
0.144197
0.142261
0.139719
0.136577
0.132839
0.128506
0.123577
0.118048
0.111917
0.105179
0.0978328
0.0898766
0.0813118
0.0721424
0.0623761
0.052025
0.0411064
0.0296433
0.0176658
0.0052117
-0.00767261
-0.0209311
-0.0344973
-0.048293
-0.0622281
-0.0761991
-0.0900893
-0.103768
-0.117091
-0.1299
-0.142026
-0.15329
-0.163504
-0.172478
-0.180019
-0.185944
-0.190079
-0.192269
-0.192388
-0.190339
-0.186068
-0.179568
-0.170881
-0.160105
-0.14739
-0.132941
-0.117009
-0.0998878
-0.0819032
-0.0634046
-0.0447535
-0.026313
-0.00845188
0.0110558
0.0312139
0.0494649
0.0658745
0.0805234
0.093503
0.104911
0.11485
0.123421
0.130724
0.136855
0.141903
0.145951
0.149073
0.151337
0.152799
0.153509
0.153507
0.152826
0.151492
0.149522
0.146931
0.143727
0.139913
0.13549
0.130456
0.124807
0.11854
0.111649
0.10413
0.0959799
0.0871976
0.0777847
0.0677459
0.0570904
0.0458323
0.0339912
0.0215939
0.00867466
-0.00472356
-0.0185479
-0.0327347
-0.0472083
-0.06188
-0.0766472
-0.0913925
-0.105983
-0.120271
-0.134091
-0.147267
-0.159607
-0.170908
-0.180962
-0.189556
-0.196482
-0.20154
-0.204548
-0.205348
-0.203818
-0.199876
-0.193492
-0.18469
-0.173557
-0.160239
-0.144944
-0.127934
-0.109521
-0.0900564
-0.0699192
-0.0495031
-0.0292044
-0.00942494
0.0116316
0.0328174
0.05198
0.0691931
0.0845447
0.098134
0.110067
0.120453
0.129401
0.137018
0.143406
0.148663
0.152876
0.156126
0.158484
0.160012
0.160763
0.160781
0.1601
0.15875
0.15675
0.154115
0.150854
0.146972
0.142468
0.137341
0.131586
0.125199
0.118172
0.110499
0.102177
0.0932004
0.0835693
0.0732852
0.0623541
0.0507867
0.038599
0.0258139
0.0124616
-0.00141857
-0.0157779
-0.0305563
-0.0456814
-0.0610673
-0.0766133
-0.0922027
-0.107702
-0.12296
-0.137808
-0.152061
-0.165517
-0.177959
-0.18916
-0.198888
-0.206908
-0.212993
-0.216928
-0.218525
-0.217627
-0.214124
-0.207955
-0.199124
-0.187699
-0.173818
-0.15769
-0.139588
-0.11984
-0.0988239
-0.0769498
-0.0546465
-0.0323463
-0.0104869
0.0122014
0.0344059
0.0544736
0.0724851
0.0885357
0.102732
0.115186
0.126016
0.135338
0.143265
0.149909
0.15537
0.159745
0.163119
0.165568
0.167159
0.167948
0.167984
0.167304
0.165938
0.16391
0.161235
0.157922
0.153978
0.149402
0.144193
0.138345
0.131851
0.124706
0.1169
0.108427
0.0992806
0.0894578
0.0789571
0.0677813
0.0559372
0.0434373
0.0303
0.0165516
0.0022264
-0.0126311
-0.0279653
-0.0437083
-0.0597778
-0.0760763
-0.0924892
-0.108884
-0.125108
-0.14099
-0.156339
-0.170942
-0.18457
-0.196981
-0.207919
-0.217124
-0.224339
-0.229316
-0.231831
-0.231691
-0.228748
-0.222909
-0.214147
-0.20251
-0.188122
-0.171189
-0.151989
-0.13087
-0.108234
-0.0845248
-0.0602084
-0.0357561
-0.0116446
0.0127636
0.0359751
0.0569389
0.0757419
0.0924857
0.107283
0.120255
0.131524
0.141215
0.149448
0.156341
0.162002
0.166533
0.170025
0.17256
0.174209
0.175033
0.175084
0.174402
0.17302
0.170964
0.168251
0.164891
0.16089
0.15625
0.150968
0.145039
0.138455
0.131207
0.123287
0.114685
0.105394
0.095407
0.0847196
0.0733315
0.0612458
0.0484707
0.0350206
0.0209166
0.00618842
-0.00912474
-0.0249726
-0.0412922
-0.0580064
-0.075022
-0.092228
-0.109494
-0.126669
-0.14358
-0.16003
-0.175802
-0.190654
-0.204327
-0.216545
-0.227023
-0.235471
-0.241608
-0.245169
-0.24592
-0.243671
-0.238289
-0.229713
-0.217961
-0.203138
-0.18544
-0.165151
-0.142633
-0.118314
-0.092672
-0.0662134
-0.0394516
-0.0129051
0.0133166
0.037521
0.0593701
0.0789557
0.0963852
0.111778
0.12526
0.136962
0.147015
0.155548
0.162683
0.168536
0.173216
0.176819
0.179433
0.181133
0.181986
0.182047
0.181359
0.179959
0.177874
0.175123
0.171718
0.167665
0.162968
0.157622
0.151622
0.144961
0.137628
0.129613
0.120905
0.111493
0.101369
0.0905262
0.0789595
0.0666689
0.0536583
0.0399373
0.0255223
0.0104376
-0.00528347
-0.0215964
-0.0384443
-0.055756
-0.073444
-0.0914025
-0.109505
-0.127604
-0.145526
-0.163073
-0.180022
-0.196122
-0.2111
-0.22466
-0.236492
-0.246274
-0.253688
-0.258427
-0.26021
-0.258801
-0.25402
-0.245762
-0.234009
-0.21884
-0.200436
-0.17908
-0.155146
-0.129088
-0.101418
-0.0726861
-0.0434506
-0.0142758
0.0138593
0.0390407
0.0617622
0.0821201
0.100226
0.116205
0.130189
0.142316
0.152723
0.161546
0.168914
0.17495
0.179769
0.183473
0.186157
0.187901
0.188775
0.188838
0.188139
0.186716
0.184599
0.181809
0.17836
0.174259
0.169508
0.164106
0.158047
0.151321
0.143918
0.135826
0.127033
0.117526
0.107294
0.096326
0.0846156
0.0721581
0.0589534
0.0450064
0.0303281
0.0149371
-0.00113922
-0.0178629
-0.035184
-0.0530382
-0.0713449
-0.0900051
-0.108898
-0.127881
-0.146783
-0.165408
-0.183529
-0.200888
-0.217201
-0.232154
-0.245412
-0.256623
-0.265429
-0.271479
-0.274443
-0.27403
-0.270007
-0.262217
-0.250597
-0.235192
-0.21616
-0.193776
-0.168423
-0.140577
-0.110788
-0.0796505
-0.0477715
-0.0157641
0.0143908
0.0405318
0.0641117
0.08523
0.104002
0.120557
0.135034
0.147575
0.158325
0.167426
0.175015
0.181222
0.186168
0.189962
0.192704
0.19448
0.195365
0.195422
0.194704
0.193252
0.191098
0.188266
0.184772
0.180623
0.175824
0.170372
0.164261
0.157482
0.150024
0.141874
0.133017
0.123439
0.113125
0.102065
0.090246
0.0776608
0.0643049
0.0501784
0.0352871
0.0196436
0.00326897
-0.013806
-0.0315388
-0.0498731
-0.0687363
-0.0880373
-0.107664
-0.127478
-0.147317
-0.166985
-0.186257
-0.204872
-0.222536
-0.238919
-0.253663
-0.266389
-0.276697
-0.284192
-0.288488
-0.289236
-0.286141
-0.278987
-0.267655
-0.252145
-0.232583
-0.209228
-0.182467
-0.152798
-0.120805
-0.0871299
-0.0524322
-0.0173779
0.0149106
0.041993
0.0664165
0.0882822
0.107708
0.124828
0.139785
0.152727
0.163807
0.173173
0.180969
0.187332
0.19239
0.196259
0.199045
0.200839
0.201722
0.201762
0.201014
0.199525
0.197328
0.19445
0.190907
0.186711
0.181865
0.176368
0.170213
0.163393
0.155893
0.1477
0.138799
0.129174
0.118808
0.107686
0.0957938
0.0831205
0.0696573
0.0553994
0.0403475
0.024508
0.00789535
-0.00946706
-0.0275447
-0.0462899
-0.0656392
-0.085511
-0.105802
-0.126384
-0.147101
-0.167764
-0.188151
-0.208001
-0.227012
-0.244846
-0.261124
-0.275437
-0.287351
-0.296418
-0.3022
-0.304281
-0.302298
-0.295964
-0.285095
-0.269633
-0.249662
-0.225417
-0.19728
-0.165764
-0.13149
-0.0951467
-0.0574509
-0.019125
0.0154188
0.0434242
0.0686762
0.0912758
0.111343
0.129014
0.144437
0.157766
0.169159
0.178772
0.186757
0.193259
0.198411
0.202337
0.20515
0.206946
0.207812
0.207821
0.207032
0.205494
0.203245
0.200314
0.19672
0.192474
0.187582
0.182043
0.175851
0.168997
0.161468
0.153249
0.144324
0.134674
0.124282
0.113129
0.1012
0.0884781
0.0749518
0.0606116
0.0454527
0.0294757
0.0126881
-0.00489424
-0.0232453
-0.0423265
-0.0620845
-0.0824482
-0.103325
-0.124598
-0.146121
-0.167715
-0.189163
-0.210208
-0.230548
-0.249835
-0.267676
-0.283636
-0.297243
-0.308005
-0.315423
-0.319012
-0.318334
-0.313021
-0.302811
-0.287575
-0.267343
-0.242312
-0.21285
-0.179481
-0.142858
-0.103721
-0.0628453
-0.0210135
0.0159157
0.0448268
0.0708926
0.0942122
0.114906
0.133113
0.148986
0.162684
0.174372
0.184212
0.192366
0.198984
0.204209
0.208172
0.21099
0.21277
0.213601
0.213561
0.212716
0.211117
0.208805
0.205813
0.20216
0.197861
0.192922
0.187343
0.181119
0.17424
0.166693
0.158463
0.149532
0.13988
0.129488
0.118335
0.106403
0.0936725
0.0801273
0.0657541
0.0505426
0.0344877
0.0175902
-0.000142008
-0.0186913
-0.038029
-0.0581122
-0.0788814
-0.100256
-0.122133
-0.144377
-0.166822
-0.189261
-0.211444
-0.233072
-0.253794
-0.273206
-0.290851
-0.306227
-0.318793
-0.327991
-0.333265
-0.334092
-0.330014
-0.320679
-0.305874
-0.285554
-0.259868
-0.229157
-0.193949
-0.154925
-0.112873
-0.0686325
-0.0230515
0.0164025
0.0462038
0.0730698
0.097096
0.118402
0.137129
0.153433
0.167479
0.179439
0.189483
0.19778
0.204489
0.209762
0.213736
0.216537
0.218277
0.219052
0.218945
0.218026
0.216351
0.213964
0.2109
0.207181
0.202824
0.197836
0.192218
0.185965
0.179068
0.171514
0.163286
0.154366
0.144733
0.134366
0.123243
0.111342
0.0986413
0.0851212
0.0707638
0.0555543
0.0394817
0.0225401
0.00472988
-0.0139401
-0.033451
-0.0537712
-0.0748532
-0.0966303
-0.119012
-0.14188
-0.165081
-0.188424
-0.211667
-0.234522
-0.256639
-0.277609
-0.296958
-0.314156
-0.32862
-0.339733
-0.346863
-0.349399
-0.346783
-0.338558
-0.324411
-0.304208
-0.278027
-0.246172
-0.209161
-0.167697
-0.122619
-0.0748292
-0.0252471
0.0168811
0.0475603
0.0752149
0.0999349
0.121838
0.141067
0.157781
0.172151
0.184356
0.194576
0.202987
0.209759
0.215049
0.219006
0.221762
0.223436
0.22413
0.223934
0.222921
0.221153
0.218676
0.215528
0.211734
0.207313
0.202272
0.196614
0.190335
0.183425
0.175873
0.16766
0.158768
0.149174
0.138857
0.127792
0.115955
0.103322
0.0898699
0.0755768
0.0604232
0.0443927
0.0274731
0.00965737
-0.0090543
-0.0286529
-0.0491181
-0.0704153
-0.0924918
-0.115273
-0.138656
-0.162506
-0.186648
-0.210857
-0.234855
-0.258303
-0.280791
-0.301837
-0.320888
-0.337324
-0.35047
-0.35962
-0.364068
-0.363149
-0.356288
-0.343051
-0.323197
-0.296716
-0.263852
-0.2251
-0.181179
-0.132973
-0.081451
-0.0276086
0.0173543
0.0489034
0.0773383
0.102741
0.125227
0.144937
0.162037
0.176704
0.189124
0.199487
0.207978
0.214776
0.22005
0.223957
0.226636
0.228214
0.2288
0.22849
0.227361
0.225479
0.222895
0.21965
0.21577
0.211276
0.206178
0.200479
0.194176
0.187259
0.179716
0.17153
0.162681
0.153147
0.142902
0.131923
0.120182
0.107653
0.0943104
0.0801285
0.0650837
0.0491544
0.0323222
0.0145732
-0.00410079
-0.0237005
-0.0442169
-0.0656281
-0.0878962
-0.110963
-0.134744
-0.159123
-0.183944
-0.209005
-0.234043
-0.258734
-0.282675
-0.305383
-0.326291
-0.344746
-0.360022
-0.371342
-0.377901
-0.378918
-0.373688
-0.361639
-0.342398
-0.315844
-0.28214
-0.241741
-0.195368
-0.143946
-0.0885129
-0.0301441
0.0178258
0.0502431
0.0794542
0.105531
0.128583
0.148755
0.166213
0.181144
0.193744
0.20421
0.212741
0.219527
0.224745
0.228562
0.231129
0.232577
0.233025
0.232572
0.231302
0.229286
0.226577
0.223218
0.219241
0.214667
0.209506
0.203763
0.197436
0.190517
0.182991
0.174843
0.166052
0.156594
0.146444
0.135576
0.123962
0.111573
0.0983804
0.0843554
0.0694706
0.0536999
0.0370192
0.0194081
0.000850364
-0.018664
-0.0391368
-0.0605591
-0.0829078
-0.106141
-0.130195
-0.154973
-0.180342
-0.206122
-0.232075
-0.257896
-0.283197
-0.307504
-0.330241
-0.350734
-0.368214
-0.381832
-0.390689
-0.393882
-0.39056
-0.379997
-0.361665
-0.335303
-0.300966
-0.259048
-0.210255
-0.155546
-0.0960286
-0.0328617
0.0183007
0.0515928
0.0815816
0.108326
0.131931
0.15254
0.170326
0.185484
0.198221
0.208746
0.217271
0.223997
0.229114
0.232799
0.235211
0.236492
0.236766
0.23614
0.234702
0.232528
0.229674
0.226186
0.222099
0.217433
0.212204
0.206415
0.200065
0.193146
0.185645
0.177545
0.168825
0.159462
0.149428
0.138697
0.127239
0.115024
0.102019
0.0881949
0.0735196
0.0579628
0.0414958
0.0240917
0.00572725
-0.0136164
-0.0339516
-0.0552817
-0.0775981
-0.100877
-0.125071
-0.150109
-0.175882
-0.202236
-0.22896
-0.255774
-0.282316
-0.308125
-0.332632
-0.355149
-0.374873
-0.390893
-0.402218
-0.407818
-0.406689
-0.39793
-0.380832
-0.354964
-0.320243
-0.276972
-0.225823
-0.167778
-0.104011
-0.0357699
0.0187853
0.0529692
0.0837447
0.111154
0.135297
0.156318
0.174397
0.189739
0.202563
0.213096
0.22156
0.228173
0.233136
0.236639
0.238851
0.239922
0.239985
0.239152
0.237517
0.235159
0.232139
0.228505
0.224293
0.219528
0.214223
0.208385
0.202013
0.195098
0.187628
0.179587
0.170951
0.161699
0.151802
0.141232
0.129958
0.117948
0.105169
0.0915866
0.0771678
0.0618781
0.0456842
0.0285539
0.0104572
-0.00863278
-0.028738
-0.0498736
-0.0720451
-0.0952447
-0.119447
-0.1446
-0.170624
-0.197391
-0.224724
-0.252375
-0.28001
-0.307194
-0.333374
-0.357864
-0.379837
-0.398331
-0.412268
-0.420494
-0.421843
-0.41522
-0.39971
-0.374678
-0.339867
-0.295452
-0.242047
-0.180642
-0.112471
-0.0388768
0.019288
0.054394
0.085974
0.114051
0.138719
0.160123
0.178454
0.193928
0.206783
0.217261
0.225603
0.23204
0.236791
0.240056
0.242016
0.242831
0.242641
0.241564
0.2397
0.237132
0.233923
0.230126
0.225776
0.220901
0.215515
0.209625
0.20323
0.196323
0.188892
0.180918
0.172381
0.163255
0.153515
0.143128
0.132065
0.120291
0.107772
0.0944722
0.0803548
0.0653826
0.0495185
0.0327256
0.014968
-0.00378837
-0.0235742
-0.0444155
-0.0663309
-0.0893285
-0.113402
-0.138523
-0.164637
-0.191649
-0.219414
-0.247722
-0.276276
-0.304677
-0.332399
-0.35877
-0.382955
-0.403955
-0.420618
-0.431668
-0.435771
-0.431629
-0.418088
-0.394275
-0.359713
-0.314414
-0.258896
-0.194134
-0.12142
-0.0421911
0.0198191
0.055894
0.0883076
0.11706
0.142239
0.163994
0.182528
0.198076
0.210894
0.221246
0.229392
0.235583
0.240054
0.243018
0.244669
0.245177
0.244689
0.243329
0.241204
0.238397
0.234978
0.230998
0.226497
0.221502
0.216029
0.210085
0.203669
0.196774
0.189388
0.181492
0.173066
0.164084
0.154518
0.144338
0.133511
0.122002
0.109777
0.0967964
0.0830225
0.0684154
0.0529347
0.0365394
0.0191886
0.000842219
-0.0185385
-0.038989
-0.06054
-0.0832146
-0.107024
-0.131964
-0.158004
-0.185083
-0.213091
-0.241859
-0.271136
-0.300565
-0.32966
-0.357777
-0.384093
-0.407589
-0.42705
-0.441091
-0.448214
-0.446898
-0.435731
-0.413558
-0.379639
-0.333767
-0.276326
-0.208248
-0.130867
-0.0457218
0.0203916
0.0575029
0.0907925
0.120235
0.145911
0.167979
0.186659
0.202209
0.214911
0.225053
0.23292
0.238784
0.242897
0.245491
0.24677
0.246915
0.24608
0.244397
0.241975
0.238902
0.235249
0.23107
0.226405
0.221282
0.215717
0.209717
0.203282
0.196404
0.189071
0.181264
0.172962
0.164139
0.154767
0.144814
0.134248
0.123033
0.111132
0.0985066
0.0851161
0.0709188
0.0558717
0.0399307
0.0230507
0.00518626
-0.0137078
-0.0336754
-0.0547579
-0.0769918
-0.100405
-0.125014
-0.150816
-0.177778
-0.205832
-0.234851
-0.264631
-0.29487
-0.325133
-0.354821
-0.383138
-0.409067
-0.431352
-0.448514
-0.458895
-0.460749
-0.452377
-0.432307
-0.399476
-0.353405
-0.294286
-0.222972
-0.140824
-0.0494787
0.0210221
0.0592624
0.0934864
0.123639
0.149797
0.172133
0.190891
0.206358
0.218849
0.228683
0.236173
0.241617
0.245289
0.247434
0.248272
0.247994
0.246761
0.244711
0.241957
0.23859
0.234681
0.230287
0.225447
0.220188
0.214528
0.208472
0.202021
0.195167
0.187895
0.180188
0.172024
0.163376
0.154216
0.144513
0.134231
0.123336
0.11179
0.0995532
0.0865836
0.0728381
0.0582718
0.0428381
0.0264887
0.00917395
-0.00915668
-0.0285542
-0.0490689
-0.070749
-0.0936378
-0.117771
-0.143168
-0.169831
-0.197727
-0.226773
-0.256821
-0.287628
-0.318819
-0.349858
-0.379996
-0.40824
-0.43332
-0.453684
-0.467529
-0.472882
-0.467741
-0.450271
-0.419033
-0.3732
-0.312713
-0.238292
-0.151299
-0.0534728
0.0217308
0.0612238
0.0964598
0.12735
0.153973
0.176521
0.195272
0.210554
0.222721
0.232132
0.239135
0.244053
0.247185
0.248797
0.249119
0.248354
0.246671
0.24421
0.241089
0.2374
0.233215
0.228591
0.223565
0.218167
0.21241
0.206302
0.19984
0.193016
0.185817
0.178223
0.170211
0.161755
0.152826
0.143392
0.133419
0.12287
0.111707
0.09989
0.0873765
0.0741223
0.0600809
0.0452041
0.0294411
0.0127394
-0.00495586
-0.0237012
-0.0435543
-0.0645731
-0.0868141
-0.110329
-0.135163
-0.161343
-0.188873
-0.217718
-0.247785
-0.278893
-0.310743
-0.342871
-0.374598
-0.404982
-0.432766
-0.456354
-0.473822
-0.482979
-0.481507
-0.46717
-0.438087
-0.393006
-0.33153
-0.254188
-0.162305
-0.0577169
0.0225436
0.0634512
0.0997983
0.131461
0.158524
0.181214
0.199854
0.214826
0.226536
0.23539
0.241774
0.246048
0.248535
0.249518
0.249246
0.247927
0.245738
0.242823
0.239301
0.235265
0.230786
0.225919
0.220703
0.215162
0.209311
0.203154
0.196689
0.189907
0.182792
0.175324
0.16748
0.159234
0.150555
0.141412
0.13177
0.121592
0.110841
0.0994742
0.0874504
0.0747245
0.0612494
0.0469757
0.0318514
0.0158217
-0.00117102
-0.0191875
-0.0382909
-0.0585471
-0.0800232
-0.102786
-0.126899
-0.152416
-0.179376
-0.207788
-0.237613
-0.268741
-0.300951
-0.333868
-0.366902
-0.399187
-0.429515
-0.456282
-0.477474
-0.490702
-0.493329
-0.482686
-0.456382
-0.412648
-0.35065
-0.270639
-0.173857
-0.0622266
0.0234929
0.0660236
0.103606
0.13608
0.163549
0.186289
0.204689
0.2192
0.230292
0.23843
0.244049
0.247544
0.249267
0.249522
0.24857
0.246629
0.24388
0.240469
0.236515
0.23211
0.227323
0.222206
0.216795
0.211114
0.205174
0.198977
0.19252
0.185792
0.178775
0.17145
0.163793
0.155775
0.147367
0.138537
0.129249
0.119467
0.109154
0.0982671
0.086765
0.0746027
0.0617329
0.0481058
0.0336689
0.0183663
0.00213856
-0.0150775
-0.0333491
-0.0527478
-0.0733489
-0.0952309
-0.118474
-0.143154
-0.169343
-0.197089
-0.22641
-0.257263
-0.289513
-0.322882
-0.35689
-0.390776
-0.423413
-0.453235
-0.478179
-0.495693
-0.502829
-0.496462
-0.473622
-0.431922
-0.369967
-0.28762
-0.185974
-0.0670217
0.0246198
0.0690391
0.10801
0.141337
0.16916
0.19183
0.209825
0.223687
0.233971
0.241209
0.245893
0.248459
0.24929
0.24871
0.246992
0.244361
0.240999
0.237055
0.232642
0.22785
0.222746
0.217377
0.211775
0.20596
0.199941
0.193717
0.187283
0.180625
0.173725
0.166562
0.15911
0.151342
0.143226
0.134731
0.125822
0.116462
0.106613
0.0962352
0.0852858
0.0737208
0.0614933
0.0485539
0.0348502
0.020326
0.0049216
-0.0114275
-0.0287908
-0.0472435
-0.0668668
-0.0877479
-0.10998
-0.133658
-0.158881
-0.185734
-0.214286
-0.244563
-0.276515
-0.309972
-0.344577
-0.379698
-0.414333
-0.446996
-0.475633
-0.497575
-0.509594
-0.508093
-0.489464
-0.450584
-0.389354
-0.305106
-0.198684
-0.0721276
0.0259768
0.0726202
0.113162
0.147379
0.175477
0.197916
0.215297
0.228281
0.237527
0.243651
0.247209
0.248683
0.248486
0.24696
0.24439
0.241003
0.236982
0.232471
0.22758
0.222392
0.216969
0.211352
0.205568
0.199633
0.193551
0.18732
0.180928
0.174361
0.167599
0.16062
0.153397
0.145901
0.138102
0.129967
0.121461
0.112549
0.103192
0.0933515
0.0829854
0.0720505
0.060501
0.0482882
0.0353608
0.0216634
0.00713666
-0.00828369
-0.0246678
-0.0420926
-0.0606426
-0.080411
-0.1015
-0.124021
-0.148092
-0.173833
-0.201358
-0.230756
-0.262063
-0.29522
-0.330002
-0.365935
-0.402173
-0.437369
-0.469536
-0.495956
-0.513168
-0.517116
-0.503501
-0.468342
-0.408657
-0.323064
-0.212025
-0.0775786
0.0276314
0.0769199
0.119247
0.154377
0.182628
0.204617
0.221116
0.23294
0.240876
0.245641
0.247859
0.248064
0.246696
0.244115
0.24061
0.23641
0.231691
0.226592
0.221213
0.215631
0.209897
0.204046
0.198099
0.192066
0.185945
0.179729
0.173406
0.166957
0.16036
0.153592
0.146624
0.139427
0.131971
0.124222
0.116147
0.107709
0.0988728
0.0895985
0.0798462
0.0695737
0.0587366
0.047288
0.0351779
0.0223527
0.0087545
-0.00567965
-0.0210191
-0.0373405
-0.0547295
-0.0732823
-0.0931071
-0.114325
-0.137072
-0.161493
-0.187741
-0.215963
-0.246276
-0.278728
-0.313238
-0.349502
-0.38687
-0.424183
-0.459599
-0.49043
-0.513059
-0.523007
-0.515254
-0.484837
-0.427684
-0.34146
-0.226049
-0.0834212
0.0296716
0.0821304
0.126484
0.162521
0.190737
0.211981
0.227254
0.237572
0.243877
0.247002
0.247649
0.246399
0.243718
0.239978
0.235468
0.230408
0.224969
0.219273
0.213412
0.207449
0.201426
0.195369
0.189289
0.183188
0.177061
0.170895
0.164674
0.158375
0.151976
0.14545
0.138769
0.131902
0.124818
0.117485
0.10987
0.101936
0.0936495
0.0849715
0.0758638
0.0662858
0.0561951
0.0455468
0.0342931
0.022383
0.00976082
-0.00363398
-0.0178685
-0.0330176
-0.0491659
-0.0664098
-0.0848598
-0.104643
-0.125906
-0.148814
-0.173551
-0.200312
-0.229285
-0.260623
-0.294386
-0.330455
-0.368401
-0.407307
-0.445553
-0.480584
-0.508729
-0.525164
-0.524147
-0.499621
-0.446189
-0.360247
-0.240832
-0.0897201
0.0322135
0.0884944
0.135135
0.172013
0.199908
0.220004
0.233613
0.242002
0.246304
0.247478
0.246308
0.243417
0.239292
0.234305
0.228736
0.222795
0.216631
0.210353
0.204035
0.197725
0.191452
0.185229
0.17906
0.172937
0.166848
0.160776
0.154698
0.148592
0.14243
0.136184
0.129825
0.123323
0.116646
0.109762
0.102638
0.0952402
0.0875339
0.0794833
0.0710515
0.0622002
0.0528893
0.0430763
0.0327165
0.0217617
0.0101595
-0.00214722
-0.0152222
-0.0291369
-0.0439731
-0.0598248
-0.0768018
-0.0950329
-0.11467
-0.13589
-0.158899
-0.183931
-0.211234
-0.241053
-0.273584
-0.308893
-0.346792
-0.386656
-0.427164
-0.466008
-0.499601
-0.522897
-0.529483
-0.512125
-0.46384
-0.379361
-0.256476
-0.0965671
0.0354135
0.0963204
0.145507
0.183055
0.210198
0.228601
0.239987
0.245942
0.247816
0.246706
0.243471
0.238769
0.23309
0.226797
0.22015
0.213333
0.206474
0.199656
0.192933
0.186333
0.17987
0.173544
0.167346
0.161261
0.155268
0.149344
0.143464
0.1376
0.131722
0.125802
0.119808
0.113711
0.107479
0.10108
0.0944827
0.087654
0.0805611
0.0731701
0.0654463
0.0573539
0.0488553
0.0399114
0.0304806
0.0205183
0.00997624
-0.0011987
-0.0130657
-0.0256917
-0.0391537
-0.0535414
-0.0689605
-0.0855374
-0.103424
-0.122803
-0.143893
-0.166953
-0.192278
-0.220189
-0.251003
-0.284965
-0.322137
-0.362215
-0.404254
-0.446319
-0.485071
-0.515422
-0.530416
-0.521614
-0.480182
-0.398694
-0.273121
-0.104095
0.0394871
0.106002
0.157945
0.195818
0.221566
0.237539
0.246006
0.248934
0.247916
0.244184
0.238658
0.232009
0.224713
0.217103
0.209405
0.201767
0.194282
0.187005
0.179963
0.173162
0.166596
0.160251
0.154106
0.148135
0.142312
0.136605
0.130986
0.125424
0.119886
0.114344
0.108764
0.103118
0.0973731
0.0914995
0.0854663
0.0792426
0.0727974
0.0660989
0.0591152
0.051813
0.0441581
0.0361148
0.0276452
0.0187089
0.00926204
-0.000743476
-0.0113616
-0.0226535
-0.0346901
-0.0475546
-0.0613464
-0.0761859
-0.09222
-0.109629
-0.128637
-0.149513
-0.172584
-0.198228
-0.226859
-0.258884
-0.294604
-0.334055
-0.37673
-0.421186
-0.464526
-0.501862
-0.525916
-0.527118
-0.494562
-0.418061
-0.290947
-0.112499
0.0447405
0.118043
0.172818
0.210378
0.233786
0.246355
0.25105
0.250284
0.245899
0.239239
0.231254
0.222593
0.213692
0.204828
0.196174
0.187831
0.179848
0.172241
0.165008
0.158129
0.151579
0.145327
0.139339
0.133579
0.128014
0.122608
0.117326
0.112135
0.107002
0.101896
0.0967855
0.0916394
0.0864282
0.0811225
0.0756932
0.0701114
0.0643484
0.0583751
0.0521622
0.0456799
0.0388973
0.0317825
0.0243019
0.0164194
0.00809641
-0.000709975
-0.0100476
-0.0199711
-0.030544
-0.0418417
-0.0539548
-0.0669946
-0.0810988
-0.0964398
-0.113234
-0.131754
-0.152337
-0.175396
-0.201416
-0.23093
-0.264459
-0.302368
-0.344622
-0.390378
-0.437387
-0.48126
-0.514742
-0.527361
-0.506024
-0.437118
-0.31018
-0.122076
0.0516251
0.133082
0.190464
0.22661
0.246315
0.25422
0.254148
0.24899
0.240808
0.231007
0.220508
0.209892
0.19951
0.189561
0.180143
0.171292
0.163005
0.155257
0.14801
0.141219
0.134837
0.128817
0.123114
0.117682
0.11248
0.107469
0.102611
0.0978697
0.0932126
0.0886072
0.0840228
0.0794299
0.0748001
0.0701057
0.0653198
0.060416
0.055368
0.05015
0.0447357
0.0390988
0.0332123
0.0270482
0.0205775
0.0137689
0.00658909
-0.000998964
-0.00903662
-0.0175713
-0.0266583
-0.0363639
-0.0467684
-0.0579712
-0.0700971
-0.0833047
-0.0977967
-0.113833
-0.131747
-0.151961
-0.174995
-0.201474
-0.232086
-0.267496
-0.308138
-0.353836
-0.403182
-0.452633
-0.49543
-0.520658
-0.513147
-0.455221
-0.331061
-0.133288
0.0608349
0.151913
0.211064
0.243966
0.258059
0.259746
0.253832
0.243654
0.231401
0.218436
0.205564
0.193233
0.181663
0.170939
0.161065
0.152002
0.143689
0.136053
0.129023
0.122527
0.116499
0.110877
0.105605
0.100633
0.095912
0.0914003
0.0870585
0.0828504
0.0787424
0.0747033
0.0707037
0.0667158
0.0627134
0.0586711
0.0545648
0.0503707
0.0460658
0.0416275
0.0370331
0.03226
0.0272852
0.0220851
0.0166352
0.0109093
0.00487949
-0.00148507
-0.008219
-0.0153621
-0.022961
-0.0310718
-0.0397633
-0.0491213
-0.0592545
-0.0703032
-0.0824489
-0.0959294
-0.111056
-0.128235
-0.147992
-0.170986
-0.198017
-0.22998
-0.267728
-0.311764
-0.36166
-0.41507
-0.466328
-0.504819
-0.51381
-0.471165
-0.353764
-0.146867
0.0734748
0.175434
0.234343
0.261089
0.267028
0.260742
0.24801
0.232448
0.216179
0.200359
0.185562
0.172018
0.159768
0.148753
0.138871
0.13
0.122018
0.114811
0.108275
0.102316
0.0968527
0.0918134
0.0871345
0.0827606
0.0786425
0.0747365
0.0710037
0.0674088
0.0639199
0.0605079
0.0571457
0.0538083
0.0504722
0.0471152
0.0437162
0.0402548
0.0367116
0.0330674
0.0293035
0.025401
0.0213412
0.0171049
0.0126721
0.00802211
0.00313224
-0.00202217
-0.00746892
-0.01324
-0.0193732
-0.0259142
-0.0329192
-0.0404593
-0.0486252
-0.0575351
-0.0673443
-0.0782591
-0.0905547
-0.1046
-0.120886
-0.14006
-0.162956
-0.190602
-0.224167
-0.26476
-0.312971
-0.367935
-0.425737
-0.477112
-0.504891
-0.482724
-0.378127
-0.163951
0.0913199
0.204415
0.258948
0.275164
0.269864
0.253969
0.233914
0.213201
0.193557
0.175709
0.159853
0.145928
0.133756
0.123122
0.113814
0.105634
0.09841
0.0919927
0.086256
0.0810932
0.076414
0.0721421
0.0682127
0.0645705
0.0611675
0.0579625
0.0549191
0.0520052
0.0491922
0.0464543
0.0437682
0.0411124
0.0384671
0.0358137
0.0331348
0.0304139
0.0276353
0.0247835
0.0218439
0.0188016
0.0156421
0.0123505
0.00891167
0.00530956
0.00152708
-0.00245459
-0.00665656
-0.0111033
-0.0158237
-0.020853
-0.0262351
-0.0320254
-0.0382956
-0.0451401
-0.0526838
-0.0610952
-0.0706027
-0.081518
-0.094268
-0.109436
-0.127812
-0.150439
-0.178645
-0.213974
-0.25792
-0.311202
-0.372243
-0.434416
-0.482007
-0.485944
-0.403029
-0.186192
0.117233
0.23872
0.281155
0.280905
0.261343
0.23509
0.208352
0.183802
0.162319
0.143949
0.128399
0.115271
0.104169
0.094737
0.0866754
0.0797355
0.073715
0.0684499
0.0638075
0.0596799
0.0559791
0.0526329
0.0495813
0.0467746
0.0441704
0.0417331
0.0394316
0.0372393
0.0351325
0.0330903
0.031094
0.0291266
0.0271726
0.0252178
0.0232487
0.0212529
0.0192185
0.0171343
0.0149892
0.0127726
0.010474
0.00808271
0.00558788
0.0029782
0.000241566
-0.00263526
-0.00566726
-0.00887176
-0.0122694
-0.0158855
-0.0197517
-0.0239084
-0.0284084
-0.0333212
-0.0387403
-0.0447928
-0.0516532
-0.0595636
-0.0688629
-0.0800276
-0.0937286
-0.110906
-0.132851
-0.161278
-0.198276
-0.245961
-0.305348
-0.373707
-0.439409
-0.47416
-0.425182
-0.215877
0.156131
0.275088
0.291983
0.268806
0.233906
0.199026
0.168431
0.14302
0.122383
0.105741
0.0923073
0.0814019
0.0724756
0.0650983
0.0589379
0.0537391
0.0493055
0.0454851
0.0421593
0.0392353
0.0366393
0.0343121
0.0322061
0.0302819
0.0285073
0.026855
0.025302
0.0238286
0.0224176
0.0210542
0.0197249
0.0184179
0.0171223
0.0158284
0.0145271
0.0132098
0.0118688
0.0104965
0.00908574
0.00762952
0.00612104
0.00455351
0.00292001
0.00121335
-0.00057411
-0.00245075
-0.00442606
-0.00651109
-0.00871909
-0.0110663
-0.0135734
-0.0162669
-0.0191813
-0.0223631
-0.0258747
-0.0298018
-0.0342633
-0.0394262
-0.0455281
-0.0529109
-0.0620715
-0.0737376
-0.0889766
-0.109342
-0.137031
-0.174952
-0.226329
-0.292941
-0.370146
-0.436582
-0.436772
-0.256244
0.213989
0.300598
0.272375
0.223956
0.178792
0.141949
0.113582
0.0922023
0.0761062
0.0638881
0.0544973
0.0471736
0.0413734
0.0367084
0.0329
0.0297463
0.027099
0.0248483
0.0229114
0.0212249
0.0197401
0.0184186
0.01723
0.0161497
0.0151578
0.0142378
0.0133757
0.0125599
0.0117803
0.0110281
0.0102957
0.00957622
0.00886357
0.00815219
0.00743701
0.00671334
0.00597685
0.00522342
0.00444919
0.00365042
0.00282347
0.00196475
0.00107064
0.00013735
-0.000839098
-0.00186312
-0.0029397
-0.0040747
-0.00527518
-0.00654992
-0.00791009
-0.00937016
-0.0109493
-0.012673
-0.0145763
-0.016707
-0.0191323
-0.0219471
-0.0252884
-0.0293563
-0.034449
-0.0410183
-0.0497611
-0.0617699
-0.0787734
-0.103491
-0.140014
-0.193639
-0.268269
-0.357424
-0.419018
-0.305816
0.266009
0.275955
0.198596
0.138936
0.0984643
0.0710661
0.0526642
0.0402607
0.0317401
0.0257331
0.021381
0.0181426
0.015671
0.0137403
0.0122
0.0109475
0.00991148
0.00904093
0.00829881
0.00765761
0.00709655
0.00659964
0.00615439
0.00575086
0.00538107
0.00503847
0.00471763
0.00441398
0.00412364
0.00384324
0.00356985
0.00330089
0.00303403
0.00276721
0.00249853
0.00222626
0.00194881
0.00166467
0.00137246
0.00107083
0.000758475
0.000434125
9.64847e-05
-0.000255697
-0.000623896
-0.00100969
-0.00141487
-0.00184155
-0.00229234
-0.00277051
-0.00328027
-0.00382713
-0.00441844
-0.00506407
-0.00577753
-0.00657751
-0.00749023
-0.00855303
-0.00982011
-0.0113716
-0.0133289
-0.0158808
-0.0193307
-0.0241842
-0.0313194
-0.0423284
-0.0601787
-0.0903349
-0.141897
-0.2255
-0.331008
-0.319485
0.142935
0.125432
0.0767435
0.0457847
0.0280219
0.0176529
0.0115782
0.00799233
0.00581832
0.00444647
0.00354126
0.00291663
0.00246705
0.00213105
0.00187163
0.0016657
0.00149832
0.00135946
0.00124214
0.0011414
0.00105358
0.000975957
0.000906414
0.00084331
0.000785332
0.000731417
0.000680689
0.000632413
0.000585966
0.000540812
0.000496484
0.000452573
0.000408714
0.000364581
0.000319877
0.000274336
0.000227711
0.000179775
0.000130317
7.91354e-05
2.60384e-05
-2.91691e-05
-8.66897e-05
-0.00014663
-0.000209282
-0.000274885
-0.000343714
-0.000416108
-0.000492502
-0.000573453
-0.000659693
-0.000752199
-0.000852281
-0.000961725
-0.00108298
-0.00121946
-0.00137595
-0.0015593
-0.0017795
-0.00205142
-0.00239795
-0.00285548
-0.0034847
-0.00439274
-0.00578224
-0.00806641
-0.0121427
-0.0200323
-0.0362275
-0.069559
-0.12766
-0.152141
)
;

boundaryField
{
    movingWall
    {
        type            calculated;
        value           uniform 0;
    }
    fixedWalls
    {
        type            calculated;
        value           uniform 0;
    }
    frontAndBack
    {
        type            empty;
    }
}


// ************************************************************************* //
