/*--------------------------------*- C++ -*----------------------------------*\
  =========                 |
  \\      /  F ield         | OpenFOAM: The Open Source CFD Toolbox
   \\    /   O peration     | Website:  https://openfoam.org
    \\  /    A nd           | Version:  dev
     \\/     M anipulation  |
\*---------------------------------------------------------------------------*/
FoamFile
{
    format      ascii;
    class       volScalarField;
    location    "43.65";
    object      Uy;
}
// * * * * * * * * * * * * * * * * * * * * * * * * * * * * * * * * * * * * * //

dimensions      [0 1 -1 0 0 0 0];

internalField   nonuniform List<scalar> 
5184
(
-1.26287e-05
-2.08478e-05
-1.72357e-05
-8.19305e-06
2.6708e-06
1.36203e-05
2.38495e-05
3.30544e-05
4.11148e-05
4.80358e-05
5.38786e-05
5.87282e-05
6.26774e-05
6.58175e-05
6.82331e-05
6.99996e-05
7.11812e-05
7.18304e-05
7.19883e-05
7.16845e-05
7.09382e-05
6.97598e-05
6.81522e-05
6.61125e-05
6.36335e-05
6.07055e-05
5.73178e-05
5.3461e-05
4.91278e-05
4.43153e-05
3.9026e-05
3.32691e-05
2.70619e-05
2.04304e-05
1.34101e-05
6.04704e-06
-1.60281e-06
-9.47292e-06
-1.74867e-05
-2.55583e-05
-3.35932e-05
-4.14898e-05
-4.91409e-05
-5.64354e-05
-6.32607e-05
-6.95049e-05
-7.5059e-05
-7.98203e-05
-8.36939e-05
-8.65962e-05
-8.84565e-05
-8.92197e-05
-8.88476e-05
-8.73203e-05
-8.46374e-05
-8.08185e-05
-7.59029e-05
-6.99494e-05
-6.30357e-05
-5.52579e-05
-4.67301e-05
-3.75854e-05
-2.7979e-05
-1.80932e-05
-8.15342e-06
1.54569e-06
1.05792e-05
1.83105e-05
2.3728e-05
2.514e-05
1.98588e-05
6.24647e-06
-4.57737e-05
-6.56514e-05
-4.05423e-05
7.63988e-06
6.56914e-05
0.000126017
0.000184334
0.000238396
0.000287062
0.000329886
0.00036683
0.000398082
0.000423954
0.000444813
0.000461038
0.000472985
0.000480979
0.000485293
0.000486153
0.00048373
0.000478145
0.000469474
0.000457756
0.000443
0.000425193
0.000404314
0.000380337
0.000353246
0.00032304
0.000289746
0.000253427
0.000214182
0.000172164
0.000127575
8.06752e-05
3.1783e-05
-1.8722e-05
-7.04015e-05
-0.00012276
-0.00017525
-0.000227278
-0.00027821
-0.000327385
-0.000374124
-0.000417743
-0.000457565
-0.000492938
-0.000523248
-0.000547932
-0.000566497
-0.00057853
-0.00058371
-0.000581823
-0.000572765
-0.000556553
-0.000533325
-0.000503345
-0.000467003
-0.000424814
-0.000377419
-0.000325586
-0.000270221
-0.000212386
-0.000153334
-9.4575e-05
-3.79869e-05
1.39667e-05
5.79797e-05
8.94597e-05
0.000101911
8.65612e-05
3.65049e-05
-8.1284e-05
-9.50243e-05
-1.91348e-05
0.000105943
0.000254696
0.000410673
0.000563554
0.000707198
0.000838154
0.000954716
0.00105628
0.00114296
0.00121524
0.00127387
0.00131966
0.00135344
0.00137597
0.00138793
0.00138989
0.00138229
0.00136545
0.0013396
0.00130487
0.00126131
0.00120895
0.00114777
0.00107776
0.000998936
0.000911359
0.00081517
0.0007106
0.000597996
0.00047783
0.000350719
0.000217428
7.88818e-05
-6.38397e-05
-0.0002095
-0.000356715
-0.000503967
-0.000649619
-0.000791938
-0.000929121
-0.00105932
-0.0011807
-0.00129142
-0.00138973
-0.00147399
-0.0015427
-0.00159454
-0.00162841
-0.00164348
-0.00163918
-0.00161525
-0.00157177
-0.00150913
-0.00142809
-0.00132974
-0.00121554
-0.00108729
-0.000947163
-0.000797732
-0.000642006
-0.000483516
-0.000326465
-0.000175941
-3.82635e-05
7.85469e-05
0.000164189
0.000205497
0.00018636
9.04298e-05
-9.77703e-05
-7.31792e-05
8.47754e-05
0.000318404
0.000590202
0.000874541
0.00115438
0.00141893
0.0016617
0.00187918
0.00206979
0.00223328
0.00237022
0.00248165
0.00256882
0.00263309
0.00267572
0.00269786
0.00270051
0.00268445
0.00265027
0.00259841
0.00252913
0.0024426
0.00233888
0.00221803
0.0020801
0.0019252
0.00175354
0.00156547
0.00136151
0.00114239
0.000909104
0.000662878
0.000405231
0.000137964
-0.000136832
-0.000416786
-0.000699261
-0.000981379
-0.00126005
-0.00153202
-0.0017939
-0.00204227
-0.00227365
-0.00248468
-0.00267209
-0.00283285
-0.00296416
-0.00306362
-0.00312919
-0.00315933
-0.00315303
-0.00310983
-0.00302988
-0.00291398
-0.00276354
-0.00258068
-0.00236816
-0.00212942
-0.00186862
-0.00159066
-0.00130125
-0.00100708
-0.000715959
-0.000437167
-0.00018185
3.63784e-05
0.000200792
0.000290996
0.000282691
0.000147344
-8.44565e-05
2.08494e-05
0.000295464
0.000668135
0.00109104
0.00153027
0.00196236
0.00237183
0.00274895
0.00308809
0.00338648
0.00364328
0.00385896
0.00403476
0.00417235
0.00427354
0.00434012
0.00437374
0.00437583
0.00434756
0.00428983
0.00420332
0.00408847
0.00394558
0.00377485
0.00357642
0.00335049
0.00309734
0.00281739
0.00251133
0.00218009
0.00182496
0.00144757
0.00104999
0.00063469
0.0002046
-0.000236921
-0.000686083
-0.00113869
-0.0015902
-0.00203572
-0.00247015
-0.00288819
-0.00328445
-0.00365354
-0.0039902
-0.00428937
-0.00454629
-0.00475667
-0.00491675
-0.00502339
-0.00507421
-0.00506764
-0.00500299
-0.00488054
-0.00470153
-0.00446825
-0.00418402
-0.00385321
-0.0034813
-0.00307486
-0.00264164
-0.00219062
-0.00173223
-0.00127853
-0.000843556
-0.000443813
-9.88661e-05
0.000167941
0.000328869
0.000351174
0.000194225
-3.75765e-05
0.000197341
0.000626981
0.00117057
0.00177213
0.0023908
0.00299749
0.00357241
0.0041027
0.0045806
0.00500201
0.00536545
0.00567116
0.00592051
0.00611548
0.00625833
0.00635135
0.00639666
0.00639614
0.00635136
0.00626354
0.00613363
0.00596228
0.00574998
0.00549707
0.00520388
0.00487078
0.00449831
0.00408723
0.00363863
0.00315401
0.00263531
0.00208502
0.0015062
0.000902477
0.000278124
-0.000361998
-0.00101243
-0.00166717
-0.0023197
-0.00296309
-0.00359008
-0.00419316
-0.0047647
-0.00529711
-0.00578296
-0.00621509
-0.00658685
-0.00689217
-0.00712575
-0.00728318
-0.00736113
-0.00735736
-0.00727094
-0.00710225
-0.00685307
-0.00652664
-0.00612771
-0.0056625
-0.00513879
-0.00456594
-0.00395492
-0.00331845
-0.00267113
-0.00202969
-0.00141333
-0.000844201
-0.000347989
4.53237e-05
0.000300783
0.000377569
0.000224629
4.40625e-05
0.000461306
0.00108725
0.00183511
0.002643
0.00346466
0.00426643
0.00502485
0.00572431
0.00635512
0.00691195
0.00739263
0.00779718
0.00812704
0.00838446
0.00857212
0.00869274
0.00874894
0.00874302
0.00867692
0.00855223
0.00837015
0.00813159
0.00783724
0.00748764
0.00708334
0.00662497
0.00611338
0.00554977
0.00493573
0.00427343
0.00356564
0.00281582
0.00202816
0.00120767
0.000360119
-0.000507918
-0.0013891
-0.00227539
-0.00315808
-0.00402795
-0.00487532
-0.00569024
-0.00646262
-0.00718238
-0.00783968
-0.00842509
-0.00892978
-0.00934572
-0.00966591
-0.00988451
-0.00999707
-0.0100006
-0.00989396
-0.0096775
-0.00935363
-0.00892661
-0.00840273
-0.00779025
-0.00709948
-0.00634283
-0.00553481
-0.00469218
-0.00383403
-0.00298206
-0.00216089
-0.00139846
-0.000726612
-0.000181861
0.000193976
0.000352768
0.000235123
0.000160456
0.000814615
0.00168007
0.00266679
0.00370905
0.00475678
0.00577294
0.00673122
0.00761381
0.00840945
0.00911178
0.00971809
0.0102282
0.0106436
0.0109669
0.0112011
0.0113494
0.0114148
0.0114
0.0113074
0.0111389
0.010896
0.0105798
0.0101913
0.0097312
0.00920038
0.00859976
0.00793059
0.00719454
0.00639384
0.00553141
0.00461094
0.00363702
0.00261513
0.00155175
0.000454344
-0.000668631
-0.00180779
-0.00295284
-0.00409273
-0.00521571
-0.00630951
-0.00736152
-0.00835893
-0.009289
-0.0101393
-0.0108978
-0.0115534
-0.0120959
-0.0125164
-0.0128074
-0.0129634
-0.0129804
-0.0128568
-0.0125932
-0.0121924
-0.0116599
-0.0110034
-0.0102336
-0.0093632
-0.00840803
-0.00738632
-0.00631908
-0.00523014
-0.00414638
-0.00309795
-0.00211866
-0.00124649
-0.000524245
-1.64108e-07
0.000271199
0.000223997
0.000310967
0.00125718
0.0024064
0.00366746
0.0049726
0.00626943
0.00751867
0.00869212
0.00977043
0.0107412
0.0115975
0.0123361
0.0129568
0.0134614
0.0138526
0.0141339
0.0143089
0.014381
0.0143535
0.014229
0.0140097
0.0136974
0.0132936
0.0127994
0.0122158
0.0115441
0.0107854
0.00994145
0.00901452
0.00800753
0.00692423
0.00576934
0.00454865
0.00326906
0.00193865
0.000566709
-0.000836306
-0.00225879
-0.00368809
-0.0051106
-0.00651189
-0.00787692
-0.00919021
-0.0104361
-0.0115989
-0.0126635
-0.013615
-0.0144399
-0.0151255
-0.0156609
-0.0160369
-0.0162464
-0.0162846
-0.0161494
-0.0158412
-0.0153635
-0.0147227
-0.0139284
-0.0129931
-0.0119327
-0.0107663
-0.00951591
-0.00820707
-0.0068685
-0.00553236
-0.00423445
-0.00301447
-0.00191646
-0.000989296
-0.000287164
0.000129751
0.0001906
0.000494693
0.00178776
0.00326535
0.00483676
0.00643363
0.00800262
0.00950339
0.0109067
0.0121924
0.0133476
0.0143649
0.0152412
0.0159764
0.0165725
0.0170327
0.0173607
0.0175608
0.0176368
0.0175923
0.0174303
0.0171533
0.0167635
0.0162625
0.0156517
0.0149326
0.0141065
0.013175
0.0121405
0.0110058
0.0097744
0.00845115
0.0070418
0.00555344
0.00399445
0.00237462
0.000705152
-0.00100137
-0.00273104
-0.00446868
-0.006198
-0.00790178
-0.00956203
-0.0111603
-0.0126777
-0.0140958
-0.0153961
-0.0165611
-0.0175743
-0.0184206
-0.0190868
-0.0195617
-0.0198366
-0.0199056
-0.0197658
-0.0194177
-0.018865
-0.0181152
-0.0171795
-0.0160727
-0.0148135
-0.0134243
-0.0119315
-0.0103649
-0.00875824
-0.00714921
-0.00557926
-0.00409402
-0.00274347
-0.0015824
-0.000670571
-7.31915e-05
0.00013485
0.000710601
0.00240445
0.00425485
0.0061727
0.00809034
0.00995462
0.0117252
0.0133727
0.0148769
0.016225
0.0174097
0.0184282
0.0192809
0.01997
0.0204993
0.0208733
0.0210964
0.021173
0.021107
0.020902
0.0205607
0.0200855
0.0194784
0.018741
0.017875
0.0168822
0.0157646
0.0145251
0.0131669
0.0116947
0.010114
0.00843178
0.00665649
0.00479804
0.00286799
0.000879527
-0.00115258
-0.003212
-0.00528098
-0.00734043
-0.0093702
-0.0113492
-0.0132559
-0.0150681
-0.0167641
-0.0183224
-0.0197221
-0.0209439
-0.0219699
-0.0227843
-0.0233737
-0.0237277
-0.0238389
-0.0237037
-0.0233222
-0.0226984
-0.0218407
-0.0207617
-0.0194787
-0.0180131
-0.0163909
-0.0146423
-0.0128021
-0.010909
-0.00900614
-0.00714082
-0.00536459
-0.00373339
-0.00230775
-0.00115283
-0.000338469
5.69156e-05
0.000957612
0.00310496
0.00537201
0.0076722
0.00993958
0.0121222
0.0141807
0.0160865
0.01782
0.019369
0.0207269
0.0218915
0.0228639
0.0236471
0.0242454
0.0246639
0.0249076
0.0249814
0.0248897
0.0246363
0.0242243
0.0236565
0.022935
0.0220618
0.0210388
0.0198681
0.0185523
0.0170946
0.015499
0.0137709
0.0119168
0.009945
0.0078651
0.00568868
0.00342908
0.0011015
-0.00127704
-0.00368774
-0.00611018
-0.00852242
-0.0109013
-0.0132225
-0.0154611
-0.0175917
-0.0195891
-0.0214283
-0.0230853
-0.0245373
-0.0257635
-0.0267453
-0.0274669
-0.0279157
-0.0280828
-0.0279633
-0.0275569
-0.0268678
-0.0259049
-0.0246826
-0.02322
-0.0215414
-0.0196764
-0.0176593
-0.0155295
-0.0133311
-0.0111128
-0.00892766
-0.00683332
-0.00489169
-0.00316909
-0.00173595
-0.000666647
-4.29879e-05
0.00123464
0.00388673
0.00661339
0.00933135
0.0119772
0.0145011
0.0168656
0.0190435
0.0210168
0.0227744
0.0243109
0.0256252
0.0267194
0.0275972
0.028264
0.0287255
0.0289873
0.029055
0.0289334
0.0286266
0.0281383
0.0274712
0.0266279
0.0256106
0.0244215
0.023063
0.0215381
0.0198505
0.018005
0.0160076
0.0138659
0.0115891
0.00918851
0.00667707
0.00406996
0.00138442
-0.00136029
-0.00414288
-0.00694021
-0.00972743
-0.0124782
-0.0151651
-0.0177596
-0.0202329
-0.022556
-0.0247004
-0.0266386
-0.0283442
-0.029793
-0.0309635
-0.031837
-0.0323985
-0.0326372
-0.032547
-0.0321264
-0.0313796
-0.0303163
-0.0289517
-0.0273073
-0.0254101
-0.0232931
-0.0209948
-0.0185593
-0.0160361
-0.0134796
-0.0109489
-0.00850767
-0.00622407
-0.00417024
-0.00242199
-0.00105837
-0.000164727
0.00154057
0.00474706
0.0079752
0.0111456
0.0141981
0.017086
0.0197743
0.0222381
0.0244615
0.0264352
0.0281556
0.029623
0.0308406
0.0318137
0.0325484
0.0330513
0.033329
0.0333875
0.0332321
0.0328675
0.0322976
0.0315254
0.0305538
0.0293852
0.028022
0.0264671
0.0247237
0.022796
0.0206895
0.018411
0.0159689
0.0133736
0.0106376
0.00777559
0.00480437
0.0017432
-0.00138638
-0.00456064
-0.00775369
-0.0109377
-0.0140833
-0.0171594
-0.0201343
-0.0229752
-0.0256496
-0.0281249
-0.0303697
-0.0323542
-0.0340502
-0.0354329
-0.0364805
-0.0371751
-0.0375038
-0.0374585
-0.0370367
-0.0362421
-0.0350846
-0.0335807
-0.0317535
-0.0296328
-0.027255
-0.0246627
-0.0219051
-0.0190368
-0.0161181
-0.0132145
-0.0103959
-0.00773684
-0.00531554
-0.00321347
-0.00151462
-0.000308337
0.00187432
0.0056831
0.00945328
0.0131099
0.0165968
0.0198709
0.0229004
0.0256637
0.0281474
0.0303447
0.0322541
0.0338778
0.0352207
0.0362895
0.0370916
0.0376347
0.0379261
0.0379727
0.0377803
0.037354
0.036698
0.0358158
0.0347103
0.0333843
0.0318405
0.0300818
0.0281119
0.0259355
0.0235586
0.0209887
0.018235
0.0153092
0.0122248
0.00899805
0.00564744
0.00219419
-0.00133799
-0.00492288
-0.00853192
-0.0121343
-0.0156974
-0.0191869
-0.0225671
-0.0258017
-0.0288539
-0.0316873
-0.0342663
-0.0365569
-0.0385271
-0.040148
-0.0413943
-0.0422452
-0.0426847
-0.0427026
-0.0422951
-0.0414648
-0.0402216
-0.0385828
-0.0365731
-0.0342248
-0.0315778
-0.0286788
-0.0255819
-0.0223472
-0.0190413
-0.0157357
-0.0125074
-0.00943733
-0.0066102
-0.00411359
-0.00203689
-0.000474086
0.00223475
0.00669189
0.0110432
0.0152187
0.0191669
0.0228488
0.0262368
0.0293129
0.032067
0.0344953
0.0365988
0.0383822
0.0398522
0.0410175
0.0418867
0.0424689
0.0427723
0.0428047
0.0425725
0.0420813
0.0413357
0.0403395
0.0390958
0.0376076
0.0358776
0.0339093
0.0317065
0.0292744
0.0266192
0.0237493
0.0206747
0.0174079
0.0139636
0.0103594
0.00661554
0.00275495
-0.00119648
-0.00521019
-0.00925491
-0.013297
-0.0173004
-0.0212274
-0.0250387
-0.0286938
-0.032152
-0.0353723
-0.0383149
-0.040941
-0.0432146
-0.0451024
-0.0465751
-0.0476081
-0.0481823
-0.0482848
-0.0479095
-0.047058
-0.0457397
-0.0439722
-0.0417818
-0.039203
-0.0362789
-0.0330605
-0.0296067
-0.0259835
-0.0222636
-0.0185256
-0.014853
-0.0113341
-0.00806056
-0.00512649
-0.00262734
-0.000662509
0.0026207
0.00777032
0.0127404
0.0174663
0.0219016
0.0260124
0.0297757
0.0331777
0.036212
0.0388786
0.0411814
0.0431278
0.0447271
0.0459896
0.046926
0.0475466
0.047861
0.0478775
0.0476035
0.0470451
0.0462072
0.045094
0.0437088
0.0420547
0.0401348
0.0379524
0.0355119
0.0328184
0.029879
0.0267022
0.0232989
0.0196823
0.0158683
0.0118757
0.00772599
0.00344411
-0.000942167
-0.00540196
-0.00990144
-0.014404
-0.0188705
-0.0232597
-0.0275283
-0.0316319
-0.0355253
-0.039163
-0.0425004
-0.0454941
-0.048103
-0.0502892
-0.0520188
-0.0532629
-0.0539987
-0.0542099
-0.053888
-0.0530326
-0.0516522
-0.0497645
-0.0473967
-0.0445855
-0.0413771
-0.0378266
-0.0339981
-0.0299633
-0.0258016
-0.0215985
-0.0174451
-0.0134373
-0.00967425
-0.00625734
-0.00328882
-0.000874438
0.00303097
0.00891513
0.0145398
0.0198462
0.0247936
0.0293537
0.0335084
0.0372489
0.0405734
0.0434854
0.0459928
0.0481058
0.0498366
0.0511976
0.0522016
0.0528605
0.053185
0.0531846
0.0528676
0.0522404
0.0513087
0.0500766
0.0485478
0.0467256
0.0446131
0.0422139
0.0395323
0.0365739
0.0333458
0.0298571
0.0261191
0.0221457
0.0179538
0.0135632
0.00899684
0.00428107
-0.000554408
-0.00547657
-0.0104491
-0.0154326
-0.0203848
-0.0252608
-0.0300135
-0.0345944
-0.0389535
-0.0430408
-0.0468064
-0.0502018
-0.0531806
-0.0556995
-0.0577197
-0.0592073
-0.0601349
-0.0604825
-0.0602382
-0.0593992
-0.0579725
-0.0559754
-0.0534356
-0.0503917
-0.0468927
-0.0429979
-0.0387764
-0.0343061
-0.0296732
-0.0249708
-0.020298
-0.0157587
-0.0114603
-0.0075125
-0.00402503
-0.00111102
0.0034643
0.0101229
0.0164362
0.0223518
0.0278351
0.0328638
0.0374257
0.0415171
0.0451412
0.0483059
0.0510231
0.0533065
0.0551711
0.0566323
0.0577047
0.0584021
0.0587368
0.0587193
0.0583587
0.0576622
0.0566359
0.0552842
0.0536112
0.0516199
0.0493138
0.0466965
0.0437722
0.0405467
0.0370273
0.0332233
0.0291465
0.0248113
0.0202352
0.0154389
0.0104465
0.00528577
-1.1914e-05
-0.00541156
-0.0108745
-0.0163587
-0.0218187
-0.0272062
-0.0324702
-0.0375578
-0.0424144
-0.0469848
-0.0512139
-0.0550475
-0.0584334
-0.0613225
-0.0636701
-0.065437
-0.0665904
-0.0671057
-0.0669669
-0.0661681
-0.0647141
-0.0626211
-0.059917
-0.0566417
-0.052847
-0.0485963
-0.0439636
-0.0390333
-0.0338987
-0.0286609
-0.0234276
-0.0183116
-0.0134295
-0.00889957
-0.00484047
-0.00137372
0.00391935
0.0113899
0.018424
0.0249759
0.0310178
0.0365336
0.0415176
0.0459718
0.0499048
0.0533294
0.0562616
0.0587192
0.0607206
0.0622838
0.0634259
0.0641627
0.064508
0.0644738
0.06407
0.0633046
0.062184
0.0607133
0.0588963
0.0567365
0.0542372
0.0514019
0.0482351
0.0447422
0.0409308
0.0368101
0.0323922
0.0276919
0.0227271
0.0175193
0.0120934
0.00647834
0.000706988
-0.00518389
-0.0111535
-0.0171572
-0.0231466
-0.02907
-0.0348725
-0.0404967
-0.0458834
-0.050972
-0.0557016
-0.060012
-0.0638449
-0.0671446
-0.0698601
-0.0719456
-0.0733625
-0.0740806
-0.0740791
-0.0733481
-0.0718893
-0.0697172
-0.0668593
-0.0633563
-0.0592626
-0.0546451
-0.0495833
-0.0441679
-0.0384999
-0.032689
-0.026852
-0.0211114
-0.0155938
-0.0104274
-0.00574052
-0.00166435
0.00439472
0.0127124
0.0204974
0.0277111
0.0343327
0.0403533
0.0457735
0.050602
0.0548528
0.0585442
0.0616969
0.0643327
0.0664737
0.0681411
0.0693547
0.0701322
0.0704894
0.0704396
0.0699937
0.0691607
0.0679473
0.066359
0.0643998
0.0620733
0.0593827
0.0563313
0.0529236
0.0491649
0.0450624
0.0406256
0.0358664
0.0307997
0.0254438
0.0198205
0.0139556
0.00787873
0.00162401
-0.00477023
-0.0112613
-0.0178021
-0.0243417
-0.0308247
-0.0371926
-0.0433837
-0.0493336
-0.0549763
-0.060245
-0.0650731
-0.0693953
-0.0731491
-0.076276
-0.0787234
-0.0804457
-0.081406
-0.0815779
-0.0809464
-0.0795094
-0.0772787
-0.0742807
-0.0705565
-0.0661622
-0.0611687
-0.0556604
-0.0497348
-0.0435009
-0.0370774
-0.0305911
-0.0241753
-0.0179672
-0.0121062
-0.00673147
-0.00198504
0.00488891
0.0140864
0.02265
0.0305492
0.0377705
0.0443122
0.0501822
0.0553957
0.059973
0.063938
0.0673164
0.0701346
0.0724185
0.0741927
0.0754797
0.0762999
0.0766708
0.0766071
0.0761211
0.0752225
0.0739187
0.0722155
0.0701171
0.067627
0.0647483
0.0614843
0.057839
0.0538177
0.0494271
0.0446766
0.0395778
0.0341457
0.0283983
0.0223579
0.0160504
0.00950629
0.0027605
-0.00414735
-0.0111729
-0.0182671
-0.025376
-0.0324416
-0.0394013
-0.046189
-0.0527355
-0.0589692
-0.0648169
-0.0702051
-0.0750614
-0.0793155
-0.0829011
-0.0857573
-0.0878308
-0.0890772
-0.0894632
-0.0889676
-0.0875835
-0.0853191
-0.0821985
-0.0782627
-0.0735692
-0.068192
-0.0622209
-0.0557602
-0.0489271
-0.0418501
-0.0346669
-0.0275221
-0.0205652
-0.0139475
-0.00782046
-0.00233829
0.00540035
0.0155074
0.0248755
0.0334819
0.0413212
0.0483993
0.0547317
0.0603405
0.0652525
0.0694976
0.073107
0.0761117
0.0785418
0.0804256
0.0817886
0.0826537
0.0830405
0.0829655
0.0824421
0.0814808
0.0800899
0.0782754
0.0760418
0.0733925
0.0703304
0.0668587
0.0629809
0.0587019
0.0540281
0.0489682
0.0435337
0.037739
0.0316021
0.025145
0.0183938
0.0113793
0.00413704
-0.00329249
-0.0108635
-0.0185252
-0.0262213
-0.0338908
-0.0414675
-0.0488812
-0.0560575
-0.0629191
-0.0693864
-0.0753788
-0.080816
-0.0856193
-0.0897138
-0.0930297
-0.0955046
-0.0970857
-0.0977314
-0.0974133
-0.0961182
-0.0938496
-0.0906285
-0.0864947
-0.0815064
-0.0757406
-0.0692919
-0.0622716
-0.0548057
-0.0470331
-0.0391031
-0.0311728
-0.0234048
-0.0159642
-0.00901557
-0.00272691
0.00592735
0.016971
0.0271668
0.0365003
0.0449743
0.052603
0.0594094
0.065423
0.0706775
0.0752091
0.0790544
0.0822498
0.0848296
0.0868259
0.0882677
0.0891804
0.0895859
0.0895024
0.0889448
0.0879247
0.0864508
0.0845297
0.0821659
0.079363
0.0761236
0.0724504
0.0683466
0.0638165
0.0588661
0.0535032
0.0477388
0.0415868
0.0350646
0.0281937
0.0210001
0.0135146
0.00577288
-0.00218389
-0.010309
-0.0185501
-0.0268489
-0.0351418
-0.0433592
-0.0514268
-0.0592653
-0.0667916
-0.0739196
-0.080561
-0.0866274
-0.0920313
-0.096688
-0.100518
-0.103449
-0.105418
-0.106374
-0.106281
-0.105116
-0.102879
-0.0995843
-0.0952706
-0.089996
-0.0838396
-0.0769007
-0.0692976
-0.0611654
-0.052654
-0.0439252
-0.0351498
-0.0265049
-0.0181704
-0.0103258
-0.00315408
0.00646816
0.0184724
0.0295166
0.0395951
0.0487191
0.056911
0.064202
0.0706292
0.0762335
0.0810574
0.0851436
0.0885336
0.0912666
0.0933786
0.0949021
0.0958653
0.0962927
0.0962042
0.0956162
0.0945415
0.0929895
0.0909671
0.0884793
0.0855293
0.0821197
0.0782528
0.0739311
0.0691582
0.0639394
0.0582819
0.0521956
0.0456936
0.0387925
0.0315133
0.0238813
0.0159268
0.00768549
-0.000801283
-0.00948622
-0.0183158
-0.0272304
-0.0361636
-0.0450433
-0.0537909
-0.0623226
-0.0705495
-0.0783788
-0.0857146
-0.0924598
-0.0985173
-0.103792
-0.108195
-0.111641
-0.114056
-0.115379
-0.115563
-0.114577
-0.112411
-0.109076
-0.104606
-0.0990586
-0.0925135
-0.0850746
-0.0768672
-0.0680357
-0.0587417
-0.0491603
-0.0394773
-0.0298858
-0.0205817
-0.0117609
-0.00362329
0.00702091
0.0200066
0.0319175
0.0427566
0.0525439
0.0613105
0.0690957
0.0759445
0.0819051
0.0870268
0.0913585
0.0949471
0.0978367
0.100068
0.101676
0.102693
0.103145
0.103055
0.102441
0.101317
0.0996919
0.0975745
0.0949694
0.09188
0.0883084
0.0842565
0.0797263
0.0747205
0.0692434
0.0633013
0.0569031
0.0500607
0.0427898
0.0351102
0.0270464
0.0186279
0.00988993
0.000873532
-0.00837379
-0.0177979
-0.0273379
-0.0369256
-0.0464861
-0.0559375
-0.0651913
-0.074153
-0.0827233
-0.0907985
-0.0982724
-0.105038
-0.11099
-0.116026
-0.120049
-0.122974
-0.124726
-0.125246
-0.124493
-0.122447
-0.119111
-0.114515
-0.108713
-0.101785
-0.0938405
-0.0850097
-0.0754471
-0.0653263
-0.0548371
-0.0441813
-0.0335692
-0.0232147
-0.0133317
-0.00413842
0.0075837
0.0215686
0.0343615
0.0459747
0.056437
0.0657882
0.0740761
0.0813536
0.0876765
0.093101
0.0976823
0.101473
0.104522
0.106875
0.108571
0.109645
0.110126
0.110039
0.109403
0.108234
0.106542
0.104336
0.101621
0.0984007
0.0946764
0.0904494
0.0857212
0.0804936
0.0747699
0.0685551
0.061857
0.054686
0.0470567
0.0389873
0.0305012
0.0216268
0.0123983
0.00285607
-0.00695265
-0.0169736
-0.0271451
-0.0373978
-0.0476544
-0.0578298
-0.0678316
-0.0775601
-0.0869092
-0.0957676
-0.10402
-0.111549
-0.118238
-0.12397
-0.128638
-0.132141
-0.134389
-0.135311
-0.134852
-0.13298
-0.129691
-0.125005
-0.118974
-0.111677
-0.103224
-0.0937539
-0.0834301
-0.072439
-0.0609855
-0.0492889
-0.0375784
-0.0260875
-0.0150499
-0.00470367
0.00815453
0.0231529
0.0368405
0.0492391
0.0603862
0.0703305
0.0791283
0.0868407
0.093531
0.0992627
0.104097
0.108093
0.111306
0.113783
0.115569
0.116703
0.117216
0.117135
0.116482
0.115273
0.113521
0.111234
0.108417
0.105074
0.101207
0.0968159
0.0919013
0.0864644
0.0805071
0.0740332
0.067049
0.0595635
0.0515894
0.0431436
0.0342477
0.0249286
0.0152191
0.00515855
-0.00520668
-0.0158227
-0.0266278
-0.0375515
-0.0485152
-0.0594312
-0.0702033
-0.0807271
-0.0908901
-0.100574
-0.109653
-0.118
-0.125486
-0.131982
-0.137364
-0.141517
-0.144335
-0.14573
-0.145633
-0.144
-0.140812
-0.136081
-0.129853
-0.122205
-0.113249
-0.103128
-0.0920154
-0.0801112
-0.0676362
-0.0548286
-0.0419379
-0.0292193
-0.0169278
-0.00532356
0.00873135
0.024754
0.0393464
0.0525392
0.064379
0.0749233
0.0842369
0.0923893
0.0994514
0.105494
0.110585
0.114789
0.118166
0.120771
0.12265
0.123846
0.124394
0.124324
0.123658
0.122415
0.120609
0.118247
0.115337
0.111881
0.107881
0.103337
0.0982486
0.0926158
0.0864392
0.0797213
0.0724667
0.0646825
0.0563799
0.0475735
0.0382832
0.0285339
0.0183567
0.00778927
-0.00312338
-0.0143283
-0.0257642
-0.0373605
-0.0490375
-0.0607057
-0.0722658
-0.0836091
-0.0946175
-0.105165
-0.115118
-0.124337
-0.132681
-0.140007
-0.146176
-0.151054
-0.15452
-0.156467
-0.156809
-0.155485
-0.152462
-0.14774
-0.141357
-0.133385
-0.123935
-0.113157
-0.101233
-0.0883745
-0.0748208
-0.0608298
-0.0466735
-0.0326302
-0.0189787
-0.00600299
0.00931208
0.0263666
0.0418707
0.0558643
0.0684027
0.0795523
0.0893865
0.0979829
0.10542
0.111776
0.117126
0.12154
0.125085
0.127818
0.129792
0.131053
0.131639
0.131583
0.130908
0.129636
0.127781
0.125352
0.122356
0.118797
0.114675
0.10999
0.104741
0.0989268
0.0925464
0.0856009
0.078093
0.0700282
0.0614152
0.0522669
0.0426005
0.0324389
0.0218108
0.010752
-0.000694531
-0.0124774
-0.0245362
-0.0368012
-0.0491923
-0.0616188
-0.0739792
-0.0861612
-0.0980415
-0.109487
-0.120356
-0.130499
-0.13976
-0.147984
-0.155013
-0.160697
-0.164894
-0.167479
-0.168343
-0.167408
-0.164623
-0.159973
-0.153485
-0.145225
-0.135301
-0.123866
-0.111111
-0.09726
-0.082571
-0.067323
-0.0518119
-0.0363417
-0.0212168
-0.00674718
0.00989465
0.027985
0.044405
0.0592035
0.0724446
0.0842032
0.0945612
0.103604
0.111419
0.118091
0.123701
0.128326
0.132039
0.134902
0.136973
0.1383
0.138927
0.138886
0.138207
0.13691
0.135012
0.132523
0.12945
0.125796
0.121563
0.11675
0.111354
0.105372
0.0988045
0.0916488
0.0839064
0.0755805
0.0666777
0.0572082
0.047187
0.0366342
0.025576
0.0140454
0.00208318
-0.0102615
-0.0229301
-0.0358541
-0.0489539
-0.0621386
-0.0753053
-0.0883388
-0.101112
-0.113485
-0.125308
-0.136422
-0.146658
-0.155845
-0.16381
-0.170381
-0.175397
-0.178709
-0.180187
-0.179729
-0.177265
-0.172763
-0.166232
-0.157729
-0.147359
-0.135275
-0.121675
-0.106798
-0.0909184
-0.0743388
-0.0573809
-0.040376
-0.0236569
-0.00756168
0.010477
0.0296037
0.046941
0.0625462
0.076492
0.0888616
0.0997453
0.109237
0.11743
0.124418
0.130289
0.135126
0.139007
0.142
0.144168
0.145563
0.14623
0.146208
0.145527
0.14421
0.142273
0.13973
0.136588
0.132849
0.128516
0.123585
0.118056
0.111924
0.105185
0.0978375
0.0898803
0.0813145
0.0721441
0.0623769
0.0520248
0.0411051
0.029641
0.0176626
0.00520757
-0.00767766
-0.0209371
-0.0345041
-0.0483006
-0.0622365
-0.0762083
-0.0900992
-0.103779
-0.117102
-0.129912
-0.142039
-0.153303
-0.163518
-0.172491
-0.180033
-0.185958
-0.190093
-0.192283
-0.192401
-0.190352
-0.186081
-0.17958
-0.170892
-0.160115
-0.147399
-0.132949
-0.117016
-0.0998941
-0.0819083
-0.0634085
-0.0447562
-0.0263146
-0.00845238
0.0110571
0.0312175
0.0494705
0.065882
0.0805325
0.0935134
0.104923
0.114863
0.123434
0.130738
0.136869
0.141917
0.145966
0.149088
0.151352
0.152814
0.153524
0.153521
0.15284
0.151505
0.149535
0.146943
0.143738
0.139923
0.135499
0.130464
0.124815
0.118547
0.111655
0.104135
0.0959837
0.0872004
0.0777864
0.0677466
0.0570902
0.045831
0.033989
0.0215907
0.00867049
-0.00472865
-0.0185539
-0.0327415
-0.047216
-0.0618885
-0.0766564
-0.0914025
-0.105994
-0.120282
-0.134103
-0.14728
-0.159619
-0.170921
-0.180975
-0.18957
-0.196496
-0.201554
-0.204562
-0.205362
-0.203831
-0.199889
-0.193504
-0.184702
-0.173568
-0.160249
-0.144953
-0.127942
-0.109528
-0.0900619
-0.0699234
-0.049506
-0.0292061
-0.00942549
0.0116329
0.032821
0.0519858
0.0692007
0.084554
0.0981447
0.110079
0.120466
0.129414
0.137032
0.143421
0.148678
0.152892
0.156142
0.1585
0.160027
0.160778
0.160795
0.160114
0.158763
0.156763
0.154127
0.150866
0.146982
0.142478
0.13735
0.131594
0.125205
0.118177
0.110504
0.102181
0.0932032
0.083571
0.0732859
0.0623538
0.0507854
0.0385967
0.0258106
0.0124574
-0.00142369
-0.0157839
-0.0305631
-0.0456891
-0.0610758
-0.0766226
-0.0922126
-0.107713
-0.122971
-0.13782
-0.152074
-0.16553
-0.177972
-0.189174
-0.198902
-0.206922
-0.213007
-0.216942
-0.218539
-0.217641
-0.214137
-0.207968
-0.199136
-0.18771
-0.173829
-0.1577
-0.139596
-0.119847
-0.0988297
-0.0769543
-0.0546497
-0.0323482
-0.0104875
0.0122028
0.0344096
0.0544795
0.0724929
0.0885451
0.102742
0.115198
0.126029
0.135352
0.14328
0.149924
0.155386
0.159761
0.163135
0.165583
0.167174
0.167963
0.167998
0.167318
0.165952
0.163923
0.161247
0.157934
0.153988
0.149412
0.144201
0.138352
0.131858
0.124712
0.116905
0.108431
0.0992834
0.0894594
0.0789578
0.0677809
0.0559358
0.0434349
0.0302967
0.0165473
0.00222124
-0.0126371
-0.0279722
-0.043716
-0.0597863
-0.0760855
-0.0924991
-0.108894
-0.125119
-0.141002
-0.156351
-0.170954
-0.184584
-0.196995
-0.207933
-0.217138
-0.224353
-0.229331
-0.231846
-0.231705
-0.228762
-0.222922
-0.21416
-0.202522
-0.188133
-0.171199
-0.151998
-0.130878
-0.10824
-0.0845296
-0.0602118
-0.0357582
-0.0116453
0.0127649
0.0359789
0.0569449
0.0757499
0.0924953
0.107294
0.120267
0.131537
0.141229
0.149463
0.156356
0.162018
0.166549
0.170041
0.172576
0.174225
0.175049
0.175098
0.174416
0.173034
0.170977
0.168263
0.164902
0.160901
0.15626
0.150977
0.145047
0.138461
0.131213
0.123292
0.114689
0.105397
0.0954086
0.0847202
0.0733311
0.0612443
0.0484683
0.0350172
0.0209123
0.00618323
-0.00913079
-0.0249795
-0.0412999
-0.0580148
-0.0750311
-0.0922378
-0.109505
-0.12668
-0.143592
-0.160043
-0.175815
-0.190667
-0.204341
-0.216559
-0.227037
-0.235486
-0.241623
-0.245184
-0.245934
-0.243685
-0.238303
-0.229726
-0.217973
-0.203149
-0.18545
-0.16516
-0.142641
-0.118321
-0.0926771
-0.0662171
-0.0394538
-0.0129058
0.013318
0.0375249
0.0593761
0.0789638
0.096395
0.111789
0.125272
0.136975
0.147029
0.155563
0.162698
0.168552
0.173232
0.176835
0.179449
0.181149
0.182002
0.182062
0.181374
0.179973
0.177887
0.175135
0.171729
0.167676
0.162977
0.157631
0.15163
0.144968
0.137634
0.129618
0.120908
0.111496
0.101371
0.0905267
0.078959
0.0666674
0.0536558
0.0399339
0.025518
0.0104323
-0.00528955
-0.0216033
-0.038452
-0.0557644
-0.0734531
-0.0914123
-0.109516
-0.127615
-0.145537
-0.163085
-0.180034
-0.196135
-0.211114
-0.224674
-0.236506
-0.246289
-0.253703
-0.258441
-0.260225
-0.258815
-0.254034
-0.245775
-0.234021
-0.218852
-0.200447
-0.17909
-0.155155
-0.129095
-0.101424
-0.07269
-0.043453
-0.0142765
0.0138607
0.0390446
0.0617683
0.0821282
0.100236
0.116216
0.130202
0.14233
0.152738
0.161561
0.168929
0.174966
0.179785
0.18349
0.186173
0.187917
0.18879
0.188853
0.188154
0.18673
0.184613
0.181822
0.178371
0.174269
0.169518
0.164115
0.158054
0.151328
0.143924
0.135831
0.127037
0.117529
0.107295
0.0963264
0.084615
0.0721565
0.0589508
0.0450028
0.0303236
0.0149318
-0.00114531
-0.0178698
-0.0351916
-0.0530465
-0.071354
-0.0900147
-0.108909
-0.127892
-0.146795
-0.16542
-0.183541
-0.200901
-0.217215
-0.232168
-0.245426
-0.256637
-0.265444
-0.271494
-0.274458
-0.274045
-0.270021
-0.26223
-0.25061
-0.235204
-0.216171
-0.193786
-0.168431
-0.140584
-0.110794
-0.0796546
-0.0477739
-0.0157649
0.0143922
0.0405357
0.0641179
0.0852381
0.104012
0.120569
0.135046
0.147589
0.158339
0.167441
0.175031
0.181238
0.186184
0.189979
0.19272
0.194496
0.19538
0.195437
0.194718
0.193266
0.191111
0.188279
0.184783
0.180634
0.175834
0.170381
0.164269
0.157489
0.15003
0.141878
0.13302
0.123441
0.113127
0.102065
0.0902452
0.0776591
0.0643022
0.0501748
0.0352826
0.0196383
0.00326286
-0.0138129
-0.0315464
-0.0498813
-0.0687452
-0.0880468
-0.107674
-0.127489
-0.147328
-0.166997
-0.18627
-0.204885
-0.222549
-0.238932
-0.253677
-0.266403
-0.276712
-0.284206
-0.288502
-0.28925
-0.286155
-0.279001
-0.267669
-0.252157
-0.232594
-0.209238
-0.182476
-0.152805
-0.120811
-0.0871342
-0.0524348
-0.0173788
0.014912
0.0419968
0.0664226
0.0882903
0.107718
0.124839
0.139797
0.152741
0.163822
0.173188
0.180984
0.187348
0.192406
0.196275
0.199061
0.200855
0.201738
0.201777
0.201029
0.199539
0.197341
0.194462
0.190919
0.186722
0.181875
0.176377
0.170221
0.163399
0.155898
0.147705
0.138803
0.129176
0.118809
0.107686
0.0957929
0.0831187
0.0696545
0.0553957
0.0403429
0.0245026
0.00788922
-0.00947393
-0.0275523
-0.0462981
-0.065648
-0.0855203
-0.105812
-0.126394
-0.147112
-0.167776
-0.188163
-0.208013
-0.227025
-0.244859
-0.261138
-0.275451
-0.287365
-0.296432
-0.302214
-0.304295
-0.302312
-0.295977
-0.285108
-0.269645
-0.249674
-0.225428
-0.197289
-0.165772
-0.131496
-0.0951512
-0.0574537
-0.0191259
0.0154201
0.043428
0.0686823
0.0912838
0.111353
0.129025
0.144449
0.157779
0.169174
0.178788
0.186773
0.193275
0.198427
0.202354
0.205166
0.206962
0.207828
0.207836
0.207046
0.205508
0.203258
0.200326
0.196731
0.192484
0.187591
0.182051
0.175858
0.169003
0.161473
0.153253
0.144327
0.134676
0.124283
0.113129
0.101199
0.0884761
0.0749489
0.0606078
0.0454481
0.0294703
0.0126819
-0.0049011
-0.0232528
-0.0423346
-0.0620932
-0.0824574
-0.103335
-0.124608
-0.146132
-0.167726
-0.189175
-0.21022
-0.230561
-0.249848
-0.267689
-0.283649
-0.297257
-0.308019
-0.315437
-0.319026
-0.318348
-0.313034
-0.302824
-0.287588
-0.267355
-0.242322
-0.212859
-0.179489
-0.142865
-0.103726
-0.0628481
-0.0210145
0.015917
0.0448306
0.0708985
0.0942201
0.114916
0.133125
0.148998
0.162698
0.174386
0.184228
0.192382
0.199
0.204225
0.208188
0.211006
0.212785
0.213616
0.213576
0.21273
0.21113
0.208818
0.205825
0.202171
0.197872
0.192932
0.187352
0.181126
0.174246
0.166698
0.158467
0.149535
0.139882
0.129489
0.118335
0.106402
0.0936703
0.0801243
0.0657501
0.0505379
0.0344823
0.017584
-0.000148855
-0.0186988
-0.038037
-0.0581208
-0.0788905
-0.100266
-0.122143
-0.144387
-0.166832
-0.189272
-0.211455
-0.233083
-0.253806
-0.273218
-0.290864
-0.30624
-0.318807
-0.328005
-0.333279
-0.334105
-0.330027
-0.320692
-0.305886
-0.285566
-0.259879
-0.229167
-0.193957
-0.154931
-0.112878
-0.0686355
-0.0230525
0.0164038
0.0462075
0.0730756
0.0971037
0.118412
0.13714
0.153445
0.167492
0.179453
0.189498
0.197795
0.204505
0.209778
0.213752
0.216553
0.218293
0.219067
0.21896
0.21804
0.216364
0.213977
0.210911
0.207192
0.202834
0.197845
0.192226
0.185972
0.179074
0.171518
0.163289
0.154368
0.144735
0.134367
0.123243
0.111341
0.098639
0.085118
0.0707598
0.0555495
0.0394762
0.0225338
0.00472304
-0.0139475
-0.033459
-0.0537796
-0.074862
-0.0966396
-0.119022
-0.14189
-0.165092
-0.188434
-0.211679
-0.234534
-0.256651
-0.277621
-0.29697
-0.314169
-0.328633
-0.339746
-0.346876
-0.349412
-0.346796
-0.338571
-0.324423
-0.304219
-0.278038
-0.246182
-0.209169
-0.167704
-0.122624
-0.0748322
-0.0252482
0.0168824
0.0475638
0.0752206
0.0999425
0.121848
0.141078
0.157793
0.172164
0.184371
0.194591
0.203003
0.209774
0.215065
0.219022
0.221778
0.223451
0.224145
0.223949
0.222935
0.221166
0.218688
0.215539
0.211745
0.207322
0.202281
0.196622
0.190341
0.183431
0.175877
0.167663
0.15877
0.149176
0.138858
0.127792
0.115954
0.10332
0.0898666
0.0755726
0.0604183
0.0443871
0.0274668
0.00965055
-0.00906166
-0.0286608
-0.0491264
-0.070424
-0.0925009
-0.115282
-0.138666
-0.162516
-0.186658
-0.210867
-0.234866
-0.258314
-0.280802
-0.301849
-0.3209
-0.337336
-0.350482
-0.359632
-0.364081
-0.363162
-0.3563
-0.343063
-0.323209
-0.296727
-0.263862
-0.225109
-0.181186
-0.132978
-0.0814542
-0.0276097
0.0173555
0.0489068
0.0773438
0.102748
0.125236
0.144948
0.162049
0.176717
0.189138
0.199501
0.207993
0.214791
0.220066
0.223972
0.226651
0.228229
0.228815
0.228504
0.227375
0.225492
0.222908
0.219661
0.215781
0.211286
0.206187
0.200487
0.194182
0.187265
0.179721
0.171534
0.162683
0.153148
0.142902
0.131922
0.12018
0.10765
0.0943069
0.0801243
0.0650787
0.0491487
0.0323159
0.0145664
-0.0041081
-0.0237083
-0.044225
-0.0656366
-0.0879051
-0.110972
-0.134753
-0.159133
-0.183954
-0.209015
-0.234053
-0.258744
-0.282685
-0.305394
-0.326302
-0.344757
-0.360034
-0.371354
-0.377913
-0.378931
-0.3737
-0.361651
-0.34241
-0.315855
-0.28215
-0.24175
-0.195375
-0.143951
-0.0885162
-0.0301452
0.017827
0.0502465
0.0794595
0.105538
0.128592
0.148765
0.166225
0.181157
0.193757
0.204224
0.212756
0.219542
0.22476
0.228578
0.231144
0.232592
0.233039
0.232586
0.231316
0.229298
0.226589
0.22323
0.219252
0.214676
0.209514
0.20377
0.197442
0.190522
0.182995
0.174846
0.166054
0.156595
0.146444
0.135575
0.12396
0.11157
0.0983768
0.0843511
0.0694656
0.0536942
0.037013
0.0194013
0.000843123
-0.0186716
-0.0391448
-0.0605674
-0.0829163
-0.10615
-0.130204
-0.154982
-0.180351
-0.206131
-0.232085
-0.257906
-0.283208
-0.307514
-0.330252
-0.350745
-0.368225
-0.381844
-0.390701
-0.393894
-0.390572
-0.380009
-0.361676
-0.335313
-0.300976
-0.259056
-0.210262
-0.155551
-0.0960319
-0.0328629
0.0183018
0.0515959
0.0815867
0.108333
0.131939
0.15255
0.170337
0.185497
0.198234
0.20876
0.217285
0.224011
0.229129
0.232814
0.235225
0.236506
0.23678
0.236153
0.234716
0.23254
0.229685
0.226197
0.222109
0.217442
0.212212
0.206422
0.200071
0.193151
0.185649
0.177548
0.168827
0.159463
0.149428
0.138696
0.127237
0.115021
0.102016
0.0881905
0.0735145
0.0579571
0.0414895
0.024085
0.00572008
-0.013624
-0.0339594
-0.0552898
-0.0776065
-0.100885
-0.12508
-0.150118
-0.175891
-0.202245
-0.228969
-0.255784
-0.282326
-0.308135
-0.332642
-0.355159
-0.374884
-0.390904
-0.402229
-0.40783
-0.406701
-0.397941
-0.380843
-0.354974
-0.320253
-0.27698
-0.22583
-0.167783
-0.104014
-0.035771
0.0187863
0.0529722
0.0837495
0.111161
0.135305
0.156328
0.174408
0.189751
0.202576
0.213109
0.221574
0.228187
0.233151
0.236654
0.238865
0.239937
0.239999
0.239165
0.23753
0.235171
0.23215
0.228516
0.224303
0.219537
0.214231
0.208392
0.202018
0.195103
0.187632
0.179589
0.170953
0.161699
0.151802
0.141231
0.129956
0.117945
0.105165
0.0915821
0.0771627
0.0618724
0.045678
0.0285473
0.0104501
-0.0086402
-0.0287457
-0.0498815
-0.0720532
-0.095253
-0.119455
-0.144609
-0.170632
-0.1974
-0.224733
-0.252384
-0.280019
-0.307203
-0.333384
-0.357873
-0.379846
-0.398341
-0.412278
-0.420505
-0.421853
-0.415231
-0.39972
-0.374688
-0.339876
-0.29546
-0.242054
-0.180647
-0.112474
-0.038878
0.0192889
0.0543968
0.0859785
0.114057
0.138726
0.160132
0.178464
0.193939
0.206795
0.217274
0.225616
0.232054
0.236805
0.24007
0.24203
0.242845
0.242654
0.241577
0.239713
0.237143
0.233934
0.230136
0.225786
0.220909
0.215522
0.209631
0.203235
0.196327
0.188895
0.18092
0.172382
0.163256
0.153514
0.143127
0.132063
0.120288
0.107768
0.0944677
0.0803496
0.0653769
0.0495123
0.032719
0.014961
-0.00379565
-0.0235817
-0.0444232
-0.0663387
-0.0893365
-0.11341
-0.138531
-0.164645
-0.191657
-0.219422
-0.24773
-0.276284
-0.304686
-0.332408
-0.358778
-0.382964
-0.403965
-0.420627
-0.431677
-0.435781
-0.431639
-0.418098
-0.394284
-0.359722
-0.314422
-0.258903
-0.194139
-0.121423
-0.0421923
0.01982
0.0558966
0.0883118
0.117066
0.142246
0.164003
0.182537
0.198086
0.210905
0.221258
0.229405
0.235596
0.240067
0.243032
0.244683
0.24519
0.244701
0.243342
0.241215
0.238408
0.234988
0.231008
0.226506
0.22151
0.216036
0.210091
0.203674
0.196778
0.189391
0.181494
0.173067
0.164084
0.154517
0.144336
0.133508
0.121999
0.109773
0.0967919
0.0830174
0.0684098
0.0529286
0.0365329
0.0191818
0.000835098
-0.0185458
-0.0389965
-0.0605476
-0.0832223
-0.107032
-0.131971
-0.158012
-0.18509
-0.213099
-0.241867
-0.271144
-0.300573
-0.329668
-0.357786
-0.384102
-0.407598
-0.427059
-0.4411
-0.448223
-0.446907
-0.43574
-0.413567
-0.379647
-0.333775
-0.276333
-0.208253
-0.130871
-0.045723
0.0203925
0.0575053
0.0907964
0.12024
0.145917
0.167987
0.186668
0.202219
0.214921
0.225064
0.232932
0.238796
0.24291
0.245504
0.246783
0.246928
0.246092
0.244409
0.241986
0.238912
0.235259
0.231079
0.226414
0.22129
0.215723
0.209723
0.203286
0.196408
0.189074
0.181266
0.172963
0.164139
0.154766
0.144812
0.134245
0.12303
0.111128
0.0985021
0.085111
0.0709133
0.0558658
0.0399243
0.023044
0.00517932
-0.0137149
-0.0336827
-0.0547653
-0.0769992
-0.100413
-0.125022
-0.150823
-0.177786
-0.205839
-0.234858
-0.264638
-0.294877
-0.32514
-0.354828
-0.383146
-0.409074
-0.43136
-0.448522
-0.458903
-0.460757
-0.452386
-0.432315
-0.399484
-0.353412
-0.294293
-0.222977
-0.140827
-0.0494799
0.0210228
0.0592645
0.0934899
0.123644
0.149803
0.172141
0.190899
0.206367
0.218859
0.228693
0.236185
0.241629
0.245301
0.247446
0.248284
0.248006
0.246773
0.244723
0.241968
0.2386
0.234691
0.230296
0.225455
0.220195
0.214534
0.208478
0.202026
0.19517
0.187898
0.18019
0.172025
0.163376
0.154216
0.144511
0.134229
0.123333
0.111787
0.0995488
0.0865786
0.0728327
0.058266
0.0428319
0.0264822
0.0091672
-0.00916359
-0.0285612
-0.049076
-0.0707561
-0.0936449
-0.117778
-0.143175
-0.169838
-0.197733
-0.22678
-0.256828
-0.287634
-0.318826
-0.349864
-0.380003
-0.408247
-0.433328
-0.453692
-0.467537
-0.47289
-0.467749
-0.450279
-0.41904
-0.373207
-0.312719
-0.238296
-0.151302
-0.0534739
0.0217314
0.0612257
0.0964629
0.127355
0.153978
0.176528
0.195279
0.210562
0.22273
0.232142
0.239145
0.244064
0.247197
0.248808
0.249131
0.248365
0.246682
0.244221
0.241099
0.23741
0.233224
0.228599
0.223573
0.218174
0.212416
0.206307
0.199844
0.19302
0.185819
0.178224
0.170212
0.161755
0.152825
0.14339
0.133416
0.122867
0.111703
0.0998858
0.0873717
0.074117
0.0600752
0.045198
0.0294348
0.0127329
-0.00496254
-0.023708
-0.0435611
-0.0645799
-0.0868209
-0.110336
-0.135169
-0.161349
-0.188879
-0.217724
-0.247791
-0.278899
-0.310749
-0.342877
-0.374604
-0.404988
-0.432772
-0.456361
-0.473829
-0.482986
-0.481514
-0.467177
-0.438094
-0.393013
-0.331536
-0.254192
-0.162308
-0.057718
0.0225441
0.0634529
0.0998011
0.131465
0.158529
0.18122
0.199861
0.214834
0.226545
0.235399
0.241784
0.246059
0.248545
0.249529
0.249256
0.247937
0.245748
0.242833
0.239311
0.235274
0.230795
0.225927
0.22071
0.215168
0.209316
0.203159
0.196694
0.18991
0.182794
0.175325
0.167481
0.159234
0.150555
0.141411
0.131768
0.12159
0.110837
0.0994701
0.0874458
0.0747194
0.0612439
0.0469699
0.0318454
0.0158155
-0.00117743
-0.0191939
-0.0382974
-0.0585536
-0.0800297
-0.102792
-0.126905
-0.152422
-0.179382
-0.207793
-0.237619
-0.268747
-0.300957
-0.333873
-0.366907
-0.399192
-0.42952
-0.456288
-0.47748
-0.490708
-0.493336
-0.482693
-0.456388
-0.412654
-0.350656
-0.270643
-0.17386
-0.0622277
0.0234933
0.0660249
0.103609
0.136084
0.163554
0.186295
0.204696
0.219207
0.2303
0.238439
0.244058
0.247554
0.249277
0.249532
0.24858
0.246639
0.243889
0.240479
0.236524
0.232118
0.227331
0.222213
0.216802
0.21112
0.205179
0.198982
0.192524
0.185795
0.178778
0.171452
0.163793
0.155775
0.147366
0.138535
0.129247
0.119465
0.10915
0.0982632
0.0867606
0.0745978
0.0617276
0.0481003
0.0336631
0.0183603
0.00213245
-0.0150837
-0.0333553
-0.052754
-0.073355
-0.0952369
-0.118479
-0.14316
-0.169348
-0.197094
-0.226415
-0.257268
-0.289518
-0.322887
-0.356895
-0.39078
-0.423418
-0.45324
-0.478184
-0.495698
-0.502835
-0.496468
-0.473628
-0.431927
-0.369972
-0.287624
-0.185977
-0.0670227
0.0246201
0.0690402
0.108012
0.14134
0.169164
0.191835
0.20983
0.223693
0.233978
0.241217
0.245901
0.248468
0.249299
0.248719
0.247001
0.24437
0.241008
0.237064
0.232651
0.227858
0.222754
0.217384
0.211781
0.205966
0.199946
0.193722
0.187287
0.180628
0.173727
0.166563
0.159111
0.151341
0.143225
0.13473
0.12582
0.116459
0.10661
0.0962314
0.0852816
0.0737162
0.0614884
0.0485487
0.0348447
0.0203203
0.0049158
-0.0114334
-0.0287967
-0.0472494
-0.0668725
-0.0877535
-0.109985
-0.133664
-0.158886
-0.185739
-0.214291
-0.244568
-0.27652
-0.309977
-0.344581
-0.379702
-0.414337
-0.447001
-0.475638
-0.49758
-0.509599
-0.508098
-0.489469
-0.450589
-0.389358
-0.305109
-0.198687
-0.0721286
0.025977
0.0726211
0.113164
0.147381
0.17548
0.19792
0.215301
0.228286
0.237533
0.243658
0.247216
0.248691
0.248494
0.246969
0.244398
0.241011
0.23699
0.232479
0.227588
0.2224
0.216976
0.211359
0.205574
0.199639
0.193556
0.187324
0.180931
0.174364
0.167601
0.160621
0.153398
0.145901
0.138101
0.129965
0.121459
0.112546
0.103189
0.093348
0.0829815
0.0720462
0.0604963
0.0482833
0.0353556
0.021658
0.00713121
-0.00828921
-0.0246734
-0.0420981
-0.060648
-0.0804163
-0.101505
-0.124026
-0.148096
-0.173838
-0.201362
-0.23076
-0.262067
-0.295223
-0.330006
-0.365939
-0.402177
-0.437373
-0.46954
-0.49596
-0.513172
-0.517121
-0.503506
-0.468346
-0.408661
-0.323067
-0.212027
-0.0775795
0.0276315
0.0769205
0.119248
0.154379
0.182631
0.204621
0.22112
0.232945
0.240882
0.245647
0.247866
0.248071
0.246703
0.244123
0.240618
0.236417
0.231699
0.226599
0.22122
0.215638
0.209903
0.204052
0.198105
0.192071
0.185949
0.179733
0.173409
0.166959
0.160362
0.153593
0.146624
0.139427
0.13197
0.124221
0.116145
0.107707
0.09887
0.0895953
0.0798426
0.0695697
0.0587323
0.0472834
0.0351731
0.0223477
0.00874941
-0.0056848
-0.0210242
-0.0373456
-0.0547346
-0.0732873
-0.0931119
-0.11433
-0.137076
-0.161497
-0.187745
-0.215967
-0.246279
-0.278731
-0.313241
-0.349505
-0.386873
-0.424186
-0.459602
-0.490434
-0.513062
-0.523011
-0.515258
-0.48484
-0.427688
-0.341463
-0.226051
-0.083422
0.0296716
0.0821307
0.126485
0.162523
0.190739
0.211984
0.227258
0.237576
0.243882
0.247007
0.247655
0.246405
0.243725
0.239985
0.235475
0.230415
0.224976
0.21928
0.213419
0.207456
0.201432
0.195374
0.189294
0.183193
0.177065
0.170899
0.164677
0.158378
0.151978
0.145452
0.138769
0.131902
0.124818
0.117484
0.109868
0.101934
0.093647
0.0849686
0.0758605
0.0662821
0.0561911
0.0455425
0.0342887
0.0223784
0.00975611
-0.00363875
-0.0178732
-0.0330223
-0.0491705
-0.0664143
-0.0848642
-0.104648
-0.12591
-0.148818
-0.173555
-0.200315
-0.229288
-0.260626
-0.294389
-0.330458
-0.368403
-0.407309
-0.445555
-0.480587
-0.508732
-0.525167
-0.52415
-0.499624
-0.446192
-0.36025
-0.240834
-0.0897209
0.0322135
0.0884945
0.135136
0.172014
0.19991
0.220007
0.233616
0.242006
0.246308
0.247483
0.246313
0.243422
0.239298
0.234311
0.228743
0.222801
0.216637
0.210359
0.204041
0.197731
0.191457
0.185234
0.179064
0.172941
0.166852
0.160779
0.154701
0.148594
0.142431
0.136185
0.129826
0.123323
0.116646
0.109761
0.102637
0.0952384
0.0875316
0.0794806
0.0710485
0.0621969
0.0528856
0.0430725
0.0327125
0.0217575
0.0101552
-0.00215158
-0.0152265
-0.0291413
-0.0439774
-0.059829
-0.0768059
-0.0950367
-0.114673
-0.135893
-0.158903
-0.183934
-0.211237
-0.241056
-0.273586
-0.308895
-0.346795
-0.386658
-0.427166
-0.466011
-0.499604
-0.522899
-0.529486
-0.512128
-0.463843
-0.379363
-0.256478
-0.0965677
0.0354134
0.0963203
0.145507
0.183056
0.210199
0.228602
0.239989
0.245945
0.24782
0.24671
0.243475
0.238773
0.233095
0.226802
0.220155
0.213339
0.20648
0.199662
0.192938
0.186339
0.179875
0.173549
0.167351
0.161265
0.155272
0.149347
0.143467
0.137602
0.131724
0.125803
0.119809
0.113711
0.107479
0.101079
0.0944815
0.0876524
0.0805591
0.0731678
0.0654436
0.0573509
0.048852
0.0399079
0.0304769
0.0205145
0.00997236
-0.00120263
-0.0130696
-0.0256957
-0.0391576
-0.0535451
-0.0689641
-0.0855409
-0.103427
-0.122806
-0.143896
-0.166955
-0.19228
-0.220192
-0.251005
-0.284967
-0.322139
-0.362216
-0.404256
-0.446321
-0.485073
-0.515424
-0.530418
-0.521616
-0.480185
-0.398696
-0.273122
-0.104095
0.0394869
0.106002
0.157945
0.195818
0.221566
0.23754
0.246007
0.248936
0.247919
0.244187
0.238662
0.232013
0.224717
0.217108
0.20941
0.201772
0.194287
0.18701
0.179967
0.173166
0.1666
0.160255
0.15411
0.148139
0.142315
0.136608
0.130989
0.125426
0.119888
0.114345
0.108765
0.103118
0.0973729
0.0914989
0.0854653
0.0792412
0.0727956
0.0660969
0.0591128
0.0518103
0.0441552
0.0361117
0.0276419
0.0187055
0.00925859
-0.000746982
-0.0113651
-0.022657
-0.0346935
-0.0475579
-0.0613496
-0.0761889
-0.0922229
-0.109632
-0.128639
-0.149515
-0.172586
-0.19823
-0.226861
-0.258885
-0.294605
-0.334056
-0.376732
-0.421187
-0.464527
-0.501863
-0.525918
-0.52712
-0.494564
-0.418063
-0.290948
-0.112499
0.0447403
0.118042
0.172818
0.210378
0.233786
0.246356
0.251051
0.250286
0.245901
0.239242
0.231257
0.222597
0.213695
0.204831
0.196178
0.187835
0.179852
0.172245
0.165012
0.158133
0.151583
0.14533
0.139342
0.133583
0.128017
0.12261
0.117328
0.112137
0.107004
0.101897
0.0967861
0.0916396
0.0864281
0.081122
0.0756923
0.0701103
0.0643469
0.0583733
0.0521602
0.0456776
0.0388948
0.0317798
0.024299
0.0164165
0.00809339
-0.000713043
-0.0100507
-0.0199742
-0.030547
-0.0418446
-0.0539576
-0.0669973
-0.0811013
-0.0964421
-0.113236
-0.131756
-0.152339
-0.175398
-0.201417
-0.230931
-0.264459
-0.302368
-0.344623
-0.390379
-0.437388
-0.481261
-0.514744
-0.527363
-0.506026
-0.437119
-0.310181
-0.122076
0.0516249
0.133082
0.190464
0.22661
0.246315
0.25422
0.254148
0.248991
0.24081
0.231009
0.22051
0.209894
0.199513
0.189564
0.180146
0.171295
0.163008
0.155261
0.148014
0.141223
0.134841
0.128821
0.123117
0.117685
0.112483
0.107471
0.102612
0.0978713
0.0932139
0.0886082
0.0840234
0.0794302
0.0748
0.0701053
0.0653191
0.060415
0.0553668
0.0501485
0.0447339
0.0390968
0.0332101
0.0270459
0.020575
0.0137664
0.0065865
-0.00100159
-0.00903925
-0.0175739
-0.0266609
-0.0363664
-0.0467708
-0.0579734
-0.0700992
-0.0833066
-0.0977984
-0.113835
-0.131749
-0.151962
-0.174996
-0.201475
-0.232087
-0.267497
-0.308138
-0.353836
-0.403182
-0.452634
-0.495431
-0.520659
-0.513148
-0.455222
-0.331062
-0.133288
0.0608347
0.151912
0.211064
0.243965
0.258058
0.259746
0.253832
0.243655
0.231402
0.218437
0.205566
0.193235
0.181666
0.170942
0.161068
0.152005
0.143692
0.136056
0.129026
0.12253
0.116501
0.11088
0.105608
0.100635
0.0959141
0.0914022
0.0870602
0.0828518
0.0787436
0.0747041
0.0707042
0.0667161
0.0627133
0.0586708
0.0545642
0.0503699
0.0460648
0.0416263
0.0370317
0.0322584
0.0272835
0.0220832
0.0166331
0.0109072
0.00487732
-0.00148726
-0.00822119
-0.0153642
-0.0229631
-0.0310739
-0.0397653
-0.0491231
-0.0592563
-0.0703047
-0.0824503
-0.0959306
-0.111057
-0.128236
-0.147992
-0.170986
-0.198018
-0.229981
-0.267728
-0.311765
-0.36166
-0.415071
-0.466329
-0.50482
-0.51381
-0.471166
-0.353764
-0.146867
0.0734746
0.175433
0.234343
0.261088
0.267027
0.260742
0.24801
0.232448
0.216179
0.20036
0.185564
0.17202
0.159769
0.148755
0.138873
0.130002
0.12202
0.114813
0.108277
0.102318
0.096855
0.0918156
0.0871366
0.0827625
0.0786442
0.0747381
0.071005
0.0674099
0.0639209
0.0605086
0.0571462
0.0538086
0.0504722
0.047115
0.0437157
0.0402542
0.0367108
0.0330664
0.0293023
0.0253997
0.0213397
0.0171033
0.0126705
0.0080204
0.00313049
-0.00202394
-0.00747068
-0.0132417
-0.0193749
-0.0259158
-0.0329208
-0.0404607
-0.0486266
-0.0575364
-0.0673454
-0.07826
-0.0905555
-0.1046
-0.120886
-0.14006
-0.162956
-0.190603
-0.224167
-0.26476
-0.312971
-0.367935
-0.425737
-0.477112
-0.504892
-0.482725
-0.378127
-0.163952
0.0913197
0.204415
0.258947
0.275163
0.269863
0.253969
0.233914
0.213202
0.193558
0.175709
0.159854
0.145929
0.133757
0.123124
0.113816
0.105636
0.0984118
0.0919946
0.0862579
0.081095
0.0764158
0.0721438
0.0682144
0.064572
0.0611689
0.0579637
0.0549201
0.052006
0.0491929
0.0464548
0.0437686
0.0411126
0.0384671
0.0358135
0.0331344
0.0304134
0.0276346
0.0247827
0.0218429
0.0188006
0.0156409
0.0123493
0.0089104
0.00530824
0.00152573
-0.00245595
-0.00665792
-0.0111046
-0.015825
-0.0208543
-0.0262363
-0.0320265
-0.0382966
-0.045141
-0.0526846
-0.0610959
-0.0706033
-0.0815184
-0.0942684
-0.109436
-0.127812
-0.15044
-0.178645
-0.213974
-0.25792
-0.311202
-0.372243
-0.434416
-0.482007
-0.485944
-0.403029
-0.186192
0.117233
0.23872
0.281154
0.280904
0.261343
0.23509
0.208351
0.183802
0.162319
0.14395
0.1284
0.115272
0.10417
0.0947381
0.0866766
0.0797367
0.0737163
0.0684513
0.0638089
0.0596812
0.0559804
0.0526341
0.0495825
0.0467757
0.0441714
0.041734
0.0394324
0.0372399
0.035133
0.0330907
0.0310942
0.0291267
0.0271726
0.0252176
0.0232484
0.0212525
0.019218
0.0171337
0.0149885
0.0127719
0.0104732
0.00808183
0.00558696
0.00297724
0.000240591
-0.00263625
-0.00566824
-0.00887272
-0.0122704
-0.0158864
-0.0197525
-0.0239092
-0.0284091
-0.0333218
-0.0387409
-0.0447933
-0.0516536
-0.0595639
-0.0688631
-0.0800277
-0.0937287
-0.110906
-0.132851
-0.161278
-0.198276
-0.245961
-0.305348
-0.373707
-0.439409
-0.47416
-0.425182
-0.215877
0.156131
0.275087
0.291983
0.268806
0.233905
0.199026
0.168431
0.14302
0.122383
0.105741
0.0923076
0.0814024
0.0724762
0.065099
0.0589387
0.05374
0.0493064
0.0454859
0.0421602
0.0392362
0.0366401
0.034313
0.0322069
0.0302827
0.0285079
0.0268556
0.0253025
0.023829
0.022418
0.0210544
0.019725
0.0184179
0.0171223
0.0158283
0.0145269
0.0132096
0.0118685
0.0104961
0.00908527
0.00762901
0.00612049
0.00455292
0.0029194
0.00121272
-0.000574748
-0.00245138
-0.00442669
-0.00651171
-0.00871968
-0.0110669
-0.013574
-0.0162673
-0.0191817
-0.0223635
-0.025875
-0.0298021
-0.0342635
-0.0394264
-0.0455282
-0.0529109
-0.0620715
-0.0737376
-0.0889765
-0.109341
-0.137031
-0.174952
-0.226329
-0.292941
-0.370146
-0.436582
-0.436772
-0.256244
0.213989
0.300598
0.272375
0.223956
0.178792
0.141949
0.113582
0.0922022
0.0761062
0.0638882
0.0544974
0.0471738
0.0413737
0.0367088
0.0329004
0.0297467
0.0270995
0.0248488
0.0229119
0.0212254
0.0197406
0.0184191
0.0172304
0.0161501
0.0151582
0.0142381
0.013376
0.0125601
0.0117804
0.0110282
0.0102958
0.00957624
0.00886354
0.00815211
0.00743688
0.00671318
0.00597664
0.00522319
0.00444892
0.00365012
0.00282316
0.00196443
0.0010703
0.000137003
-0.000839447
-0.00186347
-0.00294004
-0.00407502
-0.00527549
-0.00655021
-0.00791036
-0.00937041
-0.0109495
-0.0126732
-0.0145764
-0.0167071
-0.0191323
-0.0219472
-0.0252884
-0.0293563
-0.034449
-0.0410182
-0.049761
-0.0617699
-0.0787733
-0.103491
-0.140014
-0.193639
-0.268269
-0.357424
-0.419018
-0.305816
0.266009
0.275955
0.198596
0.138936
0.0984642
0.071066
0.0526641
0.0402607
0.0317401
0.0257331
0.0213811
0.0181427
0.0156711
0.0137404
0.0122001
0.0109477
0.00991167
0.00904112
0.008299
0.0076578
0.00709673
0.00659981
0.00615454
0.005751
0.00538119
0.00503857
0.00471772
0.00441405
0.00412369
0.00384327
0.00356987
0.00330088
0.003034
0.00276716
0.00249847
0.00222619
0.00194872
0.00166458
0.00137235
0.00107071
0.000758351
0.000433997
9.63537e-05
-0.000255829
-0.000624027
-0.00100982
-0.00141499
-0.00184167
-0.00229245
-0.00277061
-0.00328036
-0.00382722
-0.00441851
-0.00506413
-0.00577757
-0.00657754
-0.00749025
-0.00855304
-0.0098201
-0.0113716
-0.0133288
-0.0158808
-0.0193307
-0.0241841
-0.0313194
-0.0423283
-0.0601787
-0.0903349
-0.141897
-0.2255
-0.331008
-0.319485
0.142935
0.125432
0.0767435
0.0457846
0.0280218
0.0176529
0.0115781
0.00799232
0.00581832
0.00444648
0.00354128
0.00291665
0.00246708
0.00213108
0.00187166
0.00166574
0.00149836
0.00135949
0.00124217
0.00114143
0.00105361
0.000975984
0.000906439
0.000843331
0.00078535
0.000731432
0.0006807
0.000632421
0.00058597
0.000540812
0.000496482
0.000452568
0.000408706
0.000364569
0.000319863
0.000274319
0.000227692
0.000179755
0.000130295
7.91132e-05
2.60156e-05
-2.91922e-05
-8.67127e-05
-0.000146653
-0.000209304
-0.000274907
-0.000343734
-0.000416127
-0.000492519
-0.000573468
-0.000659706
-0.000752209
-0.000852289
-0.000961731
-0.00108299
-0.00121946
-0.00137595
-0.0015593
-0.00177949
-0.00205142
-0.00239794
-0.00285547
-0.00348469
-0.00439273
-0.00578223
-0.00806641
-0.0121427
-0.0200323
-0.0362275
-0.0695591
-0.12766
-0.152141
)
;

boundaryField
{
    movingWall
    {
        type            calculated;
        value           uniform 0;
    }
    fixedWalls
    {
        type            calculated;
        value           uniform 0;
    }
    frontAndBack
    {
        type            empty;
    }
}


// ************************************************************************* //
