/*--------------------------------*- C++ -*----------------------------------*\
  =========                 |
  \\      /  F ield         | OpenFOAM: The Open Source CFD Toolbox
   \\    /   O peration     | Website:  https://openfoam.org
    \\  /    A nd           | Version:  dev
     \\/     M anipulation  |
\*---------------------------------------------------------------------------*/
FoamFile
{
    format      ascii;
    class       volScalarField;
    location    "31.05";
    object      Ux;
}
// * * * * * * * * * * * * * * * * * * * * * * * * * * * * * * * * * * * * * //

dimensions      [0 1 -1 0 0 0 0];

internalField   nonuniform List<scalar> 
5184
(
1.2314e-05
4.51465e-05
8.03158e-05
9.59792e-05
8.21531e-05
3.64589e-05
-4.05545e-05
-0.000146868
-0.000279688
-0.000435959
-0.00061256
-0.000806456
-0.00101478
-0.00123487
-0.00146426
-0.0017007
-0.00194211
-0.00218658
-0.00243233
-0.00267766
-0.00292099
-0.00316073
-0.00339537
-0.00362339
-0.00384324
-0.0040534
-0.00425231
-0.0044384
-0.00461008
-0.00476578
-0.00490393
-0.00502302
-0.00512159
-0.00519825
-0.00525174
-0.00528096
-0.00528495
-0.00526299
-0.00521458
-0.00513949
-0.00503778
-0.00490983
-0.00475634
-0.00457836
-0.00437731
-0.00415493
-0.00391332
-0.0036549
-0.0033824
-0.00309884
-0.00280743
-0.00251162
-0.00221496
-0.00192112
-0.00163377
-0.00135654
-0.00109298
-0.000846463
-0.000620124
-0.000416819
-0.000239047
-8.88848e-05
3.2079e-05
0.00012283
0.000183037
0.000213202
0.000214913
0.000191219
0.000147151
9.08e-05
3.66328e-05
6.22881e-06
2.08386e-05
6.56099e-05
9.47098e-05
7.28114e-05
-1.89225e-05
-0.000187306
-0.00043292
-0.000752548
-0.00114065
-0.00159043
-0.00209456
-0.00264558
-0.00323619
-0.00385939
-0.00450858
-0.00517756
-0.00586053
-0.00655205
-0.00724699
-0.00794045
-0.00862774
-0.00930431
-0.00996568
-0.0106074
-0.0112252
-0.0118145
-0.0123709
-0.0128901
-0.0133677
-0.0137992
-0.0141806
-0.0145076
-0.0147764
-0.0149834
-0.0151252
-0.0151991
-0.0152027
-0.0151341
-0.0149924
-0.014777
-0.0144884
-0.0141278
-0.0136974
-0.0132001
-0.0126399
-0.0120217
-0.0113513
-0.0106352
-0.00988082
-0.00909628
-0.00829027
-0.00747198
-0.00665093
-0.00583686
-0.00503956
-0.00426869
-0.00353364
-0.00284331
-0.002206
-0.00162918
-0.00111933
-0.000681747
-0.000320343
-3.74023e-05
0.000166707
0.000293907
0.000348945
0.000340093
0.000279841
0.000186044
8.63707e-05
1.96819e-05
1.76331e-05
4.13257e-05
1.95988e-05
-8.39952e-05
-0.000290241
-0.000607885
-0.00103819
-0.00157734
-0.00221817
-0.00295149
-0.00376703
-0.00465408
-0.00560191
-0.00660006
-0.00763849
-0.00870762
-0.00979838
-0.0109022
-0.0120108
-0.0131164
-0.0142113
-0.0152883
-0.0163401
-0.0173595
-0.0183395
-0.0192731
-0.0201531
-0.0209727
-0.021725
-0.0224031
-0.0230006
-0.0235111
-0.0239288
-0.024248
-0.024464
-0.0245726
-0.0245702
-0.0244545
-0.0242239
-0.023878
-0.0234178
-0.0228453
-0.022164
-0.0213788
-0.020496
-0.019523
-0.0184689
-0.0173439
-0.0161594
-0.0149277
-0.0136623
-0.0123771
-0.0110867
-0.00980596
-0.0085497
-0.00733265
-0.00616907
-0.00507247
-0.0040554
-0.00312915
-0.00230344
-0.00158616
-0.000983064
-0.000497372
-0.000129399
0.000123926
0.000269696
0.000319759
0.000291246
0.000207387
0.000102448
2.49767e-05
8.83854e-06
-7.01089e-06
-0.000107576
-0.000322348
-0.00066957
-0.00115765
-0.00178732
-0.00255384
-0.00344864
-0.00446071
-0.00557756
-0.00678598
-0.00807258
-0.0094241
-0.0108276
-0.0122707
-0.0137415
-0.0152286
-0.016721
-0.0182082
-0.01968
-0.0211264
-0.0225376
-0.023904
-0.0252161
-0.0264644
-0.0276395
-0.0287321
-0.0297333
-0.030634
-0.0314257
-0.0321002
-0.0326499
-0.0330677
-0.0333475
-0.0334839
-0.0334728
-0.0333111
-0.0329972
-0.0325308
-0.0319133
-0.0311477
-0.0302388
-0.029193
-0.0280186
-0.0267256
-0.0253258
-0.0238325
-0.0222604
-0.0206256
-0.0189455
-0.0172382
-0.0155223
-0.0138172
-0.0121419
-0.0105155
-0.00895634
-0.00748176
-0.00610794
-0.0048494
-0.00371861
-0.00272569
-0.00187796
-0.00117957
-0.000630972
-0.000228468
3.64173e-05
0.000177581
0.000214747
0.000174079
9.30221e-05
2.40262e-05
-2.12488e-06
-6.7288e-05
-0.000264095
-0.000609735
-0.0011167
-0.00179121
-0.00263226
-0.00363348
-0.00478475
-0.00607335
-0.00748492
-0.00900424
-0.0106157
-0.0123037
-0.0140531
-0.0158488
-0.0176767
-0.0195229
-0.021374
-0.023217
-0.0250393
-0.0268287
-0.0285731
-0.0302604
-0.0318791
-0.0334173
-0.0348636
-0.0362068
-0.0374357
-0.0385395
-0.039508
-0.0403313
-0.0410003
-0.0415068
-0.0418433
-0.0420039
-0.0419835
-0.0417789
-0.0413882
-0.0408115
-0.0400506
-0.0391093
-0.0379935
-0.0367112
-0.0352724
-0.0336891
-0.0319756
-0.0301477
-0.0282233
-0.0262215
-0.0241629
-0.0220693
-0.0199629
-0.0178667
-0.0158035
-0.0137959
-0.0118659
-0.0100342
-0.0083201
-0.00674095
-0.00531167
-0.0040444
-0.00294801
-0.00202763
-0.00128421
-0.000713997
-0.000307985
-5.14092e-05
7.66093e-05
0.000103571
6.74971e-05
1.96638e-05
-1.36944e-05
-0.000132827
-0.000435802
-0.000924586
-0.00160381
-0.00247604
-0.00353743
-0.00477927
-0.00618949
-0.00775357
-0.00945536
-0.0112778
-0.0132034
-0.0152147
-0.0172943
-0.0194254
-0.0215915
-0.0237767
-0.0259653
-0.0281425
-0.0302933
-0.0324035
-0.0344589
-0.0364454
-0.0383493
-0.040157
-0.0418552
-0.0434305
-0.0448703
-0.0461621
-0.047294
-0.0482549
-0.0490343
-0.0496228
-0.0500123
-0.0501958
-0.0501679
-0.049925
-0.0494653
-0.0487889
-0.0478981
-0.0467975
-0.0454939
-0.0439965
-0.0423169
-0.0404689
-0.0384687
-0.0363346
-0.0340867
-0.0317471
-0.0293391
-0.0268875
-0.0244178
-0.021956
-0.0195282
-0.0171604
-0.0148774
-0.0127031
-0.0106597
-0.00876703
-0.00704233
-0.00549972
-0.00414967
-0.00299855
-0.00204813
-0.00129514
-0.000730806
-0.000340401
-0.000102966
9.12972e-06
3.24869e-05
1.36192e-05
-2.51848e-05
-0.000200001
-0.000614042
-0.00125283
-0.00211189
-0.00318907
-0.00447681
-0.00596339
-0.00763432
-0.00947304
-0.0114616
-0.0135811
-0.0158124
-0.0181363
-0.0205336
-0.0229857
-0.0254744
-0.0279817
-0.0304905
-0.0329836
-0.0354446
-0.037857
-0.040205
-0.0424728
-0.0446446
-0.0467053
-0.0486396
-0.0504329
-0.0520706
-0.0535391
-0.0548249
-0.0559157
-0.0567999
-0.0574672
-0.0579086
-0.0581164
-0.0580849
-0.0578101
-0.0572901
-0.0565252
-0.055518
-0.0542737
-0.0527999
-0.0511068
-0.0492073
-0.0471167
-0.0448529
-0.042436
-0.0398885
-0.0372345
-0.0345
-0.0317124
-0.0289
-0.0260915
-0.0233162
-0.0206026
-0.0179787
-0.0154711
-0.0131046
-0.0109015
-0.00888139
-0.00706044
-0.00545085
-0.00406048
-0.00289231
-0.00194408
-0.00120784
-0.000669632
-0.00030926
-9.98861e-05
-7.72495e-06
6.85889e-06
-3.63379e-05
-0.000266923
-0.000793693
-0.00158552
-0.00262824
-0.00391429
-0.00543172
-0.00716523
-0.00909751
-0.0112097
-0.0134818
-0.0158932
-0.0184232
-0.0210507
-0.0237553
-0.0265166
-0.0293148
-0.0321305
-0.0349446
-0.0377387
-0.0404944
-0.043194
-0.0458196
-0.048354
-0.0507798
-0.0530804
-0.0552389
-0.0572392
-0.0590656
-0.0607028
-0.0621363
-0.0633527
-0.0643394
-0.0650851
-0.06558
-0.065816
-0.0657868
-0.065488
-0.0649177
-0.0640762
-0.0629663
-0.0615935
-0.0599662
-0.0580952
-0.0559945
-0.0536807
-0.0511729
-0.0484929
-0.0456651
-0.0427156
-0.0396725
-0.0365656
-0.0334257
-0.0302841
-0.0271726
-0.0241227
-0.0211649
-0.0183285
-0.015641
-0.0131273
-0.0108092
-0.00870509
-0.00682915
-0.00519102
-0.0037953
-0.00264115
-0.00172199
-0.00102526
-0.000532127
-0.000217236
-5.04703e-05
-8.60463e-08
-4.70572e-05
-0.000332612
-0.000971758
-0.00191704
-0.00314446
-0.00464065
-0.00638879
-0.00836961
-0.0105626
-0.0129463
-0.0154987
-0.0181973
-0.0210196
-0.0239432
-0.0269461
-0.0300065
-0.0331033
-0.0362155
-0.0393229
-0.0424054
-0.0454434
-0.0484175
-0.0513086
-0.054098
-0.0567671
-0.0592975
-0.0616714
-0.0638712
-0.0658799
-0.0676811
-0.0692593
-0.0706
-0.0716895
-0.0725159
-0.0730686
-0.0733388
-0.0733197
-0.0730065
-0.0723971
-0.0714916
-0.070293
-0.0688069
-0.0670421
-0.06501
-0.0627252
-0.0602053
-0.0574707
-0.0545444
-0.0514522
-0.0482222
-0.0448844
-0.0414705
-0.0380137
-0.0345479
-0.0311072
-0.0277258
-0.0244369
-0.0212726
-0.0182629
-0.0154352
-0.0128142
-0.0104203
-0.0082702
-0.00637552
-0.00474286
-0.00337325
-0.00226192
-0.00139816
-0.000764998
-0.000339016
-9.41901e-05
-6.9452e-06
-5.7331e-05
-0.000396584
-0.0011465
-0.00224388
-0.00365498
-0.00536047
-0.00733843
-0.00956528
-0.0120171
-0.0146697
-0.0174986
-0.0204795
-0.0235883
-0.026801
-0.0300943
-0.0334451
-0.036831
-0.04023
-0.0436203
-0.0469809
-0.0502908
-0.0535294
-0.0566764
-0.0597118
-0.0626158
-0.065369
-0.0679521
-0.0703465
-0.0725342
-0.0744976
-0.0762202
-0.0776864
-0.0788819
-0.0797938
-0.0804107
-0.0807232
-0.0807238
-0.0804074
-0.0797713
-0.0788155
-0.0775427
-0.0759587
-0.0740721
-0.0718949
-0.0694422
-0.066732
-0.0637857
-0.0606274
-0.0572843
-0.0537857
-0.0501637
-0.0464517
-0.0426851
-0.0389001
-0.0351335
-0.0314217
-0.0278011
-0.0243061
-0.0209699
-0.0178225
-0.0148913
-0.0121995
-0.00976623
-0.00760564
-0.00572665
-0.00413255
-0.00282077
-0.00178284
-0.001004
-0.000463012
-0.000138067
-1.36028e-05
-6.71768e-05
-0.000458614
-0.00131691
-0.00256381
-0.00415609
-0.00606844
-0.00827372
-0.0107439
-0.0134514
-0.0163692
-0.0194703
-0.0227286
-0.026118
-0.0296133
-0.0331897
-0.0368232
-0.04049
-0.044167
-0.0478317
-0.0514616
-0.0550349
-0.05853
-0.0619254
-0.0652
-0.0683331
-0.0713041
-0.0740928
-0.0766796
-0.0790453
-0.0811714
-0.0830406
-0.0846362
-0.085943
-0.0869474
-0.0876371
-0.0880019
-0.0880337
-0.0877268
-0.0870778
-0.0860863
-0.0847547
-0.0830884
-0.081096
-0.0787895
-0.0761842
-0.0732985
-0.0701545
-0.066777
-0.0631942
-0.0594369
-0.0555386
-0.0515347
-0.0474625
-0.0433605
-0.0392678
-0.035224
-0.0312677
-0.0274368
-0.023767
-0.0202917
-0.0170411
-0.0140415
-0.0113148
-0.00887811
-0.006743
-0.00491538
-0.00339524
-0.00217665
-0.00124728
-0.000588211
-0.000181776
-2.00324e-05
-7.66189e-05
-0.000518598
-0.0014824
-0.0028754
-0.00464524
-0.00676075
-0.00918953
-0.0118991
-0.0148581
-0.0180365
-0.0214049
-0.0249349
-0.028599
-0.0323704
-0.0362232
-0.040132
-0.0440723
-0.0480199
-0.0519514
-0.0558434
-0.0596732
-0.0634182
-0.0670562
-0.0705652
-0.0739234
-0.0771094
-0.0801022
-0.082881
-0.085426
-0.0877176
-0.0897376
-0.0914685
-0.0928943
-0.0940001
-0.0947731
-0.0952021
-0.0952783
-0.094995
-0.0943482
-0.0933369
-0.0919626
-0.0902304
-0.0881486
-0.0857288
-0.0829861
-0.0799393
-0.0766106
-0.0730257
-0.0692133
-0.0652055
-0.0610371
-0.0567453
-0.0523694
-0.0479501
-0.0435292
-0.0391489
-0.0348508
-0.030676
-0.0266634
-0.0228498
-0.0192686
-0.0159496
-0.0129179
-0.0101938
-0.00779202
-0.00572138
-0.00398478
-0.00257904
-0.00149446
-0.000714458
-0.000225316
-2.62604e-05
-8.56786e-05
-0.000576484
-0.00164258
-0.00317767
-0.00512061
-0.00743455
-0.010082
-0.0130258
-0.0162311
-0.0196646
-0.0232945
-0.0270904
-0.0310229
-0.0350639
-0.0391862
-0.0433636
-0.0475704
-0.0517818
-0.0559734
-0.0601212
-0.0642016
-0.0681915
-0.0720678
-0.0758076
-0.0793886
-0.0827885
-0.0859854
-0.088958
-0.0916852
-0.094147
-0.096324
-0.098198
-0.0997519
-0.10097
-0.101839
-0.102345
-0.102481
-0.102237
-0.101609
-0.100594
-0.0991947
-0.0974139
-0.0952596
-0.0927428
-0.0898784
-0.0866849
-0.0831845
-0.0794033
-0.0753707
-0.0711197
-0.0666863
-0.0621094
-0.0574301
-0.0526916
-0.0479382
-0.043215
-0.0385669
-0.0340382
-0.0296715
-0.0255072
-0.0215824
-0.0179307
-0.014581
-0.0115569
-0.00887678
-0.00655278
-0.00459093
-0.00299109
-0.00174627
-0.000842199
-0.000268909
-3.23453e-05
-9.4371e-05
-0.000632235
-0.00179718
-0.00346986
-0.0055808
-0.00808763
-0.0109478
-0.01412
-0.0175653
-0.0212477
-0.0251327
-0.0291877
-0.0333819
-0.0376858
-0.0420709
-0.04651
-0.0509767
-0.0554455
-0.0598911
-0.0642891
-0.0686153
-0.0728458
-0.076957
-0.0809255
-0.0847281
-0.088342
-0.0917446
-0.0949138
-0.0978279
-0.100466
-0.102808
-0.104834
-0.106527
-0.10787
-0.108848
-0.109447
-0.109658
-0.10947
-0.108879
-0.10788
-0.106473
-0.104662
-0.102453
-0.0998569
-0.0968869
-0.0935615
-0.0899028
-0.0859366
-0.0816931
-0.0772058
-0.0725119
-0.0676518
-0.0626686
-0.0576077
-0.0525163
-0.0474424
-0.0424344
-0.0375401
-0.0328063
-0.0282771
-0.0239941
-0.0199948
-0.0163121
-0.0129741
-0.0100027
-0.00741375
-0.00521687
-0.00341508
-0.00200422
-0.000972312
-0.000312925
-3.83651e-05
-0.000102704
-0.000685809
-0.00194594
-0.00375135
-0.0060246
-0.0087181
-0.0117845
-0.015178
-0.0188565
-0.0227805
-0.0269133
-0.0312204
-0.035669
-0.0402285
-0.0448693
-0.0495633
-0.0542833
-0.0590031
-0.0636971
-0.0683402
-0.0729077
-0.0773753
-0.0817188
-0.0859144
-0.0899385
-0.0937676
-0.0973785
-0.100748
-0.103855
-0.106677
-0.109192
-0.111381
-0.113226
-0.114707
-0.115809
-0.116518
-0.116821
-0.116709
-0.116173
-0.115209
-0.113815
-0.111993
-0.109749
-0.107091
-0.104032
-0.100591
-0.0967878
-0.0926488
-0.088204
-0.0834876
-0.0785378
-0.0733964
-0.0681083
-0.0627214
-0.0572855
-0.0518521
-0.046473
-0.0412003
-0.0360847
-0.031175
-0.0265173
-0.0221536
-0.0181218
-0.0144541
-0.0111768
-0.00831002
-0.00586696
-0.00385417
-0.00227042
-0.00110598
-0.000357837
-4.44101e-05
-0.000110678
-0.000737143
-0.00208861
-0.00402153
-0.00645092
-0.0093242
-0.0125894
-0.0161967
-0.0201003
-0.0242581
-0.0286308
-0.0331819
-0.0378772
-0.0426846
-0.0475737
-0.0525154
-0.057482
-0.0624466
-0.0673832
-0.0722664
-0.077071
-0.0817724
-0.0863462
-0.090768
-0.0950139
-0.0990598
-0.102882
-0.106458
-0.109763
-0.112777
-0.115476
-0.117839
-0.119848
-0.121482
-0.122725
-0.123561
-0.123976
-0.123957
-0.123497
-0.122589
-0.121229
-0.119417
-0.117158
-0.114458
-0.11133
-0.10779
-0.103857
-0.0995585
-0.0949232
-0.0899858
-0.0847853
-0.0793648
-0.0737711
-0.0680544
-0.0622675
-0.0564652
-0.0507033
-0.045038
-0.0395249
-0.0342176
-0.0291672
-0.024421
-0.0200219
-0.0160071
-0.0124078
-0.00924845
-0.0065465
-0.00431218
-0.00254737
-0.00124459
-0.000404187
-5.05778e-05
-0.000118286
-0.000786155
-0.0022249
-0.00427977
-0.00685866
-0.00990427
-0.0133602
-0.0171729
-0.0212931
-0.0256759
-0.0302797
-0.0350662
-0.0399997
-0.0450468
-0.0501761
-0.0553579
-0.060564
-0.0657669
-0.0709403
-0.0760584
-0.081096
-0.0860281
-0.09083
-0.0954772
-0.0999454
-0.10421
-0.108248
-0.112034
-0.115545
-0.118759
-0.121652
-0.124202
-0.126389
-0.128192
-0.129592
-0.130573
-0.131119
-0.131216
-0.130853
-0.130023
-0.128719
-0.12694
-0.124687
-0.121967
-0.118789
-0.115168
-0.111124
-0.10668
-0.101866
-0.0967171
-0.0912724
-0.0855761
-0.0796769
-0.0736273
-0.0674829
-0.0613023
-0.0551454
-0.049073
-0.0431457
-0.0374226
-0.0319602
-0.0268117
-0.0220255
-0.0176444
-0.013705
-0.0102367
-0.00726143
-0.00479342
-0.00283788
-0.0013897
-0.000452563
-5.69707e-05
-0.000125516
-0.000832742
-0.00235448
-0.0045254
-0.00724668
-0.0104566
-0.0140947
-0.0181035
-0.0224309
-0.0270291
-0.0318546
-0.0368671
-0.0420295
-0.0473073
-0.0526683
-0.0580822
-0.06352
-0.0689542
-0.0743581
-0.0797058
-0.0849719
-0.0901312
-0.095159
-0.100031
-0.104722
-0.109207
-0.113463
-0.117465
-0.12119
-0.124612
-0.127709
-0.130459
-0.132838
-0.134825
-0.1364
-0.137545
-0.138242
-0.138476
-0.138234
-0.137504
-0.13628
-0.134558
-0.132336
-0.129618
-0.126412
-0.122731
-0.118593
-0.114021
-0.109043
-0.103694
-0.0980129
-0.0920458
-0.0858426
-0.0794579
-0.0729506
-0.0663829
-0.059819
-0.0533247
-0.046966
-0.0408079
-0.0349132
-0.0293411
-0.0241464
-0.0193782
-0.0150788
-0.0112831
-0.00801815
-0.00530252
-0.00314499
-0.00154296
-0.000503588
-6.36937e-05
-0.00013235
-0.000876777
-0.00247698
-0.00475769
-0.00761379
-0.0109794
-0.0147903
-0.0189854
-0.0235098
-0.0283133
-0.03335
-0.0385783
-0.0439596
-0.0494584
-0.0550418
-0.0606788
-0.0663401
-0.071998
-0.0776256
-0.0831968
-0.0886863
-0.0940689
-0.0993198
-0.104414
-0.109328
-0.114036
-0.118514
-0.122737
-0.12668
-0.13032
-0.133632
-0.136592
-0.139177
-0.141365
-0.143133
-0.144461
-0.14533
-0.145723
-0.145624
-0.14502
-0.143901
-0.142259
-0.140093
-0.137402
-0.134193
-0.130475
-0.126265
-0.121583
-0.116457
-0.110922
-0.105016
-0.0987852
-0.0922813
-0.0855614
-0.0786871
-0.0717244
-0.0647422
-0.0578115
-0.0510042
-0.0443915
-0.038043
-0.032025
-0.0263989
-0.0212209
-0.0165397
-0.0123964
-0.00882339
-0.00584434
-0.00347186
-0.00170607
-0.000557901
-7.08534e-05
-0.000138766
-0.000918115
-0.00259201
-0.00497587
-0.00795873
-0.0114709
-0.0154445
-0.0198155
-0.024526
-0.0295235
-0.0347605
-0.0401935
-0.0457828
-0.0514921
-0.0572877
-0.0631381
-0.0690139
-0.074887
-0.0807305
-0.0865184
-0.0922255
-0.0978266
-0.103297
-0.108612
-0.113748
-0.118679
-0.12338
-0.127828
-0.131997
-0.135861
-0.139398
-0.14258
-0.145385
-0.147788
-0.149767
-0.151297
-0.15236
-0.152934
-0.153002
-0.152548
-0.15156
-0.150027
-0.147943
-0.145306
-0.142119
-0.138389
-0.13413
-0.129361
-0.124108
-0.118402
-0.112285
-0.1058
-0.0990018
-0.0919487
-0.0847055
-0.0773417
-0.0699312
-0.0625504
-0.0552775
-0.0481905
-0.0413664
-0.0348789
-0.0287973
-0.0231851
-0.0180985
-0.0135853
-0.00968407
-0.0064239
-0.00382174
-0.00188082
-0.00061616
-7.85577e-05
-0.000144739
-0.000956599
-0.00269911
-0.0051791
-0.0082802
-0.0119292
-0.016055
-0.0205906
-0.0254755
-0.0306552
-0.0360803
-0.0417061
-0.0474917
-0.0534
-0.0593967
-0.0654499
-0.07153
-0.0776089
-0.0836597
-0.0896565
-0.0955742
-0.101388
-0.107073
-0.112606
-0.117961
-0.123114
-0.128041
-0.132716
-0.137115
-0.141211
-0.14498
-0.148396
-0.151433
-0.154066
-0.156271
-0.158023
-0.159299
-0.160077
-0.160337
-0.160059
-0.159228
-0.157831
-0.155858
-0.153304
-0.150168
-0.146454
-0.142173
-0.137341
-0.131983
-0.126128
-0.119815
-0.113091
-0.106007
-0.0986262
-0.0910147
-0.0832462
-0.0753993
-0.0675561
-0.0598015
-0.0522208
-0.044899
-0.0379179
-0.0313555
-0.0252834
-0.0197661
-0.0148588
-0.0106072
-0.00704626
-0.00419795
-0.00206899
-0.000679027
-8.69147e-05
-0.000150239
-0.000992058
-0.00279784
-0.00536653
-0.00857685
-0.0123524
-0.0166191
-0.0213073
-0.0263542
-0.0317034
-0.0373038
-0.0431096
-0.0490789
-0.0551737
-0.0613593
-0.0676037
-0.073877
-0.080151
-0.0863992
-0.0925958
-0.098716
-0.104735
-0.110629
-0.116374
-0.121946
-0.12732
-0.132471
-0.137375
-0.142006
-0.146339
-0.150348
-0.154006
-0.157286
-0.160163
-0.16261
-0.164601
-0.166111
-0.167115
-0.167589
-0.167513
-0.166867
-0.165635
-0.163803
-0.161362
-0.158307
-0.15464
-0.150367
-0.145501
-0.140064
-0.134084
-0.127597
-0.120649
-0.113295
-0.105594
-0.0976188
-0.089445
-0.0811561
-0.0728404
-0.0645894
-0.0564966
-0.0486552
-0.0411563
-0.0340869
-0.0275281
-0.0215532
-0.0162259
-0.0115997
-0.00771653
-0.00460382
-0.00227239
-0.000747171
-9.60336e-05
-0.000155238
-0.00102432
-0.00288772
-0.00553729
-0.00884733
-0.0127386
-0.0171344
-0.0219625
-0.0271582
-0.0326633
-0.0384254
-0.0443974
-0.0505366
-0.0568045
-0.0631659
-0.0695886
-0.0760426
-0.0825
-0.0889343
-0.0953203
-0.101633
-0.107849
-0.113944
-0.119895
-0.125678
-0.131268
-0.136642
-0.141774
-0.146639
-0.151211
-0.155465
-0.159371
-0.162905
-0.166037
-0.16874
-0.170987
-0.172749
-0.174
-0.174713
-0.174864
-0.174431
-0.173393
-0.171732
-0.169436
-0.166496
-0.162908
-0.158676
-0.153808
-0.148323
-0.142245
-0.13561
-0.128462
-0.120853
-0.112847
-0.104516
-0.09594
-0.087207
-0.0784113
-0.0696517
-0.0610298
-0.0526479
-0.044607
-0.0370042
-0.0299308
-0.02347
-0.0176953
-0.0126686
-0.00843978
-0.00504267
-0.00249282
-0.000821263
-0.000106024
-0.000159706
-0.00105321
-0.0029683
-0.00569053
-0.0090903
-0.0130859
-0.0175982
-0.0225529
-0.0278835
-0.0335302
-0.0394394
-0.045563
-0.0518575
-0.0582839
-0.0648067
-0.0713936
-0.0780146
-0.0846421
-0.0912498
-0.0978129
-0.104307
-0.110709
-0.116996
-0.123144
-0.129131
-0.134931
-0.140523
-0.14588
-0.150977
-0.15579
-0.16029
-0.164451
-0.168244
-0.171641
-0.174612
-0.177128
-0.179159
-0.180677
-0.181651
-0.182055
-0.181861
-0.181047
-0.17959
-0.177473
-0.174682
-0.171209
-0.167054
-0.162219
-0.15672
-0.150578
-0.143825
-0.136503
-0.128664
-0.120371
-0.111697
-0.102727
-0.0935522
-0.0842728
-0.0749951
-0.0658294
-0.0568876
-0.0482813
-0.0401186
-0.0325023
-0.0255265
-0.0192753
-0.0138206
-0.00922099
-0.00551781
-0.0027321
-0.000901976
-0.000116996
-0.000163614
-0.00107855
-0.00303912
-0.00582542
-0.0093045
-0.0133925
-0.0180082
-0.0230756
-0.0285264
-0.0342996
-0.0403405
-0.0466
-0.0530341
-0.0596033
-0.0662719
-0.0730076
-0.0797805
-0.0865633
-0.09333
-0.100056
-0.106719
-0.113295
-0.119761
-0.126096
-0.132276
-0.138278
-0.14408
-0.149656
-0.154982
-0.160032
-0.164779
-0.169196
-0.173253
-0.176921
-0.180169
-0.182967
-0.185282
-0.187084
-0.18834
-0.18902
-0.189093
-0.188532
-0.187311
-0.185407
-0.182802
-0.179482
-0.175442
-0.170681
-0.165207
-0.159039
-0.152203
-0.14474
-0.136699
-0.128143
-0.119147
-0.109796
-0.100186
-0.0904235
-0.0806221
-0.0709008
-0.061382
-0.0521884
-0.0434402
-0.0352524
-0.0277316
-0.0209739
-0.0150621
-0.010065
-0.00603247
-0.002992
-0.000989982
-0.000129062
-0.000166934
-0.0011002
-0.00309978
-0.00594122
-0.00948877
-0.0136567
-0.0183623
-0.0235277
-0.0290834
-0.0349673
-0.0411235
-0.0475024
-0.0540594
-0.0607546
-0.0675522
-0.0744199
-0.0813281
-0.0882496
-0.0951592
-0.102033
-0.108848
-0.115583
-0.122215
-0.128722
-0.135084
-0.141277
-0.147279
-0.153066
-0.158613
-0.163895
-0.168885
-0.173556
-0.177877
-0.181819
-0.185351
-0.188439
-0.191051
-0.193152
-0.194709
-0.195687
-0.196052
-0.195773
-0.194819
-0.193163
-0.190782
-0.187656
-0.183773
-0.179127
-0.173722
-0.167569
-0.160693
-0.153127
-0.14492
-0.136133
-0.126839
-0.117127
-0.107095
-0.0968561
-0.0865302
-0.0762457
-0.0661357
-0.056335
-0.0469768
-0.0381896
-0.0300938
-0.0227985
-0.0163994
-0.0109766
-0.00658983
-0.00327431
-0.00108595
-0.000142335
-0.000169642
-0.001118
-0.00314992
-0.00603726
-0.00964207
-0.0138772
-0.0186585
-0.0239068
-0.0295515
-0.0355294
-0.0417839
-0.0482646
-0.0549267
-0.0617299
-0.0686385
-0.07562
-0.0826452
-0.0896875
-0.096722
-0.103726
-0.110676
-0.117552
-0.124333
-0.130998
-0.137525
-0.143895
-0.150083
-0.156068
-0.161826
-0.167331
-0.172557
-0.177476
-0.182059
-0.186276
-0.190093
-0.193477
-0.196393
-0.198806
-0.200679
-0.201974
-0.202655
-0.202685
-0.20203
-0.200657
-0.198538
-0.195647
-0.191965
-0.187481
-0.182192
-0.176103
-0.169232
-0.161609
-0.153278
-0.144297
-0.134739
-0.124693
-0.11426
-0.103556
-0.092711
-0.0818606
-0.0711494
-0.0607248
-0.0507342
-0.0413208
-0.0326199
-0.0247558
-0.0178382
-0.0119602
-0.00719297
-0.00358075
-0.00119056
-0.000156931
-0.000171718
-0.00113186
-0.00318924
-0.00611302
-0.00976359
-0.0140528
-0.0188952
-0.0242108
-0.0299279
-0.0359825
-0.0423175
-0.0488818
-0.0556302
-0.0625224
-0.0695224
-0.0765982
-0.0837207
-0.0908638
-0.0980032
-0.105117
-0.112182
-0.119181
-0.126091
-0.132894
-0.13957
-0.146097
-0.152456
-0.158623
-0.164577
-0.170292
-0.175742
-0.180901
-0.185739
-0.190224
-0.194325
-0.198006
-0.201232
-0.203965
-0.206166
-0.207795
-0.208812
-0.209177
-0.20885
-0.207795
-0.205975
-0.203362
-0.199928
-0.195655
-0.190532
-0.184559
-0.177747
-0.170118
-0.161713
-0.152584
-0.142803
-0.132457
-0.12165
-0.110503
-0.0991497
-0.0877366
-0.0764192
-0.0653581
-0.0547155
-0.0446508
-0.035316
-0.0268517
-0.0193837
-0.0130201
-0.00784486
-0.00391304
-0.00130445
-0.000172965
-0.000173146
-0.0011417
-0.00321755
-0.00616812
-0.00985275
-0.0141825
-0.0190712
-0.0244381
-0.0302106
-0.0363242
-0.042721
-0.0493498
-0.0561648
-0.0631257
-0.0701966
-0.0773456
-0.0845441
-0.0917664
-0.0989889
-0.10619
-0.113349
-0.120447
-0.127465
-0.134385
-0.141186
-0.147851
-0.154359
-0.16069
-0.166821
-0.172729
-0.178388
-0.183772
-0.188853
-0.193598
-0.197976
-0.201951
-0.205487
-0.208544
-0.211081
-0.213056
-0.214427
-0.215149
-0.215178
-0.214472
-0.212991
-0.210698
-0.207558
-0.203548
-0.198646
-0.192846
-0.18615
-0.178574
-0.170151
-0.160928
-0.150973
-0.140372
-0.129228
-0.117666
-0.105824
-0.0938589
-0.0819363
-0.0702309
-0.0589207
-0.0481824
-0.0381861
-0.0290909
-0.0210405
-0.01416
-0.00854829
-0.0042728
-0.00142831
-0.000190559
-0.00017392
-0.00114746
-0.00323474
-0.0062024
-0.00990927
-0.014266
-0.019186
-0.0245878
-0.0303984
-0.0365526
-0.0429922
-0.0496655
-0.0565265
-0.063535
-0.0706549
-0.0778548
-0.0851063
-0.0923842
-0.0996659
-0.10693
-0.114159
-0.121332
-0.128432
-0.135443
-0.142346
-0.149124
-0.155758
-0.162228
-0.168514
-0.174593
-0.180441
-0.186033
-0.191339
-0.196331
-0.200974
-0.205235
-0.209075
-0.212454
-0.215331
-0.217662
-0.219399
-0.220496
-0.220906
-0.220581
-0.219474
-0.217542
-0.214745
-0.211049
-0.206427
-0.20086
-0.194343
-0.186885
-0.178507
-0.169253
-0.159183
-0.148379
-0.136945
-0.125005
-0.112704
-0.100205
-0.0876861
-0.0753349
-0.0633463
-0.0519155
-0.0412327
-0.0314771
-0.0228126
-0.0153835
-0.00930589
-0.00466164
-0.00156276
-0.000209833
-0.000174037
-0.00114917
-0.00324086
-0.00621592
-0.00993323
-0.0143034
-0.0192395
-0.0246598
-0.0304909
-0.0366671
-0.0431298
-0.049827
-0.0567127
-0.0637465
-0.0708925
-0.0781194
-0.0853994
-0.092708
-0.100023
-0.107325
-0.114595
-0.121816
-0.128971
-0.136046
-0.143022
-0.149885
-0.156617
-0.163199
-0.169613
-0.175837
-0.181849
-0.187625
-0.193136
-0.198354
-0.203246
-0.207779
-0.211913
-0.215609
-0.218824
-0.221512
-0.223625
-0.225112
-0.225923
-0.226004
-0.225306
-0.223776
-0.221368
-0.21804
-0.213755
-0.208485
-0.202216
-0.194944
-0.186684
-0.177469
-0.167351
-0.156408
-0.14474
-0.132472
-0.119751
-0.106747
-0.0936476
-0.0806565
-0.0679847
-0.0558473
-0.0444559
-0.0340124
-0.024703
-0.0166936
-0.01012
-0.00508104
-0.00170846
-0.000230911
-0.000173508
-0.00114688
-0.00323608
-0.006209
-0.00992512
-0.0142953
-0.0192325
-0.0246549
-0.0304886
-0.0366679
-0.0431337
-0.0498339
-0.0567222
-0.0637582
-0.0709062
-0.0781352
-0.0854178
-0.0927302
-0.100051
-0.107361
-0.114644
-0.121883
-0.129063
-0.13617
-0.143189
-0.150105
-0.156903
-0.163566
-0.170077
-0.176416
-0.182563
-0.188494
-0.194183
-0.199603
-0.204722
-0.209507
-0.21392
-0.21792
-0.221466
-0.224508
-0.226999
-0.228885
-0.230112
-0.230624
-0.230363
-0.229273
-0.2273
-0.224392
-0.220504
-0.215598
-0.209647
-0.202638
-0.194573
-0.185474
-0.175386
-0.164378
-0.152544
-0.140006
-0.126915
-0.113444
-0.0997927
-0.0861761
-0.0728237
-0.0599714
-0.0478537
-0.0366974
-0.0267136
-0.0180926
-0.0109928
-0.00553242
-0.00186601
-0.00025392
-0.000172351
-0.00114073
-0.00322076
-0.00618229
-0.00988591
-0.0142429
-0.0191665
-0.0245746
-0.0303935
-0.0365569
-0.0430057
-0.0496873
-0.0565556
-0.0635699
-0.0706949
-0.0778998
-0.0851578
-0.0924456
-0.0997427
-0.107031
-0.114295
-0.12152
-0.128691
-0.135797
-0.142824
-0.149758
-0.156587
-0.163296
-0.169869
-0.176289
-0.182536
-0.188589
-0.194425
-0.200017
-0.205335
-0.210347
-0.215016
-0.219303
-0.223165
-0.226554
-0.229419
-0.231707
-0.233361
-0.23432
-0.234522
-0.233906
-0.232409
-0.229972
-0.22654
-0.222064
-0.216505
-0.209838
-0.202052
-0.193156
-0.183184
-0.172194
-0.160272
-0.147537
-0.134138
-0.120252
-0.106086
-0.091868
-0.0778461
-0.0642773
-0.051421
-0.0395306
-0.0288452
-0.0195823
-0.0119261
-0.00601704
-0.00203601
-0.000278989
-0.000170597
-0.0011309
-0.00319542
-0.00613679
-0.00981709
-0.0141483
-0.0190439
-0.024422
-0.0302086
-0.0363373
-0.0427488
-0.0493903
-0.0562154
-0.0631837
-0.0702599
-0.0774135
-0.0846182
-0.0918515
-0.0990938
-0.106328
-0.11354
-0.120715
-0.127843
-0.134911
-0.141908
-0.148823
-0.155645
-0.16236
-0.168956
-0.175417
-0.181727
-0.187865
-0.19381
-0.199539
-0.205022
-0.21023
-0.215128
-0.219677
-0.223835
-0.227554
-0.230785
-0.233472
-0.235555
-0.236972
-0.237658
-0.237544
-0.236561
-0.234643
-0.231724
-0.227744
-0.222653
-0.21641
-0.208991
-0.200391
-0.190629
-0.17975
-0.167832
-0.154984
-0.141351
-0.127113
-0.112482
-0.0976993
-0.083029
-0.0687505
-0.0551496
-0.0425086
-0.0310971
-0.0211637
-0.0129211
-0.00653604
-0.00221902
-0.000306246
-0.000168291
-0.00111769
-0.00316084
-0.00607387
-0.00972074
-0.0140142
-0.0188682
-0.024201
-0.0299386
-0.0360142
-0.0423682
-0.0489478
-0.0557065
-0.0626038
-0.0696046
-0.0766788
-0.0838006
-0.0909482
-0.0981029
-0.105249
-0.112373
-0.119463
-0.126508
-0.133499
-0.140426
-0.147281
-0.154054
-0.160734
-0.16731
-0.17377
-0.180099
-0.186279
-0.192293
-0.198118
-0.203728
-0.209096
-0.214188
-0.218969
-0.223396
-0.227424
-0.231003
-0.234078
-0.236588
-0.238468
-0.239649
-0.240059
-0.239624
-0.238267
-0.235914
-0.232495
-0.227945
-0.22221
-0.21525
-0.207044
-0.197594
-0.18693
-0.175116
-0.162251
-0.148473
-0.133961
-0.118929
-0.10363
-0.0883434
-0.0733717
-0.0590278
-0.0456253
-0.0334674
-0.0228367
-0.013979
-0.00709036
-0.00241558
-0.000335822
-0.000165489
-0.00110144
-0.00311799
-0.00599535
-0.00959963
-0.0138445
-0.0186443
-0.0239174
-0.0295896
-0.0355942
-0.0418711
-0.0483673
-0.0550362
-0.0618372
-0.0687355
-0.0757014
-0.0827096
-0.0897391
-0.0967722
-0.103794
-0.110793
-0.117758
-0.124681
-0.131554
-0.138369
-0.14512
-0.151799
-0.158398
-0.164909
-0.171321
-0.177623
-0.1838
-0.189836
-0.195712
-0.201406
-0.206892
-0.212139
-0.217113
-0.221777
-0.226085
-0.229989
-0.233433
-0.236358
-0.238697
-0.24038
-0.24133
-0.241467
-0.240708
-0.238971
-0.236172
-0.232236
-0.227092
-0.220684
-0.212973
-0.203943
-0.193606
-0.182008
-0.169235
-0.155415
-0.140719
-0.125365
-0.109611
-0.0937536
-0.0781161
-0.06304
-0.048872
-0.0359519
-0.0246004
-0.0151
-0.00768075
-0.00262614
-0.000367848
-0.000162268
-0.00108263
-0.00306814
-0.00590353
-0.00945724
-0.0136437
-0.0183779
-0.023578
-0.0291699
-0.0350862
-0.0412669
-0.0476584
-0.0542141
-0.0608935
-0.0676619
-0.07449
-0.0813531
-0.0882311
-0.0951074
-0.101968
-0.108803
-0.115604
-0.122362
-0.129073
-0.135731
-0.142332
-0.14887
-0.15534
-0.161737
-0.168052
-0.174277
-0.180401
-0.18641
-0.192289
-0.198017
-0.203574
-0.208931
-0.214057
-0.218917
-0.223469
-0.227667
-0.231456
-0.234777
-0.237564
-0.239745
-0.241241
-0.241968
-0.241836
-0.240756
-0.238633
-0.235377
-0.230905
-0.225142
-0.218031
-0.209533
-0.199642
-0.188382
-0.175822
-0.162074
-0.147301
-0.131717
-0.115586
-0.099217
-0.0829536
-0.0671663
-0.0522371
-0.038545
-0.0264525
-0.016284
-0.00830772
-0.00285115
-0.000402453
-0.000158717
-0.00106183
-0.00301281
-0.00580125
-0.00929788
-0.0134179
-0.0180765
-0.0231918
-0.0286894
-0.0345014
-0.0405674
-0.0468336
-0.0532531
-0.0597855
-0.0663963
-0.0730566
-0.0797425
-0.0864347
-0.0931177
-0.0997794
-0.10641
-0.113004
-0.119554
-0.126058
-0.132513
-0.138915
-0.145264
-0.151555
-0.157786
-0.163952
-0.170048
-0.176065
-0.181994
-0.187823
-0.193534
-0.19911
-0.204527
-0.209758
-0.214769
-0.219523
-0.223976
-0.228076
-0.231766
-0.234982
-0.237649
-0.239689
-0.241014
-0.24153
-0.241139
-0.239739
-0.237226
-0.233502
-0.228475
-0.222066
-0.214216
-0.204894
-0.194102
-0.181885
-0.168338
-0.153609
-0.137905
-0.121491
-0.104683
-0.0878478
-0.0713825
-0.0557054
-0.0412384
-0.0283898
-0.0175302
-0.00897149
-0.00309095
-0.000439767
-0.000154947
-0.00103973
-0.00295389
-0.00569193
-0.00912674
-0.0131741
-0.0177489
-0.0227694
-0.0281602
-0.0338532
-0.0397872
-0.0459081
-0.0521689
-0.058529
-0.0649544
-0.0714167
-0.0778928
-0.0843642
-0.0908167
-0.0972397
-0.103625
-0.109969
-0.116267
-0.122517
-0.12872
-0.134875
-0.140983
-0.147043
-0.153055
-0.159019
-0.16493
-0.170786
-0.176579
-0.182301
-0.18794
-0.19348
-0.198903
-0.204185
-0.209297
-0.214205
-0.218869
-0.22324
-0.227265
-0.230879
-0.234013
-0.236585
-0.238506
-0.23968
-0.240002
-0.239362
-0.237645
-0.234738
-0.230532
-0.224926
-0.217839
-0.209213
-0.199025
-0.187292
-0.174087
-0.159537
-0.143838
-0.12725
-0.110095
-0.0927564
-0.075659
-0.0592586
-0.0440218
-0.0304073
-0.0188369
-0.00967201
-0.00334583
-0.000479916
-0.000151092
-0.00101715
-0.00289361
-0.00557965
-0.00895004
-0.0129206
-0.0174059
-0.0223234
-0.027597
-0.0331577
-0.0389436
-0.0449003
-0.0509803
-0.0571434
-0.0633557
-0.0695895
-0.0758225
-0.0820376
-0.0882218
-0.094366
-0.100464
-0.106514
-0.112513
-0.118462
-0.124364
-0.130221
-0.136036
-0.141811
-0.147551
-0.153256
-0.158927
-0.164564
-0.170164
-0.175722
-0.18123
-0.186676
-0.192048
-0.197324
-0.202482
-0.20749
-0.212314
-0.21691
-0.221226
-0.225203
-0.228772
-0.231855
-0.234361
-0.236192
-0.23724
-0.237386
-0.236508
-0.234479
-0.231171
-0.226464
-0.220252
-0.21245
-0.203004
-0.191904
-0.179191
-0.16497
-0.149417
-0.132781
-0.115387
-0.0976302
-0.0799616
-0.0628744
-0.0468825
-0.0324988
-0.0202019
-0.0104089
-0.003616
-0.000523022
-0.000147308
-0.00099506
-0.00283459
-0.00546926
-0.0087751
-0.0126674
-0.01706
-0.0218689
-0.0270169
-0.0324338
-0.0380571
-0.0438316
-0.0497097
-0.0556513
-0.0616229
-0.0675976
-0.0735543
-0.079477
-0.0853543
-0.0911789
-0.0969469
-0.102657
-0.108311
-0.113911
-0.119462
-0.124969
-0.130438
-0.135876
-0.141287
-0.146677
-0.152051
-0.157411
-0.162759
-0.168093
-0.173409
-0.178703
-0.183962
-0.189174
-0.194318
-0.199369
-0.204298
-0.209064
-0.213623
-0.217917
-0.221883
-0.225444
-0.228512
-0.230988
-0.232761
-0.23371
-0.233702
-0.232598
-0.230256
-0.226536
-0.221306
-0.214453
-0.205891
-0.195576
-0.183516
-0.169785
-0.154533
-0.137993
-0.120486
-0.102414
-0.0842505
-0.0665266
-0.0498048
-0.0346562
-0.0216221
-0.0111814
-0.00390159
-0.000569209
-0.000143778
-0.000974622
-0.00277995
-0.00536644
-0.00861053
-0.0124262
-0.0167256
-0.0214231
-0.0264395
-0.0317035
-0.0371512
-0.0427269
-0.0483828
-0.0540789
-0.0597825
-0.0654676
-0.0711142
-0.076708
-0.0822395
-0.0877032
-0.0930973
-0.098423
-0.103684
-0.108886
-0.114036
-0.119141
-0.124212
-0.129257
-0.134284
-0.139304
-0.144322
-0.149347
-0.154382
-0.159432
-0.164497
-0.169575
-0.174661
-0.179745
-0.184814
-0.189848
-0.19482
-0.199699
-0.204444
-0.209004
-0.213319
-0.217317
-0.220913
-0.22401
-0.226497
-0.228249
-0.229128
-0.228986
-0.227666
-0.225009
-0.22086
-0.215075
-0.207535
-0.19816
-0.186919
-0.17385
-0.159069
-0.142787
-0.125311
-0.107044
-0.0884805
-0.070185
-0.0527705
-0.0368701
-0.0230933
-0.0119886
-0.00420265
-0.000618596
-0.000140721
-0.000957181
-0.00273333
-0.00527783
-0.00846635
-0.0122106
-0.0164199
-0.0210061
-0.0258879
-0.0309919
-0.0362529
-0.0416145
-0.0470288
-0.0524561
-0.0578645
-0.0632292
-0.0685319
-0.07376
-0.0789061
-0.083967
-0.0889433
-0.0938387
-0.0986594
-0.103414
-0.108112
-0.112764
-0.117384
-0.121981
-0.12657
-0.131162
-0.135768
-0.140399
-0.145063
-0.149769
-0.154521
-0.159322
-0.164171
-0.169065
-0.173994
-0.178946
-0.183899
-0.188829
-0.193699
-0.198465
-0.203074
-0.207458
-0.211538
-0.215221
-0.218396
-0.220939
-0.222709
-0.223549
-0.223292
-0.221762
-0.21878
-0.214174
-0.207791
-0.19951
-0.189259
-0.177031
-0.162905
-0.147057
-0.129773
-0.111452
-0.092601
-0.0738153
-0.0557587
-0.0391293
-0.0246108
-0.012829
-0.00451915
-0.000671305
-0.000138391
-0.000944326
-0.002699
-0.00521122
-0.00835426
-0.0120361
-0.0161624
-0.0206412
-0.0253882
-0.0303277
-0.0353929
-0.0405265
-0.0456807
-0.0508162
-0.0559024
-0.0609159
-0.0658404
-0.0706656
-0.0753863
-0.0800021
-0.0845161
-0.0889349
-0.0932676
-0.0975254
-0.101721
-0.105869
-0.109984
-0.114081
-0.118177
-0.122285
-0.126422
-0.130602
-0.134837
-0.139139
-0.143517
-0.147979
-0.152529
-0.157169
-0.161894
-0.166698
-0.171567
-0.17648
-0.18141
-0.186319
-0.191159
-0.195872
-0.200383
-0.204604
-0.20843
-0.211737
-0.214385
-0.216213
-0.217044
-0.216688
-0.214946
-0.211618
-0.206517
-0.19948
-0.190389
-0.179189
-0.165911
-0.150688
-0.133778
-0.115563
-0.0965558
-0.0773791
-0.0587455
-0.0414208
-0.0261689
-0.0137009
-0.00485104
-0.000727461
-0.000137093
-0.000937929
-0.00268198
-0.0051757
-0.00828788
-0.0119211
-0.0159756
-0.0203547
-0.0249702
-0.0297432
-0.0346054
-0.0394986
-0.0443749
-0.0491961
-0.0539329
-0.058564
-0.0630756
-0.0674599
-0.0717147
-0.0758424
-0.0798493
-0.083745
-0.0875417
-0.0912538
-0.0948972
-0.0984893
-0.102048
-0.105592
-0.10914
-0.112712
-0.116325
-0.119997
-0.123745
-0.127585
-0.13153
-0.135592
-0.139781
-0.144103
-0.14856
-0.15315
-0.157867
-0.162696
-0.167617
-0.1726
-0.177605
-0.18258
-0.187459
-0.192162
-0.196588
-0.20062
-0.204119
-0.206923
-0.20885
-0.209699
-0.209253
-0.207288
-0.203582
-0.197931
-0.190168
-0.180184
-0.167955
-0.153563
-0.137224
-0.119295
-0.100283
-0.0808337
-0.0617042
-0.0437302
-0.0277613
-0.0146026
-0.00519822
-0.000787203
-0.000137186
-0.000940207
-0.00268818
-0.00518195
-0.00828309
-0.0118866
-0.0158855
-0.0201769
-0.0246674
-0.029275
-0.0339289
-0.0385702
-0.0431515
-0.0476357
-0.0519956
-0.0562126
-0.0602757
-0.0641803
-0.0679277
-0.0715237
-0.074978
-0.0783037
-0.0815163
-0.0846336
-0.0876748
-0.0906605
-0.0936119
-0.0965511
-0.0995001
-0.102481
-0.105516
-0.108626
-0.111832
-0.115153
-0.118608
-0.122211
-0.125978
-0.12992
-0.134045
-0.138356
-0.142853
-0.147529
-0.152371
-0.157356
-0.162453
-0.167619
-0.172798
-0.177915
-0.182881
-0.187585
-0.191892
-0.195643
-0.198656
-0.200722
-0.20161
-0.201075
-0.198863
-0.194729
-0.188455
-0.179874
-0.168901
-0.155557
-0.140003
-0.122559
-0.103717
-0.0841324
-0.0646057
-0.0460416
-0.029381
-0.0155319
-0.0055606
-0.000850688
-0.000139104
-0.000953807
-0.00272464
-0.00524254
-0.00835845
-0.0119571
-0.0159219
-0.0201421
-0.0245181
-0.0289635
-0.0334055
-0.0377844
-0.0420535
-0.0461777
-0.0501325
-0.0539023
-0.0574801
-0.060865
-0.0640624
-0.067082
-0.0699374
-0.0726456
-0.0752258
-0.0776993
-0.0800888
-0.0824181
-0.0847121
-0.0869958
-0.0892946
-0.091634
-0.0940391
-0.0965348
-0.0991451
-0.101893
-0.104801
-0.107889
-0.111176
-0.114677
-0.118407
-0.122374
-0.126584
-0.131038
-0.135729
-0.140644
-0.145759
-0.151041
-0.156442
-0.161901
-0.167336
-0.172646
-0.177704
-0.182359
-0.18643
-0.189705
-0.191945
-0.192887
-0.192249
-0.189747
-0.185114
-0.17812
-0.168612
-0.156541
-0.142001
-0.125262
-0.106784
-0.0872245
-0.067418
-0.0483378
-0.0310205
-0.0164868
-0.00593822
-0.000918105
-0.000143376
-0.000981907
-0.00279969
-0.00537231
-0.00853568
-0.0121609
-0.0161191
-0.0202893
-0.0245646
-0.0288538
-0.0330814
-0.0371877
-0.0411271
-0.0448671
-0.0483868
-0.0516748
-0.0547286
-0.057552
-0.0601551
-0.0625521
-0.0647613
-0.0668037
-0.0687025
-0.070483
-0.0721714
-0.0737952
-0.0753823
-0.0769611
-0.0785603
-0.0802084
-0.0819338
-0.0837645
-0.0857281
-0.0878511
-0.0901593
-0.0926769
-0.0954268
-0.0984297
-0.101704
-0.105264
-0.109123
-0.113286
-0.117756
-0.122525
-0.127582
-0.132901
-0.138446
-0.144165
-0.149991
-0.155831
-0.161573
-0.167072
-0.172155
-0.176612
-0.180201
-0.182646
-0.183643
-0.182872
-0.180016
-0.174785
-0.16695
-0.156383
-0.1431
-0.127303
-0.109407
-0.0900552
-0.0701066
-0.0506004
-0.0326724
-0.0174655
-0.00633125
-0.0009897
-0.000150648
-0.00102836
-0.00292338
-0.00558894
-0.00884036
-0.0125309
-0.0165162
-0.0206627
-0.0248546
-0.0289952
-0.0330068
-0.0368295
-0.0404201
-0.0437497
-0.0468019
-0.0495709
-0.0520593
-0.0542769
-0.0562391
-0.0579655
-0.0594793
-0.0608063
-0.0619741
-0.063012
-0.06395
-0.0648191
-0.0656507
-0.0664764
-0.0673278
-0.0682366
-0.0692343
-0.0703518
-0.0716197
-0.0730681
-0.0747259
-0.0766211
-0.0787805
-0.0812291
-0.0839899
-0.0870832
-0.0905263
-0.0943325
-0.0985104
-0.103062
-0.107984
-0.11326
-0.118866
-0.124762
-0.130893
-0.137181
-0.143525
-0.149796
-0.155829
-0.161423
-0.166338
-0.17029
-0.172959
-0.173997
-0.173039
-0.169733
-0.163775
-0.154947
-0.143176
-0.128578
-0.111504
-0.0925652
-0.0726347
-0.0528102
-0.0343289
-0.0184665
-0.00674019
-0.00106579
-0.000161724
-0.00109786
-0.00310784
-0.00591351
-0.00930263
-0.0131056
-0.0171583
-0.0213121
-0.0254407
-0.0294415
-0.0332346
-0.0367612
-0.0399812
-0.0428708
-0.0454196
-0.0476283
-0.0495064
-0.0510703
-0.0523419
-0.0533468
-0.054114
-0.0546743
-0.0550601
-0.0553049
-0.0554428
-0.0555084
-0.0555363
-0.0555613
-0.0556181
-0.0557412
-0.0559647
-0.0563226
-0.0568484
-0.0575748
-0.0585341
-0.0597576
-0.0612756
-0.0631171
-0.0653093
-0.0678775
-0.0708445
-0.0742295
-0.0780481
-0.0823106
-0.0870208
-0.0921748
-0.0977583
-0.103745
-0.110092
-0.116738
-0.123597
-0.130554
-0.137462
-0.14413
-0.150326
-0.155768
-0.160126
-0.163026
-0.164066
-0.162835
-0.158948
-0.152095
-0.142099
-0.128972
-0.112983
-0.0946912
-0.074963
-0.0549471
-0.0359832
-0.0194892
-0.00716599
-0.00114683
-0.000177618
-0.00119623
-0.00336782
-0.00637136
-0.00995821
-0.0139295
-0.0180968
-0.0222933
-0.0263807
-0.0302501
-0.0338203
-0.0370345
-0.0398578
-0.0422727
-0.0442768
-0.0458788
-0.0470966
-0.0479544
-0.0484814
-0.0487105
-0.0486767
-0.0484164
-0.0479673
-0.0473673
-0.0466547
-0.0458674
-0.0450436
-0.0442211
-0.0434373
-0.0427293
-0.042134
-0.0416879
-0.0414268
-0.0413863
-0.0416015
-0.0421066
-0.042935
-0.0441194
-0.045691
-0.0476795
-0.0501125
-0.0530153
-0.0564097
-0.0603135
-0.0647393
-0.069693
-0.0751716
-0.0811612
-0.0876339
-0.0945439
-0.101823
-0.109375
-0.117069
-0.124733
-0.132148
-0.13904
-0.145078
-0.149872
-0.152988
-0.153961
-0.152329
-0.147683
-0.139731
-0.128367
-0.11375
-0.096364
-0.0770492
-0.0569908
-0.0376291
-0.0205342
-0.0076103
-0.00123342
-0.000199615
-0.0013307
-0.00372142
-0.00699308
-0.0108494
-0.0150546
-0.0193904
-0.0236683
-0.0277369
-0.0314812
-0.0348196
-0.0376996
-0.0400929
-0.0419913
-0.043402
-0.0443439
-0.0448445
-0.0449375
-0.0446608
-0.0440549
-0.0431617
-0.0420239
-0.0406844
-0.039186
-0.0375708
-0.0358807
-0.0341569
-0.0324401
-0.0307702
-0.029187
-0.0277294
-0.0264362
-0.0253457
-0.0244956
-0.0239234
-0.023666
-0.0237597
-0.0242401
-0.0251422
-0.0264995
-0.0283444
-0.0307072
-0.0336161
-0.0370958
-0.0411671
-0.0458454
-0.0511387
-0.057046
-0.063554
-0.0706334
-0.0782346
-0.0862815
-0.094665
-0.103235
-0.11179
-0.120073
-0.127759
-0.134454
-0.1397
-0.142984
-0.143774
-0.141561
-0.135927
-0.126631
-0.113699
-0.0975083
-0.0788478
-0.0589207
-0.039262
-0.0216036
-0.00807578
-0.00132642
-0.000229371
-0.00151034
-0.00419096
-0.00781574
-0.0120265
-0.0165411
-0.0211052
-0.0255052
-0.0295753
-0.0331956
-0.0362859
-0.0388004
-0.0407209
-0.0420507
-0.0428092
-0.0430278
-0.0427458
-0.0420076
-0.0408609
-0.0393548
-0.0375388
-0.0354622
-0.0331736
-0.0307204
-0.028149
-0.0255048
-0.022832
-0.0201738
-0.0175728
-0.0150707
-0.0127086
-0.010527
-0.00856612
-0.00686575
-0.00546535
-0.00440404
-0.00372063
-0.00345351
-0.00364059
-0.00431916
-0.00552562
-0.00729521
-0.00966154
-0.0126561
-0.0163072
-0.0206393
-0.0256712
-0.0314143
-0.0378697
-0.0450251
-0.05285
-0.0612902
-0.0702602
-0.0796348
-0.0892386
-0.0988351
-0.108116
-0.116693
-0.124095
-0.129776
-0.133138
-0.133572
-0.130532
-0.123622
-0.112712
-0.0980399
-0.0803089
-0.0607153
-0.0408791
-0.0227022
-0.00856655
-0.00142704
-0.000269045
-0.00174668
-0.00480421
-0.00888445
-0.0135493
-0.0184588
-0.0233152
-0.0278767
-0.0319631
-0.0354508
-0.0382649
-0.0403696
-0.0417602
-0.0424553
-0.0424898
-0.0419098
-0.0407683
-0.0391224
-0.0370307
-0.0345517
-0.0317432
-0.0286614
-0.0253606
-0.0218931
-0.0183093
-0.0146579
-0.010986
-0.00733922
-0.0037621
-0.000298144
0.00300988
0.00611984
0.00899003
0.0115791
0.0138459
0.0157495
0.017249
0.0183038
0.0188731
0.0189165
0.0183941
0.0172662
0.0154941
0.0130404
0.00986943
0.00594841
0.00124843
-0.00425376
-0.0105735
-0.0177152
-0.0256678
-0.0343995
-0.0438504
-0.0539233
-0.0644723
-0.0752899
-0.086093
-0.0965096
-0.10607
-0.114205
-0.120263
-0.123545
-0.123372
-0.119181
-0.110656
-0.0978625
-0.0813759
-0.0623525
-0.0424805
-0.0238383
-0.00908874
-0.00153698
-0.00032148
-0.00205447
-0.00559586
-0.0102542
-0.0154885
-0.0208871
-0.0261014
-0.0308583
-0.0349643
-0.038296
-0.0407877
-0.042419
-0.0432037
-0.0431796
-0.0424006
-0.0409307
-0.0388389
-0.0361964
-0.0330739
-0.0295403
-0.0256621
-0.0215024
-0.0171214
-0.0125761
-0.00792087
-0.00320738
0.00151481
0.00619802
0.0107961
0.015264
0.0195579
0.0236344
0.0274506
0.0309641
0.0341324
0.0369131
0.0392638
0.0411417
0.0425041
0.0433077
0.0435092
0.0430654
0.0419329
0.0400688
0.0374309
0.0339786
0.0296737
0.0244816
0.0183735
0.011329
0.00333975
-0.00558508
-0.015412
-0.0260739
-0.0374582
-0.0493923
-0.0616267
-0.0738174
-0.0855097
-0.0961288
-0.104984
-0.111296
-0.114256
-0.113126
-0.107378
-0.0968631
-0.0819826
-0.0638078
-0.0440692
-0.0250245
-0.00965136
-0.0016587
-0.000390485
-0.0024528
-0.00660963
-0.0119923
-0.0179274
-0.0239157
-0.0295496
-0.0345233
-0.0386332
-0.0417616
-0.043859
-0.044927
-0.0450037
-0.0441514
-0.0424473
-0.0399763
-0.0368258
-0.0330828
-0.028831
-0.0241506
-0.0191165
-0.0137993
-0.00826476
-0.00257433
0.00321425
0.00904658
0.0148711
0.0206385
0.0263015
0.0318142
0.0371317
0.0422101
0.0470058
0.0514756
0.0555762
0.0592642
0.0624958
0.0652269
0.0674127
0.0690079
0.0699664
0.0702415
0.0697859
0.0685518
0.0664912
0.0635563
0.0597002
0.0548781
0.0490485
0.0421758
0.034233
0.0252072
0.0151051
0.00396262
-0.00814364
-0.0210808
-0.0346409
-0.0485191
-0.0622907
-0.0753927
-0.0871154
-0.0966158
-0.102965
-0.105244
-0.102692
-0.0949037
-0.0820473
-0.0650521
-0.0456519
-0.0262798
-0.0102675
-0.00179568
-0.000481243
-0.0029667
-0.00790095
-0.0141809
-0.0209634
-0.0276431
-0.0337458
-0.0389347
-0.0430022
-0.0458451
-0.0474397
-0.0478182
-0.0470507
-0.0452301
-0.0424614
-0.0388537
-0.0345152
-0.02955
-0.024056
-0.0181244
-0.0118392
-0.00527762
0.00148922
0.00839592
0.0153819
0.0223906
0.0293692
0.0362673
0.0430371
0.0496321
0.0560074
0.0621187
0.0679223
0.0733747
0.0784321
0.0830506
0.0871857
0.0907921
0.0938237
0.0962332
0.0979724
0.0989917
0.0992403
0.0986662
0.0972161
0.0948359
0.0914711
0.0870673
0.0815716
0.0749341
0.0671106
0.0580667
0.0477832
0.0362644
0.0235495
0.00972804
-0.00504011
-0.0204995
-0.036271
-0.0518228
-0.066449
-0.079266
-0.0892425
-0.0952823
-0.0963738
-0.0918108
-0.0814646
-0.0660474
-0.0472383
-0.0276312
-0.0109559
-0.00195304
-0.000600952
-0.00362942
-0.00954061
-0.0169203
-0.0247084
-0.0321725
-0.0387677
-0.0441312
-0.0480629
-0.0504878
-0.0514205
-0.0509353
-0.0491433
-0.0461749
-0.0421678
-0.0372588
-0.0315789
-0.0252501
-0.0183851
-0.0110858
-0.00344484
0.00445433
0.0125362
0.0207323
0.02898
0.0372215
0.0454032
0.0534747
0.0613882
0.0690975
0.076558
0.0837258
0.0905576
0.0970101
0.10304
0.108602
0.113653
0.118146
0.122034
0.125269
0.127801
0.129577
0.130544
0.130647
0.129827
0.128026
0.125181
0.12123
0.116109
0.109757
0.102113
0.0931221
0.0827411
0.0709434
0.0577302
0.0431457
0.0272967
0.0103799
-0.00728523
-0.025219
-0.0427456
-0.0589699
-0.0727847
-0.082931
-0.0881383
-0.0873588
-0.0800918
-0.0667385
-0.0488398
-0.0291166
-0.011744
-0.00213831
-0.000759873
-0.00448597
-0.0116199
-0.0203324
-0.0292869
-0.0376038
-0.0446679
-0.0501035
-0.0537367
-0.0555398
-0.0555832
-0.0539973
-0.0509449
-0.0466013
-0.0411419
-0.0347339
-0.0275324
-0.0196782
-0.0112978
-0.0025035
0.0066048
0.0159387
0.0254194
0.0349765
0.0445466
0.0540719
0.0634992
0.0727787
0.0818635
0.0907087
0.0992708
0.107507
0.115375
0.122832
0.129835
0.136341
0.142305
0.147682
0.152422
0.156478
0.159797
0.162327
0.164011
0.164791
0.164605
0.163389
0.161076
0.157596
0.152876
0.146844
0.139424
0.130544
0.120137
0.108149
0.0945422
0.0793161
0.0625209
0.0442873
0.0248618
0.00465153
-0.0157266
-0.0354016
-0.0532267
-0.0678087
-0.0776229
-0.0812469
-0.0777282
-0.0670398
-0.0504653
-0.0307871
-0.0126714
-0.0023629
-0.000973111
-0.00559856
-0.0142572
-0.0245634
-0.0348309
-0.0440164
-0.0514459
-0.0567557
-0.059827
-0.0607068
-0.0595436
-0.0565406
-0.0519241
-0.0459219
-0.038751
-0.0306113
-0.0216821
-0.0121219
-0.00206971
0.0083536
0.0190429
0.0299066
0.0408647
0.0518468
0.0627902
0.0736384
0.0843399
0.0948471
0.105115
0.115101
0.124764
0.134061
0.142954
0.151401
0.15936
0.166789
0.173644
0.179879
0.185447
0.190298
0.19438
0.19764
0.200018
0.201455
0.201886
0.201243
0.199454
0.196444
0.192132
0.186436
0.179269
0.170543
0.16017
0.148068
0.134166
0.118419
0.100819
0.0814251
0.0604011
0.0380615
0.0149344
-0.0081742
-0.0301259
-0.0494379
-0.0643562
-0.0730656
-0.0740826
-0.0668119
-0.0521122
-0.0327108
-0.0137966
-0.00264458
-0.00126379
-0.00705538
-0.0176077
-0.0297848
-0.041465
-0.0514372
-0.0589989
-0.0638422
-0.0659467
-0.0654708
-0.0626687
-0.0578358
-0.0512732
-0.0432677
-0.0340807
-0.023944
-0.0130596
-0.0016011
0.0102832
0.022467
0.0348431
0.0473198
0.0598186
0.0722712
0.0846181
0.096806
0.108787
0.120517
0.131954
0.14306
0.153794
0.16412
0.174
0.183394
0.192263
0.200567
0.208262
0.215304
0.221648
0.227243
0.232037
0.235976
0.239001
0.24105
0.242057
0.241951
0.240657
0.238095
0.234178
0.228816
0.221913
0.213367
0.203073
0.190925
0.176821
0.160672
0.142414
0.122035
0.0996054
0.075331
0.0496214
0.0231731
-0.00294268
-0.0272181
-0.0477204
-0.0622503
-0.0687253
-0.0658215
-0.0537464
-0.0349734
-0.0152065
-0.00301198
-0.00166892
-0.00898507
-0.0218748
-0.0361874
-0.049274
-0.0597798
-0.0670377
-0.0708659
-0.0714053
-0.0689726
-0.0639599
-0.0567737
-0.0478002
-0.0373878
-0.0258412
-0.0134207
-0.000345969
0.0131998
0.0270642
0.0411209
0.0552652
0.0694094
0.0834801
0.0974148
0.11116
0.124667
0.137895
0.150804
0.163358
0.175523
0.187263
0.198545
0.209335
0.219597
0.229293
0.238387
0.246837
0.254601
0.261634
0.267887
0.27331
0.277848
0.281442
0.28403
0.285544
0.285913
0.285059
0.282899
0.279343
0.274295
0.267649
0.259295
0.249113
0.236977
0.222758
0.206328
0.187571
0.166401
0.142794
0.116834
0.0887856
0.059189
0.0289804
-0.000392326
-0.0269029
-0.0480159
-0.0610134
-0.0636756
-0.0552629
-0.037675
-0.0170319
-0.00351284
-0.00225055
-0.0115805
-0.027323
-0.0439587
-0.0582343
-0.0687332
-0.0749424
-0.0769154
-0.0750378
-0.0698415
-0.0618892
-0.051714
-0.0397904
-0.0265255
-0.0122595
0.00272776
0.0182087
0.0339995
0.0499523
0.0659482
0.0818913
0.0977039
0.113322
0.128694
0.143774
0.158524
0.172909
0.186898
0.200462
0.213571
0.226198
0.238312
0.249886
0.260886
0.27128
0.281033
0.290108
0.298464
0.306059
0.312846
0.318775
0.323794
0.327845
0.330865
0.332788
0.333542
0.333048
0.331222
0.327971
0.323195
0.316786
0.308623
0.298577
0.286507
0.27226
0.255676
0.236591
0.214852
0.190339
0.163008
0.132955
0.100524
0.0664422
0.0319908
-0.000834676
-0.0292697
-0.0499819
-0.0597104
-0.0564084
-0.0409099
-0.0194697
-0.00422914
-0.00311703
-0.0151372
-0.0342831
-0.0532166
-0.0680698
-0.0775568
-0.08152
-0.0804055
-0.0749484
-0.0659541
-0.0541811
-0.0402922
-0.0248415
-0.00827941
0.00903549
0.0268211
0.0448576
0.0629749
0.0810416
0.0989563
0.116641
0.134034
0.151088
0.167765
0.184033
0.199865
0.215238
0.230131
0.244522
0.25839
0.271714
0.284472
0.296638
0.308187
0.31909
0.329316
0.338832
0.3476
0.355581
0.362732
0.369004
0.374347
0.378704
0.382017
0.384218
0.385238
0.384998
0.383414
0.380394
0.375836
0.369629
0.36165
0.351762
0.339812
0.325632
0.309034
0.289815
0.267763
0.242667
0.214356
0.182747
0.147948
0.110407
0.0711189
0.0318813
-0.00449528
-0.0341839
-0.0528109
-0.0566311
-0.0447052
-0.0228094
-0.00530376
-0.00446322
-0.0201105
-0.0431222
-0.0638406
-0.0779578
-0.0847044
-0.0845957
-0.0786758
-0.0681399
-0.0541089
-0.0375369
-0.0191949
0.000315029
0.0205326
0.0411122
0.061797
0.0823986
0.10278
0.122841
0.142512
0.161742
0.180494
0.198743
0.216471
0.233662
0.250306
0.266393
0.281912
0.296852
0.311203
0.324951
0.33808
0.350572
0.362408
0.373563
0.384012
0.393725
0.40267
0.41081
0.418105
0.42451
0.429979
0.434457
0.437888
0.440208
0.441348
0.441235
0.439785
0.436908
0.432505
0.426464
0.418661
0.408957
0.397194
0.383192
0.366747
0.347624
0.325561
0.300272
0.271464
0.238876
0.202362
0.162027
0.118459
0.0730525
0.0283925
-0.0114652
-0.0411213
-0.0547991
-0.0488637
-0.0274473
-0.00698349
-0.00664112
-0.0271815
-0.0540949
-0.075058
-0.0859286
-0.0871467
-0.0803454
-0.0673886
-0.0500048
-0.0296176
-0.00732349
0.0160659
0.0399659
0.0639647
0.0877779
0.111213
0.134145
0.156491
0.178204
0.199256
0.219636
0.239339
0.258369
0.27673
0.29443
0.311473
0.327866
0.343611
0.35871
0.37316
0.386958
0.400095
0.412561
0.424342
0.435419
0.445773
0.455377
0.464205
0.472223
0.479396
0.485684
0.491042
0.495422
0.498769
0.501025
0.502125
0.501998
0.500566
0.497743
0.493433
0.487528
0.479908
0.470435
0.458951
0.445273
0.429187
0.41044
0.388735
0.363724
0.335014
0.302182
0.264824
0.222672
0.175799
0.124981
0.0722191
0.021342
-0.0215933
-0.0486862
-0.0525866
-0.0338204
-0.00967102
-0.0102539
-0.0372389
-0.0668249
-0.0844599
-0.087665
-0.079181
-0.0622517
-0.0396896
-0.0136983
0.0141289
0.0427005
0.0712968
0.0994599
0.126911
0.153492
0.179121
0.203769
0.227435
0.250138
0.271909
0.29278
0.312788
0.331965
0.350344
0.367954
0.384819
0.40096
0.416393
0.431131
0.445183
0.458551
0.471237
0.483235
0.494539
0.505135
0.515009
0.52414
0.532505
0.540076
0.546822
0.552708
0.557693
0.561733
0.56478
0.566779
0.567673
0.567395
0.565873
0.563028
0.55877
0.552999
0.545601
0.536445
0.52538
0.512226
0.496769
0.47875
0.457856
0.4337
0.405818
0.373653
0.336579
0.293955
0.245284
0.190535
0.130727
0.0688046
0.0106882
-0.0340562
-0.0536105
-0.0420284
-0.013909
-0.0161376
-0.0508524
-0.078691
-0.0857255
-0.0742028
-0.0504807
-0.0196347
0.0147904
0.0504605
0.0859487
0.120443
0.15352
0.184995
0.214824
0.243039
0.269716
0.294946
0.318828
0.341459
0.362928
0.383318
0.402703
0.421148
0.438709
0.455436
0.471368
0.486542
0.500984
0.514717
0.527758
0.540117
0.551801
0.562811
0.573146
0.582797
0.591754
0.600002
0.607522
0.614291
0.620282
0.625465
0.629806
0.633265
0.6358
0.637364
0.637904
0.637362
0.635676
0.632772
0.628573
0.622987
0.615911
0.607227
0.596795
0.584447
0.569981
0.553146
0.533632
0.511042
0.484875
0.454497
0.419116
0.377783
0.329455
0.273206
0.208723
0.137288
0.0634089
-0.0031109
-0.0463486
-0.0505325
-0.0199785
-0.0246203
-0.0658509
-0.0802539
-0.0636551
-0.027879
0.0166925
0.063994
0.110698
0.155133
0.196611
0.234975
0.270337
0.302923
0.332998
0.360829
0.38666
0.410712
0.433177
0.454221
0.473986
0.492595
0.510149
0.526738
0.542434
0.557299
0.571387
0.584739
0.597391
0.60937
0.620698
0.63139
0.641457
0.650904
0.659733
0.66794
0.675518
0.682456
0.688739
0.694349
0.699264
0.703459
0.706906
0.709572
0.711422
0.712415
0.712508
0.711652
0.709794
0.706872
0.702821
0.697562
0.691008
0.683057
0.673587
0.662452
0.649471
0.634418
0.617006
0.596863
0.573498
0.546263
0.514298
0.476469
0.43133
0.377151
0.312165
0.235332
0.148148
0.0578797
-0.0183927
-0.0528648
-0.0262208
-0.0312988
-0.0687275
-0.0436736
0.0154733
0.0836807
0.150383
0.211698
0.266448
0.314765
0.357327
0.394942
0.428371
0.458282
0.485231
0.509678
0.531996
0.552488
0.571404
0.588943
0.605272
0.620527
0.63482
0.648244
0.660875
0.672778
0.684004
0.694596
0.704589
0.714011
0.722883
0.731222
0.739038
0.746337
0.753124
0.759395
0.765148
0.770374
0.775063
0.779199
0.782768
0.785749
0.78812
0.789856
0.79093
0.79131
0.790963
0.78985
0.787931
0.785158
0.781478
0.776833
0.771154
0.764358
0.756351
0.747014
0.736202
0.723729
0.709357
0.69277
0.673543
0.651095
0.624622
0.592998
0.554646
0.507386
0.448322
0.374027
0.281703
0.172057
0.0556978
-0.0301856
-0.0232111
-0.000660397
0.000352803
0.104333
0.217906
0.312101
0.388127
0.449782
0.500013
0.541352
0.575873
0.605148
0.630343
0.652319
0.671722
0.689037
0.704632
0.718793
0.731742
0.743652
0.754664
0.764888
0.774416
0.78332
0.79166
0.799484
0.806834
0.81374
0.82023
0.826322
0.832035
0.837378
0.84236
0.846987
0.851261
0.85518
0.858742
0.861942
0.864772
0.867224
0.869285
0.870944
0.872184
0.87299
0.873343
0.873223
0.872607
0.87147
0.869785
0.867522
0.864645
0.861116
0.856889
0.85191
0.846115
0.839425
0.83174
0.822933
0.81284
0.801237
0.787824
0.772178
0.753698
0.73151
0.70431
0.670123
0.62591
0.567062
0.48705
0.376958
0.228427
0.0726436
0.0309695
0.292184
0.379306
0.530607
0.644331
0.714297
0.760018
0.792312
0.816129
0.834336
0.848759
0.860547
0.870428
0.878884
0.886244
0.892742
0.898544
0.903778
0.908535
0.91289
0.9169
0.920608
0.92405
0.927256
0.930248
0.933046
0.935663
0.938113
0.940404
0.942545
0.944541
0.946396
0.948112
0.949692
0.951136
0.952442
0.95361
0.954637
0.95552
0.956255
0.956837
0.957262
0.957523
0.957614
0.957527
0.957256
0.956791
0.956123
0.955241
0.954135
0.95279
0.951193
0.949325
0.947166
0.944692
0.941871
0.938665
0.935023
0.93088
0.926146
0.920701
0.914371
0.906908
0.897942
0.886902
0.872863
0.854247
0.828214
0.789432
0.726146
0.611349
0.435853
0.317985
)
;

boundaryField
{
    movingWall
    {
        type            calculated;
        value           uniform 1;
    }
    fixedWalls
    {
        type            calculated;
        value           uniform 0;
    }
    frontAndBack
    {
        type            empty;
    }
}


// ************************************************************************* //
